0 0.0140625 0.11796875 0.015625 0.01953125
0 0.95546875 0.540625 0.04375 0.06640625
0 0.7984375 0.06953125 0.01484375 0.021875
0 0.4640625 0.29140625 0.025 0.03671875
0 0.884375 0.28203125 0.0328125 0.0484375
0 0.63984375 0.56171875 0.0484375 0.08203125
0 0.7765625 0.20625 0.02734375 0.0375
0 0.728125 0.04375 0.0140625 0.025
0 0.7453125 0.6890625 0.04765625 0.08046875
0 0.36015625 0.3296875 0.03046875 0.046875
0 0.6421875 0.09375 0.01484375 0.02578125
0 0.56328125 0.2421875 0.0234375 0.03359375
0 0.615625 0.78046875 0.0625 0.10546875
0 0.73671875 0.20625 0.0265625 0.0375
0 0.775 0.4484375 0.04375 0.0640625
0 0.23359375 0.2984375 0.028125 0.04296875
0 0.89921875 0.76171875 0.05625 0.09375
0 0.403125 0.35390625 0.0296875 0.046875
0 0.53203125 0.28515625 0.025 0.04453125
0 0.75078125 0.0421875 0.0140625 0.01953125
0 0.82109375 0.1546875 0.02421875 0.03671875
0 0.9484375 0.20390625 0.0265625 0.0375
0 0.840625 0.22890625 0.0265625 0.04453125
0 0.49296875 0.34140625 0.03046875 0.046875
0 0.18046875 0.3140625 0.0265625 0.0390625
0 0.8890625 0.07265625 0.01484375 0.0234375
0 0.7703125 0.0609375 0.015625 0.025
0 0.15546875 0.275 0.01875 0.02734375
0 0.62578125 0.28828125 0.0265625 0.0453125
0 0.7734375 0.103125 0.015625 0.02734375
0 0.8609375 0.0859375 0.015625 0.0234375
0 0.6484375 0.15625 0.021875 0.03125
0 0.6828125 0.225 0.02734375 0.0375
0 0.965625 0.065625 0.0171875 0.02734375
0 0.221875 0.09375 0.0140625 0.01796875
0 0.75390625 0.06640625 0.0140625 0.0234375
0 0.5578125 0.53125 0.04296875 0.0703125
0 0.50078125 0.1265625 0.015625 0.0234375
0 0.97734375 0.040625 0.01484375 0.021875
0 0.034375 0.1296875 0.01484375 0.021875
0 0.4296875 0.52578125 0.0453125 0.07265625
0 0.671875 0.30078125 0.03125 0.04453125
0 0.81640625 0.03046875 0.0140625 0.01953125
0 0.89296875 0.0109375 0.01484375 0.01953125
0 0.7078125 0.0734375 0.0140625 0.01953125
0 0.5265625 0.1 0.01484375 0.025
0 0.290625 0.13671875 0.0140625 0.0234375
0 0.37734375 0.0796875 0.0125 0.02109375
0 0.79375 0.2375 0.025 0.0375
0 0.89453125 0.11875 0.021875 0.03125
0 0.88125 0.19375 0.025 0.0375
0 0.58359375 0.0953125 0.0125 0.02109375
0 0.5546875 0.01796875 0.01171875 0.01796875
0 0.98359375 0.25703125 0.028125 0.04296875
0 0.45234375 0.08828125 0.0125 0.02109375
0 0.16875 0.1203125 0.01484375 0.021875
0 0.778125 0.1671875 0.01875 0.0328125
0 0.61484375 0.1640625 0.01640625 0.0234375
0 0.56328125 0.19375 0.021875 0.03125
0 0.253125 0.0890625 0.0140625 0.01953125
0 0.353125 0.10390625 0.0140625 0.02109375
0 0.93984375 0.021875 0.01484375 0.0234375
0 0.9921875 0.15625 0.0140625 0.03125
0 0.47578125 0.1203125 0.0140625 0.021875
0 0.76953125 0.00859375 0.015625 0.0171875
0 0.121875 0.2609375 0.02421875 0.0328125
0 0.69140625 0.18515625 0.021875 0.03125
0 0.33046875 0.084375 0.0125 0.01796875
0 0.7484375 0.10625 0.01484375 0.025
0 0.57109375 0.04375 0.01171875 0.01953125
0 0.15703125 0.0953125 0.0125 0.01796875
0 0.9390625 0.084375 0.0171875 0.02578125
0 0.690625 0.0078125 0.0125 0.015625
0 0.04765625 0.1796875 0.015625 0.0234375
0 0.67734375 0.0625 0.0125 0.02109375
0 0.41328125 0.0828125 0.01171875 0.01953125
0 0.9859375 0.06796875 0.0171875 0.0234375
0 0.3078125 0.103125 0.0125 0.021875
0 0.6828125 0.03203125 0.01171875 0.01953125
0 0.5921875 0.021875 0.0125 0.01796875
0 0.71953125 0.44921875 0.0359375 0.05703125
0 0.9609375 0.0140625 0.0171875 0.02578125
0 0.3875 0.49453125 0.04609375 0.07578125
0 0.821875 0.1109375 0.01953125 0.02890625
0 0.6234375 0.07265625 0.0140625 0.02109375
0 0.82421875 0.3859375 0.0375 0.05625
0 0.07109375 0.096875 0.0140625 0.021875
0 0.171875 0.06875 0.01171875 0.01796875
0 0.203125 0.0671875 0.01171875 0.0171875
0 0.1828125 0.0921875 0.0140625 0.02109375
0 0.49296875 0.03671875 0.0109375 0.01796875
0 0.3046875 0.1859375 0.0171875 0.0296875
0 0.0515625 0.2859375 0.0234375 0.03515625
0 0.7046875 0.0296875 0.01171875 0.01796875
0 0.6375 0.05625 0.0140625 0.01953125
0 0.553125 0.0453125 0.01171875 0.01953125
0 0.31640625 0.2328125 0.0171875 0.02734375
0 0.47734375 0.07890625 0.0140625 0.021875
0 0.91953125 0.0171875 0.01484375 0.0234375
0 0.46171875 0.0375 0.0109375 0.01953125
0 0.10625 0.21796875 0.0171875 0.025
0 0.415625 0.0375 0.0109375 0.01796875
0 0.3390625 0.1140625 0.0125 0.01953125
0 0.8328125 0.0859375 0.0171875 0.0234375
0 0.66875 0.0421875 0.0109375 0.0171875
0 0.121875 0.09296875 0.0140625 0.01953125
0 0.659375 0.05625 0.0140625 0.021875
0 0.596875 0.04296875 0.0125 0.01796875
0 0.246875 0.06875 0.0125 0.01796875
0 0.3453125 0.1453125 0.01484375 0.021875
0 0.228125 0.1359375 0.01484375 0.021875
0 0.3015625 0.0796875 0.01171875 0.0171875
0 0.99375 0.03125 0.009375 0.02578125
0 0.1015625 0.14296875 0.015625 0.02578125
0 0.6421875 0.00625 0.0125 0.0125
0 0.265625 0.0875 0.01171875 0.01796875
0 0.4609375 0.06328125 0.01171875 0.01953125
0 0.040625 0.15546875 0.015625 0.01953125
0 0.228125 0.115625 0.0125 0.02109375
0 0.15703125 0.07578125 0.01171875 0.01796875
0 0.12265625 0.1546875 0.01484375 0.021875
0 0.071875 0.11796875 0.01484375 0.01953125
0 0.10625 0.084375 0.0140625 0.01796875
0 0.60625 0.10703125 0.0140625 0.02109375
0 0.6703125 0.01796875 0.0140625 0.01796875
0 0.978125 0.00625 0.01484375 0.01171875
0 0.153125 0.01796875 0.0125 0.01796875
0 0.6203125 0.1875 0.015625 0.0234375
0 0.31953125 0.0515625 0.01171875 0.01953125
0 0.6171875 0.03203125 0.01171875 0.01953125
0 0.8453125 0.11171875 0.0171875 0.02578125
0 0.34765625 0.08046875 0.01171875 0.01796875
0 0.11640625 0.128125 0.01640625 0.021875
0 0.85625 0.0171875 0.01484375 0.0234375
0 0.0890625 0.11640625 0.01484375 0.01953125
0 0.26640625 0.06796875 0.009375 0.01796875
0 0.35625 0.00625 0.0109375 0.01171875
0 0.30390625 0.0296875 0.009375 0.0171875
0 0.99375 0.10546875 0.009375 0.03125
0 0.25703125 0.0421875 0.009375 0.0140625
0 0.303125 0.00625 0.01171875 0.01171875
0 0.5375 0.01171875 0.0109375 0.01796875
0 0.5125 0.0671875 0.0125 0.01953125
0 0.00390625 0.2375 0.0078125 0.02734375
0 0.634375 0.034375 0.0125 0.01953125
0 0.4375 0.071875 0.0140625 0.01953125
0 0.37890625 0.04296875 0.009375 0.01796875
0 0.728125 0.00625 0.0140625 0.01171875
0 0.065625 0.1453125 0.01640625 0.025
0 0.43828125 0.03671875 0.0109375 0.01796875
0 0.8296875 0.00625 0.0140625 0.01171875
0 0.2046875 0.12578125 0.01171875 0.01953125
0 0.19375 0.03125 0.0109375 0.01796875
0 0.2171875 0.0734375 0.01171875 0.0171875
0 0.509375 0.0265625 0.0109375 0.01953125
0 0.97109375 0.159375 0.02421875 0.03515625
0 0.5375 0.065625 0.0125 0.01953125
0 0.69453125 0.0640625 0.01171875 0.02109375
0 0.4546875 0.33125 0.02734375 0.0484375
0 0.57578125 0.1421875 0.01484375 0.02578125
0 0.5703125 0.1125 0.015625 0.025
0 0.01875 0.18203125 0.0171875 0.0234375
0 0.7921875 0.04296875 0.0140625 0.01796875
0 0.2453125 0.01796875 0.01171875 0.01796875
0 0.946875 0.0546875 0.01640625 0.02578125
0 0.99453125 0.57890625 0.00859375 0.071875
0 0.5421875 0.03203125 0.0109375 0.0171875
0 0.14609375 0.1796875 0.01640625 0.0234375
0 0.1078125 0.103125 0.01484375 0.01953125
0 0.8046875 0.0046875 0.0140625 0.009375
0 0.31171875 0.1546875 0.0125 0.0234375
0 0.00390625 0.16796875 0.0078125 0.02578125
0 0.3328125 0.0390625 0.01171875 0.01796875
0 0.6625 0.11328125 0.01484375 0.0234375
0 0.35703125 0.0296875 0.0109375 0.0171875
0 0.734375 0.1046875 0.015625 0.025