0 0.56640625 0.67578125 0.046875 0.07578125
0 0.16015625 0.29453125 0.0234375 0.03125
0 0.575 0.3734375 0.03046875 0.0484375
0 0.12890625 0.44765625 0.03515625 0.04921875
0 0.37578125 0.4234375 0.03046875 0.0484375
0 0.6515625 0.33671875 0.0296875 0.0453125
0 0.228125 0.2515625 0.01953125 0.02890625
0 0.34453125 0.19921875 0.015625 0.02578125
0 0.49375 0.1984375 0.01875 0.0296875
0 0.31640625 0.34453125 0.02734375 0.040625
0 0.68125 0.23046875 0.01875 0.03125
0 0.70859375 0.14296875 0.01875 0.02578125
0 0.21171875 0.3921875 0.03203125 0.0484375
0 0.034375 0.44296875 0.0359375 0.04921875
0 0.7015625 0.5296875 0.046875 0.06796875
0 0.1671875 0.24140625 0.021875 0.0296875
0 0.4171875 0.3703125 0.0296875 0.04296875
0 0.0515625 0.17890625 0.015625 0.025
0 0.80546875 0.86875 0.06328125 0.09921875
0 0.821875 0.27578125 0.0265625 0.04140625
0 0.7671875 0.29140625 0.02734375 0.04453125
0 0.13203125 0.2875 0.02265625 0.0328125
0 0.20234375 0.16796875 0.01640625 0.02578125
0 0.32578125 0.66015625 0.04765625 0.04921875
0 0.41875 0.3296875 0.0265625 0.03515625
0 0.03203125 0.29921875 0.02421875 0.03671875
0 0.5296875 0.44375 0.0359375 0.05625
0 0.775 0.38203125 0.0359375 0.0484375
0 0.86484375 0.2046875 0.0203125 0.03125
0 0.93828125 0.2125 0.025 0.03671875
0 0.80546875 0.55 0.0515625 0.07421875
0 0.384375 0.32421875 0.025 0.0390625
0 0.44296875 0.1953125 0.01875 0.02578125
0 0.82734375 0.1390625 0.01875 0.02734375
0 0.95 0.33046875 0.03828125 0.04921875
0 0.2578125 0.1953125 0.015625 0.02578125
0 0.1484375 0.5921875 0.0453125 0.0625
0 0.71796875 0.31875 0.0265625 0.04296875
0 0.7140625 0.17890625 0.015625 0.025
0 0.26796875 0.253125 0.01875 0.02734375
0 0.859375 0.1625 0.01953125 0.025
0 0.3328125 0.7265625 0.05390625 0.08046875
0 0.2078125 0.33203125 0.028125 0.0390625
0 0.075 0.29296875 0.0234375 0.03671875
0 0.153125 0.40703125 0.0328125 0.0484375
0 0.21015625 0.2984375 0.02265625 0.02734375
0 0.3671875 0.1765625 0.0140625 0.021875
0 0.48125 0.334375 0.02265625 0.0390625
0 0.98515625 0.11328125 0.015625 0.02578125
0 0.52109375 0.23125 0.0203125 0.0296875
0 0.2765625 0.2953125 0.021875 0.03515625
0 0.66875 0.57578125 0.03828125 0.05234375
0 0.8046875 0.2203125 0.021875 0.03359375
0 0.92421875 0.5140625 0.0421875 0.0609375
0 0.96640625 0.0546875 0.01484375 0.0234375
0 0.07734375 0.2296875 0.0171875 0.0296875
0 0.92734375 0.071875 0.01484375 0.021875
0 0.8875 0.25546875 0.0265625 0.03671875
0 0.6546875 0.19375 0.01953125 0.0296875
0 0.30234375 0.1984375 0.01640625 0.02734375
0 0.0265625 0.2140625 0.01640625 0.02734375
0 0.22578125 0.20546875 0.0171875 0.02578125
0 0.07890625 0.17265625 0.015625 0.025
0 0.853125 0.23671875 0.0234375 0.03125
0 0.009375 0.62890625 0.01875 0.06015625
0 0.05546875 0.2390625 0.0203125 0.02734375
0 0.09453125 0.1796875 0.015625 0.0234375
0 0.0546875 0.271875 0.021875 0.03125
0 0.11171875 0.2171875 0.01875 0.02578125
0 0.1109375 0.3625 0.0296875 0.0453125
0 0.5890625 0.32578125 0.0265625 0.03671875
0 0.59296875 0.2140625 0.0171875 0.02734375
0 0.51796875 0.3328125 0.0265625 0.04296875
0 0.74921875 0.5140625 0.0265625 0.046875
0 0.034375 0.1859375 0.01640625 0.0234375
0 0.4515625 0.2234375 0.0171875 0.02734375
0 0.83671875 0.1984375 0.0203125 0.02734375
0 0.56328125 0.15390625 0.015625 0.0234375
0 0.34296875 0.3296875 0.02421875 0.0375
0 0.275 0.2125 0.01484375 0.025
0 0.9625 0.11171875 0.01875 0.02578125
0 0.59765625 0.16875 0.0171875 0.025
0 0.740625 0.34453125 0.025 0.040625
0 0.15703125 0.18046875 0.01953125 0.025
0 0.79921875 0.1828125 0.0203125 0.025
0 0.20703125 0.26875 0.015625 0.02734375
0 0.76953125 0.20546875 0.0171875 0.02578125
0 0.5671875 0.253125 0.01640625 0.02734375
0 0.0078125 0.25390625 0.015625 0.03125
0 0.32265625 0.18125 0.01484375 0.021875
0 0.7453125 0.115625 0.015625 0.02578125
0 0.134375 0.2265625 0.0171875 0.02578125
0 0.9046875 0.18203125 0.01953125 0.0234375
0 0.34296875 0.15 0.0125 0.01796875
0 0.4234375 0.2125 0.0171875 0.02734375
0 0.96328125 0.2 0.0203125 0.0296875
0 0.44375 0.36875 0.02421875 0.0390625
0 0.89453125 0.21875 0.0171875 0.02578125
0 0.54609375 0.1671875 0.01640625 0.025
0 0.00703125 0.28828125 0.0140625 0.03515625
0 0.5421875 0.1421875 0.01484375 0.01953125
0 0.14765625 0.14375 0.0140625 0.01953125
0 0.63828125 0.221875 0.01484375 0.021875
0 0.9140625 0.2125 0.0171875 0.0296875
0 0.546875 0.2078125 0.0171875 0.021875
0 0.75390625 0.14140625 0.0171875 0.0296875
0 0.4015625 0.2015625 0.01640625 0.025
0 0.42890625 0.2984375 0.0234375 0.03125
0 0.415625 0.15 0.0125 0.0234375
0 0.00703125 0.34375 0.0140625 0.04375
0 0.0046875 0.21875 0.009375 0.02578125
0 0.59765625 0.41015625 0.03125 0.04921875
0 0.98125 0.05546875 0.01484375 0.01953125
0 0.73671875 0.1875 0.01640625 0.02578125
0 0.77890625 0.13828125 0.01640625 0.0234375
0 0.8953125 0.06796875 0.01484375 0.01796875
0 0.86484375 0.1328125 0.0203125 0.02578125
0 0.97578125 0.17890625 0.0171875 0.025
0 0.6234375 0.22890625 0.0171875 0.03125
0 0.88125 0.03125 0.0125 0.01796875
0 0.91875 0.05078125 0.01484375 0.02109375
0 0.92109375 0.01875 0.0140625 0.01953125
0 0.93046875 0.1421875 0.0171875 0.025
0 0.99375 0.025 0.009375 0.021875
0 0.603125 0.14453125 0.01484375 0.0234375
0 0.06796875 0.15 0.0125 0.01953125
0 0.6515625 0.16328125 0.015625 0.025
0 0.87734375 0.17421875 0.0203125 0.02578125
0 0.978125 0.03125 0.0140625 0.02109375
0 0.81796875 0.17890625 0.01875 0.025
0 0.1203125 0.13828125 0.01484375 0.02109375
0 0.3703125 0.146875 0.01171875 0.01796875
0 0.09296875 0.14375 0.0125 0.01953125
0 0.20234375 0.19296875 0.01640625 0.0234375
0 0.38671875 0.18828125 0.0140625 0.021875
0 0.86796875 0.2734375 0.01875 0.02578125
0 0.94609375 0.565625 0.0359375 0.0578125