0 0.55234375 0.23046875 0.0203125 0.03125
0 0.53046875 0.1171875 0.0171875 0.02890625
0 0.2328125 0.22421875 0.0234375 0.03671875
0 0.45 0.896875 0.05546875 0.09375
0 0.16875 0.353125 0.02734375 0.040625
0 0.35859375 0.24453125 0.0265625 0.03359375
0 0.05546875 0.45703125 0.0421875 0.0546875
0 0.67109375 0.19296875 0.02265625 0.03125
0 0.66875 0.1609375 0.01953125 0.02734375
0 0.978125 0.73828125 0.03984375 0.0625
0 0.9796875 0.19140625 0.0265625 0.03671875
0 0.740625 0.178125 0.01953125 0.02890625
0 0.8671875 0.5875 0.0453125 0.05703125
0 0.940625 0.61875 0.0453125 0.0609375
0 0.78828125 0.11171875 0.01953125 0.02578125
0 0.746875 0.96015625 0.0578125 0.0765625
0 0.0375 0.38125 0.03828125 0.04453125
0 0.62578125 0.14765625 0.0203125 0.0296875
0 0.51640625 0.8296875 0.053125 0.07421875
0 0.6625 0.9 0.05625 0.08984375
0 0.7453125 0.13515625 0.01640625 0.02578125
0 0.0421875 0.1265625 0.015625 0.0234375
0 0.61796875 0.240625 0.0203125 0.03125
0 0.02421875 0.34140625 0.0359375 0.04140625
0 0.971875 0.06875 0.01484375 0.02109375
0 0.25625 0.225 0.0203125 0.03125
0 0.8484375 0.16875 0.0171875 0.0296875
0 0.2671875 0.3921875 0.0296875 0.04296875
0 0.97578125 0.11875 0.0171875 0.02578125
0 0.4515625 0.1109375 0.01484375 0.025
0 0.94375 0.0890625 0.01484375 0.01953125
0 0.865625 0.1109375 0.0125 0.01796875
0 0.92578125 0.08125 0.015625 0.01953125
0 0.94453125 0.23203125 0.02734375 0.0390625
0 0.8078125 0.2453125 0.0234375 0.0296875
0 0.19375 0.36875 0.034375 0.04296875
0 0.8859375 0.10625 0.01484375 0.01953125
0 0.9015625 0.0796875 0.0140625 0.02109375
0 0.7921875 0.21015625 0.021875 0.0296875
0 0.034375 0.15 0.01484375 0.01953125
0 0.99375 0.1546875 0.009375 0.0328125