0 0.51484375 0.11875 0.0171875 0.0296875
0 0.8171875 0.0140625 0.01640625 0.021875
0 0.49296875 0.12421875 0.01875 0.0296875
0 0.57890625 0.56953125 0.0421875 0.0609375
0 0.74140625 0.03125 0.01640625 0.0234375
0 0.78203125 0.0171875 0.01640625 0.025
0 0.4125 0.35 0.03046875 0.05078125
0 0.56328125 0.21171875 0.0234375 0.0375
0 0.52421875 0.26875 0.02265625 0.03515625
0 0.5546875 0.440625 0.0328125 0.05078125
0 0.34296875 0.47578125 0.0359375 0.05859375
0 0.44453125 0.196875 0.021875 0.03515625
0 0.67109375 0.228125 0.0265625 0.040625
0 0.415625 0.1078125 0.01953125 0.0296875
0 0.8734375 0.03046875 0.01875 0.025
0 0.54375 0.15546875 0.021875 0.0328125
0 0.4953125 0.21640625 0.021875 0.03125
0 0.2875 0.43671875 0.0359375 0.05625
0 0.30234375 0.6671875 0.04375 0.071875
0 0.25625 0.30625 0.03203125 0.04921875
0 0.575 0.27265625 0.025 0.04296875
0 0.603125 0.20546875 0.025 0.03671875
0 0.69765625 0.40390625 0.034375 0.0546875
0 0.9171875 0.54765625 0.046875 0.06640625
0 0.475 0.1671875 0.0203125 0.0328125
0 0.44140625 0.11875 0.01953125 0.03125
0 0.2453125 0.0765625 0.015625 0.021875
0 0.159375 0.69765625 0.05390625 0.08359375
0 0.55078125 0.11171875 0.021875 0.03125
0 0.915625 0.42890625 0.0375 0.05625
0 0.8359375 0.3921875 0.03515625 0.05078125
0 0.3609375 0.28046875 0.02734375 0.04296875
0 0.80078125 0.54375 0.0453125 0.06875
0 0.3578125 0.0828125 0.01484375 0.02734375
0 0.784375 0.18515625 0.02421875 0.03359375
0 0.20390625 0.02265625 0.015625 0.021875
0 0.95 0.01328125 0.021875 0.02578125
0 0.25859375 0.009375 0.0140625 0.01875
0 0.3109375 0.1171875 0.01640625 0.02578125
0 0.0765625 0.1515625 0.021875 0.0296875
0 0.8359375 0.0296875 0.0171875 0.02578125
0 0.29375 0.01875 0.0140625 0.01953125
0 0.815625 0.10703125 0.01875 0.02578125
0 0.903125 0.046875 0.02421875 0.02890625
0 0.73515625 0.3234375 0.0296875 0.0484375
0 0.040625 0.8921875 0.07890625 0.1015625
0 0.42734375 0.15 0.0203125 0.02578125
0 0.05 0.19921875 0.0203125 0.03125
0 0.85078125 0.1078125 0.021875 0.0328125
0 0.51953125 0.16171875 0.021875 0.03125
0 0.790625 0.0546875 0.01640625 0.02578125
0 0.3078125 0.16796875 0.02265625 0.03125
0 0.03828125 0.0359375 0.015625 0.025
0 0.64609375 0.04296875 0.01640625 0.0234375
0 0.81171875 0.0625 0.01875 0.02578125
0 0.25234375 0.15546875 0.01875 0.0296875
0 0.271875 0.01640625 0.0125 0.021875
0 0.27890625 0.1171875 0.01640625 0.02890625
0 0.9015625 0.83671875 0.0578125 0.0875
0 0.16875 0.01953125 0.01484375 0.02109375
0 0.21015625 0.06171875 0.01484375 0.01953125
0 0.76953125 0.04140625 0.015625 0.0234375
0 0.2125 0.325 0.0328125 0.0484375
0 0.4875 0.475 0.04296875 0.0609375
0 0.82734375 0.1640625 0.0265625 0.03671875
0 0.25078125 0.05078125 0.015625 0.0234375
0 0.6140625 0.04921875 0.015625 0.02578125
0 0.4546875 0.24375 0.025 0.0390625
0 0.32890625 0.009375 0.0140625 0.01875
0 0.3109375 0.32421875 0.02265625 0.03125
0 0.2296875 0.0078125 0.015625 0.015625
0 0.3109375 0.01171875 0.0140625 0.0234375
0 0.63125 0.03203125 0.0125 0.01953125
0 0.33359375 0.284375 0.0265625 0.040625
0 0.34296875 0.00625 0.0140625 0.01171875
0 0.1890625 0.01875 0.01484375 0.01953125
0 0.60078125 0.0828125 0.01484375 0.025
0 0.3796875 0.11015625 0.0171875 0.025
0 0.0515625 0.36875 0.0296875 0.0390625
0 0.7625 0.18515625 0.0203125 0.03125
0 0.7078125 0.0375 0.0171875 0.025