0 0.7765625 0.28671875 0.02421875 0.03671875
0 0.9015625 0.06875 0.01640625 0.025
0 0.8015625 0.10546875 0.0171875 0.02578125
0 0.05390625 0.2296875 0.0171875 0.0296875
0 0.565625 0.09921875 0.0171875 0.03125
0 0.678125 0.06875 0.01484375 0.025
0 0.67109375 0.10625 0.01640625 0.025
0 0.44609375 0.44375 0.04296875 0.0640625
0 0.82734375 0.13125 0.01875 0.025
0 0.8078125 0.0421875 0.01484375 0.01953125
0 0.596875 0.0953125 0.01640625 0.02578125
0 0.24296875 0.10546875 0.0171875 0.02578125
0 0.49140625 0.0859375 0.01484375 0.0234375
0 0.984375 0.4359375 0.0296875 0.0609375
0 0.3625 0.8390625 0.06875 0.1078125
0 0.56796875 0.4859375 0.04375 0.06484375
0 0.6046875 0.046875 0.015625 0.02109375
0 0.8953125 0.10546875 0.021875 0.03125
0 0.8046875 0.16171875 0.021875 0.03125
0 0.853125 0.1671875 0.0203125 0.0296875
0 0.98515625 0.0875 0.0203125 0.02578125
0 0.09765625 0.1171875 0.015625 0.0234375
0 0.42109375 0.11328125 0.01875 0.02890625
0 0.0265625 0.159375 0.0140625 0.021875
0 0.83828125 0.5140625 0.04609375 0.06484375
0 0.70078125 0.61875 0.04765625 0.08046875
0 0.465625 0.17890625 0.0203125 0.03515625
0 0.9296875 0.06875 0.015625 0.02578125
0 0.9578125 0.0171875 0.015625 0.0234375
0 0.4015625 0.23203125 0.025 0.0390625
0 0.7203125 0.03125 0.01484375 0.0234375
0 0.75703125 0.0296875 0.0140625 0.02109375
0 0.5234375 0.071875 0.015625 0.025
0 0.053125 0.14375 0.0125 0.01953125
0 0.6328125 0.103125 0.0171875 0.02734375
0 0.1703125 0.0765625 0.015625 0.0234375
0 0.29296875 0.11796875 0.01953125 0.0296875
0 0.97890625 0.0328125 0.01484375 0.0234375
0 0.6546875 0.05625 0.015625 0.025
0 0.5453125 0.00703125 0.0140625 0.0140625
0 0.71796875 0.253125 0.0203125 0.04296875
0 0.4046875 0.034375 0.01484375 0.021875
0 0.58671875 0.07421875 0.01484375 0.0234375
0 0.13203125 0.18203125 0.015625 0.02578125
0 0.19765625 0.92890625 0.0828125 0.1265625
0 0.94921875 0.1 0.0171875 0.025
0 0.43828125 0.53671875 0.0453125 0.07578125
0 0.25078125 0.06875 0.01640625 0.025
0 0.8421875 0.0078125 0.0140625 0.015625
0 0.4703125 0.0171875 0.01484375 0.01953125
0 0.58359375 0.0390625 0.0125 0.02109375
0 0.60546875 0.01328125 0.0140625 0.02109375
0 0.13828125 0.07265625 0.01484375 0.0234375
0 0.6625 0.16171875 0.01953125 0.03125
0 0.44453125 0.0453125 0.0140625 0.021875
0 0.16328125 0.17265625 0.0171875 0.02734375
0 0.3609375 0.03125 0.015625 0.0234375
0 0.2171875 0.065625 0.01484375 0.021875
0 0.3296875 0.03515625 0.0140625 0.02109375
0 0.3078125 0.03671875 0.01484375 0.0234375
0 0.00703125 0.16796875 0.0140625 0.02578125
0 0.728125 0.08828125 0.01953125 0.02890625
0 0.30234375 0.08828125 0.01875 0.02890625
0 0.9203125 0.0125 0.01484375 0.01953125
0 0.890625 0.04140625 0.0140625 0.02109375
0 0.0125 0.24765625 0.01875 0.03125
0 0.80234375 0.01875 0.0125 0.0171875
0 0.940625 0.025 0.01484375 0.021875
0 0.91328125 0.14765625 0.0234375 0.02734375
0 0.41875 0.0796875 0.0171875 0.02734375
0 0.8421875 0.03515625 0.01484375 0.02109375
0 0.496875 0.0140625 0.0140625 0.02109375
0 0.64609375 0.01875 0.0125 0.0171875
0 0.428125 0.04140625 0.0125 0.0234375
0 0.35625 0.13125 0.0171875 0.03125
0 0.2859375 0.07890625 0.01640625 0.025
0 0.4359375 0.01796875 0.0140625 0.01796875
0 0.3609375 0.0859375 0.0171875 0.02890625
0 0.81640625 0.00625 0.01171875 0.01171875
0 0.2140625 0.17265625 0.0171875 0.025
0 0.99296875 0.04140625 0.01171875 0.02578125
0 0.78203125 0.00625 0.0140625 0.01171875
0 0.33046875 0.00625 0.0125 0.01171875
0 0.6796875 0.0125 0.0140625 0.01953125
0 0.58984375 0.009375 0.0140625 0.01875
0 0.51484375 0.00625 0.0125 0.01171875
0 0.76875 0.0171875 0.0140625 0.01953125
0 0.98125 0.1234375 0.01875 0.02578125
0 0.81796875 0.0765625 0.01484375 0.021875
0 0.19140625 0.1671875 0.0140625 0.025
0 0.87578125 0.05078125 0.015625 0.02109375
0 0.54375 0.07578125 0.01640625 0.0234375
0 0.1140625 0.11875 0.015625 0.0234375
0 0.89609375 0.00703125 0.01484375 0.0140625
0 0.70546875 0.0078125 0.0125 0.015625
0 0.06796875 0.1390625 0.0125 0.01953125
0 0.4671875 0.040625 0.0140625 0.021875
0 0.53203125 0.09765625 0.01875 0.02578125
0 0.00703125 0.315625 0.0140625 0.0328125
0 0.3296875 0.11640625 0.0171875 0.0296875
0 0.38359375 0.01796875 0.0140625 0.01796875
0 0.8671875 0.0203125 0.0140625 0.01953125
0 0.73125 0.00625 0.0125 0.01171875
0 0.528125 0.01171875 0.0125 0.01796875
0 0.7453125 0.1109375 0.0203125 0.02109375
0 0.9640625 0.06640625 0.01640625 0.02109375
0 0.6375 0.05625 0.015625 0.025
0 0.565625 0.00546875 0.0140625 0.01015625
0 0.478125 0.11796875 0.01640625 0.0296875
0 0.628125 0.00859375 0.0125 0.0171875
0 0.25625 0.0265625 0.0125 0.0171875
0 0.4140625 0.0140625 0.015625 0.021875
0 0.11171875 0.4453125 0.04765625 0.07578125
0 0.69296875 0.01640625 0.01484375 0.01953125
0 0.01640625 0.196875 0.0171875 0.021875
0 0.18515625 0.08671875 0.01640625 0.025
0 0.88359375 0.80625 0.05078125 0.071875
0 0.2671875 0.1 0.01484375 0.0234375
0 0.3671875 0.00625 0.0140625 0.01171875
0 0.84765625 0.0578125 0.0171875 0.025
0 0.8078125 0.13125 0.01640625 0.025
0 0.20234375 0.14921875 0.015625 0.01953125
0 0.3765625 0.05625 0.01640625 0.02578125
0 0.76953125 0.0421875 0.015625 0.01953125
0 0.23671875 0.18515625 0.01875 0.02890625
0 0.19765625 0.04765625 0.01484375 0.021875
0 0.0890625 0.00703125 0.01484375 0.0140625
0 0.12734375 0.21015625 0.01875 0.03359375
0 0.1234375 0.2515625 0.02421875 0.03125
0 0.73125 0.26171875 0.01875 0.04453125
0 0.98203125 0.1546875 0.02890625 0.028125
0 0.95859375 0.23359375 0.028125 0.053125
0 0.865625 0.853125 0.059375 0.07890625
0 0.2109375 0.02578125 0.01953125 0.02734375
0 0.28125 0.01953125 0.0125 0.0203125
0 0.31953125 0.0078125 0.00859375 0.01484375
0 0.9625 0.134375 0.02109375 0.0328125
0 0.97265625 0.30703125 0.0328125 0.053125