0 0.42734375 0.57578125 0.03203125 0.0546875
0 0.61640625 0.61796875 0.0453125 0.06875
0 0.1015625 0.31875 0.0234375 0.0375
0 0.25234375 0.16953125 0.0125 0.02109375
0 0.925 0.37421875 0.0359375 0.05078125
0 0.4265625 0.4328125 0.0296875 0.04296875
0 0.421875 0.3375 0.0234375 0.03671875
0 0.5609375 0.540625 0.040625 0.05859375
0 0.646875 0.534375 0.0375 0.053125
0 0.46953125 0.38203125 0.0265625 0.04296875
0 0.3921875 0.60625 0.03515625 0.0609375
0 0.52109375 0.2171875 0.01640625 0.025
0 0.7015625 0.3375 0.02734375 0.040625
0 0.3671875 0.47265625 0.03125 0.05234375
0 0.278125 0.18046875 0.0125 0.01953125
0 0.4953125 0.284375 0.021875 0.0296875
0 0.84453125 0.4203125 0.03515625 0.05078125
0 0.66015625 0.3609375 0.0296875 0.04453125
0 0.56875 0.43828125 0.03046875 0.05078125
0 0.846875 0.36328125 0.0265625 0.04453125
0 0.8359375 0.86171875 0.0546875 0.08828125
0 0.61796875 0.2015625 0.01484375 0.025
0 0.63125 0.34765625 0.02421875 0.04140625
0 0.52265625 0.384375 0.02734375 0.04296875
0 0.584375 0.29765625 0.0203125 0.03515625
0 0.42578125 0.275 0.0171875 0.02578125
0 0.228125 0.4046875 0.02734375 0.0390625
0 0.5828125 0.24375 0.01953125 0.03125
0 0.45390625 0.32578125 0.021875 0.03671875
0 0.7796875 0.2125 0.0203125 0.03125
0 0.28203125 0.33203125 0.02265625 0.03125
0 0.5734375 0.19921875 0.01484375 0.02578125
0 0.1765625 0.29296875 0.02265625 0.03671875
0 0.7359375 0.3515625 0.02734375 0.04453125
0 0.71640625 0.19375 0.01484375 0.025
0 0.825 0.4859375 0.03984375 0.0546875
0 0.3375 0.2421875 0.01875 0.02578125
0 0.46953125 0.27578125 0.01953125 0.03125
0 0.35859375 0.165625 0.0125 0.01953125
0 0.3953125 0.2734375 0.0171875 0.02890625
0 0.3734375 0.23125 0.01875 0.025
0 0.8703125 0.22265625 0.01953125 0.03125
0 0.04375 0.275 0.01953125 0.0296875
0 0.22890625 0.21171875 0.01484375 0.025
0 0.42734375 0.2125 0.01640625 0.0234375
0 0.6546875 0.209375 0.01640625 0.0234375
0 0.38203125 0.16875 0.0140625 0.0171875
0 0.81328125 0.2328125 0.021875 0.0328125
0 0.53515625 0.29921875 0.021875 0.03671875
0 0.4421875 0.16953125 0.01484375 0.0234375
0 0.8390625 0.240625 0.02265625 0.03125
0 0.50078125 0.17890625 0.0140625 0.021875
0 0.771875 0.24921875 0.0203125 0.0328125
0 0.22109375 0.15625 0.0125 0.02109375
0 0.55 0.36171875 0.0265625 0.04453125
0 0.6359375 0.2546875 0.0171875 0.0296875
0 0.3140625 0.23671875 0.01640625 0.02578125
0 0.67578125 0.20390625 0.015625 0.02734375
0 0.19453125 0.23671875 0.01953125 0.02578125
0 0.79609375 0.359375 0.028125 0.04453125
0 0.28203125 0.20703125 0.01484375 0.02109375
0 0.34453125 0.1953125 0.01484375 0.0234375
0 0.36875 0.2671875 0.01875 0.0296875
0 0.196875 0.16875 0.0140625 0.01953125
0 0.5453125 0.16953125 0.01484375 0.0234375
0 0.30390625 0.15625 0.0140625 0.01796875
0 0.68046875 0.15703125 0.0140625 0.0171875
0 0.92578125 0.17421875 0.0171875 0.02578125
0 0.6984375 0.2625 0.021875 0.0328125
0 0.2984375 0.2078125 0.01484375 0.021875
0 0.6375 0.28671875 0.02421875 0.02578125
0 0.42109375 0.165625 0.0125 0.01953125
0 0.34296875 0.30703125 0.02421875 0.03671875
0 0.734375 0.1984375 0.0171875 0.025
0 0.3015625 0.178125 0.0140625 0.02109375
0 0.4203125 0.30625 0.0171875 0.025
0 0.4015625 0.16796875 0.01171875 0.01796875
0 0.4625 0.2078125 0.01875 0.025
0 0.228125 0.18125 0.0140625 0.021875
0 0.65703125 0.18671875 0.015625 0.01953125
0 0.7578125 0.1578125 0.0140625 0.0234375
0 0.69609375 0.15703125 0.01171875 0.0171875
0 0.2171875 0.1359375 0.0140625 0.01953125
0 0.290625 0.1625 0.01171875 0.01953125
0 0.99140625 0.228125 0.01484375 0.02734375
0 0.5078125 0.1453125 0.0140625 0.01953125
0 0.3859375 0.21015625 0.015625 0.021875
0 0.54375 0.14453125 0.0140625 0.02109375
0 0.5203125 0.19296875 0.0140625 0.02109375
0 0.66796875 0.15703125 0.01171875 0.0171875
0 0.22578125 0.2921875 0.0234375 0.0296875
0 0.54375 0.4546875 0.02421875 0.0453125
0 0.09921875 0.0140625 0.0203125 0.028125
0 0.7140625 0.1625 0.01171875 0.01953125
0 0.3296875 0.2078125 0.01484375 0.021875
0 0.4671875 0.16875 0.0125 0.01953125
0 0.290625 0.25625 0.0171875 0.02578125
0 0.48046875 0.159375 0.0140625 0.021875
0 0.3671875 0.190625 0.0140625 0.01953125
0 0.50859375 0.25390625 0.0171875 0.02578125
0 0.1828125 0.19375 0.0140625 0.0234375
0 0.41015625 0.190625 0.0140625 0.021875
0 0.2984375 0.23125 0.01484375 0.025
0 0.00703125 0.2875 0.0140625 0.03125
0 0.1828125 0.15546875 0.0140625 0.01953125
0 0.24609375 0.115625 0.0140625 0.02109375
0 0.08515625 0.28203125 0.0171875 0.02734375
0 0.7453125 0.15546875 0.01171875 0.01953125
0 0.42109375 0.2484375 0.01640625 0.0234375
0 0.0515625 0.18671875 0.0171875 0.0296875
0 0.0546875 0.15546875 0.015625 0.025
0 0.68828125 0.18125 0.0140625 0.021875
0 0.6515625 0.3171875 0.02265625 0.0296875
0 0.95234375 0.2265625 0.0234375 0.03359375
0 0.46796875 0.4296875 0.02421875 0.0390625
0 0.990625 0.3875 0.0171875 0.0484375
0 0.8890625 0.1921875 0.0171875 0.02734375
0 0.296875 0.2859375 0.01953125 0.02734375
0 0.43984375 0.24453125 0.01484375 0.0234375
0 0.17109375 0.16796875 0.01484375 0.01796875
0 0.71171875 0.1375 0.0109375 0.0171875