0 0.8109375 0.63359375 0.0296875 0.0515625
0 0.01796875 0.56171875 0.01875 0.03046875
0 0.54375 0.68359375 0.03125 0.0546875
0 0.76171875 0.64609375 0.025 0.046875
0 0.2484375 0.69765625 0.0296875 0.053125
0 0.6109375 0.596875 0.025 0.0453125
0 0.02421875 0.60390625 0.02421875 0.04375
0 0.67734375 0.57890625 0.0265625 0.04296875
0 0.9046875 0.5546875 0.02421875 0.04140625
0 0.353125 0.79765625 0.040625 0.0703125
0 0.63984375 0.66796875 0.0296875 0.053125
0 0.18828125 0.68828125 0.03046875 0.0546875
0 0.7625 0.9 0.0484375 0.08828125
0 0.73984375 0.55390625 0.0203125 0.03515625
0 0.040625 0.55625 0.01953125 0.03515625
0 0.70546875 0.64765625 0.0265625 0.053125
0 0.17578125 0.8828125 0.046875 0.08203125
0 0.725 0.81640625 0.04375 0.0734375
0 0.4671875 0.59296875 0.021875 0.04140625
0 0.34765625 0.6765625 0.02734375 0.04375
0 0.778125 0.51796875 0.0171875 0.0296875
0 0.9828125 0.60859375 0.0265625 0.0453125
0 0.71953125 0.5546875 0.0203125 0.03515625
0 0.27890625 0.6125 0.02265625 0.03828125
0 0.45 0.66171875 0.03046875 0.0484375
0 0.23125 0.80234375 0.034375 0.06328125
0 0.4828125 0.9515625 0.0578125 0.09375
0 0.46796875 0.521875 0.01484375 0.025
0 0.6125 0.946875 0.05625 0.09140625
0 0.93671875 0.71328125 0.0421875 0.06484375
0 0.64609375 0.8125 0.0421875 0.075
0 0.27421875 0.6578125 0.02421875 0.04375
0 0.2875 0.73984375 0.03046875 0.053125
0 0.21171875 0.628125 0.02421875 0.04375
0 0.590625 0.690625 0.0328125 0.0546875
0 0.32890625 0.565625 0.021875 0.04140625
0 0.44296875 0.60078125 0.02421875 0.046875
0 0.38203125 0.63515625 0.0234375 0.04296875
0 0.11484375 0.5234375 0.01640625 0.025
0 0.96875 0.6578125 0.03125 0.05
0 0.78203125 0.7328125 0.03515625 0.06171875
0 0.67734375 0.65234375 0.0265625 0.0515625
0 0.73125 0.5203125 0.0171875 0.025
0 0.0609375 0.78515625 0.040625 0.071875
0 0.5390625 0.54140625 0.0171875 0.03359375
0 0.3109375 0.93515625 0.0546875 0.09375
0 0.3671875 0.58828125 0.021875 0.03984375
0 0.4359375 0.72265625 0.03515625 0.06171875
0 0.403125 0.71875 0.03046875 0.06015625
0 0.06328125 0.68203125 0.03046875 0.0515625
0 0.825 0.74296875 0.03828125 0.06484375
0 0.221875 0.525 0.01640625 0.028125
0 0.0609375 0.584375 0.02265625 0.04140625
0 0.8375 0.55 0.02421875 0.03984375
0 0.1453125 0.6296875 0.0234375 0.04140625
0 0.5609375 0.5984375 0.025 0.04296875
0 0.3609375 0.490625 0.01484375 0.03203125
0 0.61875 0.46953125 0.0140625 0.0234375
0 0.49375 0.78203125 0.0390625 0.06640625
0 0.35 0.6296875 0.0203125 0.03828125
0 0.4984375 0.60703125 0.025 0.0484375
0 0.89140625 0.5984375 0.0234375 0.03359375
0 0.64921875 0.51171875 0.01640625 0.03359375
0 0.3890625 0.5828125 0.021875 0.04140625
0 0.7453125 0.4828125 0.0140625 0.0265625
0 0.5734375 0.6390625 0.03046875 0.03515625
0 0.103125 0.85625 0.04296875 0.0703125
0 0.959375 0.48515625 0.01484375 0.028125
0 0.69375 0.4765625 0.01484375 0.021875
0 0.78203125 0.5796875 0.0234375 0.03828125
0 0.3890625 0.509375 0.01484375 0.0265625
0 0.42421875 0.846875 0.04765625 0.08359375
0 0.24765625 0.57890625 0.0203125 0.03984375
0 0.6546875 0.45703125 0.0125 0.021875
0 0.50625 0.66640625 0.028125 0.05
0 0.61484375 0.7640625 0.03828125 0.05703125
0 0.1328125 0.50625 0.0140625 0.021875
0 0.81640625 0.521875 0.015625 0.025
0 0.1546875 0.48203125 0.0125 0.0203125
0 0.59453125 0.5203125 0.01640625 0.03359375
0 0.09921875 0.74140625 0.03203125 0.06171875
0 0.3078125 0.61796875 0.025 0.04375
0 0.34140625 0.72890625 0.0359375 0.0515625
0 0.8671875 0.625 0.03125 0.0515625
0 0.98984375 0.46640625 0.01640625 0.021875
0 0.49375 0.51875 0.0171875 0.028125
0 0.121875 0.6578125 0.0265625 0.046875
0 0.66328125 0.490625 0.01484375 0.0234375
0 0.296875 0.52734375 0.0171875 0.03203125
0 0.859375 0.8859375 0.0609375 0.0984375
0 0.36171875 0.54609375 0.0203125 0.03515625
0 0.5921875 0.8421875 0.05 0.08359375
0 0.0828125 0.490625 0.0140625 0.0234375
0 0.10078125 0.60234375 0.025 0.04140625
0 0.5546875 0.48359375 0.0140625 0.021875
0 0.45 0.54453125 0.01953125 0.03828125
0 0.4890625 0.5515625 0.0171875 0.03046875
0 0.90078125 0.503125 0.01640625 0.025
0 0.590625 0.47109375 0.0140625 0.0234375
0 0.29609375 0.4640625 0.01171875 0.0203125
0 0.9546875 0.45703125 0.0140625 0.021875
0 0.17265625 0.5265625 0.01484375 0.028125
0 0.6984375 0.56015625 0.021875 0.03984375
0 0.18125 0.46640625 0.0125 0.01640625
0 0.9640625 0.57421875 0.0265625 0.03828125
0 0.64453125 0.57421875 0.0234375 0.04375
0 0.40703125 0.49296875 0.01484375 0.021875
0 0.3296875 0.46640625 0.01171875 0.01875
0 0.72890625 0.490625 0.01484375 0.0234375
0 0.2109375 0.5828125 0.021875 0.03203125
0 0.70234375 0.7203125 0.034375 0.03046875
0 0.53984375 0.46640625 0.0140625 0.025
0 0.4953125 0.4421875 0.0109375 0.01796875
0 0.978125 0.84765625 0.040625 0.08984375
0 0.99140625 0.553125 0.015625 0.03671875
0 0.7421875 0.609375 0.025 0.04140625
0 0.9328125 0.553125 0.021875 0.03984375
0 0.60859375 0.490625 0.01484375 0.0234375
0 0.409375 0.56171875 0.01875 0.03671875
0 0.28515625 0.57890625 0.021875 0.03046875
0 0.33359375 0.49296875 0.01484375 0.021875
0 0.25390625 0.51171875 0.015625 0.025
0 0.575 0.54140625 0.01953125 0.03984375
0 0.265625 0.5375 0.0171875 0.03203125
0 0.5734375 0.47890625 0.015625 0.0265625
0 0.60625 0.64375 0.025 0.03984375
0 0.8296875 0.45703125 0.0140625 0.021875
0 0.44765625 0.48203125 0.01484375 0.028125
0 0.309375 0.478125 0.0140625 0.021875
0 0.08203125 0.46640625 0.0140625 0.01875
0 0.04609375 0.5078125 0.01484375 0.0234375
0 0.9703125 0.5203125 0.0203125 0.03046875
0 0.68125 0.5171875 0.01484375 0.0265625
0 0.9015625 0.4765625 0.01484375 0.021875
0 0.696875 0.45390625 0.0125 0.01484375
0 0.8171875 0.490625 0.01484375 0.0234375
0 0.2265625 0.4953125 0.0140625 0.01875
0 0.7171875 0.46796875 0.01171875 0.01875
0 0.23359375 0.46875 0.0109375 0.01796875
0 0.278125 0.49375 0.0125 0.021875
0 0.2109375 0.55234375 0.0171875 0.0296875
0 0.1453125 0.46484375 0.01171875 0.021875
0 0.209375 0.9640625 0.05546875 0.06875
0 0.8765625 0.52890625 0.0203125 0.03203125
0 0.29765625 0.6578125 0.0203125 0.04375
0 0.8015625 0.490625 0.015625 0.0234375
0 0.69765625 0.51328125 0.01484375 0.025
0 0.43359375 0.46640625 0.0140625 0.021875
0 0.290625 0.49296875 0.01171875 0.021875
0 0.83203125 0.49375 0.015625 0.021875
0 0.9203125 0.5078125 0.015625 0.0234375
0 0.27890625 0.45234375 0.0109375 0.01796875
0 0.7703125 0.4640625 0.0140625 0.0203125
0 0.76796875 0.54609375 0.01875 0.0296875
0 0.62578125 0.5046875 0.015625 0.03046875
0 0.5203125 0.54609375 0.0171875 0.03515625
0 0.90703125 0.65546875 0.0390625 0.0546875
0 0.73359375 0.45234375 0.01171875 0.01796875
0 0.06953125 0.53046875 0.01484375 0.0296875
0 0.134375 0.45625 0.0109375 0.01875
0 0.08671875 0.55625 0.01875 0.03515625
0 0.41875 0.45234375 0.01171875 0.0203125
0 0.92109375 0.45234375 0.01171875 0.01796875
0 0.884375 0.42734375 0.0125 0.01796875
0 0.76484375 0.490625 0.01484375 0.0234375
0 0.86875 0.8125 0.0359375 0.0453125
0 0.384375 0.440625 0.0109375 0.01796875
0 0.159375 0.44453125 0.0109375 0.01875
0 0.940625 0.50625 0.01640625 0.0265625
0 0.5109375 0.45390625 0.0140625 0.0234375
0 0.58359375 0.4453125 0.0109375 0.01796875
0 0.30390625 0.44375 0.009375 0.01484375
0 0.58671875 0.58828125 0.0203125 0.03984375
0 0.39296875 0.45703125 0.0109375 0.01875
0 0.1203125 0.5578125 0.01953125 0.03515625
0 0.57109375 0.4296875 0.0109375 0.01640625
0 0.35859375 0.4421875 0.0109375 0.01484375
0 0.2125 0.49296875 0.0125 0.021875
0 0.2046875 0.46875 0.01171875 0.01796875
0 0.2171875 0.4453125 0.009375 0.01640625
0 0.615625 0.4453125 0.01171875 0.01875
0 0.990625 0.521875 0.0171875 0.025
0 0.70703125 0.4421875 0.009375 0.01484375
0 0.10078125 0.50625 0.0140625 0.025
0 0.63125 0.4453125 0.0109375 0.01640625
0 0.5578125 0.4296875 0.009375 0.01328125
0 0.19453125 0.4421875 0.00859375 0.01484375
0 0.79765625 0.51953125 0.015625 0.0265625
0 0.940625 0.41953125 0.0109375 0.01640625
0 0.86015625 0.56171875 0.021875 0.03046875
0 0.65703125 0.4328125 0.0109375 0.01484375
0 0.196875 0.49375 0.0140625 0.025
0 0.6796875 0.4546875 0.01171875 0.01875
0 0.5578125 0.45 0.01171875 0.01875
0 0.86796875 0.4296875 0.0109375 0.01640625
0 0.1828125 0.5046875 0.01171875 0.01875
0 0.8328125 0.5171875 0.015625 0.0234375
0 0.52421875 0.48359375 0.01484375 0.025
0 0.6078125 0.41953125 0.009375 0.01328125
0 0.8578125 0.52734375 0.0171875 0.0296875
0 0.06875 0.46640625 0.0109375 0.01875
0 0.540625 0.43984375 0.0109375 0.01640625
0 0.87734375 0.490625 0.01484375 0.0265625
0 0.065625 0.49375 0.0125 0.025
0 0.4546875 0.4515625 0.01171875 0.01875
0 0.47109375 0.45546875 0.0125 0.0203125
0 0.7453125 0.43984375 0.0109375 0.01328125
0 0.80390625 0.57109375 0.0171875 0.03515625
0 0.9796875 0.4296875 0.009375 0.01640625
0 0.48671875 0.46328125 0.0125 0.01875
0 0.94453125 0.43984375 0.01171875 0.01640625
0 0.5921875 0.41953125 0.00859375 0.01328125
0 0.81953125 0.40546875 0.009375 0.01484375
0 0.47109375 0.5546875 0.01875 0.0296875
0 0.8421875 0.4421875 0.01171875 0.01484375
0 0.93984375 0.4640625 0.0125 0.01796875
0 0.14765625 0.52734375 0.01484375 0.0296875
0 0.1578125 0.5703125 0.0203125 0.03359375
0 0.31953125 0.4421875 0.009375 0.01484375
0 0.96484375 0.43828125 0.0140625 0.01875
0 0.17734375 0.44609375 0.0109375 0.01796875
0 0.48125 0.4296875 0.00859375 0.01328125
0 0.915625 0.428125 0.0109375 0.01328125
0 0.2515625 0.446875 0.0109375 0.01640625
0 0.99375 0.4328125 0.009375 0.01875
0 0.521875 0.51328125 0.01484375 0.025
0 0.64296875 0.48046875 0.0125 0.0234375
0 0.978125 0.4890625 0.01484375 0.0234375
0 0.240625 0.49375 0.01171875 0.01875
0 0.5015625 0.48046875 0.0140625 0.0234375
0 0.81484375 0.4609375 0.0125 0.01796875
0 0.3 0.78671875 0.03125 0.05
0 0.71796875 0.428125 0.0109375 0.01328125
0 0.1171875 0.49375 0.0140625 0.021875
0 0.4921875 0.72578125 0.0328125 0.03359375
0 0.39296875 0.41953125 0.00859375 0.01328125
0 0.465625 0.4296875 0.0109375 0.01328125
0 0.78984375 0.45390625 0.01171875 0.01796875
0 0.60390625 0.44375 0.0109375 0.01796875
0 0.47734375 0.48203125 0.0140625 0.0234375
0 0.35546875 0.4171875 0.0078125 0.01171875
0 0.6203125 0.54140625 0.0171875 0.03359375
0 0.69140625 0.43125 0.009375 0.01640625
0 0.878125 0.45625 0.0125 0.01875
0 0.41796875 0.428125 0.0078125 0.01328125
0 0.36953125 0.428125 0.00859375 0.01328125
0 0.3078125 0.4171875 0.0078125 0.01484375
0 0.26640625 0.47109375 0.0140625 0.01796875
0 0.6421875 0.4328125 0.0109375 0.01484375
0 0.34453125 0.44375 0.00859375 0.01484375
0 0.4921875 0.4171875 0.0078125 0.01484375
0 0.53203125 0.43125 0.00859375 0.01328125
0 0.92109375 0.475 0.0140625 0.021875
0 0.3328125 0.4421875 0.009375 0.01484375
0 0.76484375 0.44375 0.0109375 0.01484375
0 0.8546875 0.590625 0.0234375 0.0265625
0 0.1984375 0.52890625 0.01484375 0.0234375
0 0.7671875 0.4296875 0.0109375 0.01328125
0 0.95390625 0.4171875 0.009375 0.01484375
0 0.99375 0.49375 0.009375 0.021875
0 0.3703125 0.46640625 0.009375 0.01328125
0 0.38125 0.46796875 0.0109375 0.01875
0 0.78203125 0.49296875 0.0140625 0.01875
0 0.78203125 0.428125 0.00859375 0.01328125
0 0.1453125 0.42578125 0.009375 0.01796875
0 0.38046875 0.415625 0.00703125 0.01171875
0 0.95859375 0.78125 0.03828125 0.04140625
0 0.11875 0.46953125 0.0109375 0.01875
0 0.5421875 0.4171875 0.009375 0.01484375
0 0.61953125 0.41953125 0.00859375 0.01328125
0 0.440625 0.4421875 0.0109375 0.01484375
0 0.396875 0.5359375 0.01875 0.0296875
0 0.89765625 0.44375 0.0140625 0.01796875
0 0.66640625 0.4171875 0.0109375 0.01484375
0 0.78515625 0.47109375 0.0140625 0.0203125
0 0.121875 0.41953125 0.0109375 0.01640625
0 0.85625 0.4421875 0.0109375 0.01484375
0 0.80234375 0.43125 0.0109375 0.01328125
0 0.82890625 0.43125 0.0109375 0.01328125
0 0.99296875 0.66796875 0.0125 0.053125
0 0.53203125 0.415625 0.00859375 0.01171875
0 0.50625 0.4296875 0.00859375 0.01328125
0 0.3421875 0.428125 0.0078125 0.01328125
0 0.8421875 0.41953125 0.009375 0.01328125
0 0.40703125 0.42578125 0.009375 0.01484375
0 0.7546875 0.41953125 0.00859375 0.01328125
0 0.33671875 0.5265625 0.01640625 0.028125
0 0.21796875 0.415625 0.0078125 0.01171875
0 0.25703125 0.4296875 0.0078125 0.01328125
0 0.31953125 0.4171875 0.0078125 0.01171875
0 0.2421875 0.415625 0.0078125 0.01171875
0 0.7328125 0.43125 0.009375 0.01328125
0 0.67890625 0.4296875 0.00859375 0.01328125
0 0.26875 0.40546875 0.00703125 0.01171875
0 0.26640625 0.446875 0.0109375 0.01640625
0 0.18046875 0.39296875 0.00703125 0.01328125
0 0.8515625 0.46640625 0.0140625 0.01875
0 0.33046875 0.41953125 0.00703125 0.01328125
0 0.18203125 0.4171875 0.00859375 0.01484375
0 0.31953125 0.4046875 0.0078125 0.01015625