0 0.68125 0.146875 0.0125 0.01796875
0 0.23359375 0.2078125 0.01875 0.02734375
0 0.50546875 0.35 0.0265625 0.04296875
0 0.6578125 0.16953125 0.0140625 0.02109375
0 0.071875 0.49296875 0.03828125 0.0609375
0 0.7421875 0.19375 0.0140625 0.01953125
0 0.01875 0.14140625 0.01484375 0.021875
0 0.25078125 0.7484375 0.053125 0.0765625
0 0.4015625 0.1859375 0.015625 0.02578125
0 0.3078125 0.08125 0.01171875 0.0171875
0 0.3671875 0.30546875 0.025 0.0375
0 0.85859375 0.40078125 0.0375 0.04453125
0 0.4171875 0.4203125 0.0359375 0.053125
0 0.03046875 0.16328125 0.0171875 0.025
0 0.63984375 0.4484375 0.0296875 0.05078125
0 0.303125 0.31171875 0.025 0.0375
0 0.6765625 0.19375 0.0140625 0.0234375
0 0.62890625 0.36875 0.03125 0.04453125
0 0.26796875 0.65703125 0.05 0.07421875
0 0.9515625 0.2484375 0.015625 0.021875
0 0.7140625 0.19921875 0.0171875 0.0234375
0 0.90859375 0.534375 0.05 0.06875
0 0.3875 0.23125 0.0171875 0.025
0 0.5828125 0.2171875 0.0171875 0.02890625
0 0.1859375 0.50625 0.0328125 0.04453125
0 0.5203125 0.2171875 0.0171875 0.02734375
0 0.03203125 0.34765625 0.028125 0.03671875
0 0.5484375 0.3265625 0.0234375 0.0375
0 0.26484375 0.3515625 0.025 0.0390625
0 0.45859375 0.1421875 0.0125 0.02109375
0 0.8546875 0.2453125 0.015625 0.025
0 0.48125 0.3171875 0.02421875 0.040625
0 0.18125 0.11796875 0.0125 0.025
0 0.76796875 0.74765625 0.05546875 0.09609375
0 0.6515625 0.2328125 0.015625 0.021875
0 0.68828125 0.1703125 0.0140625 0.01953125
0 0.45546875 0.19375 0.01484375 0.01953125
0 0.45390625 0.2390625 0.015625 0.021875
0 0.2625 0.1953125 0.01953125 0.02578125
0 0.26484375 0.225 0.0203125 0.03125
0 0.0640625 0.3421875 0.0328125 0.05234375
0 0.52421875 0.26171875 0.02265625 0.03125
0 0.85859375 0.13828125 0.0125 0.01796875
0 0.5390625 0.17265625 0.015625 0.021875
0 0.5859375 0.325 0.021875 0.0375
0 0.4640625 0.6421875 0.0328125 0.04296875
0 0.44453125 0.0625 0.01171875 0.01796875
0 0.04921875 0.15703125 0.01875 0.02734375
0 0.51640625 0.14296875 0.0140625 0.01796875
0 0.14296875 0.3921875 0.0359375 0.04921875
0 0.846875 0.32890625 0.02265625 0.0296875
0 0.7328125 0.1578125 0.0140625 0.01796875
0 0.46953125 0.11875 0.01171875 0.01796875
0 0.603125 0.30078125 0.0234375 0.03125
0 0.90234375 0.190625 0.0140625 0.01953125
0 0.88359375 0.16015625 0.01171875 0.01796875
0 0.37734375 0.26640625 0.01875 0.0296875
0 0.340625 0.26171875 0.0171875 0.03125
0 0.4671875 0.1765625 0.01484375 0.01953125
0 0.9890625 0.2703125 0.01953125 0.0296875
0 0.7609375 0.20703125 0.015625 0.0234375
0 0.18046875 0.2328125 0.0171875 0.021875
0 0.809375 0.14453125 0.0125 0.01796875
0 0.4421875 0.1296875 0.009375 0.0171875
0 0.9015625 0.15546875 0.01171875 0.01953125
0 0.778125 0.2234375 0.01484375 0.021875
0 0.17734375 0.2671875 0.02265625 0.03671875
0 0.88046875 0.2046875 0.0125 0.01953125
0 0.85625 0.4859375 0.04296875 0.07421875
0 0.4546875 0.5828125 0.0296875 0.0375
0 0.50078125 0.228125 0.01640625 0.0296875
0 0.2140625 0.1515625 0.015625 0.021875
0 0.60234375 0.2671875 0.01953125 0.0296875
0 0.9671875 0.12890625 0.009375 0.015625
0 0.8796875 0.08046875 0.00859375 0.01328125
0 0.8328125 0.16796875 0.01171875 0.01796875
0 0.9640625 0.15625 0.01171875 0.01796875
0 0.80390625 0.2015625 0.01484375 0.01953125
0 0.6328125 0.16171875 0.0140625 0.01796875
0 0.43828125 0.15078125 0.0140625 0.02109375
0 0.753125 0.16640625 0.0125 0.01796875
0 0.99453125 0.24375 0.00859375 0.0234375
0 0.8046875 0.09453125 0.009375 0.0140625
0 0.7625 0.134375 0.01171875 0.0171875
0 0.0046875 0.3609375 0.009375 0.03671875
0 0.915625 0.18828125 0.01171875 0.0171875
0 0.80546875 0.16875 0.0125 0.0140625
0 0.85546875 0.08046875 0.0078125 0.01328125
0 0.90546875 0.09453125 0.0109375 0.01171875
0 0.61015625 0.1109375 0.009375 0.0171875
0 0.9171875 0.11796875 0.0109375 0.0171875
0 0.86640625 0.19921875 0.01484375 0.01796875
0 0.99375 0.13046875 0.009375 0.01796875
0 0.915625 0.1546875 0.01171875 0.01796875
0 0.90234375 0.13046875 0.0140625 0.01796875
0 0.84453125 0.09296875 0.00859375 0.01171875
0 0.8671875 0.17578125 0.0140625 0.01796875
0 0.93984375 0.171875 0.0125 0.015625
0 0.48125 0.20390625 0.01484375 0.021875
0 0.0921875 0.0515625 0.009375 0.0140625
0 0.4671875 0.05625 0.009375 0.01328125
0 0.99375 0.1046875 0.009375 0.0140625
0 0.79453125 0.23828125 0.01484375 0.0234375
0 0.8296875 0.14453125 0.01171875 0.01796875
0 0.790625 0.13125 0.0109375 0.01796875
0 0.99296875 0.1546875 0.0109375 0.01796875
0 0.84453125 0.11796875 0.0109375 0.0140625
0 0.83125 0.08046875 0.00703125 0.01328125
0 0.321875 0.25625 0.01875 0.0328125
0 0.3609375 0.14453125 0.0140625 0.02109375
0 0.7875 0.0859375 0.00859375 0.01328125
0 0.93046875 0.11640625 0.00859375 0.0140625
0 0.3703125 0.1046875 0.0109375 0.0171875
0 0.83359375 0.29765625 0.01875 0.025
0 0.83046875 0.2171875 0.01484375 0.021875
0 0.94375 0.09296875 0.00859375 0.01171875
0 0.36796875 0.19375 0.01484375 0.02109375
0 0.84609375 0.165625 0.0125 0.0171875
0 0.9671875 0.10390625 0.00859375 0.01328125
0 0.8171875 0.096875 0.00859375 0.0140625
0 0.596875 0.16640625 0.0125 0.02109375
0 0.93046875 0.0921875 0.00859375 0.01328125
0 0.9921875 0.54453125 0.0140625 0.05234375
0 0.790625 0.1734375 0.0125 0.01796875
0 0.91875 0.0921875 0.00859375 0.01328125
0 0.39453125 0.33046875 0.021875 0.03125
0 0.71484375 0.16953125 0.0140625 0.01796875
0 0.9828125 0.1296875 0.009375 0.0171875
0 0.83046875 0.09296875 0.00859375 0.01171875
0 0.95546875 0.10546875 0.00859375 0.01328125
0 0.346875 0.1546875 0.0140625 0.02109375
0 0.43046875 0.13125 0.0109375 0.01796875
0 0.95234375 0.15625 0.01171875 0.01796875
0 0.80546875 0.0796875 0.00859375 0.01171875
0 0.8921875 0.08203125 0.009375 0.01328125
0 0.70859375 0.1203125 0.0125 0.0171875
0 0.96328125 0.0875 0.00859375 0.01328125
0 0.98125 0.165625 0.009375 0.0171875
0 0.6140625 0.1296875 0.01171875 0.0171875
0 0.11796875 0.0171875 0.00703125 0.01171875
0 0.50390625 0.16796875 0.0140625 0.01796875
0 0.08046875 0.01796875 0.00859375 0.01328125
0 0.33359375 0.30703125 0.02421875 0.04453125
0 0.79375 0.1546875 0.01171875 0.0171875
0 0.76640625 0.0921875 0.009375 0.01328125
0 0.7625 0.06171875 0.0078125 0.01171875
0 0.23984375 0.11875 0.0125 0.01953125
0 0.346875 0.0921875 0.0140625 0.0171875
0 0.8671875 0.08125 0.0078125 0.01171875
0 0.10625 0.01875 0.00703125 0.01171875
0 0.9546875 0.13046875 0.009375 0.01328125
0 0.7703125 0.18125 0.01171875 0.01796875
0 0.1953125 0.1515625 0.015625 0.01953125
0 0.953125 0.1828125 0.01171875 0.0171875
0 0.403125 0.24140625 0.0125 0.01953125