0 0.94609375 0.40859375 0.01171875 0.02109375
0 0.790625 0.47890625 0.0125 0.02109375
0 0.6796875 0.52421875 0.01171875 0.02109375
0 0.8703125 0.7015625 0.0125 0.02734375
0 0.98359375 0.33203125 0.0109375 0.02109375
0 0.82890625 0.3421875 0.009375 0.01796875
0 0.46953125 0.490625 0.0109375 0.02109375
0 0.8578125 0.4296875 0.0109375 0.02109375
0 0.8703125 0.4890625 0.01171875 0.02421875
0 0.671875 0.921875 0.0140625 0.02734375
0 0.51484375 0.3453125 0.0109375 0.01796875
0 0.5203125 0.47265625 0.01171875 0.02109375
0 0.78203125 0.52734375 0.01171875 0.02109375
0 0.7453125 0.66796875 0.01171875 0.02734375
0 0.18359375 0.69453125 0.0140625 0.02421875
0 0.8421875 0.80546875 0.01171875 0.02109375
0 0.96171875 0.853125 0.0125 0.02421875
0 0.4671875 0.571875 0.01171875 0.02421875
0 0.5765625 0.9328125 0.0140625 0.02421875
0 0.509375 0.659375 0.01171875 0.02109375
0 0.8203125 0.89296875 0.0140625 0.03046875
0 0.29609375 0.7984375 0.0125 0.02421875
0 0.75234375 0.4453125 0.0125 0.02109375
0 0.81640625 0.61796875 0.01171875 0.02421875
0 0.415625 0.578125 0.01171875 0.02421875
0 0.7078125 0.55234375 0.01171875 0.02109375
0 0.1078125 0.4421875 0.009375 0.02109375
0 0.90546875 0.97421875 0.01484375 0.03359375
0 0.8421875 0.53828125 0.0125 0.02421875
0 0.7796875 0.24140625 0.0109375 0.02421875
0 0.26953125 0.5078125 0.009375 0.02421875
0 0.334375 0.82890625 0.01171875 0.02421875
0 0.06953125 0.653125 0.01171875 0.02109375
0 0.55625 0.29375 0.0109375 0.01796875
0 0.75703125 0.39296875 0.009375 0.02109375
0 0.8203125 0.8578125 0.0140625 0.02734375
0 0.75703125 0.32890625 0.009375 0.02109375
0 0.4609375 0.76015625 0.01171875 0.02109375
0 0.62890625 0.7875 0.01171875 0.02109375
0 0.75859375 0.88359375 0.01171875 0.02421875
0 0.20390625 0.60234375 0.0140625 0.02421875
0 0.7125 0.5859375 0.0140625 0.02734375
0 0.79609375 0.8609375 0.01171875 0.02734375
0 0.35625 0.25078125 0.009375 0.01796875
0 0.921875 0.415625 0.01171875 0.02421875
0 0.81875 0.44375 0.0109375 0.02421875
0 0.60625 0.2953125 0.00859375 0.015625
0 0.915625 0.3671875 0.0109375 0.02421875
0 0.5578125 0.3703125 0.0109375 0.02421875
0 0.84453125 0.59296875 0.0109375 0.02421875
0 0.26796875 0.45078125 0.0109375 0.02109375
0 0.70234375 0.75859375 0.0125 0.02421875
0 0.0703125 0.45703125 0.009375 0.02109375
0 0.5796875 0.69453125 0.01171875 0.02421875
0 0.6375 0.38515625 0.0109375 0.02421875
0 0.9703125 0.53203125 0.0109375 0.02421875
0 0.978125 0.26484375 0.0109375 0.02109375
0 0.84453125 0.45859375 0.01171875 0.02421875
0 0.3734375 0.69453125 0.0140625 0.02421875
0 0.5609375 0.66796875 0.01171875 0.02109375
0 0.8203125 0.490625 0.009375 0.02109375
0 0.65859375 0.4890625 0.0125 0.02421875
0 0.9328125 0.49375 0.0109375 0.02109375
0 0.8078125 0.54609375 0.009375 0.02109375
0 0.8578125 0.3453125 0.009375 0.01796875
0 0.86171875 0.8546875 0.0125 0.02109375
0 0.20546875 0.628125 0.0125 0.02109375
0 0.86796875 0.1546875 0.00859375 0.015625
0 0.2453125 0.39296875 0.0109375 0.02109375
0 0.60390625 0.33046875 0.0109375 0.01796875
0 0.4328125 0.6515625 0.0109375 0.02421875
0 0.56875 0.82109375 0.0125 0.02109375
0 0.8296875 0.5140625 0.01171875 0.02421875
0 0.4375 0.86875 0.0140625 0.02421875
0 0.81640625 0.26640625 0.009375 0.01796875
0 0.99453125 0.571875 0.00859375 0.02421875
0 0.00703125 0.6953125 0.0140625 0.034375
0 0.6828125 0.290625 0.0109375 0.02421875
0 0.85703125 0.18046875 0.0109375 0.01796875
0 0.290625 0.74453125 0.0140625 0.02734375
0 0.68671875 0.81796875 0.0125 0.02109375
0 0.92890625 0.578125 0.009375 0.02421875
0 0.6046875 0.38203125 0.0109375 0.01796875
0 0.8875 0.74140625 0.01171875 0.02109375
0 0.70390625 0.4265625 0.009375 0.02109375
0 0.6078125 0.503125 0.009375 0.02734375
0 0.1078125 0.46796875 0.0140625 0.02421875
0 0.759375 0.8390625 0.01171875 0.02109375
0 0.778125 0.29375 0.0109375 0.01796875
0 0.4203125 0.33046875 0.009375 0.01796875
0 0.1703125 0.3453125 0.009375 0.01796875
0 0.61484375 0.55390625 0.0109375 0.02421875
0 0.1546875 0.38203125 0.0109375 0.01796875
0 0.88203125 0.153125 0.009375 0.01796875
0 0.62890625 0.4390625 0.009375 0.02109375
0 0.296875 0.89296875 0.01171875 0.02421875
0 0.9453125 0.4390625 0.0140625 0.02734375
0 0.20546875 0.196875 0.00859375 0.015625
0 0.84296875 0.1546875 0.0109375 0.015625
0 0.5921875 0.54609375 0.00859375 0.02109375
0 0.7328125 0.46484375 0.009375 0.02421875
0 0.69609375 0.921875 0.01171875 0.02734375
0 0.878125 0.3546875 0.0109375 0.02421875
0 0.94609375 0.715625 0.01171875 0.03046875
0 0.778125 0.61796875 0.0125 0.02421875
0 0.11484375 0.37578125 0.0109375 0.01796875
0 0.95703125 0.81328125 0.009375 0.02421875
0 0.6453125 0.9125 0.01171875 0.02734375
0 0.978125 0.44375 0.01171875 0.02421875
0 0.4546875 0.33046875 0.009375 0.01796875
0 0.51484375 0.7296875 0.01171875 0.02734375
0 0.303125 0.61953125 0.01171875 0.02109375
0 0.70234375 0.6296875 0.0125 0.02421875
0 0.3953125 0.44375 0.009375 0.01796875
0 0.9046875 0.16640625 0.00859375 0.015625
0 0.3078125 0.646875 0.01171875 0.02109375
0 0.80234375 0.3 0.0109375 0.01796875
0 0.984375 0.39296875 0.01171875 0.02109375
0 0.103125 0.28125 0.0109375 0.01796875
0 0.35859375 0.7890625 0.0125 0.03671875
0 0.79375 0.578125 0.0109375 0.02421875
0 0.03203125 0.46484375 0.01171875 0.02421875
0 0.22734375 0.628125 0.01171875 0.02109375
0 0.1203125 0.578125 0.01171875 0.02421875
0 0.2546875 0.2078125 0.00859375 0.0125
0 0.08125 0.2953125 0.0109375 0.015625
0 0.93671875 0.3609375 0.0125 0.02421875
0 0.4921875 0.578125 0.01171875 0.02421875
0 0.88984375 0.3546875 0.0109375 0.02421875
0 0.71953125 0.18203125 0.00859375 0.015625
0 0.2140625 0.2953125 0.0109375 0.02109375
0 0.35703125 0.29375 0.0109375 0.01796875
0 0.88359375 0.425 0.01171875 0.02421875
0 0.29375 0.23125 0.00859375 0.015625
0 0.65703125 0.3640625 0.009375 0.01796875
0 0.10078125 0.8578125 0.0140625 0.02734375
0 0.384375 0.60390625 0.0109375 0.02109375
0 0.36796875 0.34375 0.00859375 0.015625
0 0.68046875 0.59296875 0.0125 0.02421875
0 0.8078125 0.3390625 0.009375 0.02421875
0 0.44375 0.7796875 0.0109375 0.02421875
0 0.31171875 0.2890625 0.0109375 0.02109375
0 0.1078125 0.19609375 0.0109375 0.01796875
0 0.53203125 0.45234375 0.009375 0.02421875
0 0.79609375 0.31796875 0.0109375 0.01796875
0 0.5203125 0.28125 0.009375 0.01796875
0 0.68046875 0.4421875 0.0109375 0.02109375
0 0.628125 0.53046875 0.0109375 0.02109375
0 0.50703125 0.84375 0.01171875 0.02421875
0 0.4953125 0.4421875 0.00859375 0.02109375
0 0.2453125 0.46171875 0.0109375 0.01796875
0 0.228125 0.41015625 0.0109375 0.01796875
0 0.0578125 0.47421875 0.01171875 0.01796875
0 0.46953125 0.37890625 0.00859375 0.01796875
0 0.68203125 0.065625 0.00859375 0.015625
0 0.23125 0.68046875 0.0125 0.02109375
0 0.7078125 0.11953125 0.00859375 0.01796875
0 0.7078125 0.23125 0.009375 0.015625
0 0.7328125 0.39296875 0.0109375 0.02109375
0 0.53203125 0.11796875 0.009375 0.015625
0 0.60625 0.203125 0.00859375 0.015625
0 0.86953125 0.30390625 0.00859375 0.02109375
0 0.94140625 0.90234375 0.01171875 0.02421875
0 0.5859375 0.38203125 0.009375 0.01796875
0 0.90703125 0.53984375 0.009375 0.02109375
0 0.6453125 0.4171875 0.009375 0.02109375
0 0.4359375 0.5890625 0.01171875 0.02109375
0 0.34296875 0.215625 0.0109375 0.015625
0 0.78203125 0.18203125 0.009375 0.015625
0 0.340625 0.33828125 0.0109375 0.02109375
0 0.88203125 0.19453125 0.0078125 0.015625
0 0.46953125 0.81796875 0.01171875 0.02109375
0 0.815625 0.9890625 0.01640625 0.015625
0 0.8921875 0.5 0.01171875 0.02109375
0 0.70546875 0.53203125 0.0109375 0.02421875
0 0.6515625 0.46328125 0.01171875 0.02109375
0 0.5203125 0.3640625 0.009375 0.01796875
0 0.221875 0.715625 0.0140625 0.02421875
0 0.46171875 0.68359375 0.0109375 0.02734375
0 0.4703125 0.60703125 0.0109375 0.02109375
0 0.69140625 0.33046875 0.009375 0.01796875
0 0.7796875 0.215625 0.00859375 0.015625
0 0.5828125 0.48046875 0.009375 0.02421875
0 0.0828125 0.2015625 0.009375 0.01796875
0 0.8375 0.2171875 0.0109375 0.01796875
0 0.73125 0.515625 0.0109375 0.02109375
0 0.89140625 0.17890625 0.0109375 0.015625
0 0.7296875 0.23125 0.009375 0.015625
0 0.37578125 0.7796875 0.0140625 0.02421875
0 0.7078125 0.48203125 0.01171875 0.02109375
0 0.75703125 0.2296875 0.009375 0.01796875
0 0.878125 0.0796875 0.00859375 0.0125
0 0.15703125 0.25234375 0.0109375 0.015625
0 0.41875 0.3578125 0.009375 0.01796875
0 0.246875 0.5890625 0.0140625 0.02109375
0 0.509375 0.45546875 0.009375 0.01796875
0 0.65703125 0.69453125 0.0109375 0.02421875
0 0.13359375 0.73515625 0.01171875 0.02109375
0 0.1546875 0.31171875 0.009375 0.01796875
0 0.2171875 0.4421875 0.0109375 0.02109375
0 0.8078125 0.0796875 0.00859375 0.0125
0 0.6203125 0.6375 0.01171875 0.02109375
0 0.16875 0.2921875 0.00859375 0.015625
0 0.90703125 0.31640625 0.009375 0.02109375
0 0.8328125 0.434375 0.009375 0.02421875
0 0.56875 0.25390625 0.00859375 0.01796875
0 0.89140625 0.9421875 0.0140625 0.03046875
0 0.884375 0.68203125 0.01171875 0.02421875
0 0.6375 0.490625 0.0109375 0.02109375
0 0.71953125 0.34375 0.009375 0.02109375
0 0.88203125 0.9890625 0.0140625 0.015625
0 0.1796875 0.3546875 0.009375 0.02421875
0 0.89609375 0.11796875 0.00859375 0.015625
0 0.75703125 0.5640625 0.01171875 0.02109375
0 0.63828125 0.30859375 0.0109375 0.01796875
0 0.50703125 0.53984375 0.009375 0.02109375
0 0.9109375 0.74140625 0.0140625 0.02109375
0 0.68125 0.228125 0.00703125 0.015625
0 0.8875 0.28125 0.009375 0.01796875
0 0.765625 0.10234375 0.0078125 0.015625
0 0.74453125 0.0671875 0.00859375 0.0125
0 0.86171875 0.59140625 0.0109375 0.02109375
0 0.290625 0.4828125 0.009375 0.02421875
0 0.7046875 0.09140625 0.0078125 0.0125
0 0.4296875 0.4828125 0.009375 0.02421875
0 0.9125 0.45859375 0.0125 0.02421875
0 0.5328125 0.296875 0.00859375 0.01796875
0 0.54375 0.83046875 0.01171875 0.02734375
0 0.29609375 0.434375 0.0109375 0.02421875
0 0.12578125 0.853125 0.0140625 0.02421875
0 0.796875 0.7078125 0.01171875 0.02109375
0 0.9328125 0.7203125 0.01171875 0.02734375
0 0.1140625 0.52109375 0.01171875 0.02109375
0 0.84140625 0.19609375 0.00859375 0.01796875
0 0.0421875 0.3640625 0.0109375 0.01796875
0 0.9296875 0.11796875 0.0078125 0.015625
0 0.2953125 0.353125 0.0109375 0.02109375
0 0.66640625 0.425 0.0109375 0.01796875
0 0.490625 0.30859375 0.0109375 0.01796875
0 0.94375 0.2984375 0.0109375 0.02109375
0 0.71953125 0.05390625 0.00859375 0.015625
0 0.94140625 0.228125 0.009375 0.015625
0 0.99375 0.6265625 0.009375 0.02421875
0 0.434375 0.39453125 0.0109375 0.01796875
0 0.9671875 0.19453125 0.009375 0.015625
0 0.01796875 0.26484375 0.00859375 0.015625
0 0.759375 0.94609375 0.0125 0.03359375
0 0.93984375 0.53984375 0.0125 0.02109375
0 0.3171875 0.5046875 0.009375 0.01796875
0 0.20625 0.86875 0.0140625 0.02421875
0 0.4125 0.415625 0.0109375 0.02421875
0 0.5828125 0.25078125 0.009375 0.01796875
0 0.77109375 0.353125 0.00859375 0.02109375
0 0.0171875 0.2171875 0.009375 0.01796875
0 0.61796875 0.2796875 0.00859375 0.015625
0 0.3515625 0.5703125 0.009375 0.02109375
0 0.2453125 0.23203125 0.009375 0.01796875
0 0.41953125 0.52421875 0.0109375 0.02109375
0 0.4046875 0.296875 0.009375 0.01796875
0 0.50390625 0.28125 0.009375 0.01796875
0 0.99453125 0.16640625 0.00859375 0.02109375
0 0.653125 0.0796875 0.0109375 0.0125
0 0.26796875 0.2046875 0.00859375 0.01796875
0 0.98125 0.065625 0.00859375 0.015625
0 0.51796875 0.61640625 0.0109375 0.02109375
0 0.1140625 0.74921875 0.0140625 0.02421875
0 0.15703125 0.29375 0.009375 0.01796875
0 0.72109375 0.68203125 0.0125 0.03046875
0 0.65859375 0.66640625 0.0125 0.03046875
0 0.72109375 0.39453125 0.0109375 0.01796875
0 0.665625 0.33046875 0.009375 0.01796875
0 0.70390625 0.2 0.009375 0.015625
0 0.4921875 0.34375 0.009375 0.02109375
0 0.96640625 0.24765625 0.0109375 0.01796875
0 0.69140625 0.75078125 0.009375 0.02109375
0 0.6296875 0.68203125 0.009375 0.02421875
0 0.5671875 0.31328125 0.00859375 0.015625
0 0.96953125 0.634375 0.0109375 0.02109375
0 0.59453125 0.10546875 0.0078125 0.015625
0 0.3875 0.23203125 0.009375 0.01796875
0 0.84453125 0.1375 0.00859375 0.01796875
0 0.11796875 0.215625 0.00859375 0.015625
0 0.91796875 0.1390625 0.0078125 0.015625
0 0.5296875 0.415625 0.00859375 0.02421875
0 0.7875 0.1578125 0.00859375 0.015625
0 0.55703125 0.40546875 0.00859375 0.015625
0 0.38984375 0.7265625 0.0109375 0.02109375
0 0.2171875 0.5046875 0.01171875 0.02421875
0 0.69453125 0.36875 0.009375 0.02109375
0 0.00625 0.31015625 0.0109375 0.02109375
0 0.59453125 0.31015625 0.009375 0.015625
0 0.13125 0.47578125 0.0109375 0.02109375
0 0.96640625 0.03046875 0.00859375 0.0125
0 0.26484375 0.10390625 0.009375 0.01796875
0 0.3046875 0.25078125 0.009375 0.01796875
0 0.4671875 0.01796875 0.0078125 0.0125
0 0.4203125 0.25390625 0.0109375 0.01796875
0 0.44375 0.33046875 0.00859375 0.01796875
0 0.73359375 0.5640625 0.0109375 0.02109375
0 0.70546875 0.36875 0.00859375 0.02109375