0 0.36015625 0.1453125 0.03203125 0.05078125
0 0.33515625 0.1171875 0.02734375 0.04140625
0 0.6625 0.10390625 0.025 0.0390625
0 0.446875 0.21640625 0.034375 0.0546875
0 0.11015625 0.3421875 0.0453125 0.05859375
0 0.9796875 0.025 0.0265625 0.0390625
0 0.590625 0.103125 0.0234375 0.04296875
0 0.56328125 0.86015625 0.06953125 0.11328125
0 0.2625 0.0765625 0.02734375 0.04140625
0 0.31171875 0.071875 0.0265625 0.0484375
0 0.5578125 0.425 0.04375 0.06640625
0 0.7140625 0.04375 0.0296875 0.0453125
0 0.16796875 0.3125 0.04296875 0.05703125
0 0.0859375 0.25625 0.040625 0.0546875
0 0.21953125 0.31796875 0.04609375 0.0625
0 0.8875 0.0390625 0.028125 0.04140625
0 0.74296875 0.4359375 0.0484375 0.06796875
0 0.2171875 0.146875 0.03125 0.046875
0 0.4703125 0.08828125 0.028125 0.04453125
0 0.5859375 0.271875 0.0375 0.0546875
0 0.82890625 0.05625 0.0328125 0.0484375
0 0.53515625 0.03125 0.02734375 0.04140625
0 0.421875 0.359375 0.04296875 0.0625
0 0.14296875 0.0140625 0.0203125 0.02734375
0 0.17578125 0.03671875 0.02734375 0.03671875
0 0.65703125 0.26796875 0.025 0.03125
0 0.07734375 0.4125 0.04765625 0.0703125
0 0.16015625 0.4140625 0.046875 0.06796875
0 0.446875 0.06875 0.02421875 0.0375
0 0.51875 0.31796875 0.0421875 0.0625
0 0.64296875 0.32421875 0.04375 0.0625
0 0.7453125 0.7640625 0.07421875 0.1015625
0 0.4328125 0.71875 0.0671875 0.09375
0 0.09765625 0.05703125 0.025 0.03671875
0 0.9125 0.08203125 0.0359375 0.05234375
0 0.41875 0.0171875 0.0234375 0.03359375
0 0.6859375 0.3 0.03046875 0.05078125
0 0.0203125 0.6296875 0.040625 0.08203125
0 0.0609375 0.92578125 0.02734375 0.0390625
0 0.8078125 0.9828125 0.0875 0.0328125
0 0.43203125 0.3046875 0.04609375 0.04921875
0 0.3109375 0.29375 0.03125 0.05078125
0 0.54375 0.3703125 0.03515625 0.02734375
0 0.12265625 0.00625 0.0203125 0.0125
0 0.01484375 0.20078125 0.0296875 0.05703125
0 0.35703125 0.09296875 0.0265625 0.04296875
0 0.25546875 0.04296875 0.02421875 0.03125