0 0.165625 0.66171875 0.02109375 0.03984375
0 0.553125 0.8765625 0.0359375 0.05703125
0 0.55078125 0.80078125 0.03125 0.0453125
0 0.73203125 0.89921875 0.0359375 0.06171875
0 0.5765625 0.76953125 0.02890625 0.0546875
0 0.52109375 0.54140625 0.0203125 0.0296875
0 0.3265625 0.6140625 0.02109375 0.03515625
0 0.1578125 0.84921875 0.03515625 0.0515625
0 0.38828125 0.75703125 0.02890625 0.04296875
0 0.8328125 0.89453125 0.03359375 0.05859375
0 0.2484375 0.67421875 0.0234375 0.03828125
0 0.8453125 0.671875 0.02890625 0.046875
0 0.7796875 0.50703125 0.02109375 0.03359375
0 0.81796875 0.7640625 0.0265625 0.04140625
0 0.6296875 0.81640625 0.03359375 0.06015625
0 0.96328125 0.67890625 0.02890625 0.0484375
0 0.30078125 0.61171875 0.0234375 0.03671875
0 0.4953125 0.759375 0.02890625 0.0484375
0 0.909375 0.63203125 0.0234375 0.03671875
0 0.8484375 0.79921875 0.0359375 0.05859375
0 0.6578125 0.59921875 0.0234375 0.03828125
0 0.79921875 0.61171875 0.0265625 0.03984375
0 0.3953125 0.821875 0.03359375 0.06015625
0 0.74296875 0.39140625 0.01640625 0.0265625
0 0.9203125 0.8265625 0.0359375 0.06328125
0 0.63203125 0.7265625 0.0265625 0.046875
0 0.12109375 0.671875 0.025 0.03984375
0 0.7609375 0.77734375 0.0359375 0.0546875
0 0.2546875 0.45546875 0.01640625 0.025
0 0.89296875 0.596875 0.0234375 0.03984375
0 0.5171875 0.5015625 0.01875 0.0296875
0 0.35 0.69921875 0.02734375 0.04140625
0 0.765625 0.66640625 0.0265625 0.04296875
0 0.7609375 0.621875 0.02109375 0.0296875
0 0.42578125 0.621875 0.0234375 0.03984375
0 0.234375 0.5015625 0.02109375 0.03359375
0 0.4796875 0.8640625 0.0375 0.06171875
0 0.4046875 0.659375 0.0234375 0.04140625
0 0.68046875 0.84140625 0.0359375 0.06015625
0 0.60859375 0.484375 0.0171875 0.028125
0 0.30703125 0.46953125 0.01640625 0.028125
0 0.21953125 0.63203125 0.0265625 0.03671875
0 0.340625 0.56640625 0.02109375 0.03671875
0 0.51015625 0.58671875 0.02734375 0.04296875
0 0.60546875 0.43671875 0.01640625 0.0265625
0 0.6296875 0.62421875 0.0234375 0.03828125
0 0.51640625 0.45546875 0.01484375 0.025
0 0.7015625 0.5640625 0.025 0.03515625
0 0.4828125 0.35703125 0.0140625 0.0203125
0 0.5640625 0.384375 0.0140625 0.021875
0 0.9515625 0.490625 0.0203125 0.03515625
0 0.43046875 0.78203125 0.03359375 0.053125
0 0.34453125 0.43671875 0.01640625 0.0265625
0 0.0609375 0.82421875 0.04140625 0.06171875
0 0.98671875 0.7390625 0.0234375 0.0453125
0 0.05703125 0.69921875 0.02890625 0.03828125
0 0.78203125 0.4265625 0.01640625 0.0265625
0 0.58671875 0.67109375 0.0265625 0.0453125
0 0.059375 0.62890625 0.02109375 0.03515625
0 0.3140625 0.80703125 0.0359375 0.06015625
0 0.1890625 0.53203125 0.0171875 0.0296875
0 0.4578125 0.34140625 0.0109375 0.01640625
0 0.165625 0.76953125 0.03359375 0.0515625
0 0.9421875 0.41640625 0.01640625 0.0265625
0 0.19296875 0.66640625 0.0234375 0.03984375
0 0.55546875 0.4265625 0.01640625 0.0265625
0 0.0703125 0.496875 0.01875 0.0265625
0 0.7234375 0.44140625 0.01875 0.0265625
0 0.9546875 0.44140625 0.0171875 0.0234375
0 0.8484375 0.47421875 0.02109375 0.03828125
0 0.1515625 0.45390625 0.01484375 0.021875
0 0.22421875 0.71953125 0.0265625 0.04140625
0 0.50703125 0.4265625 0.0140625 0.0234375
0 0.13046875 0.47734375 0.01875 0.025
0 0.828125 0.41171875 0.0140625 0.0265625
0 0.1984375 0.584375 0.02109375 0.03203125
0 0.7265625 0.659375 0.0265625 0.04140625
0 0.8828125 0.4421875 0.01640625 0.025
0 0.02578125 0.51171875 0.02109375 0.03359375
0 0.07421875 0.74453125 0.03125 0.0484375
0 0.1109375 0.59921875 0.0203125 0.03203125
0 0.91484375 0.37890625 0.01484375 0.021875
0 0.1828125 0.3890625 0.0125 0.021875
0 0.4171875 0.45703125 0.01875 0.0265625
0 0.9578125 0.559375 0.02890625 0.0484375
0 0.2546875 0.62890625 0.01875 0.028125
0 0.9890625 0.54453125 0.01875 0.03828125
0 0.309375 0.521875 0.01640625 0.0296875
0 0.7546875 0.45390625 0.01875 0.028125
0 0.3171875 0.65703125 0.0265625 0.04296875
0 0.9078125 0.434375 0.01640625 0.021875
0 0.46328125 0.3765625 0.0140625 0.0234375
0 0.81171875 0.41640625 0.01875 0.0265625
0 0.8875 0.51640625 0.02265625 0.03984375
0 0.6171875 0.40703125 0.0140625 0.0234375
0 0.3078125 0.7140625 0.0296875 0.04140625
0 0.359375 0.59921875 0.0234375 0.03515625
0 0.646875 0.921875 0.0359375 0.06328125
0 0.10546875 0.509375 0.01875 0.028125
0 0.76640625 0.38203125 0.01484375 0.0234375
0 0.8828125 0.39921875 0.01640625 0.021875
0 0.8796875 0.28203125 0.0140625 0.0234375
0 0.340625 0.35390625 0.0109375 0.01796875
0 0.546875 0.7515625 0.0265625 0.046875
0 0.934375 0.29140625 0.0140625 0.0234375
0 0.76875 0.35703125 0.01484375 0.0203125
0 0.0484375 0.5765625 0.0234375 0.03671875
0 0.92578125 0.69921875 0.0265625 0.03828125
0 0.8984375 0.73671875 0.03359375 0.04296875
0 0.8046875 0.346875 0.0140625 0.0203125
0 0.4203125 0.359375 0.0109375 0.01796875
0 0.9890625 0.684375 0.0203125 0.04140625
0 0.16796875 0.5640625 0.01875 0.03203125
0 0.0953125 0.4140625 0.0140625 0.021875
0 0.496875 0.4515625 0.01640625 0.0234375
0 0.14375 0.42890625 0.01484375 0.021875
0 0.79765625 0.37890625 0.01484375 0.021875
0 0.58515625 0.4015625 0.0125 0.0234375
0 0.5515625 0.55390625 0.02109375 0.03203125
0 0.8296875 0.365625 0.0140625 0.025
0 0.1734375 0.46171875 0.0171875 0.0234375
0 0.88046875 0.659375 0.02109375 0.04140625
0 0.06796875 0.40390625 0.0140625 0.021875
0 0.0265625 0.46640625 0.01640625 0.0234375
0 0.51015625 0.35390625 0.0125 0.021875
0 0.07890625 0.36640625 0.0125 0.01640625
0 0.25546875 0.55703125 0.01875 0.0265625
0 0.1453125 0.55703125 0.0203125 0.0265625
0 0.5453125 0.64453125 0.025 0.04140625
0 0.29921875 0.915625 0.04140625 0.0546875
0 0.6546875 0.33203125 0.0109375 0.01640625
0 0.7421875 0.434375 0.01875 0.021875
0 0.2078125 0.4765625 0.0171875 0.0265625
0 0.60390625 0.3640625 0.0125 0.01796875
0 0.603125 0.58671875 0.0234375 0.03671875
0 0.67265625 0.40703125 0.01484375 0.0234375
0 0.68671875 0.48671875 0.01875 0.0296875
0 0.61953125 0.45390625 0.0140625 0.025
0 0.78046875 0.7140625 0.0234375 0.04140625
0 0.86796875 0.37421875 0.01640625 0.025
0 0.1015625 0.8140625 0.0359375 0.06171875
0 0.5796875 0.3515625 0.0125 0.0203125
0 0.15546875 0.53203125 0.01875 0.0265625
0 0.721875 0.334375 0.0109375 0.021875
0 0.0765625 0.54140625 0.01875 0.0265625
0 0.8140625 0.546875 0.01875 0.03671875
0 0.21484375 0.43203125 0.01484375 0.0203125
0 0.98984375 0.334375 0.01484375 0.025
0 0.484375 0.69921875 0.0234375 0.03203125
0 0.79609375 0.44921875 0.0171875 0.028125
0 0.4859375 0.396875 0.01640625 0.0234375
0 0.1828125 0.43203125 0.01484375 0.0234375
0 0.55703125 0.36171875 0.0109375 0.0234375
0 0.8703125 0.309375 0.0109375 0.021875
0 0.04765625 0.38203125 0.0125 0.0203125
0 0.5578125 0.471875 0.01640625 0.0234375
0 0.08203125 0.43203125 0.01640625 0.0234375
0 0.134375 0.59453125 0.0234375 0.03828125
0 0.815625 0.459375 0.01875 0.028125
0 0.484375 0.43203125 0.0140625 0.0234375
0 0.37578125 0.94453125 0.0390625 0.06484375
0 0.40078125 0.61640625 0.02109375 0.03359375
0 0.46328125 0.509375 0.01640625 0.028125
0 0.2515625 0.834375 0.0421875 0.06171875
0 0.7078125 0.32890625 0.0125 0.01796875
0 0.2203125 0.30703125 0.00859375 0.01328125
0 0.628125 0.43203125 0.01640625 0.0234375
0 0.978125 0.50703125 0.01875 0.03359375
0 0.11484375 0.45703125 0.01484375 0.0203125
0 0.39296875 0.4515625 0.01640625 0.0265625
0 0.25546875 0.41640625 0.0140625 0.0234375
0 0.434375 0.3765625 0.0109375 0.0203125
0 0.446875 0.45390625 0.01640625 0.021875
0 0.759375 0.24453125 0.0109375 0.01796875
0 0.6671875 0.27890625 0.01015625 0.01796875
0 0.3390625 0.49453125 0.01875 0.025
0 0.2015625 0.37890625 0.0109375 0.01796875
0 0.4578125 0.68671875 0.02890625 0.03984375
0 0.9046875 0.27890625 0.0109375 0.01796875
0 0.36953125 0.40390625 0.0140625 0.021875
0 0.7453125 0.73515625 0.0265625 0.0296875
0 0.165625 0.38203125 0.0109375 0.01640625
0 0.421875 0.39453125 0.0140625 0.025
0 0.6609375 0.434375 0.01640625 0.021875
0 0.278125 0.496875 0.0140625 0.0265625
0 0.64375 0.31953125 0.01015625 0.01796875
0 0.16015625 0.50703125 0.0171875 0.0234375
0 0.903125 0.3390625 0.0140625 0.01796875
0 0.2921875 0.65390625 0.02265625 0.03828125
0 0.1296875 0.30390625 0.00859375 0.01171875
0 0.0109375 0.7515625 0.021875 0.053125
0 0.9109375 0.45390625 0.01875 0.025
0 0.2421875 0.428125 0.01484375 0.0203125
0 0.80703125 0.29453125 0.0109375 0.01796875
0 0.69609375 0.421875 0.01484375 0.0265625
0 0.315625 0.40390625 0.0109375 0.021875
0 0.278125 0.34140625 0.0109375 0.01640625
0 0.12578125 0.51171875 0.01875 0.0265625
0 0.20859375 0.40390625 0.0125 0.01796875
0 0.3828125 0.4265625 0.01640625 0.0234375
0 0.703125 0.521875 0.02109375 0.0265625
0 0.2234375 0.396875 0.0140625 0.0234375
0 0.234375 0.37890625 0.0109375 0.01796875
0 0.25625 0.31640625 0.01015625 0.01328125
0 0.9734375 0.79921875 0.03359375 0.0546875
0 0.12890625 0.3265625 0.0125 0.01640625
0 0.25703125 0.35390625 0.0109375 0.01796875
0 0.30078125 0.5765625 0.0234375 0.0265625
0 0.490625 0.50703125 0.01640625 0.0234375
0 0.24453125 0.31953125 0.0109375 0.01484375
0 0.934375 0.39140625 0.0140625 0.0234375
0 0.3078125 0.4390625 0.0140625 0.021875
0 0.90546875 0.3140625 0.0109375 0.01796875
0 0.19453125 0.34140625 0.00859375 0.01328125
0 0.2046875 0.54453125 0.02109375 0.028125
0 0.0265625 0.41640625 0.01640625 0.0234375
0 0.575 0.49140625 0.0171875 0.0265625
0 0.28203125 0.31953125 0.00859375 0.01484375
0 0.340625 0.32890625 0.00859375 0.01796875
0 0.55703125 0.33203125 0.0109375 0.01640625
0 0.29296875 0.3640625 0.0140625 0.01796875
0 0.78984375 0.234375 0.01015625 0.01796875
0 0.7453125 0.3203125 0.0109375 0.0203125
0 0.1265625 0.35703125 0.0109375 0.01640625
0 0.66171875 0.46640625 0.01640625 0.0265625
0 0.11796875 0.38203125 0.0140625 0.01640625
0 0.8296875 0.34140625 0.0109375 0.01640625
0 0.64453125 0.36640625 0.0109375 0.01640625
0 0.95234375 0.34140625 0.0125 0.01640625
0 0.77578125 0.57421875 0.01875 0.028125
0 0.78203125 0.3390625 0.0109375 0.01796875
0 0.3421875 0.40703125 0.0109375 0.01640625
0 0.96328125 0.40703125 0.0140625 0.0234375
0 0.471875 0.55390625 0.01875 0.025
0 0.67109375 0.371875 0.0125 0.0203125
0 0.8140625 0.37890625 0.0140625 0.021875
0 0.253125 0.37890625 0.0109375 0.01796875
0 0.53046875 0.44140625 0.0140625 0.0234375
0 0.75703125 0.56171875 0.0234375 0.03359375
0 0.40703125 0.3765625 0.0109375 0.0203125
0 0.5515625 0.59453125 0.01875 0.03203125
0 0.03203125 0.34453125 0.0109375 0.01484375
0 0.0578125 0.35703125 0.0109375 0.01640625
0 0.865625 0.5265625 0.0265625 0.03671875
0 0.6390625 0.4515625 0.01640625 0.0265625
0 0.3921875 0.39140625 0.0140625 0.0203125
0 0.453125 0.31953125 0.0109375 0.01796875
0 0.09140625 0.34453125 0.01015625 0.01484375
0 0.44453125 0.3515625 0.0109375 0.01640625
0 0.53671875 0.36171875 0.0109375 0.01640625
0 0.2078125 0.34140625 0.0109375 0.01640625
0 0.02421875 0.7046875 0.02890625 0.03984375
0 0.1796875 0.35390625 0.0109375 0.01171875
0 0.10859375 0.40703125 0.01484375 0.0234375
0 0.14453125 0.36953125 0.0109375 0.01796875
0 0.659375 0.659375 0.02109375 0.03828125
0 0.01875 0.35703125 0.0125 0.01640625
0 0.0953125 0.3890625 0.0109375 0.01796875
0 0.24453125 0.34140625 0.0109375 0.01640625
0 0.00703125 0.846875 0.0140625 0.05
0 0.3609375 0.63203125 0.0234375 0.03671875
0 0.16953125 0.421875 0.0140625 0.0234375
0 0.1078125 0.434375 0.01484375 0.021875
0 0.13203125 0.39140625 0.0140625 0.0203125
0 0.7390625 0.246875 0.0109375 0.01640625
0 0.965625 0.27890625 0.0140625 0.01796875
0 0.4171875 0.30390625 0.0109375 0.01171875
0 0.7203125 0.29140625 0.00859375 0.01640625
0 0.31875 0.37890625 0.0125 0.01796875
0 0.728125 0.771875 0.0234375 0.03671875
0 0.29296875 0.32890625 0.0109375 0.01484375
0 0.08203125 0.27890625 0.00859375 0.01171875
0 0.21796875 0.35390625 0.0109375 0.01484375
0 0.00703125 0.359375 0.0109375 0.021875
0 0.3828125 0.31640625 0.01015625 0.01640625
0 0.93203125 0.3140625 0.0140625 0.01796875
0 0.3078125 0.33203125 0.01015625 0.01640625
0 0.69296875 0.396875 0.0140625 0.0234375
0 0.446875 0.39453125 0.0140625 0.021875
0 0.1921875 0.31640625 0.00859375 0.01328125
0 0.6171875 0.33203125 0.01015625 0.01640625
0 0.63046875 0.35390625 0.0109375 0.01796875
0 0.278125 0.39140625 0.0109375 0.01640625
0 0.040625 0.484375 0.01640625 0.021875
0 0.20625 0.35703125 0.01015625 0.01640625
0 0.0046875 0.38515625 0.00859375 0.0203125
0 0.29296875 0.34453125 0.0109375 0.01484375
0 0.871875 0.41953125 0.01875 0.025
0 0.08046875 0.34140625 0.00859375 0.01328125
0 0.6046875 0.31953125 0.00859375 0.01171875
0 0.31171875 0.3640625 0.0109375 0.01796875
0 0.1578125 0.31640625 0.0109375 0.01328125
0 0.3578125 0.35390625 0.0109375 0.01796875
0 0.228125 0.34453125 0.0109375 0.01484375
0 0.63046875 0.31640625 0.00859375 0.01328125
0 0.24296875 0.40390625 0.0140625 0.01796875
0 0.77109375 0.26640625 0.01015625 0.01640625
0 0.14453125 0.40703125 0.0140625 0.0203125
0 0.2375 0.46171875 0.0171875 0.0265625
0 0.3796875 0.3390625 0.0109375 0.01796875