0 0.45546875 0.6328125 0.034375 0.05703125
0 0.5671875 0.63828125 0.0390625 0.06015625
0 0.353125 0.40703125 0.01875 0.02734375
0 0.63984375 0.259375 0.0140625 0.01953125
0 0.66875 0.3390625 0.015625 0.021875
0 0.92109375 0.2046875 0.0125 0.01796875
0 0.83046875 0.3140625 0.01640625 0.0234375
0 0.009375 0.3984375 0.0125 0.0234375
0 0.0265625 0.346875 0.01171875 0.0171875
0 0.03046875 0.38203125 0.0125 0.01953125
0 0.0515625 0.33046875 0.009375 0.01796875
0 0.6859375 0.28515625 0.015625 0.02109375
0 0.46796875 0.26875 0.0109375 0.0140625
0 0.73125 0.3484375 0.0171875 0.025
0 0.853125 0.2078125 0.0125 0.0171875
0 0.86875 0.20625 0.0140625 0.0171875
0 0.97109375 0.29453125 0.01484375 0.0234375
0 0.81328125 0.253125 0.01484375 0.01953125
0 0.49296875 0.28125 0.0140625 0.01796875
0 0.759375 0.2890625 0.0140625 0.02109375
0 0.946875 0.20625 0.0109375 0.0140625
0 0.103125 0.36875 0.0125 0.0171875
0 0.55625 0.2640625 0.0125 0.015625
0 0.1484375 0.34140625 0.0140625 0.02109375
0 0.57890625 0.2640625 0.009375 0.0171875
0 0.99453125 0.20546875 0.00859375 0.01796875
0 0.75703125 0.240625 0.0140625 0.02109375
0 0.0703125 0.31953125 0.009375 0.0140625
0 0.7703125 0.21875 0.0140625 0.02109375
0 0.82734375 0.25546875 0.0140625 0.01796875
0 0.9796875 0.1625 0.0140625 0.01796875
0 0.06640625 0.36328125 0.0140625 0.01796875
0 0.9546875 0.6484375 0.05078125 0.07265625
0 0.51484375 0.3671875 0.015625 0.02109375
0 0.51796875 0.2515625 0.0109375 0.015625
0 0.98125 0.2 0.0140625 0.01953125
0 0.4328125 0.28125 0.0109375 0.01328125
0 0.08203125 0.4953125 0.0171875 0.025
0 0.06640625 0.3421875 0.01171875 0.01796875
0 0.5046875 0.2546875 0.009375 0.0140625
0 0.41640625 0.27265625 0.0109375 0.0140625
0 0.665625 0.21640625 0.01171875 0.015625
0 0.17734375 0.31875 0.0109375 0.01796875
0 0.99453125 0.17265625 0.00859375 0.01953125
0 0.103125 0.3484375 0.0109375 0.0171875
0 0.06953125 0.28125 0.00859375 0.01328125
0 0.8234375 0.209375 0.0140625 0.01796875
0 0.60625 0.2171875 0.0109375 0.01796875
0 0.18125 0.26875 0.00703125 0.01171875
0 0.053125 0.3515625 0.01171875 0.01796875
0 0.3171875 0.2796875 0.0078125 0.01015625
0 0.11953125 0.2796875 0.00859375 0.01171875
0 0.09453125 0.2796875 0.00859375 0.01015625
0 0.83671875 0.234375 0.0140625 0.02109375
0 0.0546875 0.26796875 0.0078125 0.0078125
0 0.16875 0.26875 0.0078125 0.01171875
0 0.3296875 0.27890625 0.0078125 0.01015625
0 0.11640625 0.3203125 0.009375 0.01796875
0 0.628125 0.2640625 0.0109375 0.01796875
0 0.10546875 0.26875 0.0078125 0.01171875
0 0.88984375 0.2046875 0.01171875 0.015625
0 0.45234375 0.275 0.0109375 0.0140625
0 0.23671875 0.26171875 0.00703125 0.0078125
0 0.0296875 0.31875 0.009375 0.01171875
0 0.03046875 0.28046875 0.00703125 0.01171875
0 0.0796875 0.2671875 0.0078125 0.00625
0 0.13984375 0.30390625 0.009375 0.0140625
0 0.4296875 0.2171875 0.0078125 0.01015625
0 0.41328125 0.2359375 0.0078125 0.01328125
0 0.34453125 0.28046875 0.00859375 0.01171875
0 0.478125 0.30078125 0.01171875 0.01796875
0 0.22421875 0.275 0.00703125 0.01328125
0 0.44375 0.23125 0.00859375 0.01171875
0 0.9921875 0.35 0.0140625 0.02578125
0 0.096875 0.50625 0.01484375 0.01953125
0 0.24296875 0.28125 0.00703125 0.0078125
0 0.03046875 0.2671875 0.00703125 0.0078125
0 0.2046875 0.2671875 0.0078125 0.01171875
0 0.45546875 0.23046875 0.00859375 0.01328125
0 0.23125 0.2671875 0.00703125 0.0078125
0 0.4890625 0.2625 0.00859375 0.0140625
0 0.26796875 0.2796875 0.00703125 0.0078125
0 0.73671875 0.1328125 0.0109375 0.015625
0 0.784375 0.2078125 0.0125 0.01953125
0 0.61796875 0.21953125 0.0109375 0.0140625
0 0.36875 0.22890625 0.00703125 0.01015625
0 0.06875 0.26796875 0.00703125 0.0078125
0 0.99296875 0.234375 0.0109375 0.01796875
0 0.08359375 0.3921875 0.0109375 0.015625
0 0.0046875 0.2671875 0.00859375 0.01171875
0 0.04375 0.2796875 0.0078125 0.01015625
0 0.20546875 0.25546875 0.00703125 0.0078125
0 0.1375 0.2625 0.00703125 0.01171875
0 0.3953125 0.26875 0.00859375 0.01171875
0 0.0796875 0.25625 0.00625 0.0078125
0 0.0125 0.28671875 0.00859375 0.01328125
0 0.25625 0.2671875 0.00703125 0.00625
0 0.1375 0.2375 0.00625 0.00625
0 0.56796875 0.34921875 0.0125 0.0234375
0 0.0046875 0.3265625 0.009375 0.015625
0 0.2546875 0.28125 0.0078125 0.0078125
0 0.60625 0.28515625 0.01171875 0.015625
0 0.14296875 0.31796875 0.0109375 0.01328125
0 0.21796875 0.25625 0.00703125 0.00625