0 0.628125 0.06171875 0.02421875 0.0375
0 0.2625 0.2640625 0.0421875 0.05859375
0 0.25078125 0.0765625 0.02734375 0.04296875
0 0.6 0.16796875 0.03125 0.04921875
0 0.575 0.04453125 0.021875 0.03671875
0 0.940625 0.4859375 0.06328125 0.08046875
0 0.421875 0.0109375 0.025 0.021875
0 0.5265625 0.409375 0.04765625 0.06875
0 0.040625 0.0265625 0.03046875 0.04296875
0 0.43671875 0.71796875 0.0703125 0.11328125
0 0.225 0.125 0.03203125 0.04921875
0 0.5359375 0.0125 0.02265625 0.025
0 0.0171875 0.1109375 0.03125 0.0453125
0 0.8625 0.6234375 0.0765625 0.103125
0 0.284375 0.4578125 0.04765625 0.06875
0 0.44765625 0.5265625 0.0515625 0.0796875
0 0.85546875 0.38203125 0.05625 0.0796875
0 0.353125 0.56171875 0.04765625 0.0640625
0 0.49765625 0.00625 0.0203125 0.0125
0 0.4890625 0.54453125 0.03515625 0.04453125
0 0.85859375 0.00625 0.025 0.01171875
0 0.00703125 0.48671875 0.0140625 0.03125