0 0.59453125 0.303125 0.046875 0.07578125
0 0.178125 0.109375 0.0359375 0.0546875
0 0.8796875 0.525 0.07109375 0.10703125
0 0.53203125 0.16796875 0.040625 0.0625
0 0.25625 0.225 0.0421875 0.0625
0 0.43125 0.06640625 0.0328125 0.0546875
0 0.8703125 0.30625 0.059375 0.084375
0 0.63671875 0.10546875 0.0390625 0.0625
0 0.32734375 0.1546875 0.03828125 0.05703125
0 0.07890625 0.2 0.040625 0.05625
0 0.2921875 0.13671875 0.0328125 0.04921875
0 0.7984375 0.025 0.0296875 0.04453125
0 0.7203125 0.1546875 0.03984375 0.06015625
0 0.15390625 0.275 0.0515625 0.0859375
0 0.8046875 0.09921875 0.0375 0.0546875
0 0.56328125 0.0828125 0.0359375 0.053125
0 0.97578125 0.1984375 0.046875 0.071875
0 0.915625 0.15 0.04296875 0.06796875
0 0.48125 0.13125 0.0375 0.05625
0 0.35078125 0.22578125 0.04296875 0.06875
0 0.8546875 0.03046875 0.0359375 0.05078125
0 0.4859375 0.06953125 0.0328125 0.05078125
0 0.36015625 0.03828125 0.03046875 0.0453125
0 0.7265625 0.06875 0.0328125 0.05078125
0 0.73125 0.446875 0.0546875 0.08984375
0 0.3328125 0.0515625 0.0234375 0.03515625
0 0.06796875 0.0484375 0.0203125 0.03515625
0 0.70390625 0.0140625 0.0359375 0.028125
0 0.6953125 0.06875 0.0328125 0.0546875
0 0.2234375 0.27890625 0.03515625 0.05234375
0 0.31640625 0.1 0.0296875 0.03671875
0 0.85859375 0.1046875 0.0328125 0.053125
0 0.02421875 0.07890625 0.025 0.04296875
0 0.0171875 0.2796875 0.034375 0.06796875
0 0.08125 0.1 0.0265625 0.0390625
0 0.00859375 0.14921875 0.0171875 0.0375
0 0.03828125 0.15625 0.028125 0.04140625
0 0.46171875 0.009375 0.0296875 0.01875
0 0.7765625 0.0609375 0.0359375 0.04453125
0 0.00703125 0.2109375 0.0140625 0.06015625
0 0.88359375 0.9421875 0.10078125 0.1109375
0 0.6375 0.0125 0.03203125 0.025
0 0.89921875 0.09765625 0.03828125 0.05234375
0 0.24296875 0.35390625 0.0484375 0.07265625
0 0.21953125 0.025 0.025 0.0484375
0 0.11015625 0.0171875 0.021875 0.0328125
0 0.915625 0.76796875 0.10546875 0.13046875
0 0.8265625 0.25078125 0.0421875 0.0609375
0 0.74375 0.00625 0.028125 0.0125
0 0.40234375 0.0078125 0.0234375 0.015625