0 0.92265625 0.19140625 0.02734375 0.03671875
0 0.853125 0.75625 0.075 0.10703125
0 0.903125 0.16796875 0.0203125 0.03125
0 0.87578125 0.38203125 0.0390625 0.05625
0 0.87734375 0.178125 0.0203125 0.03359375
0 0.7140625 0.2984375 0.025 0.0375
0 0.95859375 0.040625 0.01640625 0.025
0 0.76953125 0.26171875 0.0234375 0.0390625
0 0.76484375 0.05703125 0.01484375 0.0234375
0 0.92734375 0.0359375 0.01640625 0.025
0 0.88046875 0.09375 0.01875 0.0234375
0 0.32734375 0.503125 0.03984375 0.05625
0 0.975 0.834375 0.04765625 0.09921875
0 0.1140625 0.94140625 0.06875 0.08828125
0 0.36015625 0.0265625 0.015625 0.021875
0 0.4859375 0.175 0.01953125 0.02734375
0 0.3921875 0.2671875 0.021875 0.03671875
0 0.54375 0.46015625 0.0265625 0.0296875
0 0.54609375 0.04296875 0.01171875 0.01796875
0 0.37578125 0.0765625 0.015625 0.02109375
0 0.80234375 0.04921875 0.01484375 0.02578125
0 0.48828125 0.04140625 0.015625 0.0234375
0 0.9484375 0.3328125 0.03515625 0.053125
0 0.428125 0.01875 0.0125 0.01953125
0 0.115625 0.24375 0.01875 0.0234375
0 0.5203125 0.0171875 0.0140625 0.0234375
0 0.97421875 0.0921875 0.0203125 0.02890625
0 0.39921875 0.02265625 0.01484375 0.021875
0 0.4390625 0.08046875 0.01484375 0.01796875
0 0.85078125 0.96171875 0.125 0.07421875
0 0.5703125 0.1203125 0.015625 0.021875
0 0.3046875 0.0515625 0.0140625 0.01953125
0 0.99296875 0.3984375 0.0125 0.03359375
0 0.44375 0.02578125 0.01171875 0.01796875
0 0.43046875 0.04453125 0.01484375 0.0234375
0 0.50234375 0.1609375 0.01484375 0.021875
0 0.725 0.15078125 0.01953125 0.03125
0 0.8703125 0.146875 0.01875 0.02109375
0 0.1203125 0.34375 0.01484375 0.02109375
0 0.31953125 0.15390625 0.01484375 0.02109375
0 0.38203125 0.15703125 0.0171875 0.0296875
0 0.10859375 0.36640625 0.01640625 0.01953125
0 0.4578125 0.9609375 0.0328125 0.046875
0 0.6828125 0.08046875 0.0140625 0.01796875
0 0.5578125 0.4125 0.0265625 0.02890625
0 0.121875 0.45625 0.01484375 0.01953125