0 0.05390625 0.8109375 0.04609375 0.07890625
0 0.51484375 0.5703125 0.0125 0.0234375
0 0.5109375 0.7671875 0.03046875 0.04375
0 0.1046875 0.928125 0.0453125 0.07421875
0 0.3578125 0.58046875 0.0140625 0.0234375
0 0.3609375 0.86484375 0.03515625 0.0671875
0 0.42109375 0.76640625 0.0328125 0.05390625
0 0.69453125 0.9109375 0.0375 0.0640625
0 0.59453125 0.70625 0.021875 0.0375
0 0.3703125 0.62109375 0.01640625 0.025
0 0.20859375 0.8171875 0.034375 0.05078125
0 0.5234375 0.8203125 0.0328125 0.05390625
0 0.32734375 0.6359375 0.01640625 0.03203125
0 0.48984375 0.68359375 0.0203125 0.0421875
0 0.415625 0.58359375 0.01484375 0.0234375
0 0.18828125 0.86875 0.03984375 0.0671875
0 0.12890625 0.5796875 0.015625 0.025
0 0.1703125 0.48125 0.0140625 0.01875
0 0.3421875 0.7359375 0.02734375 0.0421875
0 0.3703125 0.7453125 0.02265625 0.046875
0 0.2 0.54609375 0.0140625 0.0203125
0 0.06328125 0.71640625 0.034375 0.05546875
0 0.66875 0.76171875 0.03125 0.05390625
0 0.59921875 0.76171875 0.0265625 0.04765625
0 0.4125 0.878125 0.04375 0.07109375
0 0.165625 0.9609375 0.0484375 0.07578125
0 0.57734375 0.66953125 0.01640625 0.03203125
0 0.978125 0.8421875 0.0375 0.059375
0 0.071875 0.603125 0.015625 0.025
0 0.56171875 0.72890625 0.0265625 0.05234375
0 0.1140625 0.371875 0.01171875 0.01875
0 0.22265625 0.4578125 0.01171875 0.01875
0 0.4578125 0.6171875 0.01484375 0.0265625
0 0.68984375 0.7078125 0.02421875 0.0421875
0 0.76875 0.96875 0.03828125 0.059375
0 0.4984375 0.59375 0.015625 0.0265625
0 0.26484375 0.62421875 0.01640625 0.0265625
0 0.328125 0.53125 0.01171875 0.0203125
0 0.678125 0.55703125 0.01171875 0.01875
0 0.0375 0.3921875 0.01484375 0.021875
0 0.6265625 0.65234375 0.01640625 0.0265625
0 0.71171875 0.85546875 0.03046875 0.04765625
0 0.1421875 0.6359375 0.0171875 0.02890625
0 0.3953125 0.5953125 0.0140625 0.0203125
0 0.54609375 0.56328125 0.01171875 0.0203125
0 0.56328125 0.59296875 0.0140625 0.025
0 0.059375 0.56953125 0.01875 0.03046875
0 0.634375 0.53046875 0.0125 0.025
0 0.796875 0.63359375 0.01171875 0.021875
0 0.0296875 0.52421875 0.0140625 0.0203125
0 0.9046875 0.5578125 0.0109375 0.0171875
0 0.346875 0.9859375 0.05390625 0.025
0 0.5296875 0.61171875 0.01484375 0.02890625
0 0.4359375 0.71875 0.02265625 0.03203125
0 0.134375 0.60390625 0.015625 0.0234375
0 0.0203125 0.63828125 0.02734375 0.03359375
0 0.0671875 0.49765625 0.01484375 0.0234375
0 0.284375 0.64375 0.01640625 0.0265625
0 0.2453125 0.50390625 0.01171875 0.0171875
0 0.2046875 0.49453125 0.01171875 0.0203125
0 0.63046875 0.6953125 0.0203125 0.0421875
0 0.27109375 0.68984375 0.0203125 0.02890625
0 0.47421875 0.72890625 0.0203125 0.0375
0 0.0578125 0.38203125 0.01171875 0.01875
0 0.7359375 0.61484375 0.0140625 0.021875
0 0.70859375 0.6296875 0.0125 0.021875
0 0.5765625 0.540625 0.0140625 0.021875
0 0.4328125 0.53046875 0.0109375 0.01875
0 0.6828125 0.640625 0.0140625 0.0265625
0 0.6390625 0.83828125 0.03515625 0.0671875
0 0.29453125 0.7625 0.0265625 0.04375
0 0.13203125 0.71796875 0.0234375 0.0390625
0 0.6546875 0.5015625 0.00859375 0.015625
0 0.21875 0.76015625 0.03125 0.040625
0 0.17578125 0.5578125 0.015625 0.0234375
0 0.278125 0.88828125 0.04375 0.07421875
0 0.46484375 0.665625 0.0171875 0.03671875
0 0.61015625 0.65078125 0.01484375 0.0265625
0 0.1265625 0.7890625 0.04609375 0.0671875
0 0.43125 0.5671875 0.0125 0.021875
0 0.1453125 0.5125 0.0140625 0.0203125
0 0.76796875 0.7390625 0.0203125 0.0453125
0 0.08515625 0.66640625 0.0234375 0.040625
0 0.48359375 0.58046875 0.0125 0.0203125
0 0.1984375 0.67890625 0.021875 0.03046875
0 0.18046875 0.5171875 0.0140625 0.021875
0 0.153125 0.484375 0.0125 0.0203125
0 0.5859375 0.60703125 0.0140625 0.0234375
0 0.665625 0.6203125 0.0140625 0.0234375
0 0.39140625 0.4875 0.0109375 0.0171875
0 0.78984375 0.59296875 0.01171875 0.01875
0 0.8078125 0.6171875 0.01171875 0.0203125
0 0.44140625 0.6484375 0.021875 0.0390625
0 0.22109375 0.4875 0.0125 0.0203125
0 0.81640625 0.64375 0.0140625 0.0234375
0 0.04609375 0.528125 0.0140625 0.0265625
0 0.30859375 0.58046875 0.0140625 0.0203125
0 0.346875 0.7953125 0.03046875 0.05078125
0 0.1453125 0.67578125 0.025 0.03671875
0 0.465625 0.56015625 0.0125 0.0203125
0 0.8546875 0.60546875 0.009375 0.0171875
0 0.221875 0.6328125 0.01875 0.02890625
0 0.83984375 0.6171875 0.0140625 0.0203125
0 0.1453125 0.37734375 0.01171875 0.01875
0 0.84453125 0.590625 0.0109375 0.0171875
0 0.103125 0.5421875 0.01484375 0.025
0 0.253125 0.4546875 0.0109375 0.01875
0 0.76640625 0.6640625 0.01484375 0.02890625
0 0.7203125 0.6171875 0.0140625 0.0203125
0 0.73125 0.49453125 0.0078125 0.01328125
0 0.58671875 0.5109375 0.0109375 0.0171875
0 0.23125 0.5515625 0.0125 0.0203125
0 0.89453125 0.590625 0.009375 0.01875
0 0.95859375 0.69296875 0.01484375 0.0203125
0 0.6296875 0.9546875 0.053125 0.07890625
0 0.7703125 0.60546875 0.01171875 0.0171875
0 0.18984375 0.49609375 0.0125 0.0203125
0 0.82734375 0.7 0.0171875 0.0265625
0 0.30546875 0.5015625 0.0109375 0.01875
0 0.2484375 0.62109375 0.0171875 0.03359375
0 0.44453125 0.5078125 0.009375 0.0171875
0 0.103125 0.5046875 0.01484375 0.025
0 0.26484375 0.5203125 0.0125 0.01875
0 0.0296875 0.56015625 0.015625 0.0203125
0 0.60078125 0.5953125 0.0140625 0.0203125
0 0.35390625 0.49296875 0.0109375 0.01875
0 0.69375 0.540625 0.0109375 0.01875
0 0.81953125 0.52890625 0.009375 0.01875
0 0.31875 0.7109375 0.02421875 0.0390625
0 0.67734375 0.5890625 0.0125 0.021875
0 0.9875 0.63359375 0.0140625 0.01875
0 0.73125 0.59296875 0.0109375 0.015625
0 0.10546875 0.46796875 0.0140625 0.021875
0 0.45234375 0.56953125 0.0125 0.021875
0 0.66328125 0.6796875 0.0171875 0.03515625
0 0.290625 0.52421875 0.01171875 0.0171875
0 0.7546875 0.55234375 0.009375 0.01875
0 0.9421875 0.59296875 0.009375 0.015625
0 0.49296875 0.6421875 0.01640625 0.02890625
0 0.64140625 0.7359375 0.0234375 0.0421875
0 0.45859375 0.765625 0.02265625 0.040625
0 0.8703125 0.6171875 0.0109375 0.0203125
0 0.7875 0.5625 0.0109375 0.01875
0 0.4265625 0.68515625 0.021875 0.02734375
0 0.65390625 0.4796875 0.00859375 0.015625
0 0.21953125 0.7265625 0.02265625 0.02890625
0 0.4828125 0.56015625 0.0140625 0.0203125
0 0.6921875 0.59375 0.009375 0.0171875
0 0.16484375 0.44765625 0.01171875 0.021875
0 0.64453125 0.6171875 0.015625 0.02890625
0 0.27890625 0.49765625 0.0109375 0.0171875
0 0.45859375 0.52890625 0.0109375 0.01875
0 0.78046875 0.49453125 0.00703125 0.01328125
0 0.034375 0.96015625 0.06171875 0.07734375
0 0.353125 0.66640625 0.01640625 0.0265625
0 0.3296875 0.44453125 0.0078125 0.01328125
0 0.54453125 0.51484375 0.0109375 0.015625
0 0.70390625 0.5171875 0.0109375 0.015625
0 0.88203125 0.540625 0.00859375 0.015625
0 0.0890625 0.37734375 0.0109375 0.01875
0 0.91484375 0.59375 0.01171875 0.0171875
0 0.2171875 0.52890625 0.01171875 0.01875
0 0.8078125 0.50546875 0.0078125 0.015625
0 0.5265625 0.6640625 0.0171875 0.02890625
0 0.9328125 0.7546875 0.021875 0.0421875
0 0.3765625 0.5046875 0.0109375 0.01875
0 0.3703125 0.47734375 0.00859375 0.01484375
0 0.746875 0.53203125 0.0109375 0.01875
0 0.48984375 0.5140625 0.0109375 0.0171875
0 0.903125 0.6125 0.0140625 0.0203125
0 0.49375 0.49140625 0.00703125 0.015625
0 0.00625 0.72421875 0.01171875 0.05078125
0 0.103125 0.62265625 0.01875 0.02890625
0 0.81953125 0.6734375 0.015625 0.02734375
0 0.7171875 0.53046875 0.009375 0.015625
0 0.86640625 0.69453125 0.01484375 0.0265625
0 0.290625 0.540625 0.0125 0.01875
0 0.2734375 0.7390625 0.0234375 0.03203125
0 0.73984375 0.67890625 0.01875 0.03359375
0 0.7625 0.584375 0.0109375 0.01875
0 0.4203125 0.4828125 0.009375 0.015625
0 0.790625 0.5171875 0.009375 0.015625
0 0.17109375 0.603125 0.01640625 0.025
0 0.8046875 0.590625 0.009375 0.015625
0 0.096875 0.58984375 0.01484375 0.0234375
0 0.48125 0.5375 0.0109375 0.0171875
0 0.23125 0.503125 0.0109375 0.01875
0 0.5203125 0.48984375 0.00859375 0.015625
0 0.1671875 0.52734375 0.0140625 0.021875
0 0.65703125 0.596875 0.01171875 0.0203125
0 0.75390625 0.49453125 0.0078125 0.01328125
0 0.778125 0.6265625 0.0125 0.01875
0 0.51328125 0.628125 0.01484375 0.02734375
0 0.50390625 0.5140625 0.009375 0.0171875
0 0.33359375 0.47734375 0.00859375 0.01484375
0 0.4140625 0.815625 0.0296875 0.03046875
0 0.5421875 0.93125 0.0453125 0.07578125
0 0.4796875 0.48984375 0.009375 0.015625
0 0.0125 0.803125 0.02421875 0.05703125
0 0.565625 0.471875 0.00859375 0.01484375
0 0.728125 0.55390625 0.00859375 0.015625
0 0.759375 0.63203125 0.0125 0.0203125
0 0.69453125 0.49296875 0.00859375 0.015625
0 0.84609375 0.69296875 0.0125 0.02890625
0 0.76640625 0.5046875 0.009375 0.01328125
0 0.821875 0.56953125 0.009375 0.015625
0 0.603125 0.496875 0.0109375 0.015625
0 0.97734375 0.61328125 0.0140625 0.01875
0 0.7046875 0.66328125 0.0171875 0.02734375
0 0.290625 0.44375 0.00859375 0.01484375
0 0.67109375 0.5078125 0.0109375 0.0171875
0 0.48125 0.45390625 0.00859375 0.01484375
0 0.921875 0.66953125 0.01171875 0.0203125
0 0.728125 0.646875 0.0140625 0.021875
0 0.43125 0.4671875 0.00703125 0.01171875
0 0.68125 0.61640625 0.0125 0.01875
0 0.25703125 0.38359375 0.00859375 0.015625
0 0.40703125 0.48125 0.00859375 0.01328125
0 0.99453125 0.5796875 0.00859375 0.015625
0 0.51640625 0.5140625 0.0109375 0.0171875
0 0.95703125 0.77890625 0.0171875 0.02890625
0 0.55078125 0.66796875 0.0171875 0.03203125
0 0.6671875 0.53828125 0.009375 0.0171875
0 0.07734375 0.58046875 0.01484375 0.0203125
0 0.4984375 0.56796875 0.0125 0.0171875
0 0.33046875 0.49453125 0.00859375 0.01484375
0 0.7328125 0.53203125 0.0109375 0.01875
0 0.87890625 0.52109375 0.009375 0.01484375
0 0.8703125 0.5546875 0.009375 0.01484375
0 0.74140625 0.7390625 0.02265625 0.0375
0 0.31484375 0.54453125 0.0125 0.0171875
0 0.28984375 0.5703125 0.0140625 0.0203125
0 0.82109375 0.596875 0.0109375 0.0171875
0 0.95234375 0.634375 0.01171875 0.0171875
0 0.8296875 0.4796875 0.0078125 0.01015625
0 0.12109375 0.4890625 0.0140625 0.0203125
0 0.88203125 0.5796875 0.009375 0.015625
0 0.76484375 0.5265625 0.0109375 0.01875
0 0.98125 0.69453125 0.01484375 0.0265625
0 0.98046875 0.49453125 0.0078125 0.01328125
0 0.33984375 0.5671875 0.0140625 0.01875
0 0.1828125 0.36875 0.009375 0.015625
0 0.1546875 0.5921875 0.015625 0.0203125
0 0.81328125 0.7375 0.02265625 0.0390625
0 0.94296875 0.52890625 0.00703125 0.015625
0 0.8421875 0.51875 0.00859375 0.015625
0 0.95546875 0.52734375 0.00859375 0.01328125
0 0.5375 0.48828125 0.00859375 0.015625
0 0.48125 0.621875 0.0140625 0.0265625
0 0.24609375 0.5265625 0.0140625 0.0203125
0 0.17109375 0.7078125 0.02421875 0.03359375
0 0.8375 0.5640625 0.0109375 0.015625
0 0.73671875 0.5140625 0.00859375 0.01484375
0 0.603125 0.5265625 0.0109375 0.0203125
0 0.59453125 0.46953125 0.0078125 0.015625
0 0.34453125 0.44453125 0.0078125 0.01328125
0 0.48984375 0.94140625 0.0421875 0.07890625
0 0.55234375 0.49140625 0.00859375 0.01328125
0 0.6828125 0.5171875 0.0078125 0.015625
0 0.6453125 0.4578125 0.0078125 0.01328125
0 0.07734375 0.36484375 0.0109375 0.015625
0 0.53828125 0.4609375 0.0078125 0.015625
0 0.54375 0.63046875 0.01484375 0.0234375
0 0.09453125 0.35546875 0.01171875 0.01484375
0 0.49296875 0.39375 0.00625 0.01015625
0 0.46953125 0.484375 0.00859375 0.015625
0 0.1078125 0.98984375 0.053125 0.0171875
0 0.590625 0.55546875 0.0125 0.021875
0 0.41875 0.4546875 0.0078125 0.01328125
0 0.66875 0.478125 0.00703125 0.01328125
0 0.6625 0.43828125 0.00703125 0.01171875
0 0.93125 0.5953125 0.0109375 0.01484375
0 0.59375 0.41875 0.0078125 0.01015625
0 0.98359375 0.53125 0.0109375 0.01484375
0 0.89453125 0.6765625 0.0140625 0.0203125
0 0.83046875 0.5171875 0.00859375 0.01328125
0 0.0453125 0.36015625 0.009375 0.01875
0 0.9328125 0.5046875 0.0078125 0.01328125
0 0.44453125 0.49296875 0.0078125 0.015625
0 0.93828125 0.6109375 0.0109375 0.01875
0 0.35625 0.4546875 0.0078125 0.01328125
0 0.978125 0.7265625 0.01640625 0.0234375
0 0.43046875 0.48046875 0.00859375 0.01484375
0 0.46171875 0.46484375 0.00859375 0.015625
0 0.5265625 0.52890625 0.0109375 0.01875
0 0.43046875 0.5140625 0.00859375 0.0171875
0 0.53203125 0.5703125 0.01171875 0.0203125
0 0.85703125 0.540625 0.0109375 0.015625
0 0.83046875 0.53046875 0.00859375 0.015625
0 0.3421875 0.49296875 0.009375 0.015625
0 0.303125 0.478125 0.0109375 0.015625
0 0.7078125 0.4796875 0.0078125 0.01015625
0 0.746875 0.56953125 0.0125 0.01875
0 0.9328125 0.52890625 0.0078125 0.015625
0 0.8796875 0.69375 0.0140625 0.025
0 0.9671875 0.5796875 0.009375 0.01328125
0 0.39375 0.53984375 0.01171875 0.0171875
0 0.50625 0.40546875 0.00625 0.01015625
0 0.2796875 0.44140625 0.0078125 0.01328125
0 0.19609375 0.6328125 0.0171875 0.0265625