0 0.24375 0.1015625 0.0171875 0.03359375
0 0.14296875 0.86640625 0.02265625 0.053125
0 0.44453125 0.5375 0.0171875 0.0375
0 0.278125 0.07890625 0.0171875 0.03359375
0 0.56875 0.37890625 0.01640625 0.04921875
0 0.75078125 0.97890625 0.025 0.0375
0 0.67109375 0.8515625 0.0234375 0.05078125
0 0.8125 0.5046875 0.0171875 0.046875
0 0.4953125 0.8265625 0.021875 0.04140625
0 0.72578125 0.56328125 0.021875 0.04375
0 0.4015625 0.3546875 0.01640625 0.04140625
0 0.6078125 0.3375 0.015625 0.04140625
0 0.378125 0.34375 0.0171875 0.04140625
0 0.74296875 0.340625 0.0171875 0.03984375
0 0.36875 0.7265625 0.0171875 0.04921875
0 0.2546875 0.5875 0.021875 0.046875
0 0.73359375 0.51875 0.01953125 0.0453125
0 0.4 0.24375 0.01875 0.0453125
0 0.865625 0.859375 0.01953125 0.046875
0 0.71953125 0.140625 0.015625 0.03984375
0 0.2921875 0.12421875 0.01484375 0.03359375
0 0.56953125 0.21328125 0.01484375 0.0375
0 0.47265625 0.74375 0.021875 0.04921875
0 0.30859375 0.37890625 0.0171875 0.04140625
0 0.20859375 0.9265625 0.02421875 0.053125
0 0.6453125 0.4375 0.01953125 0.04921875
0 0.853125 0.18203125 0.01953125 0.04375
0 0.38984375 0.76015625 0.01875 0.04140625
0 0.6734375 0.92890625 0.0234375 0.046875
0 0.6828125 0.33203125 0.01953125 0.0453125
0 0.03203125 0.5078125 0.02421875 0.0453125
0 0.48359375 0.9375 0.02265625 0.04921875
0 0.6859375 0.69375 0.0203125 0.04375
0 0.88984375 0.62421875 0.01875 0.04140625
0 0.634375 0.34609375 0.01875 0.046875
0 0.8421875 0.72890625 0.0171875 0.05078125
0 0.2796875 0.61640625 0.01953125 0.04375
0 0.30859375 0.71328125 0.0171875 0.04140625
0 0.9046875 0.5078125 0.01953125 0.04921875
0 0.5609375 0.2515625 0.0171875 0.04375
0 0.78515625 0.11640625 0.0171875 0.03203125
0 0.89921875 0.8125 0.02265625 0.046875
0 0.609375 0.971875 0.025 0.04921875
0 0.28515625 0.9765625 0.0234375 0.04375
0 0.3390625 0.2390625 0.01640625 0.0359375
0 0.29375 0.29921875 0.01640625 0.0359375
0 0.915625 0.57890625 0.0203125 0.0453125
0 0.315625 0.96875 0.02265625 0.0546875
0 0.0578125 0.79921875 0.0234375 0.046875
0 0.33359375 0.540625 0.01875 0.04375
0 0.38125 0.6875 0.0203125 0.03984375
0 0.71015625 0.32890625 0.0171875 0.046875
0 0.56875 0.121875 0.01640625 0.03984375
0 0.7078125 0.94609375 0.01953125 0.05078125
0 0.64296875 0.85390625 0.0203125 0.046875
0 0.1171875 0.70390625 0.0234375 0.053125
0 0.30390625 0.04375 0.01640625 0.0375
0 0.0859375 0.91484375 0.0234375 0.053125
0 0.2046875 0.3578125 0.01953125 0.03984375
0 0.7546875 0.39375 0.0171875 0.0546875
0 0.30546875 0.8734375 0.02265625 0.04921875
0 0.17421875 0.78515625 0.02265625 0.0453125
0 0.76484375 0.6734375 0.0203125 0.04921875
0 0.128125 0.240625 0.01875 0.03203125
0 0.3703125 0.3015625 0.01640625 0.0375
0 0.43828125 0.69140625 0.01875 0.046875
0 0.8078125 0.59921875 0.0203125 0.04375
0 0.58671875 0.31875 0.01640625 0.04140625
0 0.45546875 0.621875 0.01640625 0.046875
0 0.49296875 0.6578125 0.0203125 0.05078125
0 0.43828125 0.87890625 0.01953125 0.04140625
0 0.4953125 0.04375 0.015625 0.03359375
0 0.46328125 0.51015625 0.0203125 0.03203125
0 0.31875 0.440625 0.0203125 0.05078125
0 0.17109375 0.9078125 0.0234375 0.053125
0 0.5265625 0.7265625 0.01875 0.0453125
0 0.38125 0.51015625 0.01875 0.03984375
0 0.2796875 0.02890625 0.01875 0.03203125
0 0.6125 0.640625 0.01953125 0.03984375
0 0.08984375 0.66875 0.0171875 0.046875
0 0.140625 0.93515625 0.0234375 0.05859375
0 0.67109375 0.21640625 0.01953125 0.04375
0 0.7421875 0.72890625 0.021875 0.046875
0 0.42265625 0.72890625 0.021875 0.046875
0 0.290625 0.7765625 0.021875 0.0546875
0 0.91015625 0.11328125 0.01953125 0.0375
0 0.85859375 0.64609375 0.01875 0.04375
0 0.084375 0.61015625 0.0203125 0.04375
0 0.89765625 0.9578125 0.0234375 0.05078125
0 0.41171875 0.19609375 0.01875 0.0375
0 0.9671875 0.79609375 0.021875 0.04921875
0 0.8328125 0.59375 0.0171875 0.046875
0 0.64765625 0.68515625 0.02265625 0.0453125
0 0.725 0.67890625 0.01875 0.0453125
0 0.62734375 0.1578125 0.01875 0.0359375
0 0.3640625 0.57734375 0.01953125 0.04140625
0 0.05625 0.940625 0.0265625 0.0546875
0 0.90234375 0.271875 0.0171875 0.0453125
0 0.14296875 0.63203125 0.01640625 0.0375
0 0.5953125 0.61328125 0.0203125 0.04140625
0 0.54375 0.359375 0.0171875 0.046875
0 0.11953125 0.91640625 0.0203125 0.04375
0 0.7484375 0.2234375 0.0171875 0.03984375
0 0.58515625 0.6875 0.0171875 0.04375
0 0.1625 0.7015625 0.02265625 0.04921875
0 0.503125 0.76875 0.0171875 0.05078125
0 0.384375 0.13515625 0.01875 0.04375
0 0.25078125 0.0578125 0.0171875 0.03984375
0 0.24375 0.2015625 0.01875 0.0375
0 0.23125 0.971875 0.02421875 0.053125
0 0.25078125 0.396875 0.01875 0.046875
0 0.55546875 0.97578125 0.02421875 0.0453125
0 0.31953125 0.5875 0.01953125 0.04375
0 0.33828125 0.371875 0.01640625 0.04140625
0 0.18671875 0.39609375 0.0171875 0.04140625
0 0.659375 0.73203125 0.02421875 0.04921875
0 0.0484375 0.56015625 0.021875 0.0453125
0 0.46796875 0.34921875 0.01875 0.0453125
0 0.72734375 0.81875 0.02421875 0.05625
0 0.2625 0.18515625 0.01875 0.0375
0 0.8015625 0.76328125 0.02265625 0.05078125
0 0.28515625 0.53203125 0.01953125 0.0453125
0 0.1890625 0.2046875 0.0171875 0.0359375
0 0.059375 0.12890625 0.0171875 0.0359375
0 0.60625 0.390625 0.0171875 0.0453125
0 0.2125 0.8015625 0.02421875 0.05625
0 0.415625 0.31328125 0.0171875 0.0453125
0 0.68984375 0.11640625 0.01875 0.0359375
0 0.85625 0.5734375 0.01640625 0.0453125
0 0.02734375 0.77109375 0.0234375 0.03984375
0 0.784375 0.4375 0.01640625 0.03359375
0 0.82421875 0.6375 0.01953125 0.0375
0 0.009375 0.659375 0.01875 0.040625
0 0.95 0.52734375 0.021875 0.046875
0 0.80546875 0.26875 0.0171875 0.04375
0 0.1546875 0.21015625 0.0171875 0.0359375
0 0.171875 0.43515625 0.0171875 0.03984375
0 0.3453125 0.19921875 0.01640625 0.0359375
0 0.0375 0.31640625 0.02265625 0.03984375
0 0.3546875 0.24375 0.015625 0.04140625
0 0.9859375 0.83203125 0.0203125 0.0453125
0 0.1234375 0.61875 0.021875 0.0453125
0 0.55078125 0.73515625 0.0171875 0.04375
0 0.95 0.14921875 0.01953125 0.0375
0 0.10078125 0.97890625 0.025 0.0375
0 0.7734375 0.4078125 0.0171875 0.0375
0 0.80234375 0.69921875 0.02265625 0.05078125
0 0.48359375 0.17890625 0.01640625 0.03359375
0 0.5453125 0.0578125 0.015625 0.03203125
0 0.16796875 0.16796875 0.0171875 0.03359375
0 0.2265625 0.38203125 0.0171875 0.03984375
0 0.415625 0.66875 0.0203125 0.05078125
0 0.196875 0.5234375 0.0203125 0.03984375
0 0.95859375 0.62890625 0.02265625 0.046875
0 0.3703125 0.62109375 0.0203125 0.04140625
0 0.77890625 0.18203125 0.01640625 0.03984375
0 0.13125 0.7828125 0.02265625 0.04140625
0 0.6984375 0.840625 0.021875 0.046875
0 0.6171875 0.84375 0.01953125 0.04921875
0 0.0296875 0.34921875 0.01953125 0.03359375
0 0.0796875 0.26015625 0.0203125 0.04140625
0 0.2625 0.9515625 0.02265625 0.05078125
0 0.81171875 0.39375 0.01875 0.046875
0 0.69140625 0.98203125 0.0234375 0.03203125
0 0.85859375 0.77890625 0.02265625 0.0453125
0 0.24296875 0.34921875 0.0171875 0.03359375
0 0.53046875 0.14921875 0.01484375 0.03359375
0 0.02421875 0.26328125 0.02265625 0.03984375
0 0.196875 0.059375 0.0171875 0.0359375
0 0.7703125 0.27421875 0.01484375 0.03984375
0 0.04140625 0.71640625 0.0203125 0.05078125
0 0.509375 0.1578125 0.01875 0.03984375
0 0.65703125 0.81328125 0.021875 0.04140625
0 0.940625 0.72109375 0.01875 0.053125
0 0.259375 0.69375 0.01875 0.05078125
0 0.871875 0.521875 0.01875 0.046875
0 0.275 0.87421875 0.02421875 0.0546875
0 0.6125 0.46875 0.01953125 0.046875
0 0.15859375 0.04375 0.01875 0.03046875
0 0.1546875 0.5265625 0.0234375 0.04140625
0 0.9234375 0.1734375 0.021875 0.0453125
0 0.2921875 0.58203125 0.01484375 0.03984375
0 0.45625 0.1578125 0.0171875 0.0359375
0 0.18828125 0.3015625 0.01953125 0.0375
0 0.2015625 0.14921875 0.0171875 0.03359375
0 0.0296875 0.821875 0.0265625 0.0546875
0 0.76875 0.5265625 0.0171875 0.04140625
0 0.77109375 0.01328125 0.01875 0.0265625
0 0.571875 0.16328125 0.01640625 0.03203125
0 0.509375 0.36875 0.01640625 0.0546875
0 0.10859375 0.24921875 0.01640625 0.03359375
0 0.89296875 0.42890625 0.01875 0.04375
0 0.7921875 0.51640625 0.021875 0.046875
0 0.2203125 0.621875 0.0171875 0.046875
0 0.95859375 0.22734375 0.0203125 0.028125
0 0.93671875 0.62421875 0.0171875 0.04921875
0 0.678125 0.0109375 0.015625 0.021875
0 0.37578125 0.91875 0.0234375 0.053125
0 0.86484375 0.72890625 0.0203125 0.05078125
0 0.10078125 0.8078125 0.0234375 0.04921875
0 0.78515625 0.56640625 0.0171875 0.04921875
0 0.91015625 0.621875 0.01953125 0.04375
0 0.3859375 0.8578125 0.0203125 0.05859375
0 0.31484375 0.7875 0.02421875 0.05078125
0 0.96953125 0.25625 0.0203125 0.04140625
0 0.61796875 0.59609375 0.0203125 0.0375
0 0.3953125 0.721875 0.01484375 0.0359375
0 0.17109375 0.07890625 0.0171875 0.03046875
0 0.43828125 0.16796875 0.015625 0.03359375
0 0.5640625 0.6875 0.0171875 0.03984375
0 0.43828125 0.821875 0.02265625 0.04375
0 0.43203125 0.03046875 0.01640625 0.03359375
0 0.7765625 0.76015625 0.021875 0.04921875
0 0.6421875 0.77421875 0.021875 0.046875
0 0.321875 0.1578125 0.0171875 0.03203125
0 0.296875 0.16328125 0.015625 0.0359375
0 0.21015625 0.18515625 0.01640625 0.03046875
0 0.4328125 0.3515625 0.015625 0.04375
0 0.88125 0.1515625 0.01640625 0.03203125
0 0.7484375 0.26640625 0.01875 0.0453125
0 0.0203125 0.140625 0.021875 0.03203125
0 0.5921875 0.7859375 0.021875 0.046875
0 0.06640625 0.85078125 0.0234375 0.053125
0 0.353125 0.34921875 0.0171875 0.04921875
0 0.28515625 0.190625 0.015625 0.03046875
0 0.97578125 0.1515625 0.021875 0.0359375
0 0.728125 0.9046875 0.01953125 0.03984375
0 0.41328125 0.9046875 0.0234375 0.0546875
0 0.26171875 0.26015625 0.01953125 0.04140625
0 0.05625 0.23515625 0.01875 0.03984375
0 0.6125 0.69375 0.0203125 0.046875
0 0.85546875 0.6875 0.0171875 0.0359375
0 0.11640625 0.31875 0.0171875 0.0375
0 0.840625 0.89375 0.02421875 0.0546875
0 0.2796875 0.3234375 0.015625 0.0359375
0 0.21171875 0.21875 0.01875 0.0375
0 0.0828125 0.1578125 0.02265625 0.03984375
0 0.13515625 0.740625 0.0203125 0.04375
0 0.2140625 0.69609375 0.0203125 0.0453125
0 0.846875 0.51796875 0.01640625 0.0359375
0 0.3234375 0.3515625 0.015625 0.03984375
0 0.88671875 0.19921875 0.01953125 0.03984375
0 0.35 0.87890625 0.02421875 0.071875
0 0.1203125 0.19609375 0.01640625 0.03046875
0 0.303125 0.09375 0.01484375 0.0359375
0 0.721875 0.08046875 0.01640625 0.0359375
0 0.834375 0.38203125 0.01875 0.04375
0 0.99140625 0.08046875 0.015625 0.03984375
0 0.53515625 0.18203125 0.0171875 0.0359375
0 0.58359375 0.2546875 0.01640625 0.04140625
0 0.46171875 0.890625 0.01875 0.04921875
0 0.10234375 0.09609375 0.0171875 0.03046875
0 0.1328125 0.34921875 0.021875 0.0375
0 0.97421875 0.74609375 0.01875 0.0359375
0 0.56328125 0.821875 0.0203125 0.05078125
0 0.165625 0.2875 0.0171875 0.0359375
0 0.44453125 0.2375 0.01953125 0.04140625
0 0.96796875 0.56875 0.02421875 0.05078125
0 0.503125 0.98671875 0.02421875 0.02265625
0 0.8703125 0.36640625 0.0171875 0.0453125
0 0.5734375 0.8828125 0.0203125 0.04140625
0 0.17109375 0.34921875 0.01640625 0.0375
0 0.890625 0.68203125 0.01953125 0.05078125
0 0.71875 0.73203125 0.0171875 0.05625
0 0.68359375 0.61875 0.0171875 0.04140625
0 0.13359375 0.4015625 0.01953125 0.04140625
0 0.9890625 0.29140625 0.0171875 0.0359375
0 0.9078125 0.3890625 0.0171875 0.04140625
0 0.290625 0.6875 0.0171875 0.03203125
0 0.90703125 0.2046875 0.0171875 0.03203125
0 0.759375 0.47109375 0.01640625 0.03984375
0 0.8453125 0.84609375 0.0171875 0.03203125
0 0.70078125 0.64375 0.0203125 0.04921875
0 0.57421875 0.02109375 0.0171875 0.03359375
0 0.178125 0.98203125 0.02421875 0.03203125
0 0.2828125 0.240625 0.01640625 0.0359375
0 0.6203125 0.9234375 0.021875 0.046875
0 0.32109375 0.190625 0.0171875 0.03359375
0 0.34609375 0.96015625 0.0265625 0.06015625
0 0.68515625 0.5375 0.0203125 0.04140625
0 0.6171875 0.04609375 0.015625 0.028125
0 0.471875 0.5875 0.0171875 0.03984375
0 0.53515625 0.9375 0.0171875 0.04140625
0 0.1359375 0.81875 0.021875 0.0375
0 0.096875 0.21015625 0.01875 0.028125
0 0.8390625 0.0359375 0.01640625 0.03046875
0 0.91875 0.07890625 0.01640625 0.03359375
0 0.2859375 0.72421875 0.021875 0.0453125
0 0.48828125 0.890625 0.0171875 0.0375
0 0.40390625 0.61328125 0.01640625 0.0375
0 0.35234375 0.0546875 0.0171875 0.03359375
0 0.4953125 0.09375 0.015625 0.03203125
0 0.071875 0.3078125 0.021875 0.0453125
0 0.86171875 0.23515625 0.01875 0.0359375
0 0.93046875 0.98203125 0.025 0.03203125
0 0.06640625 0.51328125 0.01953125 0.0453125
0 0.8046875 0.64921875 0.0171875 0.04140625
0 0.846875 0.2859375 0.01875 0.0359375
0 0.503125 0.86640625 0.01875 0.0375
0 0.5375 0.26640625 0.01640625 0.04140625