0 0.17734375 0.18515625 0.0265625 0.0390625
0 0.73984375 0.07421875 0.01875 0.03125
0 0.33046875 0.19453125 0.02421875 0.03515625
0 0.76875 0.08671875 0.02421875 0.0328125
0 0.909375 0.2296875 0.0359375 0.053125
0 0.5125 0.4125 0.03828125 0.05078125
0 0.784375 0.0546875 0.0203125 0.03125
0 0.77421875 0.225 0.03046875 0.05078125
0 0.24921875 0.1421875 0.02421875 0.0375
0 0.64765625 0.2421875 0.028125 0.04140625
0 0.85625 0.47890625 0.05 0.0703125
0 0.94609375 0.36875 0.0359375 0.05859375
0 0.74296875 0.2015625 0.0265625 0.0453125
0 0.8609375 0.353125 0.0390625 0.0609375
0 0.146875 0.29140625 0.03203125 0.046875
0 0.10390625 0.1859375 0.028125 0.0390625
0 0.71953125 0.2984375 0.0296875 0.04921875
0 0.23125 0.26796875 0.034375 0.04921875
0 0.540625 0.11015625 0.0203125 0.0328125
0 0.30234375 0.2890625 0.03203125 0.05234375
0 0.6140625 0.3390625 0.0328125 0.0484375
0 0.71953125 0.0140625 0.01875 0.02734375
0 0.1515625 0.7 0.075 0.1078125
0 0.571875 0.0390625 0.0171875 0.02890625
0 0.45703125 0.15 0.0234375 0.03671875
0 0.5359375 0.02890625 0.01640625 0.02578125
0 0.15703125 0.43125 0.0484375 0.0625
0 0.31328125 0.171875 0.02265625 0.0390625
0 0.715625 0.13125 0.02421875 0.03671875
0 0.971875 0.08125 0.01875 0.0296875
0 0.196875 0.0171875 0.015625 0.0234375
0 0.5140625 0.15078125 0.0234375 0.03125
0 0.05625 0.23671875 0.0359375 0.04453125
0 0.68046875 0.0703125 0.0203125 0.03125
0 0.99296875 0.24375 0.01171875 0.04921875
0 0.13125 0.0234375 0.01640625 0.0234375
0 0.103125 0.05546875 0.01640625 0.025
0 0.51796875 0.08828125 0.01640625 0.0234375
0 0.6609375 0.08828125 0.0171875 0.03125
0 0.928125 0.00625 0.01484375 0.01171875
0 0.103125 0.26953125 0.03046875 0.046875
0 0.23671875 0.0109375 0.01484375 0.01953125
0 0.2140625 0.6140625 0.059375 0.0875
0 0.15859375 0.034375 0.0125 0.01953125
0 0.37734375 0.00625 0.0125 0.01171875
0 0.6578125 0.13046875 0.0171875 0.03125
0 0.2265625 0.034375 0.015625 0.021875
0 0.290625 0.00546875 0.0140625 0.01015625
0 0.34453125 0.00625 0.0125 0.01171875
0 0.26484375 0.0046875 0.01640625 0.009375
0 0.05546875 0.00703125 0.01484375 0.0140625
0 0.33125 0.00625 0.01171875 0.01171875
0 0.040625 0.01796875 0.01484375 0.01796875
0 0.0828125 0.00625 0.0140625 0.01171875
0 0.14375 0.00625 0.0140625 0.01171875