0 0.54921875 0.4171875 0.03046875 0.0484375
0 0.68203125 0.56875 0.03984375 0.06484375
0 0.7953125 0.1875 0.0203125 0.03125
0 0.1375 0.3046875 0.03046875 0.04140625
0 0.14921875 0.24921875 0.0265625 0.0375
0 0.26796875 0.14296875 0.01640625 0.02578125
0 0.32734375 0.48203125 0.0390625 0.05703125
0 0.8109375 0.2375 0.02421875 0.03515625
0 0.64609375 0.4234375 0.034375 0.0546875
0 0.45234375 0.21328125 0.0203125 0.03125
0 0.909375 0.24921875 0.025 0.0375
0 0.32890625 0.14140625 0.015625 0.021875
0 0.76484375 0.225 0.02421875 0.03359375
0 0.8078125 0.15625 0.01875 0.02578125
0 0.0953125 0.67890625 0.0640625 0.08984375
0 0.8609375 0.26953125 0.02734375 0.04140625
0 0.6171875 0.63671875 0.03515625 0.0625
0 0.5265625 0.15625 0.015625 0.02578125
0 0.7203125 0.46953125 0.03984375 0.05859375
0 0.6140625 0.23203125 0.025 0.03671875
0 0.39296875 0.13046875 0.01484375 0.0234375
0 0.61796875 0.0671875 0.01484375 0.021875
0 0.09453125 0.3484375 0.0328125 0.0484375
0 0.04375 0.21171875 0.021875 0.0328125
0 0.3640625 0.13125 0.01484375 0.025
0 0.81328125 0.28515625 0.03125 0.046875
0 0.43828125 0.36328125 0.03046875 0.04453125
0 0.10859375 0.2046875 0.0203125 0.0296875
0 0.06015625 0.1359375 0.01640625 0.025
0 0.39609375 0.34140625 0.02421875 0.0390625
0 0.6515625 0.19296875 0.0203125 0.03125
0 0.0765625 0.20078125 0.0234375 0.03671875
0 0.0859375 0.15625 0.015625 0.02578125
0 0.1078125 0.10390625 0.0140625 0.02109375
0 0.96796875 0.26875 0.0328125 0.04296875
0 0.19609375 0.4703125 0.0375 0.0625
0 0.95859375 0.4453125 0.05 0.05703125
0 0.3921875 0.2078125 0.0203125 0.0328125
0 0.51640625 0.1234375 0.015625 0.02734375
0 0.35625 0.1640625 0.01875 0.02578125
0 0.05703125 0.1046875 0.01484375 0.021875
0 0.15703125 0.16328125 0.0203125 0.0296875
0 0.49765625 0.128125 0.01484375 0.021875
0 0.88984375 0.1109375 0.015625 0.0234375
0 0.3671875 0.06875 0.0140625 0.01953125
0 0.275 0.234375 0.0234375 0.03671875
0 0.0265625 0.190625 0.01875 0.0296875
0 0.2203125 0.190625 0.0203125 0.0296875
0 0.02890625 0.1421875 0.01640625 0.02578125
0 0.64140625 0.08828125 0.015625 0.02109375
0 0.540625 0.13046875 0.0140625 0.0234375
0 0.99140625 0.165625 0.015625 0.0296875
0 0.59453125 0.12265625 0.01640625 0.0234375
0 0.86640625 0.06875 0.01484375 0.01953125
0 0.853125 0.14140625 0.01875 0.025
0 0.12578125 0.146875 0.015625 0.0234375
0 0.1234375 0.178125 0.01875 0.02578125
0 0.1265625 0.11796875 0.01484375 0.025
0 0.4671875 0.125 0.01640625 0.0234375
0 0.51796875 0.06875 0.01484375 0.02109375
0 0.67265625 0.1890625 0.0171875 0.02890625
0 0.859375 0.21640625 0.0234375 0.03359375
0 0.8453125 0.09765625 0.01484375 0.02109375
0 0.1296875 0.09453125 0.0140625 0.01953125
0 0.7453125 0.103125 0.015625 0.021875
0 0.721875 0.39296875 0.03203125 0.04921875
0 0.196875 0.13671875 0.01640625 0.0234375
0 0.628125 0.2 0.02265625 0.0296875
0 0.8484375 0.1859375 0.0171875 0.02734375
0 0.42890625 0.16328125 0.0171875 0.025
0 0.3484375 0.1171875 0.01484375 0.0234375
0 0.490625 0.05390625 0.01171875 0.0171875
0 0.70546875 0.2015625 0.0203125 0.0296875
0 0.175 0.09296875 0.0140625 0.01953125
0 0.665625 0.12578125 0.01640625 0.025
0 0.46796875 0.07578125 0.0125 0.01796875
0 0.3046875 0.20546875 0.0234375 0.03671875
0 0.73984375 0.1359375 0.01875 0.02734375
0 0.21015625 0.1203125 0.01484375 0.021875
0 0.290625 0.08125 0.0125 0.01953125
0 0.8328125 0.06953125 0.0140625 0.01953125
0 0.4578125 0.09765625 0.0140625 0.02109375
0 0.67421875 0.66015625 0.05390625 0.078125
0 0.15234375 0.0921875 0.0140625 0.0171875
0 0.02265625 0.65546875 0.0453125 0.0796875
0 0.028125 0.0609375 0.0125 0.01953125
0 0.09921875 0.1390625 0.01484375 0.02578125
0 0.615625 0.33203125 0.0265625 0.02890625
0 0.25390625 0.11640625 0.0140625 0.01953125
0 0.56875 0.15390625 0.01640625 0.02578125
0 0.0359375 0.09765625 0.01484375 0.02109375
0 0.5421875 0.0453125 0.0140625 0.021875
0 0.92109375 0.08515625 0.0140625 0.021875
0 0.99296875 0.09140625 0.01171875 0.0234375
0 0.628125 0.103125 0.01484375 0.021875
0 0.30078125 0.1265625 0.015625 0.02109375
0 0.2171875 0.80625 0.103125 0.13828125
0 0.86796875 0.1671875 0.0171875 0.0296875
0 0.71171875 0.1171875 0.01640625 0.0234375
0 0.2328125 0.0828125 0.0140625 0.01953125
0 0.05234375 0.03125 0.0109375 0.01796875
0 0.1921875 0.1109375 0.01484375 0.02109375
0 0.14609375 0.03203125 0.0109375 0.0171875
0 0.26796875 0.0421875 0.0109375 0.0140625
0 0.8015625 0.06875 0.0140625 0.01953125
0 0.759375 0.06328125 0.0140625 0.01953125
0 0.959375 0.15546875 0.01953125 0.025
0 0.2046875 0.0296875 0.0109375 0.0140625
0 0.1578125 0.11171875 0.01484375 0.0234375
0 0.53203125 0.02265625 0.01171875 0.0171875
0 0.803125 0.0484375 0.01171875 0.0140625
0 0.76640625 0.1390625 0.0171875 0.02890625
0 0.1703125 0.0296875 0.009375 0.0140625
0 0.71953125 0.09296875 0.015625 0.01953125
0 0.703125 0.04453125 0.01171875 0.01796875
0 0.3921875 0.06640625 0.01171875 0.01796875
0 0.20234375 0.09140625 0.0140625 0.02109375
0 0.98359375 0.125 0.01640625 0.02578125
0 0.6828125 0.109375 0.015625 0.0234375
0 0.8015625 0.09765625 0.01484375 0.02109375
0 0.453125 0.04296875 0.01171875 0.01796875
0 0.490625 0.15 0.01484375 0.0234375
0 0.5609375 0.115625 0.015625 0.02109375
0 0.78046875 0.1078125 0.0171875 0.025
0 0.8765625 0.0953125 0.01484375 0.02109375
0 0.23359375 0.0296875 0.0109375 0.0140625
0 0.30234375 0.0453125 0.0109375 0.0171875
0 0.16953125 0.13203125 0.01484375 0.021875
0 0.00390625 0.11875 0.0078125 0.021875
0 0.32734375 0.16875 0.01640625 0.025
0 0.1546875 0.0640625 0.0125 0.01796875
0 0.6203125 0.14453125 0.01640625 0.0234375
0 0.74375 0.0609375 0.0125 0.01953125
0 0.603125 0.01875 0.0109375 0.0171875
0 0.740625 0.040625 0.01171875 0.0171875
0 0.10859375 0.0484375 0.01171875 0.01953125
0 0.56875 0.0203125 0.01171875 0.0171875
0 0.9140625 0.21796875 0.0234375 0.0296875
0 0.0515625 0.0640625 0.01171875 0.01796875
0 0.09140625 0.1171875 0.01484375 0.0234375
0 0.3984375 0.0875 0.015625 0.01953125
0 0.57890625 0.0296875 0.009375 0.0140625
0 0.1046875 0.02890625 0.009375 0.015625
0 0.4359375 0.12578125 0.01640625 0.025
0 0.93046875 0.159375 0.0203125 0.0296875
0 0.25234375 0.06796875 0.0125 0.01796875
0 0.090625 0.0875 0.0140625 0.01953125
0 0.06953125 0.00703125 0.01171875 0.0140625
0 0.090625 0.06953125 0.0125 0.0171875
0 0.8453125 0.0515625 0.0140625 0.01953125
0 0.64453125 0.053125 0.0140625 0.01796875
0 0.2734375 0.11640625 0.015625 0.021875
0 0.10234375 0.0671875 0.01171875 0.0171875
0 0.69140625 0.04296875 0.01171875 0.01796875
0 0.61953125 0.03046875 0.0109375 0.0140625
0 0.946875 0.07265625 0.0140625 0.02109375
0 0.590625 0.00625 0.0125 0.0125
0 0.6671875 0.00625 0.009375 0.0125
0 0.65703125 0.02890625 0.0109375 0.015625
0 0.7765625 0.0671875 0.0140625 0.01953125
0 0.21953125 0.01640625 0.00859375 0.0140625
0 0.075 0.0625 0.0140625 0.01796875
0 0.32890625 0.0296875 0.009375 0.01796875
0 0.04609375 0.00625 0.0109375 0.01171875
0 0.2796875 0.01875 0.009375 0.0140625
0 0.7078125 0.0765625 0.0140625 0.02109375
0 0.89609375 0.06875 0.0125 0.01953125
0 0.37890625 0.00625 0.009375 0.01171875
0 0.53515625 0.0921875 0.0140625 0.02109375
0 0.50703125 0.05625 0.01171875 0.01796875
0 0.59453125 0.05703125 0.0140625 0.02109375
0 0.0109375 0.0703125 0.015625 0.0234375
0 0.2359375 0.11015625 0.0140625 0.01953125
0 0.36484375 0.3453125 0.02265625 0.03359375
0 0.1953125 0.0703125 0.0140625 0.01796875
0 0.26484375 0.06796875 0.01171875 0.01796875
0 0.31953125 0.046875 0.009375 0.015625
0 0.634375 0.0296875 0.0109375 0.0140625
0 0.4796875 0.00625 0.009375 0.01171875
0 0.34296875 0.0171875 0.0109375 0.015625
0 0.26875 0.00625 0.0109375 0.01171875
0 0.821875 0.05703125 0.0125 0.01796875
0 0.6921875 0.0140625 0.009375 0.015625
0 0.73125 0.071875 0.0140625 0.01953125
0 0.28203125 0.04296875 0.0109375 0.01796875
0 0.53671875 0.29765625 0.03203125 0.0453125
0 0.80546875 0.13046875 0.01640625 0.02109375
0 0.384375 0.103125 0.01640625 0.021875
0 0.18046875 0.01640625 0.00859375 0.0140625
0 0.61796875 0.00625 0.0109375 0.01171875
0 0.7046875 0.13671875 0.0171875 0.0234375
0 0.2453125 0.01640625 0.009375 0.0140625
0 0.36796875 0.01953125 0.0109375 0.015625
0 0.58515625 0.0921875 0.01484375 0.0234375
0 0.64609375 0.3125 0.0265625 0.0390625
0 0.35546875 0.046875 0.01171875 0.01796875
0 0.40703125 0.00625 0.01171875 0.01171875
0 0.31875 0.06796875 0.0125 0.01796875
0 0.5203125 0.0953125 0.01484375 0.02109375
0 0.64921875 0.11640625 0.01484375 0.021875
0 0.29375 0.00546875 0.00859375 0.01015625
0 0.028125 0.0171875 0.0109375 0.015625
0 0.23671875 0.13125 0.01484375 0.025
0 0.91015625 0.06875 0.0140625 0.01953125
0 0.1921875 0.01640625 0.00859375 0.0140625
0 0.31875 0.00625 0.0109375 0.01171875
0 0.5046875 0.00625 0.009375 0.01171875
0 0.32890625 0.20703125 0.0203125 0.03359375
0 0.1265625 0.06328125 0.0140625 0.01953125
0 0.33671875 0.0625 0.0125 0.01796875
0 0.55390625 0.0171875 0.009375 0.015625
0 0.7703125 0.3625 0.03515625 0.0484375
0 0.35625 0.0203125 0.009375 0.0140625
0 0.45859375 0.15625 0.01640625 0.02578125
0 0.6296875 0.171875 0.01640625 0.0234375
0 0.71796875 0.04765625 0.0125 0.0171875
0 0.22109375 0.05625 0.0125 0.01796875
0 0.00390625 0.04375 0.0078125 0.01953125
0 0.23125 0.00546875 0.00859375 0.01015625
0 0.74375 0.0171875 0.0109375 0.0140625
0 0.6046875 0.00546875 0.0109375 0.01015625
0 0.25546875 0.04453125 0.0109375 0.015625
0 0.13046875 0.01640625 0.0109375 0.0140625
0 0.9015625 0.1421875 0.01875 0.02734375
0 0.46328125 0.0109375 0.0109375 0.0140625
0 0.69375 0.16015625 0.01875 0.0234375
0 0.38125 0.02890625 0.0109375 0.015625
0 0.36875 0.00546875 0.0109375 0.01015625
0 0.6546875 0.00625 0.009375 0.01171875
0 0.64609375 0.01875 0.0109375 0.0171875
0 0.6796875 0.01953125 0.009375 0.015625
0 0.66875 0.0296875 0.009375 0.0140625
0 0.25625 0.00546875 0.00859375 0.01015625
0 0.59453125 0.16796875 0.01875 0.02578125
0 0.315625 0.0296875 0.0109375 0.0140625
0 0.42109375 0.0546875 0.0109375 0.01796875
0 0.2703125 0.0875 0.01171875 0.01796875
0 0.21953125 0.03125 0.0109375 0.01328125
0 0.94140625 0.1171875 0.0171875 0.0234375
0 0.3296875 0.00625 0.009375 0.01171875
0 0.96171875 0.0796875 0.01484375 0.01953125
0 0.35546875 0.00546875 0.0078125 0.01015625
0 0.91875 0.115625 0.01640625 0.0234375
0 0.63125 0.00625 0.0109375 0.01171875
0 0.32734375 0.0921875 0.0125 0.01953125
0 0.15703125 0.00625 0.0109375 0.01171875
0 0.06328125 0.03515625 0.0109375 0.01796875
0 0.76796875 0.0453125 0.0109375 0.0171875
0 0.98125 0.05 0.0140625 0.0171875
0 0.43046875 0.0171875 0.0109375 0.0171875
0 0.28046875 0.00546875 0.0109375 0.01015625
0 0.278125 0.06796875 0.0125 0.01796875
0 0.11796875 0.0171875 0.0109375 0.0140625
0 0.3046875 0.01875 0.009375 0.0140625
0 0.16875 0.21796875 0.02265625 0.025
0 0.14296875 0.05390625 0.0109375 0.0171875
0 0.3078125 0.00546875 0.009375 0.01015625
0 0.75390625 0.040625 0.01171875 0.0171875
0 0.190625 0.1640625 0.01875 0.02890625
0 0.41875 0.00625 0.009375 0.01171875
0 0.95546875 0.10078125 0.01484375 0.021875
0 0.4859375 0.08203125 0.0140625 0.02109375
0 0.565625 0.00625 0.0109375 0.01171875
0 0.3921875 0.00625 0.009375 0.01171875
0 0.0265625 0.0390625 0.0109375 0.01796875
0 0.29375 0.01875 0.009375 0.0140625
0 0.47109375 0.18046875 0.01875 0.025
0 0.66796875 0.08203125 0.0140625 0.02109375
0 0.8671875 0.1234375 0.015625 0.021875
0 0.3046875 0.10546875 0.0140625 0.01796875
0 0.4421875 0.00546875 0.009375 0.01015625
0 0.665625 0.0515625 0.0125 0.01953125
0 0.15546875 0.01875 0.0109375 0.0140625
0 0.51640625 0.040625 0.009375 0.0171875
0 0.12421875 0.228125 0.0203125 0.0296875
0 0.81953125 0.0796875 0.0140625 0.01953125
0 0.6375 0.14375 0.01640625 0.025
0 0.12890625 0.0296875 0.009375 0.01328125
0 0.44609375 0.08125 0.01171875 0.01953125
0 0.4671875 0.0421875 0.009375 0.0140625
0 0.6796875 0.053125 0.01171875 0.01796875
0 0.24765625 0.15 0.01640625 0.021875
0 0.0046875 0.00625 0.009375 0.01171875
0 0.2046875 0.00546875 0.0078125 0.0078125
0 0.4359375 0.0375 0.0109375 0.0140625
0 0.77890625 0.01953125 0.0109375 0.01796875
0 0.4953125 0.01640625 0.0109375 0.0171875
0 0.5296875 0.00625 0.0109375 0.01171875
0 0.0734375 0.025 0.0109375 0.0140625
0 0.475 0.02421875 0.0109375 0.0171875
0 0.9046875 0.09140625 0.01484375 0.02109375
0 0.190625 0.04375 0.0109375 0.0140625
0 0.3125 0.0875 0.0140625 0.01796875
0 0.39453125 0.03125 0.009375 0.01796875
0 0.07265625 0.0890625 0.01484375 0.01953125
0 0.0046875 0.02265625 0.00859375 0.0171875
0 0.0515625 0.0859375 0.0140625 0.01796875
0 0.72109375 0.0140625 0.0125 0.0171875
0 0.99296875 0.23046875 0.0125 0.0390625
0 0.44453125 0.01875 0.009375 0.0140625