0 0.51640625 0.09140625 0.015625 0.0234375
0 0.38203125 0.09921875 0.0171875 0.02578125
0 0.478125 0.13671875 0.0171875 0.02578125
0 0.52109375 0.19140625 0.0203125 0.03125
0 0.47265625 0.2125 0.01953125 0.03125
0 0.2140625 0.34453125 0.0265625 0.04296875
0 0.925 0.61171875 0.0421875 0.06796875
0 0.634375 0.10703125 0.01875 0.02578125
0 0.3796875 0.36015625 0.0296875 0.040625
0 0.85625 0.11640625 0.0203125 0.0328125
0 0.171875 0.3234375 0.025 0.04296875
0 0.41328125 0.78046875 0.05078125 0.08203125
0 0.48984375 0.084375 0.01484375 0.0234375
0 0.7203125 0.071875 0.01484375 0.025
0 0.5921875 0.1796875 0.02265625 0.03359375
0 0.54609375 0.20625 0.02421875 0.0328125
0 0.228125 0.09765625 0.01640625 0.0234375
0 0.23125 0.253125 0.02421875 0.040625
0 0.321875 0.2140625 0.0234375 0.040625
0 0.61484375 0.23671875 0.0265625 0.03671875
0 0.9265625 0.37890625 0.034375 0.04140625
0 0.3265625 0.36875 0.02734375 0.04453125
0 0.87421875 0.5546875 0.03828125 0.0546875
0 0.746875 0.0765625 0.01484375 0.021875
0 0.73125 0.28125 0.02265625 0.0234375
0 0.5296875 0.11875 0.015625 0.02578125
0 0.26484375 0.23515625 0.0265625 0.040625
0 0.71953125 0.7921875 0.0546875 0.084375
0 0.54609375 0.1078125 0.01484375 0.025
0 0.8875 0.4765625 0.0390625 0.0546875
0 0.25703125 0.08671875 0.015625 0.025
0 0.8984375 0.1078125 0.01953125 0.0296875
0 0.921875 0.1 0.01953125 0.02890625
0 0.7421875 0.13828125 0.0171875 0.02578125
0 0.5578125 0.2671875 0.0234375 0.0375
0 0.1859375 0.12578125 0.0203125 0.0328125
0 0.59765625 0.109375 0.01953125 0.02890625
0 0.03203125 0.14296875 0.0265625 0.04453125
0 0.50390625 0.05078125 0.0140625 0.0234375
0 0.64296875 0.82578125 0.05 0.08046875
0 0.42109375 0.14765625 0.0203125 0.0296875
0 0.396875 0.2390625 0.025 0.04296875
0 0.60859375 0.00703125 0.0140625 0.0140625
0 0.13828125 0.1359375 0.0203125 0.03515625
0 0.34296875 0.6109375 0.0484375 0.0796875
0 0.3640625 0.15546875 0.01953125 0.0328125
0 0.3390625 0.02890625 0.01484375 0.0234375
0 0.1140625 0.1421875 0.0171875 0.025
0 0.35234375 0.2296875 0.0203125 0.03515625
0 0.2046875 0.11171875 0.0171875 0.02578125
0 0.765625 0.0734375 0.0140625 0.021875
0 0.4265625 0.1859375 0.02265625 0.03125
0 0.60390625 0.0515625 0.01484375 0.021875
0 0.69609375 0.065625 0.01484375 0.021875
0 0.70234375 0.1484375 0.01875 0.02578125
0 0.63125 0.04921875 0.01484375 0.01796875
0 0.12578125 0.4859375 0.040625 0.06640625
0 0.6359375 0.4625 0.03515625 0.04921875
0 0.30546875 0.08046875 0.01484375 0.0234375
0 0.45390625 0.00625 0.0140625 0.01171875
0 0.9578125 0.03125 0.015625 0.0234375
0 0.00625 0.296875 0.01171875 0.04140625
0 0.4140625 0.07890625 0.015625 0.025
0 0.46171875 0.0796875 0.01484375 0.0234375
0 0.696875 0.3921875 0.03125 0.0484375
0 0.98671875 0.0296875 0.01640625 0.02109375
0 0.83125 0.28671875 0.0265625 0.03125
0 0.48984375 0.01953125 0.0125 0.02109375
0 0.915625 0.0734375 0.01640625 0.021875
0 0.40703125 0.00625 0.0140625 0.01171875
0 0.69140625 0.0328125 0.0140625 0.02109375
0 0.3703125 0.2125 0.0203125 0.03125
0 0.90078125 0.00625 0.0140625 0.0125
0 0.51796875 0.046875 0.01484375 0.02109375
0 0.8953125 0.0453125 0.0140625 0.021875
0 0.56875 0.07265625 0.01640625 0.0234375
0 0.55234375 0.00625 0.0125 0.01171875
0 0.3375 0.740625 0.05546875 0.08359375
0 0.68828125 0.08515625 0.015625 0.021875
0 0.56953125 0.01328125 0.0140625 0.02109375
0 0.67109375 0.06796875 0.0140625 0.02109375
0 0.01171875 0.3390625 0.0234375 0.0453125
0 0.61171875 0.0875 0.01640625 0.025
0 0.284375 0.08125 0.01484375 0.025
0 0.6296875 0.00625 0.0140625 0.01171875
0 0.71953125 0.0453125 0.0140625 0.0171875
0 0.53046875 0.0125 0.0125 0.01953125
0 0.5171875 0.00625 0.0140625 0.01171875
0 0.671875 0.00625 0.0140625 0.01171875
0 0.58203125 0.00703125 0.015625 0.0140625
0 0.4953125 0.11015625 0.015625 0.025
0 0.478125 0.00625 0.0125 0.01171875
0 0.8421875 0.49375 0.028125 0.0390625
0 0.6671875 0.0875 0.01484375 0.01953125
0 0.73984375 0.0171875 0.0125 0.01796875