0 0.190625 0.4296875 0.03828125 0.0546875
0 0.8296875 0.12578125 0.02734375 0.04296875
0 0.0421875 0.49375 0.0484375 0.05859375
0 0.8703125 0.16171875 0.025 0.0390625
0 0.29296875 0.38671875 0.03125 0.04921875
0 0.35390625 0.02265625 0.01484375 0.021875
0 0.10078125 0.13671875 0.021875 0.03125
0 0.5921875 0.3328125 0.0296875 0.04296875
0 0.665625 0.01953125 0.01953125 0.02578125
0 0.5125 0.3 0.0234375 0.0375
0 0.9125 0.1390625 0.0265625 0.0375
0 0.71953125 0.04921875 0.01953125 0.03125
0 0.11875 0.2171875 0.02421875 0.03671875
0 0.0484375 0.12265625 0.01953125 0.03125
0 0.33671875 0.66796875 0.04609375 0.07578125
0 0.05625 0.0125 0.01484375 0.025
0 0.6734375 0.55 0.0546875 0.06875
0 0.07109375 0.19453125 0.0265625 0.03515625
0 0.690625 0.0796875 0.02421875 0.0375
0 0.8421875 0.03203125 0.025 0.03515625
0 0.1390625 0.27890625 0.02734375 0.04140625
0 0.0421875 0.06796875 0.015625 0.02578125
0 0.728125 0.2234375 0.03046875 0.0453125
0 0.76640625 0.1 0.02734375 0.0390625
0 0.2515625 0.25625 0.028125 0.0375
0 0.396875 0.08515625 0.0203125 0.0296875
0 0.6609375 0.05625 0.021875 0.03125
0 0.13984375 0.0140625 0.01640625 0.025
0 0.42734375 0.19375 0.02265625 0.03125
0 0.86171875 0.08125 0.02421875 0.0375
0 0.93828125 0.06328125 0.0234375 0.03515625
0 0.01796875 0.0640625 0.01640625 0.02578125
0 0.2171875 0.14453125 0.01953125 0.03125
0 0.0171875 0.1546875 0.0234375 0.03359375
0 0.0578125 0.0578125 0.015625 0.025
0 0.95 0.2125 0.03984375 0.05859375
0 0.2484375 0.4171875 0.0296875 0.04296875
0 0.25859375 0.32265625 0.03046875 0.04453125
0 0.80625 0.04296875 0.0203125 0.03125
0 0.075 0.09296875 0.0171875 0.0296875
0 0.33046875 0.1359375 0.0203125 0.0296875
0 0.24921875 0.2203125 0.0203125 0.02578125
0 0.61484375 0.13125 0.02421875 0.0375
0 0.325 0.0171875 0.01484375 0.025
0 0.9671875 0.0609375 0.021875 0.03515625
0 0.6984375 0.01875 0.0171875 0.0296875
0 0.49765625 0.01171875 0.01640625 0.0234375
0 0.4578125 0.26875 0.02265625 0.0328125
0 0.065625 0.16328125 0.02265625 0.025
0 0.278125 0.0171875 0.0125 0.01796875
0 0.0109375 0.0125 0.01484375 0.025
0 0.18046875 0.00625 0.01640625 0.01171875
0 0.11875 0.01328125 0.01484375 0.02109375
0 0.09296875 0.00625 0.0125 0.01171875
0 0.2046875 0.690625 0.0625 0.0765625
0 0.03359375 0.00625 0.0140625 0.0125
0 0.25390625 0.0390625 0.015625 0.02109375
0 0.08359375 0.046875 0.01640625 0.0234375
0 0.17578125 0.08515625 0.015625 0.021875
0 0.2765625 0.04140625 0.015625 0.0234375
0 0.59765625 0.04375 0.0171875 0.025
0 0.2390625 0.1921875 0.0171875 0.02734375
0 0.72734375 0.02265625 0.01953125 0.02734375
0 0.3 0.12265625 0.01953125 0.02578125
0 0.11484375 0.03203125 0.01640625 0.01953125
0 0.8015625 0.18671875 0.03515625 0.05078125
0 0.09453125 0.06953125 0.0171875 0.025
0 0.80703125 0.09296875 0.02265625 0.0328125
0 0.08671875 0.58046875 0.059375 0.07578125
0 0.2625 0.01640625 0.0140625 0.021875
0 0.071875 0.00625 0.015625 0.0125
0 0.94453125 0.0296875 0.0234375 0.02890625