0 0.37890625 0.3171875 0.0328125 0.0484375
0 0.81640625 0.021875 0.0171875 0.02890625
0 0.72109375 0.23671875 0.03203125 0.04921875
0 0.8515625 0.01171875 0.0171875 0.0234375
0 0.46484375 0.01328125 0.0140625 0.02109375
0 0.56875 0.11875 0.01875 0.03125
0 0.221875 0.30625 0.03046875 0.04453125
0 0.4609375 0.27890625 0.0296875 0.046875
0 0.0515625 0.47265625 0.03984375 0.06015625
0 0.3671875 0.21640625 0.02734375 0.04140625
0 0.4671875 0.4515625 0.03984375 0.05859375
0 0.58203125 0.28828125 0.0328125 0.05625
0 0.196875 0.38203125 0.0375 0.053125
0 0.484375 0.02421875 0.0140625 0.01953125
0 0.23515625 0.19765625 0.0234375 0.03359375
0 0.26484375 0.36171875 0.0359375 0.0546875
0 0.6515625 0.33046875 0.03515625 0.04921875
0 0.0921875 0.3578125 0.0375 0.05078125
0 0.6140625 0.05546875 0.0171875 0.0296875
0 0.68828125 0.2140625 0.028125 0.0453125
0 0.61484375 0.3265625 0.028125 0.05078125
0 0.03046875 0.2359375 0.02421875 0.0328125
0 0.278125 0.0859375 0.0171875 0.02578125
0 0.19140625 0.2125 0.0234375 0.0375
0 0.3578125 0.084375 0.015625 0.0234375
0 0.4671875 0.11875 0.0171875 0.02578125
0 0.7421875 0.37265625 0.03515625 0.05703125
0 0.42890625 0.11953125 0.0171875 0.02890625
0 0.52421875 0.0796875 0.0171875 0.02734375
0 0.134375 0.3421875 0.034375 0.04921875
0 0.39921875 0.15 0.02421875 0.03671875
0 0.2796875 0.26640625 0.03046875 0.0484375
0 0.3828125 0.0640625 0.015625 0.0234375
0 0.79296875 0.00625 0.0171875 0.01171875
0 0.44140625 0.0421875 0.0140625 0.021875
0 0.47109375 0.16328125 0.02421875 0.0328125
0 0.58671875 0.0828125 0.01640625 0.02734375
0 0.43828125 0.09296875 0.01640625 0.025
0 0.4984375 0.03046875 0.01484375 0.01953125
0 0.3140625 0.0921875 0.01640625 0.025
0 0.2671875 0.0390625 0.0171875 0.0234375
0 0.6046875 0.1265625 0.0171875 0.02890625
0 0.1625 0.15 0.02265625 0.03125
0 0.05546875 0.41328125 0.03828125 0.0484375
0 0.04140625 0.20703125 0.0203125 0.02578125
0 0.30078125 0.11328125 0.015625 0.0234375
0 0.40703125 0.0796875 0.015625 0.0234375
0 0.27109375 0.12578125 0.0203125 0.0296875
0 0.07109375 0.1421875 0.0203125 0.0296875
0 0.42734375 0.0171875 0.0125 0.01953125
0 0.340625 0.28671875 0.03046875 0.0390625
0 0.62578125 0.1015625 0.0171875 0.02578125
0 0.3328125 0.2484375 0.025 0.03515625
0 0.05390625 0.178125 0.02265625 0.03359375
0 0.47109375 0.071875 0.0125 0.021875
0 0.34609375 0.065625 0.01484375 0.01953125
0 0.41171875 0.1109375 0.01875 0.02578125
0 0.43046875 0.159375 0.02265625 0.0328125
0 0.6640625 0.00625 0.015625 0.01171875
0 0.33359375 0.09296875 0.01640625 0.025
0 0.14609375 0.12890625 0.01640625 0.02578125
0 0.38046875 0.096875 0.01484375 0.021875
0 0.1421875 0.0140625 0.0140625 0.01953125
0 0.40703125 0.03046875 0.01484375 0.01953125
0 0.1671875 0.11171875 0.015625 0.02578125
0 0.1375 0.171875 0.0203125 0.03125
0 0.3703125 0.2734375 0.0296875 0.03671875
0 0.3296875 0.00625 0.0140625 0.01171875
0 0.6703125 0.14765625 0.021875 0.0328125
0 0.921875 0.325 0.0375 0.05078125
0 0.35234375 0.11875 0.0171875 0.02578125
0 0.415625 0.05546875 0.01484375 0.01953125
0 0.6375 0.00546875 0.01484375 0.01015625
0 0.0890625 0.084375 0.0171875 0.0234375
0 0.18828125 0.1734375 0.0234375 0.03671875
0 0.11796875 0.0515625 0.01484375 0.021875