0 0.10390625 0.25390625 0.01640625 0.02890625
0 0.853125 0.71171875 0.0359375 0.05625
0 0.11796875 0.34140625 0.01953125 0.0375
0 0.86171875 0.61015625 0.03203125 0.05
0 0.33515625 0.75546875 0.03203125 0.05234375
0 0.46015625 0.7625 0.03203125 0.06640625
0 0.753125 0.58125 0.028125 0.04609375
0 0.78046875 0.55390625 0.028125 0.04609375
0 0.20546875 0.32578125 0.01953125 0.03515625
0 0.303125 0.7625 0.03359375 0.05
0 0.55703125 0.7 0.028125 0.05859375
0 0.97265625 0.47265625 0.0265625 0.04140625
0 0.49296875 0.59296875 0.021875 0.03984375
0 0.98203125 0.75390625 0.03046875 0.05859375
0 0.65703125 0.76875 0.03359375 0.0625
0 0.93046875 0.41171875 0.021875 0.03515625
0 0.47578125 0.28515625 0.01796875 0.02890625
0 0.271875 0.3625 0.02109375 0.03359375
0 0.21015625 0.48125 0.02109375 0.0375
0 0.45546875 0.67265625 0.028125 0.05
0 0.97421875 0.61875 0.0265625 0.05
0 0.21171875 0.73046875 0.02890625 0.05234375
0 0.73359375 0.5375 0.028125 0.05
0 0.30546875 0.81796875 0.03359375 0.05625
0 0.11015625 0.7375 0.0265625 0.0375
0 0.946875 0.68671875 0.0359375 0.05625
0 0.49140625 0.36015625 0.01953125 0.03359375
0 0.365625 0.35625 0.01953125 0.0375
0 0.15546875 0.33671875 0.01953125 0.03515625
0 0.93984375 0.51171875 0.0265625 0.04375
0 0.26796875 0.78828125 0.03359375 0.05625
0 0.28671875 0.32421875 0.01796875 0.03125
0 0.03359375 0.675 0.025 0.0375
0 0.28671875 0.4125 0.02109375 0.0375
0 0.04296875 0.2375 0.01640625 0.02890625
0 0.74296875 0.69296875 0.0359375 0.05625
0 0.80390625 0.77265625 0.03046875 0.05859375
0 0.890625 0.71328125 0.0359375 0.05625
0 0.51640625 0.60546875 0.025 0.04375
0 0.45546875 0.35 0.01953125 0.03359375
0 0.63203125 0.37421875 0.01640625 0.03125
0 0.6828125 0.68046875 0.0375 0.05625
0 0.69296875 0.32265625 0.01953125 0.02890625
0 0.25390625 0.64765625 0.021875 0.02890625
0 0.24140625 0.34140625 0.01953125 0.0375
0 0.459375 0.27421875 0.015625 0.02734375
0 0.80546875 0.59921875 0.03046875 0.05625
0 0.5453125 0.53515625 0.0234375 0.0375
0 0.95859375 0.39296875 0.021875 0.03125
0 0.54140625 0.33671875 0.01953125 0.03515625
0 0.88515625 0.51796875 0.0265625 0.04765625
0 0.496875 0.84921875 0.0390625 0.06875
0 0.43046875 0.63046875 0.028125 0.04375
0 0.84140625 0.49296875 0.028125 0.04375
0 0.76328125 0.64453125 0.0375 0.04765625
0 0.25234375 0.478125 0.02109375 0.03984375
0 0.73203125 0.45 0.01953125 0.04140625
0 0.88828125 0.36796875 0.02109375 0.03515625
0 0.71171875 0.43515625 0.0234375 0.0375
0 0.07421875 0.26796875 0.01796875 0.02734375
0 0.41328125 0.275 0.01796875 0.02890625
0 0.76796875 0.46015625 0.028125 0.0375
0 0.103125 0.659375 0.021875 0.03984375
0 0.24453125 0.575 0.01953125 0.0375
0 0.9140625 0.46640625 0.025 0.04140625
0 0.32109375 0.66640625 0.021875 0.04609375
0 0.140625 0.59296875 0.021875 0.03984375
0 0.771875 0.37421875 0.0234375 0.03984375
0 0.34921875 0.66640625 0.02890625 0.0375
0 0.42421875 0.68671875 0.0265625 0.04765625
0 0.25546875 0.69140625 0.028125 0.04609375
0 0.47890625 0.63125 0.025 0.04609375
0 0.77421875 0.71328125 0.03203125 0.05234375
0 0.921875 0.65078125 0.02890625 0.05234375
0 0.22890625 0.79375 0.03046875 0.05
0 0.86796875 0.42421875 0.021875 0.04375
0 0.55703125 0.625 0.028125 0.05
0 0.19921875 0.9 0.040625 0.07109375
0 0.18203125 0.6625 0.01953125 0.0375
0 0.68203125 0.37265625 0.01953125 0.0375
0 0.90078125 0.42265625 0.0234375 0.0375
0 0.19140625 0.23125 0.01953125 0.025
0 0.828125 0.66875 0.03046875 0.05390625
0 0.06328125 0.31875 0.02109375 0.02890625
0 0.3515625 0.63125 0.028125 0.03359375
0 0.85390625 0.30390625 0.01953125 0.02890625
0 0.33671875 0.421875 0.02109375 0.03515625
0 0.55703125 0.3125 0.01953125 0.0375
0 0.49609375 0.68671875 0.0359375 0.05625
0 0.23359375 0.28046875 0.01953125 0.03125
0 0.29609375 0.67578125 0.025 0.04375
0 0.27109375 0.26328125 0.01953125 0.02265625
0 0.696875 0.96796875 0.05 0.06015625
0 0.10546875 0.61796875 0.01953125 0.03125
0 0.56953125 0.26171875 0.01953125 0.03125
0 0.38984375 0.65625 0.02890625 0.04609375
0 0.53046875 0.25625 0.01640625 0.025
0 0.28359375 0.509375 0.021875 0.03515625
0 0.12421875 0.43046875 0.01796875 0.03984375
0 0.30703125 0.62421875 0.025 0.03984375
0 0.24765625 0.98125 0.04296875 0.03359375
0 0.83203125 0.54765625 0.028125 0.0375
0 0.82890625 0.34921875 0.01953125 0.03125
0 0.31484375 0.31875 0.01796875 0.0375
0 0.18671875 0.81875 0.034375 0.05390625
0 0.12109375 0.70078125 0.028125 0.03515625
0 0.471875 0.95 0.040625 0.075
0 0.7953125 0.44375 0.0265625 0.04140625
0 0.14296875 0.77421875 0.03046875 0.05234375
0 0.69296875 0.571875 0.028125 0.04375
0 0.57421875 0.41875 0.01796875 0.0375
0 0.35546875 0.59921875 0.021875 0.03125
0 0.45859375 0.60625 0.01953125 0.0375
0 0.646875 0.64765625 0.02890625 0.05390625
0 0.81484375 0.37421875 0.02109375 0.03125
0 0.38203125 0.33125 0.01953125 0.03359375
0 0.20078125 0.56875 0.01796875 0.0375
0 0.43828125 0.28515625 0.01796875 0.025
0 0.63046875 0.34296875 0.01640625 0.03125
0 0.81796875 0.4125 0.021875 0.0375
0 0.34453125 0.35 0.01953125 0.0375
0 0.32421875 0.59375 0.02109375 0.0375
0 0.834375 0.446875 0.02109375 0.03125
0 0.38515625 0.91171875 0.04296875 0.08125
0 0.009375 0.61171875 0.01796875 0.03515625
0 0.04453125 0.30078125 0.01953125 0.03125
0 0.41171875 0.35390625 0.02109375 0.0375
0 0.70546875 0.53515625 0.025 0.0375
0 0.68203125 0.49140625 0.025 0.0375
0 0.35390625 0.71328125 0.028125 0.05234375
0 0.57109375 0.78671875 0.03046875 0.05625
0 0.39609375 0.7875 0.0359375 0.05859375
0 0.02265625 0.92890625 0.040625 0.0625
0 0.796875 0.36171875 0.02109375 0.03515625
0 0.43828125 0.31640625 0.01796875 0.02890625
0 0.98203125 0.39453125 0.025 0.04375
0 0.22265625 0.25546875 0.01796875 0.02734375
0 0.70390625 0.3875 0.021875 0.0375
0 0.83671875 0.38671875 0.02109375 0.03125
0 0.85234375 0.36171875 0.02109375 0.03515625
0 0.41953125 0.32421875 0.01953125 0.02734375
0 0.22421875 0.65546875 0.01796875 0.03125
0 0.121875 0.30546875 0.021875 0.03125
0 0.14453125 0.23046875 0.01953125 0.02734375
0 0.76015625 0.51953125 0.0234375 0.03984375
0 0.090625 0.58046875 0.01953125 0.03125
0 0.49765625 0.55625 0.0234375 0.03359375
0 0.65390625 0.35625 0.01640625 0.025
0 0.76171875 0.41171875 0.02109375 0.03515625
0 0.43203125 0.58671875 0.01953125 0.03515625
0 0.27734375 0.64140625 0.01796875 0.03359375
0 0.65546875 0.29375 0.01640625 0.025
0 0.71328125 0.48515625 0.0265625 0.0375
0 0.03828125 0.64296875 0.0234375 0.03515625
0 0.16796875 0.60390625 0.01953125 0.0375
0 0.14453125 0.66875 0.01953125 0.0375
0 0.98359375 0.546875 0.028125 0.05234375
0 0.934375 0.59921875 0.025 0.04375
0 0.74140625 0.30390625 0.01640625 0.025
0 0.26328125 0.31875 0.02109375 0.03359375
0 0.66796875 0.45703125 0.028125 0.03515625
0 0.865625 0.56171875 0.03046875 0.03984375
0 0.10546875 0.7875 0.03046875 0.05
0 0.496875 0.325 0.01796875 0.02890625
0 0.38203125 0.26875 0.01640625 0.025
0 0.728125 0.39921875 0.021875 0.03125
0 0.64296875 0.44765625 0.01953125 0.02890625
0 0.54296875 0.58046875 0.025 0.04375
0 0.93203125 0.37890625 0.021875 0.025
0 0.878125 0.671875 0.03046875 0.03125
0 0.584375 0.35390625 0.015625 0.03359375
0 0.37734375 0.21953125 0.01796875 0.02265625
0 0.79921875 0.40390625 0.02109375 0.03359375
0 0.271875 0.60390625 0.021875 0.0375
0 0.63671875 0.48828125 0.02109375 0.03984375
0 0.43515625 0.26015625 0.01796875 0.025
0 0.10234375 0.859375 0.02890625 0.05234375
0 0.271875 0.29375 0.015625 0.025
0 0.95703125 0.29140625 0.01640625 0.025
0 0.20703125 0.66015625 0.01953125 0.0375
0 0.39765625 0.59296875 0.01796875 0.03984375
0 0.14453125 0.3 0.01953125 0.02890625
0 0.946875 0.31171875 0.02109375 0.03125
0 0.190625 0.27890625 0.01953125 0.02890625
0 0.76328125 0.34296875 0.01796875 0.01875
0 0.70390625 0.35625 0.01953125 0.025
0 0.809375 0.54375 0.02109375 0.0375
0 0.653125 0.71875 0.0390625 0.03359375
0 0.209375 0.29140625 0.01796875 0.02890625
0 0.39296875 0.24140625 0.01640625 0.025
0 0.94921875 0.46171875 0.01796875 0.04375
0 0.02109375 0.98671875 0.04140625 0.02265625
0 0.084375 0.53671875 0.01796875 0.03515625
0 0.18671875 0.30546875 0.01796875 0.02734375
0 0.42734375 0.21015625 0.015625 0.025
0 0.73671875 0.35390625 0.02109375 0.03359375
0 0.30546875 0.26796875 0.01640625 0.02734375
0 0.01015625 0.24140625 0.01796875 0.025
0 0.721875 0.321875 0.015625 0.02734375
0 0.85546875 0.33046875 0.01953125 0.02734375
0 0.96953125 0.32265625 0.01953125 0.02890625
0 0.15546875 0.56015625 0.01953125 0.0375
0 0.56015625 0.21171875 0.015625 0.02265625
0 0.67265625 0.33125 0.01796875 0.025
0 0.29140625 0.24921875 0.01640625 0.02734375
0 0.17421875 0.74765625 0.0234375 0.04140625
0 0.059375 0.65625 0.01796875 0.04140625
0 0.00390625 0.540625 0.0078125 0.03125
0 0.42890625 0.23671875 0.01640625 0.01875
0 0.06171875 0.78046875 0.02890625 0.04765625
0 0.334375 0.259375 0.015625 0.02265625
0 0.37734375 0.61328125 0.02109375 0.03515625
0 0.37734375 0.571875 0.01796875 0.03125
0 0.00390625 0.2875 0.0078125 0.0375
0 0.821875 0.72265625 0.02890625 0.04140625
0 0.909375 0.50625 0.021875 0.04140625
0 0.79765625 0.51171875 0.0234375 0.03515625
0 0.06796875 0.59375 0.021875 0.0375
0 0.015625 0.52265625 0.01953125 0.03359375
0 0.16171875 0.99296875 0.03203125 0.01015625
0 0.053125 0.52421875 0.021875 0.03125
0 0.51796875 0.24140625 0.0140625 0.02109375
0 0.471875 0.24296875 0.015625 0.01875
0 0.18046875 0.57265625 0.01953125 0.0375
0 0.11796875 0.546875 0.0140625 0.02265625
0 0.98046875 0.24296875 0.01953125 0.03125
0 0.54921875 0.24296875 0.015625 0.02265625
0 0.52109375 0.325 0.01640625 0.0375
0 0.01640625 0.31171875 0.01953125 0.02265625
0 0.08046875 0.29921875 0.01953125 0.03125
0 0.83671875 0.76640625 0.02890625 0.05
0 0.49921875 0.278125 0.015625 0.02265625
0 0.15078125 0.51015625 0.02109375 0.0375