0 0.428125 0.26875 0.0265625 0.04296875
0 0.246875 0.44375 0.03828125 0.05703125
0 0.70234375 0.01328125 0.0171875 0.02578125
0 0.71171875 0.10546875 0.02421875 0.03671875
0 0.1375 0.303125 0.03203125 0.046875
0 0.89921875 0.13203125 0.025 0.0375
0 0.78125 0.45390625 0.0453125 0.05859375
0 0.53203125 0.1421875 0.02734375 0.0390625
0 0.56875 0.01953125 0.01640625 0.02890625
0 0.58125 0.43125 0.0359375 0.053125
0 0.34765625 0.41171875 0.03515625 0.0546875
0 0.5125 0.6859375 0.05 0.08203125
0 0.07421875 0.11640625 0.0234375 0.03515625
0 0.41875 0.0921875 0.02265625 0.03515625
0 0.728125 0.075 0.02265625 0.0296875
0 0.3734375 0.79921875 0.0625 0.1015625
0 0.96953125 0.09296875 0.028125 0.0375
0 0.6140625 0.08125 0.01953125 0.0296875
0 0.04140625 0.18671875 0.028125 0.04296875
0 0.8703125 0.4125 0.040625 0.0609375
0 0.30234375 0.3078125 0.03203125 0.0484375
0 0.88984375 0.0640625 0.02421875 0.03671875
0 0.42734375 0.19453125 0.02421875 0.0375
0 0.31953125 0.1078125 0.01953125 0.0296875
0 0.45390625 0.471875 0.0453125 0.0609375
0 0.64765625 0.1828125 0.028125 0.04296875
0 0.1234375 0.19453125 0.028125 0.040625
0 0.753125 0.025 0.02265625 0.0296875
0 0.0328125 0.3390625 0.03515625 0.05625
0 0.18125 0.1765625 0.0234375 0.0375
0 0.4671875 0.1765625 0.0265625 0.040625
0 0.384375 0.0734375 0.021875 0.0296875
0 0.22734375 0.13046875 0.0203125 0.03125
0 0.11015625 0.08046875 0.021875 0.03125
0 0.596875 0.04921875 0.0171875 0.02578125
0 0.315625 0.06875 0.0203125 0.0296875
0 0.73125 0.24296875 0.0265625 0.0375
0 0.9296875 0.1546875 0.0234375 0.03671875
0 0.5828125 0.21015625 0.03125 0.0453125
0 0.1609375 0.06640625 0.021875 0.02890625
0 0.2875 0.06875 0.01953125 0.0296875
0 0.4796875 0.13203125 0.0265625 0.0375
0 0.29296875 0.2546875 0.03125 0.040625
0 0.42890625 0.0140625 0.01640625 0.025
0 0.93984375 0.3328125 0.0421875 0.05078125
0 0.42265625 0.159375 0.021875 0.0328125
0 0.6203125 0.23203125 0.0296875 0.04140625
0 0.8109375 0.27578125 0.02734375 0.0390625
0 0.5609375 0.18125 0.025 0.040625
0 0.134375 0.0484375 0.01875 0.0234375
0 0.3921875 0.00625 0.015625 0.0125
0 0.540625 0.0640625 0.01953125 0.03125
0 0.6625 0.13125 0.02421875 0.0375
0 0.840625 0.0109375 0.0234375 0.021875
0 0.65234375 0.35 0.03125 0.05234375
0 0.0296875 0.103125 0.02265625 0.03515625
0 0.0046875 0.11875 0.00859375 0.03515625
0 0.0765625 0.04921875 0.0203125 0.03125
0 0.36875 0.00703125 0.01484375 0.0140625
0 0.07890625 0.07890625 0.0171875 0.02734375
0 0.8328125 0.12421875 0.0234375 0.0375
0 0.6484375 0.08046875 0.01953125 0.03125
0 0.35625 0.0296875 0.02265625 0.025
0 0.6265625 0.009375 0.01875 0.01875
0 0.00625 0.1734375 0.0125 0.03671875
0 0.41875 0.04140625 0.0171875 0.02578125
0 0.64609375 0.0265625 0.01484375 0.021875
0 0.0328125 0.0546875 0.0203125 0.02890625
0 0.6734375 0.03515625 0.01484375 0.0234375
0 0.45546875 0.00625 0.01640625 0.01171875
0 0.04140625 0.14140625 0.0203125 0.0296875
0 0.97578125 0.0125 0.021875 0.025
0 0.73671875 0.12265625 0.02265625 0.03359375
0 0.1375 0.0796875 0.0234375 0.0328125
0 0.61015625 0.0078125 0.01484375 0.015625
0 0.99296875 0.02421875 0.01171875 0.0296875
0 0.0046875 0.2125 0.009375 0.04453125
0 0.0046875 0.01328125 0.00859375 0.02578125