0 0.44453125 0.56796875 0.05625 0.08359375
0 0.52265625 0.27265625 0.0390625 0.05625
0 0.259375 0.0296875 0.0265625 0.0453125
0 0.2328125 0.2359375 0.0453125 0.06796875
0 0.4109375 0.03203125 0.034375 0.0484375
0 0.2078125 0.04140625 0.03125 0.04921875
0 0.12890625 0.3984375 0.053125 0.0859375
0 0.3296875 0.41640625 0.0515625 0.0703125
0 0.36171875 0.11640625 0.034375 0.053125
0 0.43984375 0.103125 0.03203125 0.053125
0 0.26640625 0.4375 0.0453125 0.06796875
0 0.0375 0.79921875 0.075 0.10703125
0 0.31875 0.2484375 0.03984375 0.06484375
0 0.33046875 0.0109375 0.0265625 0.021875
0 0.16171875 0.93515625 0.09296875 0.12734375
0 0.6828125 0.12421875 0.028125 0.04296875
0 0.31875 0.11640625 0.034375 0.05078125
0 0.29140625 0.01875 0.028125 0.0375
0 0.66015625 0.20078125 0.025 0.03671875
0 0.63984375 0.14140625 0.02265625 0.0375
0 0.628125 0.0890625 0.01640625 0.021875
0 0.9640625 0.71015625 0.025 0.0328125
0 0.47265625 0.00625 0.021875 0.01171875