0 0.8796875 0.23125 0.028125 0.04296875
0 0.56328125 0.0546875 0.02265625 0.03671875
0 0.83671875 0.3359375 0.03125 0.046875
0 0.98203125 0.04453125 0.0265625 0.0390625
0 0.6359375 0.40625 0.0421875 0.0625
0 0.75234375 0.37890625 0.0359375 0.0546875
0 0.81328125 0.01015625 0.0203125 0.0203125
0 0.5265625 0.00859375 0.021875 0.0171875
0 0.6109375 0.06640625 0.025 0.04140625
0 0.70546875 0.48671875 0.04609375 0.06796875
0 0.33671875 0.34140625 0.034375 0.0546875
0 0.2484375 0.09375 0.0265625 0.04140625
0 0.0609375 0.88828125 0.0796875 0.1015625
0 0.41328125 0.14140625 0.0296875 0.0453125
0 0.3328125 0.025 0.021875 0.03515625
0 0.2796875 0.10625 0.0265625 0.0375
0 0.89921875 0.07578125 0.02421875 0.03671875
0 0.5171875 0.0953125 0.025 0.0390625
0 0.903125 0.68671875 0.0609375 0.0953125
0 0.0234375 0.60078125 0.046875 0.0796875
0 0.19453125 0.18125 0.0328125 0.04453125
0 0.540625 0.1375 0.02421875 0.0375
0 0.99453125 0.0921875 0.00859375 0.040625
0 0.8109375 0.753125 0.0609375 0.0921875
0 0.0296875 0.0203125 0.015625 0.025
0 0.359375 0.13046875 0.025 0.0390625
0 0.16484375 0.984375 0.08203125 0.02890625
0 0.8390625 0.02421875 0.02421875 0.0375