0 0.534375 0.35625 0.0421875 0.05625
0 0.24609375 0.42265625 0.0390625 0.0609375
0 0.434375 0.4984375 0.04765625 0.07578125
0 0.40390625 0.24921875 0.0265625 0.04296875
0 0.66484375 0.5171875 0.0453125 0.07265625
0 0.31875 0.3203125 0.03203125 0.05234375
0 0.39140625 0.18671875 0.0234375 0.0375
0 0.29609375 0.18203125 0.02265625 0.03671875
0 0.60078125 0.4875 0.0390625 0.0640625
0 0.39765625 0.634375 0.0546875 0.0796875
0 0.16015625 0.5484375 0.05078125 0.07421875
0 0.3703125 0.44765625 0.0375 0.0625
0 0.04765625 0.47578125 0.04765625 0.06875
0 0.0703125 0.33203125 0.03515625 0.04921875
0 0.28984375 0.57578125 0.0453125 0.07578125
0 0.16875 0.3171875 0.0328125 0.0453125
0 0.6765625 0.7421875 0.05859375 0.08828125
0 0.6328125 0.2171875 0.0296875 0.04296875
0 0.21953125 0.1390625 0.021875 0.0328125
0 0.58203125 0.07890625 0.021875 0.0296875
0 0.0859375 0.4125 0.040625 0.05234375
0 0.91328125 0.60546875 0.06875 0.09921875
0 0.3796875 0.08046875 0.0171875 0.02578125
0 0.67890625 0.09765625 0.0234375 0.03125
0 0.62578125 0.071875 0.021875 0.0296875
0 0.19140625 0.2375 0.02734375 0.03515625
0 0.67421875 0.2203125 0.0265625 0.0390625
0 0.9390625 0.35546875 0.04609375 0.0625
0 0.1140625 0.4609375 0.04296875 0.06796875
0 0.821875 0.45546875 0.0609375 0.07578125
0 0.33671875 0.26640625 0.028125 0.0484375
0 0.6765625 0.37890625 0.03984375 0.0625
0 0.71640625 0.1375 0.02265625 0.0375
0 0.20390625 0.6859375 0.0515625 0.0859375
0 0.6828125 0.13125 0.02265625 0.03359375
0 0.43359375 0.1859375 0.0234375 0.0390625
0 0.3734375 0.12265625 0.0203125 0.03359375
0 0.50390625 0.03828125 0.015625 0.025
0 0.4734375 0.1421875 0.02265625 0.0328125
0 0.23984375 0.1796875 0.02265625 0.03671875
0 0.6203125 0.10625 0.021875 0.0328125
0 0.8359375 0.1640625 0.0296875 0.04453125
0 0.08046875 0.28828125 0.03046875 0.03515625
0 0.81328125 0.075 0.01953125 0.0296875
0 0.68046875 0.64375 0.06328125 0.08203125
0 0.79375 0.64765625 0.06171875 0.0875
0 0.24921875 0.28046875 0.03046875 0.04296875
0 0.53203125 0.0140625 0.0171875 0.025
0 0.915625 0.115625 0.021875 0.03359375
0 0.728125 0.9375 0.0671875 0.10703125
0 0.978125 0.2125 0.03515625 0.05078125
0 0.31484375 0.1203125 0.0203125 0.0328125
0 0.0203125 0.3390625 0.034375 0.0484375
0 0.71171875 0.03515625 0.0171875 0.02890625
0 0.978125 0.13828125 0.025 0.0390625
0 0.63359375 0.2734375 0.0359375 0.0546875
0 0.71015625 0.196875 0.028125 0.04296875
0 0.7671875 0.1109375 0.021875 0.0328125
0 0.5609375 0.02265625 0.01640625 0.025
0 0.93984375 0.0296875 0.01875 0.025
0 0.8546875 0.09765625 0.021875 0.03671875
0 0.08359375 0.2015625 0.0203125 0.0296875
0 0.434375 0.1109375 0.02421875 0.02890625
0 0.946875 0.1 0.0203125 0.03359375
0 0.83125 0.040625 0.0171875 0.02734375
0 0.571875 0.71796875 0.059375 0.08203125
0 0.15078125 0.2796875 0.028125 0.03671875
0 0.8921875 0.0140625 0.015625 0.02578125
0 0.4546875 0.28046875 0.03125 0.0484375
0 0.9078125 0.03203125 0.0171875 0.0296875
0 0.06796875 0.7 0.06171875 0.08203125
0 0.440625 0.01328125 0.01640625 0.02109375
0 0.12578125 0.19296875 0.02734375 0.03671875
0 0.6234375 0.0140625 0.01640625 0.02734375
0 0.64609375 0.0203125 0.01640625 0.02734375
0 0.121875 0.30625 0.03046875 0.04453125
0 0.5515625 0.04453125 0.0171875 0.02578125
0 0.92421875 0.2484375 0.03046875 0.04921875
0 0.88984375 0.17421875 0.028125 0.04453125
0 0.20859375 0.21015625 0.02265625 0.03515625
0 0.7453125 0.1 0.021875 0.0328125
0 0.91875 0.00703125 0.0171875 0.0140625
0 0.65546875 0.04921875 0.0171875 0.02578125
0 0.8203125 0.00625 0.015625 0.01171875
0 0.190625 0.9578125 0.096875 0.08203125
0 0.86875 0.01953125 0.01875 0.0234375
0 0.81328125 0.034375 0.01875 0.02734375
0 0.790625 0.01796875 0.015625 0.02578125
0 0.4328125 0.05078125 0.01640625 0.0234375
0 0.95 0.475 0.0546875 0.07421875
0 0.83046875 0.12890625 0.02421875 0.02890625
0 0.0125 0.24375 0.0234375 0.03671875
0 0.67578125 0.06640625 0.0171875 0.02578125
0 0.98984375 0.0171875 0.01875 0.025
0 0.60078125 0.0421875 0.0171875 0.0296875
0 0.05546875 0.87890625 0.0734375 0.10703125
0 0.95859375 0.03203125 0.01875 0.02734375
0 0.88203125 0.0875 0.01953125 0.0328125
0 0.45703125 0.04453125 0.015625 0.02578125
0 0.7 0.0625 0.01953125 0.02578125
0 0.48515625 0.0359375 0.01484375 0.025
0 0.7671875 0.07578125 0.021875 0.02890625
0 0.7453125 0.03046875 0.0171875 0.025
0 0.9890625 0.275 0.0203125 0.04453125
0 0.9921875 0.1 0.0140625 0.0328125
0 0.8421875 0.31640625 0.0375 0.05703125
0 0.73671875 0.05625 0.01875 0.02578125
0 0.34375 0.221875 0.0234375 0.0328125
0 0.0640625 0.20703125 0.0203125 0.02578125
0 0.728125 0.00625 0.01640625 0.01171875
0 0.196875 0.2796875 0.0265625 0.040625
0 0.7015625 0.11015625 0.0203125 0.02734375
0 0.99296875 0.06796875 0.0125 0.02578125
0 0.040625 0.0359375 0.0125 0.01953125
0 0.94453125 0.29765625 0.03125 0.0453125
0 0.09453125 0.06875 0.01484375 0.0234375
0 0.4765625 0.01328125 0.015625 0.02109375
0 0.975 0.05078125 0.0203125 0.02890625
0 0.70390625 0.009375 0.0171875 0.01875
0 0.97578125 0.93515625 0.04609375 0.1015625
0 0.10859375 0.23828125 0.0234375 0.02578125
0 0.06875 0.00625 0.0125 0.01171875
0 0.6515625 0.990625 0.05390625 0.0171875
0 0.94609375 0.00703125 0.01484375 0.0140625
0 0.87890625 0.1328125 0.0234375 0.02890625
0 0.153125 0.01796875 0.0125 0.01796875
0 0.11171875 0.26875 0.03046875 0.0328125
0 0.9734375 0.08046875 0.0171875 0.03125
0 0.85 0.0375 0.01953125 0.0296875