1 0.74296875 0.71328125 0.025 0.046875
1 0.671875 0.73828125 0.0296875 0.05
1 0.803125 0.72734375 0.0265625 0.046875
1 0.87421875 0.75 0.0234375 0.046875
1 0.37578125 0.875 0.078125 0.24140625
1 0.18125 0.75 0.03125 0.0515625
1 0.80390625 0.83515625 0.0671875 0.26484375
1 0.37265625 0.7765625 0.028125 0.0453125
1 0.61015625 0.61328125 0.0203125 0.03203125
1 0.57578125 0.73359375 0.0265625 0.046875
1 0.43359375 0.79921875 0.0703125 0.2578125
1 0.43671875 0.69453125 0.0234375 0.0453125
1 0.43359375 0.4828125 0.0171875 0.03046875
1 0.3484375 0.52265625 0.021875 0.02890625
1 0.73671875 0.82265625 0.07109375 0.26953125
1 0.3453125 0.57421875 0.0234375 0.03203125
1 0.6671875 0.83515625 0.05859375 0.24453125
1 0.34453125 0.70546875 0.02734375 0.040625
1 0.33515625 0.6328125 0.021875 0.040625
1 0.05546875 0.8421875 0.0359375 0.05234375
1 0.5703125 0.85 0.0484375 0.2796875
1 0.41875 0.59765625 0.021875 0.03515625
1 0.17109375 0.628125 0.0265625 0.040625
1 0.18671875 0.4484375 0.01640625 0.025
1 0.45390625 0.6265625 0.02265625 0.03515625
1 0.85234375 0.66328125 0.02265625 0.03828125
1 0.04296875 0.77890625 0.0296875 0.046875
1 0.23125 0.665625 0.025 0.03984375
1 0.30390625 0.690625 0.0234375 0.03359375
1 0.13671875 0.76171875 0.03125 0.0484375
1 0.9078125 0.66640625 0.0234375 0.03203125
1 0.54296875 0.70390625 0.02734375 0.04375
1 0.28515625 0.7953125 0.0390625 0.0640625
1 0.50859375 0.58046875 0.02734375 0.03984375
1 0.62890625 0.52734375 0.01953125 0.03203125
1 0.87265625 0.84921875 0.05390625 0.24921875
1 0.746875 0.59296875 0.01953125 0.03515625
1 0.01796875 0.6046875 0.0203125 0.040625
1 0.27109375 0.596875 0.0203125 0.03046875
1 0.24453125 0.63515625 0.0203125 0.03203125
1 0.8953125 0.69921875 0.028125 0.0453125
1 0.50546875 0.67109375 0.0578125 0.22109375
1 0.68203125 0.56171875 0.02265625 0.03359375
1 0.1 0.71484375 0.0296875 0.0453125
1 0.3953125 0.5375 0.021875 0.03203125
1 0.2828125 0.878125 0.075 0.234375
1 0.484375 0.5265625 0.0171875 0.03359375
1 0.4953125 0.39609375 0.01484375 0.021875
1 0.075 0.7875 0.0265625 0.04375
1 0.225 0.46953125 0.01640625 0.03046875
1 0.09453125 0.7921875 0.0265625 0.046875
1 0.6046875 0.5171875 0.01875 0.025
1 0.3859375 0.640625 0.02421875 0.03671875
1 0.2671875 0.4359375 0.015625 0.025
1 0.3421875 0.43828125 0.0359375 0.12421875
1 0.24375 0.54375 0.0203125 0.03671875
1 0.37421875 0.5875 0.02265625 0.03671875
1 0.11640625 0.565625 0.0234375 0.03984375
1 0.64375 0.47890625 0.015625 0.0265625
1 0.03671875 0.47109375 0.01875 0.03203125
1 0.12578125 0.48359375 0.015625 0.025
1 0.06171875 0.953125 0.03515625 0.0734375
1 0.40078125 0.50625 0.0203125 0.02890625
1 0.34609375 0.765625 0.028125 0.046875
1 0.6796875 0.64921875 0.04296875 0.209375
1 0.2578125 0.4796875 0.01953125 0.025
1 0.09375 0.88125 0.0703125 0.22578125
1 0.5015625 0.4375 0.015625 0.0234375
1 0.43671875 0.5609375 0.021875 0.02890625
1 0.5984375 0.7203125 0.02734375 0.040625
1 0.32734375 0.74453125 0.0265625 0.03984375
1 0.73984375 0.640625 0.0515625 0.13046875
1 0.30546875 0.66640625 0.021875 0.0265625
1 0.54765625 0.378125 0.01484375 0.0234375
1 0.15859375 0.71640625 0.02265625 0.03984375
1 0.24921875 0.75859375 0.0453125 0.05859375
1 0.5703125 0.61171875 0.021875 0.03828125
1 0.35078125 0.4828125 0.01640625 0.0265625
1 0.196875 0.85625 0.084375 0.26328125
1 0.13984375 0.546875 0.01953125 0.03359375
1 0.10625 0.46171875 0.01640625 0.03046875
1 0.2375 0.8625 0.07109375 0.26640625
1 0.92109375 0.59921875 0.02421875 0.03671875
1 0.08828125 0.56328125 0.0203125 0.028125
1 0.584375 0.39609375 0.0140625 0.01875
1 0.07421875 0.54296875 0.0171875 0.02890625
1 0.5921875 0.484375 0.015625 0.0265625
1 0.19140625 0.53203125 0.021875 0.03671875
1 0.6234375 0.34609375 0.015625 0.021875
1 0.4875 0.36640625 0.0140625 0.0203125
1 0.2796875 0.46015625 0.01640625 0.03046875
1 0.3546875 0.55 0.0609375 0.08671875
1 0.37421875 0.40078125 0.03046875 0.13203125
1 0.21875 0.41328125 0.015625 0.025
1 0.5453125 0.40546875 0.0140625 0.0203125
1 0.1359375 0.58984375 0.02265625 0.03828125
1 0.5171875 0.5140625 0.0171875 0.03515625
1 0.053125 0.59453125 0.0171875 0.03203125
1 0.3875 0.58203125 0.01875 0.03671875
1 0.21875 0.6234375 0.01953125 0.03828125
1 0.3734375 0.34609375 0.01484375 0.021875
1 0.05546875 0.9046875 0.08125 0.17890625
1 0.09296875 0.6484375 0.02265625 0.03515625
1 0.54921875 0.51953125 0.01875 0.0265625
1 0.47890625 0.49296875 0.01875 0.03046875
1 0.30703125 0.5875 0.01875 0.03203125
1 0.65703125 0.4296875 0.015625 0.021875
1 0.2078125 0.5953125 0.01953125 0.03359375
1 0.334375 0.65703125 0.0546875 0.090625
1 0.29609375 0.721875 0.0640625 0.096875
1 0.6078125 0.56640625 0.046875 0.12265625
1 0.1390625 0.865625 0.0578125 0.2578125
1 0.20546875 0.49609375 0.01640625 0.0265625
1 0.34609375 0.38671875 0.01484375 0.0203125
1 0.5046875 0.36640625 0.0125 0.01875
1 0.54140625 0.81015625 0.05 0.259375
1 0.0640625 0.59296875 0.01953125 0.03203125
1 0.38671875 0.71328125 0.053125 0.17890625
1 0.60859375 0.665625 0.0375 0.1359375
1 0.27421875 0.6390625 0.0453125 0.115625
1 0.45 0.475 0.01484375 0.021875
1 0.62421875 0.4640625 0.015625 0.0265625
1 0.43984375 0.52890625 0.03828125 0.12578125
1 0.2328125 0.5484375 0.021875 0.03359375
1 0.46171875 0.49140625 0.0171875 0.028125
1 0.56328125 0.42265625 0.01640625 0.028125
1 0.5953125 0.45390625 0.01484375 0.0203125
1 0.6421875 0.553125 0.0421875 0.17578125
1 0.103125 0.671875 0.021875 0.03515625
1 0.3421875 0.60390625 0.0359375 0.0921875
1 0.1796875 0.73828125 0.02734375 0.028125
1 0.60625 0.8234375 0.053125 0.25
1 0.2609375 0.34375 0.01640625 0.0234375
1 0.18828125 0.47421875 0.0453125 0.07578125
1 0.0171875 0.44453125 0.015625 0.021875
1 0.0921875 0.7546875 0.06328125 0.121875
1 0.01484375 0.053125 0.01875 0.028125
1 0.546875 0.4453125 0.0140625 0.0234375
1 0.18671875 0.03984375 0.015625 0.0234375
1 0.7609375 0.72109375 0.021875 0.03984375
1 0.30703125 0.4875 0.01640625 0.0265625
1 0.05078125 0.625 0.0234375 0.03828125
1 0.1578125 0.509375 0.01875 0.0265625
1 0.66875 0.46796875 0.0171875 0.028125
1 0.8453125 0.69921875 0.0453125 0.1125
1 0.3375 0.3390625 0.015625 0.021875
1 0.23984375 0.428125 0.01484375 0.01875
1 0.4171875 0.6453125 0.0484375 0.13046875
1 0.31796875 0.51015625 0.01640625 0.028125
1 0.290625 0.52109375 0.01875 0.03203125
1 0.034375 0.740625 0.02734375 0.03828125
1 0.5265625 0.5671875 0.04765625 0.12421875
1 0.53046875 0.5171875 0.0171875 0.0265625
1 0.07890625 0.446875 0.01640625 0.0265625
1 0.04765625 0.446875 0.0171875 0.0265625
1 0.228125 0.71484375 0.05 0.1375
1 0.16640625 0.66875 0.05 0.121875
1 0.08125 0.51171875 0.01953125 0.025
1 0.41640625 0.4078125 0.01640625 0.028125
1 0.0578125 0.50546875 0.0203125 0.03515625
1 0.3203125 0.603125 0.01953125 0.03203125
1 0.32421875 0.85078125 0.0453125 0.24921875
1 0.31328125 0.378125 0.0140625 0.01875
1 0.50859375 0.4828125 0.0328125 0.10390625
1 0.2671875 0.43828125 0.021875 0.03671875
1 0.90234375 0.7359375 0.0546875 0.121875
1 0.25234375 0.04609375 0.01484375 0.028125
1 0.4390625 0.44375 0.015625 0.0234375
1 0.11640625 0.0390625 0.015625 0.01875
1 0.01875 0.6453125 0.0359375 0.12265625
1 0.30234375 0.6921875 0.034375 0.0484375
1 0.1796875 0.3984375 0.0171875 0.02890625
1 0.62578125 0.39375 0.03203125 0.1203125
1 0.1046875 0.528125 0.015625 0.025
1 0.375 0.7796875 0.040625 0.06328125
1 0.253125 0.6796875 0.0390625 0.1203125
1 0.90234375 0.8 0.0546875 0.25
1 0.99296875 0.7859375 0.01171875 0.05234375
1 0.4984375 0.58359375 0.9875 0.80390625
1 0.5703125 0.6484375 0.0375 0.1171875