1 0.634375 0.62109375 0.02734375 0.04453125
1 0.315625 0.58359375 0.02734375 0.04140625
1 0.3125 0.80390625 0.03515625 0.05
1 0.60625 0.77421875 0.03125 0.0484375
1 0.58984375 0.7359375 0.034375 0.053125
1 0.21015625 0.5984375 0.03046875 0.04453125
1 0.7671875 0.7359375 0.03203125 0.05
1 0.79296875 0.6234375 0.025 0.04140625
1 0.4890625 0.809375 0.09453125 0.2734375
1 0.03828125 0.59921875 0.03515625 0.0484375
1 0.25 0.821875 0.03359375 0.04609375
1 0.94765625 0.734375 0.03125 0.053125
1 0.35625 0.85625 0.11484375 0.209375
1 0.85546875 0.778125 0.02890625 0.040625
1 0.6328125 0.64375 0.059375 0.09296875
1 0.10546875 0.60078125 0.028125 0.04609375
1 0.31796875 0.6625 0.06875 0.203125
1 0.49765625 0.696875 0.028125 0.046875
1 0.40390625 0.63515625 0.02578125 0.0375
1 0.36015625 0.71328125 0.04296875 0.0484375
1 0.63046875 0.546875 0.021875 0.03359375
1 0.74296875 0.60625 0.02734375 0.0375
1 0.3671875 0.903125 0.040625 0.0875
1 0.9515625 0.8109375 0.08828125 0.20546875
1 0.14296875 0.58359375 0.025 0.04140625
1 0.56796875 0.56171875 0.021875 0.034375
1 0.35390625 0.71640625 0.025 0.03359375
1 0.76796875 0.821875 0.10703125 0.2234375
1 0.60859375 0.84375 0.1 0.184375
1 0.46171875 0.68671875 0.03359375 0.0515625
1 0.79453125 0.6703125 0.07578125 0.134375
1 0.53828125 0.55390625 0.021875 0.03359375
1 0.46328125 0.62421875 0.03046875 0.0484375
1 0.28515625 0.5328125 0.021875 0.0375
1 0.39140625 0.78046875 0.03984375 0.05546875
1 0.17890625 0.5734375 0.03046875 0.04453125
1 0.20859375 0.69140625 0.03984375 0.046875
1 0.89453125 0.67109375 0.02578125 0.0390625
1 0.34609375 0.76328125 0.08359375 0.1484375
1 0.68671875 0.81640625 0.12578125 0.221875
1 0.5 0.58046875 0.02734375 0.0390625
1 0.53359375 0.58203125 0.05234375 0.1359375
1 0.08984375 0.565625 0.025 0.0390625
1 0.23359375 0.88359375 0.084375 0.16953125
1 0.2078125 0.6453125 0.06171875 0.140625
1 0.56796875 0.63984375 0.02578125 0.04296875
1 0.15078125 0.75 0.03671875 0.05
1 0.22421875 0.5578125 0.02421875 0.034375
1 0.4546875 0.57109375 0.028125 0.0359375
1 0.3078125 0.8421875 0.071875 0.12890625
1 0.39609375 0.67890625 0.06953125 0.128125
1 0.6296875 0.5875 0.06171875 0.11640625
1 0.40390625 0.7046875 0.02890625 0.040625
1 0.15859375 0.40703125 0.02265625 0.03046875
1 0.86015625 0.83671875 0.06328125 0.15703125
1 0.56796875 0.82109375 0.08828125 0.225
1 0.75859375 0.28046875 0.01328125 0.01640625
1 0.853125 0.55234375 0.02265625 0.03203125
1 0.73984375 0.72421875 0.02421875 0.0375
1 0.03515625 0.671875 0.06875 0.19609375
1 0.73828125 0.65 0.04921875 0.128125
1 0.9578125 0.65078125 0.02421875 0.034375
1 0.9421875 0.55078125 0.01953125 0.03203125
1 0.175 0.24453125 0.01484375 0.01953125
1 0.24921875 0.3859375 0.015625 0.021875
1 0.6546875 0.72890625 0.028125 0.04453125
1 0.5 0.59921875 0.99375 0.71796875
1 0.07421875 0.5609375 0.021875 0.04453125
1 0.08671875 0.328125 0.01640625 0.02109375
1 0.07890625 0.409375 0.01875 0.025
1 0.06640625 0.2578125 0.01328125 0.01796875
1 0.36171875 0.53359375 0.02734375 0.04140625
1 0.03359375 0.40859375 0.01796875 0.025
1 0.06015625 0.809375 0.07421875 0.271875
1 0.10546875 0.63359375 0.05859375 0.1109375
1 0.46484375 0.65703125 0.065625 0.1140625
1 0.171875 0.75234375 0.08125 0.1265625
1 0.73515625 0.5625 0.02578125 0.03359375
1 0.4171875 0.61015625 0.021875 0.034375
1 0.9703125 0.6984375 0.01953125 0.03046875
1 0.19140625 0.41328125 0.01640625 0.02109375
1 0.3609375 0.540625 0.01953125 0.028125
1 0.10859375 0.41484375 0.01796875 0.0265625
1 0.75234375 0.31171875 0.05 0.07890625
1 0.18046875 0.390625 0.01875 0.025
1 0.89375 0.684375 0.04140625 0.078125
1 0.21953125 0.55 0.03046875 0.04453125
1 0.06796875 0.696875 0.0375 0.0484375
1 0.19140625 0.71796875 0.0375 0.0609375
1 0.0609375 0.38125 0.015625 0.0265625
1 0.0859375 0.59453125 0.03828125 0.103125
1 0.96171875 0.55703125 0.01796875 0.028125
1 0.921875 0.55 0.01875 0.028125
1 0.06953125 0.67890625 0.03828125 0.046875
1 0.0046875 0.22890625 0.009375 0.01953125
1 0.67109375 0.60703125 0.021875 0.0359375
1 0.40546875 0.7171875 0.0375 0.065625
1 0.36640625 0.390625 0.01640625 0.025
1 0.28046875 0.62421875 0.05 0.22890625
1 0.94609375 0.69375 0.03203125 0.034375
1 0.15546875 0.38515625 0.01640625 0.02109375
1 0.22421875 0.58828125 0.046875 0.09609375
1 0.45703125 0.6015625 0.04921875 0.09453125
1 0.12421875 0.24453125 0.01484375 0.01953125
1 0.57109375 0.675 0.053125 0.11640625
1 0.8265625 0.575 0.02421875 0.0359375
1 0.15078125 0.246875 0.01484375 0.02109375
1 0.17109375 0.81640625 0.090625 0.25859375
1 0.35859375 0.59609375 0.046875 0.16640625
1 0.38671875 0.78515625 0.025 0.0375
1 0.49921875 0.3828125 0.99453125 0.265625