0 0.15703125 0.4515625 0.015625 0.02734375
0 0.6015625 0.64453125 0.02734375 0.0484375
0 0.62890625 0.48828125 0.015625 0.02890625
0 0.9796875 0.6796875 0.0296875 0.0484375
0 0.2421875 0.6140625 0.021875 0.03984375
0 0.94453125 0.6796875 0.0296875 0.0484375
0 0.13203125 0.45390625 0.0171875 0.02734375
0 0.36484375 0.59296875 0.0203125 0.03359375
0 0.73359375 0.6484375 0.028125 0.04140625
0 0.18671875 0.759375 0.0234375 0.04296875
0 0.65859375 0.41953125 0.0125 0.02109375
0 0.18046875 0.51640625 0.01640625 0.03359375
0 0.07734375 0.5234375 0.01953125 0.03828125
0 0.04375 0.540625 0.021875 0.03203125
0 0.54921875 0.7109375 0.028125 0.046875
0 0.20546875 0.46484375 0.01484375 0.02734375
0 0.60234375 0.47109375 0.0171875 0.02734375
0 0.728125 0.69453125 0.0265625 0.04140625
0 0.20234375 0.659375 0.0234375 0.03828125
0 0.346875 0.52421875 0.0171875 0.03359375
0 0.40546875 0.4859375 0.01484375 0.02734375
0 0.41328125 0.65234375 0.025 0.04609375
0 0.1515625 0.70078125 0.025 0.03828125
0 0.48671875 0.65625 0.028125 0.04453125
0 0.12578125 0.76328125 0.025 0.04140625
0 0.44296875 0.4546875 0.0125 0.02265625
0 0.7078125 0.4296875 0.015625 0.02421875
0 0.2015625 0.5203125 0.015625 0.02890625
0 0.32734375 0.63828125 0.02421875 0.03828125
0 0.15703125 0.41953125 0.0140625 0.02421875
0 0.39765625 0.51953125 0.0171875 0.03046875
0 0.84453125 0.63203125 0.02734375 0.05
0 0.49609375 0.4515625 0.0140625 0.02421875
0 0.92734375 0.77734375 0.03046875 0.04609375
0 0.7921875 0.55859375 0.0234375 0.04140625
0 0.48125 0.61015625 0.0234375 0.03515625
0 0.571875 0.54765625 0.0203125 0.03515625
0 0.31328125 0.6 0.02265625 0.03828125
0 0.52109375 0.5125 0.01640625 0.02421875
0 0.321875 0.47890625 0.015625 0.02421875
0 0.2015625 0.61015625 0.0203125 0.03515625
0 0.01796875 0.55546875 0.0203125 0.03515625
0 0.28359375 0.35703125 0.0125 0.01796875
0 0.41796875 0.5609375 0.0171875 0.02734375
0 0.73359375 0.44453125 0.01484375 0.02578125
0 0.6796875 0.690625 0.03125 0.0546875
0 0.7765625 0.45390625 0.0171875 0.02421875
0 0.196875 0.409375 0.01484375 0.02890625
0 0.34609375 0.41875 0.0125 0.01953125
0 0.509375 0.61328125 0.02265625 0.03828125
0 0.4875 0.5515625 0.0171875 0.02734375
0 0.7984375 0.48125 0.0171875 0.02890625
0 0.571875 0.62421875 0.0265625 0.03828125
0 0.04609375 0.48203125 0.01875 0.03046875
0 0.346875 0.70703125 0.0265625 0.04609375
0 0.215625 0.39453125 0.0140625 0.02421875
0 0.540625 0.42578125 0.0140625 0.02265625
0 0.82734375 0.5234375 0.0234375 0.03828125
0 0.484375 0.5140625 0.0171875 0.02734375
0 0.2578125 0.4328125 0.0140625 0.02421875
0 0.42734375 0.47890625 0.01484375 0.02421875
0 0.29375 0.49921875 0.0171875 0.02890625
0 0.38359375 0.67265625 0.025 0.046875
0 0.2703125 0.57890625 0.021875 0.03359375
0 0.27421875 0.54765625 0.0171875 0.03203125
0 0.4890625 0.4265625 0.0140625 0.02109375
0 0.25390625 0.47890625 0.015625 0.02109375
0 0.56640625 0.440625 0.0140625 0.02421875
0 0.7203125 0.46796875 0.0171875 0.03046875
0 0.4953125 0.4828125 0.015625 0.02578125
0 0.29375 0.7078125 0.02734375 0.04140625
0 0.51484375 0.5375 0.01875 0.02890625
0 0.184375 0.47578125 0.01875 0.02734375
0 0.734375 0.534375 0.0171875 0.03203125
0 0.06875 0.7453125 0.02265625 0.03671875
0 0.465625 0.46171875 0.0125 0.02109375
0 0.66875 0.51015625 0.01875 0.03515625
0 0.6921875 0.50625 0.01640625 0.02734375
0 0.4703125 0.440625 0.0140625 0.02109375
0 0.671875 0.39140625 0.0140625 0.02109375
0 0.31875 0.6734375 0.02421875 0.03984375
0 0.35234375 0.46484375 0.01484375 0.02421875
0 0.54609375 0.57265625 0.0203125 0.03515625
0 0.8734375 0.6453125 0.034375 0.059375
0 0.98828125 0.828125 0.021875 0.05
0 0.42890625 0.5890625 0.02265625 0.03203125
0 0.3703125 0.47890625 0.01640625 0.02734375
0 0.278125 0.39453125 0.0140625 0.01796875
0 0.6015625 0.546875 0.0171875 0.03046875
0 0.7734375 0.51953125 0.01953125 0.03046875
0 0.5578125 0.39453125 0.01171875 0.01796875
0 0.38984375 0.44375 0.0125 0.01796875
0 0.471875 0.4859375 0.01640625 0.02421875
0 0.70625 0.5296875 0.0171875 0.03203125
0 0.253125 0.38515625 0.0109375 0.01640625
0 0.3859375 0.46171875 0.01484375 0.02421875
0 0.675 0.4265625 0.01484375 0.02109375
0 0.359375 0.40546875 0.01171875 0.02109375
0 0.23125 0.3953125 0.01171875 0.01953125
0 0.25234375 0.40546875 0.0125 0.02109375
0 0.4328125 0.39140625 0.01171875 0.01796875
0 0.10078125 0.76328125 0.0234375 0.03828125
0 0.6046875 0.38046875 0.009375 0.01640625
0 0.378125 0.4328125 0.0125 0.02109375
0 0.40703125 0.4328125 0.0140625 0.02109375
0 0.59453125 0.603125 0.01953125 0.03203125
0 0.34765625 0.4890625 0.015625 0.02421875
0 0.290625 0.3921875 0.01171875 0.01640625
0 0.6203125 0.40546875 0.0125 0.02109375
0 0.3109375 0.3953125 0.0140625 0.01953125
0 0.65078125 0.4515625 0.01484375 0.02421875
0 0.2171875 0.4296875 0.01640625 0.02734375
0 0.27421875 0.503125 0.01640625 0.02734375
0 0.65703125 0.29453125 0.0109375 0.01796875
0 0.5890625 0.45390625 0.01484375 0.02421875
0 0.49296875 0.5796875 0.01875 0.02890625
0 0.31328125 0.36640625 0.0109375 0.01953125
0 0.49140625 0.37734375 0.009375 0.01640625
0 0.909375 0.64921875 0.02421875 0.04609375
0 0.75078125 0.49140625 0.0171875 0.02578125
0 0.6203125 0.3671875 0.01171875 0.01796875
0 0.62890625 0.440625 0.0140625 0.01796875
0 0.446875 0.4125 0.0125 0.01953125
0 0.6515625 0.62421875 0.02265625 0.03828125
0 0.3359375 0.38515625 0.01171875 0.01953125
0 0.6796875 0.36015625 0.01171875 0.01640625
0 0.67578125 0.4515625 0.015625 0.02734375
0 0.35625 0.38046875 0.0109375 0.01640625
0 0.3953125 0.61796875 0.02734375 0.03203125
0 0.475 0.409375 0.0125 0.01953125
0 0.62890625 0.2953125 0.009375 0.0140625
0 0.8078125 0.4546875 0.015625 0.02265625
0 0.40390625 0.58984375 0.0203125 0.02734375
0 0.70234375 0.39140625 0.0125 0.01796875
0 0.38125 0.296875 0.00859375 0.015625
0 0.4984375 0.40234375 0.0125 0.01796875
0 0.52109375 0.471875 0.01484375 0.02578125
0 0.628125 0.67578125 0.025 0.03203125
0 0.5921875 0.37734375 0.0109375 0.01640625
0 0.54609375 0.4515625 0.01484375 0.02109375
0 0.4421875 0.34296875 0.00859375 0.01796875
0 0.58359375 0.4921875 0.01875 0.02734375
0 0.690625 0.37734375 0.0125 0.01640625
0 0.6453125 0.5828125 0.02265625 0.03515625
0 0.31953125 0.4359375 0.0140625 0.02109375
0 0.4046875 0.3734375 0.0109375 0.01796875
0 0.359375 0.44296875 0.01171875 0.01953125
0 0.36796875 0.30859375 0.00859375 0.0140625
0 0.3046875 0.45703125 0.0140625 0.02109375
0 0.56328125 0.47109375 0.015625 0.02421875
0 0.440625 0.5625 0.01640625 0.02421875
0 0.5796875 0.36640625 0.009375 0.01640625
0 0.6578125 0.39453125 0.0140625 0.02109375
0 0.63125 0.38125 0.01171875 0.01796875
0 0.47109375 0.3671875 0.0125 0.01796875
0 0.41328125 0.4015625 0.0140625 0.02265625
0 0.6421875 0.3421875 0.01171875 0.01640625
0 0.290625 0.415625 0.0125 0.01953125
0 0.4171875 0.37734375 0.0109375 0.01640625
0 0.56953125 0.3671875 0.009375 0.01796875
0 0.4328125 0.62734375 0.01953125 0.03828125
0 0.28203125 0.61328125 0.0234375 0.03828125
0 0.61953125 0.34296875 0.0109375 0.01796875
0 0.60546875 0.24296875 0.0078125 0.0140625
0 0.60625 0.415625 0.01171875 0.01953125
0 0.46328125 0.31484375 0.00859375 0.01640625
0 0.66875 0.24140625 0.0078125 0.0140625
0 0.28203125 0.44453125 0.0140625 0.02265625
0 0.53203125 0.29453125 0.00859375 0.015625
0 0.4296875 0.26953125 0.0078125 0.0125
0 0.5296875 0.353125 0.009375 0.0140625
0 0.36796875 0.36796875 0.0109375 0.01640625
0 0.55703125 0.3578125 0.00859375 0.01640625
0 0.41875 0.29140625 0.00859375 0.015625
0 0.5953125 0.4328125 0.01484375 0.02109375
0 0.39453125 0.38515625 0.009375 0.01640625
0 0.5203125 0.39921875 0.01171875 0.01796875
0 0.58046875 0.3953125 0.0109375 0.01953125
0 0.4953125 0.35390625 0.00859375 0.015625
0 0.50625 0.3046875 0.00859375 0.015625
0 0.6140625 0.43984375 0.015625 0.02578125
0 0.37890625 0.35390625 0.009375 0.01796875
0 0.4828125 0.2453125 0.009375 0.0125
0 0.3953125 0.315625 0.00859375 0.015625
0 0.696875 0.46015625 0.01875 0.02734375
0 0.478125 0.34296875 0.0109375 0.01796875
0 0.5171875 0.35703125 0.009375 0.01796875
0 0.29921875 0.65859375 0.0203125 0.03359375
0 0.45859375 0.3671875 0.0109375 0.01796875
0 0.5125 0.2625 0.0078125 0.0125
0 0.540625 0.34609375 0.009375 0.015625
0 0.6421875 0.36015625 0.01171875 0.01640625
0 0.31953125 0.41328125 0.01171875 0.01796875
0 0.5921875 0.3390625 0.00859375 0.01640625
0 0.040625 0.509375 0.0203125 0.02421875
0 0.43046875 0.353125 0.00859375 0.0140625
0 0.5421875 0.48125 0.01484375 0.02578125
0 0.56171875 0.2625 0.00703125 0.0125
0 0.5125 0.4265625 0.0140625 0.02421875
0 0.4421875 0.36796875 0.009375 0.01640625
0 0.040625 0.7765625 0.021875 0.03515625
0 0.4046875 0.28046875 0.0078125 0.015625
0 0.44140625 0.26953125 0.0078125 0.0125
0 0.4046875 0.3328125 0.00859375 0.0140625
0 0.0296875 0.734375 0.0234375 0.03984375
0 0.49375 0.29375 0.00703125 0.0140625
0 0.5265625 0.37109375 0.0109375 0.01640625
0 0.69140625 0.3078125 0.009375 0.015625
0 0.365625 0.34375 0.0109375 0.01640625
0 0.54375 0.31796875 0.00859375 0.0140625
0 0.5828125 0.32890625 0.00859375 0.015625
0 0.45625 0.26953125 0.00703125 0.0125
0 0.515625 0.38046875 0.01171875 0.01640625
0 0.4578125 0.33203125 0.00859375 0.015625
0 0.7046875 0.484375 0.01484375 0.02421875
0 0.32890625 0.35390625 0.0109375 0.015625
0 0.4796875 0.315625 0.009375 0.015625
0 0.53046875 0.265625 0.0078125 0.0140625
0 0.45625 0.43984375 0.01171875 0.01953125
0 0.48125 0.27734375 0.00703125 0.0125
0 0.35625 0.315625 0.00859375 0.015625
0 0.44296875 0.290625 0.00703125 0.0140625
0 0.35625 0.353125 0.009375 0.0140625
0 0.3703125 0.45390625 0.0140625 0.01796875
0 0.60625 0.28125 0.0078125 0.0140625
0 0.65703125 0.33515625 0.0109375 0.01796875
0 0.56640625 0.321875 0.009375 0.015625
0 0.27890625 0.37734375 0.0109375 0.01640625
0 0.5234375 0.2734375 0.0078125 0.0140625
0 0.3921875 0.353125 0.009375 0.01640625
0 0.5546875 0.2421875 0.00625 0.009375
0 0.71640625 0.503125 0.01640625 0.02421875
0 0.440625 0.43359375 0.0140625 0.01640625
0 0.60625 0.328125 0.009375 0.0140625
0 0.59453125 0.26640625 0.0078125 0.0125
0 0.5484375 0.54140625 0.0171875 0.02421875
0 0.3375 0.3359375 0.0109375 0.01640625
0 0.38125 0.31875 0.00859375 0.015625
0 0.2703125 0.41640625 0.01171875 0.02109375
0 0.33359375 0.415625 0.0125 0.01953125
0 0.6234375 0.56796875 0.0203125 0.03515625
0 0.50390625 0.34296875 0.009375 0.015625
0 0.54375 0.265625 0.00703125 0.0140625
0 0.61328125 0.5171875 0.015625 0.02578125
0 0.534375 0.39140625 0.0140625 0.02109375
0 0.69140625 0.328125 0.009375 0.01640625
0 0.60625 0.353125 0.009375 0.0140625
0 0.18046875 0.440625 0.01484375 0.02734375
0 0.50625 0.28125 0.00703125 0.0140625
0 0.63203125 0.24296875 0.00859375 0.0140625
0 0.41875 0.2703125 0.0078125 0.0109375
0 0.6171875 0.2421875 0.0078125 0.009375
0 0.49375 0.25625 0.0078125 0.009375
0 0.23125 0.49609375 0.01484375 0.02578125
0 0.6703125 0.31875 0.0109375 0.015625
0 0.4046875 0.35078125 0.0109375 0.01796875
0 0.4234375 0.325 0.009375 0.015625
0 0.58125 0.2421875 0.00625 0.009375
0 0.56875 0.2421875 0.00703125 0.009375
0 0.2625 0.63515625 0.0203125 0.03828125
0 0.46171875 0.28828125 0.00859375 0.015625
0 0.5859375 0.26015625 0.0078125 0.0140625
0 0.5046875 0.2421875 0.0078125 0.009375
0 0.51484375 0.56953125 0.0234375 0.03203125
0 0.39375 0.2953125 0.00703125 0.0140625
0 0.5171875 0.3046875 0.0078125 0.015625
0 0.259375 0.68984375 0.01953125 0.03828125
0 0.43046875 0.41640625 0.0140625 0.02421875
0 0.6546875 0.31875 0.009375 0.015625
0 0.49375 0.315625 0.00703125 0.015625
0 0.51875 0.2421875 0.00625 0.009375
0 0.6796875 0.315625 0.009375 0.015625
0 0.5296875 0.31484375 0.00859375 0.0140625
0 0.53046875 0.24296875 0.00703125 0.0078125
0 0.4671875 0.39140625 0.0109375 0.01796875
0 0.50625 0.36640625 0.00859375 0.01640625
0 0.39296875 0.3328125 0.00859375 0.0140625
0 0.5796875 0.290625 0.0078125 0.0140625
0 0.38125 0.409375 0.01171875 0.01640625
0 0.38125 0.38125 0.0109375 0.01796875
0 0.6046875 0.30390625 0.0109375 0.0140625
0 0.63046875 0.31484375 0.0109375 0.0140625
0 0.665625 0.35703125 0.0109375 0.01796875
0 0.0078125 0.603125 0.015625 0.03828125
0 0.5546875 0.3265625 0.009375 0.015625
0 0.3703125 0.39140625 0.009375 0.01796875
0 0.575 0.2734375 0.00859375 0.0140625
0 0.3359375 0.46484375 0.0140625 0.02421875
0 0.1546875 0.6375 0.02265625 0.03671875
0 0.49375 0.24296875 0.0078125 0.0109375
0 0.3546875 0.2953125 0.009375 0.0140625
0 0.48671875 0.2625 0.00703125 0.0125
0 0.6859375 0.5375 0.01953125 0.03203125
0 0.5546875 0.41953125 0.01171875 0.02109375
0 0.728125 0.38125 0.01171875 0.01796875
0 0.6796875 0.3421875 0.009375 0.01640625
0 0.4953125 0.26953125 0.0078125 0.0125
0 0.64296875 0.41953125 0.0125 0.02109375
0 0.51796875 0.32890625 0.00859375 0.015625
0 0.64296875 0.30390625 0.00859375 0.0140625