0 0.81875 0.09140625 0.0203125 0.03515625
0 0.11484375 0.68203125 0.02421875 0.046875
0 0.2078125 0.37109375 0.021875 0.03671875
0 0.86640625 0.87265625 0.0171875 0.03671875
0 0.228125 0.58125 0.021875 0.040625
0 0.86484375 0.1765625 0.0203125 0.03671875
0 0.5140625 0.4078125 0.0203125 0.0421875
0 0.7359375 0.83828125 0.0234375 0.0421875
0 0.2609375 0.1890625 0.021875 0.0375
0 0.48359375 0.0453125 0.01953125 0.03515625
0 0.67578125 0.2125 0.021875 0.0375
0 0.39453125 0.234375 0.021875 0.0375
0 0.603125 0.91171875 0.01875 0.0375
0 0.57734375 0.9015625 0.0203125 0.0421875
0 0.17890625 0.775 0.0234375 0.04375
0 0.68828125 0.26796875 0.0203125 0.03671875
0 0.17421875 0.7125 0.0265625 0.046875
0 0.03203125 0.21328125 0.02265625 0.040625
0 0.2796875 0.39765625 0.01953125 0.03671875
0 0.834375 0.74375 0.0203125 0.03671875
0 0.51796875 0.9171875 0.0203125 0.040625
0 0.51796875 0.86171875 0.0203125 0.0375
0 0.02265625 0.67265625 0.02734375 0.05234375
0 0.08046875 0.6671875 0.0265625 0.040625
0 0.190625 0.49375 0.02265625 0.0390625
0 0.89921875 0.925 0.02265625 0.0421875
0 0.1359375 0.171875 0.0203125 0.0421875
0 0.2171875 0.946875 0.02265625 0.0453125
0 0.32890625 0.83515625 0.0234375 0.0421875
0 0.87578125 0.96640625 0.01953125 0.0375
0 0.6046875 0.975 0.021875 0.04375
0 0.53203125 0.46328125 0.0203125 0.0375
0 0.37421875 0.72734375 0.0234375 0.0421875
0 0.228125 0.69453125 0.02421875 0.040625
0 0.50859375 0.3578125 0.0203125 0.0375
0 0.40703125 0.67578125 0.021875 0.0375
0 0.29375 0.6234375 0.02265625 0.04375
0 0.51640625 0.209375 0.021875 0.0375
0 0.38203125 0.6 0.021875 0.040625
0 0.43828125 0.603125 0.0203125 0.0375
0 0.1453125 0.89296875 0.0234375 0.0421875
0 0.7296875 0.0765625 0.0203125 0.03671875
0 0.3359375 0.34921875 0.01953125 0.03515625
0 0.91015625 0.38359375 0.01953125 0.0375
0 0.0515625 0.01796875 0.021875 0.0359375
0 0.59453125 0.2578125 0.0203125 0.03359375
0 0.2859375 0.68671875 0.021875 0.0421875
0 0.39765625 0.98046875 0.02265625 0.03671875
0 0.44453125 0.19765625 0.021875 0.0375
0 0.9328125 0.7328125 0.02265625 0.040625
0 0.321875 0.703125 0.0203125 0.0375
0 0.99140625 0.9703125 0.015625 0.03671875
0 0.890625 0.1125 0.01953125 0.03046875
0 0.259375 0.46015625 0.02265625 0.0421875
0 0.975 0.72734375 0.02421875 0.0421875
0 0.72890625 0.42421875 0.0203125 0.0375
0 0.628125 0.9640625 0.0203125 0.0421875
0 0.1921875 0.83046875 0.02734375 0.0453125
0 0.90703125 0.18671875 0.021875 0.0421875
0 0.659375 0.484375 0.0203125 0.0375
0 0.18828125 0.5515625 0.02421875 0.0421875
0 0.2171875 0.88125 0.02265625 0.0421875
0 0.8421875 0.09765625 0.0171875 0.02890625
0 0.60859375 0.4828125 0.0203125 0.03515625
0 0.95234375 0.5984375 0.0203125 0.03671875
0 0.6890625 0.90859375 0.02265625 0.04375
0 0.58203125 0.690625 0.021875 0.0375
0 0.78203125 0.375 0.0203125 0.0375
0 0.18046875 0.07421875 0.0203125 0.040625
0 0.37421875 0.665625 0.0234375 0.04375
0 0.10625 0.775 0.0234375 0.04375
0 0.321875 0.1765625 0.01953125 0.03359375
0 0.7546875 0.42890625 0.0171875 0.03515625
0 0.2453125 0.93359375 0.0234375 0.0453125
0 0.1359375 0.3578125 0.021875 0.040625
0 0.075 0.2828125 0.0203125 0.03671875
0 0.18671875 0.171875 0.01875 0.03671875
0 0.32734375 0.65 0.02265625 0.0375
0 0.5421875 0.209375 0.021875 0.0375
0 0.3078125 0.0515625 0.0203125 0.0390625
0 0.56328125 0.73828125 0.021875 0.0375
0 0.89765625 0.7078125 0.021875 0.0375
0 0.58203125 0.2078125 0.021875 0.0375
0 0.9125 0.33359375 0.0203125 0.0390625
0 0.68046875 0.5546875 0.01875 0.03671875
0 0.84921875 0.33828125 0.0203125 0.0390625
0 0.8859375 0.6578125 0.021875 0.03671875
0 0.9890625 0.19453125 0.01953125 0.03515625
0 0.5296875 0.30390625 0.0203125 0.0375
0 0.97265625 0.3359375 0.021875 0.0375
0 0.95 0.27734375 0.0203125 0.0375
0 0.38203125 0.340625 0.01953125 0.03359375
0 0.7109375 0.56171875 0.021875 0.03671875
0 0.43828125 0.35703125 0.02265625 0.0390625
0 0.0296875 0.4015625 0.02265625 0.0421875
0 0.95546875 0.52265625 0.02265625 0.0421875
0 0.8734375 0.384375 0.0203125 0.03671875
0 0.03828125 0.27578125 0.02265625 0.0375
0 0.8078125 0.18359375 0.01953125 0.03359375
0 0.35625 0.23515625 0.021875 0.040625
0 0.2703125 0.53984375 0.021875 0.0421875
0 0.5125 0.671875 0.01953125 0.03671875
0 0.23359375 0.83828125 0.0234375 0.0390625
0 0.2953125 0.759375 0.0203125 0.0421875
0 0.47578125 0.2953125 0.021875 0.0375
0 0.44140625 0.73203125 0.0234375 0.0421875
0 0.465625 0.86171875 0.0203125 0.046875
0 0.896875 0.6125 0.0203125 0.03671875
0 0.36015625 0.1890625 0.021875 0.0375
0 0.03828125 0.8390625 0.025 0.0453125
0 0.95234375 0.18828125 0.0203125 0.03359375
0 0.1484375 0.015625 0.021875 0.03125
0 0.596875 0.7296875 0.0203125 0.040625
0 0.475 0.15546875 0.0203125 0.0375
0 0.06953125 0.909375 0.0234375 0.0453125
0 0.41640625 0.15078125 0.0203125 0.0375
0 0.334375 0.78515625 0.025 0.040625
0 0.7796875 0.42578125 0.0203125 0.0375
0 0.53828125 0.60703125 0.021875 0.0390625
0 0.97734375 0.7828125 0.02421875 0.0421875
0 0.2484375 0.384375 0.021875 0.0421875
0 0.8515625 0.2703125 0.021875 0.0375
0 0.70546875 0.11171875 0.0203125 0.03515625
0 0.884375 0.33828125 0.01875 0.03359375
0 0.084375 0.9484375 0.02421875 0.0421875
0 0.5203125 0.58046875 0.01953125 0.03671875
0 0.1390625 0.11484375 0.021875 0.040625
0 0.1546875 0.85 0.021875 0.0375
0 0.2203125 0.76796875 0.0234375 0.0421875
0 0.08671875 0.41640625 0.02421875 0.0421875
0 0.6765625 0.08046875 0.02265625 0.03671875
0 0.86484375 0.23203125 0.0203125 0.03671875
0 0.64453125 0.2125 0.0171875 0.0375
0 0.7890625 0.225 0.0171875 0.03203125
0 0.45 0.03984375 0.021875 0.03671875
0 0.6828125 0.971875 0.0234375 0.0453125
0 0.284375 0.828125 0.025 0.046875
0 0.09609375 0.890625 0.01875 0.0375
0 0.39921875 0.8375 0.02265625 0.04375
0 0.340625 0.5984375 0.02421875 0.0421875
0 0.9 0.97265625 0.01875 0.0375
0 0.43671875 0.2953125 0.0203125 0.0375
0 0.95390625 0.38046875 0.0171875 0.0375
0 0.20390625 0.24296875 0.021875 0.0375
0 0.628125 0.73046875 0.0171875 0.0390625
0 0.3703125 0.06171875 0.0203125 0.03671875
0 0.9515625 0.0921875 0.0171875 0.03359375
0 0.7796875 0.7078125 0.0203125 0.040625
0 0.90546875 0.26171875 0.01875 0.03515625
0 0.9609375 0.90625 0.0234375 0.0421875
0 0.7875 0.1765625 0.0203125 0.03671875
0 0.884375 0.2796875 0.0203125 0.03671875
0 0.7296875 0.4828125 0.021875 0.040625
0 0.6546875 0.43203125 0.021875 0.0375
0 0.046875 0.95078125 0.025 0.046875
0 0.634375 0.89765625 0.0234375 0.0453125
0 0.9203125 0.43671875 0.021875 0.03359375
0 0.7484375 0.9484375 0.02265625 0.0421875
0 0.103125 0.190625 0.02265625 0.0375
0 0.665625 0.6984375 0.01875 0.03671875
0 0.22265625 0.4578125 0.021875 0.040625
0 0.9296875 0.23359375 0.021875 0.03359375
0 0.4953125 0.73046875 0.02421875 0.0453125
0 0.87578125 0.734375 0.01953125 0.03671875
0 0.653125 0.9671875 0.0203125 0.0390625
0 0.4515625 0.6765625 0.021875 0.0421875
0 0.5546875 0.775 0.01953125 0.0375
0 0.1859375 0.96015625 0.0234375 0.0453125
0 0.2734375 0.34921875 0.021875 0.0375
0 0.2484375 0.76171875 0.02421875 0.046875
0 0.6140625 0.68125 0.01953125 0.03671875
0 0.30078125 0.34453125 0.021875 0.0375
0 0.840625 0.87890625 0.01875 0.0421875
0 0.55546875 0.67890625 0.0203125 0.0375
0 0.8859375 0.184375 0.021875 0.0375
0 0.54140625 0.9421875 0.0203125 0.0375
0 0.62578125 0.5859375 0.0203125 0.0375
0 0.6375 0.0578125 0.0203125 0.03515625
0 0.25078125 0.29765625 0.021875 0.040625
0 0.16875 0.46015625 0.01953125 0.0421875
0 0.478125 0.921875 0.0203125 0.0421875
0 0.83359375 0.18359375 0.01875 0.03359375
0 0.78359375 0.8234375 0.0203125 0.0421875
0 0.8140625 0.27109375 0.0203125 0.03671875
0 0.27109375 0.98203125 0.02421875 0.03359375
0 0.728125 0.61171875 0.021875 0.0375
0 0.571875 0.596875 0.0203125 0.0390625
0 0.95 0.3390625 0.01953125 0.03359375
0 0.409375 0.196875 0.0203125 0.03671875
0 0.3578125 0.4484375 0.0203125 0.0390625
0 0.86796875 0.91875 0.02265625 0.0375
0 0.9625 0.66328125 0.0203125 0.0390625
0 0.72265625 0.771875 0.021875 0.0375
0 0.30234375 0.97578125 0.0265625 0.0421875
0 0.796875 0.3359375 0.0234375 0.0375
0 0.21953125 0.17734375 0.01953125 0.0375
0 0.378125 0.3984375 0.01875 0.0375
0 0.13125 0.7828125 0.0203125 0.0421875
0 0.95546875 0.78359375 0.01875 0.0375
0 0.49453125 0.25078125 0.0203125 0.03671875
0 0.60625 0.59453125 0.0171875 0.03515625
0 0.5359375 0.07265625 0.02265625 0.0375
0 0.14609375 0.96484375 0.02421875 0.046875
0 0.59765625 0.87265625 0.0171875 0.03359375
0 0.2890625 0.4734375 0.0171875 0.0390625
0 0.3109375 0.53828125 0.0203125 0.0421875
0 0.8109375 0.67265625 0.021875 0.0375
0 0.81640625 0.88671875 0.021875 0.040625
0 0.58359375 0.315625 0.01875 0.03515625
0 0.9296875 0.9765625 0.01953125 0.0375
0 0.0703125 0.2125 0.0234375 0.046875
0 0.9921875 0.39296875 0.0140625 0.03359375
0 0.91875 0.90234375 0.01875 0.040625
0 0.7828125 0.2734375 0.02265625 0.03515625
0 0.61015625 0.55703125 0.021875 0.03515625
0 0.09453125 0.82421875 0.02421875 0.04921875
0 0.65703125 0.6625 0.0171875 0.03203125
0 0.0828125 0.1046875 0.021875 0.040625
0 0.88984375 0.4328125 0.021875 0.03515625
0 0.715625 0.9625 0.01875 0.040625
0 0.44375 0.153125 0.01875 0.03359375
0 0.78515625 0.6703125 0.01953125 0.0375
0 0.759375 0.6765625 0.0203125 0.03671875
0 0.56953125 0.26171875 0.0171875 0.0375
0 0.9625 0.97265625 0.02421875 0.040625
0 0.7609375 0.61640625 0.021875 0.040625
0 0.634375 0.678125 0.01953125 0.0421875
0 0.1859375 0.878125 0.02421875 0.046875
0 0.73125 0.17265625 0.02265625 0.0375
0 0.4015625 0.39765625 0.021875 0.0390625
0 0.7140625 0.265625 0.0234375 0.040625
0 0.1625 0.27578125 0.02265625 0.0453125
0 0.884375 0.1546875 0.01875 0.02734375
0 0.53359375 0.1515625 0.0203125 0.03359375
0 0.571875 0.4109375 0.0234375 0.0390625
0 0.778125 0.515625 0.0203125 0.0375
0 0.25703125 0.61953125 0.021875 0.040625
0 0.31875 0.2421875 0.01875 0.03671875
0 0.821875 0.23046875 0.021875 0.03359375
0 0.64296875 0.1609375 0.01875 0.03359375
0 0.346875 0.90859375 0.02265625 0.04375
0 0.9875 0.9015625 0.0203125 0.0390625
0 0.921875 0.60703125 0.021875 0.0390625
0 0.47734375 0.484375 0.01953125 0.03359375
0 0.4734375 0.35703125 0.021875 0.0421875
0 0.44453125 0.82578125 0.021875 0.040625
0 0.984375 0.2484375 0.01953125 0.03515625
0 0.7015625 0.7265625 0.0203125 0.0375
0 0.5859375 0.5453125 0.01953125 0.0375
0 0.74765625 0.553125 0.02265625 0.0421875
0 0.12421875 0.93671875 0.0203125 0.0421875
0 0.7078125 0.68125 0.021875 0.03359375
0 0.540625 0.4265625 0.01953125 0.03671875
0 0.7171875 0.36484375 0.0203125 0.0375
0 0.396875 0.290625 0.0203125 0.040625
0 0.1328125 0.478125 0.0171875 0.0375
0 0.38046875 0.51796875 0.02421875 0.03671875
0 0.97734375 0.27890625 0.0171875 0.03203125
0 0.43046875 0.9390625 0.028125 0.046875
0 0.6515625 0.5453125 0.01875 0.0375
0 0.7359375 0.36796875 0.021875 0.0375
0 0.98671875 0.48828125 0.02265625 0.0375
0 0.61171875 0.39296875 0.02265625 0.0421875
0 0.9578125 0.4578125 0.01953125 0.03515625
0 0.67890625 0.85546875 0.02265625 0.0421875
0 0.35078125 0.8671875 0.025 0.0390625
0 0.42109375 0.84453125 0.01953125 0.0375
0 0.55 0.303125 0.01953125 0.03359375
0 0.40625 0.91328125 0.0171875 0.0390625
0 0.909375 0.47578125 0.0203125 0.03046875
0 0.56875 0.465625 0.02265625 0.03671875
0 0.7140625 0.32578125 0.0203125 0.03515625
0 0.55 0.26640625 0.0203125 0.03359375
0 0.221875 0.2890625 0.0203125 0.0375
0 0.7 0.61328125 0.01953125 0.0375
0 0.64375 0.60078125 0.0171875 0.03359375
0 0.81328125 0.4359375 0.01953125 0.03515625
0 0.64765625 0.28203125 0.02265625 0.03515625
0 0.92109375 0.29375 0.01640625 0.02890625
0 0.6609375 0.909375 0.021875 0.0421875
0 0.6234375 0.21640625 0.0203125 0.03515625
0 0.27265625 0.746875 0.021875 0.040625
0 0.99375 0.53125 0.009375 0.03671875
0 0.7171875 0.21875 0.021875 0.0390625
0 0.6140625 0.16640625 0.021875 0.03359375
0 0.725 0.990625 0.01875 0.015625
0 0.76875 0.21171875 0.0203125 0.0421875
0 0.92734375 0.134375 0.01875 0.03046875
0 0.46171875 0.7328125 0.0203125 0.0375
0 0.84140625 0.45390625 0.02265625 0.03359375
0 0.121875 0.071875 0.02421875 0.0453125
0 0.98125 0.45390625 0.02265625 0.03671875
0 0.37578125 0.90703125 0.025 0.046875
0 0.36015625 0.82578125 0.021875 0.040625
0 0.6421875 0.10625 0.0171875 0.02890625
0 0.9640625 0.12578125 0.01953125 0.03359375
0 0.521875 0.80859375 0.01953125 0.0390625
0 0.93828125 0.41953125 0.0203125 0.0390625
0 0.7578125 0.25703125 0.021875 0.040625
0 0.5296875 0.51484375 0.021875 0.0375