0 0.01875 0.5359375 0.0375 0.071875
0 0.2625 0.6796875 0.0609375 0.09375
0 0.37421875 0.5 0.05 0.06796875
0 0.60703125 0.3828125 0.0421875 0.06015625
0 0.54296875 0.60546875 0.0546875 0.0859375
0 0.8921875 0.44140625 0.053125 0.07578125
0 0.37890625 0.37421875 0.04296875 0.0640625
0 0.88984375 0.3609375 0.05 0.06875
0 0.12578125 0.57578125 0.05625 0.07578125
0 0.21953125 0.475 0.053125 0.08046875
0 0.4140625 0.46796875 0.046875 0.06875
0 0.278125 0.3734375 0.04375 0.06015625
0 0.10859375 0.7796875 0.07421875 0.10703125
0 0.103125 0.35390625 0.04296875 0.0625
0 0.1578125 0.4125 0.0421875 0.0609375
0 0.471875 0.3984375 0.04609375 0.05703125
0 0.63046875 0.5765625 0.06171875 0.078125
0 0.05546875 0.4234375 0.05390625 0.0703125
0 0.04375 0.3578125 0.04296875 0.05625
0 0.759375 0.3609375 0.04375 0.05859375
0 0.18125 0.35546875 0.04375 0.0546875
0 0.1171875 0.4484375 0.0546875 0.07421875
0 0.24140625 0.58828125 0.05390625 0.08046875
0 0.4203125 0.94296875 0.1015625 0.11171875
0 0.2265625 0.353125 0.0390625 0.04296875
0 0.2390625 0.39765625 0.0453125 0.05859375
0 0.51484375 0.4484375 0.040625 0.06875
0 0.17265625 0.52890625 0.053125 0.078125
0 0.83359375 0.4375 0.04609375 0.0625
0 0.74296875 0.43125 0.05 0.0765625
0 0.6390625 0.421875 0.0421875 0.0625
0 0.71640625 0.5375 0.0515625 0.07421875
0 0.79921875 0.35 0.0359375 0.04921875
0 0.8921875 0.30703125 0.0203125 0.03125
0 0.3078125 0.975 0.090625 0.046875
0 0.3109375 0.4390625 0.0546875 0.07265625
0 0.546875 0.36640625 0.0328125 0.053125
0 0.971875 0.43828125 0.05390625 0.103125
0 0.028125 0.784375 0.05546875 0.11328125
0 0.934375 0.36171875 0.0359375 0.05703125
0 0.00703125 0.39921875 0.0140625 0.0546875
0 0.42109375 0.36640625 0.03984375 0.06640625
0 0.96796875 0.3234375 0.0421875 0.0375
0 0.30859375 0.5 0.0453125 0.05703125
0 0.165625 0.92421875 0.09296875 0.14296875
0 0.96953125 0.365625 0.03515625 0.03671875
0 0.7625 0.29375 0.02265625 0.0375
0 0.07734375 0.5609375 0.05 0.08046875
0 0.03203125 0.6375 0.06328125 0.1109375
0 0.0078125 0.46015625 0.015625 0.0609375