0 0.0734375 0.05 0.0296875 0.0453125
0 0.1515625 0.46640625 0.0484375 0.07578125
0 0.48359375 0.1 0.0234375 0.0375
0 0.88203125 0.01015625 0.0171875 0.0203125
0 0.040625 0.28671875 0.03828125 0.04921875
0 0.77109375 0.034375 0.01875 0.0296875
0 0.5484375 0.03203125 0.0234375 0.0375
0 0.53203125 0.08515625 0.02421875 0.0375
0 0.471875 0.1421875 0.02265625 0.0390625
0 0.9078125 0.1234375 0.0234375 0.0375
0 0.0953125 0.084375 0.034375 0.04453125
0 0.7109375 0.08203125 0.021875 0.03125
0 0.38984375 0.1234375 0.02421875 0.0328125
0 0.9234375 0.009375 0.01875 0.01875
0 0.66796875 0.0125 0.01953125 0.025
0 0.69609375 0.00625 0.0234375 0.0125
0 0.4484375 0.28203125 0.015625 0.025
0 0.81875 0.00625 0.01875 0.01171875
0 0.61796875 0.03125 0.0203125 0.03125
0 0.55546875 0.07578125 0.01875 0.03359375
0 0.05546875 0.34765625 0.04609375 0.06484375
0 0.85078125 0.0125 0.02265625 0.025
0 0.41875 0.2734375 0.0203125 0.0390625
0 0.75546875 0.06640625 0.01875 0.02578125
0 0.89453125 0.19765625 0.0171875 0.02578125