0 0.665625 0.09375 0.04609375 0.07578125
0 0.48671875 0.1546875 0.04765625 0.07265625
0 0.55390625 0.06875 0.03984375 0.06015625
0 0.7296875 0.18125 0.046875 0.0765625
0 0.090625 0.4140625 0.0546875 0.0859375
0 0.4875 0.0828125 0.0375 0.05625
0 0.16328125 0.24375 0.04765625 0.0609375
0 0.4234375 0.1234375 0.03515625 0.053125
0 0.27109375 0.2578125 0.04765625 0.078125
0 0.2 0.17265625 0.05 0.0765625
0 0.02109375 0.28046875 0.0421875 0.06875
0 0.07890625 0.3375 0.0546875 0.0625
0 0.28203125 0.17890625 0.04765625 0.071875
0 0.4296875 0.17578125 0.040625 0.046875
0 0.61328125 0.025 0.0390625 0.05
0 0.08203125 0.275 0.046875 0.06640625
0 0.16875 0.31328125 0.04765625 0.0640625
0 0.38984375 0.32578125 0.0375 0.06796875
0 0.4328125 0.2390625 0.0515625 0.0765625
0 0.0234375 0.79296875 0.046875 0.14296875
0 0.3234375 0.209375 0.0453125 0.0625
0 0.35390625 0.15 0.0421875 0.0640625
0 0.03046875 0.44296875 0.05546875 0.08046875
0 0.5359375 0.1640625 0.034375 0.05703125