0 0.80703125 0.7515625 0.02890625 0.02265625
0 0.6140625 0.734375 0.02734375 0.0234375
0 0.91875 0.8890625 0.0328125 0.03515625
0 0.39765625 0.8921875 0.040625 0.03125
0 0.64375 0.68125 0.01953125 0.0171875
0 0.30703125 0.8109375 0.03671875 0.03046875
0 0.35546875 0.77109375 0.02578125 0.0203125
0 0.0515625 0.9015625 0.0328125 0.0265625
0 0.97265625 0.84921875 0.04921875 0.03203125
0 0.65546875 0.63125 0.01953125 0.01640625
0 0.47421875 0.69375 0.02578125 0.01953125
0 0.9046875 0.784375 0.0390625 0.0265625
0 0.628125 0.83671875 0.0375 0.028125
0 0.8203125 0.6546875 0.02109375 0.01640625
0 0.4296875 0.690625 0.0234375 0.01640625
0 0.5484375 0.81328125 0.0453125 0.03046875
0 0.3578125 0.69375 0.025 0.01640625
0 0.9390625 0.696875 0.02578125 0.021875
0 0.33046875 0.6546875 0.0234375 0.01484375
0 0.63203125 0.88203125 0.040625 0.03515625
0 0.2859375 0.7625 0.02734375 0.0203125
0 0.45078125 0.75390625 0.02578125 0.021875
0 0.775 0.703125 0.0234375 0.01953125
0 0.59140625 0.66796875 0.02109375 0.0171875
0 0.534375 0.89765625 0.0484375 0.034375
0 0.73046875 0.884375 0.03671875 0.0296875
0 0.3671875 0.81953125 0.03671875 0.03125
0 0.89296875 0.7453125 0.03125 0.0234375
0 0.7484375 0.69140625 0.01953125 0.01953125
0 0.36796875 0.728125 0.025 0.0171875
0 0.53828125 0.784375 0.0328125 0.02265625
0 0.8078125 0.81953125 0.040625 0.03125
0 0.23671875 0.7765625 0.03125 0.021875
0 0.1953125 0.9859375 0.0390625 0.025
0 0.56015625 0.60625 0.015625 0.0140625
0 0.11171875 0.8578125 0.03671875 0.0234375
0 0.06875 0.9328125 0.03359375 0.02734375
0 0.2875 0.6890625 0.025 0.0203125
0 0.2640625 0.725 0.02734375 0.01875
0 0.109375 0.70390625 0.0234375 0.01484375
0 0.6953125 0.67109375 0.0234375 0.01953125
0 0.625 0.80546875 0.04453125 0.0265625
0 0.740625 0.7390625 0.02578125 0.01953125
0 0.73125 0.82890625 0.0328125 0.0265625
0 0.51328125 0.68828125 0.02578125 0.01875
0 0.15 0.884375 0.03125 0.0234375
0 0.4875 0.67109375 0.01953125 0.0203125
0 0.19296875 0.7828125 0.03125 0.02265625
0 0.4796875 0.7453125 0.02734375 0.0203125
0 0.50390625 0.64609375 0.0234375 0.01640625
0 0.9875 0.7625 0.021875 0.02734375
0 0.4171875 0.77265625 0.0328125 0.02265625
0 0.0703125 0.69140625 0.02890625 0.0171875
0 0.6921875 0.9328125 0.040625 0.03203125
0 0.03125 0.67109375 0.0234375 0.01640625
0 0.78125 0.61796875 0.01796875 0.01484375
0 0.303125 0.85859375 0.03671875 0.02421875
0 0.728125 0.6046875 0.01953125 0.015625
0 0.8625 0.7203125 0.0328125 0.02265625
0 0.31875 0.73125 0.0296875 0.02265625
0 0.0875 0.796875 0.0296875 0.0234375
0 0.290625 0.62421875 0.01953125 0.01875
0 0.0140625 0.73359375 0.025 0.0203125
0 0.5921875 0.59453125 0.0171875 0.0140625
0 0.42890625 0.834375 0.03515625 0.0203125
0 0.2125 0.66875 0.01796875 0.01640625
0 0.88203125 0.64296875 0.021875 0.01484375
0 0.13125 0.6046875 0.01796875 0.0140625
0 0.2609375 0.6515625 0.01953125 0.01640625
0 0.44296875 0.60546875 0.01796875 0.01171875
0 0.3828125 0.665625 0.02109375 0.01640625
0 0.38046875 0.6453125 0.01796875 0.0140625
0 0.4125 0.72265625 0.025 0.01953125
0 0.21875 0.7 0.0234375 0.0171875
0 0.78515625 0.684375 0.0234375 0.01875
0 0.52578125 0.6046875 0.01796875 0.015625
0 0.84140625 0.56875 0.015625 0.0125
0 0.1484375 0.7484375 0.02578125 0.021875
0 0.4328125 0.9234375 0.0453125 0.0375
0 0.19140625 0.5546875 0.01796875 0.009375
0 0.6734375 0.7359375 0.02734375 0.0203125
0 0.178125 0.63984375 0.0234375 0.0140625
0 0.71875 0.76484375 0.02578125 0.02421875
0 0.2625 0.903125 0.0296875 0.02421875
0 0.8671875 0.565625 0.015625 0.0140625
0 0.11328125 0.94296875 0.03359375 0.0265625
0 0.6453125 0.5796875 0.0140625 0.01171875
0 0.3296875 0.5671875 0.02109375 0.009375
0 0.89296875 0.665625 0.02578125 0.0171875
0 0.76796875 0.55625 0.01796875 0.0140625
0 0.23828125 0.63984375 0.0234375 0.015625
0 0.15703125 0.55546875 0.0171875 0.0109375
0 0.93515625 0.6109375 0.02109375 0.0171875
0 0.7140625 0.64296875 0.01953125 0.01484375
0 0.7640625 0.6 0.01953125 0.01640625
0 0.47265625 0.825 0.0390625 0.0296875
0 0.11796875 0.56640625 0.0171875 0.01171875
0 0.10546875 0.58046875 0.01796875 0.0125
0 0.21171875 0.821875 0.0375 0.02734375
0 0.4359375 0.64296875 0.01796875 0.01484375
0 0.4546875 0.6515625 0.0234375 0.01640625
0 0.0328125 0.55546875 0.015625 0.0140625
0 0.84921875 0.6984375 0.02578125 0.021875
0 0.65546875 0.54375 0.0140625 0.01171875
0 0.56953125 0.58046875 0.0140625 0.0109375
0 0.6953125 0.5796875 0.015625 0.0140625
0 0.04921875 0.821875 0.02578125 0.01953125
0 0.165625 0.5421875 0.0171875 0.009375
0 0.31875 0.628125 0.02109375 0.01484375
0 0.115625 0.63984375 0.0234375 0.01484375
0 0.20390625 0.628125 0.01953125 0.01484375
0 0.53203125 0.62734375 0.01953125 0.01875
0 0.4046875 0.59453125 0.01796875 0.0109375
0 0.0453125 0.56640625 0.0171875 0.01171875
0 0.90390625 0.61875 0.02109375 0.01484375
0 0.7484375 0.5921875 0.0140625 0.0140625
0 0.0359375 0.61875 0.021875 0.0125
0 0.25625 0.68984375 0.025 0.01484375
0 0.5734375 0.68828125 0.01953125 0.0171875
0 0.88125 0.6046875 0.01953125 0.015625
0 0.58828125 0.78359375 0.03671875 0.0265625
0 0.67890625 0.565625 0.0140625 0.0140625
0 0.478125 0.58359375 0.0171875 0.0109375
0 0.09296875 0.5671875 0.0140625 0.009375
0 0.54140625 0.7359375 0.02578125 0.01953125
0 0.60625 0.55625 0.0140625 0.0125
0 0.71953125 0.540625 0.0140625 0.0109375
0 0.01015625 0.80390625 0.0203125 0.0234375
0 0.2953125 0.56875 0.0171875 0.0109375
0 0.11328125 0.909375 0.0234375 0.0203125
0 0.75625 0.71953125 0.02578125 0.021875
0 0.34765625 0.5796875 0.01796875 0.01171875
0 0.05546875 0.7953125 0.025 0.0171875
0 0.60625 0.5921875 0.0171875 0.01171875
0 0.75625 0.6171875 0.01796875 0.0140625
0 0.2546875 0.7484375 0.0296875 0.0203125
0 0.7046875 0.56640625 0.0140625 0.01171875
0 0.31875 0.590625 0.01953125 0.0140625
0 0.5171875 0.56796875 0.015625 0.0109375
0 0.8421875 0.5171875 0.0140625 0.009375
0 0.6421875 0.7265625 0.0296875 0.0171875
0 0.2984375 0.6515625 0.01796875 0.01640625
0 0.11953125 0.590625 0.015625 0.0140625
0 0.20546875 0.60625 0.01796875 0.0140625
0 0.31796875 0.55234375 0.01796875 0.0109375
0 0.73046875 0.66328125 0.01796875 0.0171875
0 0.10546875 0.73046875 0.02578125 0.01953125
0 0.3921875 0.58046875 0.01796875 0.0109375
0 0.74375 0.6375 0.01796875 0.0171875
0 0.4 0.79296875 0.03671875 0.0234375
0 0.178125 0.5796875 0.01796875 0.0109375
0 0.4109375 0.64453125 0.0171875 0.015625
0 0.17421875 0.84140625 0.03125 0.02265625
0 0.39296875 0.628125 0.01796875 0.0125
0 0.10078125 0.503125 0.0140625 0.0140625
0 0.72578125 0.57890625 0.0140625 0.0140625
0 0.4734375 0.79609375 0.0328125 0.02265625
0 0.11171875 0.8265625 0.02578125 0.021875
0 0.00625 0.640625 0.0125 0.015625
0 0.41953125 0.5796875 0.01796875 0.0109375
0 0.6921875 0.60078125 0.021875 0.01484375
0 0.975 0.71796875 0.03359375 0.02421875
0 0.90703125 0.56875 0.0140625 0.01171875
0 0.5421875 0.58984375 0.0171875 0.0140625
0 0.2125 0.7453125 0.0328125 0.02265625
0 0.81875 0.5453125 0.01796875 0.009375
0 0.07265625 0.6203125 0.02109375 0.01484375
0 0.21328125 0.54453125 0.01796875 0.0109375
0 0.48046875 0.61796875 0.01796875 0.0109375
0 0.0796875 0.64375 0.0234375 0.01484375
0 0.5703125 0.54140625 0.015625 0.0109375
0 0.46015625 0.5890625 0.01953125 0.01484375
0 0.27890625 0.58046875 0.01796875 0.0109375
0 0.36015625 0.603125 0.01953125 0.0140625
0 0.5421875 0.69296875 0.021875 0.01484375
0 0.44296875 0.56875 0.01796875 0.0109375
0 0.55546875 0.5578125 0.0140625 0.01171875
0 0.1890625 0.5921875 0.01796875 0.0109375
0 0.85703125 0.51953125 0.01328125 0.009375
0 0.06875 0.5921875 0.02109375 0.0109375
0 0.6296875 0.6546875 0.025 0.01484375
0 0.1796875 0.56953125 0.01796875 0.009375
0 0.88125 0.5296875 0.01328125 0.009375
0 0.55390625 0.6265625 0.01953125 0.01484375
0 0.84296875 0.60625 0.01953125 0.015625
0 0.15078125 0.6171875 0.01796875 0.0140625
0 0.5421875 0.5671875 0.0140625 0.009375
0 0.63125 0.54609375 0.0140625 0.01171875
0 0.00703125 0.6796875 0.0140625 0.0171875
0 0.24140625 0.54375 0.0171875 0.009375
0 0.0359375 0.59453125 0.01953125 0.01484375
0 0.92578125 0.59296875 0.015625 0.0125
0 0.209375 0.58359375 0.015625 0.0125
0 0.0890625 0.7484375 0.0328125 0.0203125
0 0.053125 0.603125 0.02109375 0.01171875
0 0.74375 0.55546875 0.01796875 0.0109375
0 0.00625 0.60625 0.01171875 0.0125
0 0.62265625 0.5796875 0.015625 0.01171875
0 0.475 0.7703125 0.0328125 0.0234375
0 0.35 0.665625 0.01953125 0.01484375
0 0.84453125 0.5546875 0.0140625 0.009375
0 0.05390625 0.5796875 0.01953125 0.01171875
0 0.86796875 0.50390625 0.0140625 0.009375
0 0.79296875 0.53203125 0.01796875 0.0109375
0 0.34375 0.51796875 0.01328125 0.00859375
0 0.39375 0.54375 0.0140625 0.00859375
0 0.43046875 0.5921875 0.01953125 0.0109375
0 0.6625 0.578125 0.01796875 0.0140625
0 0.36953125 0.55390625 0.01796875 0.00859375
0 0.4296875 0.6171875 0.01796875 0.01171875
0 0.33671875 0.60625 0.01953125 0.01484375
0 0.80546875 0.503125 0.0140625 0.00859375
0 0.440625 0.54453125 0.0140625 0.0109375
0 0.79375 0.55390625 0.0140625 0.009375
0 0.3046875 0.71171875 0.02578125 0.0171875
0 0.25703125 0.5546875 0.01953125 0.009375
0 0.634375 0.60234375 0.0171875 0.01484375
0 0.3765625 0.61875 0.02109375 0.0125
0 0.6890625 0.6203125 0.02109375 0.01484375
0 0.3671875 0.678125 0.0234375 0.01484375
0 0.01875 0.553125 0.0140625 0.01171875
0 0.303125 0.54453125 0.015625 0.0109375
0 0.5890625 0.55703125 0.0171875 0.0109375
0 0.290625 0.55546875 0.0171875 0.00859375
0 0.04140625 0.7 0.02890625 0.01640625
0 0.79140625 0.5921875 0.01796875 0.0140625
0 0.5609375 0.7125 0.03125 0.02421875
0 0.7546875 0.51796875 0.0140625 0.00859375
0 0.37890625 0.59140625 0.01796875 0.0109375
0 0.81328125 0.60390625 0.0140625 0.01484375
0 0.45625 0.61875 0.01953125 0.0125
0 0.7109375 0.70859375 0.02578125 0.0203125
0 0.1046875 0.540625 0.0140625 0.0109375
0 0.2671875 0.53046875 0.0140625 0.00703125
0 0.60625 0.6296875 0.01953125 0.01484375
0 0.63828125 0.77109375 0.02578125 0.02421875
0 0.15078125 0.64609375 0.0234375 0.01484375
0 0.04921875 0.65390625 0.02578125 0.01484375
0 0.81953125 0.5796875 0.0171875 0.01171875
0 0.2765625 0.56953125 0.0171875 0.009375
0 0.73828125 0.91875 0.0390625 0.028125
0 0.00703125 0.565625 0.0140625 0.01484375
0 0.63046875 0.7 0.03125 0.01953125
0 0.25625 0.58203125 0.01796875 0.009375
0 0.71796875 0.49296875 0.01171875 0.00859375
0 0.65 0.609375 0.0171875 0.0171875
0 0.33046875 0.50546875 0.01328125 0.00703125
0 0.4546875 0.53046875 0.015625 0.00703125
0 0.22578125 0.59453125 0.0171875 0.01484375
0 0.5140625 0.50390625 0.015625 0.0078125
0 0.49296875 0.55546875 0.0171875 0.00859375
0 0.05546875 0.5421875 0.0140625 0.009375
0 0.91796875 0.53203125 0.01796875 0.01171875
0 0.4046875 0.55703125 0.0140625 0.00859375
0 0.24375 0.5296875 0.01328125 0.0078125
0 0.45546875 0.49296875 0.01328125 0.00703125
0 0.50625 0.61875 0.01796875 0.0125
0 0.28828125 0.53046875 0.0140625 0.00703125
0 0.70390625 0.54375 0.0140625 0.0109375
0 0.26640625 0.5421875 0.0171875 0.009375
0 0.6640625 0.6671875 0.01796875 0.015625
0 0.4921875 0.5296875 0.015625 0.00859375
0 0.4171875 0.54375 0.0140625 0.0078125
0 0.3078125 0.98125 0.0328125 0.02421875
0 0.228125 0.5578125 0.0171875 0.009375
0 0.6734375 0.54609375 0.015625 0.01171875
0 0.1546875 0.57890625 0.0171875 0.009375
0 0.0375 0.48515625 0.01171875 0.01484375
0 0.43125 0.5171875 0.01328125 0.0078125
0 0.66796875 0.59453125 0.01796875 0.0125
0 0.415625 0.56796875 0.0171875 0.00703125
0 0.1625 0.59296875 0.01796875 0.0125
0 0.91015625 0.5796875 0.015625 0.01171875
0 0.22890625 0.57109375 0.01796875 0.01171875
0 0.3734375 0.575 0.01796875 0.00859375
0 0.503125 0.603125 0.01953125 0.01171875
0 0.2640625 0.51875 0.01328125 0.00703125
0 0.2171875 0.64609375 0.0234375 0.01484375
0 0.72890625 0.5171875 0.01328125 0.009375
0 0.3921875 0.5671875 0.0171875 0.00859375
0 0.2671875 0.6046875 0.01953125 0.0140625
0 0.51953125 0.48125 0.01015625 0.00703125
0 0.3265625 0.51875 0.015625 0.00703125
0 0.2515625 0.5671875 0.02109375 0.009375
0 0.06015625 0.46953125 0.01328125 0.0140625
0 0.14453125 0.790625 0.0234375 0.01640625
0 0.4671875 0.5421875 0.01796875 0.009375
0 0.30546875 0.60625 0.01953125 0.0125
0 0.49375 0.5921875 0.01796875 0.0109375
0 0.13125 0.61875 0.01953125 0.0109375
0 0.27890625 0.5171875 0.01328125 0.0078125
0 0.70546875 0.51796875 0.01328125 0.00859375
0 0.88671875 0.5890625 0.01796875 0.0140625
0 0.8828125 0.55546875 0.015625 0.0109375
0 0.13046875 0.5171875 0.01328125 0.009375
0 0.78515625 0.578125 0.01796875 0.01171875
0 0.05078125 0.63203125 0.02109375 0.01171875
0 0.3671875 0.5296875 0.01328125 0.0078125
0 0.34140625 0.54375 0.015625 0.0078125
0 0.5796875 0.50546875 0.01328125 0.00703125