0 0.45234375 0.2703125 0.02421875 0.04140625
0 0.88359375 0.4953125 0.03203125 0.06328125
0 0.28203125 0.43125 0.034375 0.06171875
0 0.3421875 0.5375 0.03828125 0.07109375
0 0.22734375 0.3734375 0.03203125 0.06328125
0 0.859375 0.70234375 0.046875 0.0921875
0 0.465625 0.4 0.03203125 0.06328125
0 0.6765625 0.625 0.0453125 0.084375
0 0.659375 0.4296875 0.03125 0.05859375
0 0.6515625 0.27890625 0.02421875 0.04296875
0 0.375 0.45 0.03125 0.06171875
0 0.93203125 0.725 0.0421875 0.08203125
0 0.0421875 0.50390625 0.040625 0.07421875
0 0.7 0.50703125 0.034375 0.06171875
0 0.2375 0.18203125 0.025 0.04296875
0 0.58125 0.7375 0.05546875 0.1
0 0.9078125 0.31015625 0.02734375 0.04453125
0 0.759375 0.56328125 0.0359375 0.06640625
0 0.5296875 0.43125 0.034375 0.06171875
0 0.51484375 0.28203125 0.0234375 0.03359375
0 0.75078125 0.47890625 0.0328125 0.05546875
0 0.34296875 0.2453125 0.0265625 0.04921875
0 0.98359375 0.41796875 0.0296875 0.05390625
0 0.41875 0.20390625 0.025 0.04453125
0 0.6140625 0.45703125 0.034375 0.05703125
0 0.91796875 0.4859375 0.03125 0.06328125
0 0.48046875 0.23203125 0.025 0.04453125
0 0.6375 0.384375 0.025 0.04453125
0 0.8390625 0.31015625 0.02734375 0.04765625
0 0.7953125 0.484375 0.0328125 0.06640625
0 0.7546875 0.409375 0.0296875 0.05390625
0 0.2 0.55390625 0.03828125 0.07578125
0 0.45 0.3265625 0.0265625 0.04921875
0 0.196875 0.2421875 0.02421875 0.04921875
0 0.23046875 0.23828125 0.025 0.05078125
0 0.38203125 0.32890625 0.0296875 0.05703125
0 0.98359375 0.08046875 0.02265625 0.03671875
0 0.18046875 0.13125 0.02421875 0.03984375
0 0.83359375 0.50390625 0.0359375 0.04609375
0 0.56875 0.36875 0.03046875 0.05703125
0 0.26484375 0.23828125 0.0265625 0.05078125
0 0.3953125 0.53984375 0.04296875 0.07890625
0 0.09453125 0.37734375 0.03046875 0.05546875
0 0.42421875 0.4703125 0.034375 0.06484375
0 0.109375 0.10859375 0.0234375 0.04140625
0 0.63984375 0.3359375 0.0265625 0.03984375
0 0.11875 0.22578125 0.02421875 0.04453125
0 0.825 0.4109375 0.03125 0.05390625
0 0.309375 0.31484375 0.0296875 0.05390625
0 0.946875 0.459375 0.0296875 0.05859375
0 0.6078125 0.1953125 0.0234375 0.04296875
0 0.71953125 0.43046875 0.03046875 0.05078125
0 0.6390625 0.23828125 0.021875 0.04140625
0 0.2203125 0.0625 0.0234375 0.04140625
0 0.5125 0.33828125 0.02734375 0.05390625
0 0.67421875 0.24609375 0.02421875 0.04453125
0 0.8875 0.596875 0.03984375 0.05703125
0 0.76484375 0.25 0.02421875 0.04453125
0 0.9015625 0.3875 0.0296875 0.05390625
0 0.5421875 0.56328125 0.040625 0.06953125
0 0.9484375 0.33359375 0.0265625 0.05078125
0 0.040625 0.15 0.028125 0.05078125
0 0.41875 0.28984375 0.0265625 0.05234375
0 0.78359375 0.2921875 0.02421875 0.04140625
0 0.81328125 0.61171875 0.0390625 0.07109375
0 0.70390625 0.3875 0.02734375 0.04453125
0 0.12890625 0.17109375 0.0234375 0.04296875
0 0.26484375 0.14921875 0.025 0.05234375
0 0.07265625 0.20546875 0.028125 0.05078125
0 0.034375 0.09375 0.02421875 0.03984375
0 0.06171875 0.109375 0.0234375 0.04296875
0 0.14296875 0.2421875 0.0265625 0.05234375
0 0.7828125 0.37109375 0.028125 0.05234375
0 0.2703125 0.0734375 0.021875 0.03828125
0 0.10859375 0.32890625 0.0296875 0.05078125
0 0.64609375 0.49609375 0.03984375 0.04296875
0 0.56328125 0.2203125 0.0265625 0.04921875
0 0.9890625 0.48203125 0.01953125 0.05546875
0 0.6453125 0.55859375 0.03515625 0.06328125
0 0.309375 0.22421875 0.02421875 0.04140625
0 0.57890625 0.6140625 0.040625 0.05703125
0 0.61015625 0.3953125 0.03046875 0.03828125
0 0.77265625 0.03203125 0.0171875 0.03046875
0 0.8328125 0.36953125 0.025 0.03671875
0 0.1765625 0.1890625 0.02265625 0.04765625
0 0.8421875 0.5671875 0.0296875 0.05859375
0 0.040625 0.3546875 0.028125 0.05546875
0 0.95625 0.10703125 0.01953125 0.02890625
0 0.29375 0.18828125 0.0265625 0.04296875
0 0.31875 0.26015625 0.025 0.03984375
0 0.48125 0.3125 0.0265625 0.03984375
0 0.68125 0.39296875 0.0203125 0.04296875
0 0.009375 0.146875 0.01875 0.04375
0 0.64140625 0.20390625 0.0171875 0.0234375
0 0.5234375 0.253125 0.0234375 0.0265625
0 0.4046875 0.246875 0.02734375 0.04296875
0 0.7453125 0.29453125 0.021875 0.03984375
0 0.609375 0.25625 0.021875 0.03828125
0 0.29375 0.2640625 0.02421875 0.04453125
0 0.790625 0.25390625 0.021875 0.03671875
0 0.6828125 0.28515625 0.025 0.04296875
0 0.8734375 0.38125 0.0234375 0.04765625