1 0.5921875 0.88984375 0.0546875 0.08359375
1 0.21015625 0.71875 0.05078125 0.078125
1 0.496875 0.49921875 0.98515625 0.984375
1 0.6421875 0.62734375 0.0515625 0.08515625
1 0.04453125 0.5921875 0.05 0.07109375
1 0.78984375 0.71328125 0.0515625 0.08671875
1 0.65 0.78125 0.0546875 0.08671875
1 0.53046875 0.93046875 0.06171875 0.09375
1 0.30546875 0.784375 0.0546875 0.08203125
1 0.228125 0.871875 0.0671875 0.08671875
1 0.615625 0.334375 0.034375 0.0625
1 0.22890625 0.9125 0.09453125 0.1671875
1 0.34140625 0.3046875 0.03984375 0.06484375
1 0.8953125 0.7015625 0.05390625 0.09765625
1 0.57109375 0.49921875 0.04375 0.071875
1 0.48515625 0.284375 0.03984375 0.0625
1 0.40703125 0.53046875 0.046875 0.075
1 0.53125 0.940625 0.103125 0.11328125
1 0.1578125 0.52734375 0.05078125 0.078125
1 0.5125 0.71171875 0.0515625 0.09453125
1 0.29375 0.50546875 0.04609375 0.06796875
1 0.371875 0.3453125 0.0390625 0.07109375
1 0.8703125 0.475 0.0453125 0.0890625
1 0.690625 0.9203125 0.0671875 0.09609375
1 0.41171875 0.78828125 0.06171875 0.08671875
1 0.47578125 0.8078125 0.05859375 0.0890625
1 0.3546875 0.67578125 0.0625 0.0796875
1 0.071875 0.67421875 0.13984375 0.23828125
1 0.68046875 0.5890625 0.04765625 0.07109375
1 0.403125 0.61328125 0.0515625 0.0734375
1 0.59453125 0.703125 0.06171875 0.08671875
1 0.29921875 0.96484375 0.0671875 0.06484375
1 0.11171875 0.92421875 0.065625 0.09765625
1 0.76328125 0.6078125 0.04609375 0.0765625
1 0.6734375 0.215625 0.03828125 0.059375
1 0.63828125 0.965625 0.06171875 0.0625
1 0.73359375 0.78203125 0.05390625 0.08203125
1 0.5296875 0.8515625 0.06328125 0.0765625
1 0.696875 0.71484375 0.05390625 0.078125
1 0.5671875 0.41875 0.03984375 0.0609375
1 0.8296875 0.5984375 0.0484375 0.075
1 0.79765625 0.94765625 0.0609375 0.090625
1 0.44921875 0.9171875 0.0625 0.0890625
1 0.5359375 0.275 0.03828125 0.059375
1 0.2375 0.51953125 0.04609375 0.06796875
1 0.3 0.8390625 0.096875 0.19375
1 0.19609375 0.4828125 0.040625 0.07109375
1 0.24140625 0.109375 0.034375 0.05390625
1 0.75859375 0.5234375 0.0484375 0.075
1 0.3859375 0.95625 0.06640625 0.0796875
1 0.51171875 0.74765625 0.0953125 0.1671875
1 0.69140625 0.5203125 0.0453125 0.075
1 0.3453125 0.40703125 0.0390625 0.0609375
1 0.44453125 0.3375 0.0390625 0.0625
1 0.8 0.48203125 0.04765625 0.071875
1 0.21015625 0.76171875 0.10234375 0.16171875
1 0.48984375 0.6484375 0.0578125 0.08203125
1 0.2390625 0.62421875 0.05625 0.08046875
1 0.38671875 0.2421875 0.0375 0.059375
1 0.5765625 0.290625 0.040625 0.0625
1 0.0484375 0.50859375 0.05390625 0.0765625
1 0.871875 0.9265625 0.071875 0.10234375
1 0.5484375 0.62734375 0.04609375 0.0796875
1 0.48671875 0.321875 0.065625 0.1328125
1 0.43828125 0.2015625 0.0390625 0.05546875
1 0.09765625 0.41484375 0.04296875 0.07109375
1 0.796875 0.76484375 0.09375 0.18984375
1 0.78984375 0.871875 0.059375 0.078125
1 0.38984375 0.8671875 0.0609375 0.09453125
1 0.9140625 0.440625 0.0796875 0.3828125
1 0.50625 0.52265625 0.046875 0.0796875
1 0.53203125 0.2046875 0.03828125 0.0578125
1 0.58984375 0.9203125 0.08203125 0.14765625
1 0.6328125 0.165625 0.0390625 0.059375
1 0.41875 0.709375 0.0515625 0.0765625
1 0.16484375 0.58515625 0.096875 0.19296875
1 0.2828125 0.378125 0.04765625 0.07109375
1 0.74296875 0.12109375 0.0375 0.0578125
1 0.66328125 0.37109375 0.0390625 0.05703125
1 0.4546875 0.4984375 0.04375 0.06796875
1 0.6453125 0.83515625 0.09296875 0.196875
1 0.76015625 0.30625 0.03828125 0.0625
1 0.78125 0.37734375 0.0453125 0.071875
1 0.3609375 0.4859375 0.04765625 0.0734375
1 0.17421875 0.375 0.03984375 0.0609375
1 0.7 0.33828125 0.040625 0.06484375
1 0.29609375 0.07421875 0.03515625 0.05546875
1 0.48203125 0.23125 0.03828125 0.059375
1 0.2328125 0.66796875 0.0953125 0.17109375
1 0.0234375 0.7734375 0.0453125 0.08515625
1 0.825 0.68046875 0.05546875 0.08046875
1 0.2953125 0.70703125 0.05859375 0.0796875
1 0.63046875 0.27109375 0.03984375 0.0609375
1 0.75078125 0.46953125 0.04296875 0.0609375
1 0.625 0.4984375 0.046875 0.06796875
1 0.87109375 0.54296875 0.0859375 0.225
1 0.5296875 0.940625 0.04375 0.06484375
1 0.675 0.24140625 0.05546875 0.11171875
1 0.52734375 0.3640625 0.046875 0.06796875
1 0.02109375 0.90546875 0.0421875 0.090625
1 0.33671875 0.32890625 0.0578125 0.11328125
1 0.3796875 0.37421875 0.1015625 0.13046875
1 0.24921875 0.35625 0.03828125 0.0578125
1 0.3375 0.590625 0.053125 0.0765625
1 0.92421875 0.28515625 0.0421875 0.06953125
1 0.31328125 0.1765625 0.03828125 0.0609375
1 0.85390625 0.32421875 0.0359375 0.0625
1 0.359375 0.159375 0.0375 0.0578125
1 0.07265625 0.36484375 0.04375 0.0640625
1 0.41484375 0.44296875 0.04765625 0.06953125
1 0.50078125 0.41640625 0.0421875 0.059375
1 0.71796875 0.2609375 0.0375 0.059375
1 0.590625 0.75234375 0.078125 0.18671875
1 0.18359375 0.08203125 0.0375 0.05390625
1 0.5640625 0.540625 0.075 0.15703125
1 0.440625 0.22890625 0.059375 0.11171875
1 0.309375 0.42578125 0.04765625 0.071875
1 0.0578125 0.54921875 0.0984375 0.15859375
1 0.63125 0.19375 0.059375 0.11640625
1 0.71953125 0.86171875 0.0625 0.08671875
1 0.409375 0.5734375 0.0828125 0.16171875
1 0.86796875 0.840625 0.0546875 0.075
1 0.24609375 0.28515625 0.0390625 0.0609375
1 0.20859375 0.36328125 0.03984375 0.06640625
1 0.29765625 0.11328125 0.078125 0.1359375
1 0.20078125 0.2015625 0.034375 0.0609375
1 0.809375 0.334375 0.0390625 0.06796875
1 0.42734375 0.11640625 0.03828125 0.05390625
1 0.275 0.30859375 0.03984375 0.0625
1 0.5765625 0.325 0.05859375 0.13203125
1 0.6453125 0.55390625 0.04765625 0.06796875
1 0.64375 0.09609375 0.06328125 0.1078125
1 0.1046875 0.4609375 0.07890625 0.1625
1 0.478125 0.16171875 0.0390625 0.05390625
1 0.46875 0.83359375 0.084375 0.13984375
1 0.88984375 0.8140625 0.0890625 0.32421875
1 0.03203125 0.928125 0.0640625 0.1359375
1 0.815625 0.40625 0.04296875 0.05390625
1 0.36015625 0.5140625 0.06640625 0.13046875
1 0.14140625 0.31640625 0.04375 0.06640625
1 0.209375 0.3 0.0421875 0.0625
1 0.10234375 0.84453125 0.059375 0.07109375
1 0.23828125 0.5625 0.0859375 0.153125
1 0.2390625 0.6375 0.03828125 0.0484375
1 0.64375 0.06875 0.0375 0.05234375
1 0.24296875 0.14921875 0.06640625 0.134375
1 0.3046875 0.5796875 0.04296875 0.06640625
1 0.365625 0.209375 0.0375 0.05703125
1 0.64375 0.66484375 0.07109375 0.16015625
1 0.58046875 0.215625 0.05546875 0.11640625
1 0.8046875 0.24609375 0.040625 0.0609375
1 0.10859375 0.28359375 0.0390625 0.05390625
1 0.04765625 0.30390625 0.03984375 0.0578125
1 0.18828125 0.13515625 0.06875 0.16015625
1 0.41484375 0.81015625 0.0828125 0.13046875
1 0.1734375 0.2796875 0.03984375 0.0578125
1 0.13671875 0.2421875 0.03515625 0.05703125
1 0.35625 0.73359375 0.0796875 0.1984375
1 0.7703125 0.18046875 0.0375 0.05546875
1 0.384375 0.27265625 0.0609375 0.1203125
1 0.0625 0.25625 0.040625 0.059375
1 0.240625 0.2375 0.03515625 0.04921875
1 0.43046875 0.1390625 0.0609375 0.09921875
1 0.728125 0.59921875 0.05 0.0765625
1 0.31640625 0.2375 0.0390625 0.0578125
1 0.16640625 0.0125 0.0265625 0.025
1 0.759375 0.2484375 0.0390625 0.0609375
1 0.50234375 0.0625 0.034375 0.05078125
1 0.534375 0.2921875 0.05546875 0.09453125
1 0.59765625 0.0640625 0.03515625 0.05078125
1 0.30703125 0.29140625 0.03984375 0.06796875
1 0.66875 0.3140625 0.040625 0.0734375
1 0.0140625 0.4796875 0.02734375 0.078125
1 0.61171875 0.584375 0.04765625 0.071875
1 0.61953125 0.359375 0.05546875 0.11484375
1 0.7375 0.14609375 0.06328125 0.1078125
1 0.49921875 0.5515625 0.0640625 0.1375
1 0.490625 0.590625 0.05 0.059375
1 0.51640625 0.1484375 0.0390625 0.059375
1 0.52890625 0.38671875 0.05546875 0.11640625
1 0.2375 0.88671875 0.03984375 0.05390625
1 0.68203125 0.61328125 0.0578125 0.121875
1 0.1609375 0.5375 0.0375 0.04921875
1 0.115625 0.3546875 0.04296875 0.0640625
1 0.10234375 0.77890625 0.0609375 0.0734375
1 0.40625 0.06171875 0.0328125 0.0609375
1 0.47109375 0.3890625 0.04375 0.0578125
1 0.32890625 0.0296875 0.0359375 0.0484375
1 0.2765625 0.209375 0.03828125 0.0625
1 0.5875 0.3703125 0.04375 0.0578125
1 0.5484375 0.59453125 0.05390625 0.06953125
1 0.534375 0.22109375 0.0640625 0.09375
1 0.70859375 0.4796875 0.04765625 0.06640625
1 0.1125 0.9375 0.04296875 0.06484375
1 0.78828125 0.28828125 0.03828125 0.0578125
1 0.36015625 0.1015625 0.0359375 0.05234375