0 0.653125 0.521875 0.0484375 0.07578125
0 0.31171875 0.19921875 0.0328125 0.04921875
0 0.83671875 0.19765625 0.0265625 0.0390625
0 0.24375 0.81796875 0.0703125 0.09375
0 0.8984375 0.45625 0.0546875 0.08203125
0 0.38515625 0.2609375 0.034375 0.05078125
0 0.92265625 0.11796875 0.0234375 0.0375
0 0.878125 0.31796875 0.0453125 0.0625
0 0.78359375 0.06796875 0.01875 0.03125
0 0.88125 0.11640625 0.02421875 0.03515625
0 0.82265625 0.75390625 0.0734375 0.09375
0 0.653125 0.3734375 0.04375 0.06015625
0 0.5375 0.45546875 0.05546875 0.07578125
0 0.71328125 0.375 0.04609375 0.0625
0 0.259375 0.13046875 0.025 0.0390625
0 0.79609375 0.1765625 0.0265625 0.04296875
0 0.921875 0.65 0.0609375 0.08046875
0 0.2453125 0.196875 0.03125 0.04296875
0 0.1375 0.20703125 0.03515625 0.046875
0 0.6203125 0.0234375 0.015625 0.02578125
0 0.4046875 0.0828125 0.0171875 0.0296875
0 0.73359375 0.0078125 0.0203125 0.015625
0 0.9890625 0.1640625 0.01953125 0.03125
0 0.7625 0.065625 0.01875 0.025
0 0.73125 0.06640625 0.0171875 0.02890625
0 0.93125 0.18203125 0.0171875 0.02890625
0 0.4640625 0.0140625 0.01484375 0.025
0 0.95625 0.2125 0.03046875 0.03671875
0 0.165625 0.09453125 0.0171875 0.02734375
0 0.7578125 0.0375 0.015625 0.02578125
0 0.41484375 0.04765625 0.0140625 0.021875
0 0.86171875 0.1515625 0.0265625 0.04296875
0 0.42109375 0.00625 0.0140625 0.0125