0 0.37890625 0.06171875 0.015625 0.025
0 0.7109375 0.1484375 0.025 0.03359375
0 0.3640625 0.43046875 0.0296875 0.04296875
0 0.66875 0.1734375 0.02265625 0.03515625
0 0.7671875 0.16875 0.02734375 0.04296875
0 0.8140625 0.171875 0.0234375 0.03671875
0 0.56328125 0.04375 0.0171875 0.025
0 0.47734375 0.11328125 0.0171875 0.02578125
0 0.37578125 0.26171875 0.01953125 0.03125
0 0.30234375 0.21796875 0.0203125 0.0328125
0 0.5078125 0.12578125 0.0171875 0.0296875
0 0.53515625 0.1328125 0.01953125 0.03125
0 0.5140625 0.69375 0.04765625 0.06875
0 0.28515625 0.31875 0.025 0.03671875
0 0.43828125 0.40625 0.03125 0.04921875
0 0.18046875 0.58046875 0.03984375 0.05703125
0 0.4296875 0.06328125 0.015625 0.0296875
0 0.24921875 0.30625 0.0234375 0.03671875
0 0.290625 0.6734375 0.0421875 0.05859375
0 0.7453125 0.87421875 0.0609375 0.06875
0 0.575 0.09453125 0.01875 0.0296875
0 0.3703125 0.1359375 0.0171875 0.0296875
0 0.1921875 0.28828125 0.02734375 0.0375
0 0.1078125 0.36796875 0.021875 0.0375
0 0.46953125 0.2359375 0.02421875 0.0375
0 0.040625 0.46953125 0.03203125 0.0484375
0 0.6375 0.15625 0.02265625 0.03671875
0 0.3515625 0.0484375 0.015625 0.025
0 0.05 0.17421875 0.0203125 0.03125
0 0.3984375 0.25703125 0.0234375 0.0375
0 0.03828125 0.54375 0.034375 0.0484375
0 0.26484375 0.23046875 0.021875 0.03125
0 0.57109375 0.2421875 0.02421875 0.03359375
0 0.41953125 0.15 0.0203125 0.03125
0 0.33671875 0.0890625 0.01484375 0.025
0 0.240625 0.10390625 0.01875 0.0234375
0 0.46953125 0.06171875 0.01640625 0.025
0 0.81953125 0.0078125 0.015625 0.015625
0 0.21953125 0.14921875 0.02265625 0.0296875
0 0.35 0.1265625 0.01640625 0.02578125
0 0.01484375 0.6734375 0.0296875 0.0609375
0 0.784375 0.009375 0.015625 0.01875
0 0.071875 0.2921875 0.0203125 0.0328125
0 0.43203125 0.009375 0.0140625 0.01875
0 0.32578125 0.00625 0.01484375 0.01171875
0 0.24140625 0.00625 0.0140625 0.0125
0 0.1234375 0.1421875 0.01953125 0.0296875
0 0.096875 0.2921875 0.02421875 0.03515625
0 0.471875 0.00625 0.01484375 0.01171875
0 0.2796875 0.06328125 0.01484375 0.01953125
0 0.75078125 0.02421875 0.015625 0.025
0 0.2796875 0.0171875 0.0140625 0.02109375
0 0.06171875 0.7015625 0.03828125 0.0453125
0 0.25390625 0.0421875 0.0140625 0.01953125
0 0.290625 0.03046875 0.01171875 0.01953125
0 0.25625 0.19921875 0.01640625 0.0234375
0 0.315625 0.0265625 0.01484375 0.01953125
0 0.3609375 0.09765625 0.015625 0.0234375