0 0.7484375 0.09296875 0.025 0.0375
0 0.85 0.01484375 0.02265625 0.0296875
0 0.2609375 0.2515625 0.03203125 0.04453125
0 0.25546875 0.10625 0.02421875 0.0375
0 0.17109375 0.6390625 0.07109375 0.09609375
0 0.38359375 0.43125 0.0453125 0.07578125
0 0.63203125 0.61875 0.0609375 0.09375
0 0.2296875 0.1625 0.02734375 0.0375
0 0.23359375 0.81875 0.09453125 0.1328125
0 0.94765625 0.134375 0.028125 0.04296875
0 0.9 0.07890625 0.0234375 0.0375
0 0.5265625 0.0875 0.0234375 0.03125
0 0.496875 0.05 0.0171875 0.02734375
0 0.73125 0.175 0.03125 0.04296875
0 0.009375 0.11953125 0.01875 0.0359375
0 0.9046875 0.14921875 0.03125 0.0484375
0 0.10625 0.3375 0.03203125 0.0390625
0 0.871875 0.1234375 0.02421875 0.0390625
0 0.96171875 0.10078125 0.02421875 0.0296875
0 0.48359375 0.1015625 0.0234375 0.02890625
0 0.51796875 0.05390625 0.01875 0.025
0 0.5546875 0.109375 0.021875 0.03125
0 0.35625 0.52421875 0.059375 0.0921875
0 0.2421875 0.32890625 0.03125 0.0375
0 0.8734375 0.19921875 0.03046875 0.04453125
0 0.78203125 0.1296875 0.0265625 0.0328125
0 0.45859375 0.134375 0.01875 0.0296875
0 0.4640625 0.3515625 0.03984375 0.0625
0 0.3234375 0.15078125 0.021875 0.03359375
0 0.89609375 0.00625 0.0203125 0.0125
0 0.45390625 0.05390625 0.021875 0.0296875
0 0.0484375 0.08125 0.0234375 0.03515625
0 0.4796875 0.0671875 0.0203125 0.02734375
0 0.57734375 0.0375 0.0203125 0.0296875
0 0.190625 0.31640625 0.0375 0.0390625
0 0.40703125 0.1203125 0.0234375 0.02734375
0 0.3296875 0.19296875 0.0296875 0.0390625
0 0.5515625 0.04375 0.021875 0.025
0 0.534375 0.0296875 0.0203125 0.025
0 0.43515625 0.13125 0.028125 0.03671875