0 0.6578125 0.33515625 0.0328125 0.0484375
0 0.9359375 0.40703125 0.0515625 0.0640625
0 0.4171875 0.125 0.0171875 0.02578125
0 0.94453125 0.23671875 0.040625 0.04921875
0 0.66015625 0.14921875 0.0234375 0.0328125
0 0.5765625 0.0875 0.0203125 0.0296875
0 0.5609375 0.05078125 0.01953125 0.02578125
0 0.82890625 0.08828125 0.021875 0.03359375
0 0.63828125 0.2046875 0.0265625 0.04140625
0 0.47578125 0.1 0.01953125 0.02578125
0 0.159375 0.22421875 0.02421875 0.03671875
0 0.2359375 0.50390625 0.046875 0.0703125
0 0.1171875 0.2546875 0.03125 0.04296875
0 0.215625 0.0484375 0.0203125 0.0296875
0 0.41015625 0.0125 0.015625 0.025
0 0.5828125 0.29765625 0.03125 0.0484375
0 0.759375 0.06796875 0.01953125 0.02578125
0 0.13359375 0.4671875 0.0453125 0.05625
0 0.01484375 0.2703125 0.0265625 0.040625
0 0.296875 0.58125 0.053125 0.0765625
0 0.384375 0.1359375 0.0203125 0.0296875
0 0.2765625 0.03046875 0.0203125 0.0296875
0 0.4640625 0.00859375 0.0171875 0.0171875
0 0.92421875 0.89765625 0.096875 0.1265625
0 0.5578125 0.12265625 0.021875 0.02890625
0 0.7265625 0.0609375 0.0171875 0.025
0 0.7765625 0.046875 0.01640625 0.0234375
0 0.89921875 0.7515625 0.07890625 0.11484375
0 0.51796875 0.13125 0.01875 0.025
0 0.421875 0.17265625 0.0234375 0.03515625
0 0.2375 0.07890625 0.01953125 0.0296875
0 0.6453125 0.03203125 0.015625 0.021875
0 0.8640625 0.13046875 0.021875 0.03671875
0 0.17734375 0.0546875 0.0203125 0.03125
0 0.9859375 0.02265625 0.0234375 0.0328125
0 0.03828125 0.2890625 0.028125 0.03359375
0 0.98359375 0.56875 0.03046875 0.08359375
0 0.58125 0.1375 0.01953125 0.025
0 0.7703125 0.01796875 0.015625 0.01796875
0 0.0515625 0.03671875 0.0234375 0.02578125
0 0.24375 0.00625 0.01875 0.01171875
0 0.734375 0.01015625 0.015625 0.0203125
0 0.0296875 0.0078125 0.021875 0.015625
0 0.32734375 0.00546875 0.01640625 0.01015625
0 0.44453125 0.09296875 0.0171875 0.025
0 0.0453125 0.62890625 0.046875 0.07265625
0 0.3984375 0.06875 0.015625 0.0234375
0 0.3609375 0.00859375 0.01484375 0.0171875
0 0.72109375 0.0203125 0.01484375 0.021875
0 0.01640625 0.5515625 0.03203125 0.06640625