0 0.09765625 0.49921875 0.025 0.0375
0 0.85625 0.3296875 0.025 0.03671875
0 0.0578125 0.54453125 0.02734375 0.0390625
0 0.115625 0.1640625 0.0125 0.02109375
0 0.26484375 0.178125 0.015625 0.0234375
0 0.04765625 0.38828125 0.0265625 0.0390625
0 0.25859375 0.29140625 0.02421875 0.03359375
0 0.2171875 0.171875 0.01484375 0.02109375
0 0.24375 0.44765625 0.02421875 0.02890625
0 0.46484375 0.1734375 0.0140625 0.0140625
0 0.6796875 0.45703125 0.0296875 0.0390625
0 0.94375 0.19296875 0.01484375 0.02109375
0 0.87890625 0.190625 0.015625 0.021875
0 0.971875 0.14296875 0.0125 0.01796875
0 0.13828125 0.2890625 0.0203125 0.03125
0 0.5609375 0.1765625 0.0140625 0.01953125
0 0.57734375 0.19921875 0.0140625 0.01796875
0 0.24765625 0.396875 0.0265625 0.03125
0 0.88359375 0.29921875 0.0203125 0.02578125
0 0.5265625 0.21796875 0.0140625 0.01953125
0 0.475 0.20703125 0.01484375 0.02109375
0 0.01484375 0.4515625 0.0203125 0.0234375
0 0.4578125 0.2328125 0.0171875 0.025
0 0.34453125 0.22421875 0.015625 0.0234375
0 0.67421875 0.228125 0.01875 0.02734375
0 0.5015625 0.2515625 0.01640625 0.02109375
0 0.24296875 0.1671875 0.01484375 0.01953125
0 0.9328125 0.1734375 0.0140625 0.01953125
0 0.36015625 0.1921875 0.015625 0.02734375
0 0.140625 0.1546875 0.0140625 0.01953125
0 0.40703125 0.146875 0.01171875 0.01796875
0 0.98984375 0.146875 0.01484375 0.02109375
0 0.50859375 0.1671875 0.01171875 0.01953125
0 0.0171875 0.0890625 0.01171875 0.0140625
0 0.59453125 0.11796875 0.0109375 0.0171875
0 0.42109375 0.67421875 0.0203125 0.03125
0 0.17890625 0.0765625 0.009375 0.015625
0 0.103125 0.13828125 0.0125 0.01796875
0 0.6375 0.06328125 0.009375 0.0171875
0 0.60859375 0.06875 0.0109375 0.01328125
0 0.0671875 0.0796875 0.009375 0.015625
0 0.75625 0.2109375 0.01484375 0.02109375
0 0.0890625 0.23828125 0.0171875 0.02109375
0 0.95546875 0.1453125 0.0125 0.0171875
0 0.053125 0.07890625 0.01171875 0.0171875
0 0.2171875 0.26953125 0.01953125 0.0234375
0 0.0296875 0.1625 0.015625 0.01796875
0 0.8703125 0.10703125 0.0109375 0.015625
0 0.415625 0.09375 0.0109375 0.01328125
0 0.9 0.275 0.01875 0.02578125
0 0.7296875 0.1078125 0.0140625 0.01953125
0 0.95859375 0.196875 0.0125 0.01953125
0 0.15703125 0.09140625 0.0109375 0.015625
0 0.9203125 0.15 0.0140625 0.01796875
0 0.03046875 0.14296875 0.0140625 0.01796875
0 0.6453125 0.10625 0.01171875 0.0140625
0 0.0046875 0.1328125 0.00859375 0.01796875
0 0.7703125 0.04375 0.009375 0.0140625
0 0.43828125 0.2078125 0.0140625 0.01953125
0 0.61875 0.10546875 0.0125 0.01796875
0 0.7171875 0.1453125 0.01171875 0.01953125
0 0.2171875 0.09453125 0.01171875 0.0140625
0 0.378125 0.08828125 0.0109375 0.015625
0 0.090625 0.16875 0.0125 0.01953125
0 0.80234375 0.0671875 0.0109375 0.0140625
0 0.06640625 0.1703125 0.0140625 0.01953125
0 0.6921875 0.04296875 0.00859375 0.01328125
0 0.5921875 0.19765625 0.01171875 0.01796875
0 0.90703125 0.1609375 0.01171875 0.0171875
0 0.05625 0.1546875 0.0125 0.0140625
0 0.80546875 0.04765625 0.00859375 0.0140625
0 0.63359375 0.09140625 0.01171875 0.015625
0 0.84140625 0.10078125 0.0109375 0.0140625
0 0.14609375 0.08203125 0.0109375 0.015625
0 0.83046875 0.11875 0.0109375 0.0140625
0 0.1703125 0.18125 0.0140625 0.01796875
0 0.88125 0.146875 0.0109375 0.015625
0 0.6703125 0.0421875 0.009375 0.0140625
0 0.78046875 0.0640625 0.0109375 0.015625
0 0.89609375 0.0703125 0.0109375 0.015625
0 0.065625 0.096875 0.0140625 0.0171875
0 0.00859375 0.175 0.0140625 0.01953125
0 0.83046875 0.909375 0.07734375 0.1109375
0 0.809375 0.13046875 0.0125 0.01796875
0 0.76796875 0.09140625 0.0109375 0.015625
0 0.8609375 0.0875 0.009375 0.0140625
0 0.9328125 0.15546875 0.01171875 0.0140625
0 0.79375 0.046875 0.00859375 0.01328125
0 0.07734375 0.1296875 0.01171875 0.0140625
0 0.66640625 0.05625 0.0109375 0.0140625
0 0.0578125 0.19375 0.01484375 0.02109375
0 0.2328125 0.07890625 0.0109375 0.0140625
0 0.81953125 0.05546875 0.009375 0.0140625
0 0.1265625 0.14375 0.0140625 0.0140625
0 0.45234375 0.30625 0.02265625 0.03125
0 0.40703125 0.10625 0.01171875 0.0171875
0 0.44140625 0.13203125 0.009375 0.0140625
0 0.90703125 0.1421875 0.0109375 0.015625
0 0.446875 0.18828125 0.0140625 0.01953125
0 0.8421875 0.12890625 0.009375 0.01328125
0 0.89453125 0.09140625 0.009375 0.015625
0 0.1828125 0.1296875 0.01171875 0.0140625
0 0.1625 0.1390625 0.0125 0.0171875
0 0.23515625 0.0375 0.009375 0.01328125
0 0.75390625 0.13125 0.01171875 0.01953125
0 0.4921875 0.159375 0.01171875 0.0171875
0 0.5296875 0.16328125 0.01171875 0.0171875
0 0.6953125 0.06796875 0.009375 0.01796875
0 0.03828125 0.459375 0.021875 0.03671875
0 0.73359375 0.08828125 0.01171875 0.015625
0 0.9046875 0.10546875 0.0109375 0.01328125
0 0.41875 0.11015625 0.01171875 0.0171875
0 0.7046875 0.04296875 0.009375 0.01328125
0 0.6828125 0.05546875 0.009375 0.0140625
0 0.23359375 0.21953125 0.01875 0.025
0 0.8109375 0.11328125 0.0109375 0.015625
0 0.1109375 0.0890625 0.009375 0.0140625
0 0.9953125 0.12890625 0.0078125 0.015625