0 0.95625 0.01640625 0.02421875 0.0328125
0 0.9171875 0.1109375 0.03046875 0.04140625
0 0.278125 0.29765625 0.02421875 0.0375
0 0.634375 0.1203125 0.02265625 0.03515625
0 0.865625 0.09921875 0.025 0.04140625
0 0.12890625 0.2390625 0.02734375 0.03515625
0 0.884375 0.39375 0.05625 0.0796875
0 0.809375 0.38515625 0.05 0.06796875
0 0.6421875 0.2359375 0.03125 0.0453125
0 0.6640625 0.06640625 0.0171875 0.0234375
0 0.5265625 0.5703125 0.046875 0.0703125
0 0.2796875 0.4046875 0.03203125 0.04921875
0 0.56875 0.14453125 0.02421875 0.0390625
0 0.5265625 0.68828125 0.05859375 0.0953125
0 0.43828125 0.16875 0.0234375 0.0375
0 0.24296875 0.15625 0.0203125 0.03125
0 0.6 0.1875 0.028125 0.0390625
0 0.77890625 0.18203125 0.028125 0.0390625
0 0.22578125 0.3875 0.0234375 0.04296875
0 0.7453125 0.171875 0.02265625 0.03359375
0 0.1828125 0.3484375 0.0234375 0.0375
0 0.41484375 0.0203125 0.0140625 0.01953125
0 0.040625 0.115625 0.015625 0.02578125
0 0.21015625 0.07421875 0.01640625 0.02578125
0 0.2046875 0.35625 0.0171875 0.0296875
0 0.3546875 0.03203125 0.0140625 0.01953125
0 0.00703125 0.1140625 0.0140625 0.021875
0 0.43046875 0.0140625 0.0140625 0.02109375
0 0.49140625 0.8203125 0.01484375 0.02109375
0 0.44375 0.125 0.0203125 0.03125
0 0.596875 0.13125 0.0203125 0.0296875
0 0.02890625 0.00625 0.0171875 0.0125
0 0.053125 0.00625 0.01875 0.01171875
0 0.0046875 0.0171875 0.009375 0.02890625
0 0.275 0.91171875 0.0671875 0.0703125
0 0.1453125 0.2125 0.025 0.03125