1 0.49921875 0.77421875 0.996875 0.440625
1 0.215625 0.33515625 0.0921875 0.33515625
1 0.21796875 0.18984375 0.028125 0.04609375
1 0.2546875 0.71875 0.02734375 0.0421875
1 0.66640625 0.90625 0.0359375 0.05234375
1 0.34296875 0.82265625 0.0375 0.06015625
1 0.275 0.9 0.0390625 0.06328125
1 0.51953125 0.93984375 0.0453125 0.06171875
1 0.534375 0.76328125 0.03125 0.04765625
1 0.315625 0.76640625 0.0328125 0.04609375
1 0.440625 0.85625 0.034375 0.05
1 0.3734375 0.71796875 0.03203125 0.04375
1 0.80625 0.9109375 0.0484375 0.06953125
1 0.6234375 0.94765625 0.04609375 0.06015625
1 0.63984375 0.7859375 0.028125 0.040625
1 0.659375 0.8421875 0.0375 0.04765625
1 0.10859375 0.96015625 0.0453125 0.06875
1 0.83125 0.825 0.03828125 0.05
1 0.5890625 0.81796875 0.0296875 0.03828125
1 0.896875 0.81796875 0.03125 0.040625
1 0.1765625 0.73671875 0.0296875 0.0421875
1 0.58125 0.97578125 0.0421875 0.04375
1 0.73515625 0.971875 0.0484375 0.0484375
1 0.89765625 0.86953125 0.0359375 0.05234375
1 0.43984375 0.75 0.03203125 0.04453125
1 0.8546875 0.875 0.0390625 0.05546875
1 0.95234375 0.8703125 0.03515625 0.05390625
1 0.7765625 0.76953125 0.03046875 0.0421875
1 0.49375 0.82578125 0.03125 0.04375
1 0.3921875 0.853125 0.03984375 0.04609375
1 0.73359375 0.78359375 0.03046875 0.04375
1 0.2984375 0.83515625 0.0390625 0.05
1 0.41484375 0.7234375 0.02734375 0.03984375
1 0.19375 0.87265625 0.04296875 0.04609375
1 0.53203125 0.88359375 0.03828125 0.0484375
1 0.69765625 0.7953125 0.0265625 0.03828125
1 0.178125 0.77890625 0.028125 0.0421875
1 0.47734375 0.75625 0.0265625 0.03984375
1 0.58828125 0.75234375 0.02421875 0.03828125
1 0.3203125 0.88046875 0.0390625 0.05
1 0.8828125 0.7671875 0.025 0.03984375
1 0.7375 0.8953125 0.03984375 0.05390625
1 0.109375 0.81953125 0.02734375 0.03671875
1 0.3921875 0.92109375 0.04609375 0.05234375
1 0.175 0.66015625 0.02265625 0.034375
1 0.13671875 0.73984375 0.02734375 0.03515625
1 0.48515625 0.79375 0.0328125 0.03671875
1 0.234375 0.6625 0.0234375 0.03828125
1 0.53671875 0.7953125 0.0578125 0.12265625
1 0.33125 0.9421875 0.05390625 0.05546875
1 0.1421875 0.6734375 0.02421875 0.03671875
1 0.62109375 0.75 0.02734375 0.0421875
1 0.675 0.75625 0.03125 0.0421875
1 0.4703125 0.6671875 0.02265625 0.03125
1 0.85546875 0.7671875 0.025 0.03984375
1 0.5625 0.940625 0.04296875 0.04765625
1 0.14921875 0.975 0.0546875 0.04453125
1 0.4359375 0.90625 0.0453125 0.05625
1 0.67265625 0.79765625 0.028125 0.0421875
1 0.028125 0.61484375 0.0203125 0.02734375
1 0.4515625 0.96015625 0.04296875 0.05234375
1 0.5828125 0.775 0.0578125 0.08984375
1 0.71328125 0.73828125 0.0265625 0.03125
1 0.7953125 0.7484375 0.02734375 0.0421875
1 0.9015625 0.925 0.046875 0.05546875
1 0.915625 0.75703125 0.02734375 0.040625
1 0.5796875 0.8828125 0.03828125 0.05234375
1 0.440625 0.77265625 0.05546875 0.09375
1 0.4921875 0.88046875 0.0453125 0.05546875
1 0.340625 0.76796875 0.0296875 0.04609375
1 0.72734375 0.6984375 0.02265625 0.03125
1 0.5203125 0.71015625 0.02265625 0.02734375
1 0.41484375 0.6390625 0.0203125 0.02734375
1 0.9765625 0.77734375 0.03125 0.04609375
1 0.82578125 0.78984375 0.03046875 0.034375
1 0.56640625 0.74921875 0.0234375 0.040625
1 0.2390625 0.903125 0.040625 0.0671875
1 0.20234375 0.97890625 0.053125 0.03671875
1 0.02265625 0.65625 0.02421875 0.03671875
1 0.76796875 0.81484375 0.03828125 0.034375
1 0.0109375 0.76796875 0.021875 0.0484375
1 0.0578125 0.9796875 0.0515625 0.03515625
1 0.24921875 0.78046875 0.05546875 0.165625
1 0.365625 0.97734375 0.05390625 0.03984375
1 0.37265625 0.8140625 0.028125 0.04609375
1 0.6921875 0.86328125 0.040625 0.04765625
1 0.9578125 0.73515625 0.025 0.03125
1 0.68828125 0.97265625 0.0421875 0.04453125
1 0.85859375 0.9296875 0.0390625 0.059375
1 0.0921875 0.73671875 0.025 0.03984375
1 0.4015625 0.8171875 0.0265625 0.02890625
1 0.05859375 0.76875 0.025 0.040625
1 0.0125 0.67734375 0.0234375 0.03671875
1 0.92578125 0.84765625 0.0328125 0.05
1 0.8359375 0.94453125 0.0296875 0.04765625
1 0.496875 0.97890625 0.0515625 0.03671875
1 0.28203125 0.97734375 0.05078125 0.040625
1 0.2125 0.75078125 0.0296875 0.040625
1 0.64453125 0.98515625 0.05078125 0.025
1 0.2 0.66328125 0.02734375 0.03125
1 0.9328125 0.81015625 0.0375 0.03984375
1 0.146875 0.90234375 0.03984375 0.04765625
1 0.3109375 0.70546875 0.01875 0.03671875
1 0.2203125 0.9203125 0.034375 0.0515625
1 0.11640625 0.74765625 0.01953125 0.034375
1 0.0984375 0.66875 0.0234375 0.03046875
1 0.49921875 0.70390625 0.0234375 0.03671875
1 0.778125 0.7265625 0.02421875 0.034375
1 0.8234375 0.76015625 0.02421875 0.034375
1 0.08515625 0.85078125 0.03203125 0.040625
1 0.72734375 0.82890625 0.0328125 0.0421875
1 0.04375 0.95234375 0.05078125 0.05546875
1 0.56328125 0.70625 0.0203125 0.02890625
1 0.4609375 0.9171875 0.040625 0.03984375
1 0.0734375 0.9234375 0.03828125 0.05
1 0.21953125 0.80234375 0.04375 0.05390625
1 0.15078125 0.87265625 0.03984375 0.03984375
1 0.32578125 0.70625 0.01640625 0.03046875
1 0.00703125 0.8171875 0.0140625 0.04375
1 0.06328125 0.6671875 0.0234375 0.03125
1 0.928125 0.91484375 0.0390625 0.06328125
1 0.1390625 0.7625 0.04765625 0.08046875
1 0.36875 0.67109375 0.02265625 0.034375
1 0.61640625 0.8640625 0.0375 0.04609375
1 0.04140625 0.9 0.03828125 0.04765625
1 0.78046875 0.86796875 0.034375 0.03828125