0 0.196875 0.39921875 0.0390625 0.05078125
0 0.7671875 0.3890625 0.0296875 0.046875
0 0.06953125 0.15 0.0234375 0.03125
0 0.1546875 0.4375 0.03828125 0.0546875
0 0.7234375 0.37890625 0.028125 0.04453125
0 0.10078125 0.47578125 0.040625 0.05859375
0 0.471875 0.565625 0.034375 0.05625
0 0.5390625 0.4140625 0.0296875 0.04453125
0 0.7625 0.2796875 0.025 0.0375
0 0.128125 0.725 0.0515625 0.07421875
0 0.6375 0.1359375 0.0203125 0.0296875
0 0.43125 0.14765625 0.01875 0.0296875
0 0.48671875 0.41640625 0.028125 0.046875
0 0.0421875 0.13125 0.021875 0.0296875
0 0.35859375 0.4171875 0.034375 0.05078125
0 0.40859375 0.21171875 0.02421875 0.0328125
0 0.1859375 0.4984375 0.03984375 0.0609375
0 0.14296875 0.90546875 0.07109375 0.0875
0 0.55390625 0.85078125 0.0609375 0.0765625
0 0.3625 0.64765625 0.0484375 0.07421875
0 0.9796875 0.303125 0.0328125 0.04140625
0 0.39921875 0.29140625 0.03203125 0.04453125
0 0.2453125 0.3109375 0.034375 0.05078125
0 0.09453125 0.14453125 0.0234375 0.03671875
0 0.35234375 0.31640625 0.03125 0.04453125
0 0.7453125 0.0359375 0.0125 0.021875
0 0.671875 0.1 0.01953125 0.0296875
0 0.53359375 0.0078125 0.0125 0.015625
0 0.4015625 0.9578125 0.06328125 0.08203125
0 0.3609375 0.1234375 0.021875 0.03359375
0 0.515625 0.13125 0.01953125 0.02890625
0 0.24921875 0.13046875 0.0203125 0.02578125
0 0.446875 0.2359375 0.02421875 0.03671875
0 0.27421875 0.1390625 0.0203125 0.02890625
0 0.77578125 0.0375 0.01484375 0.025
0 0.353125 0.053125 0.01875 0.02890625
0 0.275 0.3890625 0.0359375 0.0484375
0 0.06484375 0.08125 0.01875 0.0296875
0 0.72265625 0.0171875 0.0140625 0.0234375
0 0.81328125 0.79296875 0.06328125 0.08828125
0 0.0171875 0.18046875 0.02734375 0.0375
0 0.315625 0.14375 0.02265625 0.0296875
0 0.69296875 0.11171875 0.01875 0.02578125
0 0.59765625 0.1484375 0.021875 0.03125
0 0.83203125 0.02265625 0.015625 0.021875
0 0.2796875 0.03515625 0.0171875 0.0234375
0 0.76796875 0.00859375 0.01484375 0.0171875
0 0.03203125 0.05625 0.01875 0.02578125
0 0.21953125 0.11875 0.015625 0.0234375
0 0.79609375 0.0546875 0.01484375 0.0234375
0 0.2859375 0.45 0.034375 0.0484375
0 0.43515625 0.11640625 0.01484375 0.025
0 0.17421875 0.1046875 0.0203125 0.0296875
0 0.3359375 0.48203125 0.0390625 0.05234375
0 0.0203125 0.1234375 0.01953125 0.0296875
0 0.5609375 0.01640625 0.0125 0.021875
0 0.7 0.03203125 0.0140625 0.021875
0 0.6703125 0.00625 0.01484375 0.01171875
0 0.3703125 0.18828125 0.02265625 0.0296875
0 0.259375 0.10546875 0.01953125 0.02578125
0 0.540625 0.09296875 0.015625 0.01953125
0 0.74375 0.1234375 0.0171875 0.025
0 0.87734375 0.06875 0.01875 0.025
0 0.1265625 0.1453125 0.0171875 0.02734375
0 0.5015625 0.00625 0.0125 0.0125
0 0.14921875 0.071875 0.01875 0.021875
0 0.128125 0.0828125 0.0171875 0.02734375
0 0.0484375 0.20625 0.025 0.0328125
0 0.20546875 0.09921875 0.01640625 0.02109375
0 0.0296875 0.66796875 0.04609375 0.0703125
0 0.9046875 0.1109375 0.01875 0.025
0 0.5921875 0.253125 0.0234375 0.0375
0 0.840625 0.00625 0.0125 0.01171875
0 0.75859375 0.0296875 0.0140625 0.0234375
0 0.01640625 0.0765625 0.015625 0.02734375
0 0.01953125 0.0296875 0.0171875 0.021875
0 0.09609375 0.109375 0.01875 0.0234375
0 0.853125 0.34375 0.040625 0.06796875
0 0.30390625 0.0796875 0.01640625 0.025
0 0.859375 0.0140625 0.0140625 0.021875
0 0.940625 0.33046875 0.03046875 0.04453125
0 0.0078125 0.5890625 0.015625 0.0609375
0 0.99375 0.2484375 0.009375 0.025
0 0.128125 0.11328125 0.01875 0.02578125
0 0.56875 0.0875 0.01875 0.02578125
0 0.29609375 0.14296875 0.0171875 0.02578125
0 0.69140625 0.00625 0.0140625 0.01171875
0 0.59453125 0.00625 0.0140625 0.01171875
0 0.88203125 0.00703125 0.0140625 0.0140625
0 0.81328125 0.0046875 0.0140625 0.009375
0 0.80234375 0.03125 0.0125 0.0234375
0 0.99140625 0.21875 0.015625 0.02578125