0 0.51484375 0.3734375 0.0328125 0.053125
0 0.503125 0.0875 0.0203125 0.03125
0 0.54609375 0.0375 0.0171875 0.025
0 0.6859375 0.2328125 0.03046875 0.0453125
0 0.51796875 0.25546875 0.028125 0.0390625
0 0.18828125 0.3671875 0.0296875 0.046875
0 0.375 0.1734375 0.0234375 0.03359375
0 0.43046875 0.06171875 0.01875 0.025
0 0.66796875 0.0125 0.0171875 0.025
0 0.17265625 0.228125 0.0265625 0.040625
0 0.03828125 0.10546875 0.01953125 0.03125
0 0.84609375 0.0421875 0.0203125 0.0328125
0 0.3703125 0.32421875 0.03046875 0.04921875
0 0.409375 0.0125 0.01640625 0.025
0 0.24609375 0.41953125 0.03125 0.046875
0 0.903125 0.07890625 0.0234375 0.0328125
0 0.4984375 0.29453125 0.028125 0.04453125
0 0.39375 0.0546875 0.0171875 0.02578125
0 0.1765625 0.05546875 0.0171875 0.025
0 0.45546875 0.3125 0.03046875 0.04453125
0 0.28125 0.68046875 0.0484375 0.0796875
0 0.62890625 0.2046875 0.02734375 0.0375
0 0.29921875 0.20703125 0.0265625 0.0390625
0 0.759375 0.1734375 0.02421875 0.03359375
0 0.484375 0.046875 0.015625 0.0234375
0 0.3296875 0.15625 0.0234375 0.03671875
0 0.36875 0.26796875 0.02734375 0.0390625
0 0.86015625 0.08203125 0.0234375 0.03671875
0 0.16015625 0.26796875 0.025 0.03671875
0 0.4046875 0.0875 0.0203125 0.03125
0 0.1890625 0.11875 0.0203125 0.03125
0 0.78828125 0.03828125 0.01953125 0.0296875
0 0.1203125 0.3140625 0.0328125 0.04453125
0 0.47265625 0.075 0.01953125 0.025
0 0.57109375 0.1109375 0.0203125 0.0328125
0 0.8640625 0.16875 0.02734375 0.0375
0 0.05546875 0.02890625 0.0171875 0.0234375
0 0.39609375 0.2125 0.02421875 0.03671875
0 0.22421875 0.1921875 0.02421875 0.03515625
0 0.9046875 0.84375 0.0796875 0.1171875
0 0.721875 0.21953125 0.03125 0.0484375
0 0.23515625 0.1140625 0.021875 0.0296875
0 0.6 0.15546875 0.02265625 0.0328125
0 0.50546875 0.025 0.01484375 0.025
0 0.903125 0.21328125 0.03046875 0.0390625
0 0.1453125 0.41953125 0.03515625 0.05703125
0 0.4328125 0.19375 0.025 0.0375
0 0.259375 0.24296875 0.0234375 0.0375
0 0.9421875 0.0828125 0.0234375 0.0328125
0 0.634375 0.3390625 0.03515625 0.053125
0 0.18828125 0.03203125 0.01640625 0.021875
0 0.3265625 0.11875 0.0203125 0.0296875
0 0.65703125 0.1515625 0.02734375 0.040625
0 0.96796875 0.08671875 0.02421875 0.0328125
0 0.98984375 0.0515625 0.01875 0.03515625
0 0.9546875 0.12265625 0.025 0.03359375
0 0.60078125 0.01171875 0.0171875 0.0234375
0 0.3765625 0.4 0.034375 0.0484375
0 0.1484375 0.01875 0.0140625 0.01953125
0 0.3703125 0.03125 0.01640625 0.0234375
0 0.534375 0.07421875 0.01875 0.02578125
0 0.640625 0.00625 0.015625 0.0125
0 0.809375 0.1546875 0.0234375 0.0375
0 0.32734375 0.0140625 0.0171875 0.025
0 0.33515625 0.0515625 0.01640625 0.025
0 0.603125 0.04921875 0.01640625 0.02578125
0 0.82734375 0.1203125 0.02421875 0.0375
0 0.290625 0.05546875 0.01953125 0.0296875
0 0.29296875 0.125 0.0234375 0.03125
0 0.28828125 0.971875 0.084375 0.053125
0 0.0109375 0.03125 0.0171875 0.02578125
0 0.03203125 0.0171875 0.01953125 0.02890625
0 0.2140625 0.05625 0.0171875 0.02734375
0 0.10703125 0.40703125 0.0265625 0.0484375
0 0.18125 0.00625 0.01484375 0.01171875
0 0.6703125 0.0671875 0.0171875 0.0296875
0 0.35859375 0.0984375 0.02421875 0.0328125
0 0.796875 0.125 0.01953125 0.02578125
0 0.68828125 0.1984375 0.02421875 0.025
0 0.0796875 0.08046875 0.01953125 0.02578125
0 0.3515625 0.00546875 0.015625 0.01015625
0 0.35234375 0.025 0.0171875 0.0234375
0 0.5671875 0.00625 0.01640625 0.01171875
0 0.5296875 0.00625 0.015625 0.0125
0 0.3078125 0.06796875 0.01875 0.02578125
0 0.00390625 0.0921875 0.0078125 0.02734375
0 0.99375 0.01640625 0.009375 0.02734375
0 0.92578125 0.01796875 0.0234375 0.0359375
0 0.2453125 0.00546875 0.01484375 0.01015625
0 0.0890625 0.45546875 0.03046875 0.0546875
0 0.8109375 0.025 0.01875 0.0296875
0 0.28515625 0.01953125 0.0140625 0.0234375
0 0.22578125 0.025 0.01484375 0.01953125
0 0.915625 0.05078125 0.02265625 0.02578125