0 0.32734375 0.06875 0.0234375 0.0375
0 0.15 0.18203125 0.0265625 0.04140625
0 0.103125 0.0375 0.0171875 0.02578125
0 0.41015625 0.9359375 0.0765625 0.1234375
0 0.3625 0.26171875 0.0375 0.0546875
0 0.2625 0.04296875 0.0203125 0.03125
0 0.2453125 0.08671875 0.0234375 0.0375
0 0.09453125 0.1859375 0.0296875 0.0390625
0 0.60859375 0.20390625 0.03125 0.0453125
0 0.440625 0.2875 0.03984375 0.05625
0 0.509375 0.471875 0.0484375 0.071875
0 0.01953125 0.14453125 0.02734375 0.0390625
0 0.4 0.075 0.0203125 0.0328125
0 0.21796875 0.87578125 0.09453125 0.1421875
0 0.66875 0.175 0.03203125 0.0453125
0 0.03828125 0.0140625 0.0171875 0.025
0 0.596875 0.27890625 0.0375 0.05703125
0 0.8765625 0.48125 0.0546875 0.08203125
0 0.02109375 0.5125 0.0421875 0.0796875
0 0.0484375 0.6359375 0.0703125 0.0921875
0 0.0796875 0.03203125 0.01484375 0.025
0 0.33046875 0.34453125 0.028125 0.040625
0 0.7265625 0.11015625 0.015625 0.021875
0 0.9171875 0.6859375 0.01484375 0.021875
0 0.13203125 0.00625 0.015625 0.01171875