0 0.87578125 0.1609375 0.0234375 0.0375
0 0.971875 0.30390625 0.0359375 0.05625
0 0.73125 0.3140625 0.03203125 0.05234375
0 0.44140625 0.20078125 0.025 0.04140625
0 0.7484375 0.63515625 0.05 0.0859375
0 0.628125 0.26875 0.028125 0.0375
0 0.47578125 0.18203125 0.0234375 0.03671875
0 0.7140625 0.08515625 0.01875 0.02734375
0 0.5859375 0.2609375 0.025 0.04296875
0 0.65703125 0.2875 0.0296875 0.04921875
0 0.9375 0.41640625 0.0453125 0.06484375
0 0.5890625 0.39375 0.03828125 0.0640625
0 0.696875 0.27265625 0.028125 0.0484375
0 0.06953125 0.325 0.0390625 0.05625
0 0.0359375 0.39375 0.040625 0.0609375
0 0.9578125 0.65078125 0.0609375 0.09609375
0 0.17890625 0.31875 0.03515625 0.0546875
0 0.84453125 0.80078125 0.0625 0.11171875
0 0.87578125 0.35 0.0390625 0.0625
0 0.84453125 0.234375 0.0328125 0.04921875
0 0.50625 0.3109375 0.034375 0.0484375
0 0.359375 0.3890625 0.04296875 0.05859375
0 0.70546875 0.1140625 0.01875 0.0296875
0 0.790625 0.20390625 0.02734375 0.0453125
0 0.728125 0.11875 0.021875 0.0328125
0 0.7046875 0.56875 0.0421875 0.07265625
0 0.8578125 0.13515625 0.021875 0.03671875
0 0.028125 0.55703125 0.05546875 0.07578125
0 0.571875 0.18125 0.02421875 0.0390625
0 0.7578125 0.1640625 0.0234375 0.03671875
0 0.784375 0.08828125 0.0203125 0.03359375
0 0.82734375 0.4984375 0.0484375 0.071875
0 0.4046875 0.19296875 0.025 0.04453125
0 0.4234375 0.2859375 0.0328125 0.05078125
0 0.71953125 0.1546875 0.025 0.03359375
0 0.85625 0.04921875 0.01953125 0.03125
0 0.4203125 0.15625 0.0234375 0.03125
0 0.1234375 0.60625 0.05859375 0.0796875
0 0.596875 0.08515625 0.01875 0.0296875
0 0.35859375 0.296875 0.03203125 0.04921875
0 0.275 0.30078125 0.03203125 0.0546875
0 0.1875 0.2484375 0.03125 0.0484375
0 0.35390625 0.24921875 0.028125 0.0328125
0 0.978125 0.08671875 0.0203125 0.0328125
0 0.4625 0.2625 0.0328125 0.05078125
0 0.725 0.21171875 0.02421875 0.0375
0 0.53828125 0.1671875 0.0234375 0.0328125
0 0.25859375 0.4265625 0.0453125 0.05625
0 0.8703125 0.096875 0.021875 0.0328125
0 0.93046875 0.13125 0.02421875 0.0375
0 0.46796875 0.3890625 0.03828125 0.0609375
0 0.89921875 0.025 0.0203125 0.0296875
0 0.12578125 0.71953125 0.06640625 0.0953125
0 0.4921875 0.26328125 0.025 0.03671875
0 0.70234375 0.01328125 0.01640625 0.0234375
0 0.35078125 0.18671875 0.025 0.0328125
0 0.82734375 0.09375 0.02421875 0.0390625
0 0.15703125 0.2734375 0.03515625 0.0546875
0 0.5078125 0.1984375 0.0234375 0.03515625
0 0.6453125 0.2046875 0.025 0.04453125
0 0.634375 0.1625 0.02421875 0.0375
0 0.63984375 0.0234375 0.0171875 0.0234375
0 0.76484375 0.06640625 0.0171875 0.02890625
0 0.8109375 0.0609375 0.0203125 0.02890625
0 0.51484375 0.58515625 0.0484375 0.07421875
0 0.93671875 0.225 0.0328125 0.04921875
0 0.5359375 0.13125 0.0234375 0.03671875
0 0.9359375 0.0765625 0.02265625 0.03125
0 0.30546875 0.2890625 0.028125 0.046875
0 0.89921875 0.2125 0.03203125 0.0484375
0 0.6203125 0.33046875 0.0359375 0.05703125
0 0.67890625 0.00625 0.0171875 0.0125
0 0.9875 0.19453125 0.0234375 0.040625
0 0.3015625 0.2171875 0.03125 0.04453125
0 0.9328125 0.009375 0.01875 0.01875
0 0.759375 0.0234375 0.0171875 0.02578125
0 0.8390625 0.04375 0.0171875 0.025
0 0.503125 0.37421875 0.034375 0.0640625
0 0.99296875 0.0484375 0.01171875 0.0296875
0 0.5421875 0.2046875 0.02734375 0.0390625
0 0.96015625 0.04453125 0.01640625 0.02578125
0 0.25078125 0.225 0.0296875 0.04296875
0 0.9921875 0.11171875 0.0140625 0.03671875
0 0.61484375 0.05625 0.01875 0.02578125
0 0.7625 0.109375 0.0203125 0.0390625
0 0.784375 0.053125 0.0171875 0.02578125
0 0.73515625 0.03671875 0.015625 0.02578125
0 0.78515625 0.1296875 0.025 0.040625
0 0.64609375 0.05390625 0.01875 0.02734375
0 0.27421875 0.4890625 0.04765625 0.071875
0 0.58046875 0.125 0.02265625 0.03671875
0 0.69453125 0.03828125 0.0171875 0.025
0 0.80078125 0.30625 0.03515625 0.053125
0 0.29375 0.17890625 0.025 0.03515625
0 0.6859375 0.06328125 0.01640625 0.0296875
0 0.59453125 0.19296875 0.025 0.0390625
0 0.246875 0.2671875 0.0265625 0.04453125
0 0.034375 0.47890625 0.05546875 0.078125
0 0.7140625 0.034375 0.01484375 0.025
0 0.603125 0.02890625 0.01640625 0.02578125
0 0.62734375 0.0984375 0.0203125 0.0328125
0 0.88046875 0.01015625 0.0171875 0.0203125
0 0.6625 0.06796875 0.01875 0.02578125
0 0.73046875 0.06875 0.0171875 0.0296875
0 0.59296875 0.05078125 0.0171875 0.02578125
0 0.821875 0.0265625 0.0171875 0.025
0 0.6765625 0.1171875 0.01953125 0.03359375
0 0.53515625 0.0984375 0.0171875 0.0296875
0 0.7765625 0.00625 0.01640625 0.01171875
0 0.01484375 0.3328125 0.0296875 0.06875
0 0.90703125 0.00625 0.01640625 0.01171875
0 0.61953125 0.00625 0.0171875 0.0125
0 0.19453125 0.38125 0.0375 0.06796875
0 0.55234375 0.0625 0.01875 0.03125
0 0.178125 0.69921875 0.04375 0.08046875
0 0.41953125 0.5328125 0.0359375 0.05703125
0 0.9671875 0.00625 0.01875 0.0125
0 0.61015625 0.16015625 0.021875 0.0390625
0 0.73046875 0.01328125 0.0140625 0.02109375
0 0.753125 0.2046875 0.0203125 0.0375
0 0.903125 0.1734375 0.02421875 0.03515625
0 0.95546875 0.1 0.0203125 0.03671875
0 0.828125 0.00625 0.015625 0.0125
0 0.66328125 0.0390625 0.0171875 0.02890625
0 0.978125 0.05625 0.021875 0.02578125
0 0.7953125 0.01171875 0.015625 0.0234375
0 0.88359375 0.1234375 0.01953125 0.02734375
0 0.21796875 0.29375 0.0359375 0.0609375
0 0.1875 0.5 0.0390625 0.04921875
0 0.65703125 0.16015625 0.0203125 0.03125
0 0.39140625 0.03203125 0.015625 0.025
0 0.228125 0.6265625 0.06328125 0.09921875
0 0.86484375 0.01875 0.01875 0.025
0 0.55625 0.09296875 0.0203125 0.0296875
0 0.01171875 0.6453125 0.0234375 0.09765625
0 0.57734375 0.071875 0.0171875 0.02734375