0 0.81796875 0.02421875 0.01484375 0.025
0 0.8453125 0.0296875 0.01640625 0.025
0 0.9625 0.01328125 0.01875 0.02578125
0 0.7078125 0.11171875 0.021875 0.03125
0 0.9921875 0.0140625 0.0140625 0.02734375
0 0.7703125 0.1546875 0.02265625 0.0328125
0 0.91796875 0.03828125 0.0171875 0.0296875
0 0.33359375 0.38046875 0.04375 0.07578125
0 0.253125 0.046875 0.01484375 0.02109375
0 0.0828125 0.58125 0.05625 0.0921875
0 0.8203125 0.0671875 0.015625 0.02734375
0 0.32890625 0.1078125 0.015625 0.021875
0 0.79609375 0.01171875 0.01484375 0.0234375
0 0.934375 0.0359375 0.01484375 0.025
0 0.55 0.14453125 0.01953125 0.03125
0 0.95 0.1203125 0.025 0.0296875
0 0.9546875 0.16640625 0.0328125 0.05234375
0 0.43828125 0.28046875 0.02421875 0.0296875
0 0.103125 0.1 0.01875 0.025
0 0.5484375 0.0484375 0.01484375 0.025
0 0.67265625 0.04921875 0.01484375 0.02578125
0 0.4546875 0.0375 0.01171875 0.01953125
0 0.2796875 0.33203125 0.015625 0.0234375
0 0.634375 0.06171875 0.01640625 0.025
0 0.540625 0.0203125 0.0125 0.01953125
0 0.915625 0.00625 0.015625 0.01171875
0 0.8703125 0.00546875 0.015625 0.01015625
0 0.14921875 0.0109375 0.01484375 0.021875
0 0.8484375 0.06796875 0.0171875 0.03125
0 0.20703125 0.5484375 0.0453125 0.06875
0 0.32734375 0.021875 0.0125 0.02109375
0 0.11796875 0.04140625 0.01640625 0.0234375
0 0.34453125 0.0109375 0.0140625 0.01953125
0 0.28125 0.040625 0.0140625 0.01953125
0 0.3625 0.10703125 0.01484375 0.0234375
0 0.3078125 0.03671875 0.01171875 0.01796875
0 0.91015625 0.13046875 0.02734375 0.0390625
0 0.0125 0.1390625 0.02421875 0.03671875
0 0.490625 0.0421875 0.01171875 0.0140625
0 0.478125 0.0078125 0.0140625 0.015625
0 0.44609375 0.31875 0.01484375 0.025
0 0.46953125 0.08046875 0.0125 0.01796875
0 0.22109375 0.3265625 0.0125 0.02109375
0 0.75078125 0.07421875 0.0171875 0.02578125
0 0.1390625 0.05625 0.015625 0.02734375
0 0.00625 0.26171875 0.0125 0.0390625
0 0.30390625 0.00625 0.0140625 0.01171875
0 0.98984375 0.10625 0.01875 0.0375
0 0.4296875 0.00625 0.0140625 0.01171875
0 0.9578125 0.09296875 0.021875 0.0296875
0 0.021875 0.55703125 0.04296875 0.0859375
0 0.4046875 0.0296875 0.01171875 0.0140625
0 0.7625 0.03046875 0.01640625 0.025
0 0.38359375 0.1125 0.0140625 0.01953125
0 0.9640625 0.5875 0.0671875 0.0921875
0 0.021875 0.2046875 0.01484375 0.01953125
0 0.70859375 0.01328125 0.01484375 0.0234375
0 0.41015625 0.2203125 0.015625 0.02578125
0 0.17109375 0.19296875 0.01953125 0.02578125
0 0.53203125 0.1453125 0.01484375 0.0296875
0 0.2921875 0.2921875 0.0359375 0.071875
0 0.103125 0.17890625 0.01484375 0.01953125
0 0.42734375 0.58046875 0.01875 0.02578125
0 0.0078125 0.446875 0.015625 0.0484375
0 0.34453125 0.1703125 0.0125 0.021875
0 0.1625 0.06171875 0.0125 0.01953125
0 0.84453125 0.00625 0.01640625 0.01171875
0 0.940625 0.0640625 0.01640625 0.02890625