0 0.52265625 0.2640625 0.028125 0.04296875
0 0.69453125 0.0546875 0.0171875 0.0234375
0 0.5390625 0.3546875 0.0296875 0.0453125
0 0.7296875 0.0453125 0.015625 0.021875
0 0.54921875 0.19375 0.02265625 0.03359375
0 0.3015625 0.36953125 0.0375 0.0546875
0 0.66328125 0.27890625 0.025 0.04140625
0 0.921875 0.47578125 0.03515625 0.053125
0 0.6125 0.25625 0.025 0.0375
0 0.4984375 0.29296875 0.02734375 0.04453125
0 0.67578125 0.425 0.0328125 0.05078125
0 0.58828125 0.1734375 0.02265625 0.03515625
0 0.90703125 0.0171875 0.01640625 0.0234375
0 0.90859375 0.1515625 0.02421875 0.0375
0 0.659375 0.1625 0.02265625 0.02890625
0 0.5796875 0.2453125 0.025 0.040625
0 0.7375 0.18125 0.02421875 0.0375
0 0.88125 0.19453125 0.0265625 0.0375
0 0.88515625 0.02578125 0.01484375 0.0234375
0 0.7796875 0.15546875 0.0203125 0.0296875
0 0.6234375 0.37890625 0.03515625 0.04921875
0 0.58046875 0.4109375 0.0359375 0.053125
0 0.3046875 0.1203125 0.01953125 0.0296875
0 0.396875 0.13515625 0.01484375 0.0234375
0 0.23984375 0.36875 0.034375 0.053125
0 0.73671875 0.09375 0.01640625 0.02578125
0 0.8046875 0.0859375 0.0171875 0.02578125
0 0.65 0.2234375 0.02734375 0.040625
0 0.759375 0.37421875 0.0390625 0.05625
0 0.45859375 0.10546875 0.01875 0.02578125
0 0.81640625 0.0109375 0.0140625 0.021875
0 0.2125 0.23515625 0.02734375 0.0375
0 0.8484375 0.06796875 0.0171875 0.02578125
0 0.9546875 0.1828125 0.025 0.0375
0 0.57421875 0.04453125 0.0140625 0.02109375
0 0.4046875 0.3296875 0.0265625 0.0390625
0 0.7875 0.034375 0.01484375 0.021875
0 0.9640625 0.8625 0.06171875 0.0953125
0 0.8828125 0.48671875 0.040625 0.04921875
0 0.45546875 0.3609375 0.028125 0.03359375
0 0.55390625 0.06875 0.01484375 0.025
0 0.603125 0.0296875 0.01484375 0.021875
0 0.10859375 0.23828125 0.025 0.03671875
0 0.3796875 0.28671875 0.028125 0.03125
0 0.8703125 0.88515625 0.05859375 0.0859375
0 0.446875 0.409375 0.0359375 0.05625
0 0.771875 0.20625 0.025 0.0375
0 0.9171875 0.0515625 0.01484375 0.021875
0 0.37578125 0.325 0.03046875 0.0484375
0 0.8484375 0.0234375 0.01484375 0.0234375
0 0.98125 0.05625 0.0171875 0.0296875
0 0.915625 0.55625 0.04765625 0.0609375
0 0.7703125 0.0125 0.0140625 0.01953125
0 0.6609375 0.00859375 0.01484375 0.0171875
0 0.94375 0.00625 0.01875 0.01171875
0 0.8125 0.11875 0.0171875 0.0328125
0 0.51015625 0.084375 0.01484375 0.0234375
0 0.98125 0.00625 0.01484375 0.01171875
0 0.97421875 0.4234375 0.0421875 0.0609375
0 0.240625 0.25390625 0.0203125 0.02890625
0 0.81640625 0.0375 0.015625 0.0234375
0 0.5125 0.03125 0.0140625 0.0234375
0 0.99296875 0.01796875 0.01171875 0.02578125
0 0.0359375 0.80078125 0.0609375 0.08828125
0 0.99296875 0.1484375 0.01171875 0.03671875
0 0.68125 0.10390625 0.01875 0.02890625
0 0.6203125 0.1609375 0.01953125 0.0296875
0 0.35859375 0.0984375 0.01875 0.025
0 0.6375 0.05703125 0.01640625 0.0234375
0 0.1734375 0.20546875 0.0234375 0.03125
0 0.821875 0.06015625 0.01640625 0.0234375