0 0.62578125 0.3046875 0.0296875 0.04453125
0 0.63359375 0.2015625 0.025 0.04140625
0 0.70234375 0.225 0.0328125 0.0484375
0 0.4890625 0.23671875 0.0296875 0.04453125
0 0.9015625 0.46953125 0.0390625 0.0609375
0 0.5296875 0.3015625 0.03203125 0.0453125
0 0.2640625 0.2625 0.0296875 0.0453125
0 0.071875 0.3140625 0.0421875 0.05703125
0 0.45390625 0.0609375 0.0171875 0.02890625
0 0.50625 0.053125 0.0203125 0.03125
0 0.228125 0.08046875 0.01953125 0.03125
0 0.56328125 0.2625 0.028125 0.0453125
0 0.7328125 0.2171875 0.02734375 0.04140625
0 0.20234375 0.325 0.03828125 0.05625
0 0.6796875 0.6703125 0.0390625 0.0609375
0 0.421875 0.68125 0.05859375 0.09375
0 0.15703125 0.07265625 0.0203125 0.03125
0 0.13203125 0.1625 0.0234375 0.03359375
0 0.3296875 0.5921875 0.04765625 0.0765625
0 0.35625 0.1375 0.0234375 0.0328125
0 0.825 0.165625 0.0203125 0.0296875
0 0.07734375 0.1140625 0.01953125 0.0328125
0 0.0171875 0.0328125 0.01484375 0.0234375
0 0.1859375 0.08671875 0.0203125 0.0328125
0 0.26328125 0.15703125 0.0265625 0.0375
0 0.14296875 0.13203125 0.0203125 0.02734375
0 0.403125 0.2484375 0.0328125 0.04921875
0 0.49765625 0.1859375 0.0265625 0.03671875
0 0.24140625 0.0375 0.0171875 0.02578125
0 0.9578125 0.1109375 0.0234375 0.03125
0 0.2171875 0.55546875 0.05 0.08203125
0 0.59609375 0.475 0.04765625 0.06875
0 0.5265625 0.17421875 0.02265625 0.03125
0 0.27578125 0.0796875 0.02265625 0.0328125
0 0.16875 0.3890625 0.0421875 0.06875
0 0.9359375 0.2359375 0.034375 0.0484375
0 0.66875 0.11796875 0.0203125 0.0296875
0 0.0515625 0.15703125 0.02734375 0.0375
0 0.40859375 0.03125 0.01875 0.02578125
0 0.38203125 0.046875 0.0171875 0.02890625
0 0.22265625 0.1234375 0.025 0.03671875
0 0.853125 0.16015625 0.02734375 0.03359375
0 0.93046875 0.18671875 0.03046875 0.04296875
0 0.278125 0.0296875 0.01875 0.02578125
0 0.8359375 0.221875 0.0296875 0.040625
0 0.1015625 0.14765625 0.021875 0.0328125
0 0.10859375 0.0125 0.01640625 0.025
0 0.0203125 0.11953125 0.021875 0.03125
0 0.10625 0.04140625 0.01953125 0.02578125
0 0.07734375 0.01328125 0.0203125 0.02578125
0 0.61171875 0.0140625 0.01875 0.02734375
0 0.425 0.11171875 0.0203125 0.03125
0 0.7875 0.953125 0.10234375 0.09140625
0 0.7140625 0.13125 0.0203125 0.0328125
0 0.45234375 0.2546875 0.034375 0.0453125
0 0.75390625 0.00625 0.015625 0.01171875
0 0.715625 0.00625 0.015625 0.0125
0 0.33671875 0.04375 0.0171875 0.025
0 0.08125 0.06796875 0.0171875 0.02578125
0 0.00703125 0.171875 0.0140625 0.0390625
0 0.0453125 0.04453125 0.01484375 0.0234375
0 0.14296875 0.0375 0.01875 0.025
0 0.44140625 0.1734375 0.021875 0.03359375
0 0.83046875 0.0234375 0.01640625 0.02109375
0 0.0609375 0.0671875 0.01953125 0.0296875
0 0.7953125 0.0078125 0.015625 0.015625
0 0.02890625 0.3609375 0.03984375 0.05859375
0 0.871875 0.22890625 0.0328125 0.046875
0 0.234375 0.26015625 0.02734375 0.04921875
0 0.4296875 0.084375 0.015625 0.0234375
0 0.27890625 0.00703125 0.01484375 0.0140625
0 0.228125 0.0171875 0.0171875 0.025
0 0.68828125 0.00625 0.01640625 0.01171875
0 0.52578125 0.00625 0.01640625 0.01171875
0 0.790625 0.25625 0.03046875 0.03671875
0 0.040625 0.08046875 0.01953125 0.03125
0 0.1 0.20546875 0.02421875 0.03671875
0 0.01796875 0.22265625 0.03046875 0.04140625
0 0.25859375 0.01953125 0.01484375 0.0234375
0 0.5578125 0.00625 0.0171875 0.01171875
0 0.83359375 0.06015625 0.01640625 0.0234375
0 0.96796875 0.3609375 0.0421875 0.05625
0 0.440625 0.00625 0.01640625 0.01171875
0 0.165625 0.01875 0.0171875 0.025
0 0.978125 0.08203125 0.0171875 0.02109375
0 0.81875 0.10546875 0.0203125 0.02578125
0 0.21953125 0.21171875 0.0234375 0.0375
0 0.73125 0.0125 0.0171875 0.025
0 0.00703125 0.0828125 0.0140625 0.025
0 0.98671875 0.2046875 0.02265625 0.0296875
0 0.63984375 0.00546875 0.015625 0.01015625
0 0.34921875 0.0859375 0.0203125 0.02890625
0 0.6640625 0.00625 0.015625 0.01171875
0 0.4578125 0.00703125 0.01953125 0.0140625
0 0.4 0.0953125 0.0171875 0.02890625
0 0.98125 0.01796875 0.01484375 0.01796875
0 0.796875 0.19375 0.0234375 0.0296875
0 0.18515625 0.0109375 0.01640625 0.021875
0 0.53515625 0.97265625 0.07421875 0.05234375