0 0.290625 0.3296875 0.034375 0.0546875
0 0.1375 0.5234375 0.04375 0.06484375
0 0.2515625 0.34921875 0.03984375 0.05703125
0 0.5515625 0.32421875 0.03125 0.04453125
0 0.31875 0.12265625 0.01875 0.02890625
0 0.05546875 0.25078125 0.03046875 0.0453125
0 0.134375 0.9125 0.06953125 0.11875
0 0.32734375 0.8234375 0.0625 0.1109375
0 0.59375 0.93671875 0.0796875 0.1234375
0 0.0234375 0.03203125 0.0234375 0.0328125
0 0.5515625 0.27421875 0.028125 0.0375
0 0.446875 0.1765625 0.0234375 0.0375
0 0.55625 0.38828125 0.03828125 0.06015625
0 0.4046875 0.13125 0.01875 0.03125
0 0.08125 0.1109375 0.02421875 0.03515625
0 0.22109375 0.69921875 0.06328125 0.09921875
0 0.46640625 0.33828125 0.0359375 0.0546875
0 0.0078125 0.16796875 0.015625 0.0390625
0 0.14296875 0.05625 0.0203125 0.0296875
0 0.884375 0.11796875 0.015625 0.025
0 0.1171875 0.1125 0.0234375 0.0296875
0 0.2 0.05625 0.0203125 0.03125
0 0.3015625 0.06328125 0.01953125 0.0296875
0 0.4015625 0.0546875 0.0171875 0.02890625
0 0.74765625 0.09296875 0.01484375 0.025
0 0.609375 0.05625 0.01171875 0.01796875
0 0.328125 0.06171875 0.0171875 0.025
0 0.075 0.34375 0.0421875 0.0546875
0 0.94609375 0.07578125 0.0171875 0.02578125
0 0.7359375 0.05625 0.0140625 0.01953125
0 0.76484375 0.0921875 0.01484375 0.0234375
0 0.80234375 0.08046875 0.01484375 0.02578125
0 0.109375 0.0125 0.021875 0.025
0 0.3515625 0.075 0.021875 0.025
0 0.56328125 0.04453125 0.0140625 0.02109375
0 0.5140625 0.09375 0.01484375 0.0234375
0 0.99453125 0.11796875 0.00859375 0.025
0 0.67109375 0.046875 0.0140625 0.02109375
0 0.81484375 0.05625 0.01484375 0.021875
0 0.2390625 0.14140625 0.0234375 0.03515625
0 0.1375 0.0140625 0.01875 0.02734375
0 0.07265625 0.65 0.0515625 0.0921875
0 0.99140625 0.03046875 0.01484375 0.025
0 0.6296875 0.04296875 0.009375 0.01796875
0 0.17265625 0.00625 0.0171875 0.0125
0 0.75078125 0.1375 0.01640625 0.01953125
0 0.7265625 0.0296875 0.0140625 0.01796875
0 0.08046875 0.06796875 0.02421875 0.03125
0 0.584375 0.04375 0.01171875 0.0171875
0 0.35625 0.11953125 0.01640625 0.02890625
0 0.79375 0.0453125 0.0140625 0.021875
0 0.85625 0.05078125 0.01484375 0.02109375
0 0.6078125 0.03125 0.009375 0.01796875
0 0.95546875 0.00625 0.01484375 0.01171875
0 0.88984375 0.2453125 0.025 0.0328125
0 0.07734375 0.00703125 0.0203125 0.0140625
0 0.90390625 0.18046875 0.01640625 0.025
0 0.73984375 0.00546875 0.0125 0.01015625
0 0.69375 0.00625 0.0125 0.01171875
0 0.84453125 0.22578125 0.01953125 0.025
0 0.33125 0.0375 0.01484375 0.01953125
0 0.7765625 0.0453125 0.0140625 0.021875
0 0.646875 0.0796875 0.0125 0.0171875
0 0.478125 0.0265625 0.0125 0.01953125
0 0.76796875 0.00625 0.0125 0.01171875
0 0.24609375 0.03046875 0.0171875 0.0296875
0 0.915625 0.1390625 0.015625 0.021875
0 0.20234375 0.00625 0.01484375 0.01171875
0 0.60625 0.00625 0.01171875 0.01171875
0 0.696875 0.0296875 0.0140625 0.01796875
0 0.9921875 0.00703125 0.0140625 0.0140625
0 0.9125 0.103125 0.01484375 0.01953125
0 0.5265625 0.0453125 0.0125 0.01953125
0 0.57734375 0.0734375 0.0140625 0.01953125
0 0.7140625 0.1046875 0.01484375 0.01953125
0 0.65625 0.09296875 0.0140625 0.01953125
0 0.95234375 0.053125 0.01484375 0.02109375
0 0.5296875 0.02265625 0.0125 0.01953125
0 0.753125 0.0171875 0.0125 0.01953125
0 0.59296875 0.00625 0.0125 0.01171875
0 0.71953125 0.07578125 0.0125 0.01796875
0 0.8609375 0.0109375 0.0140625 0.01953125
0 0.609375 0.4375 0.025 0.0390625
0 0.6453125 0.04453125 0.01171875 0.01796875
0 0.378125 0.0171875 0.01484375 0.01953125