0 0.4640625 0.01484375 0.021875 0.0296875
0 0.58828125 0.63125 0.04765625 0.07578125
0 0.5125 0.0921875 0.0234375 0.03671875
0 0.559375 0.08203125 0.02421875 0.0390625
0 0.2421875 0.34453125 0.0390625 0.05859375
0 0.7796875 0.30625 0.0328125 0.04921875
0 0.3796875 0.01796875 0.02265625 0.03125
0 0.3421875 0.34296875 0.03203125 0.05078125
0 0.89375 0.0421875 0.02421875 0.03515625
0 0.48125 0.0921875 0.021875 0.0390625
0 0.6015625 0.06875 0.0234375 0.04296875
0 0.66875 0.2859375 0.034375 0.05625
0 0.95 0.25625 0.0375 0.05078125
0 0.45 0.1359375 0.02734375 0.04296875
0 0.12890625 0.3953125 0.03515625 0.05625
0 0.75390625 0.3734375 0.0390625 0.06015625
0 0.88984375 0.47265625 0.04609375 0.06796875
0 0.384375 0.22890625 0.03203125 0.05234375
0 0.446875 0.075 0.0234375 0.0375
0 0.3328125 0.1921875 0.03125 0.05078125
0 0.5921875 0.1640625 0.0296875 0.046875
0 0.88984375 0.23828125 0.0328125 0.0546875
0 0.790625 0.52890625 0.0453125 0.0703125
0 0.5296875 0.1421875 0.0265625 0.0390625
0 0.3734375 0.08828125 0.025 0.0390625
0 0.4015625 0.0359375 0.02265625 0.0328125
0 0.43125 0.02578125 0.0203125 0.03359375
0 0.3671875 0.046875 0.0234375 0.03359375
0 0.7140625 0.04765625 0.0234375 0.0328125
0 0.696875 0.50625 0.03828125 0.05625
0 0.82734375 0.05625 0.02421875 0.03671875
0 0.9640625 0.01328125 0.02265625 0.02578125
0 0.784375 0.00703125 0.02265625 0.0140625
0 0.94609375 0.7265625 0.06171875 0.0859375
0 0.66328125 0.1015625 0.025 0.0390625
0 0.07109375 0.88125 0.0765625 0.13046875
0 0.74375 0.0078125 0.0203125 0.015625
0 0.090625 0.3734375 0.0390625 0.0546875
0 0.69140625 0.1921875 0.03125 0.04296875
0 0.62890625 0.09296875 0.025 0.0375
0 0.57734375 0.05625 0.0234375 0.03125
0 0.11015625 0.021875 0.0234375 0.0390625
0 0.5234375 0.0609375 0.025 0.03671875
0 0.70234375 0.15078125 0.0296875 0.03359375
0 0.225 0.0203125 0.028125 0.0375
0 0.2 0.4671875 0.05 0.0796875
0 0.4890625 0.18671875 0.03125 0.05078125
0 0.10078125 0.20390625 0.0328125 0.04296875
0 0.6796875 0.975 0.1171875 0.0484375