0 0.1625 0.4046875 0.0265625 0.040625
0 0.4015625 0.4890625 0.0421875 0.05625
0 0.065625 0.55625 0.034375 0.04921875
0 0.16484375 0.4703125 0.03203125 0.04921875
0 0.68984375 0.57890625 0.0421875 0.05625
0 0.5203125 0.18671875 0.01953125 0.0296875
0 0.73515625 0.5640625 0.046875 0.07265625
0 0.38046875 0.3984375 0.03203125 0.04921875
0 0.52578125 0.4546875 0.034375 0.05078125
0 0.6015625 0.64765625 0.0484375 0.07421875
0 0.29609375 0.4359375 0.0328125 0.0484375
0 0.8359375 0.21796875 0.02734375 0.0375
0 0.5125 0.565625 0.0421875 0.0640625
0 0.86015625 0.6140625 0.0609375 0.08984375
0 0.97265625 0.21328125 0.0328125 0.046875
0 0.24921875 0.396875 0.0328125 0.046875
0 0.61171875 0.4359375 0.03984375 0.053125
0 0.0421875 0.45390625 0.03203125 0.0484375
0 0.2875 0.33671875 0.028125 0.0375
0 0.4234375 0.3734375 0.0328125 0.04453125
0 0.1484375 0.54375 0.03515625 0.0484375
0 0.57734375 0.23203125 0.02421875 0.03359375
0 0.03671875 0.4 0.03046875 0.0375
0 0.56875 0.8390625 0.06328125 0.08984375
0 0.25859375 0.2953125 0.025 0.03515625
0 0.128125 0.1640625 0.01640625 0.02109375
0 0.840625 0.4359375 0.04375 0.06015625
0 0.35625 0.88515625 0.0546875 0.0859375
0 0.9828125 0.31171875 0.03203125 0.05625
0 0.0765625 0.42578125 0.02734375 0.0390625
0 0.415625 0.975 0.06640625 0.0484375
0 0.7109375 0.1546875 0.01953125 0.02734375
0 0.98984375 0.0734375 0.01875 0.02734375
0 0.5046875 0.23828125 0.02734375 0.03359375
0 0.28984375 0.5171875 0.0375 0.0546875
0 0.015625 0.94140625 0.03125 0.08046875
0 0.55546875 0.4140625 0.034375 0.04453125
0 0.215625 0.221875 0.01875 0.021875
0 0.3484375 0.34296875 0.0296875 0.0328125
0 0.5234375 0.15 0.0171875 0.025
0 0.70390625 0.29921875 0.02734375 0.03671875
0 0.8734375 0.0375 0.015625 0.025
0 0.79375 0.259375 0.0296875 0.0375
0 0.67734375 0.190625 0.02421875 0.03515625
0 0.728125 0.0453125 0.01484375 0.021875
0 0.746875 0.040625 0.0125 0.01953125
0 0.346875 0.38125 0.028125 0.04296875
0 0.64765625 0.1359375 0.0171875 0.02734375
0 0.28828125 0.2453125 0.021875 0.02734375
0 0.46171875 0.3140625 0.028125 0.04140625
0 0.41875 0.2984375 0.02265625 0.03671875
0 0.90703125 0.01953125 0.01640625 0.0234375
0 0.44296875 0.175 0.01484375 0.025
0 0.9171875 0.4921875 0.0453125 0.06484375
0 0.44453125 0.115625 0.0140625 0.01796875
0 0.65703125 0.0328125 0.0125 0.01796875
0 0.01875 0.609375 0.0375 0.0625
0 0.17890625 0.3421875 0.0234375 0.03359375
0 0.05703125 0.80625 0.059375 0.08046875
0 0.1859375 0.20390625 0.0171875 0.021875
0 0.5671875 0.040625 0.0140625 0.01953125
0 0.915625 0.05078125 0.01875 0.03125
0 0.26875 0.15390625 0.0140625 0.0234375
0 0.82734375 0.03671875 0.0125 0.01796875
0 0.35234375 0.30625 0.0203125 0.02734375
0 0.75546875 0.08203125 0.01484375 0.0234375
0 0.8109375 0.03046875 0.0140625 0.01953125
0 0.54609375 0.025 0.01171875 0.0171875
0 0.259375 0.2015625 0.01640625 0.021875
0 0.71796875 0.2484375 0.0296875 0.04296875
0 0.3875 0.325 0.02265625 0.0328125
0 0.2765625 0.1734375 0.0140625 0.01953125
0 0.7609375 0.04296875 0.015625 0.0234375
0 0.93828125 0.06328125 0.0171875 0.025
0 0.33125 0.17890625 0.01484375 0.021875
0 0.29375 0.14453125 0.0140625 0.01796875
0 0.50703125 0.04296875 0.01171875 0.01328125
0 0.57109375 0.00625 0.0140625 0.0125
0 0.41875 0.09375 0.0125 0.01796875
0 0.20703125 0.32265625 0.0234375 0.02890625
0 0.484375 0.1140625 0.01171875 0.01953125
0 0.59296875 0.02421875 0.0125 0.01953125
0 0.94296875 0.01015625 0.0171875 0.0203125
0 0.62890625 0.03671875 0.01171875 0.01796875
0 0.0765625 0.98359375 0.06640625 0.0296875
0 0.43125 0.084375 0.0140625 0.01796875
0 0.196875 0.15078125 0.01484375 0.02109375
0 0.2765625 0.1984375 0.015625 0.01953125
0 0.71796875 0.10625 0.01875 0.025
0 0.42734375 0.1578125 0.0125 0.02109375
0 0.70546875 0.12421875 0.01640625 0.01953125
0 0.70390625 0.0171875 0.0140625 0.01796875
0 0.4265625 0.19453125 0.01484375 0.025
0 0.46015625 0.109375 0.0140625 0.01796875
0 0.3078125 0.1859375 0.01484375 0.02109375
0 0.85625 0.04453125 0.0140625 0.02109375
0 0.11953125 0.20546875 0.01640625 0.0234375
0 0.35859375 0.1734375 0.01484375 0.01953125
0 0.44375 0.07890625 0.0125 0.01953125
0 0.7140625 0.03515625 0.0125 0.01796875
0 0.43671875 0.13671875 0.0140625 0.01796875
0 0.353125 0.0765625 0.0109375 0.0171875
0 0.796875 0.0265625 0.0140625 0.01953125
0 0.565625 0.3 0.02421875 0.0328125
0 0.5921875 0.00625 0.0140625 0.01171875
0 0.0046875 0.190625 0.00859375 0.025
0 0.6203125 0.0140625 0.0125 0.01953125
0 0.0046875 0.1671875 0.00859375 0.01953125
0 0.48125 0.05546875 0.0109375 0.0171875
0 0.075 0.18125 0.01484375 0.0234375
0 0.99296875 0.1546875 0.01171875 0.025
0 0.4046875 0.103125 0.01171875 0.0171875
0 0.3078125 0.15625 0.0125 0.01796875
0 0.1546875 0.2046875 0.01640625 0.02109375
0 0.4671875 0.13125 0.0140625 0.01953125
0 0.8984375 0.0421875 0.0140625 0.025
0 0.19609375 0.2984375 0.01953125 0.025
0 0.55234375 0.2265625 0.01875 0.02890625
0 0.60625 0.00625 0.0125 0.01171875
0 0.65390625 0.00625 0.0140625 0.0125
0 0.21171875 0.24375 0.01640625 0.0234375
0 0.2796875 0.08046875 0.0109375 0.01328125
0 0.68046875 0.00625 0.0140625 0.0125
0 0.31875 0.30390625 0.01953125 0.0296875
0 0.12421875 0.07421875 0.0109375 0.01328125