0 0.53671875 0.55546875 0.04609375 0.065625
0 0.975 0.58828125 0.03671875 0.06796875
0 0.12890625 0.31328125 0.025 0.03828125
0 0.61640625 0.43515625 0.03828125 0.065625
0 0.7046875 0.4796875 0.04296875 0.07265625
0 0.0953125 0.55546875 0.04609375 0.075
0 0.4046875 0.4828125 0.03984375 0.0703125
0 0.42578125 0.41875 0.03046875 0.0546875
0 0.7046875 0.79296875 0.07109375 0.10625
0 0.66484375 0.44453125 0.03671875 0.0703125
0 0.359375 0.5234375 0.04453125 0.075
0 0.3390625 0.45234375 0.03515625 0.0453125
0 0.04375 0.49921875 0.04453125 0.065625
0 0.634375 0.721875 0.05078125 0.08125
0 0.3046875 0.43359375 0.03671875 0.05625
0 0.165625 0.49921875 0.05078125 0.075
0 0.47265625 0.66328125 0.05859375 0.10390625
0 0.70859375 0.57578125 0.04453125 0.065625
0 0.21796875 0.93671875 0.075 0.11328125
0 0.83359375 0.63671875 0.05546875 0.08359375
0 0.57734375 0.84921875 0.06015625 0.1109375
0 0.3640625 0.7875 0.06328125 0.09921875
0 0.33671875 0.67421875 0.06171875 0.0859375
0 0.59453125 0.5359375 0.05078125 0.090625
0 0.8640625 0.50234375 0.03828125 0.06796875
0 0.1796875 0.5890625 0.05546875 0.08359375
0 0.64296875 0.5703125 0.04296875 0.06328125
0 0.25546875 0.5078125 0.04609375 0.08359375
0 0.02421875 0.609375 0.04765625 0.08359375
0 0.57265625 0.7015625 0.06171875 0.09921875
0 0.49453125 0.4625 0.03828125 0.065625
0 0.64609375 0.96171875 0.07421875 0.07265625
0 0.775 0.759375 0.06171875 0.1109375
0 0.29609375 0.87578125 0.06640625 0.0953125
0 0.2140625 0.80234375 0.07109375 0.09765625
0 0.915625 0.78828125 0.06484375 0.09296875
0 0.1671875 0.7125 0.05390625 0.0953125
0 0.4546875 0.4234375 0.02890625 0.0546875
0 0.4078125 0.68671875 0.05859375 0.08359375
0 0.0625 0.42421875 0.04140625 0.05625
0 0.0625 0.7375 0.06953125 0.121875
0 0.4953125 0.39609375 0.03046875 0.0453125
0 0.77421875 0.634375 0.04609375 0.065625
0 0.16328125 0.33046875 0.021875 0.03203125
0 0.69296875 0.66328125 0.05390625 0.090625
0 0.89453125 0.46171875 0.02890625 0.0546875
0 0.8859375 0.37890625 0.03671875 0.05625
0 0.64296875 0.37109375 0.03046875 0.05
0 0.13515625 0.38828125 0.03671875 0.04765625
0 0.11953125 0.45390625 0.04453125 0.07890625
0 0.5078125 0.26015625 0.015625 0.02265625
0 0.85234375 0.35859375 0.03046875 0.04765625
0 0.2671875 0.39921875 0.03203125 0.04296875
0 0.69375 0.3890625 0.03359375 0.0546875
0 0.0390625 0.2984375 0.0171875 0.02734375
0 0.8984375 0.9703125 0.07421875 0.0546875
0 0.753125 0.3984375 0.03515625 0.06328125
0 0.440625 0.96484375 0.075 0.065625
0 0.97734375 0.740625 0.04140625 0.10625
0 0.084375 0.29609375 0.01875 0.02734375
0 0.81796875 0.509375 0.04453125 0.08125
0 0.921875 0.54375 0.04921875 0.0703125
0 0.20859375 0.40859375 0.03515625 0.05625
0 0.54453125 0.4796875 0.04609375 0.06328125
0 0.553125 0.36953125 0.02890625 0.04296875
0 0.3421875 0.4046875 0.03203125 0.040625
0 0.30390625 0.59765625 0.05703125 0.08125
0 0.20390625 0.3515625 0.02890625 0.03359375
0 0.334375 0.3515625 0.02890625 0.03828125
0 0.56015625 0.42421875 0.03359375 0.04765625
0 0.01875 0.409375 0.03359375 0.05
0 0.3140625 0.9625 0.1234375 0.0703125
0 0.47421875 0.36953125 0.025 0.0296875
0 0.73359375 0.9640625 0.06171875 0.06796875
0 0.53828125 0.96953125 0.0859375 0.05625
0 0.55234375 0.02578125 0.015625 0.0203125
0 0.0640625 0.26953125 0.0171875 0.02265625
0 0.384375 0.434375 0.03359375 0.0453125
0 0.4625 0.50703125 0.04765625 0.0765625
0 0.21484375 0.2375 0.0171875 0.02265625
0 0.74609375 0.34140625 0.03359375 0.0453125
0 0.78203125 0.43359375 0.03515625 0.05625
0 0.2375 0.378125 0.02890625 0.0359375
0 0.3859375 0.3765625 0.03359375 0.04296875
0 0.540625 0.27734375 0.0140625 0.0203125
0 0.98359375 0.40078125 0.02890625 0.05
0 0.5265625 0.3984375 0.02890625 0.0453125
0 0.36953125 0.0609375 0.015625 0.02265625
0 0.0203125 0.2921875 0.015625 0.02265625
0 0.478125 0.2734375 0.015625 0.01796875
0 0.49609375 0.0328125 0.0140625 0.0203125
0 0.2625 0.3109375 0.0171875 0.025
0 0.88359375 0.325 0.03828125 0.04765625
0 0.1890625 0.25234375 0.015625 0.025
0 0.5875 0.0703125 0.015625 0.01796875
0 0.25078125 0.2421875 0.015625 0.02265625
0 0.37890625 0.2984375 0.0234375 0.03203125
0 0.91953125 0.3609375 0.02578125 0.04765625
0 0.9640625 0.95625 0.06328125 0.08359375
0 0.71484375 0.3328125 0.03203125 0.0453125
0 0.63515625 0.2421875 0.01875 0.02265625
0 0.46484375 0.5734375 0.04609375 0.04296875
0 0.534375 0.325 0.02578125 0.04296875
0 0.721875 0.88671875 0.06171875 0.090625
0 0.28359375 0.30546875 0.0203125 0.02734375
0 0.1140625 0.69375 0.03984375 0.065625
0 0.98203125 0.490625 0.03203125 0.0546875
0 0.56796875 0.26953125 0.015625 0.01796875
0 0.4328125 0.27734375 0.0171875 0.0203125
0 0.00546875 0.29375 0.0109375 0.02734375
0 0.2046875 0.30625 0.01875 0.025
0 0.46953125 0.05546875 0.015625 0.0203125
0 0.2890625 0.37109375 0.025 0.02734375
0 0.84765625 0.434375 0.03359375 0.0546875
0 0.5203125 0.0109375 0.015625 0.021875
0 0.32890625 0.2953125 0.015625 0.0203125
0 0.3453125 0.3046875 0.0203125 0.0296875
0 0.58828125 0.26796875 0.0140625 0.0203125
0 0.2265625 0.61953125 0.04765625 0.05859375
0 0.41484375 0.37109375 0.0234375 0.0359375
0 0.24375 0.325 0.0171875 0.025
0 0.47109375 0.09296875 0.015625 0.01796875
0 0.07890625 0.246875 0.0140625 0.02265625
0 0.50390625 0.3203125 0.0203125 0.0296875
0 0.9421875 0.45625 0.04140625 0.0609375
0 0.45390625 0.06640625 0.0125 0.015625
0 0.9484375 0.40703125 0.02578125 0.0359375
0 0.2234375 0.2953125 0.015625 0.0203125
0 0.584375 0.37890625 0.03046875 0.04765625
0 0.08828125 0.36953125 0.03515625 0.0296875
0 0.94609375 0.3515625 0.03046875 0.04765625
0 0.2140625 0.26015625 0.01875 0.02734375
0 0.42109375 0.08359375 0.0140625 0.01796875
0 0.33359375 0.2734375 0.015625 0.01796875
0 0.92265625 0.31640625 0.0171875 0.02734375
0 0.25390625 0.28359375 0.015625 0.0203125
0 0.4453125 0.09765625 0.0140625 0.02265625
0 0.40390625 0.3046875 0.0171875 0.0203125
0 0.50546875 0.07890625 0.0140625 0.02265625
0 0.39453125 0.62578125 0.05078125 0.05234375
0 0.165625 0.26796875 0.0171875 0.0203125
0 0.634375 0.2734375 0.0234375 0.02734375
0 0.66484375 0.34296875 0.025 0.0296875
0 0.971875 0.29609375 0.02578125 0.0359375
0 0.78359375 0.36875 0.03515625 0.0453125
0 0.94453125 0.27734375 0.015625 0.0203125
0 0.55390625 0.06484375 0.0125 0.015625
0 0.515625 0.0546875 0.0125 0.01796875
0 0.56953125 0.29296875 0.015625 0.025
0 0.63515625 0.053125 0.015625 0.0203125
0 0.4890625 0.2875 0.015625 0.02265625
0 0.1671875 0.38671875 0.03203125 0.0546875
0 0.01640625 0.359375 0.0234375 0.02734375
0 0.43359375 0.315625 0.021875 0.03359375