0 0.1375 0.85390625 0.05078125 0.08046875
0 0.24765625 0.8765625 0.0578125 0.09921875
0 0.45234375 0.48671875 0.03046875 0.04921875
0 0.1671875 0.66328125 0.0421875 0.0640625
0 0.65859375 0.63828125 0.05 0.0703125
0 0.06640625 0.46796875 0.0296875 0.05078125
0 0.6890625 0.57265625 0.0421875 0.06796875
0 0.85625 0.43125 0.028125 0.0390625
0 0.86640625 0.84140625 0.0484375 0.06796875
0 0.06796875 0.96171875 0.075 0.07421875
0 0.23828125 0.55625 0.03515625 0.0609375
0 0.91484375 0.31796875 0.02421875 0.03671875
0 0.78046875 0.64375 0.05 0.06875
0 0.36875 0.69765625 0.0484375 0.08359375
0 0.2765625 0.55 0.0359375 0.0609375
0 0.93828125 0.33671875 0.02734375 0.0375
0 0.528125 0.4828125 0.0328125 0.0484375
0 0.88515625 0.44453125 0.034375 0.040625
0 0.178125 0.74921875 0.05 0.0765625
0 0.475 0.65 0.0421875 0.08046875
0 0.41875 0.23203125 0.015625 0.0234375
0 0.42421875 0.43828125 0.028125 0.0484375
0 0.73125 0.45 0.034375 0.0375
0 0.5796875 0.534375 0.04296875 0.06640625
0 0.36484375 0.3125 0.0203125 0.03125
0 0.3640625 0.88828125 0.0625 0.09140625
0 0.33671875 0.6109375 0.0359375 0.06015625
0 0.2640625 0.40390625 0.0265625 0.04140625
0 0.56484375 0.9078125 0.06171875 0.10703125
0 0.859375 0.3140625 0.021875 0.02890625
0 0.97578125 0.4359375 0.0328125 0.04453125
0 0.4765625 0.5359375 0.03515625 0.0484375
0 0.38203125 0.3546875 0.0296875 0.04296875
0 0.3640625 0.396875 0.0296875 0.04453125
0 0.8171875 0.3609375 0.02734375 0.03359375
0 0.82734375 0.41796875 0.03125 0.0390625
0 0.8609375 0.6109375 0.046875 0.0703125
0 0.13984375 0.5359375 0.0375 0.05859375
0 0.509375 0.2859375 0.01953125 0.0296875
0 0.7375 0.5125 0.0421875 0.0640625
0 0.55625 0.61875 0.0515625 0.07578125
0 0.8734375 0.34453125 0.0265625 0.0375
0 0.3984375 0.5140625 0.0390625 0.05859375
0 0.71796875 0.2578125 0.01875 0.02578125
0 0.78203125 0.31328125 0.0234375 0.0328125
0 0.4828125 0.22578125 0.01484375 0.025
0 0.8484375 0.52578125 0.040625 0.06015625
0 0.3265625 0.3375 0.02734375 0.0390625
0 0.6484375 0.4265625 0.02734375 0.04296875
0 0.5578125 0.3609375 0.0265625 0.0375
0 0.284375 0.33203125 0.02265625 0.03671875
0 0.36171875 0.4515625 0.03203125 0.05078125
0 0.68671875 0.3546875 0.0234375 0.03515625
0 0.090625 0.31796875 0.0203125 0.03125
0 0.728125 0.38515625 0.028125 0.03359375
0 0.790625 0.4125 0.0265625 0.04296875
0 0.16875 0.346875 0.025 0.0375
0 0.446875 0.35 0.0234375 0.04296875
0 0.6453125 0.48515625 0.0375 0.0453125
0 0.153125 0.4546875 0.03046875 0.04921875
0 0.23125 0.2984375 0.0203125 0.02890625
0 0.28515625 0.45390625 0.03125 0.0484375
0 0.840625 0.4671875 0.03203125 0.0390625
0 0.0125 0.33125 0.025 0.0375
0 0.73125 0.3421875 0.025 0.0328125
0 0.01171875 0.46875 0.0234375 0.05234375
0 0.7453125 0.23828125 0.0171875 0.02890625
0 0.1171875 0.42265625 0.025 0.0453125
0 0.2078125 0.22421875 0.0171875 0.0234375
0 0.6390625 0.3421875 0.02734375 0.03671875
0 0.1109375 0.49375 0.03125 0.0546875
0 0.21953125 0.353125 0.025 0.0375
0 0.340625 0.28046875 0.01875 0.0296875
0 0.4546875 0.5828125 0.04296875 0.04296875
0 0.46953125 0.25625 0.01484375 0.025
0 0.8921875 0.2796875 0.01953125 0.0296875
0 0.49453125 0.3171875 0.02265625 0.0328125
0 0.50390625 0.5921875 0.0453125 0.06796875
0 0.5796875 0.34296875 0.0234375 0.0328125
0 0.6234375 0.26015625 0.0171875 0.02890625
0 0.90703125 0.3671875 0.028125 0.04453125
0 0.1203125 0.23046875 0.0171875 0.02578125
0 0.81953125 0.28671875 0.0234375 0.03125
0 0.0125 0.57421875 0.02421875 0.07578125
0 0.290625 0.2078125 0.01484375 0.01953125
0 0.41796875 0.1859375 0.0140625 0.02109375
0 0.165625 0.96953125 0.07890625 0.05859375
0 0.44375 0.24375 0.01484375 0.0234375
0 0.55859375 0.23828125 0.0171875 0.02578125
0 0.915625 0.55546875 0.0359375 0.0453125
0 0.23671875 0.25625 0.01640625 0.0234375
0 0.45859375 0.2890625 0.0203125 0.02890625
0 0.5171875 0.35546875 0.025 0.0390625
0 0.9140625 0.28046875 0.021875 0.0296875
0 0.3984375 0.975 0.07421875 0.0484375
0 0.40546875 0.2796875 0.01875 0.0234375
0 0.78203125 0.26796875 0.0171875 0.02578125
0 0.3265625 0.23046875 0.015625 0.0234375
0 0.6734375 0.45625 0.0234375 0.03515625
0 0.36484375 0.26953125 0.01875 0.02578125
0 0.796875 0.2890625 0.01953125 0.02578125
0 0.8078125 0.5015625 0.0375 0.0546875
0 0.19453125 0.5640625 0.0296875 0.05234375
0 0.58359375 0.2484375 0.01640625 0.025
0 0.5328125 0.19375 0.0140625 0.01953125
0 0.2453125 0.21875 0.01640625 0.0234375
0 0.38359375 0.25078125 0.0171875 0.025
0 0.1328125 0.64375 0.0296875 0.0640625
0 0.6546875 0.2765625 0.01640625 0.02734375
0 0.70625 0.2375 0.0171875 0.025
0 0.340625 0.20390625 0.01484375 0.021875
0 0.50703125 0.21875 0.015625 0.02109375
0 0.14296875 0.409375 0.03046875 0.0296875
0 0.04609375 0.38046875 0.0265625 0.03671875
0 0.29765625 0.2734375 0.021875 0.02890625
0 0.790625 0.36015625 0.02265625 0.03515625
0 0.61171875 0.31171875 0.0203125 0.0328125
0 0.26484375 0.2609375 0.01875 0.021875
0 0.15078125 0.2234375 0.01640625 0.02734375
0 0.5859375 0.459375 0.040625 0.05234375
0 0.8859375 0.503125 0.040625 0.0609375
0 0.3640625 0.24375 0.01484375 0.0234375
0 0.6421875 0.21875 0.0140625 0.02109375
0 0.44375 0.19296875 0.01484375 0.0234375
0 0.9890625 0.49375 0.01953125 0.04921875
0 0.3953125 0.20390625 0.0140625 0.01953125
0 0.68828125 0.29921875 0.02265625 0.02578125
0 0.61953125 0.23046875 0.01640625 0.0234375
0 0.59296875 0.409375 0.0265625 0.02734375
0 0.45703125 0.16796875 0.0140625 0.01796875
0 0.73515625 0.415625 0.0265625 0.0328125
0 0.6859375 0.27265625 0.01953125 0.0296875
0 0.8359375 0.3171875 0.01953125 0.02734375
0 0.2625 0.2140625 0.01484375 0.021875
0 0.30078125 0.63046875 0.040625 0.05703125
0 0.784375 0.24453125 0.01875 0.0234375
0 0.7046875 0.2765625 0.0171875 0.025
0 0.209375 0.2859375 0.01875 0.021875
0 0.415625 0.25703125 0.01640625 0.021875
0 0.9578125 0.503125 0.03515625 0.05859375
0 0.5265625 0.2671875 0.01953125 0.0296875
0 0.190625 0.52265625 0.028125 0.03515625
0 0.4953125 0.171875 0.01171875 0.01796875
0 0.8875 0.3109375 0.02265625 0.03671875
0 0.259375 0.48671875 0.03046875 0.04921875
0 0.321875 0.20625 0.0140625 0.01953125
0 0.44140625 0.16796875 0.01171875 0.01796875
0 0.6828125 0.2234375 0.0140625 0.01953125
0 0.1375 0.37578125 0.02421875 0.0328125
0 0.46796875 0.31796875 0.02421875 0.03125
0 0.46015625 0.1953125 0.01484375 0.02109375
0 0.59140625 0.2203125 0.01484375 0.02109375
0 0.253125 0.2875 0.01875 0.025
0 0.640625 0.24453125 0.0171875 0.0234375
0 0.43046875 0.15390625 0.0109375 0.015625
0 0.73125 0.30546875 0.0203125 0.0296875
0 0.3671875 0.11875 0.009375 0.0140625
0 0.4828125 0.18203125 0.0140625 0.01796875
0 0.38984375 0.315625 0.0171875 0.0296875
0 0.51953125 0.19375 0.0140625 0.01796875
0 0.871875 0.39375 0.02421875 0.0375
0 0.65859375 0.2421875 0.01484375 0.0234375
0 0.4046875 0.14375 0.01171875 0.0171875
0 0.2484375 0.365625 0.02265625 0.02890625
0 0.54453125 0.1515625 0.0109375 0.0140625
0 0.559375 0.2015625 0.01484375 0.02109375
0 0.52109375 0.24296875 0.01640625 0.025
0 0.5171875 0.11875 0.009375 0.01328125
0 0.5578125 0.2703125 0.01953125 0.025
0 0.378125 0.11875 0.0109375 0.0140625
0 0.471875 0.16640625 0.0140625 0.01796875
0 0.0390625 0.44296875 0.02734375 0.0390625
0 0.30078125 0.2296875 0.015625 0.025
0 0.378125 0.16875 0.0140625 0.01953125
0 0.06484375 0.42265625 0.0265625 0.02734375
0 0.8734375 0.2703125 0.015625 0.025
0 0.55546875 0.178125 0.0140625 0.01796875
0 0.38984375 0.4671875 0.0296875 0.03515625
0 0.5015625 0.19296875 0.0140625 0.01796875
0 0.49296875 0.14140625 0.00859375 0.0140625
0 0.4296875 0.13125 0.009375 0.01328125
0 0.53203125 0.1515625 0.009375 0.0140625
0 0.48203125 0.11953125 0.0109375 0.01328125
0 0.41328125 0.35 0.021875 0.0390625
0 0.63125 0.20546875 0.0125 0.01796875
0 0.51484375 0.16796875 0.0109375 0.01796875
0 0.503125 0.13125 0.00859375 0.01328125
0 0.13359375 0.31875 0.0203125 0.025
0 0.22109375 0.43046875 0.02421875 0.0328125
0 0.60546875 0.2046875 0.0140625 0.01953125
0 0.3328125 0.1484375 0.01171875 0.01796875
0 0.6078125 0.1546875 0.009375 0.0171875
0 0.4546875 0.146875 0.0109375 0.015625
0 0.1765625 0.4859375 0.02734375 0.0390625
0 0.34296875 0.17890625 0.0140625 0.01953125
0 0.55546875 0.1421875 0.00859375 0.01328125
0 0.4671875 0.146875 0.0109375 0.015625
0 0.4421875 0.11875 0.00859375 0.01328125
0 0.30546875 0.31875 0.0171875 0.02578125
0 0.35859375 0.1421875 0.0109375 0.0171875
0 0.48984375 0.49375 0.03046875 0.040625
0 0.1953125 0.321875 0.021875 0.025
0 0.37890625 0.1453125 0.01171875 0.0171875
0 0.53046875 0.21640625 0.01484375 0.02109375
0 0.54375 0.30625 0.0171875 0.0234375
0 0.5796875 0.14296875 0.009375 0.01328125
0 0.52890625 0.16796875 0.0109375 0.01796875
0 0.59453125 0.178125 0.01171875 0.015625
0 0.478125 0.28828125 0.01953125 0.025
0 0.665625 0.20546875 0.0125 0.01796875
0 0.571875 0.18125 0.0125 0.01796875
0 0.6453125 0.14296875 0.009375 0.01328125
0 0.61796875 0.20703125 0.0140625 0.01796875
0 0.41328125 0.11171875 0.009375 0.01328125
0 0.5578125 0.15703125 0.0109375 0.0171875
0 0.28203125 0.253125 0.01640625 0.021875
0 0.05546875 0.3390625 0.02421875 0.0328125
0 0.53125 0.1296875 0.0078125 0.01171875
0 0.41640625 0.1296875 0.0109375 0.0171875
0 0.53984375 0.24453125 0.01953125 0.02578125
0 0.5671875 0.14296875 0.00859375 0.01328125
0 0.65546875 0.53515625 0.0421875 0.0546875
0 0.490625 0.2046875 0.0125 0.01953125
0 0.4046875 0.1671875 0.0125 0.01953125
0 0.7265625 0.98671875 0.071875 0.0234375
0 0.56328125 0.30078125 0.021875 0.03359375
0 0.659375 0.31875 0.0203125 0.03125
0 0.315625 0.8734375 0.0421875 0.08046875
0 0.44140625 0.14453125 0.009375 0.015625
0 0.43125 0.1765625 0.0125 0.0171875
0 0.090625 0.4078125 0.0265625 0.03671875
0 0.228125 0.23046875 0.01484375 0.0234375
0 0.4796875 0.1421875 0.009375 0.01328125
0 0.503125 0.25703125 0.01875 0.025
0 0.43125 0.2015625 0.0125 0.01953125
0 0.56796875 0.11875 0.00703125 0.01328125
0 0.5171875 0.1421875 0.0078125 0.01328125
0 0.5921875 0.196875 0.0140625 0.01953125
0 0.5796875 0.165625 0.01171875 0.0171875
0 0.43828125 0.30390625 0.01953125 0.025
0 0.54296875 0.17265625 0.01171875 0.01953125
0 0.45625 0.13046875 0.0109375 0.01328125
0 0.50546875 0.1546875 0.0109375 0.0140625
0 0.43203125 0.11796875 0.00859375 0.01171875
0 0.55546875 0.11796875 0.00703125 0.01171875
0 0.46953125 0.13125 0.00859375 0.01171875
0 0.5453125 0.11640625 0.009375 0.01171875
0 0.64375 0.196875 0.01171875 0.0171875
0 0.4125 0.31328125 0.01875 0.0328125
0 0.46171875 0.1125 0.00859375 0.01171875
0 0.565625 0.13125 0.00859375 0.01171875
0 0.665625 0.22265625 0.0140625 0.01796875
0 0.8015625 0.26640625 0.0171875 0.021875
0 0.54296875 0.13125 0.0078125 0.01171875
0 0.3515625 0.2265625 0.015625 0.01796875
0 0.4046875 0.1296875 0.00859375 0.0140625
0 0.41875 0.14453125 0.009375 0.015625
0 0.5515625 0.3296875 0.0234375 0.025
0 0.4953125 0.11875 0.0078125 0.01328125
0 0.6625 0.18515625 0.0109375 0.015625
0 0.59453125 0.2921875 0.0203125 0.0296875
0 0.1109375 0.384375 0.0234375 0.025
0 0.2765625 0.28046875 0.01875 0.025
0 0.6203125 0.13125 0.0109375 0.0140625
0 0.58125 0.11875 0.00703125 0.01171875
0 0.628125 0.15390625 0.0109375 0.015625
0 0.2703125 0.16328125 0.01484375 0.01953125
0 0.28828125 0.13671875 0.0140625 0.01796875
0 0.259375 0.3265625 0.01875 0.02578125
0 0.99296875 0.6046875 0.01171875 0.0640625
0 0.5921875 0.1546875 0.009375 0.01328125