0 0.17890625 0.78828125 0.03515625 0.0671875
0 0.5953125 0.115625 0.01484375 0.0234375
0 0.01953125 0.4890625 0.02734375 0.04140625
0 0.1140625 0.746875 0.0328125 0.06328125
0 0.97578125 0.71015625 0.040625 0.06875
0 0.49296875 0.95703125 0.04609375 0.08359375
0 0.11484375 0.3 0.01875 0.03046875
0 0.3078125 0.8890625 0.040625 0.075
0 0.553125 0.821875 0.04296875 0.078125
0 0.74140625 0.8828125 0.04609375 0.07890625
0 0.253125 0.68203125 0.03203125 0.06015625
0 0.6828125 0.74921875 0.0390625 0.0671875
0 0.66171875 0.68359375 0.0359375 0.05703125
0 0.5125 0.57890625 0.02734375 0.0484375
0 0.1359375 0.56171875 0.02734375 0.0484375
0 0.34765625 0.68203125 0.0328125 0.05703125
0 0.465625 0.10546875 0.0140625 0.0203125
0 0.59140625 0.215625 0.01640625 0.0296875
0 0.08671875 0.8125 0.03828125 0.06015625
0 0.59296875 0.3671875 0.0203125 0.03828125
0 0.63671875 0.9484375 0.0484375 0.08828125
0 0.58359375 0.71328125 0.03984375 0.06171875
0 0.6546875 0.57890625 0.0328125 0.0546875
0 0.4796875 0.20859375 0.01484375 0.0265625
0 0.91875 0.1921875 0.01875 0.0265625
0 0.0890625 0.43828125 0.0234375 0.04296875
0 0.2625 0.534375 0.0265625 0.05
0 0.07734375 0.89453125 0.04375 0.0734375
0 0.28515625 0.66328125 0.03515625 0.06328125
0 0.7609375 0.7984375 0.040625 0.0703125
0 0.84453125 0.10234375 0.015625 0.025
0 0.73828125 0.43671875 0.0234375 0.0453125
0 0.446875 0.82890625 0.040625 0.075
0 0.6828125 0.4640625 0.02734375 0.04375
0 0.37734375 0.9265625 0.04765625 0.08203125
0 0.10625 0.128125 0.01484375 0.025
0 0.1453125 0.65234375 0.0328125 0.05703125
0 0.65546875 0.25 0.01875 0.0296875
0 0.53203125 0.65546875 0.034375 0.05703125
0 0.0125 0.34453125 0.0203125 0.03359375
0 0.4765625 0.40546875 0.02734375 0.04375
0 0.1484375 0.3859375 0.021875 0.03203125
0 0.9578125 0.64765625 0.03515625 0.053125
0 0.875 0.571875 0.03125 0.0546875
0 0.94140625 0.509375 0.0296875 0.05
0 0.20859375 0.75 0.034375 0.06328125
0 0.19453125 0.43828125 0.02265625 0.03671875
0 0.21953125 0.62734375 0.03046875 0.05546875
0 0.73359375 0.1296875 0.01484375 0.021875
0 0.63203125 0.4140625 0.025 0.04140625
0 0.6796875 0.3890625 0.025 0.04140625
0 0.61015625 0.50078125 0.03046875 0.046875
0 0.23515625 0.39140625 0.0203125 0.03359375
0 0.38125 0.78984375 0.0421875 0.0703125
0 0.62890625 0.30390625 0.01953125 0.03203125
0 0.33671875 0.53203125 0.03125 0.0546875
0 0.715625 0.34453125 0.0203125 0.03671875
0 0.25859375 0.1984375 0.0171875 0.0265625
0 0.88125 0.15234375 0.01640625 0.0234375
0 0.04765625 0.58828125 0.03046875 0.0515625
0 0.5328125 0.3265625 0.0203125 0.03671875
0 0.2328125 0.84609375 0.040625 0.0703125
0 0.05625 0.34453125 0.01875 0.03359375
0 0.1828125 0.6796875 0.03203125 0.05546875
0 0.01171875 0.5390625 0.0234375 0.05
0 0.7703125 0.68203125 0.0375 0.06328125
0 0.8078125 0.2484375 0.021875 0.03203125
0 0.91875 0.1640625 0.01875 0.028125
0 0.3953125 0.16796875 0.015625 0.025
0 0.13125 0.40703125 0.02265625 0.03828125
0 0.3421875 0.1734375 0.015625 0.0234375
0 0.46171875 0.5078125 0.03203125 0.05
0 0.33125 0.37578125 0.0203125 0.03515625
0 0.7375 0.55859375 0.0359375 0.0515625
0 0.35859375 0.48359375 0.02421875 0.0453125
0 0.86796875 0.5046875 0.03046875 0.0515625
0 0.196875 0.578125 0.028125 0.0515625
0 0.09453125 0.3734375 0.021875 0.03359375
0 0.6203125 0.1859375 0.015625 0.025
0 0.81171875 0.21015625 0.0171875 0.03203125
0 0.64296875 0.1828125 0.01484375 0.028125
0 0.84765625 0.834375 0.0453125 0.0703125
0 0.46796875 0.615625 0.0296875 0.05703125
0 0.13984375 0.8984375 0.0515625 0.08203125
0 0.3109375 0.49296875 0.02421875 0.0453125
0 0.6421875 0.37109375 0.0234375 0.03671875
0 0.54609375 0.18203125 0.01640625 0.0265625
0 0.17109375 0.475 0.0265625 0.0453125
0 0.32890625 0.21484375 0.015625 0.025
0 0.7625 0.27109375 0.01953125 0.03359375
0 0.29609375 0.234375 0.01953125 0.03046875
0 0.2796875 0.359375 0.0203125 0.03515625
0 0.4453125 0.2515625 0.015625 0.028125
0 0.30625 0.4015625 0.0171875 0.03671875
0 0.4265625 0.39609375 0.0234375 0.04140625
0 0.5828125 0.42578125 0.0234375 0.03828125
0 0.67109375 0.33359375 0.0203125 0.03515625
0 0.153125 0.27734375 0.0171875 0.0296875
0 0.1234375 0.340625 0.0203125 0.03203125
0 0.0140625 0.128125 0.01484375 0.021875
0 0.065625 0.08828125 0.01484375 0.0234375
0 0.4984375 0.3078125 0.0203125 0.03359375
0 0.7171875 0.15390625 0.015625 0.0265625
0 0.2078125 0.4828125 0.025 0.04375
0 0.30859375 0.28984375 0.0171875 0.028125
0 0.42265625 0.475 0.0265625 0.0453125
0 0.18046875 0.36328125 0.0203125 0.03359375
0 0.790625 0.52734375 0.0328125 0.05546875
0 0.61640625 0.2484375 0.01640625 0.03203125
0 0.78203125 0.9328125 0.05390625 0.075
0 0.16875 0.21015625 0.01640625 0.0234375
0 0.14609375 0.5203125 0.02421875 0.03984375
0 0.4296875 0.89453125 0.04296875 0.0765625
0 0.859375 0.3578125 0.0234375 0.03671875
0 0.803125 0.42109375 0.0265625 0.04296875
0 0.8828125 0.184375 0.0171875 0.03046875
0 0.4921875 0.36171875 0.0234375 0.03671875
0 0.14609375 0.01796875 0.0125 0.01875
0 0.259375 0.15234375 0.01484375 0.0234375
0 0.4359375 0.58828125 0.03125 0.0515625
0 0.0484375 0.478125 0.02734375 0.0453125
0 0.1828125 0.40546875 0.021875 0.03515625
0 0.5921875 0.16328125 0.01640625 0.0265625
0 0.7640625 0.09296875 0.015625 0.021875
0 0.140625 0.10234375 0.0140625 0.021875
0 0.35859375 0.31484375 0.01953125 0.03359375
0 0.31328125 0.8078125 0.0390625 0.06171875
0 0.28828125 0.40390625 0.01953125 0.03515625
0 0.40859375 0.5234375 0.0265625 0.0484375
0 0.5890625 0.27578125 0.01953125 0.03203125
0 0.24296875 0.33203125 0.0203125 0.03203125
0 0.2625 0.45703125 0.02421875 0.03984375
0 0.8171875 0.35234375 0.02265625 0.03828125
0 0.3703125 0.39296875 0.02265625 0.04296875
0 0.08515625 0.140625 0.01484375 0.021875
0 0.08046875 0.7171875 0.028125 0.0546875
0 0.9 0.2609375 0.01875 0.03359375
0 0.103125 0.24296875 0.0171875 0.028125
0 0.10078125 0.628125 0.0328125 0.0546875
0 0.9046875 0.42421875 0.028125 0.046875
0 0.24296875 0.26953125 0.0203125 0.03359375
0 0.753125 0.18203125 0.0171875 0.0296875
0 0.32890625 0.03046875 0.0140625 0.01875
0 0.5484375 0.49375 0.0296875 0.0484375
0 0.46171875 0.2453125 0.01640625 0.0296875
0 0.21328125 0.1734375 0.01484375 0.0234375
0 0.81953125 0.10703125 0.015625 0.0234375
0 0.6640625 0.2046875 0.015625 0.028125
0 0.4828125 0.16796875 0.01484375 0.021875
0 0.90546875 0.07421875 0.01484375 0.025
0 0.40546875 0.66328125 0.0296875 0.06015625
0 0.7296875 0.265625 0.0171875 0.03203125
0 0.71015625 0.27421875 0.021875 0.03203125
0 0.96953125 0.521875 0.0296875 0.0515625
0 0.06015625 0.12265625 0.01484375 0.021875
0 0.19921875 0.53203125 0.03125 0.04296875
0 0.56953125 0.253125 0.015625 0.025
0 0.2359375 0.49375 0.025 0.04296875
0 0.678125 0.1859375 0.01875 0.03359375
0 0.5546875 0.215625 0.015625 0.0265625
0 0.6171875 0.14921875 0.015625 0.028125
0 0.49140625 0.1 0.0140625 0.01796875
0 0.23828125 0.1765625 0.015625 0.025
0 0.45078125 0.31640625 0.0203125 0.03359375
0 0.07265625 0.51328125 0.028125 0.0453125
0 0.05546875 0.2796875 0.0171875 0.028125
0 0.41796875 0.12109375 0.0140625 0.021875
0 0.0359375 0.534375 0.02734375 0.046875
0 0.0125 0.640625 0.025 0.053125
0 0.29609375 0.12109375 0.0125 0.01875
0 0.4328125 0.1109375 0.0140625 0.021875
0 0.4046875 0.1453125 0.0140625 0.0203125
0 0.3640625 0.13359375 0.0140625 0.0234375
0 0.0484375 0.74453125 0.0375 0.0671875
0 0.715625 0.09921875 0.0140625 0.01875
0 0.690625 0.3546875 0.02265625 0.03359375
0 0.7453125 0.1453125 0.015625 0.0234375
0 0.54375 0.384375 0.0203125 0.03515625
0 0.58046875 0.1859375 0.01640625 0.025
0 0.565625 0.60546875 0.03046875 0.06015625
0 0.16875 0.24609375 0.01640625 0.028125
0 0.06953125 0.14921875 0.015625 0.025
0 0.48046875 0.78671875 0.0390625 0.08046875
0 0.0171875 0.25859375 0.0171875 0.0265625
0 0.53203125 0.11875 0.0125 0.0203125
0 0.4328125 0.2 0.0171875 0.0265625
0 0.1859375 0.265625 0.0171875 0.03203125
0 0.09453125 0.34296875 0.01953125 0.03046875
0 0.775 0.21015625 0.0171875 0.0296875
0 0.8484375 0.14921875 0.0171875 0.028125
0 0.78984375 0.38046875 0.02421875 0.03828125
0 0.3796875 0.6265625 0.0328125 0.06015625
0 0.75390625 0.12109375 0.0140625 0.021875
0 0.025 0.42265625 0.02421875 0.03828125
0 0.61875 0.10703125 0.0125 0.0234375
0 0.240625 0.21015625 0.01875 0.0265625
0 0.95859375 0.39140625 0.02265625 0.04296875
0 0.78828125 0.48203125 0.0296875 0.0296875
0 0.39765625 0.12109375 0.0140625 0.01875
0 0.35078125 0.2796875 0.01953125 0.03046875
0 0.32734375 0.440625 0.0234375 0.03828125
0 0.98125 0.40546875 0.025 0.04140625
0 0.94296875 0.2546875 0.0203125 0.03671875
0 0.1796875 0.33046875 0.021875 0.03203125
0 0.6421875 0.13515625 0.01484375 0.0265625
0 0.8109375 0.2984375 0.01953125 0.03359375
0 0.940625 0.07890625 0.01484375 0.0265625
0 0.39609375 0.22421875 0.01875 0.028125
0 0.509375 0.10390625 0.0140625 0.0203125
0 0.31953125 0.10859375 0.0140625 0.01796875
0 0.28828125 0.60859375 0.03515625 0.0453125
0 0.57890625 0.31875 0.0171875 0.0296875
0 0.67734375 0.278125 0.01875 0.03359375
0 0.0734375 0.2171875 0.015625 0.0265625
0 0.76796875 0.31484375 0.0265625 0.03984375
0 0.73984375 0.21171875 0.01875 0.0296875
0 0.5203125 0.21328125 0.0171875 0.025
0 0.64296875 0.27109375 0.01875 0.028125
0 0.9 0.53203125 0.0359375 0.0515625
0 0.4640625 0.19453125 0.01640625 0.025
0 0.2921875 0.2046875 0.01484375 0.021875
0 0.33359375 0.26328125 0.01640625 0.028125
0 0.03515625 0.128125 0.015625 0.0265625
0 0.44140625 0.3421875 0.01953125 0.0265625
0 0.21015625 0.10234375 0.01484375 0.021875
0 0.78046875 0.115625 0.01484375 0.0234375
0 0.29375 0.16015625 0.0140625 0.0203125
0 0.37109375 0.246875 0.0171875 0.0296875
0 0.52109375 0.1375 0.01484375 0.021875
0 0.13984375 0.22578125 0.0171875 0.025
0 0.2703125 0.31640625 0.01953125 0.025
0 0.03671875 0.16640625 0.01484375 0.028125
0 0.03671875 0.21640625 0.01484375 0.028125
0 0.12265625 0.2609375 0.01640625 0.03046875
0 0.69375 0.2046875 0.01875 0.028125
0 0.046875 0.4296875 0.0234375 0.03359375
0 0.99296875 0.15234375 0.0125 0.03671875
0 0.853125 0.2671875 0.0203125 0.03203125
0 0.67734375 0.096875 0.0125 0.01796875
0 0.5609375 0.446875 0.025 0.03359375
0 0.0734375 0.2609375 0.0171875 0.025
0 0.85 0.23671875 0.01953125 0.03203125
0 0.54609375 0.2484375 0.0171875 0.0265625
0 0.02109375 0.15625 0.01484375 0.025
0 0.975 0.13203125 0.01953125 0.0296875
0 0.47265625 0.34453125 0.01953125 0.03359375
0 0.73125 0.10703125 0.0140625 0.0203125
0 0.45 0.12109375 0.0140625 0.021875
0 0.97109375 0.35625 0.02421875 0.03359375
0 0.73359375 0.37734375 0.02265625 0.04140625
0 0.70234375 0.13359375 0.01484375 0.0234375
0 0.92734375 0.065625 0.01484375 0.025
0 0.0875 0.2984375 0.0171875 0.03046875
0 0.66328125 0.1578125 0.015625 0.025
0 0.034375 0.38984375 0.02421875 0.03359375
0 0.3609375 0.18046875 0.01484375 0.0234375
0 0.5984375 0.31640625 0.02265625 0.03671875
0 0.06328125 0.2375 0.01640625 0.0265625
0 0.39375 0.41796875 0.02421875 0.03671875
0 0.20234375 0.2796875 0.01875 0.03046875
0 0.3390625 0.23984375 0.0171875 0.025
0 0.38125 0.2921875 0.01875 0.0265625
0 0.33359375 0.12109375 0.0125 0.01875
0 0.78515625 0.09140625 0.0140625 0.0203125
0 0.3234375 0.3109375 0.0171875 0.0296875
0 0.84375 0.20859375 0.0171875 0.0265625
0 0.309375 0.1296875 0.0125 0.01875
0 0.3453125 0.10859375 0.0140625 0.01796875
0 0.24453125 0.1453125 0.01484375 0.0234375
0 0.4984375 0.2 0.01640625 0.0265625
0 0.12734375 0.0390625 0.0125 0.01875
0 0.41875 0.22734375 0.015625 0.0234375
0 0.32109375 0.15078125 0.0140625 0.021875
0 0.4671875 0.28828125 0.0171875 0.025
0 0.6421875 0.52734375 0.0234375 0.04375
0 0.78203125 0.1765625 0.01875 0.025
0 0.234375 0.12109375 0.0140625 0.021875
0 0.8296875 0.13515625 0.01484375 0.0234375
0 0.51484375 0.35625 0.0203125 0.03046875
0 0.2765625 0.02734375 0.0140625 0.01875
0 0.6515625 0.0984375 0.0125 0.01796875
0 0.5484375 0.28125 0.0171875 0.03046875
0 0.6203125 0.4640625 0.0296875 0.03515625
0 0.71171875 0.18203125 0.01640625 0.0265625
0 0.9125 0.13515625 0.01640625 0.0234375
0 0.9859375 0.4765625 0.025 0.0515625
0 0.41328125 0.259375 0.0171875 0.028125
0 0.26640625 0.778125 0.040625 0.053125
0 0.490625 0.253125 0.01875 0.03046875
0 0.51484375 0.27265625 0.01953125 0.03046875
0 0.84296875 0.690625 0.04375 0.06328125
0 0.44375 0.015625 0.01171875 0.01640625
0 0.85625 0.39921875 0.02265625 0.03828125
0 0.5171875 0.01796875 0.0140625 0.01875
0 0.90546875 0.325 0.02421875 0.03046875
0 0.196875 0.24140625 0.01640625 0.021875
0 0.4859375 0.48046875 0.02734375 0.05
0 0.2421875 0.24140625 0.0171875 0.025
0 0.684375 0.15390625 0.01484375 0.0234375
0 0.634375 0.234375 0.015625 0.025