1 0.315625 0.7765625 0.03984375 0.05859375
1 0.86640625 0.765625 0.0421875 0.06328125
1 0.51328125 0.8046875 0.04765625 0.0703125
1 0.853125 0.63203125 0.028125 0.0515625
1 0.28203125 0.6546875 0.03203125 0.05
1 0.68515625 0.7875 0.034375 0.0484375
1 0.92265625 0.69296875 0.0375 0.05546875
1 0.6265625 0.9453125 0.071875 0.1015625
1 0.26640625 0.7203125 0.03125 0.0546875
1 0.69296875 0.6453125 0.02421875 0.04296875
1 0.41796875 0.6703125 0.0375 0.0515625
1 0.36484375 0.6671875 0.028125 0.04296875
1 0.75546875 0.76328125 0.04765625 0.06484375
1 0.5015625 0.60625 0.028125 0.04140625
1 0.81484375 0.7078125 0.03203125 0.053125
1 0.31640625 0.871875 0.140625 0.2484375
1 0.596875 0.79921875 0.0359375 0.05703125
1 0.54140625 0.66484375 0.034375 0.0484375
1 0.16953125 0.68203125 0.03203125 0.0453125
1 0.1578125 0.75 0.0375 0.0546875
1 0.41171875 0.79296875 0.03984375 0.0765625
1 0.609375 0.59140625 0.025 0.03984375
1 0.08515625 0.86484375 0.034375 0.05
1 0.1234375 0.7015625 0.03125 0.04375
1 0.2125 0.69609375 0.03515625 0.046875
1 0.3328125 0.67421875 0.025 0.04140625
1 0.16328125 0.85234375 0.09765625 0.2625
1 0.4703125 0.74921875 0.025 0.04140625
1 0.69609375 0.70703125 0.078125 0.165625
1 0.87109375 0.57578125 0.02734375 0.03828125
1 0.77890625 0.5984375 0.0265625 0.03984375
1 0.465625 0.6328125 0.0296875 0.03828125
1 0.74921875 0.96640625 0.053125 0.05859375
1 0.1734375 0.9421875 0.03984375 0.06875
1 0.0171875 0.44296875 0.034375 0.1078125
1 0.07734375 0.96953125 0.0453125 0.05546875
1 0.65546875 0.590625 0.0265625 0.03828125
1 0.0734375 0.79921875 0.034375 0.0546875
1 0.978125 0.9328125 0.03984375 0.071875
1 0.54375 0.88125 0.11875 0.22890625
1 0.153125 0.615625 0.02421875 0.03828125
1 0.1015625 0.59296875 0.0234375 0.03515625
1 0.8234375 0.6328125 0.0296875 0.053125
1 0.9859375 0.65 0.025 0.0453125
1 0.7609375 0.85859375 0.0875 0.25703125
1 0.75078125 0.603125 0.0296875 0.0453125
1 0.54609375 0.72421875 0.065625 0.1671875
1 0.928125 0.62734375 0.03515625 0.04375
1 0.4671875 0.58671875 0.0234375 0.03359375
1 0.6953125 0.54921875 0.01953125 0.03203125
1 0.496875 0.42578125 0.028125 0.14375
1 0.8671875 0.85 0.0796875 0.23203125
1 0.6375 0.5453125 0.01953125 0.03046875
1 0.7328125 0.5484375 0.021875 0.028125
1 0.715625 0.628125 0.028125 0.03984375
1 0.61015625 0.66953125 0.05859375 0.19375
1 0.02265625 0.84765625 0.0359375 0.06484375
1 0.8546875 0.675 0.06875 0.13984375
1 0.5578125 0.6 0.0328125 0.0453125
1 0.62734375 0.759375 0.03203125 0.04375
1 0.7921875 0.55078125 0.025 0.03828125
1 0.81953125 0.5890625 0.02421875 0.03828125
1 0.15703125 0.553125 0.0234375 0.03359375
1 0.56953125 0.6328125 0.03046875 0.04375
1 0.7234375 0.58515625 0.028125 0.04296875
1 0.86171875 0.98359375 0.0671875 0.0296875
1 0.53046875 0.58359375 0.0203125 0.03359375
1 0.496875 0.3640625 0.01484375 0.0203125
1 0.6671875 0.56484375 0.0265625 0.03671875
1 0.19296875 0.953125 0.090625 0.09140625
1 0.9859375 0.5671875 0.0234375 0.03984375
1 0.8171875 0.46953125 0.01640625 0.025
1 0.26484375 0.7875 0.08125 0.1890625
1 0.07734375 0.9171875 0.07421875 0.15390625
1 0.503125 0.6765625 0.059375 0.18203125
1 0.7765625 0.6625 0.06875 0.16484375
1 0.925 0.8 0.08203125 0.2703125
1 0.2859375 0.47734375 0.01640625 0.0234375
1 0.8484375 0.565625 0.02265625 0.03203125
1 0.565625 0.56640625 0.01953125 0.03046875
1 0.13203125 0.609375 0.025 0.03515625
1 0.71015625 0.5296875 0.0203125 0.028125
1 0.90703125 0.65859375 0.03046875 0.0515625
1 0.79609375 0.45703125 0.0171875 0.025
1 0.26875 0.49375 0.0140625 0.021875
1 0.4125 0.76953125 0.03046875 0.03515625
1 0.328125 0.459375 0.015625 0.0234375
1 0.63984375 0.74921875 0.0375 0.05546875
1 0.3234375 0.6875 0.04375 0.0671875
1 0.68671875 0.87734375 0.07109375 0.23046875
1 0.18125 0.5375 0.0203125 0.0296875
1 0.3921875 0.753125 0.0359375 0.05859375
1 0.9609375 0.49296875 0.021875 0.03046875
1 0.66875 0.65546875 0.02265625 0.03359375
1 0.278125 0.6890625 0.053125 0.1171875
1 0.9 0.4671875 0.01953125 0.0296875
1 0.428125 0.70859375 0.065625 0.128125
1 0.81953125 0.5578125 0.0234375 0.03203125
1 0.1265625 0.54375 0.01953125 0.028125
1 0.46484375 0.68515625 0.0453125 0.1421875
1 0.965625 0.94609375 0.065625 0.0984375
1 0.1234375 0.57109375 0.025 0.03515625
1 0.86328125 0.4765625 0.0171875 0.028125
1 0.840625 0.4734375 0.015625 0.025
1 0.1390625 0.68671875 0.0265625 0.03671875
1 0.78359375 0.60078125 0.0421875 0.06171875
1 0.19609375 0.53359375 0.01640625 0.028125
1 0.59375 0.58203125 0.01953125 0.03671875
1 0.21796875 0.52421875 0.02265625 0.03203125
1 0.41015625 0.8390625 0.07421875 0.28359375
1 0.11796875 0.75390625 0.04765625 0.1484375
1 0.10078125 0.525 0.0203125 0.028125
1 0.49921875 0.6515625 0.9953125 0.67421875
1 0.1125 0.49765625 0.0171875 0.0203125
1 0.20546875 0.8171875 0.06171875 0.28671875
1 0.93984375 0.4625 0.01875 0.0296875
1 0.36015625 0.753125 0.0703125 0.2140625
1 0.69296875 0.5796875 0.03828125 0.09375
1 0.025 0.903125 0.05 0.17890625
1 0.6890625 0.44453125 0.0140625 0.01875
1 0.6 0.5546875 0.02421875 0.03203125
1 0.871875 0.6203125 0.06875 0.128125
1 0.103125 0.64140625 0.0359375 0.12890625
1 0.928125 0.5671875 0.025 0.0296875
1 0.81640625 0.75546875 0.07421875 0.1484375
1 0.51015625 0.59296875 0.02421875 0.03828125
1 0.65625 0.63203125 0.046875 0.121875
1 0.60078125 0.86328125 0.08515625 0.18515625
1 0.3265625 0.4875 0.01875 0.03203125
1 0.0765625 0.584375 0.0203125 0.03515625
1 0.4328125 0.61484375 0.01953125 0.03359375
1 0.34296875 0.9671875 0.0328125 0.05703125
1 0.98828125 0.6171875 0.01953125 0.03046875
1 0.815625 0.83125 0.075 0.29921875
1 0.33125 0.51484375 0.03203125 0.13046875
1 0.921875 0.58984375 0.0296875 0.03359375
1 0.621875 0.57734375 0.02265625 0.03515625