0 0.51875 0.20546875 0.02421875 0.03671875
0 0.39921875 0.525 0.04609375 0.06640625
0 0.38203125 0.64921875 0.0484375 0.06875
0 0.73125 0.1203125 0.0140625 0.01953125
0 0.24296875 0.56015625 0.05390625 0.07265625
0 0.12578125 0.44765625 0.04296875 0.06484375
0 0.56328125 0.7859375 0.0640625 0.0765625
0 0.8109375 0.3203125 0.0296875 0.046875
0 0.43828125 0.07265625 0.01484375 0.0234375
0 0.3046875 0.07265625 0.015625 0.02578125
0 0.77578125 0.29140625 0.02265625 0.0390625
0 0.878125 0.15 0.01484375 0.021875
0 0.45 0.25546875 0.025 0.03671875
0 0.69375 0.2640625 0.02421875 0.0328125
0 0.0890625 0.0671875 0.01640625 0.025
0 0.903125 0.16875 0.01484375 0.025
0 0.25625 0.1828125 0.02265625 0.0328125
0 0.984375 0.11875 0.015625 0.01953125
0 0.853125 0.14921875 0.01484375 0.025
0 0.665625 0.08046875 0.01171875 0.01796875
0 0.52734375 0.06875 0.0140625 0.02109375
0 0.62421875 0.175 0.0171875 0.02734375
0 0.22734375 0.24453125 0.025 0.03671875
0 0.80234375 0.146875 0.01484375 0.02109375
0 0.828125 0.15078125 0.0140625 0.02109375
0 0.7484375 0.1046875 0.0140625 0.021875
0 0.70546875 0.41875 0.034375 0.05078125
0 0.44453125 0.4734375 0.040625 0.0609375
0 0.9265625 0.13046875 0.0140625 0.02109375
0 0.30546875 0.2171875 0.02265625 0.03515625
0 0.12578125 0.06875 0.01484375 0.025
0 0.0125 0.37265625 0.02421875 0.05703125
0 0.228125 0.12265625 0.021875 0.03359375
0 0.03828125 0.36796875 0.028125 0.05078125
0 0.55234375 0.22265625 0.0265625 0.03359375
0 0.253125 0.1421875 0.01875 0.02578125
0 0.825 0.3734375 0.028125 0.04140625
0 0.7796875 0.09921875 0.0125 0.01796875
0 0.32734375 0.0546875 0.0140625 0.0234375
0 0.29375 0.03046875 0.0125 0.01953125
0 0.85859375 0.07421875 0.0125 0.01796875
0 0.03515625 0.06328125 0.015625 0.025
0 0.0984375 0.09921875 0.01640625 0.02578125
0 0.79375 0.05078125 0.01171875 0.01796875
0 0.540625 0.00625 0.01171875 0.01171875
0 0.634375 0.04140625 0.01171875 0.01796875
0 0.8953125 0.1109375 0.0140625 0.01796875
0 0.3921875 0.08203125 0.0140625 0.0234375
0 0.67109375 0.11796875 0.01484375 0.025
0 0.58359375 0.10546875 0.0125 0.01796875
0 0.425 0.0546875 0.0140625 0.0234375
0 0.9796875 0.1796875 0.01484375 0.0234375
0 0.4828125 0.19375 0.0203125 0.0375
0 0.696875 0.09453125 0.01484375 0.021875
0 0.91171875 0.1390625 0.01484375 0.02109375
0 0.1640625 0.0875 0.015625 0.021875
0 0.77265625 0.13125 0.01484375 0.0234375
0 0.6421875 0.071875 0.01171875 0.0171875
0 0.92578125 0.0921875 0.0140625 0.01796875
0 0.01015625 0.08203125 0.01484375 0.0234375
0 0.54609375 0.07890625 0.0125 0.01953125
0 0.79609375 0.1046875 0.01171875 0.0171875
0 0.0796875 0.021875 0.0140625 0.02109375
0 0.8296875 0.02890625 0.0109375 0.015625
0 0.71953125 0.07578125 0.01171875 0.01796875
0 0.5953125 0.06640625 0.0109375 0.01796875
0 0.6421875 0.11015625 0.0140625 0.01953125
0 0.753125 0.025 0.0109375 0.0171875
0 0.87265625 0.19375 0.01640625 0.025
0 0.58359375 0.06640625 0.0125 0.01796875
0 0.13984375 0.01796875 0.01171875 0.0234375
0 0.8078125 0.0328125 0.0109375 0.015625
0 0.96953125 0.29375 0.01640625 0.025
0 0.16328125 0.00625 0.0140625 0.01171875
0 0.84453125 0.04375 0.009375 0.0171875
0 0.65859375 0.1578125 0.01484375 0.0234375
0 0.50234375 0.00625 0.0125 0.01171875
0 0.57109375 0.040625 0.0109375 0.0171875
0 0.7671875 0.021875 0.009375 0.015625
0 0.55234375 0.05625 0.0109375 0.01796875
0 0.84296875 0.0703125 0.0125 0.01796875
0 0.99296875 0.03828125 0.0109375 0.0171875
0 0.05703125 0.071875 0.01640625 0.025
0 0.38125 0.0296875 0.0109375 0.01796875
0 0.5546875 0.00625 0.01171875 0.01171875
0 0.61796875 0.05078125 0.0109375 0.01796875
0 0.7625 0.06640625 0.01171875 0.01796875
0 0.64375 0.0921875 0.01171875 0.0171875
0 0.99453125 0.08046875 0.00859375 0.01796875
0 0.87890625 0.11796875 0.0140625 0.01953125
0 0.6046875 0.05 0.009375 0.0171875
0 0.6515625 0.21171875 0.021875 0.0328125
0 0.12890625 0.09375 0.0140625 0.02109375
0 0.51484375 0.04765625 0.01171875 0.0171875
0 0.7453125 0.3671875 0.0234375 0.03671875
0 0.734375 0.0203125 0.01171875 0.0171875
0 0.9671875 0.04375 0.009375 0.0140625
0 0.3046875 0.165625 0.01953125 0.02734375
0 0.58359375 0.040625 0.0109375 0.0171875
0 0.70390625 0.1671875 0.015625 0.021875
0 0.1109375 0.25390625 0.01953125 0.0390625
0 0.4953125 0.046875 0.0109375 0.01796875
0 0.61640625 0.11796875 0.01484375 0.025
0 0.69609375 0.071875 0.01171875 0.0171875
0 0.15703125 0.05390625 0.0140625 0.01953125
0 0.484375 0.05390625 0.01171875 0.0171875
0 0.81953125 0.01796875 0.009375 0.01328125
0 0.56640625 0.05625 0.01171875 0.01796875
0 0.88359375 0.09921875 0.01171875 0.01796875
0 0.190625 0.1296875 0.01875 0.02734375
0 0.50625 0.06640625 0.0109375 0.01796875
0 0.65859375 0.13125 0.0125 0.0234375
0 0.85625 0.05546875 0.01171875 0.0171875
0 0.0921875 0.00625 0.0140625 0.01171875
0 0.8671875 0.13046875 0.01171875 0.01796875
0 0.18046875 0.03125 0.0125 0.01796875
0 0.61484375 0.06875 0.0125 0.01953125
0 0.54921875 0.18125 0.0203125 0.03125
0 0.82734375 0.04765625 0.0109375 0.0171875
0 0.784375 0.32578125 0.02421875 0.03671875
0 0.61875 0.0203125 0.0109375 0.0140625
0 0.5296875 0.0484375 0.0109375 0.0171875
0 0.87265625 0.04296875 0.0109375 0.01796875
0 0.99453125 0.1703125 0.00859375 0.025
0 0.25703125 0.0765625 0.0140625 0.01796875
0 0.1171875 0.00703125 0.0140625 0.0140625
0 0.84296875 0.00625 0.0109375 0.01171875
0 0.17265625 0.05390625 0.015625 0.021875
0 0.95546875 0.1703125 0.01484375 0.025
0 0.9828125 0.05625 0.009375 0.01796875
0 0.96953125 0.00625 0.01171875 0.01171875
0 0.478125 0.53203125 0.0375 0.04296875
0 0.99453125 0.0203125 0.00859375 0.0171875
0 0.4578125 0.05546875 0.009375 0.01953125