0 0.8015625 0.646875 0.034375 0.04921875
0 0.76640625 0.7734375 0.046875 0.07578125
0 0.44375 0.85 0.0515625 0.07265625
0 0.9015625 0.79921875 0.046875 0.06796875
0 0.30546875 0.7359375 0.03828125 0.06015625
0 0.034375 0.94375 0.0578125 0.08828125
0 0.634375 0.84375 0.05 0.08046875
0 0.43515625 0.725 0.034375 0.05703125
0 0.1546875 0.565625 0.0234375 0.0328125
0 0.221875 0.6375 0.028125 0.04296875
0 0.0609375 0.81171875 0.04765625 0.07421875
0 0.596875 0.74296875 0.03828125 0.0640625
0 0.45390625 0.94453125 0.0515625 0.0953125
0 0.715625 0.90703125 0.0546875 0.0921875
0 0.828125 0.94921875 0.0625 0.08828125
0 0.13828125 0.66328125 0.0359375 0.05078125
0 0.96953125 0.6625 0.040625 0.0609375
0 0.2765625 0.64765625 0.0296875 0.0484375
0 0.5125 0.784375 0.04609375 0.07421875
0 0.98125 0.5265625 0.0203125 0.0328125
0 0.1296875 0.88828125 0.040625 0.05234375
0 0.4734375 0.6171875 0.0234375 0.03671875
0 0.2 0.69765625 0.0328125 0.05234375
0 0.11171875 0.96953125 0.06328125 0.05859375
0 0.415625 0.7921875 0.040625 0.0640625
0 0.41171875 0.62890625 0.0265625 0.04140625
0 0.6515625 0.5140625 0.01953125 0.0296875
0 0.87578125 0.88828125 0.05625 0.08828125
0 0.628125 0.64296875 0.03046875 0.04921875
0 0.5375 0.86015625 0.05390625 0.07421875
0 0.08203125 0.7 0.0296875 0.0484375
0 0.70546875 0.7015625 0.028125 0.04140625
0 0.575 0.6375 0.03125 0.0328125
0 0.884375 0.7140625 0.0390625 0.0640625
0 0.35234375 0.7796875 0.0453125 0.06484375
0 0.84296875 0.49296875 0.01484375 0.01953125
0 0.1953125 0.6015625 0.0234375 0.02890625
0 0.23984375 0.7203125 0.03984375 0.0546875
0 0.70546875 0.45546875 0.01484375 0.01796875
0 0.5953125 0.5875 0.0234375 0.0390625
0 0.31796875 0.6328125 0.03046875 0.046875
0 0.45625 0.49453125 0.01484375 0.0234375
0 0.36796875 0.72421875 0.0359375 0.04921875
0 0.8734375 0.53671875 0.0203125 0.03125
0 0.39140625 0.6734375 0.0296875 0.04453125
0 0.84765625 0.81796875 0.04296875 0.05703125
0 0.578125 0.6828125 0.0390625 0.05078125
0 0.7421875 0.48046875 0.015625 0.0234375
0 0.9265625 0.55625 0.0234375 0.0375
0 0.96953125 0.58203125 0.0265625 0.03359375
0 0.93828125 0.525 0.01953125 0.0296875
0 0.73515625 0.70625 0.03203125 0.05625
0 0.11171875 0.634375 0.02265625 0.03515625
0 0.87578125 0.4921875 0.0171875 0.02578125
0 0.89140625 0.6046875 0.03046875 0.0484375
0 0.92734375 0.6328125 0.0265625 0.04453125
0 0.03359375 0.565625 0.02421875 0.0328125
0 0.67734375 0.471875 0.0125 0.01953125
0 0.3734375 0.6109375 0.025 0.0375
0 0.70859375 0.61328125 0.0265625 0.0390625
0 0.34296875 0.859375 0.0453125 0.0546875
0 0.6515625 0.7171875 0.0390625 0.05703125
0 0.490625 0.728125 0.0359375 0.05078125
0 0.821875 0.51328125 0.01953125 0.03125
0 0.7078125 0.76875 0.0453125 0.05859375
0 0.55234375 0.61171875 0.02421875 0.03671875
0 0.25703125 0.59921875 0.0234375 0.0390625
0 0.94453125 0.775 0.040625 0.06640625
0 0.478125 0.56328125 0.01953125 0.0328125
0 0.896875 0.55625 0.0203125 0.0328125
0 0.1328125 0.609375 0.02734375 0.03671875
0 0.62265625 0.5671875 0.02265625 0.0328125
0 0.51953125 0.53046875 0.015625 0.01953125
0 0.23359375 0.79765625 0.0421875 0.06875
0 0.315625 0.48828125 0.0140625 0.02109375
0 0.4015625 0.5796875 0.02421875 0.03671875
0 0.9296875 0.49296875 0.0171875 0.0296875
0 0.16875 0.9546875 0.0484375 0.0859375
0 0.046875 0.7046875 0.03125 0.0484375
0 0.92890625 0.69921875 0.03515625 0.0625
0 0.65078125 0.56015625 0.02265625 0.03359375
0 0.08515625 0.63046875 0.02734375 0.03671875
0 0.4390625 0.5484375 0.0203125 0.0296875
0 0.3296875 0.5015625 0.0140625 0.02109375
0 0.0203125 0.5984375 0.02734375 0.040625
0 0.76796875 0.5109375 0.01640625 0.02734375
0 0.30703125 0.584375 0.02265625 0.03359375
0 0.4953125 0.64453125 0.02734375 0.0390625
0 0.846875 0.64453125 0.028125 0.04453125
0 0.0609375 0.57265625 0.0234375 0.03671875
0 0.14453125 0.8234375 0.03515625 0.05859375
0 0.859375 0.57421875 0.0234375 0.0390625
0 0.97265625 0.61796875 0.0328125 0.0328125
0 0.28203125 0.52578125 0.01484375 0.02109375
0 0.73203125 0.503125 0.01484375 0.021875
0 0.54609375 0.58046875 0.0203125 0.02578125
0 0.690625 0.5484375 0.02265625 0.03515625
0 0.0140625 0.54296875 0.0203125 0.02578125
0 0.5828125 0.53203125 0.0171875 0.025
0 0.6984375 0.503125 0.0171875 0.0296875
0 0.9828125 0.49453125 0.01484375 0.0234375
0 0.66015625 0.6 0.025 0.0328125
0 0.6234375 0.5234375 0.01640625 0.02578125
0 0.90703125 0.4953125 0.01640625 0.01953125
0 0.49140625 0.51953125 0.01484375 0.0234375
0 0.134375 0.47890625 0.0125 0.02109375
0 0.1453125 0.4390625 0.01171875 0.01796875
0 0.5171875 0.62890625 0.0234375 0.03671875
0 0.353125 0.46640625 0.01171875 0.01796875
0 0.3421875 0.57890625 0.0203125 0.03515625
0 0.28203125 0.45625 0.0109375 0.0171875
0 0.43046875 0.47890625 0.0125 0.01796875
0 0.646875 0.48515625 0.01484375 0.021875
0 0.27421875 0.84921875 0.04765625 0.07578125
0 0.48125 0.5 0.0140625 0.01796875
0 0.5921875 0.4921875 0.015625 0.0234375
0 0.540625 0.54375 0.01875 0.025
0 0.2765625 0.56875 0.01953125 0.03125
0 0.46171875 0.6625 0.03046875 0.0484375
0 0.853125 0.53046875 0.01875 0.0296875
0 0.059375 0.490625 0.0125 0.01796875
0 0.81640625 0.47890625 0.015625 0.02109375
0 0.51640625 0.490625 0.015625 0.02109375
0 0.38125 0.49375 0.0125 0.01796875
0 0.2796875 0.43125 0.009375 0.01328125
0 0.615625 0.48671875 0.0125 0.01796875
0 0.2671875 0.490625 0.0140625 0.02109375
0 0.80625 0.7671875 0.03203125 0.0609375
0 0.58046875 0.4234375 0.0109375 0.0171875
0 0.7265625 0.4671875 0.015625 0.021875
0 0.55390625 0.475 0.01484375 0.02109375
0 0.0421875 0.503125 0.015625 0.021875
0 0.365625 0.4796875 0.01171875 0.0171875
0 0.95703125 0.50390625 0.015625 0.0234375
0 0.540625 0.49765625 0.015625 0.0234375
0 0.43203125 0.521875 0.01484375 0.02109375
0 0.29375 0.46796875 0.01171875 0.01953125
0 0.465625 0.45625 0.0125 0.0140625
0 0.2890625 0.94921875 0.053125 0.08046875
0 0.3546875 0.440625 0.0109375 0.0140625
0 0.3046875 0.5140625 0.015625 0.021875
0 0.04375 0.484375 0.0109375 0.015625
0 0.31953125 0.41796875 0.0078125 0.01328125
0 0.1046875 0.5875 0.0203125 0.0328125
0 0.36875 0.44375 0.0109375 0.0140625
0 0.21796875 0.415625 0.00703125 0.01171875
0 0.06796875 0.54140625 0.01875 0.0234375
0 0.88984375 0.5078125 0.01640625 0.02109375
0 0.6859375 0.58671875 0.0234375 0.0328125
0 0.75703125 0.46796875 0.0140625 0.01953125
0 0.9453125 0.4859375 0.015625 0.0234375
0 0.403125 0.52578125 0.0171875 0.02578125
0 0.3296875 0.440625 0.0109375 0.0140625
0 0.23125 0.4890625 0.0140625 0.01953125
0 0.11875 0.4171875 0.00703125 0.01171875
0 0.43203125 0.41953125 0.00859375 0.01328125
0 0.44296875 0.41953125 0.0109375 0.01328125
0 0.6421875 0.41875 0.01171875 0.0171875
0 0.31640625 0.44296875 0.009375 0.01328125
0 0.18671875 0.8359375 0.0515625 0.0625
0 0.3875 0.51015625 0.0140625 0.02109375
0 0.60625 0.43046875 0.0125 0.01953125
0 0.35546875 0.4171875 0.0078125 0.01171875
0 0.1 0.55703125 0.02265625 0.02890625
0 0.0046875 0.48046875 0.00859375 0.01796875
0 0.1046875 0.4296875 0.0109375 0.01328125
0 0.1546875 0.41953125 0.00859375 0.01328125
0 0.44375 0.4046875 0.00703125 0.01171875
0 0.2921875 0.4296875 0.009375 0.01328125
0 0.68046875 0.50390625 0.01640625 0.0234375
0 0.471875 0.5328125 0.01484375 0.02109375
0 0.01796875 0.51796875 0.01484375 0.01796875
0 0.3796875 0.55078125 0.01640625 0.02109375
0 0.1296875 0.44375 0.009375 0.01796875
0 0.846875 0.60703125 0.028125 0.03359375
0 0.24453125 0.43046875 0.00859375 0.01171875
0 0.36875 0.41796875 0.00703125 0.01328125
0 0.25078125 0.55078125 0.01875 0.02578125
0 0.2421875 0.44453125 0.009375 0.0140625
0 0.2078125 0.4296875 0.00859375 0.01328125
0 0.40546875 0.40546875 0.00703125 0.01171875
0 0.4015625 0.49375 0.0125 0.01953125
0 0.0296875 0.4828125 0.01171875 0.0171875
0 0.4796875 0.43125 0.009375 0.0140625
0 0.62890625 0.4390625 0.0140625 0.02109375
0 0.40546875 0.4671875 0.0125 0.01796875
0 0.728125 0.65625 0.02421875 0.03671875
0 0.42890625 0.50078125 0.01484375 0.01953125
0 0.33046875 0.53125 0.01484375 0.02109375
0 0.08671875 0.48515625 0.0140625 0.01953125
0 0.36875 0.40546875 0.00703125 0.01171875
0 0.3703125 0.5125 0.01484375 0.01953125
0 0.103125 0.846875 0.0390625 0.053125
0 0.1375 0.4125 0.00859375 0.01171875
0 0.3078125 0.54375 0.01640625 0.025
0 0.16875 0.41953125 0.00859375 0.01328125
0 0.10625 0.52578125 0.0203125 0.02890625
0 0.23125 0.43125 0.00859375 0.01328125
0 0.34453125 0.44375 0.009375 0.01171875
0 0.26640625 0.43203125 0.009375 0.01328125
0 0.37890625 0.4671875 0.01171875 0.0140625
0 0.45546875 0.3921875 0.00703125 0.01171875
0 0.8203125 0.56875 0.021875 0.03125
0 0.44140625 0.44296875 0.01171875 0.01796875
0 0.4046875 0.4265625 0.009375 0.0140625
0 0.915625 0.5140625 0.015625 0.0234375
0 0.29609375 0.49375 0.01484375 0.01796875
0 0.771875 0.6859375 0.0375 0.05859375
0 0.4546875 0.40546875 0.0078125 0.01171875
0 0.78984375 0.50625 0.01484375 0.025
0 0.446875 0.6109375 0.02421875 0.0328125
0 0.38046875 0.43125 0.0109375 0.0140625
0 0.528125 0.596875 0.0203125 0.025
0 0.1796875 0.41953125 0.0078125 0.01328125
0 0.11796875 0.47578125 0.01484375 0.021875
0 0.46796875 0.39296875 0.0078125 0.0078125
0 0.56953125 0.5171875 0.0171875 0.0234375
0 0.60234375 0.5140625 0.0171875 0.02734375
0 0.19375 0.4265625 0.00859375 0.01171875
0 0.2578125 0.4515625 0.009375 0.015625
0 0.56875 0.43125 0.01171875 0.01796875
0 0.25078125 0.4796875 0.0140625 0.01953125
0 0.3296875 0.4171875 0.0078125 0.01171875
0 0.2671875 0.4171875 0.0078125 0.01171875
0 0.42265625 0.68515625 0.0296875 0.03125
0 0.6015625 0.55390625 0.0171875 0.02734375
0 0.23125 0.40546875 0.00703125 0.01171875
0 0.19375 0.7875 0.03828125 0.0375
0 0.99140625 0.55625 0.01484375 0.03125
0 0.4171875 0.43046875 0.0109375 0.0140625
0 0.33203125 0.4546875 0.009375 0.0140625
0 0.2328125 0.4640625 0.009375 0.0171875
0 0.41875 0.54296875 0.01640625 0.0234375
0 0.34296875 0.4171875 0.00703125 0.01171875
0 0.2171875 0.43125 0.009375 0.0140625
0 0.3046875 0.44140625 0.009375 0.01328125
0 0.11796875 0.40546875 0.00703125 0.01171875
0 0.25625 0.4171875 0.00703125 0.01171875
0 0.39296875 0.4796875 0.0109375 0.0140625
0 0.49375 0.39375 0.0078125 0.01171875
0 0.575 0.56640625 0.0203125 0.02890625
0 0.67109375 0.55546875 0.01875 0.0328125
0 0.43046875 0.3921875 0.00703125 0.0078125
0 0.34296875 0.4046875 0.0078125 0.01015625
0 0.34296875 0.39296875 0.0078125 0.0078125
0 0.16171875 0.43828125 0.0109375 0.0140625
0 0.096875 0.44375 0.0125 0.0140625
0 0.39296875 0.38046875 0.00703125 0.0078125
0 0.48125 0.4046875 0.0078125 0.01171875
0 0.3046875 0.40546875 0.0078125 0.01171875
0 0.16875 0.4046875 0.00703125 0.01015625
0 0.290625 0.44375 0.0109375 0.01328125
0 0.11484375 0.4546875 0.0125 0.01796875
0 0.46796875 0.40546875 0.00703125 0.01171875
0 0.35703125 0.54765625 0.01484375 0.021875
0 0.3296875 0.4046875 0.0078125 0.0078125
0 0.7140625 0.4859375 0.015625 0.0234375
0 0.15546875 0.4046875 0.0078125 0.01015625
0 0.99296875 0.79375 0.01171875 0.0765625
0 0.01796875 0.4953125 0.0125 0.0171875
0 0.41875 0.40546875 0.00703125 0.01171875
0 0.2828125 0.48046875 0.0140625 0.01796875
0 0.68046875 0.6625 0.0265625 0.04453125
0 0.28046875 0.41796875 0.0078125 0.0078125
0 0.33046875 0.39375 0.00703125 0.01171875
0 0.25625 0.4046875 0.00703125 0.0078125
0 0.30546875 0.41875 0.00703125 0.01171875
0 0.40703125 0.44453125 0.0109375 0.0171875
0 0.140625 0.45625 0.01171875 0.0171875
0 0.4296875 0.40546875 0.0078125 0.01171875
0 0.44375 0.57890625 0.01953125 0.0296875
0 0.41875 0.3921875 0.00703125 0.0078125
0 0.50546875 0.4046875 0.00703125 0.01171875
0 0.15703125 0.46796875 0.01171875 0.01953125
0 0.40625 0.3921875 0.0078125 0.0078125
0 0.01640625 0.01875 0.021875 0.0375
0 0.41875 0.38046875 0.00703125 0.0078125
0 0.2671875 0.40546875 0.00625 0.00625
0 0.6625 0.41640625 0.0125 0.01796875
0 0.78203125 0.58125 0.0234375 0.0328125
0 0.30546875 0.3921875 0.00625 0.00625
0 0.45546875 0.42890625 0.00859375 0.0140625
0 0.19375 0.4046875 0.00703125 0.0078125
0 0.39296875 0.4296875 0.00859375 0.01328125
0 0.071875 0.48515625 0.0125 0.0171875
0 0.36796875 0.39296875 0.00703125 0.0078125
0 0.490625 0.4328125 0.0109375 0.0140625
0 0.28046875 0.50390625 0.0125 0.01796875
0 0.13125 0.3921875 0.00625 0.00625
0 0.67421875 0.525 0.01875 0.02734375
0 0.38125 0.41796875 0.00703125 0.01328125
0 0.39296875 0.3921875 0.00703125 0.0078125
0 0.0921875 0.41796875 0.00859375 0.01328125
0 0.10625 0.40625 0.00625 0.0078125
0 0.03984375 0.53046875 0.01484375 0.025
0 0.571875 0.490625 0.01640625 0.02109375
0 0.3265625 0.553125 0.015625 0.0234375
0 0.1796875 0.4046875 0.00625 0.0078125
0 0.39140625 0.44375 0.009375 0.0140625
0 0.79609375 0.428125 0.01484375 0.02109375