0 0.7765625 0.3578125 0.0296875 0.0453125
0 0.81875 0.2125 0.025 0.03671875
0 0.571875 0.15625 0.0171875 0.02578125
0 0.371875 0.21796875 0.02421875 0.0375
0 0.86484375 0.21953125 0.028125 0.040625
0 0.5890625 0.3890625 0.0359375 0.05625
0 0.8765625 0.58046875 0.05859375 0.08046875
0 0.89609375 0.29921875 0.03203125 0.03671875
0 0.58046875 0.70703125 0.06171875 0.09609375
0 0.9921875 0.0171875 0.0140625 0.02109375
0 0.6140625 0.44921875 0.040625 0.0625
0 0.26796875 0.725 0.06328125 0.09609375
0 0.659375 0.21875 0.0265625 0.03671875
0 0.790625 0.05625 0.0125 0.01953125
0 0.83671875 0.08046875 0.01484375 0.01796875
0 0.74296875 0.27890625 0.0265625 0.03359375
0 0.06484375 0.3515625 0.03828125 0.04921875
0 0.1890625 0.39140625 0.0234375 0.0328125
0 0.5953125 0.196875 0.0203125 0.0328125
0 0.55 0.25390625 0.03125 0.04453125
0 0.26640625 0.1765625 0.021875 0.03515625
0 0.95234375 0.1015625 0.015625 0.0234375
0 0.8828125 0.01875 0.0140625 0.0140625
0 0.63984375 0.19375 0.0234375 0.0328125
0 0.384375 0.29140625 0.025 0.0390625
0 0.98984375 0.3890625 0.01875 0.053125
0 0.47578125 0.209375 0.0234375 0.03359375
0 0.88125 0.05390625 0.0125 0.01953125
0 0.915625 0.03046875 0.0125 0.01953125
0 0.9703125 0.0921875 0.01640625 0.021875
0 0.940625 0.00625 0.0125 0.01171875
0 0.8078125 0.025 0.01171875 0.01796875
0 0.56328125 0.1875 0.0203125 0.03125
0 0.20703125 0.1296875 0.0171875 0.0296875
0 0.74140625 0.3109375 0.028125 0.03671875
0 0.6203125 0.2125 0.01875 0.02578125
0 0.96953125 0.00625 0.0125 0.01171875
0 0.8421875 0.01875 0.0125 0.01953125
0 0.1671875 0.11875 0.015625 0.02578125
0 0.95546875 0.00625 0.0125 0.01171875
0 0.26875 0.146875 0.0171875 0.0234375
0 0.5921875 0.1625 0.01484375 0.025
0 0.8640625 0.01796875 0.01171875 0.01796875
0 0.9421875 0.0765625 0.01484375 0.01953125
0 0.6515625 0.1546875 0.01640625 0.02578125
0 0.60859375 0.14375 0.01484375 0.025
0 0.015625 0.12890625 0.0234375 0.03671875
0 0.8703125 0.0421875 0.01171875 0.0171875
0 0.1546875 0.1546875 0.0171875 0.02734375
0 0.93828125 0.03828125 0.0140625 0.01953125
0 0.99375 0.11953125 0.009375 0.01796875