0 0.7765625 0.37578125 0.021875 0.0328125
0 0.31953125 0.2671875 0.015625 0.0234375
0 0.5546875 0.26484375 0.0171875 0.02734375
0 0.80234375 0.3828125 0.0203125 0.03671875
0 0.1421875 0.30078125 0.01953125 0.02890625
0 0.3640625 0.3 0.0171875 0.02734375
0 0.71796875 0.24140625 0.0125 0.01953125
0 0.821875 0.1546875 0.0109375 0.01796875
0 0.30703125 0.334375 0.02265625 0.03125
0 0.2953125 0.2828125 0.015625 0.0234375
0 0.79453125 0.234375 0.01484375 0.02109375
0 0.2484375 0.334375 0.0203125 0.02890625
0 0.7328125 0.15546875 0.009375 0.0140625
0 0.2640625 0.26796875 0.015625 0.02578125
0 0.6796875 0.165625 0.01171875 0.0171875
0 0.6640625 0.18046875 0.0140625 0.0171875
0 0.47890625 0.11875 0.0109375 0.01328125
0 0.425 0.2875 0.0171875 0.02578125
0 0.52890625 0.21875 0.01484375 0.02109375
0 0.79140625 0.11875 0.0109375 0.0140625
0 0.621875 0.16953125 0.0125 0.01796875
0 0.91875 0.1296875 0.009375 0.0140625
0 0.5296875 0.1890625 0.01171875 0.015625
0 0.8015625 0.27890625 0.01484375 0.0234375
0 0.80546875 0.18046875 0.0140625 0.0171875
0 0.98125 0.0953125 0.01171875 0.015625
0 0.4984375 0.21328125 0.0140625 0.02109375
0 0.865625 0.09765625 0.01171875 0.015625
0 0.7578125 0.16015625 0.009375 0.015625
0 0.0796875 0.171875 0.0109375 0.01328125
0 0.128125 0.271875 0.01484375 0.02109375
0 0.31328125 0.23671875 0.0125 0.01796875
0 0.5125 0.11171875 0.00859375 0.01328125
0 0.83359375 0.19375 0.0125 0.01953125
0 0.80234375 0.1578125 0.0109375 0.015625
0 0.81640625 0.11796875 0.009375 0.0140625
0 0.9046875 0.1015625 0.009375 0.01328125
0 0.540625 0.109375 0.009375 0.01328125
0 0.68046875 0.271875 0.0125 0.02109375
0 0.26796875 0.19375 0.00859375 0.01171875
0 0.9328125 0.06875 0.009375 0.01328125
0 0.75703125 0.11875 0.009375 0.0140625
0 0.2921875 0.1734375 0.009375 0.01328125
0 0.31875 0.16875 0.00859375 0.01171875
0 0.84453125 0.1078125 0.009375 0.0140625
0 0.84453125 0.08046875 0.0078125 0.01328125
0 0.128125 0.16796875 0.00859375 0.01328125
0 0.63046875 0.0921875 0.00703125 0.01015625
0 0.6125 0.0875 0.00703125 0.01171875
0 0.3640625 0.26796875 0.015625 0.0234375
0 0.6546875 0.08203125 0.0078125 0.0078125
0 0.75625 0.14296875 0.0109375 0.01328125
0 0.7703125 0.0953125 0.009375 0.01328125
0 0.75625 0.103125 0.00859375 0.01171875
0 0.10390625 0.16796875 0.0109375 0.01328125
0 0.45625 0.11875 0.00703125 0.01328125
0 0.38203125 0.18125 0.009375 0.0140625
0 0.9546875 0.09140625 0.0109375 0.01328125
0 0.44375 0.11796875 0.00859375 0.01171875
0 0.5921875 0.1046875 0.0078125 0.01171875
0 0.69296875 0.1515625 0.0109375 0.0140625
0 0.8421875 0.09296875 0.0078125 0.01171875
0 0.5421875 0.13125 0.0109375 0.01171875
0 0.81953125 0.0796875 0.0078125 0.01171875
0 0.25625 0.20625 0.0109375 0.0140625
0 0.6546875 0.24921875 0.0140625 0.01953125
0 0.83359375 0.1140625 0.00859375 0.0140625
0 0.2796875 0.1921875 0.009375 0.0140625
0 0.54375 0.2078125 0.0125 0.0171875
0 0.853125 0.08046875 0.00859375 0.01328125
0 0.8328125 0.09296875 0.0078125 0.01171875
0 0.15703125 0.15546875 0.009375 0.01171875
0 0.3671875 0.18046875 0.0078125 0.01171875
0 0.35625 0.16875 0.0078125 0.01171875
0 0.68671875 0.0875 0.00703125 0.01328125
0 0.5546875 0.10625 0.0078125 0.01171875
0 0.36171875 0.1375 0.00703125 0.01171875
0 0.68828125 0.11171875 0.00859375 0.01328125
0 0.69609375 0.23046875 0.01171875 0.01796875
0 0.11796875 0.16796875 0.00859375 0.01328125
0 0.8046875 0.08125 0.0078125 0.01171875
0 0.0171875 0.13125 0.009375 0.01171875
0 0.98203125 0.06875 0.0109375 0.01171875
0 0.70625 0.0921875 0.00703125 0.01015625
0 0.1796875 0.15546875 0.009375 0.01171875
0 0.55234375 0.16796875 0.0109375 0.01796875
0 0.3328125 0.18125 0.00859375 0.01328125
0 0.1171875 0.25625 0.0140625 0.01796875
0 0.71796875 0.08125 0.00703125 0.01171875
0 0.51484375 0.146875 0.0109375 0.015625
0 0.33046875 0.2015625 0.0109375 0.015625
0 0.02109375 0.22265625 0.0109375 0.015625
0 0.39296875 0.1390625 0.00859375 0.01328125
0 0.3046875 0.2046875 0.009375 0.0140625
0 0.9671875 0.10546875 0.009375 0.01328125
0 0.60625 0.1046875 0.0078125 0.01171875
0 0.79375 0.08046875 0.00859375 0.01328125
0 0.34453125 0.18125 0.00859375 0.01171875
0 0.94296875 0.05546875 0.00703125 0.01171875
0 0.915625 0.09296875 0.00859375 0.01171875
0 0.27421875 0.17421875 0.00859375 0.01328125
0 0.30234375 0.26015625 0.01484375 0.02109375
0 0.38046875 0.12890625 0.00703125 0.01015625
0 0.50625 0.1796875 0.0109375 0.015625
0 0.35625 0.18125 0.00859375 0.01328125
0 0.99453125 0.06875 0.00859375 0.01328125
0 0.81875 0.09296875 0.00703125 0.01171875
0 0.19375 0.14375 0.00859375 0.01171875
0 0.3578125 0.209375 0.009375 0.015625
0 0.71640625 0.28125 0.01484375 0.01796875
0 0.89375 0.06875 0.00703125 0.0078125
0 0.9546875 0.05546875 0.0078125 0.01171875
0 0.04375 0.16796875 0.00859375 0.01328125
0 0.95546875 0.06875 0.00859375 0.01171875
0 0.8328125 0.27890625 0.021875 0.02578125
0 0.66875 0.09296875 0.0078125 0.01171875
0 0.4671875 0.11796875 0.00859375 0.01171875
0 0.0046875 0.13203125 0.00859375 0.0140625
0 0.8921875 0.08046875 0.009375 0.01328125
0 0.9046875 0.06875 0.0078125 0.01171875
0 0.98125 0.05625 0.00859375 0.01328125
0 0.4953125 0.1171875 0.00859375 0.01328125
0 0.53203125 0.128125 0.00859375 0.0140625
0 0.4046875 0.1390625 0.0078125 0.01328125
0 0.58125 0.1046875 0.00703125 0.01171875
0 0.15703125 0.16796875 0.00859375 0.01328125
0 0.6953125 0.25546875 0.015625 0.02109375
0 0.64453125 0.0921875 0.0078125 0.0078125
0 0.63203125 0.10546875 0.0078125 0.01328125
0 0.65703125 0.1546875 0.01171875 0.01796875
0 0.7171875 0.115625 0.00859375 0.01328125
0 0.7046875 0.10390625 0.0078125 0.01328125
0 0.0578125 0.17890625 0.009375 0.0140625
0 0.0046875 0.11640625 0.00859375 0.0140625
0 0.34765625 0.2625 0.0140625 0.025
0 0.1453125 0.1421875 0.00859375 0.01171875
0 0.61875 0.1046875 0.00703125 0.01171875
0 0.0453125 0.11875 0.0109375 0.0140625
0 0.91796875 0.0796875 0.0078125 0.01171875
0 0.3859375 0.20234375 0.01875 0.0171875
0 0.565625 0.13203125 0.0078125 0.01171875