0 0.8703125 0.0796875 0.01953125 0.0296875
0 0.8078125 0.51015625 0.0453125 0.07265625
0 0.41875 0.20625 0.02421875 0.0375
0 0.38125 0.2140625 0.02265625 0.0375
0 0.6140625 0.24375 0.03125 0.0484375
0 0.60078125 0.35 0.0328125 0.04921875
0 0.40703125 0.1625 0.025 0.0375
0 0.59453125 0.06796875 0.01640625 0.02578125
0 0.81640625 0.12421875 0.021875 0.0296875
0 0.5125 0.425 0.04375 0.0640625
0 0.97265625 0.29921875 0.02734375 0.03671875
0 0.9046875 0.64296875 0.065625 0.09375
0 0.6796875 0.10078125 0.01953125 0.0296875
0 0.68046875 0.3078125 0.03828125 0.05625
0 0.7703125 0.22421875 0.02734375 0.0390625
0 0.553125 0.3109375 0.0375 0.0546875
0 0.78203125 0.275 0.0328125 0.04453125
0 0.81328125 0.03515625 0.0171875 0.02578125
0 0.0296875 0.2046875 0.03046875 0.04140625
0 0.690625 0.00859375 0.01484375 0.0171875
0 0.9171875 0.23046875 0.0296875 0.04453125
0 0.47109375 0.01875 0.0125 0.025
0 0.80546875 0.19296875 0.03046875 0.0390625
0 0.7171875 0.11171875 0.0203125 0.03125
0 0.503125 0.1390625 0.02421875 0.0375
0 0.90234375 0.14765625 0.0234375 0.0328125
0 0.759375 0.11875 0.0203125 0.0296875
0 0.534375 0.1859375 0.0265625 0.04453125
0 0.7765625 0.384375 0.03984375 0.05859375
0 0.4703125 0.1375 0.0203125 0.0328125
0 0.30546875 0.1390625 0.02265625 0.03359375
0 0.63984375 0.1234375 0.0234375 0.03671875
0 0.71953125 0.16875 0.0234375 0.0328125
0 0.63203125 0.3078125 0.025 0.040625
0 0.95703125 0.19375 0.02734375 0.04140625
0 0.1515625 0.28828125 0.04375 0.05625
0 0.70234375 0.20546875 0.02421875 0.03671875
0 0.5265625 0.05078125 0.01640625 0.02578125
0 0.79375 0.1296875 0.01640625 0.02734375
0 0.87734375 0.2109375 0.0265625 0.0390625
0 0.9046875 0.11015625 0.02265625 0.0328125
0 0.28828125 0.06953125 0.0140625 0.021875
0 0.603125 0.1375 0.02265625 0.0375
0 0.9078125 0.00625 0.01484375 0.01171875
0 0.55078125 0.05625 0.015625 0.02578125
0 0.56953125 0.13125 0.02265625 0.0328125
0 0.0171875 0.01875 0.01484375 0.01953125
0 0.1359375 0.05546875 0.0171875 0.025
0 0.78671875 0.009375 0.0140625 0.01875
0 0.97265625 0.01796875 0.015625 0.0234375
0 0.4953125 0.0375 0.01484375 0.025
0 0.84453125 0.1234375 0.0171875 0.02734375
0 0.1234375 0.11640625 0.02265625 0.0328125
0 0.88828125 0.0875 0.01484375 0.025
0 0.00703125 0.17890625 0.0140625 0.0421875
0 0.95546875 0.00625 0.01640625 0.01171875
0 0.14921875 0.1109375 0.02265625 0.03359375
0 0.63984375 0.00625 0.0140625 0.0125
0 0.58046875 0.009375 0.0140625 0.01875
0 0.6671875 0.00546875 0.015625 0.01015625
0 0.33203125 0.00625 0.0140625 0.01171875
0 0.56640625 0.00625 0.0140625 0.0125
0 0.32734375 0.05625 0.0171875 0.025
0 0.4625 0.19453125 0.01875 0.03515625
0 0.70859375 0.00625 0.01484375 0.01171875
0 0.06953125 0.28125 0.01953125 0.02578125
0 0.61796875 0.00703125 0.01484375 0.0140625
0 0.0046875 0.03125 0.00859375 0.0234375
0 0.99375 0.28828125 0.009375 0.040625
0 0.696875 0.16953125 0.021875 0.02890625
0 0.56875 0.25 0.0265625 0.04140625
0 0.3453125 0.04140625 0.01484375 0.02109375
0 0.7640625 0.00546875 0.01484375 0.01015625
0 0.0421875 0.00625 0.015625 0.01171875
0 0.61953125 0.05625 0.01484375 0.01796875
0 0.5296875 0.009375 0.015625 0.01875
0 0.9046875 0.0703125 0.0171875 0.02578125
0 0.99296875 0.00625 0.01171875 0.01171875
0 0.69609375 0.2546875 0.03046875 0.04296875
0 0.89140625 0.0140625 0.015625 0.021875
0 0.3140625 0.0203125 0.0140625 0.021875
0 0.29609375 0.00703125 0.0140625 0.0140625
0 0.35234375 0.1046875 0.01484375 0.01953125
0 0.3578125 0.00703125 0.015625 0.0140625