0 0.98359375 0.0140625 0.0203125 0.028125
0 0.74140625 0.24296875 0.0234375 0.0375
0 0.48125 0.128125 0.0171875 0.02734375
0 0.12890625 0.45546875 0.0375 0.04921875
0 0.60859375 0.0921875 0.01640625 0.02578125
0 0.5609375 0.25703125 0.0265625 0.04296875
0 0.64375 0.37421875 0.0359375 0.05625
0 0.45546875 0.1375 0.01875 0.0296875
0 0.63984375 0.01796875 0.01640625 0.02578125
0 0.65546875 0.0734375 0.0171875 0.0296875
0 0.21171875 0.34140625 0.03046875 0.046875
0 0.69296875 0.09765625 0.01875 0.03125
0 0.77734375 0.0421875 0.0171875 0.02734375
0 0.665625 0.24375 0.0296875 0.04453125
0 0.7625 0.16953125 0.0234375 0.0390625
0 0.83984375 0.26171875 0.03125 0.04453125
0 0.2796875 0.3453125 0.0296875 0.046875
0 0.73515625 0.03046875 0.01484375 0.025
0 0.7734375 0.0953125 0.01953125 0.03125
0 0.2765625 0.0734375 0.01640625 0.02734375
0 0.20703125 0.021875 0.015625 0.02109375
0 0.7640625 0.0171875 0.01484375 0.02578125
0 0.48125 0.01953125 0.0140625 0.02109375
0 0.51484375 0.3609375 0.03203125 0.0484375
0 0.30390625 0.05625 0.01640625 0.025
0 0.1734375 0.05390625 0.0171875 0.025
0 0.71015625 0.08046875 0.01640625 0.02578125
0 0.5109375 0.06953125 0.015625 0.025
0 0.6859375 0.0171875 0.01640625 0.02734375
0 0.571875 0.07578125 0.0171875 0.02890625
0 0.6140625 0.1296875 0.0171875 0.025
0 0.40703125 0.34296875 0.02734375 0.04296875
0 0.3140625 0.3734375 0.0328125 0.04921875
0 0.62578125 0.2734375 0.02734375 0.0390625
0 0.3921875 0.06875 0.01484375 0.025
0 0.5296875 0.11640625 0.0171875 0.02734375
0 0.45546875 0.08515625 0.01875 0.02734375
0 0.23046875 0.034375 0.0140625 0.01953125
0 0.8109375 0.034375 0.0171875 0.025
0 0.5578125 0.04765625 0.015625 0.025
0 0.040625 0.07265625 0.01640625 0.02578125
0 0.82265625 0.32421875 0.028125 0.04453125
0 0.509375 0.0390625 0.01484375 0.0234375
0 0.3734375 0.0375 0.0140625 0.02109375
0 0.9578125 0.1640625 0.021875 0.03125
0 0.92578125 0.0515625 0.015625 0.02734375
0 0.51015625 0.18515625 0.0203125 0.03359375
0 0.07890625 0.1796875 0.0171875 0.02578125
0 0.14765625 0.16015625 0.02265625 0.02890625
0 0.9234375 0.14140625 0.021875 0.0296875
0 0.61171875 0.1734375 0.02421875 0.04296875
0 0.53828125 0.07578125 0.0171875 0.02578125
0 0.88359375 0.009375 0.0140625 0.01875
0 0.86328125 0.02421875 0.015625 0.025
0 0.7171875 0.0125 0.015625 0.025
0 0.065625 0.0625 0.0171875 0.02578125
0 0.2234375 0.1421875 0.021875 0.0296875
0 0.7390625 0.0921875 0.01953125 0.02890625
0 0.95859375 0.08515625 0.0203125 0.02734375
0 0.5625 0.11015625 0.0171875 0.02734375
0 0.84765625 0.4046875 0.03125 0.0484375
0 0.56328125 0.2203125 0.021875 0.02578125
0 0.4921875 0.096875 0.015625 0.025
0 0.5125 0.134375 0.02265625 0.0296875
0 0.21640625 0.06875 0.01640625 0.025
0 0.85234375 0.0921875 0.01953125 0.02734375
0 0.2625 0.18671875 0.0234375 0.0328125
0 0.50546875 0.32265625 0.0203125 0.02578125
0 0.1890625 0.1109375 0.0203125 0.0296875
0 0.9015625 0.0484375 0.01640625 0.0234375
0 0.5921875 0.1578125 0.01640625 0.02890625
0 0.8390625 0.03046875 0.01484375 0.025
0 0.25625 0.0546875 0.01484375 0.0234375
0 0.3875 0.0421875 0.0125 0.01953125
0 0.296875 0.15625 0.021875 0.02578125
0 0.50546875 0.009375 0.0140625 0.01875
0 0.58046875 0.40703125 0.0359375 0.05625
0 0.91015625 0.02890625 0.015625 0.0234375
0 0.546875 0.025 0.015625 0.021875
0 0.45859375 0.01796875 0.0125 0.01796875
0 0.28359375 0.034375 0.0125 0.021875
0 0.85625 0.33671875 0.03125 0.04296875
0 0.33828125 0.009375 0.0140625 0.01875
0 0.696875 0.17265625 0.025 0.0375
0 0.0046875 0.15703125 0.00859375 0.02734375
0 0.04765625 0.1421875 0.0171875 0.02890625
0 0.128125 0.1390625 0.0203125 0.03125
0 0.8390625 0.00546875 0.01484375 0.01015625
0 0.37578125 0.01953125 0.0140625 0.01796875
0 0.92734375 0.0265625 0.01484375 0.01953125
0 0.9609375 0.05703125 0.0171875 0.0234375
0 0.46171875 0.0375 0.01484375 0.0234375
0 0.3390625 0.0625 0.01484375 0.0234375
0 0.30234375 0.0296875 0.01484375 0.021875
0 0.42890625 0.00625 0.0140625 0.01171875
0 0.10859375 0.06640625 0.01640625 0.0234375
0 0.615625 0.00625 0.01484375 0.01171875
0 0.915625 0.00625 0.01484375 0.01171875