0 0.53828125 0.04140625 0.0296875 0.046875
0 0.74609375 0.475 0.0453125 0.06875
0 0.6140625 0.0734375 0.03125 0.05078125
0 0.50703125 0.25546875 0.03125 0.04921875
0 0.70703125 0.4328125 0.046875 0.071875
0 0.5265625 0.20390625 0.03046875 0.0453125
0 0.0125 0.15390625 0.025 0.0390625
0 0.54375 0.1578125 0.03125 0.04453125
0 0.04765625 0.2015625 0.03203125 0.040625
0 0.465625 0.03671875 0.02421875 0.0390625
0 0.2875 0.0484375 0.028125 0.0390625
0 0.071875 0.178125 0.0296875 0.0390625
0 0.4171875 0.03046875 0.0265625 0.04296875
0 0.26484375 0.11875 0.01875 0.0296875
0 0.96953125 0.24296875 0.01640625 0.0140625
0 0.009375 0.37421875 0.01875 0.0484375