0 0.80859375 0.6109375 0.03359375 0.05390625
0 0.7765625 0.821875 0.04375 0.078125
0 0.88359375 0.85546875 0.0453125 0.0734375
0 0.8515625 0.303125 0.02265625 0.0390625
0 0.91796875 0.35234375 0.02890625 0.0390625
0 0.17578125 0.6453125 0.03203125 0.06328125
0 0.459375 0.82265625 0.0421875 0.0859375
0 0.08125 0.15625 0.02421875 0.04375
0 0.91796875 0.40625 0.03203125 0.04921875
0 0.7953125 0.36171875 0.03203125 0.05390625
0 0.62109375 0.95859375 0.0421875 0.0734375
0 0.46328125 0.51796875 0.0390625 0.05859375
0 0.7859375 0.5625 0.03046875 0.05859375
0 0.33984375 0.27265625 0.03046875 0.0515625
0 0.409375 0.621875 0.0390625 0.07109375
0 0.88359375 0.234375 0.02265625 0.0296875
0 0.04140625 0.9046875 0.040625 0.0734375
0 0.7265625 0.803125 0.03359375 0.0609375
0 0.91015625 0.459375 0.02734375 0.0390625
0 0.08515625 0.7921875 0.0390625 0.078125
0 0.80546875 0.7234375 0.04375 0.0734375
0 0.76015625 0.684375 0.04375 0.078125
0 0.375 0.40078125 0.02734375 0.04921875
0 0.01484375 0.66484375 0.02890625 0.05390625
0 0.55234375 0.8703125 0.040625 0.0828125
0 0.3 0.7640625 0.03515625 0.065625
0 0.9203125 0.81796875 0.03671875 0.07578125
0 0.146875 0.84609375 0.0390625 0.06328125
0 0.0671875 0.66015625 0.03359375 0.06328125
0 0.56328125 0.55859375 0.0390625 0.0609375
0 0.8703125 0.95234375 0.053125 0.090625
0 0.684375 0.80703125 0.046875 0.0828125
0 0.39375 0.20546875 0.02265625 0.04375
0 0.8515625 0.58671875 0.0390625 0.06328125
0 0.8203125 0.5390625 0.02734375 0.0515625
0 0.184375 0.95859375 0.05 0.078125
0 0.23125 0.97421875 0.04375 0.04609375
0 0.97109375 0.46484375 0.02890625 0.04921875
0 0.24453125 0.9046875 0.04375 0.078125
0 0.84765625 0.528125 0.03046875 0.05390625
0 0.31796875 0.1515625 0.02265625 0.04375
0 0.35703125 0.1796875 0.02109375 0.03203125
0 0.25546875 0.12734375 0.02421875 0.0390625
0 0.16640625 0.13671875 0.02265625 0.0390625
0 0.83359375 0.83125 0.0453125 0.078125
0 0.6421875 0.225 0.02578125 0.0390625
0 0.86328125 0.43984375 0.03203125 0.04921875
0 0.678125 0.346875 0.03046875 0.05390625
0 0.5890625 0.21015625 0.02578125 0.04375
0 0.1 0.871875 0.0453125 0.065625
0 0.2796875 0.89609375 0.03359375 0.07578125
0 0.46953125 0.375 0.03203125 0.0515625
0 0.73203125 0.9484375 0.0453125 0.078125
0 0.640625 0.80234375 0.0390625 0.06875
0 0.58046875 0.74296875 0.0421875 0.078125
0 0.53203125 0.78359375 0.03515625 0.07578125
0 0.49609375 0.190625 0.02421875 0.034375
0 0.81796875 0.1125 0.01953125 0.034375
0 0.446875 0.46796875 0.03203125 0.0515625
0 0.48828125 0.76796875 0.03359375 0.05390625
0 0.53203125 0.69453125 0.03515625 0.0734375
0 0.96328125 0.39609375 0.03203125 0.05390625
0 0.66640625 0.58203125 0.03203125 0.05859375
0 0.2328125 0.63671875 0.03359375 0.04609375
0 0.32265625 0.91953125 0.0453125 0.0734375
0 0.09296875 0.934375 0.04375 0.06328125
0 0.75546875 0.4453125 0.02734375 0.04921875
0 0.25859375 0.78203125 0.040625 0.06328125
0 0.8421875 0.47421875 0.03203125 0.0390625
0 0.6328125 0.36640625 0.02734375 0.04375
0 0.7546875 0.62109375 0.03203125 0.0390625
0 0.38125 0.71875 0.03671875 0.06328125
0 0.8 0.934375 0.0484375 0.0828125
0 0.69140625 0.16171875 0.02421875 0.04375
0 0.59453125 0.50859375 0.03359375 0.05859375
0 0.89375 0.5234375 0.02890625 0.05390625
0 0.19609375 0.2203125 0.02734375 0.0390625
0 0.16640625 0.89609375 0.0453125 0.05625
0 0.8171875 0.253125 0.02421875 0.03671875
0 0.01875 0.82265625 0.03671875 0.08046875
0 0.58125 0.63046875 0.046875 0.0734375
0 0.65859375 0.7234375 0.04375 0.0734375
0 0.375 0.66484375 0.03359375 0.04375
0 0.7453125 0.225 0.02265625 0.034375
0 0.41953125 0.9734375 0.0546875 0.04921875
0 0.9171875 0.578125 0.03046875 0.0515625
0 0.12734375 0.76875 0.03515625 0.07109375
0 0.884375 0.47421875 0.02734375 0.0390625
0 0.76796875 0.3078125 0.02265625 0.04375
0 0.403125 0.78203125 0.0390625 0.05390625
0 0.4796875 0.29375 0.02734375 0.04921875
0 0.2046875 0.62109375 0.02890625 0.05859375
0 0.921875 0.24296875 0.01796875 0.03671875
0 0.525 0.984375 0.03671875 0.0265625
0 0.08125 0.71875 0.040625 0.05859375
0 0.39453125 0.47421875 0.03359375 0.05859375
0 0.9859375 0.53828125 0.02421875 0.04375
0 0.3546875 0.2203125 0.02265625 0.0390625
0 0.51796875 0.91953125 0.0453125 0.05859375
0 0.6453125 0.53828125 0.03203125 0.05390625
0 0.85546875 0.184375 0.01796875 0.03203125
0 0.93984375 0.5234375 0.03046875 0.0390625
0 0.05703125 0.09765625 0.01796875 0.0296875
0 0.36796875 0.54296875 0.03203125 0.05390625
0 0.13203125 0.2296875 0.02890625 0.04921875
0 0.16328125 0.2875 0.02265625 0.04140625
0 0.10234375 0.09296875 0.02109375 0.034375
0 0.0953125 0.5234375 0.03203125 0.05390625
0 0.9796875 0.225 0.02109375 0.0390625
0 0.33125 0.596875 0.04375 0.0734375
0 0.9890625 0.371875 0.01953125 0.04375
0 0.33828125 0.36171875 0.02734375 0.0390625
0 0.1296875 0.0734375 0.01796875 0.0296875
0 0.5140625 0.63046875 0.03359375 0.04921875
0 0.953125 0.259375 0.02265625 0.034375
0 0.1640625 0.06328125 0.02109375 0.034375
0 0.325 0.8328125 0.03671875 0.0515625
0 0.45390625 0.21015625 0.02734375 0.04375
0 0.125 0.1078125 0.02109375 0.034375
0 0.878125 0.7984375 0.03671875 0.04140625
0 0.0296875 0.23984375 0.02734375 0.04375
0 0.19375 0.5671875 0.03203125 0.04375
0 0.23046875 0.4546875 0.02890625 0.05390625
0 0.34765625 0.40078125 0.02734375 0.04921875
0 0.75859375 0.2578125 0.02734375 0.04609375
0 0.675 0.1078125 0.02421875 0.04375
0 0.5 0.51328125 0.02578125 0.04375
0 0.61484375 0.1015625 0.01953125 0.03203125
0 0.5609375 0.1515625 0.02265625 0.034375
0 0.7671875 0.0328125 0.01796875 0.0265625
0 0.23125 0.51015625 0.03046875 0.0609375
0 0.45234375 0.6109375 0.03359375 0.0390625
0 0.596875 0.13671875 0.02265625 0.034375
0 0.9859375 0.31328125 0.02109375 0.034375
0 0.27578125 0.02421875 0.01640625 0.0296875
0 0.14921875 0.3375 0.02109375 0.04375
0 0.28515625 0.078125 0.01640625 0.0296875
0 0.434375 0.146875 0.02421875 0.0390625
0 0.44296875 0.571875 0.02734375 0.04375
0 0.35 0.0296875 0.01953125 0.034375
0 0.15078125 0.5234375 0.03046875 0.04921875
0 0.28515625 0.83125 0.0390625 0.05390625
0 0.63203125 0.32265625 0.02578125 0.0390625
0 0.94375 0.71875 0.0453125 0.08828125
0 0.63828125 0.6359375 0.03359375 0.06328125
0 0.77109375 0.1515625 0.02265625 0.034375
0 0.49765625 0.709375 0.03359375 0.06875
0 0.10078125 0.30703125 0.02734375 0.03671875
0 0.4921875 0.140625 0.02578125 0.03671875
0 0.1390625 0.58828125 0.03203125 0.05625
0 0.59296875 0.2921875 0.02421875 0.04140625
0 0.4109375 0.85078125 0.0390625 0.0734375
0 0.60703125 0.04375 0.01484375 0.01953125
0 0.26640625 0.08828125 0.02265625 0.034375
0 0.88125 0.028125 0.01484375 0.0265625
0 0.696875 0.55859375 0.03203125 0.0609375
0 0.86640625 0.02421875 0.01640625 0.0296875
0 0.42734375 0.24921875 0.02890625 0.0390625
0 0.74609375 0.0734375 0.01796875 0.0296875
0 0.72890625 0.2875 0.02265625 0.03203125
0 0.18203125 0.4890625 0.02890625 0.05390625
0 0.93984375 0.20546875 0.02109375 0.0296875
0 0.5921875 0.04296875 0.01640625 0.021875
0 0.1078125 0.39140625 0.02265625 0.04921875
0 0.128125 0.31171875 0.02734375 0.04609375
0 0.93515625 0.484375 0.03203125 0.04921875
0 0.54140625 0.0734375 0.01796875 0.02421875
0 0.82734375 0.078125 0.01640625 0.0296875
0 0.521875 0.1125 0.01796875 0.0296875
0 0.3046875 0.08828125 0.01640625 0.0296875
0 0.60546875 0.17578125 0.01796875 0.034375
0 0.0953125 0.3421875 0.02890625 0.04375
0 0.5609375 0.4203125 0.02890625 0.05390625
0 0.01640625 0.5578125 0.03203125 0.04921875
0 0.95625 0.81328125 0.0421875 0.0953125
0 0.63125 0.01484375 0.01484375 0.01953125
0 0.29453125 0.42421875 0.03359375 0.05625
0 0.85859375 0.66484375 0.040625 0.0734375
0 0.51953125 0.5671875 0.03203125 0.05859375
0 0.91953125 0.303125 0.02265625 0.034375
0 0.30703125 0.2625 0.02734375 0.0515625
0 0.79140625 0.0734375 0.01796875 0.0296875
0 0.59140625 0.3328125 0.02734375 0.0296875
0 0.6453125 0.05390625 0.01640625 0.02421875
0 0.36328125 0.3421875 0.02265625 0.0390625
0 0.77734375 0.190625 0.02265625 0.04375
0 0.94375 0.09140625 0.01640625 0.0265625
0 0.98828125 0.6015625 0.02109375 0.05390625
0 0.809375 0.21484375 0.02265625 0.0296875
0 0.7921875 0.01484375 0.01640625 0.02421875
0 0.9046875 0.7578125 0.0390625 0.05859375
0 0.99296875 0.4546875 0.0109375 0.05390625
0 0.921875 0.17578125 0.01796875 0.034375
0 0.65234375 0.409375 0.02734375 0.04609375
0 0.4203125 0.3265625 0.03046875 0.04609375
0 0.1234375 0.6703125 0.03671875 0.06875
0 0.94375 0.0390625 0.01640625 0.02421875
0 0.93828125 0.63046875 0.03359375 0.04921875
0 0.96171875 0.3328125 0.02421875 0.04921875
0 0.11640625 0.4546875 0.03203125 0.04921875
0 0.5515625 0.25390625 0.02265625 0.0390625
0 0.8515625 0.24921875 0.02265625 0.0390625
0 0.99140625 0.18125 0.01484375 0.034375
0 0.853125 0.00625 0.01328125 0.0125
0 0.871875 0.39609375 0.02734375 0.034375
0 0.88984375 0.43515625 0.02421875 0.0390625
0 0.83359375 0.16640625 0.01953125 0.034375
0 0.8671875 0.15625 0.01796875 0.034375
0 0.41171875 0.571875 0.03046875 0.0296875
0 0.08984375 0.04375 0.01484375 0.02421875
0 0.5109375 0.8609375 0.0390625 0.06328125
0 0.62421875 0.73359375 0.03203125 0.05859375
0 0.3203125 0.21015625 0.02734375 0.04375
0 0.58125 0.81640625 0.03671875 0.05859375
0 0.86015625 0.35234375 0.02734375 0.04375
0 0.29296875 0.1421875 0.01796875 0.0296875
0 0.3203125 0.01484375 0.01484375 0.02421875
0 0.48203125 0.98203125 0.0390625 0.03203125
0 0.61796875 0.06875 0.01640625 0.02421875
0 0.50234375 0.0328125 0.01484375 0.021875
0 0.50703125 0.4203125 0.02734375 0.04921875
0 0.66640625 0.06875 0.01640625 0.02421875
0 0.8921875 0.27265625 0.02265625 0.04140625
0 0.94453125 0.16640625 0.01796875 0.034375
0 0.06328125 0.3859375 0.02265625 0.04375
0 0.8046875 0.184375 0.02265625 0.03203125
0 0.39296875 0.08203125 0.01796875 0.03203125
0 0.55625 0.01484375 0.01328125 0.01484375
0 0.5765625 0.078125 0.01796875 0.0296875
0 0.540625 0.04765625 0.01640625 0.021875
0 0.14609375 0.078125 0.01796875 0.034375
0 0.975 0.146875 0.01796875 0.0296875
0 0.68046875 0.01328125 0.01640625 0.021875
0 0.18359375 0.3328125 0.02890625 0.04375
0 0.67578125 0.66171875 0.03515625 0.04140625
0 0.76640625 0.4875 0.02890625 0.03671875
0 0.61640625 0.00625 0.01328125 0.0125
0 0.653125 0.13671875 0.01953125 0.0296875
0 0.178125 0.09765625 0.01796875 0.0296875
0 0.5328125 0.46328125 0.02734375 0.04609375
0 0.90625 0.00859375 0.01328125 0.0171875
0 0.73203125 0.88984375 0.0390625 0.0390625
0 0.21875 0.259375 0.02734375 0.04375
0 0.4 0.43046875 0.02578125 0.0296875
0 0.23125 0.00859375 0.01484375 0.0171875
0 0.68984375 0.45 0.03359375 0.04921875
0 0.9421875 0.0046875 0.015625 0.009375
0 0.01640625 0.19921875 0.02265625 0.03671875
0 0.19921875 0.40078125 0.02734375 0.05390625
0 0.39375 0.028125 0.01640625 0.0265625
0 0.65546875 0.0046875 0.0140625 0.009375
0 0.43203125 0.0296875 0.01640625 0.0296875
0 0.65546875 0.86171875 0.04375 0.0515625
0 0.853125 0.071875 0.01640625 0.0265625
0 0.446875 0.00859375 0.01640625 0.0171875
0 0.928125 0.0734375 0.01796875 0.0296875
0 0.65546875 0.10625 0.01796875 0.03203125
0 0.4890625 0.05390625 0.01640625 0.02421875
0 0.96875 0.18125 0.02109375 0.0390625
0 0.33046875 0.49296875 0.03203125 0.0609375
0 0.49296875 0.00625 0.01484375 0.0125
0 0.15703125 0.00625 0.01484375 0.0125
0 0.578125 0.01953125 0.01484375 0.01953125
0 0.63359375 0.12734375 0.01953125 0.0296875
0 0.66796875 0.02421875 0.01640625 0.02421875
0 0.99296875 0.0296875 0.0109375 0.02421875
0 0.5453125 0.1171875 0.01953125 0.0296875
0 0.41640625 0.53828125 0.02890625 0.0390625
0 0.4078125 0.1703125 0.02265625 0.03671875
0 0.83203125 0.00625 0.01328125 0.0125
0 0.6203125 0.0390625 0.01484375 0.01953125
0 0.696875 0.7140625 0.0390625 0.0734375
0 0.25546875 0.01484375 0.01484375 0.02421875
0 0.54296875 0.0046875 0.0140625 0.009375
0 0.5578125 0.971875 0.0390625 0.0515625
0 0.3703125 0.1515625 0.02109375 0.034375
0 0.8765625 0.0046875 0.0125 0.009375
0 0.44765625 0.12109375 0.02109375 0.03203125
0 0.2484375 0.4140625 0.02890625 0.03671875
0 0.30546875 0.1171875 0.01796875 0.0296875
0 0.7578125 0.00859375 0.01640625 0.0171875
0 0.27265625 0.05390625 0.01640625 0.02421875
0 0.79609375 0.10625 0.01796875 0.03203125
0 0.38671875 0.36171875 0.02578125 0.0390625
0 0.98046875 0.01484375 0.01640625 0.01953125
0 0.45078125 0.66015625 0.03671875 0.06875
0 0.02265625 0.3609375 0.02890625 0.05625
0 0.33828125 0.67109375 0.03359375 0.065625
0 0.58828125 0.371875 0.02734375 0.04921875
0 0.51796875 0.08203125 0.01640625 0.0265625
0 0.29140625 0.04921875 0.01796875 0.0296875
0 0.84609375 0.034375 0.01484375 0.02421875
0 0.4828125 0.09765625 0.01796875 0.034375
0 0.0046875 0.04921875 0.009375 0.02421875
0 0.20703125 0.01484375 0.01484375 0.01953125
0 0.7421875 0.01484375 0.01640625 0.02421875
0 0.1671875 0.225 0.02421875 0.04375
0 0.08359375 0.46953125 0.02578125 0.04375
0 0.675 0.2984375 0.02734375 0.034375
0 0.46796875 0.05390625 0.01640625 0.02421875