0 0.8390625 0.41796875 0.03515625 0.0546875
0 0.790625 0.26640625 0.02734375 0.04296875
0 0.31484375 0.10625 0.01875 0.025
0 0.25078125 0.36796875 0.0296875 0.0484375
0 0.55078125 0.18125 0.0171875 0.03125
0 0.2984375 0.3875 0.0296875 0.0484375
0 0.19453125 0.1125 0.01484375 0.025
0 0.38125 0.08828125 0.01484375 0.02109375
0 0.1375 0.378125 0.03046875 0.0453125
0 0.16875 0.29140625 0.025 0.0390625
0 0.25703125 0.1078125 0.015625 0.025
0 0.9328125 0.05625 0.01640625 0.025
0 0.1921875 0.15703125 0.01640625 0.02734375
0 0.0875 0.33203125 0.03046875 0.046875
0 0.17578125 0.2203125 0.021875 0.03359375
0 0.53046875 0.1046875 0.01875 0.0296875
0 0.85625 0.3359375 0.028125 0.04453125
0 0.40703125 0.1046875 0.015625 0.025
0 0.35859375 0.36953125 0.0296875 0.046875
0 0.4328125 0.14921875 0.01875 0.0296875
0 0.575 0.225 0.025 0.0390625
0 0.58046875 0.3515625 0.0359375 0.05234375
0 0.234375 0.11953125 0.015625 0.0234375
0 0.225 0.24921875 0.02421875 0.0328125
0 0.24296875 0.4671875 0.0359375 0.0546875
0 0.4296875 0.1171875 0.015625 0.0234375
0 0.91015625 0.103125 0.0171875 0.025
0 0.5875 0.13046875 0.01875 0.03125
0 0.3078125 0.23203125 0.0234375 0.03671875
0 0.6203125 0.10078125 0.01640625 0.02734375
0 0.38984375 0.12421875 0.01640625 0.025
0 0.36796875 0.1796875 0.02265625 0.03671875
0 0.321875 0.16015625 0.021875 0.03125
0 0.5921875 0.08671875 0.015625 0.025
0 0.68828125 0.053125 0.015625 0.02109375
0 0.84453125 0.04453125 0.015625 0.0234375
0 0.14765625 0.19453125 0.0171875 0.0296875
0 0.18125 0.1890625 0.0171875 0.02578125
0 0.58359375 0.01875 0.0125 0.01953125
0 0.19375 0.04453125 0.0125 0.01796875
0 0.95 0.15078125 0.02265625 0.03125
0 0.79140625 0.00625 0.0140625 0.0125
0 0.253125 0.18125 0.0203125 0.03125
0 0.81328125 0.07578125 0.015625 0.0234375
0 0.61484375 0.025 0.01484375 0.021875
0 0.2234375 0.1484375 0.0171875 0.02890625
0 0.0578125 0.1984375 0.021875 0.0296875
0 0.340625 0.2671875 0.0234375 0.03671875
0 0.70234375 0.17421875 0.02734375 0.03671875
0 0.28671875 0.115625 0.01484375 0.0234375
0 0.93046875 0.1046875 0.01875 0.0296875
0 0.5265625 0.05625 0.015625 0.021875
0 0.571875 0.1109375 0.015625 0.025
0 0.36328125 0.0671875 0.015625 0.021875
0 0.6390625 0.32421875 0.0359375 0.04921875
0 0.86328125 0.11640625 0.021875 0.0296875
0 0.4015625 0.28046875 0.03046875 0.0484375
0 0.05 0.16796875 0.01953125 0.02578125
0 0.446875 0.0578125 0.0140625 0.01953125
0 0.7671875 0.05078125 0.0140625 0.0234375
0 0.2296875 0.29453125 0.0234375 0.0390625
0 0.0109375 0.2375 0.021875 0.03515625
0 0.3625 0.1125 0.0171875 0.02734375
0 0.2984375 0.1390625 0.01953125 0.02890625
0 0.54375 0.0109375 0.0140625 0.021875
0 0.628125 0.00859375 0.0125 0.0171875
0 0.47109375 0.12421875 0.01875 0.0328125
0 0.00625 0.07578125 0.0125 0.0234375
0 0.33984375 0.1359375 0.0171875 0.02734375
0 0.1 0.21171875 0.01953125 0.0296875
0 0.59765625 0.053125 0.015625 0.0234375
0 0.49453125 0.05078125 0.01484375 0.0234375
0 0.4453125 0.08046875 0.015625 0.02578125
0 0.75703125 0.0296875 0.0140625 0.01953125
0 0.69140625 0.0171875 0.01171875 0.01796875
0 0.159375 0.05625 0.0125 0.01796875
0 0.99296875 0.30078125 0.01171875 0.046875
0 0.53828125 0.1578125 0.0171875 0.02890625
0 0.4859375 0.07890625 0.015625 0.025
0 0.7921875 0.04453125 0.015625 0.0234375
0 0.8953125 0.04765625 0.0140625 0.021875
0 0.9203125 0.03125 0.015625 0.02109375
0 0.253125 0.0453125 0.0125 0.01953125
0 0.3265625 0.065625 0.015625 0.021875
0 0.4046875 0.0203125 0.0125 0.0171875
0 0.05546875 0.0796875 0.01640625 0.02109375
0 0.95546875 0.06875 0.01640625 0.025
0 0.09296875 0.053125 0.0125 0.02109375
0 0.171875 0.1375 0.0171875 0.025
0 0.0578125 0.0484375 0.0125 0.01796875
0 0.2640625 0.146875 0.015625 0.02578125
0 0.74296875 0.06953125 0.01484375 0.025
0 0.728125 0.0515625 0.01484375 0.021875
0 0.2109375 0.2140625 0.0234375 0.03515625
0 0.13203125 0.06796875 0.0140625 0.01796875
0 0.1046875 0.0265625 0.0140625 0.0171875
0 0.40234375 0.14296875 0.0171875 0.03125
0 0.21171875 0.17421875 0.0171875 0.03125
0 0.0828125 0.1671875 0.0171875 0.02734375
0 0.12578125 0.19921875 0.0203125 0.03125
0 0.228125 0.09453125 0.01484375 0.021875
0 0.51953125 0.0171875 0.0140625 0.01953125
0 0.3078125 0.46796875 0.0421875 0.0609375
0 0.5515625 0.03828125 0.0140625 0.01953125
0 0.98515625 0.0140625 0.015625 0.0234375
0 0.84453125 0.01796875 0.0125 0.01796875
0 0.03203125 0.05625 0.0140625 0.01796875
0 0.4015625 0.06328125 0.01484375 0.01953125
0 0.1515625 0.1 0.015625 0.025
0 0.228125 0.040625 0.01171875 0.0171875
0 0.178125 0.02890625 0.01171875 0.01796875
0 0.84296875 0.084375 0.01875 0.02578125
0 0.97578125 0.06875 0.0171875 0.025
0 0.35859375 0.00703125 0.01171875 0.0140625
0 0.18984375 0.08203125 0.0125 0.0234375
0 0.66875 0.0484375 0.0140625 0.02109375
0 0.34453125 0.2140625 0.02421875 0.0328125
0 0.3921875 0.00625 0.01171875 0.01171875
0 0.821875 0.04453125 0.01484375 0.0234375
0 0.4515625 0.00625 0.0125 0.0125
0 0.7453125 0.01953125 0.01171875 0.01796875
0 0.37890625 0.0578125 0.0140625 0.021875
0 0.959375 0.01953125 0.01484375 0.0234375
0 0.71875 0.00625 0.0125 0.0125
0 0.15703125 0.07578125 0.0140625 0.01796875
0 0.2078125 0.065625 0.0140625 0.021875
0 0.3703125 0.00625 0.0125 0.0125
0 0.7328125 0.00625 0.0125 0.0125
0 0.13125 0.0453125 0.0125 0.0171875
0 0.2671875 0.0296875 0.01171875 0.0140625
0 0.14765625 0.04296875 0.0140625 0.01796875
0 0.0234375 0.1625 0.01953125 0.025
0 0.315625 0.02890625 0.0109375 0.015625
0 0.6578125 0.01328125 0.0140625 0.01796875
0 0.07421875 0.0453125 0.0140625 0.021875
0 0.04375 0.14296875 0.01640625 0.02578125
0 0.428125 0.00703125 0.01171875 0.0140625
0 0.56875 0.14296875 0.01640625 0.03125
0 0.5609375 0.01171875 0.01171875 0.01796875
0 0.409375 0.04140625 0.01484375 0.02109375
0 0.5609375 0.08828125 0.015625 0.02578125
0 0.8703125 0.0078125 0.0125 0.015625
0 0.50234375 0.07421875 0.0125 0.0234375
0 0.8734375 0.0328125 0.0140625 0.0234375
0 0.29375 0.00625 0.0109375 0.01171875
0 0.31875 0.00625 0.0109375 0.01171875
0 0.34296875 0.02578125 0.0125 0.01796875
0 0.82890625 0.00625 0.0140625 0.01171875
0 0.253125 0.01953125 0.0109375 0.015625
0 0.49140625 0.0171875 0.0140625 0.02109375
0 0.3359375 0.046875 0.0140625 0.01796875
0 0.33203125 0.00625 0.009375 0.01171875
0 0.09453125 0.0796875 0.01640625 0.025
0 0.20234375 0.0171875 0.0109375 0.0140625
0 0.8203125 0.02265625 0.0140625 0.0171875
0 0.17109375 0.071875 0.0125 0.01953125
0 0.3625 0.0359375 0.01171875 0.01953125
0 0.42421875 0.06328125 0.01484375 0.021875
0 0.4390625 0.021875 0.0140625 0.01796875
0 0.59609375 0.00703125 0.0125 0.0140625
0 0.47109375 0.071875 0.0125 0.021875
0 0.70546875 0.00625 0.0109375 0.01171875
0 0.30390625 0.02265625 0.009375 0.0171875
0 0.32890625 0.02578125 0.009375 0.015625
0 0.0046875 0.3671875 0.009375 0.04921875
0 0.415625 0.00625 0.0125 0.01171875
0 0.89453125 0.01953125 0.0140625 0.01796875
0 0.75390625 0.00625 0.01171875 0.01171875
0 0.30703125 0.00546875 0.0109375 0.01015625
0 0.23359375 0.00625 0.01171875 0.01171875
0 0.50546875 0.3 0.03828125 0.0640625
0 0.73125 0.0296875 0.0140625 0.01796875
0 0.4671875 0.00625 0.01171875 0.01171875
0 0.02265625 0.1875 0.021875 0.03125
0 0.021875 0.08046875 0.01484375 0.01796875
0 0.00390625 0.05078125 0.0078125 0.02109375
0 0.27109375 0.04765625 0.0125 0.01953125
0 0.51640625 0.0828125 0.015625 0.02734375
0 0.321875 0.13125 0.01640625 0.0234375
0 0.571875 0.03828125 0.0140625 0.01953125
0 0.2875 0.034375 0.0109375 0.0171875
0 0.6515625 0.04765625 0.01484375 0.01953125
0 0.4234375 0.02421875 0.01171875 0.0171875
0 0.34453125 0.10625 0.015625 0.01953125
0 0.91796875 0.00625 0.0140625 0.01171875
0 0.2703125 0.00703125 0.01171875 0.0140625
0 0.46484375 0.02890625 0.0140625 0.02109375
0 0.0703125 0.13125 0.0171875 0.025
0 0.70859375 0.04453125 0.0125 0.0234375
0 0.3921875 0.0296875 0.01171875 0.0171875
0 0.50625 0.00625 0.0125 0.0125
0 0.03359375 0.034375 0.0125 0.0171875
0 0.63984375 0.0296875 0.0140625 0.01796875
0 0.04375 0.04453125 0.01171875 0.01796875
0 0.23046875 0.01875 0.01171875 0.0140625
0 0.70234375 0.02265625 0.01171875 0.0171875
0 0.91328125 0.05703125 0.015625 0.0234375
0 0.5109375 0.0375 0.0140625 0.01953125
0 0.259375 0.0796875 0.0140625 0.01953125
0 0.190625 0.01796875 0.0109375 0.01328125
0 0.228125 0.19296875 0.01953125 0.03125
0 0.2046875 0.0328125 0.01171875 0.015625
0 0.065625 0.0265625 0.0140625 0.0171875
0 0.77265625 0.02578125 0.0140625 0.01796875
0 0.62890625 0.0703125 0.0140625 0.02109375
0 0.3984375 0.3859375 0.02734375 0.040625
0 0.2296875 0.0640625 0.01484375 0.02109375
0 0.253125 0.29375 0.02421875 0.0375
0 0.38125 0.0140625 0.0109375 0.015625
0 0.5484375 0.30390625 0.03125 0.0453125