1 0.43359375 0.765625 0.08203125 0.14453125
1 0.62578125 0.66015625 0.07734375 0.121875
1 0.53828125 0.778125 0.0953125 0.18125
1 0.31953125 0.6890625 0.075 0.13515625
1 0.22109375 0.8109375 0.0890625 0.15703125
1 0.31796875 0.91875 0.10625 0.1546875
1 0.528125 0.84140625 0.2109375 0.309375
1 0.4359375 0.6359375 0.065625 0.11796875
1 0.11640625 0.83125 0.0875 0.1484375
1 0.26328125 0.53046875 0.05 0.0875
1 0.7890625 0.59765625 0.0609375 0.10234375
1 0.49921875 0.59140625 0.99296875 0.80234375
1 0.871875 0.82265625 0.078125 0.15859375
1 0.73984375 0.85 0.096875 0.15625
1 0.33671875 0.59140625 0.06640625 0.096875
1 0.715625 0.74609375 0.0984375 0.14921875
1 0.9515625 0.92578125 0.09375 0.140625
1 0.26484375 0.665625 0.06328125 0.11796875
1 0.8875 0.58984375 0.05859375 0.096875
1 0.13203125 0.4796875 0.0484375 0.08359375
1 0.7203125 0.62734375 0.059375 0.10078125
1 0.46484375 0.546875 0.0484375 0.08125
1 0.2078125 0.51875 0.0484375 0.0734375
1 0.53046875 0.62265625 0.0578125 0.0890625
1 0.853125 0.7203125 0.07734375 0.11953125
1 0.56875 0.53359375 0.03984375 0.0734375
1 0.73125 0.884375 0.171875 0.22421875
1 0.128125 0.87578125 0.153125 0.24140625
1 0.6203125 0.515625 0.04296875 0.0671875
1 0.41328125 0.84375 0.1375 0.2984375
1 0.153125 0.55859375 0.046875 0.08671875
1 0.5234375 0.5265625 0.0484375 0.071875
1 0.18828125 0.59140625 0.0578125 0.09296875
1 0.709375 0.47734375 0.03984375 0.05859375
1 0.4671875 0.47421875 0.03984375 0.06015625
1 0.32890625 0.74453125 0.14921875 0.24609375
1 0.65390625 0.41640625 0.0359375 0.05859375
1 0.21953125 0.4015625 0.0359375 0.0640625
1 0.2203125 0.8640625 0.1203125 0.2625
1 0.95390625 0.69921875 0.0703125 0.12734375
1 0.55078125 0.45859375 0.0328125 0.0578125
1 0.825 0.53125 0.04296875 0.0671875
1 0.5046875 0.58359375 0.046875 0.0796875
1 0.87578125 0.51875 0.0484375 0.06796875
1 0.9734375 0.5578125 0.04765625 0.07734375
1 0.4359375 0.70234375 0.1265625 0.25390625
1 0.85390625 0.86796875 0.13359375 0.25546875
1 0.69921875 0.81171875 0.17578125 0.284375
1 0.16328125 0.71015625 0.075 0.1234375
1 0.63203125 0.46640625 0.03828125 0.0546875
1 0.51640625 0.43203125 0.0359375 0.05859375
1 0.5765625 0.4765625 0.0375 0.05390625
1 0.29375 0.49609375 0.0453125 0.071875
1 0.03203125 0.60390625 0.05546875 0.09453125
1 0.784375 0.6546875 0.0859375 0.21640625
1 0.45234375 0.42421875 0.03203125 0.0484375
1 0.7484375 0.45078125 0.03828125 0.06328125
1 0.30859375 0.428125 0.03515625 0.05859375
1 0.77421875 0.4796875 0.03984375 0.06015625
1 0.1875 0.45234375 0.03515625 0.0578125
1 0.6921875 0.55859375 0.05859375 0.10234375
1 0.97734375 0.77734375 0.040625 0.1359375
1 0.22109375 0.4640625 0.03984375 0.0578125
1 0.8125 0.446875 0.040625 0.046875
1 0.2484375 0.45078125 0.03125 0.0546875
1 0.58671875 0.42734375 0.03046875 0.0421875
1 0.71328125 0.4140625 0.03046875 0.05234375
1 0.61796875 0.4328125 0.03515625 0.05625
1 0.790625 0.425 0.03828125 0.05625
1 0.0296875 0.38046875 0.0390625 0.06015625
1 0.05546875 0.4765625 0.05 0.0828125
1 0.6203125 0.721875 0.1015625 0.24765625
1 0.11875 0.41015625 0.0390625 0.06328125
1 0.87421875 0.6078125 0.09453125 0.13515625
1 0.94296875 0.61484375 0.0578125 0.07578125
1 0.034375 0.525 0.0546875 0.071875
1 0.4859375 0.4109375 0.0328125 0.05390625
1 0.68828125 0.44609375 0.034375 0.05390625
1 0.88125 0.4078125 0.03125 0.05
1 0.0796875 0.38515625 0.0375 0.06328125
1 0.53671875 0.73359375 0.08671875 0.0984375
1 0.25859375 0.56328125 0.0859375 0.15078125
1 0.43515625 0.46015625 0.0265625 0.06015625
1 0.12578125 0.51875 0.07734375 0.1625
1 0.8875 0.4796875 0.0359375 0.046875
1 0.77265625 0.3921875 0.03203125 0.05078125
1 0.83125 0.4859375 0.0390625 0.05234375
1 0.1671875 0.42734375 0.0375 0.06796875
1 0.825 0.4078125 0.03203125 0.05
1 0.9015625 0.70390625 0.046875 0.08359375
1 0.76484375 0.55 0.05390625 0.0984375
1 0.56875 0.4015625 0.03046875 0.04296875
1 0.6921875 0.38984375 0.03046875 0.04296875
1 0.72578125 0.54453125 0.03828125 0.071875
1 0.01640625 0.6484375 0.0328125 0.1375
1 0.28515625 0.4140625 0.03125 0.05
1 0.0609375 0.5671875 0.059375 0.09296875
1 0.8515625 0.4015625 0.0328125 0.05859375
1 0.9515625 0.52265625 0.04296875 0.0671875
1 0.9578125 0.39140625 0.03515625 0.040625
1 0.525 0.6484375 0.10234375 0.140625
1 0.93828125 0.465625 0.03515625 0.05078125
1 0.09453125 0.41796875 0.0265625 0.0578125
1 0.190625 0.34375 0.02734375 0.04609375
1 0.978125 0.4359375 0.0328125 0.05390625
1 0.3234375 0.45546875 0.025 0.05390625
1 0.67265625 0.4859375 0.0328125 0.0390625
1 0.5515625 0.39375 0.03125 0.05078125
1 0.2234375 0.775 0.0828125 0.08515625
1 0.61171875 0.5875 0.0671875 0.09453125
1 0.2484375 0.38359375 0.03046875 0.04609375
1 0.1671875 0.6671875 0.07421875 0.11796875
1 0.04296875 0.7890625 0.084375 0.41171875