0 0.65703125 0.53671875 0.0265625 0.04140625
0 0.71953125 0.565625 0.03046875 0.05078125
0 0.29375 0.36875 0.0171875 0.0234375
0 0.85859375 0.35 0.01953125 0.02890625
0 0.2828125 0.33203125 0.01640625 0.02109375
0 0.315625 0.3375 0.01484375 0.0234375
0 0.60078125 0.6859375 0.03515625 0.05234375
0 0.06640625 0.61875 0.0328125 0.0484375
0 0.1828125 0.34765625 0.0140625 0.01796875
0 0.35625 0.296875 0.01171875 0.01796875
0 0.8921875 0.24765625 0.0140625 0.01796875
0 0.51953125 0.46875 0.0234375 0.03671875
0 0.40703125 0.36796875 0.01484375 0.025
0 0.7765625 0.3640625 0.01953125 0.0296875
0 0.46171875 0.4625 0.02421875 0.03125
0 0.84140625 0.32890625 0.01640625 0.02734375
0 0.2609375 0.5375 0.0234375 0.0328125
0 0.41875 0.4625 0.0234375 0.03671875
0 0.665625 0.39921875 0.0171875 0.025
0 0.37890625 0.3515625 0.0171875 0.02109375
0 0.0765625 0.40703125 0.015625 0.021875
0 0.44453125 0.59140625 0.03125 0.04453125
0 0.98671875 0.2328125 0.01640625 0.021875
0 0.99296875 0.2765625 0.01171875 0.021875
0 0.69453125 0.3921875 0.01484375 0.02109375
0 0.9515625 0.27890625 0.015625 0.02109375
0 0.71953125 0.96953125 0.059375 0.05859375
0 0.1 0.43046875 0.01640625 0.025
0 0.13984375 0.34140625 0.01484375 0.02109375
0 0.33671875 0.6 0.0265625 0.0390625
0 0.41875 0.39453125 0.01875 0.02578125
0 0.00703125 0.4546875 0.0140625 0.01953125
0 0.17265625 0.5671875 0.02734375 0.0375
0 0.36328125 0.33828125 0.015625 0.02109375
0 0.928125 0.2359375 0.0125 0.01796875
0 0.1234375 0.41875 0.01953125 0.025
0 0.1140625 0.39296875 0.0171875 0.01796875
0 0.15703125 0.41640625 0.0203125 0.0234375
0 0.86328125 0.2453125 0.015625 0.01953125
0 0.0046875 0.48125 0.009375 0.025
0 0.59765625 0.4015625 0.015625 0.021875
0 0.79375 0.2796875 0.0125 0.0140625
0 0.759375 0.2796875 0.0125 0.01328125
0 0.34765625 0.3640625 0.015625 0.021875
0 0.01484375 0.38046875 0.0171875 0.01796875
0 0.3328125 0.39453125 0.01953125 0.02578125
0 0.2421875 0.32265625 0.0140625 0.015625
0 0.3984375 0.29453125 0.0140625 0.01796875
0 0.25703125 0.2984375 0.0140625 0.01796875
0 0.1359375 0.4734375 0.015625 0.021875
0 0.01640625 0.43203125 0.015625 0.02109375
0 0.3140625 0.5453125 0.02265625 0.0328125
0 0.22578125 0.55625 0.01953125 0.0234375
0 0.20234375 0.3578125 0.01484375 0.01953125
0 0.03515625 0.3796875 0.015625 0.0171875
0 0.090625 0.375 0.01484375 0.02109375
0 0.0203125 0.334375 0.0140625 0.01796875
0 0.22109375 0.58125 0.0265625 0.0296875
0 0.3734375 0.2984375 0.01484375 0.02109375
0 0.6453125 0.32265625 0.01171875 0.01796875
0 0.7625 0.734375 0.0234375 0.03359375
0 0.0296875 0.5359375 0.02421875 0.0296875
0 0.2765625 0.4328125 0.0203125 0.025
0 0.20234375 0.26875 0.0140625 0.0171875
0 0.10078125 0.346875 0.015625 0.0171875
0 0.77109375 0.25078125 0.0109375 0.0171875
0 0.03046875 0.44453125 0.01875 0.021875
0 0.2265625 0.30078125 0.015625 0.0234375
0 0.603125 0.3703125 0.01484375 0.01953125
0 0.58046875 0.34453125 0.0109375 0.0140625
0 0.04140625 0.35 0.01484375 0.01796875
0 0.7140625 0.30390625 0.0125 0.0171875
0 0.7390625 0.2359375 0.009375 0.0140625
0 0.1546875 0.27890625 0.015625 0.01796875
0 0.121875 0.28515625 0.0140625 0.01796875
0 0.1515625 0.38125 0.015625 0.01796875
0 0.09453125 0.39453125 0.015625 0.02109375
0 0.07421875 0.2953125 0.01484375 0.01796875
0 0.6796875 0.29765625 0.01171875 0.0140625
0 0.05625 0.36328125 0.01484375 0.01796875
0 0.2171875 0.42578125 0.01640625 0.02109375
0 0.1796875 0.26796875 0.0140625 0.01796875
0 0.23125 0.2703125 0.01171875 0.0140625
0 0.21953125 0.3296875 0.0140625 0.0171875
0 0.790625 0.303125 0.0125 0.01796875
0 0.040625 0.40703125 0.0171875 0.021875
0 0.74140625 0.29453125 0.009375 0.015625
0 0.18828125 0.4390625 0.0171875 0.0234375
0 0.66875 0.33125 0.0125 0.0171875
0 0.803125 0.24296875 0.01171875 0.0140625
0 0.74453125 0.21796875 0.00859375 0.01171875
0 0.33515625 0.5609375 0.0234375 0.02578125
0 0.22578125 0.39921875 0.0171875 0.01953125
0 0.7078125 0.21953125 0.009375 0.0140625
0 0.8078125 0.2734375 0.0125 0.015625
0 0.71953125 0.221875 0.009375 0.0140625
0 0.18828125 0.41640625 0.01875 0.0234375
0 0.603125 0.4265625 0.01875 0.021875
0 0.10625 0.2734375 0.00859375 0.01640625
0 0.05625 0.3140625 0.01796875 0.0203125
0 0.0515625 0.284375 0.015625 0.01796875
0 0.1421875 0.2875 0.0140625 0.0171875
0 0.16875 0.303125 0.0125 0.0203125
0 0.10546875 0.3171875 0.01328125 0.01796875
0 0.9875 0.37109375 0.02421875 0.02109375
0 0.73984375 0.25 0.0140625 0.0140625