0 0.3984375 0.3359375 0.03125 0.04921875
0 0.94140625 0.2515625 0.0328125 0.046875
0 0.6578125 0.10625 0.02265625 0.0328125
0 0.41796875 0.125 0.0234375 0.03671875
0 0.5890625 0.17578125 0.02734375 0.0390625
0 0.50234375 0.25546875 0.0359375 0.0546875
0 0.1265625 0.16171875 0.0234375 0.03671875
0 0.325 0.05078125 0.02265625 0.03671875
0 0.22265625 0.146875 0.025 0.03359375
0 0.25546875 0.0875 0.02421875 0.0375
0 0.6375 0.1875 0.028125 0.03671875
0 0.1859375 0.16640625 0.02734375 0.03671875
0 0.20859375 0.40625 0.034375 0.04921875
0 0.6234375 0.14921875 0.0234375 0.0328125
0 0.64140625 0.23671875 0.03203125 0.04921875
0 0.46171875 0.31953125 0.03046875 0.0484375
0 0.81953125 0.05703125 0.021875 0.03125
0 0.16484375 0.19453125 0.03046875 0.040625
0 0.603125 0.24375 0.03203125 0.05078125
0 0.4578125 0.0171875 0.0171875 0.02890625
0 0.35078125 0.38046875 0.03515625 0.0546875
0 0.33671875 0.12421875 0.0203125 0.0296875
0 0.8265625 0.01015625 0.01875 0.0203125
0 0.496875 0.00625 0.01875 0.0125
0 0.77109375 0.06875 0.02265625 0.02890625
0 0.553125 0.21796875 0.03046875 0.0375
0 0.3921875 0.28828125 0.02734375 0.0328125
0 0.21796875 0.00625 0.0171875 0.0125
0 0.76875 0.01875 0.01953125 0.02734375
0 0.15625 0.01015625 0.01875 0.0203125
0 0.14140625 0.475 0.0421875 0.06015625
0 0.1734375 0.2546875 0.0296875 0.040625
0 0.70546875 0.13828125 0.02421875 0.02890625
0 0.053125 0.45625 0.05 0.07421875
0 0.73125 0.09375 0.01875 0.0234375
0 0.24296875 0.42421875 0.03984375 0.0625
0 0.29375 0.00625 0.01875 0.01171875
0 0.54921875 0.01796875 0.01640625 0.02578125
0 0.9921875 0.009375 0.0125 0.01875
0 0.70859375 0.10703125 0.0203125 0.0234375
0 0.01640625 0.41796875 0.03046875 0.04453125
0 0.2171875 0.05 0.021875 0.0328125
0 0.85234375 0.00703125 0.01484375 0.0140625
0 0.575 0.24921875 0.02734375 0.0484375
0 0.790625 0.0125 0.01640625 0.025
0 0.73359375 0.0453125 0.0171875 0.021875
0 0.790625 0.06796875 0.01640625 0.03125