1 0.3609375 0.56328125 0.0953125 0.2328125
1 0.409375 0.7171875 0.359375 0.55
1 0.11796875 0.65859375 0.0453125 0.121875
1 0.74296875 0.41171875 0.0421875 0.10859375
1 0.18671875 0.41015625 0.040625 0.121875
1 0.896875 0.61796875 0.04296875 0.11875
1 0.63203125 0.77265625 0.046875 0.10546875
1 0.4609375 0.56484375 0.05078125 0.11875
1 0.6359375 0.40234375 0.03671875 0.0953125
1 0.571875 0.1046875 0.03359375 0.09765625
1 0.47421875 0.15234375 0.034375 0.09765625
1 0.6578125 0.08828125 0.03203125 0.103125
1 0.771875 0.2609375 0.03828125 0.09765625
1 0.803125 0.5015625 0.0359375 0.09765625
1 0.3484375 0.0859375 0.0359375 0.0875
1 0.2796875 0.665625 0.05078125 0.13515625
1 0.73984375 0.68359375 0.03984375 0.09765625
1 0.0515625 0.63125 0.03984375 0.1296875
1 0.73828125 0.83359375 0.04453125 0.0953125
1 0.31015625 0.3375 0.03828125 0.09296875
1 0.54609375 0.5625 0.0453125 0.13515625
1 0.28359375 0.1453125 0.0359375 0.0953125
1 0.478125 0.49765625 0.8890625 0.97890625
1 0.81328125 0.1546875 0.03671875 0.09296875
1 0.60390625 0.59921875 0.04453125 0.11875
1 0.871875 0.12265625 0.03359375 0.08203125
1 0.61796875 0.20390625 0.03359375 0.0796875
1 0.15703125 0.85546875 0.04921875 0.103125
1 0.08359375 0.09375 0.0359375 0.08203125
1 0.46875 0.3109375 0.0359375 0.103125
1 0.1234375 0.83203125 0.04453125 0.1453125
1 0.68359375 0.63359375 0.04921875 0.1140625
1 0.08671875 0.47109375 0.04921875 0.121875
1 0.40546875 0.209375 0.03828125 0.0953125
1 0.68515625 0.096875 0.034375 0.0875
1 0.534375 0.24609375 0.03203125 0.084375
1 0.74375 0.5421875 0.0484375 0.10546875
1 0.74609375 0.58046875 0.0875 0.1875
1 0.25 0.1796875 0.03359375 0.084375
1 0.2421875 0.37578125 0.03984375 0.10546875
1 0.5984375 0.45390625 0.0421875 0.10859375
1 0.86015625 0.49609375 0.0453125 0.11875
1 0.47734375 0.42421875 0.0484375 0.1140625
1 0.15390625 0.4765625 0.03125 0.0953125
1 0.63046875 0.9671875 0.053125 0.05546875
1 0.69140625 0.31875 0.03671875 0.09296875
1 0.440625 0.09765625 0.03203125 0.0796875
1 0.6640625 0.52265625 0.046875 0.1140625
1 0.3015625 0.48046875 0.034375 0.09765625
1 0.63828125 0.25625 0.034375 0.10078125
1 0.16796875 0.0875 0.03203125 0.084375
1 0.5953125 0.7078125 0.03828125 0.09765625
1 0.4984375 0.18515625 0.034375 0.08984375
1 0.13359375 0.05390625 0.034375 0.0765625
1 0.19921875 0.45625 0.09765625 0.2140625
1 0.53515625 0.29609375 0.08515625 0.18515625
1 0.7671875 0.225 0.03828125 0.084375
1 0.075 0.240625 0.03828125 0.084375
1 0.153125 0.896875 0.06640625 0.18515625
1 0.53125 0.1109375 0.03203125 0.0796875
1 0.2046875 0.165625 0.04453125 0.09765625
1 0.5015625 0.665625 0.046875 0.11875
1 0.83046875 0.21953125 0.0953125 0.221875
1 0.64296875 0.84765625 0.05703125 0.09765625
1 0.18984375 0.7734375 0.04453125 0.11875
1 0.39140625 0.3890625 0.03671875 0.0796875
1 0.72578125 0.74765625 0.10390625 0.225
1 0.30859375 0.26484375 0.03984375 0.084375
1 0.8515625 0.3203125 0.040625 0.1109375
1 0.83984375 0.5625 0.10234375 0.2515625
1 0.05 0.53671875 0.03359375 0.07421875
1 0.0875 0.78984375 0.03671875 0.0875
1 0.0453125 0.2390625 0.025 0.09765625
1 0.72265625 0.88984375 0.11015625 0.209375
1 0.2046875 0.66796875 0.04296875 0.09765625
1 0.77890625 0.3078125 0.08125 0.225
1 0.07890625 0.26953125 0.05703125 0.14296875
1 0.1515625 0.20625 0.040625 0.084375
1 0.18671875 0.96015625 0.0546875 0.06875
1 0.67578125 0.165625 0.10234375 0.25625
1 0.75234375 0.11015625 0.03359375 0.0875
1 0.434375 0.66171875 0.0421875 0.084375
1 0.73671875 0.446875 0.0953125 0.19609375
1 0.41640625 0.1015625 0.0296875 0.08203125
1 0.4109375 0.57578125 0.0296875 0.12421875
1 0.8875 0.05703125 0.03671875 0.07109375
1 0.05078125 0.3796875 0.034375 0.103125
1 0.23046875 0.25390625 0.0484375 0.0953125
1 0.78984375 0.10703125 0.03359375 0.09296875
1 0.47734375 0.1828125 0.0703125 0.15859375
1 0.1515625 0.25390625 0.10703125 0.190625
1 0.3453125 0.38125 0.0484375 0.10546875
1 0.42734375 0.3109375 0.03984375 0.1140625
1 0.5734375 0.1703125 0.075 0.23515625
1 0.84296875 0.36875 0.09609375 0.209375
1 0.321875 0.20625 0.03828125 0.0796875
1 0.078125 0.828125 0.0578125 0.1640625
1 0.5515625 0.46171875 0.04453125 0.09296875
1 0.28671875 0.596875 0.040625 0.08203125
1 0.75859375 0.940625 0.0359375 0.09296875
1 0.1453125 0.66171875 0.028125 0.10546875
1 0.890625 0.6546875 0.065625 0.1984375
1 0.08828125 0.3796875 0.0453125 0.0875
1 0.24296875 0.43515625 0.078125 0.23046875
1 0.18203125 0.5765625 0.04296875 0.10078125
1 0.734375 0.3265625 0.034375 0.0765625
1 0.3421875 0.13515625 0.08125 0.19609375
1 0.321875 0.09921875 0.03203125 0.0765625
1 0.63515625 0.28828125 0.0703125 0.16953125
1 0.6609375 0.015625 0.03125 0.03125
1 0.875 0.15703125 0.08359375 0.20390625
1 0.56015625 0.34375 0.0359375 0.08984375
1 0.596875 0.3609375 0.0359375 0.0875
1 0.1109375 0.86875 0.071875 0.21953125
1 0.4828125 0.48515625 0.09609375 0.24609375
1 0.91640625 0.76328125 0.01640625 0.103125
1 0.0671875 0.028125 0.028125 0.05546875
1 0.14921875 0.28828125 0.04453125 0.10078125
1 0.90625 0.4390625 0.03671875 0.121875
1 0.23984375 0.58984375 0.04453125 0.121875
1 0.7984375 0.70390625 0.0453125 0.1109375
1 0.428125 0.36796875 0.078125 0.2328125