0 0.2328125 0.17421875 0.021875 0.03125
0 0.31640625 0.1328125 0.015625 0.0234375
0 0.88984375 0.38125 0.0390625 0.05234375
0 0.57734375 0.1359375 0.01640625 0.02734375
0 0.28203125 0.22421875 0.02265625 0.03125
0 0.5375 0.25390625 0.02265625 0.03359375
0 0.54375 0.0765625 0.01640625 0.021875
0 0.19140625 0.19140625 0.0234375 0.02890625
0 0.08359375 0.17890625 0.02265625 0.02734375
0 0.546875 0.1390625 0.01953125 0.02578125
0 0.45234375 0.04765625 0.01484375 0.01953125
0 0.1546875 0.5484375 0.046875 0.0625
0 0.23125 0.2203125 0.02265625 0.03125
0 0.90703125 0.01796875 0.015625 0.01796875
0 0.26484375 0.1984375 0.01953125 0.02734375
0 0.915625 0.14375 0.01953125 0.02734375
0 0.57734375 0.25078125 0.0234375 0.03515625
0 0.2171875 0.1328125 0.01953125 0.02578125
0 0.44453125 0.2484375 0.0234375 0.0328125
0 0.3046875 0.16171875 0.01953125 0.02578125
0 0.040625 0.4171875 0.034375 0.04296875
0 0.3796875 0.21640625 0.021875 0.02578125
0 0.371875 0.346875 0.0265625 0.0375
0 0.45234375 0.1171875 0.01875 0.02578125
0 0.65 0.2046875 0.02421875 0.03359375
0 0.76796875 0.1140625 0.01875 0.021875
0 0.4140625 0.146875 0.0171875 0.02578125
0 0.3359375 0.12265625 0.0171875 0.0234375
0 0.38984375 0.2484375 0.02265625 0.03125
0 0.3765625 0.171875 0.0203125 0.02578125
0 0.25546875 0.13203125 0.01875 0.021875
0 0.36484375 0.07578125 0.01640625 0.02109375
0 0.1453125 0.20078125 0.025 0.03125
0 0.16875 0.14765625 0.01875 0.025
0 0.109375 0.1078125 0.01953125 0.025
0 0.64140625 0.04375 0.015625 0.01953125
0 0.84453125 0.02265625 0.01484375 0.01953125
0 0.67734375 0.0671875 0.01484375 0.021875
0 0.61484375 0.17421875 0.02265625 0.03125
0 0.40078125 0.0890625 0.01484375 0.021875
0 0.6140625 0.21328125 0.021875 0.0234375
0 0.971875 0.36015625 0.02421875 0.0296875
0 0.659375 0.0171875 0.01484375 0.01953125
0 0.7171875 0.009375 0.015625 0.01875
0 0.1296875 0.1296875 0.0171875 0.025
0 0.934375 0.0875 0.0171875 0.0234375
0 0.28515625 0.69375 0.0484375 0.08046875
0 0.50859375 0.0859375 0.01484375 0.02109375
0 0.28515625 0.3046875 0.021875 0.03359375
0 0.75078125 0.025 0.01484375 0.01953125
0 0.7765625 0.01328125 0.015625 0.02109375
0 0.4875 0.05625 0.01484375 0.021875
0 0.42109375 0.1 0.01640625 0.0234375
0 0.796875 0.0203125 0.015625 0.0171875
0 0.73671875 0.0953125 0.01875 0.02578125
0 0.934375 0.04375 0.01484375 0.01953125
0 0.45859375 0.415625 0.03046875 0.04296875
0 0.89140625 0.00703125 0.015625 0.0140625
0 0.6109375 0.0609375 0.01484375 0.02109375
0 0.9671875 0.0390625 0.01640625 0.02109375
0 0.6828125 0.040625 0.015625 0.01953125
0 0.92890625 0.00625 0.01640625 0.01171875
0 0.5921875 0.0609375 0.015625 0.01953125
0 0.99375 0.16328125 0.009375 0.02734375
0 0.7796875 0.225 0.02421875 0.03671875
0 0.82578125 0.0140625 0.01484375 0.02109375
0 0.9828125 0.1390625 0.021875 0.02578125
0 0.346875 0.22578125 0.0203125 0.02734375
0 0.3875 0.0734375 0.015625 0.01953125
0 0.41328125 0.2125 0.01953125 0.02578125
0 0.7328125 0.0421875 0.01484375 0.0171875
0 0.65859375 0.0546875 0.01875 0.02109375
0 0.43203125 0.00859375 0.01640625 0.0171875
0 0.7140625 0.04296875 0.01484375 0.01796875
0 0.74140625 0.00625 0.01484375 0.01171875
0 0.12890625 0.2296875 0.0234375 0.0296875
0 0.4078125 0.03046875 0.01484375 0.01953125
0 0.98515625 0.040625 0.015625 0.021875
0 0.975 0.01875 0.01640625 0.01953125
0 0.940625 0.0234375 0.01640625 0.01796875
0 0.85390625 0.00546875 0.01484375 0.01015625
0 0.9546875 0.1546875 0.021875 0.0328125
0 0.99375 0.01953125 0.009375 0.02109375
0 0.12421875 0.26171875 0.02421875 0.03125
0 0.603125 0.09453125 0.01640625 0.025
0 0.9578125 0.01796875 0.015625 0.01796875
0 0.359375 0.44375 0.0171875 0.02578125
0 0.0265625 0.3734375 0.0359375 0.0375
0 0.2171875 0.31171875 0.028125 0.0375
0 0.63203125 0.0078125 0.01484375 0.015625
0 0.81171875 0.06015625 0.01484375 0.02109375
0 0.3703125 0.03046875 0.01484375 0.01953125
0 0.409375 0.01015625 0.01484375 0.01796875
0 0.475 0.0796875 0.01875 0.02734375
0 0.2703125 0.15703125 0.01953125 0.025
0 0.98125 0.3890625 0.03203125 0.0375
0 0.678125 0.0203125 0.01484375 0.0171875