0 0.60234375 0.34921875 0.03125 0.04921875
0 0.38203125 0.33046875 0.021875 0.03125
0 0.88984375 0.39921875 0.04375 0.05625
0 0.71640625 0.13515625 0.01640625 0.02578125
0 0.040625 0.3625 0.0234375 0.0328125
0 0.25546875 0.19765625 0.0125 0.01796875
0 0.12578125 0.253125 0.0171875 0.021875
0 0.66171875 0.315625 0.0265625 0.040625
0 0.74140625 0.09140625 0.01640625 0.0234375
0 0.56953125 0.44921875 0.03125 0.0546875
0 0.46953125 0.50625 0.034375 0.04921875
0 0.63125 0.52421875 0.0421875 0.0609375
0 0.43046875 0.2109375 0.01640625 0.02578125
0 0.1609375 0.3171875 0.0171875 0.0296875
0 0.79921875 0.1203125 0.01875 0.02734375
0 0.15703125 0.2484375 0.015625 0.0234375
0 0.35625 0.1859375 0.01484375 0.02109375
0 0.98359375 0.525 0.03046875 0.08046875
0 0.78515625 0.8171875 0.053125 0.08203125
0 0.071875 0.2921875 0.021875 0.0296875
0 0.9140625 0.0296875 0.015625 0.0234375
0 0.53203125 0.13125 0.015625 0.01953125
0 0.8109375 0.0609375 0.015625 0.0234375
0 0.353125 0.26875 0.01875 0.02734375
0 0.43828125 0.1296875 0.015625 0.025
0 0.66328125 0.06875 0.0140625 0.01953125
0 0.47109375 0.11328125 0.01484375 0.0234375
0 0.096875 0.2796875 0.01875 0.025
0 0.71953125 0.30546875 0.03046875 0.0328125
0 0.3078125 0.175 0.01484375 0.01953125
0 0.1734375 0.25546875 0.0171875 0.02578125
0 0.7640625 0.01875 0.0140625 0.01953125
0 0.87578125 0.06328125 0.01484375 0.021875
0 0.4828125 0.24375 0.0171875 0.03125
0 0.3390625 0.1796875 0.01484375 0.01796875
0 0.38203125 0.17578125 0.0140625 0.0234375
0 0.2125 0.2921875 0.01875 0.0296875
0 0.2734375 0.22890625 0.0171875 0.0234375
0 0.0046875 0.2984375 0.009375 0.025
0 0.11015625 0.3171875 0.021875 0.02734375
0 0.20078125 0.22890625 0.01484375 0.02109375
0 0.1515625 0.28828125 0.0203125 0.025
0 0.80625 0.03046875 0.0125 0.01953125
0 0.290625 0.19296875 0.01640625 0.0234375
0 0.72734375 0.34453125 0.03828125 0.0484375
0 0.04375 0.3296875 0.0203125 0.02734375
0 0.39609375 0.20390625 0.01484375 0.021875
0 0.41328125 0.1546875 0.01484375 0.021875
0 0.6828125 0.05 0.01171875 0.0171875
0 0.2953125 0.2359375 0.0171875 0.0234375
0 0.5640625 0.06875 0.0140625 0.01796875
0 0.64140625 0.0421875 0.009375 0.0140625
0 0.628125 0.04140625 0.0109375 0.015625
0 0.39765625 0.14140625 0.01640625 0.021875
0 0.12578125 0.2828125 0.01953125 0.0234375
0 0.190625 0.30078125 0.01875 0.03125
0 0.2453125 0.253125 0.01640625 0.021875
0 0.71328125 0.1984375 0.0203125 0.0296875
0 0.496875 0.0515625 0.0125 0.01953125
0 0.35859375 0.14921875 0.01484375 0.01953125
0 0.290625 0.28828125 0.0171875 0.025
0 0.93828125 0.0625 0.01875 0.02578125
0 0.90703125 0.00703125 0.01640625 0.0140625
0 0.04609375 0.30078125 0.0234375 0.02578125
0 0.61875 0.0546875 0.0125 0.015625
0 0.353125 0.21875 0.01640625 0.02578125
0 0.54375 0.0359375 0.01171875 0.0171875
0 0.7890625 0.01796875 0.0140625 0.01796875
0 0.5921875 0.06953125 0.01171875 0.0140625
0 0.609375 0.0421875 0.009375 0.0140625
0 0.609375 0.0765625 0.0140625 0.01953125
0 0.62578125 0.0875 0.015625 0.01953125
0 0.5765625 0.09296875 0.0140625 0.01953125
0 0.5578125 0.03046875 0.0109375 0.0140625
0 0.65703125 0.04296875 0.0109375 0.01328125
0 0.00703125 0.3265625 0.0140625 0.02890625
0 0.84453125 0.05390625 0.0171875 0.021875
0 0.58046875 0.0375 0.0109375 0.01796875
0 0.33046875 0.325 0.0203125 0.0296875
0 0.97265625 0.05078125 0.0171875 0.02109375
0 0.559375 0.046875 0.0125 0.01796875
0 0.68125 0.00625 0.0125 0.01171875
0 0.52265625 0.08828125 0.0140625 0.01796875
0 0.259375 0.28515625 0.01875 0.0234375
0 0.5375 0.0609375 0.0125 0.01796875
0 0.1828125 0.5578125 0.03828125 0.04296875
0 0.57734375 0.07265625 0.01171875 0.015625
0 0.5703125 0.0203125 0.009375 0.0140625
0 0.64453125 0.06328125 0.0140625 0.01953125
0 0.2296875 0.61953125 0.040625 0.0546875
0 0.6328125 0.01953125 0.009375 0.015625
0 0.66875 0.00625 0.009375 0.01171875
0 0.96953125 0.0171875 0.0171875 0.025
0 0.5921875 0.0296875 0.0109375 0.01328125
0 0.4953125 0.09296875 0.0140625 0.01953125
0 0.31875 0.23515625 0.01875 0.02734375
0 0.50390625 0.11171875 0.0140625 0.01796875
0 0.509375 0.071875 0.0140625 0.01953125
0 0.30234375 0.21328125 0.01640625 0.02109375
0 0.2125 0.2484375 0.01875 0.03125
0 0.603125 0.021875 0.009375 0.015625
0 0.440625 0.1578125 0.01640625 0.0234375
0 0.5875 0.0125 0.0109375 0.0140625
0 0.6453125 0.08671875 0.0140625 0.01953125
0 0.65390625 0.01875 0.0109375 0.0140625
0 0.03203125 0.9234375 0.0640625 0.109375
0 0.65703125 0.00546875 0.0109375 0.01015625
0 0.2546875 0.21796875 0.01640625 0.025
0 0.378125 0.2171875 0.01640625 0.0234375
0 0.26953125 0.30625 0.0171875 0.02578125
0 0.5359375 0.09140625 0.0140625 0.01796875