0 0.6546875 0.2296875 0.0171875 0.02734375
0 0.91328125 0.4453125 0.03515625 0.04921875
0 0.5578125 0.59921875 0.0390625 0.05703125
0 0.06953125 0.68125 0.053125 0.0625
0 0.88984375 0.8515625 0.05546875 0.078125
0 0.54375 0.084375 0.015625 0.02578125
0 0.94375 0.0890625 0.01640625 0.021875
0 0.7953125 0.66015625 0.0390625 0.06484375
0 0.9171875 0.1171875 0.015625 0.0234375
0 0.565625 0.0828125 0.0171875 0.02734375
0 0.371875 0.1484375 0.01875 0.02890625
0 0.6859375 0.8421875 0.046875 0.0703125
0 0.86796875 0.290625 0.02265625 0.03515625
0 0.23984375 0.446875 0.034375 0.0453125
0 0.1390625 0.66640625 0.0515625 0.06484375
0 0.8609375 0.4234375 0.028125 0.04453125
0 0.90859375 0.0875 0.01484375 0.0234375
0 0.81640625 0.0921875 0.0171875 0.0234375
0 0.3734375 0.21953125 0.02421875 0.0328125
0 0.56953125 0.1984375 0.02265625 0.0328125
0 0.20859375 0.0859375 0.01875 0.02578125
0 0.81328125 0.33046875 0.021875 0.02578125
0 0.87109375 0.1265625 0.0171875 0.02578125
0 0.7546875 0.0515625 0.01640625 0.021875
0 0.0234375 0.24375 0.0234375 0.0328125
0 0.6984375 0.08828125 0.015625 0.02578125
0 0.6671875 0.0875 0.0171875 0.02578125
0 0.184375 0.11953125 0.01875 0.02890625
0 0.7125 0.0375 0.01875 0.0234375
0 0.12421875 0.2015625 0.0265625 0.03125
0 0.978125 0.08515625 0.01640625 0.021875
0 0.0453125 0.1234375 0.0203125 0.03125
0 0.63984375 0.0640625 0.0171875 0.0234375
0 0.9265625 0.0296875 0.015625 0.02109375
0 0.7234375 0.1546875 0.0171875 0.03125
0 0.8109375 0.11953125 0.01953125 0.02890625
0 0.4015625 0.23203125 0.0171875 0.02578125
0 0.32734375 0.19765625 0.0234375 0.03359375
0 0.4484375 0.190625 0.021875 0.0296875
0 0.575 0.1140625 0.01875 0.02734375
0 0.1453125 0.5046875 0.0375 0.0453125
0 0.9390625 0.12578125 0.01640625 0.025
0 0.2 0.14296875 0.01953125 0.03125
0 0.1546875 0.56796875 0.040625 0.05703125
0 0.675 0.2296875 0.01953125 0.0328125
0 0.09453125 0.29296875 0.02734375 0.0390625
0 0.19296875 0.3296875 0.02421875 0.0296875
0 0.9546875 0.0390625 0.01484375 0.02109375
0 0.9578125 0.071875 0.01484375 0.01953125
0 0.665625 0.1984375 0.0171875 0.025
0 0.9125 0.0171875 0.01484375 0.02109375
0 0.6203125 0.05546875 0.015625 0.025
0 0.24296875 0.09375 0.0203125 0.02578125
0 0.1375 0.2625 0.02265625 0.0296875
0 0.253125 0.1234375 0.02265625 0.0390625
0 0.790625 0.14375 0.015625 0.025
0 0.18828125 0.00625 0.0171875 0.0125
0 0.20546875 0.43671875 0.028125 0.0328125
0 0.17109375 0.0125 0.01640625 0.025
0 0.07734375 0.34921875 0.0234375 0.03125
0 0.04921875 0.2625 0.02421875 0.025
0 0.95546875 0.00546875 0.01484375 0.01015625
0 0.00625 0.66171875 0.0125 0.05234375
0 0.99375 0.06953125 0.009375 0.021875
0 0.096875 0.00625 0.01875 0.0125
0 0.99375 0.00625 0.009375 0.01171875
0 0.7484375 0.94140625 0.04375 0.06484375