0 0.0296875 0.01953125 0.01484375 0.0234375
0 0.075 0.525 0.04765625 0.0625
0 0.0796875 0.08046875 0.0171875 0.02578125
0 0.3578125 0.5296875 0.04765625 0.07265625
0 0.440625 0.05546875 0.01640625 0.025
0 0.009375 0.18125 0.01875 0.040625
0 0.20234375 0.13046875 0.0203125 0.03125
0 0.1859375 0.03671875 0.015625 0.0234375
0 0.1234375 0.0984375 0.01640625 0.02734375
0 0.63125 0.31875 0.02265625 0.03359375
0 0.421875 0.06171875 0.0171875 0.025
0 0.653125 0.36875 0.0171875 0.02734375
0 0.34453125 0.03671875 0.01640625 0.02578125
0 0.26640625 0.05390625 0.01484375 0.025
0 0.18671875 0.0640625 0.01484375 0.02578125
0 0.040625 0.09296875 0.0171875 0.025
0 0.00859375 0.01953125 0.01484375 0.02109375
0 0.228125 0.01953125 0.01484375 0.0234375
0 0.06953125 0.0578125 0.01484375 0.021875
0 0.190625 0.00859375 0.01484375 0.0171875
0 0.12890625 0.0375 0.015625 0.02109375
0 0.115625 0.00625 0.0125 0.01171875
0 0.02109375 0.08828125 0.01640625 0.0234375
0 0.846875 0.86875 0.0265625 0.03125
0 0.009375 0.05703125 0.015625 0.0234375
0 0.8609375 0.64921875 0.025 0.0328125
0 0.09296875 0.0546875 0.01484375 0.02109375
0 0.08046875 0.00625 0.01484375 0.01171875
0 0.86796875 0.9109375 0.025 0.03515625
0 0.684375 0.29296875 0.01875 0.03125
0 0.06640625 0.0328125 0.015625 0.0234375
0 0.0046875 0.08125 0.00859375 0.025
0 0.15703125 0.0703125 0.01640625 0.0234375