0 0.3734375 0.2890625 0.02734375 0.04453125
0 0.01875 0.35546875 0.0375 0.0625
0 0.128125 0.27421875 0.028125 0.04296875
0 0.3328125 0.09453125 0.01953125 0.0296875
0 0.2078125 0.32578125 0.02734375 0.0390625
0 0.33359375 0.36875 0.03046875 0.0484375
0 0.1703125 0.19765625 0.02734375 0.0390625
0 0.44453125 0.1515625 0.021875 0.03515625
0 0.2703125 0.2359375 0.0234375 0.0390625
0 0.28046875 0.36875 0.0328125 0.0546875
0 0.81171875 0.546875 0.05 0.078125
0 0.37578125 0.10390625 0.01953125 0.03125
0 0.20234375 0.2421875 0.03203125 0.046875
0 0.08359375 0.15703125 0.02265625 0.0296875
0 0.33125 0.18828125 0.0203125 0.0328125
0 0.11875 0.20546875 0.02734375 0.03671875
0 0.6375 0.49296875 0.03984375 0.0640625
0 0.040625 0.11796875 0.0171875 0.025
0 0.0609375 0.33125 0.03515625 0.0484375
0 0.02734375 0.2234375 0.03125 0.0453125
0 0.5375 0.315625 0.03125 0.0484375
0 0.29921875 0.11875 0.01875 0.03125
0 0.28203125 0.09921875 0.0171875 0.02578125
0 0.67421875 0.2921875 0.028125 0.040625
0 0.49453125 0.08671875 0.02265625 0.0328125
0 0.53515625 0.20078125 0.025 0.0390625
0 0.74375 0.6921875 0.04765625 0.07421875
0 0.375 0.1625 0.0234375 0.0375
0 0.78359375 0.0359375 0.02421875 0.03515625
0 0.8390625 0.13046875 0.0296875 0.0390625
0 0.9 0.34375 0.04375 0.05703125
0 0.97109375 0.32265625 0.03828125 0.05703125
0 0.2359375 0.2671875 0.028125 0.04921875
0 0.54375 0.0875 0.0203125 0.0296875
0 0.9625 0.07421875 0.02734375 0.0390625
0 0.37578125 0.04453125 0.0171875 0.02578125
0 0.30546875 0.0546875 0.0171875 0.02578125
0 0.13125 0.11796875 0.0203125 0.0296875
0 0.00703125 0.15 0.0140625 0.03125
0 0.571875 0.8 0.05625 0.1
0 0.0125 0.06796875 0.01640625 0.0234375
0 0.04765625 0.05625 0.015625 0.0234375
0 0.84453125 0.0375 0.021875 0.0375
0 0.62421875 0.08046875 0.0234375 0.03671875
0 0.75078125 0.08828125 0.0234375 0.03671875
0 0.69453125 0.10625 0.02734375 0.0375
0 0.4890625 0.01796875 0.0171875 0.02578125
0 0.6359375 0.0109375 0.021875 0.021875
0 0.26484375 0.1859375 0.025 0.03359375
0 0.08125 0.0578125 0.0140625 0.01953125
0 0.39296875 0.0703125 0.01875 0.02578125
0 0.36328125 0.0203125 0.015625 0.025
0 0.03828125 0.1859375 0.021875 0.0296875
0 0.696875 0.06953125 0.0203125 0.0296875
0 0.46796875 0.15390625 0.01875 0.03125
0 0.1078125 0.08125 0.01484375 0.025
0 0.79765625 0.2046875 0.02734375 0.0375
0 0.728125 0.00625 0.0234375 0.01171875
0 0.83671875 0.00625 0.02265625 0.01171875
0 0.909375 0.065625 0.025 0.040625
0 0.11484375 0.00859375 0.01484375 0.0171875
0 0.78046875 0.00625 0.0203125 0.01171875
0 0.2796875 0.05 0.0171875 0.025
0 0.56171875 0.0109375 0.0171875 0.021875
0 0.3953125 0.04296875 0.0171875 0.02578125
0 0.5171875 0.0765625 0.01953125 0.03359375
0 0.55625 0.11875 0.0203125 0.03671875
0 0.12578125 0.0796875 0.01640625 0.0234375
0 0.534375 0.02265625 0.0171875 0.0296875
0 0.034375 0.00859375 0.01484375 0.0171875
0 0.43671875 0.040625 0.0171875 0.0296875
0 0.50546875 0.38671875 0.0359375 0.04921875
0 0.58046875 0.04375 0.0203125 0.0296875
0 0.134375 0.41640625 0.025 0.03671875
0 0.3984375 0.12890625 0.021875 0.03359375
0 0.43046875 0.00859375 0.01875 0.0171875
0 0.68046875 0.2578125 0.0203125 0.02578125
0 0.03046875 0.04765625 0.0125 0.0171875
0 0.1265625 0.04296875 0.01484375 0.01796875
0 0.89609375 0.0078125 0.0203125 0.015625
0 0.00625 0.01640625 0.0125 0.021875
0 0.26796875 0.009375 0.0140625 0.01875
0 0.1140625 0.06015625 0.0140625 0.01796875
0 0.40859375 0.009375 0.0171875 0.01875
0 0.2625 0.0859375 0.0140625 0.0234375