0 0.26015625 0.41640625 0.08671875 0.0625
0 0.27578125 0.01640625 0.0390625 0.0328125
0 0.5484375 0.040625 0.0671875 0.05234375
0 0.38125 0.12265625 0.0609375 0.05234375
0 0.79140625 0.078125 0.05546875 0.0484375
0 0.025 0.20703125 0.05 0.05
0 0.51796875 0.16328125 0.07265625 0.05
0 0.8328125 0.12734375 0.0609375 0.0546875
0 0.04453125 0.275 0.07265625 0.0609375
0 0.11015625 0.784375 0.103125 0.08359375
0 0.31171875 0.1140625 0.0609375 0.05234375
0 0.625 0.11484375 0.06953125 0.0546875
0 0.65078125 0.27109375 0.075 0.0609375
0 0.37734375 0.03359375 0.053125 0.0546875
0 0.22109375 0.17265625 0.06953125 0.05234375
0 0.796875 0.23203125 0.07265625 0.0546875
0 0.4625 0.3828125 0.09453125 0.0671875
0 0.503125 0.0890625 0.0640625 0.05234375
0 0.30078125 0.26484375 0.07265625 0.0609375
0 0.25234375 0.521875 0.0921875 0.0734375
0 0.4390625 0.26328125 0.075 0.0625
0 0.73125 0.16953125 0.0640625 0.0546875
0 0.1140625 0.13984375 0.0671875 0.05
0 0.665625 0.36796875 0.1 0.075
0 0.5640625 0.60234375 0.1140625 0.07109375
0 0.73515625 0.6703125 0.1171875 0.0859375
0 0.25234375 0.6546875 0.09765625 0.0796875
0 0.91328125 0.26328125 0.078125 0.05859375
0 0.06015625 0.521875 0.08046875 0.07734375
0 0.5390625 0.48828125 0.09765625 0.0734375
0 0.81640625 0.5328125 0.09453125 0.07734375
0 0.9234375 0.1640625 0.0640625 0.05234375
0 0.97890625 0.04921875 0.0359375 0.0484375
0 0.215625 0.2921875 0.075 0.0609375
0 0.01953125 0.0703125 0.0390625 0.03984375
0 0.03046875 0.36953125 0.0609375 0.06875
0 0.3484375 0.21953125 0.07265625 0.05859375
0 0.84140625 0.3359375 0.08359375 0.0609375
0 0.28671875 0.06171875 0.05546875 0.04375
0 0.921875 0.028125 0.05 0.0484375
0 0.1953125 0.04609375 0.05 0.04609375
0 0.9734375 0.45625 0.04765625 0.08359375
0 0.55859375 0.22265625 0.075 0.0609375
0 0.0890625 0.07734375 0.0609375 0.0375
0 0.775 0.01328125 0.053125 0.0265625
0 0.02109375 0.021875 0.04140625 0.03984375
0 0.4890625 0.009375 0.04765625 0.01875
0 0.6796875 0.090625 0.05 0.0609375
0 0.40234375 0.73671875 0.09765625 0.0796875
0 0.64921875 0.009375 0.05 0.01875
0 0.16015625 0.00625 0.053125 0.0125
0 0.33671875 0.00625 0.0390625 0.0125