0 0.38359375 0.01796875 0.0140625 0.01796875
0 0.09296875 0.1515625 0.02421875 0.0296875
0 0.70625 0.26796875 0.02421875 0.03671875
0 0.04609375 0.2359375 0.0265625 0.03671875
0 0.3234375 0.35703125 0.03203125 0.04140625
0 0.78515625 0.3609375 0.025 0.0375
0 0.5125 0.19375 0.01953125 0.03125
0 0.7453125 0.08671875 0.01640625 0.025
0 0.42109375 0.04375 0.01484375 0.025
0 0.7484375 0.1796875 0.0171875 0.0234375
0 0.7796875 0.08828125 0.01484375 0.0234375
0 0.2796875 0.065625 0.0171875 0.025
0 0.48671875 0.08125 0.01640625 0.025
0 0.509375 0.11328125 0.01640625 0.02578125
0 0.575 0.1609375 0.01875 0.0296875
0 0.009375 0.23671875 0.01875 0.0359375
0 0.1125 0.0375 0.01484375 0.0234375
0 0.31328125 0.69375 0.0609375 0.0875
0 0.325 0.0375 0.01484375 0.025
0 0.4640625 0.06953125 0.0171875 0.02734375
0 0.08359375 0.04375 0.01484375 0.025
0 0.3078125 0.0375 0.0140625 0.02109375
0 0.35 0.01875 0.01484375 0.01953125
0 0.8140625 0.0296875 0.0140625 0.02109375
0 0.56875 0.2640625 0.02265625 0.03515625
0 0.9296875 0.05390625 0.0140625 0.01953125
0 0.725 0.36875 0.0203125 0.03125
0 0.159375 0.02578125 0.01484375 0.02109375
0 0.2515625 0.009375 0.015625 0.01875
0 0.421875 0.0765625 0.0171875 0.021875
0 0.99375 0.05625 0.009375 0.021875
0 0.69140625 0.040625 0.0140625 0.021875
0 0.99375 0.1390625 0.009375 0.02734375
0 0.77265625 0.02578125 0.01484375 0.02109375
0 0.00703125 0.275 0.0140625 0.0390625
0 0.75703125 0.0171875 0.015625 0.0234375
0 0.3390625 0.0765625 0.015625 0.01953125
0 0.8390625 0.02578125 0.0140625 0.01796875
0 0.196875 0.0296875 0.01484375 0.021875
0 0.696875 0.39453125 0.0171875 0.02578125
0 0.153125 0.053125 0.0140625 0.02109375
0 0.665625 0.38125 0.0171875 0.0296875
0 0.4171875 0.01796875 0.0140625 0.01796875
0 0.74921875 0.21171875 0.01875 0.0296875
0 0.728125 0.025 0.0140625 0.01953125
0 0.99453125 0.021875 0.00859375 0.0234375
0 0.5375 0.053125 0.01484375 0.02578125
0 0.96953125 0.06875 0.015625 0.0234375
0 0.728125 0.04765625 0.0140625 0.01953125
0 0.98984375 0.1109375 0.01640625 0.025
0 0.321875 0.071875 0.01484375 0.021875