0 0.82890625 0.66875 0.0140625 0.02109375
0 0.04609375 0.84375 0.0125 0.02421875
0 0.2296875 0.80546875 0.0140625 0.02265625
0 0.27109375 0.8921875 0.01640625 0.02734375
0 0.6453125 0.95390625 0.01484375 0.02734375
0 0.34453125 0.71953125 0.01171875 0.01953125
0 0.39296875 0.790625 0.0125 0.02265625
0 0.0296875 0.86875 0.0125 0.02265625
0 0.34609375 0.7796875 0.0125 0.02265625
0 0.20234375 0.80390625 0.0125 0.02265625
0 0.0234375 0.95 0.015625 0.02578125
0 0.00859375 0.84609375 0.0140625 0.02265625
0 0.72109375 0.95546875 0.0125 0.02109375
0 0.46171875 0.88515625 0.0125 0.02265625
0 0.440625 0.865625 0.0125 0.02265625
0 0.6953125 0.9390625 0.0140625 0.02421875
0 0.7703125 0.98125 0.0140625 0.02421875
0 0.4578125 0.8453125 0.01171875 0.02109375
0 0.534375 0.9359375 0.0140625 0.02421875
0 0.17734375 0.81875 0.0125 0.01953125
0 0.49375 0.890625 0.0125 0.02109375
0 0.33125 0.80546875 0.01171875 0.01953125
0 0.37109375 0.775 0.0140625 0.02265625
0 0.61640625 0.88984375 0.0140625 0.02265625
0 0.3953125 0.8453125 0.01171875 0.02109375
0 0.55390625 0.91875 0.0140625 0.02265625
0 0.759375 0.88125 0.01171875 0.02109375
0 0.16875 0.878125 0.01484375 0.02578125
0 0.4328125 0.75859375 0.01171875 0.01953125
0 0.42109375 0.8734375 0.0125 0.02265625
0 0.46328125 0.9609375 0.01484375 0.02578125
0 0.853125 0.7421875 0.01171875 0.01953125
0 0.48359375 0.9390625 0.01484375 0.02421875
0 0.040625 0.6453125 0.0109375 0.01953125
0 0.290625 0.7453125 0.0109375 0.01953125
0 0.10859375 0.79609375 0.0125 0.02265625
0 0.4015625 0.75703125 0.01171875 0.01953125
0 0.415625 0.834375 0.0125 0.01953125
0 0.25859375 0.80234375 0.0140625 0.02265625
0 0.5546875 0.78828125 0.01171875 0.01796875
0 0.0921875 0.86640625 0.01484375 0.02734375
0 0.60625 0.9390625 0.0140625 0.02109375
0 0.009375 0.80390625 0.0125 0.02265625
0 0.853125 0.59140625 0.009375 0.01640625
0 0.396875 0.93046875 0.01484375 0.02578125
0 0.146875 0.840625 0.0125 0.02109375
0 0.509375 0.846875 0.01171875 0.02109375
0 0.3140625 0.73125 0.0109375 0.01953125
0 0.07734375 0.7796875 0.0109375 0.01953125
0 0.090625 0.82421875 0.0140625 0.02109375
0 0.4265625 0.78203125 0.01171875 0.02109375
0 0.3671875 0.8125 0.01171875 0.02109375
0 0.7390625 0.89375 0.01171875 0.02109375
0 0.603125 0.91640625 0.0125 0.02109375
0 0.03359375 0.696875 0.0125 0.01953125
0 0.00859375 0.7328125 0.01171875 0.02265625
0 0.31171875 0.8171875 0.0125 0.02265625
0 0.3140625 0.68046875 0.0109375 0.01953125
0 0.8421875 0.6515625 0.01171875 0.01953125
0 0.2078125 0.69609375 0.01171875 0.01796875
0 0.56875 0.6546875 0.0109375 0.01640625
0 0.71953125 0.9828125 0.01484375 0.02421875
0 0.22265625 0.7421875 0.01171875 0.01953125
0 0.4328125 0.82734375 0.0125 0.02109375
0 0.384375 0.69453125 0.0109375 0.02109375
0 0.13203125 0.97265625 0.0171875 0.02265625
0 0.34765625 0.6671875 0.01171875 0.01796875
0 0.28359375 0.6984375 0.0125 0.01953125
0 0.3578125 0.69375 0.009375 0.01953125
0 0.4234375 0.91953125 0.0140625 0.02421875
0 0.28359375 0.7953125 0.0125 0.02109375
0 0.47109375 0.86484375 0.0125 0.02109375
0 0.6828125 0.84375 0.0109375 0.01796875
0 0.57734375 0.69375 0.01171875 0.01953125
0 0.4203125 0.6546875 0.009375 0.01640625
0 0.3109375 0.88359375 0.0140625 0.02265625
0 0.04609375 0.9546875 0.0125 0.02265625
0 0.52109375 0.63046875 0.0109375 0.01953125
0 0.40390625 0.6421875 0.0109375 0.01640625
0 0.6265625 0.76953125 0.0109375 0.01953125
0 0.1828125 0.71640625 0.01171875 0.01953125
0 0.65703125 0.8265625 0.0109375 0.01953125
0 0.59453125 0.7453125 0.0109375 0.01953125
0 0.5265625 0.7453125 0.0109375 0.01953125
0 0.5578125 0.8546875 0.0109375 0.01796875
0 0.1203125 0.75703125 0.0109375 0.01953125
0 0.21953125 0.71640625 0.0109375 0.01953125
0 0.0796875 0.71640625 0.01171875 0.01953125
0 0.290625 0.87265625 0.01484375 0.02421875
0 0.35625 0.73046875 0.0109375 0.01796875
0 0.06875 0.6578125 0.0125 0.01953125
0 0.00390625 0.940625 0.0078125 0.02734375
0 0.1421875 0.765625 0.01171875 0.02109375
0 0.64609375 0.71953125 0.0109375 0.01953125
0 0.715625 0.75703125 0.0109375 0.01953125
0 0.15859375 0.79609375 0.0125 0.01953125
0 0.021875 0.73515625 0.01171875 0.02109375
0 0.7140625 0.87578125 0.01171875 0.01796875
0 0.67109375 0.6953125 0.0109375 0.01953125
0 0.296875 0.71875 0.01171875 0.02109375
0 0.1078125 0.5765625 0.009375 0.01796875
0 0.5828125 0.878125 0.01171875 0.01953125
0 0.471875 0.65390625 0.0109375 0.01796875
0 0.759375 0.73125 0.0109375 0.01640625
0 0.1546875 0.71796875 0.0109375 0.01953125
0 0.5296875 0.77890625 0.01171875 0.02109375
0 0.31328125 0.78203125 0.0125 0.02109375
0 0.2625 0.84296875 0.01484375 0.02265625
0 0.6203125 0.853125 0.0109375 0.02109375
0 0.2421875 0.74453125 0.01171875 0.01796875
0 0.5078125 0.64375 0.009375 0.01640625
0 0.5859375 0.8328125 0.01171875 0.01953125
0 0.1203125 0.62890625 0.0109375 0.01953125
0 0.66640625 0.64375 0.0109375 0.01640625
0 0.67109375 0.7578125 0.0109375 0.01796875
0 0.02109375 0.7875 0.0125 0.01953125
0 0.77890625 0.621875 0.0109375 0.01796875
0 0.57734375 0.80859375 0.0109375 0.01953125
0 0.14140625 0.62734375 0.009375 0.01953125
0 0.44140625 0.803125 0.01171875 0.02109375
0 0.665625 0.93046875 0.01171875 0.01953125
0 0.4265625 0.715625 0.01171875 0.02109375
0 0.0828125 0.80390625 0.01171875 0.02265625
0 0.03203125 0.77265625 0.0109375 0.01796875
0 0.5015625 0.75703125 0.0109375 0.01953125
0 0.07734375 0.690625 0.0109375 0.01953125
0 0.63984375 0.85625 0.0109375 0.02109375
0 0.3234375 0.909375 0.015625 0.02578125
0 0.4921875 0.7765625 0.01171875 0.01953125
0 0.534375 0.80625 0.0109375 0.02109375
0 0.54453125 0.74296875 0.0109375 0.01796875
0 0.37265625 0.6515625 0.0109375 0.01953125
0 0.0578125 0.875 0.0140625 0.01953125
0 0.75234375 0.765625 0.0125 0.02109375
0 0.0578125 0.934375 0.0125 0.02109375
0 0.5890625 0.77734375 0.01171875 0.02109375
0 0.759375 0.63125 0.0109375 0.01796875
0 0.1328125 0.7015625 0.009375 0.01953125
0 0.0890625 0.74453125 0.0109375 0.01796875
0 0.0671875 0.76328125 0.009375 0.01953125
0 0.0546875 0.78125 0.01171875 0.01953125
0 0.00390625 0.56953125 0.0078125 0.01796875
0 0.3640625 0.746875 0.01171875 0.01953125
0 0.0046875 0.6046875 0.009375 0.01640625
0 0.34453125 0.86875 0.01484375 0.02578125
0 0.1578125 0.615625 0.0109375 0.01953125
0 0.19296875 0.60390625 0.0109375 0.01796875
0 0.5828125 0.60703125 0.00859375 0.01796875
0 0.03984375 0.72109375 0.01171875 0.01953125
0 0.2796875 0.725 0.0109375 0.01796875
0 0.134375 0.6796875 0.01171875 0.01796875
0 0.45625 0.76875 0.01171875 0.01796875
0 0.3078125 0.75390625 0.0109375 0.01953125
0 0.54140625 0.6453125 0.0109375 0.01640625
0 0.15859375 0.76328125 0.0125 0.01953125
0 0.2671875 0.75859375 0.01171875 0.01953125
0 0.2453125 0.65703125 0.0109375 0.01796875
0 0.25546875 0.60625 0.0109375 0.01640625
0 0.428125 0.6421875 0.0109375 0.01640625
0 0.33359375 0.7390625 0.0109375 0.01953125
0 0.790625 0.89296875 0.01171875 0.01953125
0 0.1796875 0.77734375 0.01171875 0.02109375
0 0.0921875 0.7828125 0.01171875 0.01953125
0 0.2625 0.7359375 0.009375 0.01953125
0 0.8078125 0.60625 0.009375 0.01640625
0 0.38984375 0.7203125 0.0109375 0.02109375
0 0.065625 0.8296875 0.0109375 0.01953125
0 0.8171875 0.85625 0.0140625 0.02109375
0 0.2015625 0.93125 0.01484375 0.02734375
0 0.87890625 0.9703125 0.0140625 0.02421875
0 0.409375 0.7890625 0.0125 0.02265625
0 0.06953125 0.6046875 0.00859375 0.01640625
0 0.03984375 0.9828125 0.01484375 0.02734375
0 0.2328125 0.60546875 0.0109375 0.01796875
0 0.590625 0.89609375 0.0125 0.02265625
0 0.6921875 0.7890625 0.009375 0.01953125
0 0.59453125 0.85 0.0109375 0.01796875
0 0.846875 0.78125 0.0109375 0.01953125
0 0.10859375 0.60546875 0.0109375 0.01796875
0 0.0203125 0.70703125 0.01171875 0.01953125
0 0.14296875 0.55703125 0.00859375 0.01484375
0 0.4953125 0.621875 0.00859375 0.01484375
0 0.1828125 0.56953125 0.0109375 0.01484375
0 0.840625 0.959375 0.0125 0.01953125
0 0.1765625 0.6671875 0.01171875 0.01796875
0 0.73359375 0.91640625 0.0109375 0.02109375
0 0.5375 0.87734375 0.0125 0.02109375
0 0.44375 0.646875 0.00859375 0.01640625
0 0.79609375 0.8546875 0.01171875 0.02109375
0 0.0546875 0.7109375 0.009375 0.01796875
0 0.18046875 0.8609375 0.01484375 0.02265625
0 0.165625 0.59296875 0.0109375 0.01640625
0 0.69140625 0.87265625 0.01171875 0.01796875
0 0.17265625 0.94609375 0.015625 0.02421875
0 0.0046875 0.76953125 0.00859375 0.01953125
0 0.2453125 0.70078125 0.01171875 0.01796875
0 0.6546875 0.7015625 0.0109375 0.01640625
0 0.23359375 0.76484375 0.0109375 0.01953125
0 0.99453125 0.93359375 0.00859375 0.02265625
0 0.69375 0.8171875 0.00859375 0.01953125
0 0.15703125 0.559375 0.009375 0.01640625
0 0.44453125 0.66796875 0.009375 0.01640625
0 0.50703125 0.81015625 0.01171875 0.01953125
0 0.67734375 0.815625 0.0109375 0.01953125
0 0.7765625 0.91640625 0.01171875 0.02109375
0 0.18046875 0.69140625 0.0109375 0.01796875
0 0.6203125 0.6078125 0.009375 0.01640625
0 0.7796875 0.753125 0.009375 0.01796875
0 0.46953125 0.74453125 0.009375 0.01796875
0 0.4953125 0.79921875 0.01171875 0.01953125
0 0.04609375 0.76328125 0.0109375 0.01953125
0 0.53203125 0.72578125 0.0109375 0.01640625
0 0.503125 0.71796875 0.0109375 0.01953125
0 0.2671875 0.68671875 0.009375 0.01796875
0 0.01953125 0.64765625 0.009375 0.01796875
0 0.4015625 0.73203125 0.0109375 0.01796875
0 0.71328125 0.68984375 0.0109375 0.01796875
0 0.0296875 0.48203125 0.00859375 0.01484375
0 0.68046875 0.7328125 0.0109375 0.01640625
0 0.14609375 0.51484375 0.0109375 0.01796875
0 0.24375 0.725 0.0109375 0.01796875
0 0.2125 0.76328125 0.0125 0.01953125
0 0.86484375 0.8546875 0.0125 0.02109375
0 0.40703125 0.5671875 0.009375 0.01640625
0 0.21953125 0.59375 0.009375 0.01796875
0 0.4203125 0.67890625 0.0109375 0.01640625
0 0.1078125 0.5046875 0.0109375 0.01484375
0 0.090625 0.5703125 0.0109375 0.01640625
0 0.853125 0.978125 0.0140625 0.02109375
0 0.70234375 0.89140625 0.0109375 0.01953125
0 0.0671875 0.62734375 0.009375 0.01953125
0 0.5671875 0.90859375 0.009375 0.02109375
0 0.0671875 0.80625 0.009375 0.01796875
0 0.69609375 0.9703125 0.01171875 0.02421875
0 0.20859375 0.73203125 0.0109375 0.01796875
0 0.5578125 0.6890625 0.009375 0.01640625
0 0.06875 0.48046875 0.00859375 0.01484375
0 0.14453125 0.740625 0.009375 0.01953125
0 0.06484375 0.559375 0.0109375 0.01640625
0 0.83359375 0.97734375 0.0125 0.02265625
0 0.09453125 0.34296875 0.00859375 0.01484375
0 0.2453125 0.5421875 0.009375 0.01484375
0 0.14375 0.60390625 0.0109375 0.01484375
0 0.6546875 0.75390625 0.009375 0.01640625
0 0.8953125 0.95546875 0.01171875 0.02109375
0 0.2078125 0.65625 0.009375 0.01640625
0 0.83046875 0.7515625 0.0109375 0.01796875
0 0.6203125 0.91875 0.01171875 0.02265625
0 0.36640625 0.71484375 0.009375 0.01953125
0 0.20546875 0.54375 0.00859375 0.01484375
0 0.765625 0.93828125 0.01171875 0.01953125
0 0.81640625 0.76953125 0.009375 0.01953125
0 0.009375 0.915625 0.0140625 0.02265625
0 0.4109375 0.715625 0.009375 0.02109375
0 0.54140625 0.6046875 0.0109375 0.01640625
0 0.73671875 0.9796875 0.01484375 0.02734375
0 0.56953125 0.5828125 0.00859375 0.01484375
0 0.73359375 0.940625 0.0125 0.02109375
0 0.7390625 0.68984375 0.009375 0.01796875
0 0.64609375 0.64453125 0.00859375 0.01484375
0 0.65859375 0.6796875 0.0125 0.01796875
0 0.8828125 0.6203125 0.009375 0.01796875
0 0.415625 0.5921875 0.00859375 0.01484375
0 0.81953125 0.5953125 0.009375 0.01484375
0 0.6859375 0.91171875 0.0109375 0.02109375
0 0.6671875 0.7796875 0.009375 0.01640625
0 0.8109375 0.91328125 0.01171875 0.02109375
0 0.43125 0.54375 0.00703125 0.01484375
0 0.26484375 0.65078125 0.0109375 0.02109375
0 0.5421875 0.83046875 0.009375 0.02109375
0 0.77265625 0.84296875 0.0140625 0.02265625
0 0.4578125 0.80390625 0.01171875 0.02265625
0 0.77109375 0.64921875 0.0109375 0.01796875
0 0.6203125 0.68203125 0.009375 0.01640625
0 0.171875 0.7421875 0.01171875 0.01953125
0 0.484375 0.84453125 0.01171875 0.01953125
0 0.55703125 0.56796875 0.00859375 0.01484375
0 0.95859375 0.4734375 0.0109375 0.01953125
0 0.46875 0.828125 0.0140625 0.01953125
0 0.19453125 0.846875 0.0140625 0.02109375
0 0.52109375 0.60390625 0.00859375 0.01484375
0 0.04375 0.5578125 0.00859375 0.01328125
0 0.51484375 0.678125 0.0109375 0.01796875
0 0.1421875 0.5796875 0.009375 0.01484375
0 0.5921875 0.60390625 0.00859375 0.01484375
0 0.65703125 0.79140625 0.00859375 0.01796875
0 0.565625 0.73046875 0.0109375 0.02109375
0 0.7453125 0.6203125 0.009375 0.01484375
0 0.4328125 0.60546875 0.009375 0.01796875
0 0.6375 0.65859375 0.00859375 0.01796875
0 0.05390625 0.5953125 0.009375 0.01796875
0 0.44609375 0.56796875 0.0109375 0.01484375
0 0.1703125 0.55703125 0.0109375 0.01484375
0 0.15859375 0.6796875 0.0109375 0.01796875
0 0.78203125 0.9421875 0.01171875 0.02109375
0 0.92109375 0.6203125 0.0109375 0.01796875
0 0.2953125 0.65546875 0.009375 0.01796875
0 0.00390625 0.34375 0.0078125 0.01640625
0 0.04765625 0.8046875 0.0140625 0.02109375
0 0.11796875 0.48125 0.00703125 0.01328125