0 0.39375 0.45703125 0.0328125 0.053125
0 0.15625 0.65859375 0.0328125 0.05
0 0.05625 0.61171875 0.0375 0.05703125
0 0.26484375 0.13203125 0.0296875 0.05
0 0.7921875 0.36640625 0.03984375 0.06015625
0 0.07109375 0.078125 0.02734375 0.05
0 0.76640625 0.14140625 0.0328125 0.04296875
0 0.4984375 0.1015625 0.02265625 0.03671875
0 0.1421875 0.5546875 0.03515625 0.05
0 0.4140625 0.3796875 0.0328125 0.053125
0 0.9015625 0.23984375 0.0375 0.053125
0 0.34765625 0.05703125 0.0296875 0.046875
0 0.91015625 0.3265625 0.03984375 0.053125
0 0.0859375 0.225 0.0328125 0.05
0 0.5328125 0.4046875 0.03984375 0.05703125
0 0.63984375 0.40703125 0.03984375 0.06015625
0 0.18125 0.11171875 0.0328125 0.05
0 0.11015625 0.51640625 0.03515625 0.053125
0 0.88984375 0.60703125 0.0453125 0.0734375
0 0.3828125 0.3984375 0.0296875 0.05
0 0.75625 0.43671875 0.0375 0.06015625
0 0.72734375 0.51015625 0.03984375 0.06015625
0 0.05390625 0.14296875 0.0328125 0.03984375
0 0.2171875 0.23203125 0.0296875 0.05
0 0.3609375 0.121875 0.0328125 0.04296875
0 0.4828125 0.26796875 0.03515625 0.05
0 0.74375 0.5734375 0.0375 0.06015625
0 0.2984375 0.7046875 0.0375 0.05
0 0.73515625 0.13671875 0.0296875 0.046875
0 0.24140625 0.43359375 0.0375 0.06015625
0 0.7375 0.68359375 0.0453125 0.06015625
0 0.60859375 0.0234375 0.02734375 0.03984375
0 0.34140625 0.76015625 0.0421875 0.06015625
0 0.2890625 0.23515625 0.0328125 0.05
0 0.4625 0.0453125 0.0296875 0.04296875
0 0.4203125 0.6296875 0.03515625 0.053125
0 0.91640625 0.14140625 0.0328125 0.05
0 0.39375 0.70859375 0.0375 0.0703125
0 0.8421875 0.1953125 0.03515625 0.05
0 0.19375 0.775 0.0375 0.05703125
0 0.3984375 0.83359375 0.04765625 0.06015625
0 0.2359375 0.71015625 0.0375 0.06015625
0 0.37734375 0.2796875 0.03515625 0.053125
0 0.65625 0.328125 0.0375 0.05
0 0.59140625 0.11015625 0.0328125 0.046875
0 0.59140625 0.23671875 0.0375 0.046875
0 0.2296875 0.8515625 0.0453125 0.06328125
0 0.6734375 0.1984375 0.0328125 0.05
0 0.13359375 0.61171875 0.0375 0.05703125
0 0.8 0.2265625 0.0296875 0.053125
0 0.6859375 0.09140625 0.0328125 0.05
0 0.4609375 0.8203125 0.04765625 0.0734375
0 0.83515625 0.31796875 0.03984375 0.05
0 0.9578125 0.721875 0.0453125 0.0703125
0 0.2984375 0.91171875 0.0421875 0.06328125
0 0.0125 0.028125 0.025 0.05
0 0.4015625 0.0703125 0.02734375 0.03984375
0 0.8484375 0.4203125 0.04765625 0.046875
0 0.76640625 0.2984375 0.0375 0.05
0 0.05625 0.68515625 0.0375 0.05
0 0.62734375 0.271875 0.0296875 0.05
0 0.4953125 0.1484375 0.0296875 0.05
0 0.42265625 0.3296875 0.03515625 0.046875
0 0.33125 0.2 0.0328125 0.053125
0 0.03125 0.5515625 0.0375 0.05703125
0 0.3015625 0.1015625 0.0328125 0.05
0 0.5 0.4734375 0.0296875 0.06015625
0 0.13515625 0.78359375 0.03984375 0.06015625
0 0.1734375 0.4703125 0.0328125 0.053125
0 0.8890625 0.8546875 0.05234375 0.0765625
0 0.8296875 0.13828125 0.03515625 0.05
0 0.50859375 0.675 0.0328125 0.05703125
0 0.53359375 0.2 0.0375 0.053125
0 0.7125 0.39140625 0.03984375 0.05703125
0 0.6921875 0.33203125 0.0296875 0.05
0 0.41875 0.23203125 0.0328125 0.05
0 0.6109375 0.9796875 0.0421875 0.03359375
0 0.4609375 0.18828125 0.0328125 0.05
0 0.6296875 0.16484375 0.0296875 0.05
0 0.43359375 0.49140625 0.0328125 0.05703125
0 0.38515625 0.93359375 0.03984375 0.06015625
0 0.5765625 0.31640625 0.02734375 0.053125
0 0.78125 0.071875 0.0328125 0.04296875
0 0.7171875 0.26171875 0.03984375 0.05703125
0 0.86484375 0.0484375 0.025 0.05
0 0.96484375 0.21484375 0.03984375 0.05703125
0 0.4421875 0.14140625 0.03515625 0.04296875
0 0.46484375 0.56171875 0.0453125 0.06328125
0 0.20625 0.09140625 0.02734375 0.04296875
0 0.86015625 0.4734375 0.03984375 0.06015625
0 0.90390625 0.08828125 0.0375 0.05
0 0.6265625 0.1234375 0.02734375 0.03984375
0 0.2171875 0.0234375 0.0296875 0.03984375
0 0.2015625 0.33984375 0.0328125 0.053125
0 0.15234375 0.13671875 0.0296875 0.03359375
0 0.65390625 0.078125 0.0328125 0.05
0 0.1078125 0.075 0.0296875 0.05
0 0.0453125 0.28828125 0.03515625 0.05
0 0.52890625 0.1453125 0.0328125 0.05
0 0.76484375 0.73984375 0.0453125 0.06640625
0 0.0640625 0.45703125 0.0375 0.053125
0 0.2375 0.08671875 0.0296875 0.046875
0 0.11875 0.0234375 0.0328125 0.03984375
0 0.1875 0.56328125 0.0296875 0.03984375
0 0.89765625 0.046875 0.0296875 0.03984375
0 0.11015625 0.33828125 0.03515625 0.0296875
0 0.75 0.19140625 0.03515625 0.05
0 0.08359375 0.71796875 0.0328125 0.05
0 0.67734375 0.0265625 0.025 0.03984375
0 0.2953125 0.76171875 0.03515625 0.06328125
0 0.0140625 0.68828125 0.02734375 0.05
0 0.803125 0.01796875 0.028125 0.0359375
0 0.5140625 0.053125 0.02734375 0.03984375
0 0.5109375 0.01328125 0.02265625 0.0265625
0 0.1078125 0.378125 0.03515625 0.05
0 0.12265625 0.23515625 0.0296875 0.05
0 0.1546875 0.175 0.0296875 0.05
0 0.41640625 0.16796875 0.0328125 0.0296875
0 0.38984375 0.021875 0.0296875 0.03671875
0 0.20390625 0.61015625 0.0328125 0.053125
0 0.67890625 0.15859375 0.02265625 0.0296875
0 0.2578125 0.91796875 0.0453125 0.0703125
0 0.0125 0.278125 0.025 0.05
0 0.31875 0.15703125 0.0328125 0.03984375
0 0.32109375 0.01484375 0.02265625 0.0296875
0 0.4109375 0.58984375 0.0375 0.03359375
0 0.65 0.03203125 0.0296875 0.04296875
0 0.9640625 0.08828125 0.0375 0.05
0 0.7609375 0.25859375 0.0328125 0.0296875
0 0.70859375 0.178125 0.0375 0.05
0 0.7546875 0.01640625 0.025 0.0328125
0 0.73359375 0.096875 0.02734375 0.03359375
0 0.96875 0.1546875 0.0328125 0.05
0 0.29609375 0.01796875 0.0328125 0.0296875
0 0.0421875 0.74296875 0.0296875 0.046875
0 0.4546875 0.9703125 0.03984375 0.046875
0 0.58984375 0.1765625 0.03984375 0.053125
0 0.8765625 0.01640625 0.02265625 0.0265625
0 0.42734375 0.08515625 0.025 0.0296875
0 0.98984375 0.40703125 0.01484375 0.053125
0 0.0734375 0.0265625 0.02265625 0.03359375
0 0.0671875 0.7984375 0.03515625 0.05
0 0.9921875 0.80859375 0.01015625 0.0703125
0 0.0421875 0.21015625 0.0296875 0.046875
0 0.18125 0.06484375 0.02265625 0.0296875
0 0.83984375 0.025 0.025 0.04296875
0 0.35390625 0.98359375 0.0421875 0.0265625
0 0.85 0.096875 0.025 0.03984375