0 0.42109375 0.30078125 0.02421875 0.0390625
0 0.33671875 0.28046875 0.0265625 0.0375
0 0.65703125 0.3890625 0.0375 0.05078125
0 0.8953125 0.22421875 0.02265625 0.03671875
0 0.78203125 0.65625 0.0421875 0.06796875
0 0.95234375 0.6046875 0.053125 0.0765625
0 0.134375 0.25625 0.0234375 0.0328125
0 0.70546875 0.15 0.01875 0.0296875
0 0.7765625 0.4234375 0.0390625 0.05859375
0 0.475 0.4859375 0.034375 0.0484375
0 0.8703125 0.19765625 0.0203125 0.03359375
0 0.58359375 0.2625 0.0265625 0.0375
0 0.9296875 0.4546875 0.040625 0.0625
0 0.459375 0.4328125 0.03203125 0.0484375
0 0.45 0.30390625 0.025 0.0375
0 0.6609375 0.4625 0.0390625 0.0625
0 0.91796875 0.11171875 0.0171875 0.02578125
0 0.3328125 0.4 0.03515625 0.0546875
0 0.96953125 0.3484375 0.03203125 0.0453125
0 0.4390625 0.26796875 0.02265625 0.03125
0 0.67890625 0.13046875 0.01640625 0.02578125
0 0.68828125 0.315625 0.02734375 0.040625
0 0.90703125 0.178125 0.01953125 0.03359375
0 0.159375 0.26328125 0.02421875 0.03671875
0 0.13125 0.225 0.01953125 0.02578125
0 0.9390625 0.11875 0.0203125 0.0296875
0 0.9640625 0.13046875 0.01953125 0.03125
0 0.3921875 0.4140625 0.0328125 0.05234375
0 0.89609375 0.065625 0.01484375 0.021875
0 0.51484375 0.08046875 0.0109375 0.01796875
0 0.2 0.32578125 0.02734375 0.04453125
0 0.3859375 0.2328125 0.021875 0.0328125
0 0.2453125 0.253125 0.01953125 0.025
0 0.15546875 0.225 0.01875 0.025
0 0.78984375 0.25546875 0.025 0.0390625
0 0.38203125 0.10546875 0.01171875 0.01796875
0 0.109375 0.2390625 0.025 0.0375
0 0.46953125 0.0921875 0.0109375 0.0140625
0 0.253125 0.35 0.0265625 0.0390625
0 0.21953125 0.25625 0.025 0.03671875
0 0.52109375 0.05625 0.0109375 0.01796875
0 0.0515625 0.3328125 0.028125 0.040625
0 0.34453125 0.24453125 0.021875 0.02890625
0 0.19453125 0.2640625 0.02265625 0.03125
0 0.63203125 0.06796875 0.00859375 0.01328125
0 0.1609375 0.78671875 0.06640625 0.09375
0 0.5578125 0.0640625 0.00859375 0.01328125
0 0.53203125 0.06328125 0.009375 0.0140625
0 0.61640625 0.053125 0.00859375 0.01328125
0 0.49296875 0.1046875 0.0109375 0.0140625
0 0.6421875 0.04140625 0.0078125 0.01015625
0 0.40703125 0.0421875 0.0078125 0.01171875
0 0.48125 0.03046875 0.00859375 0.01171875
0 0.40546875 0.08125 0.0109375 0.0140625
0 0.66796875 0.0296875 0.0078125 0.01015625
0 0.59296875 0.0421875 0.00703125 0.01171875
0 0.60625 0.06953125 0.00859375 0.0140625
0 0.5671875 0.0421875 0.0078125 0.01171875
0 0.46796875 0.03046875 0.00703125 0.01171875
0 0.5921875 0.05625 0.00859375 0.01328125
0 0.70703125 0.00625 0.009375 0.01171875
0 0.49453125 0.0390625 0.00859375 0.01328125
0 0.4296875 0.0796875 0.009375 0.0171875
0 0.51875 0.0265625 0.00703125 0.01171875
0 0.56875 0.03125 0.00703125 0.0078125
0 0.5546875 0.03125 0.0078125 0.01015625
0 0.415625 0.0796875 0.0109375 0.015625
0 0.56875 0.06640625 0.00859375 0.01328125
0 0.83203125 0.02421875 0.0140625 0.0171875
0 0.97578125 0.45078125 0.0296875 0.0546875
0 0.65859375 0.05546875 0.0109375 0.0140625
0 0.60625 0.04140625 0.00703125 0.01015625
0 0.44296875 0.0546875 0.00703125 0.01328125
0 0.2328125 0.21953125 0.01484375 0.021875
0 0.3671875 0.04375 0.0078125 0.01171875
0 0.5796875 0.03046875 0.00625 0.00625
0 0.59375 0.03046875 0.0078125 0.00625
0 0.7546875 0.0296875 0.00859375 0.01171875
0 0.61875 0.03125 0.0078125 0.0078125
0 0.65546875 0.03125 0.00703125 0.0078125
0 0.6828125 0.03046875 0.0078125 0.01171875
0 0.49375 0.0171875 0.00703125 0.01171875
0 0.02890625 0.46171875 0.0265625 0.0375
0 0.415625 0.04375 0.0078125 0.01171875
0 0.26796875 0.18046875 0.0125 0.0171875
0 0.35546875 0.04375 0.0078125 0.01171875
0 0.48125 0.01796875 0.0078125 0.0078125
0 0.43125 0.05625 0.00703125 0.01328125
0 0.88671875 0.01171875 0.01171875 0.01796875
0 0.00703125 0.24453125 0.0140625 0.03359375
0 0.37890625 0.05625 0.0078125 0.01328125
0 0.72890625 0.01796875 0.0109375 0.01328125
0 0.53046875 0.01875 0.00703125 0.01171875
0 0.54375 0.04296875 0.0078125 0.01328125
0 0.65625 0.01796875 0.0078125 0.0078125
0 0.2171875 0.21640625 0.015625 0.02109375
0 0.60625 0.03046875 0.00703125 0.00625