1 0.14140625 0.86328125 0.0828125 0.2625
1 0.13671875 0.7609375 0.0265625 0.0546875
1 0.81328125 0.7171875 0.02890625 0.0484375
1 0.3265625 0.83984375 0.07109375 0.28671875
1 0.32734375 0.71875 0.02734375 0.0453125
1 0.58046875 0.7234375 0.03359375 0.0546875
1 0.1578125 0.5625 0.02734375 0.05078125
1 0.5296875 0.53203125 0.02265625 0.0375
1 0.41015625 0.7046875 0.02734375 0.04296875
1 0.7359375 0.90703125 0.03125 0.046875
1 0.3921875 0.54765625 0.02890625 0.04296875
1 0.68984375 0.584375 0.02265625 0.04140625
1 0.2203125 0.6234375 0.025 0.04140625
1 0.2890625 0.59609375 0.0234375 0.0390625
1 0.06875 0.6125 0.03515625 0.05625
1 0.58125 0.34765625 0.0203125 0.03203125
1 0.52265625 0.58984375 0.025 0.04140625
1 0.18984375 0.509375 0.02265625 0.0453125
1 0.23046875 0.4828125 0.0234375 0.04140625
1 0.4953125 0.6375 0.0265625 0.0390625
1 0.63984375 0.73125 0.0296875 0.04296875
1 0.92265625 0.42421875 0.0203125 0.0390625
1 0.6015625 0.5546875 0.02265625 0.04140625
1 0.2171875 0.746875 0.0625 0.28828125
1 0.740625 0.559375 0.0234375 0.0390625
1 0.34609375 0.52421875 0.025 0.03359375
1 0.578125 0.4296875 0.0515625 0.196875
1 0.3359375 0.63671875 0.02890625 0.0453125
1 0.6609375 0.43828125 0.02109375 0.0375
1 0.6484375 0.5421875 0.025 0.0390625
1 0.1671875 0.40703125 0.02265625 0.0390625
1 0.828125 0.8765625 0.03359375 0.05234375
1 0.41796875 0.6046875 0.03125 0.0453125
1 0.7484375 0.47109375 0.02265625 0.0359375
1 0.6265625 0.3953125 0.02109375 0.0375
1 0.63671875 0.63203125 0.0265625 0.0359375
1 0.80859375 0.34453125 0.0203125 0.03359375
1 0.41484375 0.83671875 0.07734375 0.30703125
1 0.8625 0.35703125 0.0203125 0.03203125
1 0.875 0.525 0.025 0.0390625
1 0.88203125 0.7296875 0.03359375 0.05078125
1 0.05625 0.3359375 0.0203125 0.03203125
1 0.17109375 0.490625 0.025 0.04140625
1 0.64609375 0.84453125 0.0671875 0.26953125
1 0.578125 0.84375 0.07890625 0.29765625
1 0.159375 0.6640625 0.0765625 0.253125
1 0.2140625 0.409375 0.02109375 0.0359375
1 0.4921875 0.7453125 0.0625 0.2546875
1 0.4640625 0.4546875 0.02265625 0.0375
1 0.3046875 0.39765625 0.02109375 0.0359375
1 0.34765625 0.42890625 0.0203125 0.0296875
1 0.13359375 0.36875 0.0203125 0.03359375
1 0.01796875 0.59765625 0.02890625 0.0453125
1 0.46796875 0.525 0.0609375 0.178125
1 0.465625 0.6046875 0.0265625 0.0453125
1 0.4234375 0.45390625 0.03359375 0.07265625
1 0.1765625 0.296875 0.01640625 0.028125
1 0.92265625 0.62890625 0.0296875 0.0453125
1 0.19453125 0.371875 0.01875 0.03203125
1 0.3671875 0.27734375 0.0203125 0.0296875
1 0.72421875 0.37109375 0.02109375 0.03359375
1 0.5234375 0.4796875 0.02109375 0.03359375
1 0.90703125 0.5515625 0.0234375 0.0359375
1 0.0359375 0.484375 0.025 0.04296875
1 0.74375 0.61796875 0.02734375 0.0453125
1 0.5703125 0.60703125 0.0265625 0.04140625
1 0.6890625 0.6984375 0.0640625 0.26953125
1 0.43515625 0.684375 0.025 0.04296875
1 0.9546875 0.45 0.0234375 0.0359375
1 0.33984375 0.471875 0.025 0.0375
1 0.5609375 0.68828125 0.02890625 0.05078125
1 0.2421875 0.33515625 0.01875 0.0296875
1 0.9015625 0.41015625 0.02109375 0.03359375
1 0.3015625 0.290625 0.0171875 0.0296875
1 0.39375 0.60234375 0.05 0.15546875
1 0.4828125 0.2359375 0.0171875 0.0296875
1 0.659375 0.35234375 0.01875 0.03359375
1 0.3078125 0.22109375 0.0203125 0.03359375
1 0.5375 0.271875 0.0171875 0.0296875
1 0.3 0.3671875 0.0203125 0.03359375
1 0.84140625 0.36484375 0.02265625 0.0375
1 0.2859375 0.70234375 0.05859375 0.25078125
1 0.2671875 0.3046875 0.0203125 0.03203125
1 0.9140625 0.478125 0.05234375 0.14765625
1 0.70546875 0.34453125 0.01875 0.03359375
1 0.78203125 0.62421875 0.03125 0.04296875
1 0.65703125 0.490625 0.05390625 0.14609375
1 0.73359375 0.9390625 0.06484375 0.1140625
1 0.57578125 0.58671875 0.0234375 0.0359375
1 0.9109375 0.859375 0.0359375 0.05234375
1 0.7890625 0.45703125 0.02265625 0.03359375
1 0.78984375 0.5453125 0.025 0.0375
1 0.325 0.5953125 0.025 0.0375
1 0.2359375 0.56015625 0.05 0.19453125
1 0.25390625 0.25 0.0171875 0.03203125
1 0.52890625 0.5671875 0.05234375 0.1046875
1 0.0734375 0.72265625 0.0703125 0.28125
1 0.2265625 0.2171875 0.0171875 0.0296875
1 0.47890625 0.36875 0.0203125 0.03359375
1 0.68984375 0.309375 0.0171875 0.0296875
1 0.4984375 0.496875 0.98984375 0.971875
1 0.4359375 0.34765625 0.02109375 0.0359375
1 0.8265625 0.92265625 0.07734375 0.14765625
1 0.1640625 0.35546875 0.02265625 0.0375
1 0.7765625 0.34375 0.0203125 0.0359375
1 0.3328125 0.509375 0.02109375 0.03359375
1 0.75390625 0.35234375 0.0203125 0.0296875
1 0.334375 0.690625 0.0640625 0.15390625
1 0.24296875 0.36953125 0.04609375 0.10703125
1 0.3015625 0.32578125 0.0359375 0.10078125
1 0.95078125 0.49375 0.0234375 0.0390625
1 0.8828125 0.6640625 0.0296875 0.04296875
1 0.43828125 0.271875 0.01875 0.03359375
1 0.50078125 0.2875 0.01875 0.02421875
1 0.309375 0.109375 0.01640625 0.028125
1 0.4546875 0.29765625 0.0171875 0.0265625
1 0.1984375 0.25078125 0.0171875 0.0296875
1 0.85859375 0.28828125 0.0171875 0.0296875
1 0.096875 0.49140625 0.02890625 0.0390625
1 0.34296875 0.32421875 0.01875 0.03359375
1 0.46484375 0.2203125 0.0171875 0.03203125
1 0.5765625 0.2421875 0.0171875 0.03203125
1 0.81015625 0.83203125 0.0703125 0.27890625
1 0.90234375 0.37109375 0.0453125 0.17578125
1 0.33984375 0.58515625 0.06015625 0.15546875
1 0.078125 0.565625 0.03359375 0.0484375
1 0.24921875 0.425 0.0234375 0.04140625
1 0.80078125 0.40625 0.0484375 0.15703125
1 0.153125 0.175 0.01875 0.03203125
1 0.41484375 0.6546875 0.0578125 0.14765625
1 0.628125 0.478125 0.04140625 0.20390625
1 0.13671875 0.30078125 0.02109375 0.0359375
1 0.1953125 0.57265625 0.0671875 0.17265625
1 0.9828125 0.88046875 0.02890625 0.05234375
1 0.6328125 0.6875 0.0609375 0.14609375
1 0.31875 0.15078125 0.0171875 0.028125
1 0.78671875 0.509375 0.05390625 0.13515625
1 0.5765625 0.31484375 0.02265625 0.0375
1 0.34453125 0.4796875 0.0609375 0.13125
1 0.421875 0.2921875 0.01875 0.03359375
1 0.7421875 0.5203125 0.05 0.13515625
1 0.86953125 0.2203125 0.01875 0.028125
1 0.6171875 0.2890625 0.0171875 0.028125
1 0.54609375 0.44921875 0.0203125 0.03359375
1 0.7375 0.590625 0.0453125 0.103125
1 0.1765625 0.29765625 0.0234375 0.0375
1 0.41171875 0.5 0.0640625 0.16484375
1 0.2453125 0.2953125 0.0171875 0.03203125
1 0.05234375 0.40546875 0.0546875 0.1703125
1 0.4515625 0.35078125 0.0203125 0.0390625
1 0.8703125 0.5890625 0.0546875 0.16640625
1 0.940625 0.71796875 0.0359375 0.05078125
1 0.36953125 0.36171875 0.04375 0.1984375
1 0.74140625 0.71640625 0.05234375 0.24140625
1 0.16484375 0.446875 0.0421875 0.11796875
1 0.42109375 0.43828125 0.025 0.04140625
1 0.2265625 0.30078125 0.0203125 0.0359375
1 0.97421875 0.27734375 0.02109375 0.03359375
1 0.521875 0.6796875 0.04609375 0.22109375
1 0.33671875 0.2671875 0.01875 0.028125
1 0.021875 0.26328125 0.01640625 0.028125
1 0.940625 0.5796875 0.0265625 0.04296875
1 0.8328125 0.4453125 0.0421875 0.19453125
1 0.859375 0.453125 0.0234375 0.0375
1 0.7515625 0.40390625 0.04609375 0.12890625
1 0.6046875 0.60546875 0.0421875 0.14453125
1 0.71171875 0.4421875 0.0515625 0.17265625
1 0.64765625 0.5890625 0.05 0.1328125
1 0.8640625 0.4046875 0.0375 0.13125
1 0.0953125 0.43515625 0.0203125 0.0359375
1 0.2546875 0.515625 0.06484375 0.21875
1 0.3046875 0.484375 0.0484375 0.2078125
1 0.12890625 0.44453125 0.04765625 0.1890625
1 0.94375 0.84296875 0.0671875 0.29609375
1 0.88125 0.84921875 0.07734375 0.290625
1 0.8734375 0.69375 0.0328125 0.04296875
1 0.2296875 0.38828125 0.0203125 0.03203125
1 0.09921875 0.56796875 0.05859375 0.19296875
1 0.209375 0.45625 0.0515625 0.12890625
1 0.5234375 0.51875 0.04609375 0.10859375
1 0.9328125 0.68203125 0.0578125 0.14609375
1 0.1765625 0.32421875 0.0421875 0.0859375
1 0.90625 0.3 0.0203125 0.03359375
1 0.365625 0.38671875 0.02109375 0.0359375
1 0.98671875 0.46640625 0.02109375 0.0375