1 0.4984375 0.496875 0.99375 0.98125
1 0.415625 0.70078125 0.0171875 0.05546875
1 0.2875 0.3453125 0.015625 0.06171875
1 0.565625 0.278125 0.01640625 0.05546875
1 0.6859375 0.57734375 0.01953125 0.06796875
1 0.2 0.40703125 0.01640625 0.06171875
1 0.6 0.57890625 0.0171875 0.05859375
1 0.153125 0.30234375 0.01640625 0.06171875
1 0.30546875 0.70859375 0.01640625 0.06484375
1 0.70390625 0.8984375 0.01875 0.07421875
1 0.75703125 0.3515625 0.01484375 0.04921875
1 0.3625 0.6328125 0.01640625 0.05546875
1 0.4453125 0.88125 0.01953125 0.06484375
1 0.2078125 0.753125 0.01953125 0.06796875
1 0.459375 0.475 0.015625 0.06171875
1 0.67890625 0.32421875 0.0171875 0.06171875
1 0.4890625 0.4765625 0.015625 0.05859375
1 0.93125 0.71484375 0.01484375 0.05859375
1 0.4984375 0.746875 0.021875 0.06796875
1 0.14140625 0.82421875 0.0171875 0.07421875
1 0.33046875 0.76875 0.0203125 0.07421875
1 0.840625 0.71328125 0.015625 0.06171875
1 0.45625 0.378125 0.0171875 0.05234375
1 0.1328125 0.55703125 0.0171875 0.05859375
1 0.24296875 0.64375 0.0203125 0.06484375
1 0.35078125 0.1453125 0.01484375 0.04921875
1 0.240625 0.765625 0.0203125 0.06796875
1 0.57109375 0.81796875 0.01640625 0.06171875
1 0.8265625 0.46171875 0.01953125 0.05859375
1 0.66640625 0.92265625 0.01875 0.05546875
1 0.253125 0.58828125 0.0171875 0.05859375
1 0.05390625 0.24375 0.01484375 0.05546875
1 0.70703125 0.32578125 0.0171875 0.05859375
1 0.703125 0.46328125 0.015625 0.04296875
1 0.35859375 0.253125 0.07421875 0.265625
1 0.6359375 0.93515625 0.01640625 0.06171875
1 0.6734375 0.78359375 0.0171875 0.05546875
1 0.64453125 0.7390625 0.0171875 0.05859375
1 0.3859375 0.653125 0.01640625 0.05859375
1 0.9046875 0.41640625 0.0171875 0.05546875
1 0.33671875 0.640625 0.01640625 0.05859375
1 0.57265625 0.53125 0.01640625 0.06171875
1 0.78203125 0.903125 0.021875 0.06484375
1 0.2125 0.19609375 0.0171875 0.05859375
1 0.52421875 0.4765625 0.01640625 0.06484375
1 0.4796875 0.33359375 0.0171875 0.06796875
1 0.371875 0.93359375 0.0203125 0.07734375
1 0.53359375 0.56171875 0.01640625 0.04921875
1 0.9265625 0.7796875 0.0296875 0.18828125
1 0.22421875 0.83515625 0.01875 0.06484375
1 0.759375 0.4875 0.0171875 0.04296875