0 0.01796875 0.02734375 0.0296875 0.0546875
0 0.340625 0.071875 0.0296875 0.0640625
0 0.3390625 0.16796875 0.03984375 0.0671875
0 0.71328125 0.89453125 0.07421875 0.15546875
0 0.3 0.04453125 0.028125 0.0640625
0 0.8421875 0.71015625 0.06796875 0.140625
0 0.2984375 0.8875 0.06484375 0.128125
0 0.48046875 0.8625 0.0578125 0.128125
0 0.8953125 0.54453125 0.0578125 0.13125
0 0.38828125 0.83515625 0.059375 0.140625
0 0.3859375 0.07890625 0.034375 0.0734375
0 0.63359375 0.046875 0.04453125 0.08828125
0 0.71953125 0.28671875 0.0515625 0.09140625
0 0.32890625 0.25625 0.04296875 0.09765625
0 0.1140625 0.071875 0.0328125 0.0765625
0 0.92421875 0.190625 0.04609375 0.09453125
0 0.3046875 0.696875 0.0515625 0.1125
0 0.2265625 0.296875 0.03671875 0.0765625
0 0.6734375 0.55 0.0578125 0.1125
0 0.21875 0.70703125 0.0515625 0.109375
0 0.12890625 0.365625 0.03984375 0.08515625
0 0.54453125 0.95 0.06796875 0.09453125
0 0.4796875 0.6234375 0.05625 0.11875
0 0.3921875 0.5671875 0.04765625 0.10390625
0 0.42578125 0.075 0.03828125 0.08203125
0 0.58125 0.2484375 0.04453125 0.08828125
0 0.04453125 0.83515625 0.053125 0.115625
0 0.4609375 0.22734375 0.04296875 0.09453125
0 0.05625 0.046875 0.0328125 0.0703125
0 0.68828125 0.03046875 0.03828125 0.0609375
0 0.575 0.575 0.053125 0.1125
0 0.58203125 0.72734375 0.05625 0.1125
0 0.465625 0.4265625 0.04765625 0.10390625
0 0.753125 0.1921875 0.04453125 0.09765625
0 0.128125 0.7015625 0.0515625 0.09765625
0 0.9515625 0.77265625 0.06796875 0.14921875
0 0.190625 0.1265625 0.028125 0.0640625
0 0.234375 0.09140625 0.0328125 0.0734375
0 0.7328125 0.63125 0.0578125 0.121875
0 0.634375 0.421875 0.04609375 0.08828125
0 0.81796875 0.5125 0.04609375 0.109375
0 0.16796875 0.16953125 0.034375 0.0703125
0 0.63515625 0.325 0.04453125 0.08203125
0 0.1765625 0.59921875 0.04609375 0.09453125
0 0.309375 0.109375 0.0328125 0.0671875
0 0.575 0.05625 0.0328125 0.0765625
0 0.33359375 0.5125 0.04609375 0.09765625
0 0.15546875 0.28671875 0.03984375 0.07890625
0 0.275 0.1859375 0.03828125 0.07890625
0 0.04609375 0.47421875 0.03984375 0.08203125
0 0.8625 0.15546875 0.03984375 0.09140625
0 0.56328125 0.35703125 0.04921875 0.09765625
0 0.08359375 0.28984375 0.034375 0.07890625
0 0.25078125 0.52265625 0.04453125 0.10703125
0 0.19375 0.2375 0.0328125 0.0734375
0 0.91875 0.33359375 0.04609375 0.10078125
0 0.72265625 0.40078125 0.04609375 0.1125
0 0.01484375 0.22421875 0.0296875 0.08828125
0 0.40078125 0.22421875 0.04140625 0.08828125
0 0.52890625 0.1234375 0.0328125 0.0765625
0 0.834375 0.2484375 0.053125 0.1125
0 0.3765625 0.41953125 0.04609375 0.08828125
0 0.51875 0.546875 0.04609375 0.10078125
0 0.6546875 0.71328125 0.05625 0.115625
0 0.78671875 0.6234375 0.04609375 0.11875
0 0.08046875 0.73203125 0.04453125 0.10390625
0 0.053125 0.1859375 0.0296875 0.0546875
0 0.05390625 0.2546875 0.034375 0.08203125
0 0.9375 0.109375 0.04609375 0.07890625
0 0.1953125 0.953125 0.06640625 0.08828125
0 0.40078125 0.01953125 0.0296875 0.0390625
0 0.9875 0.4390625 0.021875 0.115625
0 0.84375 0.97265625 0.07734375 0.0484375
0 0.93984375 0.509375 0.034375 0.09765625
0 0.18671875 0.0140625 0.0296875 0.02734375
0 0.36875 0.0140625 0.0296875 0.02734375
0 0.10390625 0.0140625 0.0296875 0.02734375
0 0.2734375 0.02265625 0.028125 0.0453125
0 0.54609375 0.00625 0.034375 0.0125
0 0.98828125 0.5609375 0.01953125 0.121875
0 0.159375 0.0140625 0.028125 0.02734375
0 0.9765625 0.0125 0.03984375 0.02421875
0 0.5140625 0.0140625 0.0328125 0.02734375
0 0.81171875 0.01640625 0.0453125 0.0328125
0 0.98984375 0.08515625 0.01640625 0.08515625
0 0.9921875 0.190625 0.01171875 0.09453125