0 0.5890625 0.290625 0.034375 0.05078125
0 0.5125 0.296875 0.0328125 0.05234375
0 0.8765625 0.5578125 0.04765625 0.07421875
0 0.0890625 0.33671875 0.0375 0.05078125
0 0.6421875 0.57578125 0.0609375 0.09375
0 0.88125 0.3953125 0.0421875 0.06640625
0 0.353125 0.44140625 0.04609375 0.06484375
0 0.928125 0.425 0.04375 0.0765625
0 0.2609375 0.49375 0.04765625 0.06796875
0 0.915625 0.25 0.0359375 0.04921875
0 0.70703125 0.4765625 0.0484375 0.08046875
0 0.82734375 0.48515625 0.04609375 0.07421875
0 0.23125 0.428125 0.04296875 0.06484375
0 0.82890625 0.31328125 0.0421875 0.0609375
0 0.3078125 0.54296875 0.0578125 0.08046875
0 0.7484375 0.35390625 0.04296875 0.0625
0 0.6375 0.475 0.05390625 0.06875
0 0.3875 0.3046875 0.0328125 0.04921875
0 0.17109375 0.4671875 0.03984375 0.05859375
0 0.1609375 0.68828125 0.06640625 0.09765625
0 0.44453125 0.41328125 0.0453125 0.071875
0 0.103125 0.40703125 0.04609375 0.0640625
0 0.4265625 0.8140625 0.06640625 0.10390625
0 0.825 0.196875 0.028125 0.04296875
0 0.6140625 0.3375 0.034375 0.05078125
0 0.446875 0.29453125 0.0359375 0.0546875
0 0.96953125 0.6734375 0.059375 0.08359375
0 0.5359375 0.4828125 0.053125 0.07421875
0 0.746875 0.225 0.0265625 0.04296875
0 0.9765625 0.2875 0.0453125 0.0640625
0 0.67265625 0.18203125 0.0171875 0.02890625
0 0.9015625 0.1 0.0265625 0.0375
0 0.640625 0.4171875 0.04296875 0.0484375
0 0.97734375 0.14453125 0.025 0.0390625
0 0.01015625 0.3359375 0.0203125 0.05703125
0 0.05234375 0.69296875 0.0671875 0.09375
0 0.35234375 0.6046875 0.0578125 0.0921875
0 0.94296875 0.16953125 0.03203125 0.04140625
0 0.8234375 0.7234375 0.06328125 0.0921875
0 0.81875 0.1 0.02265625 0.0328125
0 0.8078125 0.24375 0.034375 0.04921875
0 0.8671875 0.225 0.0328125 0.04921875
0 0.77265625 0.13046875 0.02265625 0.03125
0 0.93125 0.0984375 0.0203125 0.0328125
0 0.1453125 0.95 0.0921875 0.09765625
0 0.725 0.27578125 0.03203125 0.046875
0 0.7359375 0.16796875 0.01953125 0.03125
0 0.540625 0.37421875 0.0390625 0.0609375
0 0.4609375 0.3609375 0.03125 0.04296875
0 0.85234375 0.0984375 0.02421875 0.040625
0 0.7 0.18203125 0.01875 0.02890625
0 0.90546875 0.1546875 0.02421875 0.040625
0 0.009375 0.28671875 0.01875 0.03671875
0 0.17890625 0.4046875 0.0328125 0.0453125
0 0.96171875 0.1125 0.02421875 0.0296875
0 0.01953125 0.0140625 0.0140625 0.01796875
0 0.98515625 0.2171875 0.0265625 0.04453125
0 0.79375 0.30625 0.03046875 0.0546875
0 0.540625 0.98359375 0.09453125 0.0296875
0 0.678125 0.2859375 0.03125 0.0375
0 0.1375 0.14140625 0.015625 0.021875
0 0.09921875 0.10625 0.01484375 0.01953125
0 0.9421875 0.21796875 0.028125 0.04296875