1 0.24375 0.73203125 0.0421875 0.0765625
1 0.596875 0.70859375 0.0359375 0.075
1 0.67109375 0.64765625 0.0375 0.06796875
1 0.1 0.84609375 0.03984375 0.0796875
1 0.2921875 0.7359375 0.03828125 0.071875
1 0.45703125 0.678125 0.03515625 0.06484375
1 0.2296875 0.93046875 0.05078125 0.0921875
1 0.81875 0.83984375 0.0421875 0.08203125
1 0.33515625 0.84609375 0.04296875 0.08359375
1 0.921875 0.709375 0.04296875 0.0765625
1 0.684375 0.79609375 0.03828125 0.0765625
1 0.3953125 0.7140625 0.03984375 0.075
1 0.06796875 0.74765625 0.0421875 0.075
1 0.53515625 0.6734375 0.0328125 0.06640625
1 0.93125 0.83125 0.04375 0.075
1 0.4796875 0.571875 0.0328125 0.059375
1 0.47265625 0.815625 0.0375 0.08203125
1 0.809375 0.678125 0.03515625 0.075
1 0.434375 0.89453125 0.04609375 0.08828125
1 0.328125 0.70625 0.0390625 0.0765625
1 0.25703125 0.6375 0.0359375 0.06796875
1 0.5 0.60234375 0.99609375 0.775
1 0.35703125 0.6078125 0.034375 0.0546875
1 0.7234375 0.6734375 0.03125 0.06640625
1 0.2203125 0.584375 0.0375 0.06171875
1 0.7515625 0.60703125 0.0296875 0.053125
1 0.02578125 0.6109375 0.0359375 0.06953125
1 0.5828125 0.64296875 0.0390625 0.0734375
1 0.13828125 0.74765625 0.0421875 0.075
1 0.8640625 0.9515625 0.059375 0.090625
1 0.85078125 0.540625 0.028125 0.05625
1 0.6359375 0.63203125 0.034375 0.06171875
1 0.75625 0.7 0.0375 0.08203125
1 0.7203125 0.825 0.03984375 0.0765625
1 0.43125 0.60625 0.03046875 0.0578125
1 0.51484375 0.584375 0.028125 0.0546875
1 0.846875 0.65390625 0.0375 0.071875
1 0.27109375 0.57578125 0.028125 0.05078125
1 0.9484375 0.646875 0.034375 0.05625
1 0.5765625 0.53359375 0.025 0.05078125
1 0.59140625 0.8328125 0.08125 0.3203125
1 0.23203125 0.8328125 0.0671875 0.2796875
1 0.93828125 0.94609375 0.05390625 0.096875
1 0.5109375 0.66640625 0.03046875 0.06484375
1 0.72734375 0.7703125 0.03828125 0.078125
1 0.159375 0.5984375 0.0328125 0.05625
1 0.115625 0.9015625 0.1046875 0.190625
1 0.34140625 0.89921875 0.06953125 0.190625
1 0.5359375 0.615625 0.028125 0.053125
1 0.43671875 0.56171875 0.03125 0.053125
1 0.8171875 0.471875 0.0203125 0.0375
1 0.446875 0.46484375 0.0234375 0.040625
1 0.265625 0.52421875 0.025 0.04609375
1 0.11640625 0.565625 0.03046875 0.05078125
1 0.153125 0.490625 0.0265625 0.04453125
1 0.675 0.95390625 0.059375 0.08515625
1 0.1453125 0.66875 0.028125 0.059375
1 0.23203125 0.50390625 0.02421875 0.04453125
1 0.56484375 0.44921875 0.02265625 0.0390625
1 0.4328125 0.92265625 0.071875 0.1484375
1 0.246875 0.940625 0.0953125 0.1125
1 0.4171875 0.6734375 0.03515625 0.059375
1 0.11640625 0.6890625 0.034375 0.06328125
1 0.28515625 0.48984375 0.01953125 0.0390625
1 0.803125 0.77109375 0.07421875 0.2609375
1 0.3484375 0.55546875 0.0296875 0.05078125
1 0.04375 0.70546875 0.034375 0.071875
1 0.5140625 0.4640625 0.01875 0.0359375
1 0.61640625 0.43515625 0.0234375 0.0359375
1 0.7375 0.5640625 0.0328125 0.0546875
1 0.21875 0.453125 0.0234375 0.040625
1 0.5671875 0.58515625 0.028125 0.04921875
1 0.3578125 0.45859375 0.02265625 0.040625
1 0.98125 0.58125 0.028125 0.075
1 0.3546875 0.68046875 0.03125 0.06328125
1 0.9515625 0.59296875 0.0328125 0.0546875
1 0.6109375 0.59765625 0.028125 0.0578125
1 0.44921875 0.7515625 0.0703125 0.2109375
1 0.32265625 0.6171875 0.034375 0.059375
1 0.31328125 0.48671875 0.02421875 0.0390625
1 0.52265625 0.42265625 0.01953125 0.034375
1 0.5046875 0.53046875 0.02265625 0.0359375
1 0.80546875 0.58515625 0.028125 0.05625
1 0.07265625 0.44609375 0.0203125 0.034375
1 0.534375 0.8171875 0.059375 0.35234375
1 0.0828125 0.53203125 0.025 0.04296875
1 0.978125 0.940625 0.03984375 0.0953125
1 0.653125 0.44765625 0.02265625 0.040625
1 0.8546875 0.6125 0.0609375 0.19609375
1 0.696875 0.45546875 0.021875 0.0359375
1 0.30078125 0.846875 0.1078125 0.29296875
1 0.21796875 0.65234375 0.0484375 0.19765625
1 0.6734375 0.72421875 0.059375 0.21796875
1 0.39375 0.51875 0.0265625 0.04609375
1 0.165625 0.5390625 0.028125 0.04921875
1 0.5984375 0.47578125 0.02265625 0.0390625
1 0.7015625 0.3828125 0.01875 0.0359375
1 0.39921875 0.80859375 0.06875 0.2640625
1 0.05234375 0.51640625 0.028125 0.05078125
1 0.73515625 0.50859375 0.02265625 0.0390625
1 0.47734375 0.6328125 0.04765625 0.18203125
1 0.55703125 0.54765625 0.02421875 0.04609375
1 0.97734375 0.78046875 0.040625 0.078125
1 0.1203125 0.50703125 0.02421875 0.04609375
1 0.6375 0.546875 0.02734375 0.040625
1 0.4859375 0.44296875 0.0203125 0.04453125
1 0.51484375 0.503125 0.04375 0.1109375
1 0.6359375 0.340625 0.01640625 0.03046875
1 0.93046875 0.346875 0.0171875 0.02890625
1 0.8078125 0.896875 0.071875 0.19609375
1 0.4859375 0.8859375 0.0796875 0.22109375
1 0.39140625 0.43515625 0.021875 0.0359375
1 0.275 0.4328125 0.0171875 0.03046875
1 0.05 0.42265625 0.01640625 0.034375
1 0.69140625 0.56953125 0.0234375 0.04296875
1 0.95390625 0.53984375 0.0296875 0.0546875
1 0.7140625 0.6140625 0.03046875 0.059375
1 0.621875 0.3734375 0.0171875 0.03046875
1 0.1859375 0.6453125 0.02421875 0.05078125
1 0.62734375 0.5125 0.02265625 0.040625
1 0.6546875 0.51484375 0.0234375 0.0375
1 0.10859375 0.39765625 0.0171875 0.03203125
1 0.9171875 0.7890625 0.09296875 0.23515625
1 0.75703125 0.4828125 0.0203125 0.0390625
1 0.4765625 0.509375 0.025 0.04453125
1 0.33671875 0.50703125 0.02734375 0.04609375
1 0.6765625 0.48125 0.0234375 0.04296875
1 0.45625 0.41796875 0.021875 0.0359375
1 0.89609375 0.56015625 0.028125 0.040625
1 0.39921875 0.56015625 0.0234375 0.04765625
1 0.8859375 0.40546875 0.02265625 0.040625
1 0.3765625 0.5078125 0.0203125 0.040625
1 0.79296875 0.621875 0.0296875 0.05078125
1 0.2640625 0.6921875 0.05390625 0.17890625
1 0.14765625 0.85234375 0.06640625 0.28125
1 0.07265625 0.62421875 0.0265625 0.04296875
1 0.028125 0.53125 0.025 0.04453125
1 0.1421875 0.43359375 0.0171875 0.03203125
1 0.82734375 0.52265625 0.0234375 0.04765625
1 0.69609375 0.5390625 0.021875 0.04296875
1 0.68671875 0.87734375 0.09765625 0.23515625
1 0.85078125 0.76640625 0.0609375 0.29609375
1 0.9234375 0.8578125 0.06171875 0.128125
1 0.9265625 0.61640625 0.03046875 0.0546875
1 0.721875 0.72578125 0.05625 0.1703125
1 0.05390625 0.8515625 0.09765625 0.2828125
1 0.78671875 0.39921875 0.01875 0.0390625