1 0.5421875 0.496875 0.9078125 0.98828125
1 0.6765625 0.93828125 0.03828125 0.11171875
1 0.8453125 0.915625 0.021875 0.05390625
1 0.7671875 0.52734375 0.01640625 0.05390625
1 0.30234375 0.9171875 0.01640625 0.05703125
1 0.55234375 0.79609375 0.01875 0.06015625
1 0.334375 0.5828125 0.0140625 0.03984375
1 0.8015625 0.82421875 0.0171875 0.06015625
1 0.32734375 0.82109375 0.01640625 0.0484375
1 0.846875 0.7140625 0.015625 0.03984375
1 0.1390625 0.52890625 0.0140625 0.03984375
1 0.41953125 0.92734375 0.01875 0.065625
1 0.74765625 0.97109375 0.02265625 0.0515625
1 0.79765625 0.75703125 0.01484375 0.04609375
1 0.38359375 0.946875 0.0171875 0.05390625
1 0.9859375 0.75703125 0.01953125 0.05703125
1 0.3796875 0.54453125 0.0125 0.0375
1 0.8 0.88984375 0.0421875 0.203125
1 0.63984375 0.9328125 0.01875 0.05390625
1 0.696875 0.72578125 0.01640625 0.04609375
1 0.4 0.615625 0.01484375 0.04296875
1 0.2578125 0.9625 0.0171875 0.05703125
1 0.42734375 0.5 0.01875 0.0515625
1 0.95625 0.78125 0.01875 0.06015625
1 0.67734375 0.90546875 0.01875 0.0515625
1 0.721875 0.7796875 0.01875 0.05703125
1 0.7375 0.86015625 0.01875 0.0625
1 0.4578125 0.8703125 0.01640625 0.0484375
1 0.83671875 0.57890625 0.015625 0.04296875
1 0.353125 0.4796875 0.01875 0.0625
1 0.76875 0.54296875 0.02421875 0.09140625
1 0.74140625 0.7796875 0.01640625 0.04609375
1 0.8796875 0.81875 0.01875 0.05390625
1 0.40078125 0.53125 0.01875 0.05703125
1 0.496875 0.7 0.01484375 0.03984375
1 0.45390625 0.91875 0.015625 0.05390625
1 0.5125 0.9328125 0.0171875 0.06015625
1 0.3875 0.8515625 0.0140625 0.0515625
1 0.690625 0.57109375 0.015625 0.04609375
1 0.69765625 0.8796875 0.01640625 0.0515625
1 0.46015625 0.75859375 0.01640625 0.0484375
1 0.78203125 0.8484375 0.01953125 0.0625
1 0.7296875 0.6328125 0.015625 0.0484375
1 0.5875 0.86015625 0.01640625 0.05703125
1 0.60390625 0.8 0.01640625 0.05703125
1 0.95234375 0.684375 0.01640625 0.0484375
1 0.51328125 0.74140625 0.01484375 0.04296875
1 0.27421875 0.96875 0.01484375 0.0515625
1 0.77265625 0.9125 0.02265625 0.07734375
1 0.68125 0.75859375 0.01640625 0.05390625
1 0.65234375 0.82421875 0.015625 0.05390625
1 0.525 0.846875 0.015625 0.05390625
1 0.5375 0.70859375 0.015625 0.04609375
1 0.4921875 0.87734375 0.015625 0.04609375
1 0.603125 0.9296875 0.0171875 0.05390625
1 0.5734375 0.6515625 0.01484375 0.04609375
1 0.196875 0.6015625 0.0140625 0.04296875
1 0.77265625 0.67890625 0.01484375 0.04296875
1 0.39921875 0.75546875 0.015625 0.04296875
1 0.7140625 0.9484375 0.0203125 0.05703125
1 0.08125 0.915625 0.015625 0.05390625
1 0.61328125 0.67109375 0.015625 0.04609375
1 0.6765625 0.67734375 0.01640625 0.04609375
1 0.9328125 0.9359375 0.0171875 0.06015625
1 0.56953125 0.765625 0.015625 0.04609375
1 0.34609375 0.8875 0.01484375 0.0484375
1 0.7859375 0.72109375 0.01640625 0.05390625
1 0.33828125 0.7484375 0.01484375 0.04609375
1 0.26640625 0.5375 0.01640625 0.05703125
1 0.56796875 0.57578125 0.01484375 0.04296875
1 0.88203125 0.9015625 0.0203125 0.0484375
1 0.621875 0.9125 0.0234375 0.08828125
1 0.98046875 0.57421875 0.0140625 0.034375