0 0.9265625 0.25625 0.0296875 0.04140625
0 0.44453125 0.4734375 0.03515625 0.05859375
0 0.51953125 0.0140625 0.015625 0.021875
0 0.6265625 0.21796875 0.02265625 0.0328125
0 0.8875 0.22890625 0.03125 0.04140625
0 0.40859375 0.06171875 0.01875 0.025
0 0.68125 0.14453125 0.0171875 0.02578125
0 0.64375 0.046875 0.01484375 0.0234375
0 0.82890625 0.0796875 0.0171875 0.0296875
0 0.365625 0.0640625 0.01875 0.02578125
0 0.9046875 0.18046875 0.02734375 0.0375
0 0.7765625 0.2671875 0.0265625 0.0390625
0 0.3421875 0.0296875 0.0171875 0.025
0 0.59453125 0.178125 0.021875 0.03359375
0 0.54453125 0.034375 0.01484375 0.025
0 0.8421875 0.15390625 0.0234375 0.03671875
0 0.628125 0.1546875 0.02265625 0.0328125
0 0.75234375 0.10546875 0.01875 0.02578125
0 0.53203125 0.159375 0.02265625 0.03515625
0 0.7125 0.14140625 0.01875 0.02734375
0 0.7171875 0.178125 0.0234375 0.03671875
0 0.5921875 0.08828125 0.0171875 0.02578125
0 0.68828125 0.1796875 0.021875 0.03671875
0 0.7265625 0.025 0.015625 0.021875
0 0.65546875 0.1234375 0.01875 0.02578125
0 0.61328125 0.04375 0.015625 0.025
0 0.5875 0.0484375 0.01484375 0.025
0 0.1765625 0.03515625 0.021875 0.03125
0 0.16875 0.084375 0.021875 0.03125
0 0.11015625 0.0625 0.0171875 0.0234375
0 0.8296875 0.20078125 0.02734375 0.0390625
0 0.14609375 0.0609375 0.0203125 0.02578125
0 0.29375 0.0078125 0.01484375 0.015625
0 0.77734375 0.02890625 0.0140625 0.02109375
0 0.95703125 0.0921875 0.0171875 0.03125
0 0.309375 0.0171875 0.01875 0.02578125
0 0.8015625 0.0921875 0.0171875 0.02890625
0 0.80390625 0.034375 0.0140625 0.021875
0 0.503125 0.0234375 0.01640625 0.0234375
0 0.67265625 0.065625 0.015625 0.025
0 0.56875 0.03671875 0.01484375 0.02109375
0 0.1515625 0.11953125 0.0203125 0.03125
0 0.4078125 0.01171875 0.01640625 0.0234375
0 0.32734375 0.06796875 0.01640625 0.0234375
0 0.7421875 0.13828125 0.01953125 0.03125
0 0.09453125 0.1921875 0.0203125 0.0296875
0 0.790625 0.00703125 0.0140625 0.0140625
0 0.01875 0.05625 0.0171875 0.02578125
0 0.54765625 0.0078125 0.015625 0.015625
0 0.75625 0.02578125 0.0125 0.02109375
0 0.01484375 0.1078125 0.02265625 0.0328125
0 0.5828125 0.00625 0.0140625 0.01171875
0 0.1234375 0.20546875 0.0234375 0.03125
0 0.86640625 0.00625 0.0140625 0.01171875
0 0.6421875 0.00625 0.0140625 0.01171875
0 0.01484375 0.24296875 0.0296875 0.0453125
0 0.90546875 0.00703125 0.0125 0.0140625
0 0.14453125 0.08828125 0.015625 0.0234375
0 0.040625 0.10390625 0.0203125 0.03125
0 0.22734375 0.00625 0.0171875 0.0125
0 0.7609375 0.0609375 0.015625 0.021875