0 0.43046875 0.0140625 0.0171875 0.028125
0 0.6421875 0.16171875 0.0234375 0.0390625
0 0.08359375 0.20078125 0.0265625 0.03671875
0 0.22578125 0.26171875 0.025 0.0390625
0 0.42578125 0.0859375 0.021875 0.03125
0 0.76875 0.0265625 0.025 0.040625
0 0.16875 0.240625 0.0265625 0.0390625
0 0.2875 0.2671875 0.034375 0.0484375
0 0.46796875 0.0234375 0.01875 0.02578125
0 0.4359375 0.4359375 0.0453125 0.06796875
0 0.309375 0.18125 0.0265625 0.04453125
0 0.2109375 0.175 0.025 0.0375
0 0.5625 0.19375 0.03125 0.04296875
0 0.509375 0.23203125 0.03046875 0.046875
0 0.390625 0.1703125 0.025 0.040625
0 0.478125 0.75703125 0.06328125 0.09765625
0 0.09296875 0.0859375 0.0171875 0.02578125
0 0.54609375 0.12421875 0.02421875 0.0375
0 0.1828125 0.8609375 0.0734375 0.11328125
0 0.4640625 0.11953125 0.0234375 0.0390625
0 0.48671875 0.08125 0.0203125 0.0328125
0 0.5734375 0.4546875 0.04765625 0.06875
0 0.3625 0.1578125 0.02421875 0.03671875
0 0.90703125 0.05703125 0.025 0.0390625
0 0.86796875 0.05078125 0.0265625 0.0390625
0 0.53515625 0.6421875 0.0546875 0.0765625
0 0.73359375 0.05 0.02421875 0.0375
0 0.68671875 0.15 0.02421875 0.0375
0 0.9671875 0.13203125 0.03125 0.0484375
0 0.63984375 0.1078125 0.0234375 0.03515625
0 0.225 0.0984375 0.02265625 0.0328125
0 0.5484375 0.30625 0.0453125 0.0609375
0 0.69375 0.075 0.02421875 0.0375
0 0.40703125 0.0421875 0.0171875 0.0296875
0 0.16328125 0.2015625 0.0234375 0.0296875
0 0.28046875 0.0546875 0.01875 0.02578125
0 0.853125 0.0875 0.02265625 0.03671875
0 0.94140625 0.0765625 0.0328125 0.0484375
0 0.2453125 0.00625 0.015625 0.0125
0 0.465625 0.0734375 0.0203125 0.0328125
0 0.79921875 0.0796875 0.0265625 0.0390625
0 0.6109375 0.0421875 0.0203125 0.0296875
0 0.14140625 0.425 0.0234375 0.03515625
0 0.6484375 0.41796875 0.0453125 0.06796875
0 0.84140625 0.025 0.02265625 0.03125
0 0.63125 0.0203125 0.0203125 0.0296875
0 0.01171875 0.19296875 0.0234375 0.0390625
0 0.1828125 0.0171875 0.0140625 0.025
0 0.01484375 0.1 0.0171875 0.025
0 0.54609375 0.05 0.0203125 0.0328125
0 0.13046875 0.01875 0.01484375 0.01953125
0 0.196875 0.0296875 0.015625 0.021875
0 0.0109375 0.075 0.021875 0.025
0 0.228125 0.03046875 0.01640625 0.025
0 0.590625 0.39140625 0.03828125 0.053125
0 0.6203125 0.13125 0.0234375 0.0375
0 0.49453125 0.00625 0.01640625 0.01171875
0 0.3109375 0.06953125 0.01953125 0.025
0 0.3015625 0.021875 0.0171875 0.02578125
0 0.6375 0.0734375 0.02265625 0.02734375
0 0.35859375 0.02265625 0.01484375 0.025
0 0.34140625 0.0234375 0.01640625 0.02578125
0 0.5328125 0.02265625 0.0203125 0.025
0 0.47265625 0.2125 0.02734375 0.0390625
0 0.684375 0.0140625 0.021875 0.028125
0 0.1125 0.09296875 0.0203125 0.0296875
0 0.26640625 0.0109375 0.015625 0.021875
0 0.1515625 0.04296875 0.01640625 0.02578125
0 0.43828125 0.1234375 0.021875 0.03671875
0 0.0828125 0.01796875 0.0140625 0.01796875
0 0.49921875 0.053125 0.01875 0.02578125
0 0.16875 0.0171875 0.0140625 0.01953125
0 0.20546875 0.00625 0.01484375 0.01171875
0 0.21640625 0.05625 0.01640625 0.02578125
0 0.03203125 0.00625 0.01484375 0.01171875
0 0.35625 0.06015625 0.01875 0.02578125
0 0.41875 0.1265625 0.01875 0.02890625
0 0.2828125 0.1625 0.02734375 0.04453125
0 0.58671875 0.0125 0.0203125 0.025
0 0.825 0.10546875 0.0265625 0.0390625
0 0.0046875 0.034375 0.00859375 0.021875
0 0.10078125 0.1734375 0.025 0.03515625
0 0.9890625 0.0859375 0.01953125 0.0390625
0 0.55390625 0.00625 0.0171875 0.0125
0 0.128125 0.9859375 0.08125 0.02578125
0 0.70859375 0.03671875 0.0203125 0.03125
0 0.31953125 0.48125 0.04296875 0.05625
0 0.31796875 0.24375 0.03046875 0.0453125
0 0.046875 0.071875 0.0171875 0.025
0 0.01484375 0.00625 0.0125 0.01171875
0 0.609375 0.0125 0.021875 0.025
0 0.11640625 0.0296875 0.01484375 0.025
0 0.11796875 0.00625 0.01484375 0.01171875
0 0.48125 0.1609375 0.02265625 0.0328125
0 0.0296875 0.065625 0.01640625 0.025
0 0.0515625 0.00625 0.0140625 0.01171875
0 0.8640625 0.1265625 0.02734375 0.04140625
0 0.38125 0.0203125 0.01640625 0.025
0 0.27421875 0.03046875 0.01640625 0.01953125
0 0.18828125 0.3234375 0.02421875 0.040625
0 0.4984375 0.12421875 0.021875 0.0375
0 0.046875 0.0375 0.015625 0.0234375
0 0.153125 0.00625 0.0140625 0.01171875
0 0.17109375 0.43125 0.01875 0.0296875
0 0.03203125 0.32421875 0.03046875 0.0546875
0 0.07890625 0.06875 0.01484375 0.01953125
0 0.18046875 0.0796875 0.0171875 0.02578125
0 0.5265625 0.05 0.01953125 0.0296875
0 0.31640625 0.0484375 0.015625 0.02109375
0 0.4046875 0.0078125 0.015625 0.015625
0 0.33125 0.06875 0.01953125 0.02578125
0 0.24296875 0.9609375 0.07890625 0.07578125
0 0.06328125 0.03125 0.0171875 0.0234375
0 0.228125 0.00625 0.01640625 0.01171875
0 0.83125 0.0578125 0.02421875 0.03515625
0 0.509375 0.0078125 0.01640625 0.015625
0 0.00625 0.1515625 0.01171875 0.02734375