0 0.3890625 0.48046875 0.015625 0.02578125
0 0.9703125 0.38828125 0.0203125 0.02578125
0 0.3703125 0.61171875 0.02265625 0.03671875
0 0.69375 0.48515625 0.0203125 0.0296875
0 0.83203125 0.38203125 0.015625 0.025
0 0.0578125 0.75625 0.0375 0.04921875
0 0.9328125 0.45078125 0.01953125 0.02578125
0 0.8796875 0.4734375 0.0171875 0.025
0 0.75625 0.54140625 0.02265625 0.03125
0 0.2796875 0.38125 0.0140625 0.01953125
0 0.5203125 0.4515625 0.01953125 0.02734375
0 0.540625 0.475 0.01953125 0.0328125
0 0.409375 0.48046875 0.01875 0.02578125
0 0.884375 0.41171875 0.01953125 0.02578125
0 0.784375 0.40390625 0.01640625 0.0234375
0 0.73515625 0.5125 0.0171875 0.0296875
0 0.14765625 0.54921875 0.02265625 0.03125
0 0.5375 0.56796875 0.01875 0.03125
0 0.59453125 0.33046875 0.0125 0.01796875
0 0.496875 0.43125 0.01875 0.02578125
0 0.85 0.4859375 0.01953125 0.02890625
0 0.77265625 0.59296875 0.0234375 0.0375
0 0.2078125 0.56640625 0.0234375 0.0390625
0 0.8015625 0.3921875 0.0171875 0.0234375
0 0.41875 0.6796875 0.02265625 0.03671875
0 0.9921875 0.41875 0.0140625 0.025
0 0.15546875 0.6828125 0.03046875 0.04296875
0 0.4953125 0.33125 0.01171875 0.0171875
0 0.07734375 0.4359375 0.0171875 0.02578125
0 0.98359375 0.4671875 0.02265625 0.03515625
0 0.678125 0.2890625 0.01171875 0.01796875
0 0.99375 0.3015625 0.009375 0.021875
0 0.790625 0.2125 0.0109375 0.0140625
0 0.7625 0.4140625 0.0171875 0.02578125
0 0.75234375 0.35 0.01484375 0.025
0 0.08828125 0.7890625 0.02265625 0.02890625
0 0.465625 0.28203125 0.0125 0.0171875
0 0.509375 0.31875 0.01171875 0.01796875
0 0.80625 0.62890625 0.0203125 0.02578125
0 0.8078125 0.26953125 0.0109375 0.015625
0 0.60859375 0.21640625 0.01171875 0.015625
0 0.571875 0.23203125 0.0109375 0.015625
0 0.4296875 0.3609375 0.01171875 0.015625
0 0.696875 0.2765625 0.01171875 0.0171875
0 0.5375 0.3296875 0.0109375 0.01953125
0 0.64296875 0.4625 0.01875 0.03125
0 0.54609375 0.6984375 0.0171875 0.02734375
0 0.3515625 0.38203125 0.0140625 0.0171875
0 0.75390625 0.18125 0.009375 0.01328125
0 0.50390625 0.1671875 0.0078125 0.01171875
0 0.5578125 0.08125 0.00859375 0.01171875
0 0.54375 0.09375 0.00859375 0.01328125
0 0.20234375 0.384375 0.01171875 0.0171875
0 0.571875 0.16796875 0.009375 0.01328125
0 0.9328125 0.58671875 0.03046875 0.0375
0 0.48359375 0.34375 0.0109375 0.01796875
0 0.76640625 0.171875 0.0109375 0.01328125
0 0.37421875 0.3765625 0.0125 0.01796875
0 0.153125 0.38046875 0.0140625 0.01796875
0 0.92109375 0.21796875 0.0109375 0.0140625
0 0.5203125 0.16875 0.0078125 0.01171875
0 0.465625 0.35078125 0.0125 0.0171875
0 0.7625 0.2125 0.00859375 0.01328125
0 0.63203125 0.08046875 0.0078125 0.0078125
0 0.61875 0.08046875 0.0078125 0.0078125
0 0.81796875 0.2171875 0.00703125 0.01015625