1 0.49765625 0.4984375 0.98828125 0.98515625
1 0.64296875 0.67578125 0.05 0.071875
1 0.875 0.63203125 0.05390625 0.075
1 0.4203125 0.75546875 0.04375 0.075
1 0.66328125 0.83515625 0.06171875 0.08984375
1 0.5671875 0.88125 0.05 0.06875
1 0.81328125 0.878125 0.0703125 0.08671875
1 0.490625 0.70703125 0.04609375 0.06328125
1 0.7890625 0.63046875 0.0421875 0.071875
1 0.715625 0.73125 0.05234375 0.075
1 0.87734375 0.4609375 0.05 0.08125
1 0.1296875 0.8140625 0.04765625 0.078125
1 0.59921875 0.3875 0.0421875 0.071875
1 0.6859375 0.40703125 0.0359375 0.06328125
1 0.71796875 0.90390625 0.04765625 0.078125
1 0.753125 0.40234375 0.03828125 0.06640625
1 0.5 0.51328125 0.04375 0.071875
1 0.878125 0.9578125 0.06015625 0.071875
1 0.390625 0.6609375 0.0421875 0.06640625
1 0.20625 0.70390625 0.03984375 0.06875
1 0.7609375 0.55078125 0.0421875 0.06875
1 0.334375 0.33671875 0.03203125 0.0484375
1 0.65625 0.9640625 0.05625 0.06640625
1 0.82109375 0.39375 0.05 0.071875
1 0.67890625 0.33671875 0.04609375 0.06640625
1 0.8546875 0.21171875 0.03828125 0.06328125
1 0.728125 0.5078125 0.04375 0.06015625
1 0.50390625 0.93984375 0.04765625 0.071875
1 0.2546875 0.85546875 0.065625 0.084375
1 0.64921875 0.47265625 0.03828125 0.06328125
1 0.48125 0.27890625 0.03828125 0.06015625
1 0.3859375 0.51484375 0.0359375 0.05703125
1 0.459375 0.8375 0.12578125 0.240625
1 0.68984375 0.28046875 0.03984375 0.05703125
1 0.584375 0.6546875 0.04375 0.071875
1 0.81796875 0.60390625 0.04375 0.078125
1 0.3203125 0.48046875 0.0359375 0.06015625
1 0.321875 0.425 0.03203125 0.05078125
1 0.94375 0.8390625 0.0640625 0.08671875
1 0.628125 0.584375 0.04375 0.06328125
1 0.52109375 0.646875 0.04609375 0.06328125
1 0.90390625 0.38125 0.05234375 0.078125
1 0.3453125 0.71484375 0.05 0.071875
1 0.08203125 0.6984375 0.03984375 0.06328125
1 0.5890625 0.47109375 0.0421875 0.06640625
1 0.9546875 0.6578125 0.0703125 0.078125
1 0.16484375 0.884375 0.04609375 0.06875
1 0.87890625 0.5359375 0.04609375 0.05703125
1 0.07734375 0.86953125 0.05390625 0.075
1 0.31875 0.575 0.034375 0.05078125
1 0.53984375 0.36328125 0.04765625 0.071875
1 0.74921875 0.32578125 0.03828125 0.06328125
1 0.53125 0.428125 0.03828125 0.06875
1 0.540625 0.29140625 0.065625 0.10234375
1 0.89921875 0.3125 0.05 0.071875
1 0.959375 0.24765625 0.0421875 0.06328125
1 0.1328125 0.36328125 0.034375 0.0484375
1 0.17109375 0.60625 0.034375 0.05390625
1 0.65703125 0.7296875 0.0859375 0.18046875
1 0.5078125 0.59296875 0.05625 0.075
1 0.74609375 0.2703125 0.03984375 0.05390625
1 0.33828125 0.25390625 0.0359375 0.05078125
1 0.521875 0.21953125 0.03984375 0.05390625
1 0.8828125 0.5828125 0.09765625 0.15
1 0.60234375 0.509375 0.071875 0.14140625
1 0.34609375 0.375 0.06015625 0.12578125
1 0.4390625 0.225 0.0296875 0.0484375
1 0.26171875 0.56171875 0.04375 0.06640625
1 0.68203125 0.63046875 0.03984375 0.06640625
1 0.79609375 0.24765625 0.0359375 0.05078125
1 0.95390625 0.7375 0.084375 0.2375
1 0.3421875 0.83515625 0.1 0.1859375
1 0.32890625 0.4515625 0.05390625 0.10546875
1 0.175 0.7 0.034375 0.06015625
1 0.37265625 0.86796875 0.03828125 0.06015625
1 0.7546875 0.44609375 0.0703125 0.153125
1 0.48125 0.465625 0.034375 0.05390625
1 0.953125 0.884375 0.0859375 0.17734375
1 0.121875 0.584375 0.0359375 0.05078125
1 0.19921875 0.44921875 0.034375 0.05703125
1 0.31328125 0.771875 0.03828125 0.06015625
1 0.534375 0.2671875 0.03203125 0.05390625
1 0.80078125 0.1578125 0.034375 0.05078125
1 0.45234375 0.5421875 0.0359375 0.05078125
1 0.540625 0.121875 0.0296875 0.05078125
1 0.27890625 0.64453125 0.03828125 0.05703125
1 0.69296875 0.43515625 0.0578125 0.1203125
1 0.46484375 0.6453125 0.03828125 0.06015625
1 0.7609375 0.86796875 0.0421875 0.078125
1 0.59609375 0.25234375 0.0359375 0.05390625
1 0.39375 0.43984375 0.04375 0.06328125
1 0.234375 0.59296875 0.03984375 0.05703125
1 0.88515625 0.4921875 0.121875 0.14453125
1 0.978125 0.496875 0.03984375 0.06875
1 0.265625 0.94140625 0.08828125 0.09921875
1 0.61015625 0.4140625 0.06796875 0.13203125
1 0.4203125 0.609375 0.04375 0.06015625
1 0.928125 0.153125 0.0359375 0.06015625
1 0.665625 0.51640625 0.07578125 0.15
1 0.16328125 0.4703125 0.0296875 0.0453125
1 0.8390625 0.30625 0.04609375 0.06640625
1 0.72890625 0.0453125 0.034375 0.05390625
1 0.59609375 0.1171875 0.03203125 0.05390625
1 0.2421875 0.6515625 0.03203125 0.0484375
1 0.26484375 0.48984375 0.0578125 0.08984375
1 0.746875 0.59453125 0.08203125 0.16796875
1 0.1 0.540625 0.03203125 0.0421875
1 0.06875 0.58125 0.034375 0.05078125
1 0.79296875 0.52734375 0.05 0.06875
1 0.5609375 0.74140625 0.05 0.078125
1 0.64375 0.67890625 0.071875 0.10234375
1 0.83203125 0.8921875 0.17578125 0.20390625
1 0.3453125 0.29609375 0.06171875 0.12890625
1 0.41796875 0.48671875 0.05234375 0.08984375
1 0.103125 0.97109375 0.065625 0.05078125
1 0.72890625 0.78515625 0.08203125 0.1828125
1 0.146875 0.52265625 0.03828125 0.05390625
1 0.528125 0.6609375 0.0640625 0.08984375
1 0.41171875 0.97734375 0.06015625 0.0390625
1 0.85 0.034375 0.03984375 0.0453125
1 0.984375 0.40703125 0.02421875 0.075
1 0.5046875 0.7765625 0.08203125 0.20703125
1 0.35703125 0.625 0.034375 0.0484375
1 0.8640625 0.25390625 0.071875 0.146875
1 0.22109375 0.384375 0.034375 0.0484375
1 0.05625 0.78203125 0.04765625 0.06875
1 0.57890625 0.58671875 0.0421875 0.06328125
1 0.36328125 0.74765625 0.08984375 0.13828125
1 0.46328125 0.32734375 0.034375 0.0484375
1 0.87734375 0.71640625 0.08203125 0.24921875
1 0.23125 0.7765625 0.05390625 0.05703125
1 0.4390625 0.13203125 0.0296875 0.0484375
1 0.0953125 0.78203125 0.03828125 0.06328125
1 0.6171875 0.3015625 0.03828125 0.06328125
1 0.653125 0.8890625 0.10234375 0.20390625
1 0.44296875 0.25859375 0.05 0.1140625
1 0.80703125 0.8046875 0.065625 0.071875
1 0.20703125 0.9671875 0.05390625 0.06015625
1 0.40234375 0.375 0.03203125 0.0484375
1 0.3828125 0.8859375 0.0578125 0.09609375
1 0.57578125 0.91875 0.084375 0.15
1 0.659375 0.1890625 0.0296875 0.05390625
1 0.146875 0.846875 0.08984375 0.14453125
1 0.31328125 0.9140625 0.06171875 0.06328125
1 0.4921875 0.71484375 0.07578125 0.1140625
1 0.80234375 0.690625 0.0796875 0.1921875