0 0.52109375 0.30625 0.028125 0.04453125
0 0.46015625 0.60546875 0.05859375 0.0859375
0 0.60078125 0.31796875 0.025 0.04140625
0 0.3015625 0.5609375 0.05625 0.084375
0 0.6578125 0.6703125 0.0609375 0.0921875
0 0.75390625 0.0875 0.0140625 0.0234375
0 0.71953125 0.08203125 0.01171875 0.01796875
0 0.846875 0.06796875 0.0140625 0.02109375
0 0.8140625 0.08046875 0.01484375 0.0234375
0 0.71953125 0.1578125 0.01640625 0.0234375
0 0.95859375 0.05625 0.0125 0.01796875
0 0.796875 0.08203125 0.0140625 0.02109375
0 0.45859375 0.16015625 0.01484375 0.02109375
0 0.559375 0.13125 0.0125 0.02109375
0 0.5796875 0.109375 0.01171875 0.01796875
0 0.478125 0.15 0.0125 0.01953125
0 0.609375 0.14296875 0.01171875 0.01796875
0 0.91015625 0.06015625 0.0140625 0.02109375
0 0.58046875 0.04296875 0.0109375 0.01328125
0 0.6453125 0.1515625 0.01484375 0.021875
0 0.29609375 0.24765625 0.0203125 0.02890625
0 0.0515625 0.24765625 0.01484375 0.02109375
0 0.0046875 0.20546875 0.009375 0.01796875
0 0.8640625 0.0640625 0.01171875 0.02109375
0 0.6203125 0.16328125 0.0140625 0.01953125
0 0.92109375 0.03125 0.0109375 0.01796875
0 0.065625 0.26953125 0.01640625 0.02578125
0 0.7171875 0.04375 0.009375 0.0140625
0 0.60625 0.034375 0.0109375 0.0140625
0 0.01640625 0.31171875 0.01484375 0.01953125
0 0.74296875 0.0171875 0.0109375 0.0140625
0 0.884375 0.065625 0.0125 0.01953125
0 0.0703125 0.18515625 0.0140625 0.015625
0 0.70546875 0.053125 0.00859375 0.01328125
0 0.9921875 0.0171875 0.01171875 0.015625
0 0.96484375 0.01796875 0.0140625 0.01796875
0 0.0578125 0.18203125 0.01171875 0.015625
0 0.93203125 0.00625 0.0109375 0.0125
0 0.6203125 0.1296875 0.01171875 0.0171875
0 0.6203125 0.0796875 0.0109375 0.0140625
0 0.61953125 0.04296875 0.00859375 0.01328125
0 0.61953125 0.10546875 0.0109375 0.01328125
0 0.08671875 0.2703125 0.01484375 0.01953125
0 0.6046875 0.06796875 0.009375 0.01328125
0 0.878125 0.04140625 0.0109375 0.01796875
0 0.03046875 0.20546875 0.0125 0.01796875
0 0.64609375 0.0453125 0.0109375 0.0171875
0 0.4671875 0.0796875 0.009375 0.0140625
0 0.64296875 0.1046875 0.0109375 0.0171875
0 0.94453125 0.00625 0.01171875 0.01171875
0 0.04375 0.19296875 0.0125 0.01796875
0 0.2609375 0.24140625 0.0203125 0.02734375
0 0.93125 0.071875 0.0140625 0.021875
0 0.58046875 0.08125 0.00859375 0.0140625
0 0.6578125 0.08203125 0.0109375 0.015625
0 0.753125 0.0421875 0.0109375 0.0171875
0 0.45703125 0.10625 0.009375 0.0140625
0 0.44453125 0.09140625 0.009375 0.01328125
0 0.4828125 0.0796875 0.0109375 0.0140625
0 0.68203125 0.0171875 0.00859375 0.01171875
0 0.778125 0.0734375 0.0140625 0.0171875
0 0.8953125 0.01953125 0.01171875 0.015625
0 0.39296875 0.13515625 0.01875 0.02890625
0 0.5921875 0.0796875 0.009375 0.0140625
0 0.7703125 0.025 0.009375 0.0140625
0 0.6796875 0.05390625 0.0078125 0.01171875
0 0.69453125 0.05625 0.0078125 0.01328125
0 0.603125 0.10078125 0.0109375 0.0171875
0 0.64375 0.071875 0.0109375 0.0140625
0 0.5609375 0.10625 0.0109375 0.0140625
0 0.63828125 0.08828125 0.0109375 0.015625
0 0.7375 0.0359375 0.0109375 0.0171875
0 0.353125 0.11796875 0.0125 0.0171875
0 0.69140625 0.01640625 0.0078125 0.01171875
0 0.33671875 0.1390625 0.0109375 0.0171875
0 0.01796875 0.23046875 0.0125 0.01796875
0 0.04609375 0.296875 0.0140625 0.01796875
0 0.91875 0.00625 0.01171875 0.01171875