0 0.03828125 0.76484375 0.0765625 0.13046875
0 0.3671875 0.82109375 0.0453125 0.0734375
0 0.47265625 0.85390625 0.0484375 0.0875
0 0.4234375 0.76484375 0.025 0.0421875
0 0.978125 0.8859375 0.0203125 0.03515625
0 0.31328125 0.91171875 0.0609375 0.0984375
0 0.93046875 0.88984375 0.0171875 0.03203125
0 0.665625 0.69296875 0.01484375 0.028125
0 0.3265625 0.71796875 0.021875 0.03671875
0 0.31328125 0.76875 0.034375 0.05234375
0 0.0203125 0.63359375 0.0390625 0.05546875
0 0.37578125 0.97421875 0.0515625 0.0484375
0 0.77109375 0.76171875 0.01484375 0.025
0 0.7328125 0.8921875 0.0234375 0.0453125
0 0.915625 0.8296875 0.01640625 0.03046875
0 0.61171875 0.9734375 0.028125 0.05
0 0.0859375 0.68046875 0.046875 0.071875
0 0.2140625 0.73359375 0.03828125 0.0671875
0 0.7171875 0.7578125 0.0140625 0.025
0 0.39296875 0.7640625 0.0265625 0.04375
0 0.3234375 0.82265625 0.0328125 0.03515625
0 0.178125 0.65625 0.02421875 0.03828125
0 0.884375 0.921875 0.01953125 0.028125
0 0.1828125 0.7765625 0.03984375 0.071875
0 0.01484375 0.53046875 0.0109375 0.01640625
0 0.815625 0.925 0.01640625 0.03203125
0 0.6421875 0.7296875 0.0171875 0.028125
0 0.76953125 0.73359375 0.015625 0.0234375
0 0.37734375 0.7296875 0.0203125 0.03671875
0 0.12890625 0.63125 0.0296875 0.046875
0 0.0609375 0.62734375 0.0296875 0.0453125
0 0.340625 0.59140625 0.0125 0.0171875
0 0.5296875 0.71953125 0.015625 0.03046875
0 0.85 0.9703125 0.03984375 0.05703125
0 0.8046875 0.59453125 0.009375 0.0171875
0 0.14375 0.790625 0.0484375 0.07578125
0 0.88984375 0.9671875 0.025 0.0515625
0 0.9046875 0.6265625 0.0109375 0.0171875
0 0.915625 0.6046875 0.0109375 0.0171875
0 0.665625 0.66640625 0.01171875 0.0203125
0 0.30546875 0.58359375 0.0109375 0.01640625
0 0.32890625 0.6671875 0.015625 0.028125
0 0.71640625 0.65546875 0.0109375 0.01875
0 0.478125 0.70234375 0.01484375 0.025
0 0.09609375 0.56953125 0.0125 0.0171875
0 0.53515625 0.82890625 0.0296875 0.05234375
0 0.2140625 0.85 0.059375 0.0921875
0 0.16875 0.55625 0.00859375 0.0171875
0 0.540625 0.59453125 0.0109375 0.0171875
0 0.853125 0.6375 0.01171875 0.01875
0 0.17109375 0.60625 0.0125 0.0203125
0 0.38984375 0.4140625 0.009375 0.0171875
0 0.98828125 0.5875 0.0140625 0.01875
0 0.409375 0.65546875 0.0140625 0.021875
0 0.36875 0.58046875 0.0125 0.01875
0 0.9265625 0.66640625 0.01171875 0.0203125
0 0.82734375 0.63359375 0.01171875 0.0171875
0 0.55703125 0.72265625 0.01640625 0.028125
0 0.06953125 0.56953125 0.01171875 0.0171875
0 0.33203125 0.52109375 0.009375 0.0171875
0 0.5078125 0.63046875 0.009375 0.01640625
0 0.5828125 0.53125 0.00859375 0.01484375
0 0.45234375 0.64453125 0.01171875 0.0171875
0 0.75234375 0.65625 0.0125 0.0171875
0 0.4109375 0.5640625 0.009375 0.0171875
0 0.58359375 0.88984375 0.0265625 0.05390625
0 0.19375 0.55625 0.00859375 0.01484375
0 0.9171875 0.6265625 0.009375 0.0171875
0 0.7390625 0.66171875 0.01171875 0.0203125
0 0.55234375 0.69453125 0.0125 0.025
0 0.2875 0.609375 0.0125 0.0203125
0 0.85625 0.7640625 0.01484375 0.0234375
0 0.84140625 0.6515625 0.0109375 0.0171875
0 0.95546875 0.58046875 0.00859375 0.01875
0 0.76875 0.97734375 0.0515625 0.0421875
0 0.9671875 0.4421875 0.0078125 0.01484375
0 0.353125 0.59140625 0.0109375 0.0171875
0 0.5046875 0.590625 0.00859375 0.01640625
0 0.66875 0.29375 0.0078125 0.01015625
0 0.63203125 0.51953125 0.0078125 0.01484375
0 0.86875 0.71875 0.0140625 0.0203125
0 0.3703125 0.39609375 0.0109375 0.01640625
0 0.215625 0.5796875 0.0125 0.0171875
0 0.91875 0.40703125 0.0078125 0.01171875
0 0.93828125 0.82109375 0.0171875 0.03203125
0 0.59453125 0.59140625 0.00859375 0.0171875
0 0.4640625 0.69765625 0.01484375 0.025
0 0.78203125 0.9328125 0.03203125 0.046875
0 0.465625 0.66875 0.0140625 0.0265625
0 0.6515625 0.63125 0.0109375 0.0171875
0 0.4953125 0.4953125 0.009375 0.01328125
0 0.5578125 0.5171875 0.0078125 0.01328125
0 0.53203125 0.6265625 0.0109375 0.0203125
0 0.8703125 0.7578125 0.0140625 0.021875
0 0.14296875 0.56640625 0.0109375 0.0171875
0 0.26796875 0.5671875 0.00859375 0.01640625
0 0.4046875 0.68046875 0.0140625 0.021875
0 0.42734375 0.64765625 0.0125 0.021875
0 0.35625 0.56640625 0.0109375 0.0171875
0 0.253125 0.59453125 0.0109375 0.0171875
0 0.5296875 0.55625 0.00859375 0.01484375
0 0.38984375 0.64453125 0.0125 0.0203125
0 0.46796875 0.615625 0.0109375 0.01640625
0 0.2046875 0.55625 0.009375 0.01484375
0 0.4203125 0.403125 0.0109375 0.01328125
0 0.46953125 0.64140625 0.009375 0.0171875
0 0.4921875 0.54609375 0.009375 0.0171875
0 0.80703125 0.771875 0.01484375 0.0234375
0 0.628125 0.59140625 0.0109375 0.0171875
0 0.56796875 0.37890625 0.00703125 0.01171875
0 0.26640625 0.59140625 0.009375 0.0171875
0 0.5921875 0.42890625 0.0078125 0.01171875
0 0.74296875 0.3921875 0.00703125 0.00859375
0 0.43046875 0.590625 0.0109375 0.01875
0 0.4578125 0.51953125 0.009375 0.0171875
0 0.509375 0.85 0.0265625 0.05390625
0 0.3953125 0.575 0.009375 0.01875
0 0.70859375 0.61953125 0.0109375 0.0171875
0 0.24296875 0.62265625 0.0125 0.01875
0 0.5296875 0.49296875 0.0078125 0.01015625
0 0.71953125 0.6265625 0.009375 0.0171875
0 0.4671875 0.59140625 0.00859375 0.0171875
0 0.959375 0.76875 0.0125 0.0265625
0 0.8296875 0.5171875 0.009375 0.01484375
0 0.915625 0.54609375 0.009375 0.0171875
0 0.6828125 0.50625 0.0078125 0.01484375
0 0.67109375 0.60625 0.0109375 0.0171875
0 0.4359375 0.5640625 0.0109375 0.0171875
0 0.68046875 0.64453125 0.0109375 0.0171875
0 0.29375 0.584375 0.0109375 0.0171875
0 0.95234375 0.63359375 0.01171875 0.01875
0 0.51796875 0.49296875 0.00703125 0.01015625
0 0.99453125 0.4421875 0.00859375 0.01484375
0 0.0703125 0.59453125 0.015625 0.0203125
0 0.26640625 0.36875 0.009375 0.01171875
0 0.5546875 0.37890625 0.0078125 0.01171875
0 0.3578125 0.3046875 0.009375 0.01484375
0 0.54375 0.38984375 0.0078125 0.01328125
0 0.315625 0.6453125 0.01484375 0.025
0 0.44453125 0.40390625 0.0078125 0.01171875
0 0.45234375 0.60625 0.0109375 0.0171875
0 0.65703125 0.59453125 0.0109375 0.0171875
0 0.2796875 0.56953125 0.009375 0.0171875
0 0.9546875 0.403125 0.0078125 0.01015625
0 0.86875 0.403125 0.00703125 0.01015625
0 0.2421875 0.56953125 0.009375 0.01484375
0 0.60625 0.5171875 0.0078125 0.01484375
0 0.46640625 0.75546875 0.02265625 0.03828125
0 0.56875 0.49296875 0.00703125 0.01328125
0 0.09453125 0.61640625 0.0171875 0.0265625
0 0.50625 0.5421875 0.00859375 0.01328125
0 0.30390625 0.609375 0.0140625 0.0203125
0 0.65546875 0.4953125 0.00703125 0.01328125
0 0.42109375 0.7328125 0.01484375 0.025
0 0.46953125 0.403125 0.0078125 0.01015625
0 0.33359375 0.61640625 0.0109375 0.0203125
0 0.61796875 0.69296875 0.0140625 0.01875
0 0.5125 0.4109375 0.0078125 0.01328125
0 0.56328125 0.78984375 0.0234375 0.03984375
0 0.9046875 0.40703125 0.00859375 0.01171875
0 0.76875 0.61953125 0.0109375 0.0171875
0 0.75625 0.3921875 0.00703125 0.00859375
0 0.76796875 0.39296875 0.00703125 0.01015625
0 0.22109375 0.66640625 0.02421875 0.03828125
0 0.92890625 0.63125 0.009375 0.0171875
0 0.51796875 0.5171875 0.00703125 0.01484375
0 0.10625 0.39609375 0.00859375 0.01328125
0 0.778125 0.671875 0.0125 0.0203125
0 0.134375 0.58359375 0.01171875 0.01875
0 0.81875 0.59140625 0.0109375 0.0171875
0 0.5171875 0.57734375 0.0078125 0.01640625
0 0.93125 0.40625 0.00703125 0.01015625
0 0.4703125 0.56640625 0.00859375 0.0171875
0 0.5890625 0.7265625 0.01953125 0.03828125
0 0.1546875 0.60234375 0.0140625 0.025
0 0.93125 0.4703125 0.00703125 0.01171875
0 0.2609375 0.6171875 0.0140625 0.01875
0 0.23125 0.5796875 0.0109375 0.0171875
0 0.8078125 0.7015625 0.01171875 0.0203125
0 0.87578125 0.81953125 0.015625 0.03046875
0 0.48125 0.54609375 0.00859375 0.0171875
0 0.67421875 0.88203125 0.01875 0.03984375
0 0.46796875 0.53125 0.00703125 0.01484375
0 0.771875 0.64140625 0.01171875 0.0171875
0 0.4578125 0.56953125 0.009375 0.0171875
0 0.6171875 0.44296875 0.0078125 0.01015625
0 0.8546875 0.5765625 0.009375 0.0171875
0 0.78359375 0.60234375 0.0109375 0.01640625
0 0.7109375 0.79375 0.015625 0.03203125
0 0.73203125 0.85703125 0.01484375 0.025
0 0.94375 0.4953125 0.00859375 0.01640625
0 0.3046875 0.24375 0.0078125 0.01015625
0 0.13125 0.39375 0.00703125 0.01171875
0 0.565625 0.6015625 0.00859375 0.01484375
0 0.409375 0.61953125 0.0109375 0.0171875
0 0.2859375 0.6625 0.01484375 0.025
0 0.7953125 0.6171875 0.0109375 0.01640625
0 0.54375 0.5171875 0.0078125 0.01484375
0 0.25234375 0.74765625 0.0265625 0.03984375
0 0.98046875 0.42890625 0.0078125 0.01171875
0 0.55546875 0.41796875 0.00703125 0.01328125
0 0.05546875 0.56640625 0.0109375 0.0171875
0 0.81875 0.54140625 0.00859375 0.01484375
0 0.18046875 0.5640625 0.0109375 0.0171875
0 0.3703125 0.52109375 0.01171875 0.0171875
0 0.60625 0.5921875 0.0078125 0.01640625
0 0.54375 0.4421875 0.0078125 0.01484375
0 0.41875 0.27890625 0.00703125 0.01015625
0 0.05625 0.2296875 0.00703125 0.01171875
0 0.39609375 0.7125 0.01640625 0.03359375
0 0.5921875 0.50625 0.0078125 0.01484375
0 0.83046875 0.47890625 0.00703125 0.01171875
0 0.5859375 0.69140625 0.0140625 0.0234375
0 0.4671875 0.48203125 0.00859375 0.01484375
0 0.1625 0.3859375 0.00703125 0.01015625
0 0.43046875 0.5171875 0.0109375 0.01484375
0 0.70625 0.40390625 0.00703125 0.01171875
0 0.8046875 0.63125 0.009375 0.0171875
0 0.50703125 0.38203125 0.00859375 0.01171875
0 0.5296875 0.428125 0.0078125 0.01328125
0 0.43125 0.27890625 0.0078125 0.01015625
0 0.83671875 0.709375 0.0140625 0.021875
0 0.9546875 0.43125 0.0078125 0.01015625
0 0.5546875 0.54453125 0.0078125 0.01484375
0 0.58125 0.38125 0.00703125 0.01015625
0 0.46953125 0.54609375 0.009375 0.0171875
0 0.58046875 0.25390625 0.00703125 0.00703125
0 0.51875 0.2546875 0.00703125 0.01171875
0 0.19453125 0.2546875 0.0078125 0.01171875
0 0.95625 0.44296875 0.00703125 0.01328125
0 0.59375 0.39296875 0.0078125 0.01015625
0 0.18046875 0.37890625 0.00703125 0.00859375
0 0.1203125 0.39609375 0.0078125 0.01015625
0 0.509375 0.7046875 0.01484375 0.025
0 0.65703125 0.265625 0.0078125 0.01015625
0 0.88203125 0.45390625 0.0078125 0.01171875
0 0.1203125 0.2796875 0.00859375 0.01171875
0 0.5203125 0.540625 0.00859375 0.01640625
0 0.78203125 0.7015625 0.01171875 0.0203125
0 0.9875 0.4609375 0.0109375 0.01484375
0 0.79296875 0.50546875 0.0078125 0.01328125
0 0.36796875 0.66640625 0.0125 0.0234375
0 0.9671875 0.4921875 0.0078125 0.01484375
0 0.88203125 0.49296875 0.0078125 0.01328125
0 0.20625 0.37890625 0.00703125 0.01171875
0 0.68125 0.39296875 0.00703125 0.01015625
0 0.66875 0.39296875 0.0078125 0.01015625
0 0.48125 0.41875 0.00703125 0.01171875
0 0.31953125 0.2828125 0.0078125 0.01171875
0 0.65546875 0.46796875 0.00703125 0.01015625
0 0.60625 0.45390625 0.00703125 0.01171875
0 0.5796875 0.58125 0.0078125 0.01484375
0 0.13046875 0.27890625 0.00703125 0.01015625
0 0.54375 0.66875 0.0109375 0.0171875
0 0.87265625 0.7828125 0.01484375 0.028125
0 0.56875 0.43125 0.00703125 0.01015625
0 0.74296875 0.43125 0.00625 0.01015625
0 0.11171875 0.534375 0.00859375 0.01484375
0 0.96953125 0.5140625 0.00859375 0.0171875
0 0.6421875 0.44296875 0.0078125 0.01015625
0 0.6171875 0.48203125 0.0078125 0.01171875
0 0.38125 0.2546875 0.00703125 0.01171875
0 0.89296875 0.403125 0.00859375 0.01328125
0 0.2171875 0.63046875 0.01484375 0.021875
0 0.6546875 0.54453125 0.00859375 0.0171875
0 0.428125 0.6265625 0.01171875 0.0171875
0 0.45234375 0.54609375 0.009375 0.0171875
0 0.98125 0.40703125 0.0078125 0.01171875
0 0.81953125 0.71953125 0.01171875 0.021875
0 0.4125 0.26171875 0.00703125 0.00703125
0 0.35625 0.27890625 0.00703125 0.01015625
0 0.96875 0.40625 0.0078125 0.01015625
0 0.90546875 0.45625 0.0078125 0.01015625
0 0.89296875 0.5171875 0.00859375 0.01484375
0 0.35625 0.26875 0.00703125 0.01015625
0 0.4921875 0.41875 0.0078125 0.01171875
0 0.440625 0.54453125 0.00859375 0.01484375
0 0.84375 0.46796875 0.0078125 0.01015625
0 0.72421875 0.47421875 0.00703125 0.01484375
0 0.23125 0.36796875 0.00703125 0.01015625
0 0.48125 0.40625 0.00703125 0.01015625
0 0.69375 0.43125 0.00703125 0.01015625
0 0.58046875 0.4921875 0.00703125 0.01484375
0 0.7359375 0.5140625 0.0078125 0.01484375
0 0.54375 0.5421875 0.0078125 0.01328125
0 0.7875 0.4609375 0.00703125 0.01171875
0 0.9046875 0.5765625 0.00859375 0.0171875
0 0.63203125 0.2796875 0.0078125 0.01171875
0 0.26484375 0.796875 0.034375 0.06015625
0 0.42109375 0.69453125 0.01640625 0.028125
0 0.78125 0.38984375 0.0078125 0.01015625
0 0.14375 0.26875 0.00703125 0.01015625
0 0.34296875 0.27890625 0.00703125 0.01015625
0 0.85625 0.403125 0.00703125 0.01015625
0 0.60625 0.503125 0.0078125 0.01015625
0 0.5546875 0.4921875 0.0078125 0.01484375
0 0.04609375 0.29375 0.0109375 0.01328125
0 0.09453125 0.53125 0.009375 0.01484375
0 0.5125 0.4359375 0.00859375 0.01484375
0 0.21953125 0.55625 0.009375 0.01484375