0 0.8109375 0.1546875 0.02265625 0.03515625
0 0.28203125 0.13671875 0.021875 0.03125
0 0.134375 0.103125 0.025 0.0328125
0 0.50703125 0.28671875 0.034375 0.05234375
0 0.64609375 0.86875 0.075 0.10703125
0 0.3015625 0.43671875 0.040625 0.0609375
0 0.225 0.1578125 0.0265625 0.0390625
0 0.20234375 0.11796875 0.025 0.0375
0 0.55703125 0.2609375 0.034375 0.05078125
0 0.7375 0.13046875 0.02421875 0.03671875
0 0.553125 0.0421875 0.01875 0.02734375
0 0.5921875 0.04453125 0.0171875 0.02578125
0 0.53515625 0.128125 0.021875 0.0328125
0 0.54375 0.7578125 0.06171875 0.09140625
0 0.06953125 0.8921875 0.07734375 0.1015625
0 0.40546875 0.0609375 0.02421875 0.03671875
0 0.6140625 0.5296875 0.05390625 0.07578125
0 0.984375 0.17421875 0.025 0.04453125
0 0.6 0.21640625 0.03125 0.046875
0 0.84453125 0.11328125 0.021875 0.03359375
0 0.3734375 0.15546875 0.0234375 0.0375
0 0.478125 0.2453125 0.02734375 0.04296875
0 0.40703125 0.13515625 0.02265625 0.03359375
0 0.92109375 0.11328125 0.02265625 0.03125
0 0.1109375 0.15 0.025 0.0375
0 0.7078125 0.3046875 0.03125 0.04921875
0 0.71953125 0.9515625 0.0984375 0.09375
0 0.5765625 0.11328125 0.021875 0.02890625
0 0.1828125 0.675 0.0640625 0.0953125
0 0.446875 0.06171875 0.0234375 0.0328125
0 0.8890625 0.1109375 0.0234375 0.0328125
0 0.41171875 0.29140625 0.03203125 0.04921875
0 0.5109375 0.0734375 0.0171875 0.0296875
0 0.1421875 0.14140625 0.03125 0.0453125
0 0.603125 0.44140625 0.04375 0.05703125
0 0.09296875 0.39453125 0.04375 0.06015625
0 0.37734375 0.11328125 0.0203125 0.03359375
0 0.246875 0.10625 0.02421875 0.0328125
0 0.0171875 0.37265625 0.034375 0.06484375
0 0.46171875 0.1625 0.02265625 0.0375
0 0.6453125 0.06328125 0.01953125 0.02734375
0 0.2046875 0.0609375 0.021875 0.02734375
0 0.07421875 0.1078125 0.0234375 0.0328125
0 0.4765625 0.0125 0.021875 0.025
0 0.64140625 0.01328125 0.01484375 0.0234375
0 0.78046875 0.05390625 0.0203125 0.0296875
0 0.9921875 0.13828125 0.0140625 0.02578125
0 0.2796875 0.28671875 0.0375 0.05703125
0 0.06875 0.16171875 0.03203125 0.04140625
0 0.21796875 0.08671875 0.02421875 0.0328125
0 0.96171875 0.0421875 0.01875 0.0296875
0 0.8734375 0.23046875 0.028125 0.0390625
0 0.56640625 0.20625 0.025 0.0375
0 0.7703125 0.23671875 0.034375 0.04453125
0 0.37265625 0.50625 0.0515625 0.08203125
0 0.34765625 0.08046875 0.01953125 0.03125
0 0.4421875 0.1390625 0.021875 0.03515625
0 0.0265625 0.1046875 0.02265625 0.0296875
0 0.6765625 0.0671875 0.0171875 0.0296875
0 0.325 0.25546875 0.03203125 0.04921875
0 0.834375 0.1984375 0.02421875 0.0328125
0 0.3875 0.66328125 0.05859375 0.08203125
0 0.60625 0.00625 0.01484375 0.01171875
0 0.00703125 0.08515625 0.0140625 0.0328125
0 0.78984375 0.00625 0.01484375 0.01171875
0 0.60625 0.16875 0.02265625 0.0328125
0 0.9828125 0.28046875 0.021875 0.0375
0 0.0609375 0.08046875 0.01953125 0.03125