0 0.15703125 0.19296875 0.01484375 0.02109375
0 0.73359375 0.5546875 0.0421875 0.05703125
0 0.48828125 0.5765625 0.040625 0.06484375
0 0.1203125 0.20703125 0.015625 0.0234375
0 0.04609375 0.16953125 0.0125 0.01796875
0 0.23125 0.19375 0.015625 0.01953125
0 0.4390625 0.334375 0.0234375 0.03359375
0 0.38984375 0.58515625 0.0359375 0.05625
0 0.2453125 0.7296875 0.03984375 0.0609375
0 0.96640625 0.1828125 0.0265625 0.03515625
0 0.66328125 0.15625 0.01484375 0.02109375
0 0.91171875 0.16796875 0.0203125 0.03125
0 0.190625 0.7484375 0.0484375 0.0703125
0 0.35625 0.34921875 0.02421875 0.0390625
0 0.178125 0.3375 0.02421875 0.03671875
0 0.2765625 0.32421875 0.021875 0.03125
0 0.84453125 0.1484375 0.01875 0.02578125
0 0.00625 0.16953125 0.0125 0.01796875
0 0.55546875 0.1796875 0.01640625 0.02578125
0 0.5453125 0.134375 0.0140625 0.01953125
0 0.75546875 0.159375 0.01484375 0.01953125
0 0.290625 0.2046875 0.0140625 0.025
0 0.85859375 0.109375 0.01640625 0.02109375
0 0.9671875 0.25625 0.028125 0.04296875
0 0.86640625 0.2328125 0.02265625 0.0328125
0 0.0828125 0.24921875 0.015625 0.025
0 0.071875 0.2140625 0.01484375 0.021875
0 0.721875 0.2015625 0.0171875 0.025
0 0.575 0.2125 0.0171875 0.02734375
0 0.215625 0.1796875 0.0125 0.0234375
0 0.8078125 0.3640625 0.0375 0.05078125
0 0.240625 0.3203125 0.025 0.0390625
0 0.93125 0.39375 0.0421875 0.05625
0 0.8859375 0.1234375 0.0171875 0.021875
0 0.728125 0.0640625 0.0125 0.01796875
0 0.35625 0.2015625 0.0140625 0.01953125
0 0.6546875 0.05625 0.01171875 0.0171875
0 0.14609375 0.23671875 0.01484375 0.0234375
0 0.6140625 0.16953125 0.01484375 0.0234375
0 0.60859375 0.13671875 0.0125 0.01796875
0 0.67890625 0.0515625 0.009375 0.0171875
0 0.71171875 0.165625 0.01875 0.025
0 0.74296875 0.19375 0.01640625 0.02890625
0 0.834375 0.08046875 0.0125 0.01796875
0 0.8875 0.14921875 0.01953125 0.0296875
0 0.4 0.36875 0.0234375 0.03671875
0 0.6203125 0.03203125 0.009375 0.0171875
0 0.028125 0.18125 0.0140625 0.01796875
0 0.7328125 0.04375 0.009375 0.0171875
0 0.1703125 0.11875 0.009375 0.01328125
0 0.4671875 0.3453125 0.021875 0.02890625
0 0.7140625 0.1171875 0.0140625 0.02109375
0 0.80390625 0.103125 0.01484375 0.021875
0 0.540625 0.1671875 0.01484375 0.01953125
0 0.62734375 0.1171875 0.0125 0.015625
0 0.70234375 0.04765625 0.0109375 0.0171875
0 0.0265625 0.25 0.01640625 0.0234375
0 0.0703125 0.1875 0.015625 0.01796875
0 0.5875 0.13828125 0.0140625 0.01796875
0 0.74375 0.03125 0.0109375 0.01328125
0 0.1125 0.2625 0.01484375 0.025
0 0.5296875 0.0671875 0.009375 0.0140625
0 0.19453125 0.11875 0.009375 0.01328125
0 0.81484375 0.07578125 0.0125 0.01796875
0 0.7171875 0.01796875 0.00859375 0.01328125
0 0.38125 0.1515625 0.0125 0.01953125
0 0.77109375 0.0765625 0.0125 0.01953125
0 0.0484375 0.27890625 0.0171875 0.0234375
0 0.41484375 0.11796875 0.01171875 0.0171875
0 0.4046875 0.0890625 0.00859375 0.0140625
0 0.84765625 0.37421875 0.025 0.0375
0 0.7484375 0.06953125 0.0140625 0.021875
0 0.72890625 0.01875 0.0109375 0.0140625
0 0.596875 0.0421875 0.0109375 0.0140625
0 0.60625 0.0171875 0.00859375 0.0140625
0 0.8078125 0.14375 0.01640625 0.025
0 0.54375 0.0171875 0.00859375 0.01171875
0 0.6796875 0.00546875 0.009375 0.01015625
0 0.4671875 0.0921875 0.009375 0.01328125
0 0.540625 0.05703125 0.0109375 0.015625
0 0.1453125 0.30390625 0.0171875 0.021875
0 0.5796875 0.0171875 0.0078125 0.01328125
0 0.70546875 0.01796875 0.00859375 0.01328125
0 0.6484375 0.08046875 0.01171875 0.01796875
0 0.6546875 0.0046875 0.00859375 0.009375
0 0.4953125 0.0171875 0.0078125 0.01171875
0 0.41875 0.0953125 0.00859375 0.01328125
0 0.2 0.19375 0.01484375 0.0234375
0 0.05234375 0.19375 0.0125 0.01953125
0 0.6671875 0.0171875 0.009375 0.0140625
0 0.69375 0.01875 0.00859375 0.0140625
0 0.5546875 0.05703125 0.009375 0.015625
0 0.4671875 0.01796875 0.0078125 0.01328125
0 0.76484375 0.04375 0.0109375 0.0140625
0 0.659375 0.11796875 0.0140625 0.0171875
0 0.51796875 0.13203125 0.0109375 0.0171875
0 0.5171875 0.00625 0.0078125 0.01171875
0 0.290625 0.14140625 0.01171875 0.0140625
0 0.24296875 0.10625 0.00859375 0.01171875
0 0.21796875 0.09296875 0.0078125 0.01171875
0 0.6421875 0.0171875 0.009375 0.0140625
0 0.54375 0.00546875 0.0078125 0.01015625
0 0.46171875 0.1125 0.0109375 0.0171875
0 0.57890625 0.03203125 0.009375 0.0140625
0 0.3546875 0.09765625 0.009375 0.01328125
0 0.56796875 0.0171875 0.00703125 0.01328125
0 0.5125 0.18828125 0.01640625 0.025
0 0.55625 0.0296875 0.00703125 0.01328125
0 0.43046875 0.0796875 0.00859375 0.01328125
0 0.6453125 0.1578125 0.0140625 0.02109375
0 0.1421875 0.11875 0.0109375 0.01171875
0 0.4765625 0.10625 0.009375 0.0140625
0 0.49375 0.05625 0.00703125 0.01328125
0 0.6296875 0.0046875 0.00859375 0.009375
0 0.50625 0.03046875 0.00703125 0.01171875
0 0.43046875 0.0421875 0.00703125 0.01171875
0 0.52421875 0.025 0.00703125 0.01328125
0 0.2046875 0.09375 0.00625 0.0078125
0 0.28046875 0.103125 0.00703125 0.01171875
0 0.39375 0.05625 0.00703125 0.01328125
0 0.2421875 0.0921875 0.0078125 0.0078125
0 0.2796875 0.06875 0.0078125 0.01171875
0 0.4921875 0.00546875 0.0078125 0.01015625
0 0.01484375 0.221875 0.01484375 0.01953125
0 0.13125 0.0796875 0.00625 0.00625
0 0.45546875 0.04296875 0.00703125 0.01328125
0 0.75625 0.03046875 0.00859375 0.01171875
0 0.41875 0.040625 0.0078125 0.01171875
0 0.70390625 0.00546875 0.009375 0.01015625
0 0.7125 0.0359375 0.0109375 0.0171875
0 0.65703125 0.01796875 0.0078125 0.01328125
0 0.6671875 0.046875 0.0109375 0.015625
0 0.5453125 0.08046875 0.009375 0.01796875
0 0.5921875 0.08828125 0.009375 0.015625
0 0.79375 0.0703125 0.01171875 0.01796875
0 0.69453125 0.00546875 0.0078125 0.01015625
0 0.5921875 0.0046875 0.00859375 0.009375
0 0.48046875 0.03046875 0.0078125 0.01171875
0 0.2625 0.08671875 0.00703125 0.01171875
0 0.575 0.0734375 0.009375 0.0140625
0 0.53046875 0.04140625 0.00703125 0.01328125
0 0.25703125 0.10625 0.0078125 0.01171875
0 0.73828125 0.1234375 0.0140625 0.01796875
0 0.66328125 0.0875 0.01171875 0.01796875
0 0.3609375 0.0875 0.0078125 0.01328125
0 0.565625 0.04765625 0.00859375 0.0140625
0 0.628125 0.053125 0.0109375 0.015625
0 0.56875 0.03046875 0.00859375 0.01171875
0 0.31171875 0.0875 0.00703125 0.01328125
0 0.08671875 0.08671875 0.00625 0.00625
0 0.45390625 0.0671875 0.009375 0.01171875