0 0.49453125 0.4625 0.034375 0.0546875
0 0.8296875 0.05625 0.0140625 0.01953125
0 0.48515625 0.4046875 0.0359375 0.04921875
0 0.84453125 0.28046875 0.02734375 0.04296875
0 0.303125 0.57578125 0.04375 0.06484375
0 0.56328125 0.35390625 0.034375 0.04921875
0 0.6234375 0.3734375 0.034375 0.05234375
0 0.6390625 0.33125 0.02734375 0.0375
0 0.87890625 0.28828125 0.0328125 0.04296875
0 0.840625 0.1640625 0.0171875 0.03125
0 0.96171875 0.24375 0.03046875 0.04453125
0 0.8515625 0.20390625 0.021875 0.0375
0 0.5546875 0.63515625 0.05078125 0.08359375
0 0.5171875 0.53671875 0.040625 0.0625
0 0.690625 0.3734375 0.03203125 0.04921875
0 0.2484375 0.5203125 0.046875 0.0640625
0 0.5796875 0.31640625 0.03125 0.04140625
0 0.48125 0.33203125 0.0328125 0.04921875
0 0.45234375 0.68671875 0.05546875 0.08203125
0 0.671875 0.421875 0.0390625 0.06015625
0 0.3109375 0.38046875 0.0265625 0.04453125
0 0.76796875 0.35625 0.034375 0.05078125
0 0.71171875 0.3328125 0.03046875 0.04296875
0 0.7703125 0.1421875 0.0171875 0.025
0 0.6421875 0.0796875 0.0140625 0.01953125
0 0.87890625 0.09375 0.015625 0.02578125
0 0.859375 0.33671875 0.0375 0.05625
0 0.86796875 0.25078125 0.0265625 0.0328125
0 0.77734375 0.27421875 0.0234375 0.0375
0 0.80546875 0.2578125 0.0265625 0.0390625
0 0.4421875 0.4625 0.0390625 0.05859375
0 0.8171875 0.21328125 0.02734375 0.0390625
0 0.8578125 0.109375 0.01484375 0.02578125
0 0.76171875 0.16953125 0.0171875 0.02578125
0 0.6734375 0.22421875 0.0234375 0.0390625
0 0.896875 0.22578125 0.025 0.03515625
0 0.79375 0.0953125 0.015625 0.0234375
0 0.7625 0.1078125 0.0171875 0.025
0 0.6296875 0.65546875 0.04609375 0.07421875
0 0.771875 0.50625 0.05546875 0.07578125
0 0.71953125 0.11796875 0.01640625 0.025
0 0.41328125 0.39375 0.0296875 0.0484375
0 0.9734375 0.19140625 0.0234375 0.04140625
0 0.759375 0.31171875 0.028125 0.0375
0 0.7703125 0.2296875 0.02734375 0.03515625
0 0.4234375 0.1546875 0.0234375 0.03671875
0 0.9828125 0.14375 0.0171875 0.0296875
0 0.73359375 0.26328125 0.02421875 0.0390625
0 0.72109375 0.48828125 0.03828125 0.05703125
0 0.7109375 0.2125 0.01953125 0.0328125
0 0.39296875 0.78828125 0.05546875 0.08984375
0 0.87265625 0.0640625 0.01484375 0.02109375
0 0.81796875 0.13125 0.01875 0.025
0 0.92734375 0.1953125 0.02421875 0.0390625
0 0.72734375 0.09765625 0.0140625 0.02109375
0 0.7015625 0.2609375 0.0265625 0.04296875
0 0.90703125 0.065625 0.01484375 0.021875
0 0.90703125 0.0265625 0.0140625 0.01953125
0 0.715625 0.1640625 0.0171875 0.02890625
0 0.3921875 0.19375 0.021875 0.0328125
0 0.8109375 0.10390625 0.0171875 0.0234375
0 0.35234375 0.44140625 0.03203125 0.046875
0 0.70625 0.1 0.0140625 0.01953125
0 0.746875 0.09453125 0.01484375 0.021875
0 0.88984375 0.04296875 0.0125 0.01796875
0 0.3734375 0.553125 0.0375 0.05703125
0 0.72265625 0.1421875 0.0171875 0.0234375
0 0.93203125 0.1046875 0.01640625 0.025
0 0.73359375 0.19921875 0.0171875 0.03125
0 0.80703125 0.178125 0.01640625 0.02890625
0 0.36875 0.196875 0.0203125 0.03515625
0 0.6828125 0.1875 0.01953125 0.02578125
0 0.6859375 0.0765625 0.01484375 0.0234375
0 0.78203125 0.04296875 0.0125 0.01796875
0 0.6203125 0.109375 0.015625 0.02578125
0 0.86953125 0.00625 0.0109375 0.0125
0 0.740625 0.2296875 0.01953125 0.0296875
0 0.85625 0.06796875 0.015625 0.02109375
0 0.8390625 0.13515625 0.0171875 0.0234375
0 0.759375 0.07265625 0.0125 0.01796875
0 0.8984375 0.19375 0.01953125 0.0296875
0 0.7421875 0.16875 0.01953125 0.025
0 0.80234375 0.053125 0.0125 0.02109375
0 0.8953125 0.00625 0.0140625 0.01171875
0 0.79375 0.00625 0.0125 0.01171875
0 0.85546875 0.00625 0.0109375 0.0125
0 0.9515625 0.05546875 0.015625 0.01953125
0 0.928125 0.134375 0.0203125 0.0328125
0 0.84375 0.0078125 0.0140625 0.015625
0 0.9296875 0.00546875 0.0140625 0.01015625
0 0.78203125 0.11796875 0.01640625 0.025
0 0.953125 0.01875 0.0140625 0.01953125
0 0.83046875 0.00625 0.0125 0.01171875
0 0.81875 0.30703125 0.028125 0.0390625
0 0.65859375 0.1046875 0.01484375 0.021875
0 0.9453125 0.00625 0.0140625 0.01171875
0 0.59140625 0.3609375 0.0265625 0.0390625
0 0.78046875 0.01796875 0.0125 0.01796875
0 0.77421875 0.07421875 0.0140625 0.01796875
0 0.834375 0.1109375 0.01484375 0.0234375
0 0.86015625 0.08671875 0.015625 0.01953125
0 0.6421875 0.234375 0.021875 0.03359375
0 0.603125 0.12421875 0.01640625 0.025
0 0.7 0.18125 0.0171875 0.03125
0 0.8 0.13046875 0.0171875 0.0234375
0 0.65703125 0.2734375 0.0234375 0.02578125
0 0.896875 0.103125 0.01484375 0.021875
0 0.7796875 0.19375 0.01953125 0.0296875
0 0.66328125 0.31171875 0.028125 0.04296875
0 0.915625 0.00546875 0.0125 0.01015625
0 0.803125 0.01796875 0.01171875 0.01796875
0 0.86328125 0.04375 0.015625 0.01953125
0 0.72265625 0.72265625 0.053125 0.078125
0 0.8671875 0.025 0.01171875 0.0171875
0 0.93828125 0.040625 0.0140625 0.021875