0 0.88671875 0.01796875 0.0234375 0.0359375
0 0.9453125 0.08828125 0.02734375 0.04140625
0 0.446875 0.4515625 0.04765625 0.0625
0 0.975 0.19375 0.0359375 0.05078125
0 0.36328125 0.38828125 0.046875 0.06796875
0 0.50078125 0.28828125 0.04609375 0.0609375
0 0.9578125 0.0390625 0.028125 0.0390625
0 0.903125 0.13046875 0.0234375 0.04453125
0 0.91875 0.06171875 0.0265625 0.0375
0 0.84296875 0.08046875 0.03046875 0.04453125
0 0.2 0.01953125 0.025 0.0390625
0 0.38125 0.5375 0.0421875 0.06875
0 0.1078125 0.1796875 0.03515625 0.0546875
0 0.44921875 0.2359375 0.0390625 0.0640625
0 0.91328125 0.01796875 0.0234375 0.0359375
0 0.6484375 0.021875 0.0234375 0.0390625
0 0.9390625 0.2953125 0.0421875 0.0640625
0 0.675 0.4671875 0.05078125 0.07578125
0 0.73828125 0.2421875 0.0390625 0.05234375
0 0.27109375 0.2484375 0.03984375 0.05859375
0 0.80234375 0.04140625 0.02265625 0.0390625
0 0.2671875 0.6859375 0.0640625 0.08828125
0 0.478125 0.6 0.065625 0.08828125
0 0.9546875 0.5953125 0.0625 0.08359375
0 0.4234375 0.05546875 0.025 0.0375
0 0.509375 0.15546875 0.0375 0.05078125
0 0.3109375 0.3 0.0453125 0.05859375
0 0.9734375 0.475 0.0484375 0.07578125
0 0.71953125 0.11875 0.03046875 0.0484375
0 0.56328125 0.21796875 0.03515625 0.05078125
0 0.63984375 0.2140625 0.03046875 0.0484375
0 0.98828125 0.378125 0.021875 0.0609375
0 0.66484375 0.0625 0.03125 0.04921875
0 0.759375 0.3015625 0.03515625 0.05078125
0 0.56328125 0.1734375 0.034375 0.04140625
0 0.0140625 0.5875 0.02734375 0.08828125
0 0.3265625 0.9046875 0.0734375 0.1015625
0 0.0578125 0.50625 0.05859375 0.09140625
0 0.68046875 0.56875 0.06875 0.09140625
0 0.42109375 0.9515625 0.08515625 0.09375
0 0.94921875 0.00625 0.0234375 0.0125
0 0.17421875 0.24765625 0.0359375 0.04921875
0 0.321875 0.10625 0.028125 0.04296875
0 0.82890625 0.04453125 0.0234375 0.0390625
0 0.86171875 0.0234375 0.028125 0.04453125
0 0.99140625 0.01796875 0.0140625 0.0359375
0 0.3671875 0.12578125 0.03125 0.0453125
0 0.7703125 0.0125 0.02265625 0.025
0 0.7421875 0.00625 0.021875 0.01171875
0 0.3015625 0.79453125 0.0546875 0.08046875
0 0.22734375 0.0421875 0.0203125 0.0296875
0 0.0171875 0.71640625 0.034375 0.0984375
0 0.7015625 0.00546875 0.0265625 0.01015625