0 0.95234375 0.4 0.03046875 0.0453125
0 0.7703125 0.475 0.03125 0.04921875
0 0.23125 0.1109375 0.021875 0.03125
0 0.3640625 0.4890625 0.03125 0.0484375
0 0.0578125 0.046875 0.01640625 0.02578125
0 0.09453125 0.225 0.0265625 0.03671875
0 0.22734375 0.0140625 0.01484375 0.02734375
0 0.546875 0.446875 0.0328125 0.05078125
0 0.88203125 0.4171875 0.034375 0.0484375
0 0.4171875 0.7296875 0.046875 0.0765625
0 0.1 0.69375 0.0578125 0.0875
0 0.36015625 0.06875 0.01484375 0.0234375
0 0.6859375 0.509375 0.034375 0.05078125
0 0.5578125 0.16875 0.01953125 0.0296875
0 0.40703125 0.13125 0.015625 0.02578125
0 0.29375 0.54765625 0.040625 0.06640625
0 0.66015625 0.1765625 0.015625 0.025
0 0.60859375 0.1625 0.01640625 0.0234375
0 0.41875 0.06640625 0.0140625 0.02109375
0 0.39140625 0.08203125 0.01484375 0.02109375
0 0.50390625 0.11796875 0.015625 0.025
0 0.3640625 0.14453125 0.01953125 0.02890625
0 0.6859375 0.26796875 0.025 0.03671875
0 0.7890625 0.43125 0.0328125 0.04921875
0 0.29609375 0.1234375 0.01875 0.02734375
0 0.8703125 0.2890625 0.0265625 0.03359375
0 0.28984375 0.19375 0.0203125 0.03671875
0 0.1546875 0.0296875 0.01484375 0.021875
0 0.38984375 0.33515625 0.03125 0.05078125
0 0.025 0.1734375 0.0234375 0.03515625
0 0.57578125 0.44140625 0.0265625 0.04453125
0 0.6234375 0.18515625 0.015625 0.02890625
0 0.07421875 0.0875 0.01953125 0.0296875
0 0.2765625 0.23125 0.01953125 0.0328125
0 0.76484375 0.26953125 0.02265625 0.03671875
0 0.3328125 0.09921875 0.0171875 0.02578125
0 0.1734375 0.03125 0.01484375 0.0234375
0 0.540625 0.109375 0.01484375 0.0234375
0 0.9328125 0.6609375 0.0484375 0.05859375
0 0.41796875 0.040625 0.0140625 0.01953125
0 0.35625 0.29375 0.0265625 0.0484375
0 0.0046875 0.05546875 0.00859375 0.025
0 0.43828125 0.11328125 0.01640625 0.02578125
0 0.8984375 0.71640625 0.0546875 0.0703125
0 0.4640625 0.13515625 0.0171875 0.02578125
0 0.81328125 0.171875 0.015625 0.0234375
0 0.8640625 0.19375 0.0171875 0.0234375
0 0.08515625 0.01953125 0.01484375 0.0234375
0 0.45234375 0.04296875 0.01171875 0.01796875
0 0.565625 0.13125 0.01640625 0.01953125
0 0.8875 0.35 0.03046875 0.0375
0 0.8140625 0.2359375 0.0203125 0.02890625
0 0.5203125 0.1078125 0.01484375 0.025
0 0.17890625 0.05625 0.01484375 0.02578125
0 0.6828125 0.11640625 0.01484375 0.01953125
0 0.79609375 0.14296875 0.0140625 0.01796875
0 0.7703125 0.190625 0.0171875 0.025
0 0.45390625 0.01640625 0.009375 0.0171875
0 0.03984375 0.91171875 0.06171875 0.09375
0 0.38046875 0.1234375 0.01875 0.02578125
0 0.25234375 0.0359375 0.0125 0.01953125
0 0.41875 0.1078125 0.01640625 0.025
0 0.87890625 0.1765625 0.015625 0.021875
0 0.26484375 0.05390625 0.01484375 0.021875
0 0.00625 0.10546875 0.0125 0.02578125
0 0.20234375 0.01328125 0.0140625 0.0234375
0 0.134375 0.046875 0.01484375 0.02109375
0 0.16015625 0.1046875 0.01953125 0.02734375
0 0.29609375 0.053125 0.01484375 0.0234375
0 0.7515625 0.14140625 0.0140625 0.0171875
0 0.00625 0.25625 0.01171875 0.04296875
0 0.37734375 0.0578125 0.0125 0.021875
0 0.7671875 0.14375 0.0140625 0.01953125
0 0.35625 0.04296875 0.0125 0.01796875
0 0.40703125 0.00625 0.01171875 0.01171875
0 0.7046875 0.08828125 0.009375 0.015625
0 0.30234375 0.034375 0.0125 0.01953125
0 0.196875 0.040625 0.0140625 0.021875
0 0.984375 0.1546875 0.0140625 0.01796875
0 0.88125 0.31796875 0.02421875 0.02578125
0 0.2171875 0.04375 0.0140625 0.025
0 0.4296875 0.00703125 0.01171875 0.0140625
0 0.340625 0.00625 0.0125 0.01171875
0 0.12734375 0.07890625 0.01484375 0.021875
0 0.2796875 0.00625 0.0140625 0.01171875
0 0.39375 0.2125 0.02421875 0.03671875
0 0.75390625 0.065625 0.009375 0.0140625
0 0.665625 0.05625 0.0109375 0.0171875
0 0.9890625 0.67265625 0.01953125 0.053125
0 0.7171875 0.0671875 0.009375 0.0140625
0 0.2765625 0.0375 0.01484375 0.0234375
0 0.3421875 0.0296875 0.0109375 0.01796875
0 0.86015625 0.36328125 0.02734375 0.0390625
0 0.50859375 0.0171875 0.01171875 0.015625
0 0.3953125 0.0203125 0.01171875 0.01953125
0 0.33359375 0.053125 0.01484375 0.0234375
0 0.6828125 0.04453125 0.0109375 0.015625
0 0.31875 0.00703125 0.0125 0.0140625
0 0.30625 0.00546875 0.0125 0.01015625
0 0.70390625 0.39296875 0.021875 0.02578125
0 0.7625 0.23125 0.01875 0.025
0 0.946875 0.2140625 0.01484375 0.01953125
0 0.36953125 0.1796875 0.02265625 0.02890625
0 0.6890625 0.23125 0.0203125 0.0296875
0 0.040625 0.109375 0.01640625 0.0234375
0 0.24375 0.00625 0.0140625 0.01171875
0 0.921875 0.18125 0.0140625 0.01953125
0 0.4671875 0.109375 0.01484375 0.02109375
0 0.940625 0.1953125 0.01640625 0.02109375
0 0.6671875 0.11875 0.0140625 0.01953125
0 0.3703125 0.00625 0.0125 0.0125
0 0.4671875 0.0171875 0.0109375 0.0171875
0 0.153125 0.00625 0.0125 0.01171875
0 0.00390625 0.13828125 0.0078125 0.02890625
0 0.103125 0.00625 0.01484375 0.01171875
0 0.4921875 0.00546875 0.009375 0.01015625
0 0.2625 0.1046875 0.01484375 0.025
0 0.290625 0.01796875 0.0125 0.01796875
0 0.478125 0.01796875 0.0109375 0.01796875
0 0.9125 0.20703125 0.01484375 0.02109375
0 0.99296875 0.41796875 0.01171875 0.04921875
0 0.68046875 0.0921875 0.0109375 0.0171875
0 0.76640625 0.0703125 0.0109375 0.01328125
0 0.48125 0.00546875 0.00859375 0.01015625
0 0.35625 0.00625 0.01171875 0.01171875
0 0.99296875 0.1046875 0.01171875 0.01953125
0 0.1546875 0.0765625 0.015625 0.02109375
0 0.84453125 0.284375 0.0171875 0.025