0 0.79453125 0.12421875 0.01484375 0.025
0 0.72734375 0.30703125 0.0203125 0.03359375
0 0.5921875 0.4109375 0.025 0.040625
0 0.4984375 0.46953125 0.034375 0.053125
0 0.5796875 0.275 0.0234375 0.03515625
0 0.7421875 0.83125 0.071875 0.1
0 0.75703125 0.3015625 0.0234375 0.0375
0 0.9390625 0.41640625 0.0296875 0.04921875
0 0.790625 0.2296875 0.0234375 0.03515625
0 0.9859375 0.17265625 0.0171875 0.02734375
0 0.94375 0.2109375 0.02265625 0.03125
0 0.825 0.13671875 0.01484375 0.0234375
0 0.6390625 0.24140625 0.021875 0.0328125
0 0.73984375 0.146875 0.01640625 0.02578125
0 0.7984375 0.1734375 0.0171875 0.02578125
0 0.3234375 0.9125 0.0609375 0.09921875
0 0.7625 0.17421875 0.0171875 0.02578125
0 0.98359375 0.225 0.02421875 0.0375
0 0.8390625 0.2421875 0.01953125 0.03125
0 0.8640625 0.26015625 0.0234375 0.03671875
0 0.609375 0.16640625 0.0171875 0.02578125
0 0.97734375 0.13671875 0.0171875 0.02578125
0 0.56015625 0.21953125 0.0203125 0.0296875
0 0.8421875 0.30625 0.02734375 0.0375
0 0.84765625 0.14453125 0.015625 0.02578125
0 0.8109375 0.10625 0.015625 0.025
0 0.99140625 0.36640625 0.015625 0.0375
0 0.4421875 0.41328125 0.03515625 0.0484375
0 0.725 0.19921875 0.0203125 0.03125
0 0.89453125 0.09765625 0.015625 0.0234375
0 0.77265625 0.2109375 0.0171875 0.02890625
0 0.8921875 0.4234375 0.034375 0.0546875
0 0.69765625 0.1421875 0.01484375 0.025
0 0.48984375 0.34765625 0.0265625 0.04140625
0 0.46953125 0.225 0.01953125 0.0296875
0 0.71875 0.1625 0.0171875 0.02578125
0 0.30859375 0.478125 0.03125 0.0453125
0 0.21328125 0.3890625 0.028125 0.04140625
0 0.8390625 0.2046875 0.01875 0.0296875
0 0.4015625 0.3515625 0.02265625 0.03359375
0 0.425 0.19375 0.01953125 0.02890625
0 0.884375 0.0734375 0.0125 0.01953125
0 0.5234375 0.16640625 0.0171875 0.0234375
0 0.2703125 0.41953125 0.0296875 0.03671875
0 0.840625 0.11328125 0.01484375 0.02109375
0 0.92109375 0.1171875 0.0140625 0.02109375
0 0.85625 0.07890625 0.0125 0.01953125
0 0.9578125 0.05625 0.0140625 0.01953125
0 0.915625 0.0875 0.0125 0.01796875
0 0.46171875 0.821875 0.07109375 0.0953125
0 0.98125 0.4484375 0.03046875 0.04296875
0 0.7734375 0.58125 0.05625 0.06875
0 0.85546875 0.1 0.0140625 0.02109375
0 0.96328125 0.1046875 0.01484375 0.021875
0 0.8703125 0.07578125 0.0125 0.02109375
0 0.82890625 0.17265625 0.015625 0.02734375
0 0.6640625 0.15546875 0.015625 0.025
0 0.371875 0.24375 0.0171875 0.025
0 0.91328125 0.2109375 0.01953125 0.02890625
0 0.26796875 0.3375 0.02265625 0.02578125
0 0.5171875 0.553125 0.03515625 0.046875
0 0.903125 0.07421875 0.0140625 0.01796875
0 0.2453125 0.2875 0.01875 0.02890625
0 0.21796875 0.30703125 0.0203125 0.03125
0 0.40703125 0.19375 0.015625 0.0234375
0 0.98515625 0.10546875 0.015625 0.01796875
0 0.98359375 0.0609375 0.01171875 0.01796875
0 0.8390625 0.09375 0.0125 0.01796875
0 0.75078125 0.6890625 0.06640625 0.08046875
0 0.934375 0.14296875 0.01484375 0.02578125
0 0.50390625 0.18515625 0.0171875 0.0234375
0 0.9390625 0.103125 0.0140625 0.021875
0 0.00859375 0.50390625 0.0171875 0.04921875
0 0.4890625 0.2078125 0.0171875 0.02734375
0 0.54140625 0.0296875 0.0109375 0.01328125
0 0.9640625 0.0796875 0.01171875 0.01953125
0 0.5546875 0.03203125 0.009375 0.0140625
0 0.5359375 0.134375 0.01640625 0.01953125