1 0.07109375 0.66875 0.11484375 0.24609375
1 0.4984375 0.56171875 0.99453125 0.85390625
1 0.90234375 0.884375 0.14609375 0.2203125
1 0.10546875 0.7703125 0.20859375 0.4484375
1 0.53984375 0.40703125 0.0375 0.08828125
1 0.22265625 0.7796875 0.05390625 0.1203125
1 0.51171875 0.815625 0.0609375 0.12890625
1 0.68359375 0.65859375 0.0453125 0.1
1 0.53828125 0.65703125 0.05 0.1140625
1 0.28359375 0.70703125 0.05390625 0.1171875
1 0.63515625 0.67890625 0.03984375 0.09453125
1 0.4296875 0.8984375 0.08984375 0.16875
1 0.48671875 0.64140625 0.03828125 0.09453125
1 0.65078125 0.85859375 0.08828125 0.27109375
1 0.5515625 0.4515625 0.0796875 0.1828125
1 0.3171875 0.5125 0.03828125 0.065625
1 0.25234375 0.60703125 0.046875 0.09453125
1 0.3921875 0.77109375 0.06796875 0.12578125
1 0.525 0.87109375 0.13125 0.24609375
1 0.25703125 0.9328125 0.0703125 0.1171875
1 0.74453125 0.92265625 0.0828125 0.14296875
1 0.79140625 0.646875 0.04296875 0.09453125
1 0.38515625 0.5859375 0.04375 0.09140625
1 0.96171875 0.7625 0.059375 0.10859375
1 0.87890625 0.6875 0.05 0.134375
1 0.13984375 0.5171875 0.04296875 0.0796875
1 0.5921875 0.8328125 0.059375 0.1171875
1 0.79921875 0.57734375 0.04296875 0.0796875
1 0.45078125 0.52578125 0.0359375 0.0625
1 0.31484375 0.9515625 0.07421875 0.0859375
1 0.378125 0.61171875 0.0609375 0.15390625
1 0.66875 0.59296875 0.05234375 0.07734375
1 0.31953125 0.59296875 0.05078125 0.07734375
1 0.52421875 0.5625 0.03828125 0.07421875
1 0.6453125 0.77734375 0.06328125 0.1140625
1 0.4390625 0.6296875 0.0484375 0.0828125
1 0.45 0.43984375 0.02734375 0.06875
1 0.71484375 0.51171875 0.0359375 0.07421875
1 0.91484375 0.634375 0.04296875 0.096875
1 0.6015625 0.47421875 0.03046875 0.0625
1 0.91484375 0.446875 0.02890625 0.06015625
1 0.9609375 0.63984375 0.05390625 0.1140625
1 0.72578125 0.67109375 0.04375 0.09140625
1 0.77109375 0.80546875 0.07421875 0.1484375
1 0.15078125 0.4015625 0.0265625 0.0484375
1 0.9734375 0.36875 0.025 0.04609375
1 0.94453125 0.50546875 0.03828125 0.05703125
1 0.91484375 0.52578125 0.0359375 0.06875
1 0.2265625 0.85546875 0.08828125 0.27109375
1 0.6015625 0.7328125 0.04375 0.1
1 0.7734375 0.37265625 0.0234375 0.04296875
1 0.15859375 0.6515625 0.06328125 0.103125
1 0.4515625 0.57265625 0.04296875 0.07109375
1 0.41015625 0.534375 0.03984375 0.06875
1 0.85390625 0.7796875 0.06875 0.1375
1 0.5609375 0.7515625 0.05390625 0.103125
1 0.5796875 0.6171875 0.0453125 0.09140625
1 0.16484375 0.76875 0.06484375 0.10859375
1 0.32890625 0.73828125 0.0484375 0.1
1 0.55703125 0.5640625 0.03828125 0.0828125
1 0.31640625 0.6328125 0.0453125 0.0828125
1 0.48125 0.7703125 0.05234375 0.1
1 0.7359375 0.58125 0.0453125 0.0828125
1 0.87109375 0.5703125 0.04296875 0.07109375
1 0.37890625 0.84609375 0.09765625 0.2796875