0 0.52890625 0.50625 0.0515625 0.06875
0 0.5375 0.1296875 0.025 0.040625
0 0.6125 0.0921875 0.0203125 0.03671875
0 0.88125 0.2359375 0.03984375 0.05078125
0 0.28125 0.90546875 0.0859375 0.15
0 0.56015625 0.06875 0.02265625 0.0375
0 0.09921875 0.0140625 0.0203125 0.028125
0 0.0609375 0.0234375 0.0203125 0.02578125
0 0.84296875 0.36171875 0.0609375 0.06796875
0 0.946875 0.4046875 0.05859375 0.06640625
0 0.1125 0.0796875 0.01953125 0.0296875
0 0.24375 0.11171875 0.02421875 0.03671875
0 0.128125 0.0125 0.0171875 0.025
0 0.9 0.1734375 0.03203125 0.04921875
0 0.19453125 0.17421875 0.021875 0.03125
0 0.98125 0.45625 0.0359375 0.0609375
0 0.3421875 0.37890625 0.0421875 0.06796875
0 0.02421875 0.0828125 0.0203125 0.0328125
0 0.7171875 0.471875 0.0578125 0.0796875
0 0.9875 0.01484375 0.0203125 0.0296875
0 0.05703125 0.07265625 0.0203125 0.02890625
0 0.05625 0.12578125 0.02734375 0.0375
0 0.9015625 0.3 0.0453125 0.05859375
0 0.253125 0.2015625 0.028125 0.04296875
0 0.315625 0.06875 0.02265625 0.0328125
0 0.0203125 0.71796875 0.040625 0.0875
0 0.4140625 0.040625 0.021875 0.0296875
0 0.04375 0.1953125 0.0328125 0.046875
0 0.4 0.38671875 0.04375 0.0625
0 0.16953125 0.09453125 0.0203125 0.0328125
0 0.20625 0.04765625 0.01953125 0.0296875
0 0.45078125 0.2515625 0.0265625 0.04453125
0 0.5171875 0.04765625 0.0203125 0.03515625
0 0.58515625 0.4296875 0.04609375 0.06015625
0 0.22109375 0.10546875 0.02421875 0.0390625
0 0.48828125 0.04296875 0.0171875 0.03125
0 0.49296875 0.2125 0.03203125 0.0484375
0 0.05625 0.62578125 0.05546875 0.084375
0 0.725 0.0921875 0.025 0.0390625
0 0.234375 0.06953125 0.021875 0.0296875
0 0.79375 0.321875 0.04609375 0.0609375
0 0.0890625 0.06015625 0.01953125 0.03125
0 0.97734375 0.5421875 0.04296875 0.084375
0 0.96953125 0.76640625 0.059375 0.10546875
0 0.68828125 0.09375 0.0203125 0.03125
0 0.2171875 0.1875 0.02734375 0.04453125
0 0.27734375 0.2 0.0171875 0.0328125
0 0.5609375 0.30390625 0.034375 0.05078125
0 0.08125 0.13125 0.01953125 0.0296875
0 0.06953125 0.09453125 0.021875 0.025
0 0.1515625 0.14921875 0.0234375 0.0375
0 0.01484375 0.19765625 0.025 0.03359375
0 0.540625 0.040625 0.01875 0.02734375