0 0.73359375 0.19296875 0.01640625 0.02109375
0 0.19375 0.39140625 0.028125 0.04296875
0 0.7828125 0.38125 0.02734375 0.04140625
0 0.08671875 0.6875 0.04765625 0.06796875
0 0.1671875 0.1734375 0.01484375 0.0234375
0 0.14140625 0.1703125 0.015625 0.021875
0 0.896875 0.28125 0.0203125 0.03125
0 0.8546875 0.28515625 0.021875 0.02890625
0 0.47109375 0.165625 0.0125 0.021875
0 0.40703125 0.4734375 0.0375 0.0484375
0 0.0609375 0.4 0.028125 0.040625
0 0.2671875 0.29140625 0.0234375 0.03359375
0 0.978125 0.2484375 0.0234375 0.03359375
0 0.33671875 0.521875 0.034375 0.05234375
0 0.653125 0.3953125 0.0296875 0.0484375
0 0.67109375 0.22578125 0.01640625 0.025
0 0.521875 0.2375 0.01953125 0.0296875
0 0.40703125 0.5484375 0.0375 0.0546875
0 0.8875 0.3734375 0.02421875 0.040625
0 0.60625 0.15546875 0.01484375 0.01953125
0 0.603125 0.2421875 0.0203125 0.02578125
0 0.50390625 0.0734375 0.01171875 0.0171875
0 0.5046875 0.43828125 0.0328125 0.04296875
0 0.78046875 0.49375 0.0296875 0.04921875
0 0.58203125 0.375 0.0234375 0.0390625
0 0.2109375 0.2578125 0.01953125 0.02890625
0 0.76796875 0.26328125 0.0203125 0.03125
0 0.54921875 0.365625 0.02421875 0.03359375
0 0.43046875 0.228125 0.01640625 0.025
0 0.51875 0.78671875 0.0484375 0.08359375
0 0.9390625 0.42421875 0.0390625 0.04921875
0 0.79609375 0.1015625 0.01171875 0.01796875
0 0.71015625 0.25078125 0.01640625 0.02734375
0 0.2765625 0.21796875 0.0171875 0.025
0 0.36875 0.5171875 0.03203125 0.0546875
0 0.28515625 0.33203125 0.0234375 0.03359375
0 0.06484375 0.5015625 0.03203125 0.046875
0 0.64375 0.23828125 0.01484375 0.0234375
0 0.51484375 0.13125 0.0125 0.01953125
0 0.7375 0.321875 0.02421875 0.0375
0 0.1171875 0.16875 0.015625 0.025
0 0.4046875 0.2015625 0.015625 0.021875
0 0.54375 0.4 0.028125 0.040625
0 0.17734375 0.525 0.03828125 0.04921875
0 0.9265625 0.11875 0.0140625 0.0234375
0 0.596875 0.3265625 0.02265625 0.03125
0 0.27109375 0.1578125 0.01484375 0.02109375
0 0.73515625 0.28828125 0.015625 0.025
0 0.196875 0.16171875 0.0140625 0.0234375
0 0.6796875 0.1875 0.0140625 0.0234375
0 0.69375 0.359375 0.025 0.0390625
0 0.471875 0.4609375 0.034375 0.046875
0 0.66796875 0.171875 0.0140625 0.02109375
0 0.7046875 0.4109375 0.03125 0.0453125
0 0.85546875 0.11953125 0.0140625 0.02109375
0 0.134375 0.1203125 0.0125 0.01953125
0 0.69375 0.17265625 0.01484375 0.021875
0 0.88203125 0.046875 0.01171875 0.01796875
0 0.325 0.15625 0.01484375 0.0234375
0 0.8859375 0.1296875 0.0140625 0.01953125
0 0.37578125 0.1921875 0.015625 0.025
0 0.353125 0.16796875 0.0140625 0.0234375
0 0.0796875 0.1171875 0.0140625 0.02109375
0 0.353125 0.1390625 0.0125 0.021875
0 0.2078125 0.14296875 0.0140625 0.01796875
0 0.503125 0.178125 0.0140625 0.02109375
0 0.78984375 0.209375 0.0171875 0.02578125
0 0.18828125 0.3515625 0.0265625 0.03671875
0 0.63359375 0.1859375 0.0140625 0.01953125
0 0.9203125 0.08671875 0.0140625 0.01953125
0 0.04609375 0.2859375 0.02265625 0.0328125
0 0.9921875 0.12265625 0.0140625 0.02109375
0 0.23515625 0.1625 0.01484375 0.025
0 0.11328125 0.11796875 0.015625 0.01953125
0 0.0671875 0.3484375 0.02734375 0.0328125
0 0.3109375 0.23203125 0.01875 0.02578125
0 0.934375 0.09296875 0.0140625 0.01953125
0 0.640625 0.271875 0.01953125 0.03125
0 0.2703125 0.0765625 0.01171875 0.015625
0 0.39296875 0.0796875 0.0109375 0.015625
0 0.8890625 0.06953125 0.0140625 0.01953125
0 0.84453125 0.084375 0.0125 0.01796875
0 0.990625 0.325 0.0171875 0.04296875
0 0.5296875 0.08046875 0.01171875 0.01796875
0 0.3421875 0.0796875 0.0109375 0.0140625
0 0.578125 0.275 0.0171875 0.02578125
0 0.4328125 0.2046875 0.0140625 0.02109375
0 0.68046875 0.0890625 0.0109375 0.0171875
0 0.6234375 0.3609375 0.01953125 0.0296875
0 0.7703125 0.16171875 0.0140625 0.02109375
0 0.01875 0.7765625 0.0375 0.084375
0 0.17109375 0.2078125 0.01640625 0.025
0 0.478125 0.09453125 0.0109375 0.01953125
0 0.8203125 0.0828125 0.009375 0.0171875
0 0.51953125 0.1671875 0.015625 0.01953125
0 0.0890625 0.18046875 0.01484375 0.025
0 0.31640625 0.31640625 0.021875 0.03671875
0 0.7375 0.21875 0.0171875 0.02578125
0 0.42734375 0.08125 0.0109375 0.0171875
0 0.7484375 0.2609375 0.0171875 0.02734375
0 0.80625 0.00625 0.0125 0.01171875
0 0.76953125 0.103125 0.0140625 0.01953125
0 0.53046875 0.20546875 0.01484375 0.0234375
0 0.60625 0.27421875 0.0171875 0.025
0 0.54765625 0.17578125 0.01484375 0.0234375
0 0.7484375 0.1578125 0.0140625 0.02109375
0 0.5609375 0.25625 0.015625 0.025
0 0.3703125 0.08203125 0.009375 0.01328125
0 0.57890625 0.0875 0.009375 0.01796875
0 0.40703125 0.0859375 0.01171875 0.015625
0 0.46796875 0.0796875 0.0109375 0.015625
0 0.3734375 0.16640625 0.0140625 0.02109375
0 0.30234375 0.0828125 0.0109375 0.0140625
0 0.8171875 0.03828125 0.009375 0.0140625
0 0.6203125 0.2046875 0.0140625 0.0234375
0 0.134375 0.1421875 0.01484375 0.01953125
0 0.99453125 0.08671875 0.00859375 0.01953125
0 0.7671875 0.06796875 0.0109375 0.01328125
0 0.478125 0.22578125 0.01640625 0.025
0 0.7296875 0.0609375 0.009375 0.0171875
0 0.7546875 0.05390625 0.00859375 0.0140625
0 0.6328125 0.0921875 0.009375 0.01796875
0 0.60625 0.3 0.01953125 0.02734375
0 0.44296875 0.071875 0.0109375 0.0140625
0 0.865625 0.06015625 0.01171875 0.01796875
0 0.93046875 0.50390625 0.0421875 0.05234375
0 0.834375 0.146875 0.0125 0.02109375
0 0.79296875 0.0609375 0.01171875 0.0171875
0 0.06484375 0.26328125 0.01875 0.02578125
0 0.38359375 0.0953125 0.01171875 0.01796875
0 0.80546875 0.07578125 0.0109375 0.01796875
0 0.51484375 0.08671875 0.0109375 0.0171875
0 0.82109375 0.12890625 0.01171875 0.01796875
0 0.70546875 0.04765625 0.00859375 0.0140625
0 0.24765625 0.28046875 0.01640625 0.025
0 0.540625 0.13515625 0.01171875 0.01796875
0 0.66640625 0.0671875 0.0109375 0.0140625
0 0.31875 0.20078125 0.01640625 0.0234375
0 0.76875 0.03046875 0.00703125 0.01171875
0 0.18203125 0.05625 0.0109375 0.01796875
0 0.309375 0.18046875 0.01875 0.025
0 0.240625 0.6 0.0359375 0.05234375
0 0.7140625 0.10390625 0.01171875 0.01796875
0 0.48125 0.8484375 0.02734375 0.0375
0 0.64296875 0.06953125 0.00859375 0.0140625
0 0.49375 0.2390625 0.01484375 0.021875
0 0.61875 0.05703125 0.0109375 0.015625
0 0.25390625 0.16640625 0.0140625 0.01796875
0 0.98125 0.04453125 0.01171875 0.01796875
0 0.2984375 0.1546875 0.0140625 0.01953125
0 0.86875 0.04375 0.0109375 0.0140625
0 0.65703125 0.04765625 0.009375 0.0140625
0 0.63125 0.05625 0.00859375 0.01328125
0 0.5578125 0.08046875 0.01171875 0.01796875
0 0.74375 0.00546875 0.00703125 0.01015625
0 0.2015625 0.1890625 0.01484375 0.02109375
0 0.9046875 0.0265625 0.01171875 0.0171875
0 0.7328125 0.04296875 0.009375 0.01328125
0 0.75703125 0.03046875 0.0078125 0.01171875
0 0.00859375 0.21796875 0.01484375 0.025
0 0.85703125 0.01796875 0.0109375 0.01328125
0 0.4546875 0.0796875 0.009375 0.0140625
0 0.96875 0.08515625 0.0140625 0.01953125
0 0.44140625 0.09140625 0.009375 0.015625
0 0.54375 0.15546875 0.0140625 0.01953125
0 0.540625 0.09375 0.01171875 0.01796875
0 0.690625 0.0921875 0.0109375 0.0171875
0 0.99453125 0.03046875 0.00859375 0.01953125
0 0.271875 0.18671875 0.01875 0.01953125
0 0.21328125 0.1703125 0.01640625 0.02734375
0 0.7546875 0.0171875 0.0078125 0.01171875
0 0.21953125 0.0796875 0.0109375 0.015625
0 0.71796875 0.03125 0.00703125 0.01328125
0 0.2078125 0.05625 0.01171875 0.01796875
0 0.28671875 0.08671875 0.0109375 0.0140625
0 0.38046875 0.0796875 0.0109375 0.01328125
0 0.76796875 0.0171875 0.00703125 0.01171875
0 0.9671875 0.021875 0.01171875 0.01796875
0 0.32734375 0.1203125 0.01171875 0.01953125
0 0.73125 0.00625 0.0078125 0.01171875
0 0.44453125 0.17578125 0.0140625 0.02109375
0 0.7671875 0.00546875 0.0078125 0.01015625
0 0.571875 0.34375 0.01875 0.02578125
0 0.1 0.15546875 0.01484375 0.01953125
0 0.7453125 0.07890625 0.0109375 0.0171875
0 0.68671875 0.0640625 0.0109375 0.015625
0 0.790625 0.03046875 0.00859375 0.01171875
0 0.58046875 0.05625 0.0109375 0.01328125
0 0.6546875 0.09453125 0.009375 0.0140625
0 0.74296875 0.0171875 0.00703125 0.01171875
0 0.3578125 0.10546875 0.0109375 0.01796875
0 0.74375 0.04140625 0.00703125 0.01328125
0 0.6546875 0.0796875 0.00859375 0.01328125