0 0.221875 0.675 0.0359375 0.05625
0 0.11328125 0.6984375 0.03515625 0.05078125
0 0.9203125 0.2625 0.0203125 0.0328125
0 0.50859375 0.35390625 0.01953125 0.02578125
0 0.040625 0.46328125 0.01953125 0.02890625
0 0.759375 0.575 0.0484375 0.06875
0 0.978125 0.25703125 0.0234375 0.03515625
0 0.45078125 0.56875 0.0359375 0.04921875
0 0.84765625 0.7984375 0.0609375 0.08203125
0 0.04375 0.55078125 0.03046875 0.0390625
0 0.171875 0.509375 0.02734375 0.0375
0 0.82734375 0.2625 0.0203125 0.0296875
0 0.19375 0.7484375 0.0359375 0.05625
0 0.35625 0.50546875 0.03125 0.0390625
0 0.81875 0.3421875 0.025 0.03671875
0 0.09765625 0.5453125 0.02734375 0.040625
0 0.18828125 0.4203125 0.0203125 0.02734375
0 0.30546875 0.59765625 0.034375 0.046875
0 0.12578125 0.4609375 0.021875 0.03125
0 0.6828125 0.26015625 0.01484375 0.0234375
0 0.04375 0.8515625 0.03203125 0.04453125
0 0.2328125 0.36796875 0.01484375 0.025
0 0.746875 0.2875 0.0171875 0.025
0 0.4546875 0.31171875 0.01484375 0.025
0 0.84765625 0.23828125 0.01953125 0.02890625
0 0.97578125 0.18671875 0.01953125 0.0296875
0 0.25625 0.34375 0.01484375 0.01796875
0 0.628125 0.36015625 0.0203125 0.0296875
0 0.59921875 0.3828125 0.0203125 0.03125
0 0.47265625 0.2875 0.0140625 0.01953125
0 0.53203125 0.26328125 0.01171875 0.01796875
0 0.1625 0.584375 0.03203125 0.04453125
0 0.81875 0.39296875 0.0265625 0.03671875
0 0.8703125 0.259375 0.02265625 0.0328125
0 0.99140625 0.1609375 0.015625 0.0296875
0 0.62578125 0.2796875 0.0140625 0.0234375
0 0.65703125 0.2734375 0.01484375 0.0234375
0 0.7828125 0.49375 0.034375 0.04921875
0 0.39921875 0.33671875 0.01484375 0.025
0 0.2046875 0.440625 0.0203125 0.0296875
0 0.3078125 0.41328125 0.01953125 0.025
0 0.815625 0.234375 0.01484375 0.02109375
0 0.35078125 0.45 0.0234375 0.0328125
0 0.7953125 0.33203125 0.0203125 0.03359375
0 0.78359375 0.21796875 0.0125 0.01953125
0 0.6375 0.3984375 0.02265625 0.03671875
0 0.65859375 0.24375 0.0125 0.0171875
0 0.71953125 0.28828125 0.015625 0.021875
0 0.85 0.925 0.07734375 0.0953125
0 0.36875 0.38828125 0.01875 0.02890625
0 0.534375 0.3046875 0.01484375 0.02109375
0 0.634375 0.2484375 0.01171875 0.01796875
0 0.51484375 0.271875 0.0125 0.01796875
0 0.70234375 0.21953125 0.0109375 0.0140625
0 0.61640625 0.24765625 0.009375 0.015625
0 0.73984375 0.21640625 0.0125 0.02109375
0 0.43828125 0.3453125 0.01484375 0.0234375
0 0.27109375 0.37265625 0.01484375 0.02109375
0 0.64140625 0.221875 0.0109375 0.0140625
0 0.71640625 0.20703125 0.0109375 0.015625
0 0.69453125 0.35546875 0.021875 0.03125
0 0.9890625 0.79140625 0.01953125 0.0703125
0 0.7171875 0.259375 0.015625 0.021875
0 0.790625 0.240625 0.015625 0.02109375
0 0.4953125 0.24375 0.01171875 0.01796875
0 0.69921875 0.25625 0.0140625 0.01953125
0 0.040625 0.9109375 0.04375 0.0609375
0 0.65703125 0.21796875 0.00859375 0.01171875
0 0.7578125 0.23046875 0.0140625 0.01796875
0 0.66875 0.2171875 0.00859375 0.01328125
0 0.5875 0.21171875 0.00703125 0.01171875
0 0.57734375 0.28203125 0.0109375 0.0140625
0 0.53515625 0.23671875 0.009375 0.01328125
0 0.56640625 0.24375 0.0078125 0.01328125
0 0.6171875 0.20546875 0.0078125 0.0078125
0 0.2203125 0.3265625 0.0109375 0.01796875
0 0.68046875 0.20546875 0.00859375 0.01328125
0 0.49296875 0.1671875 0.00859375 0.01171875
0 0.55546875 0.23125 0.00859375 0.01171875
0 0.52109375 0.15703125 0.00859375 0.01171875
0 0.13203125 0.4234375 0.0171875 0.01953125
0 0.503125 0.3015625 0.01484375 0.01953125
0 0.60625 0.2171875 0.0078125 0.01015625
0 0.59296875 0.2296875 0.00703125 0.01171875
0 0.0921875 0.3296875 0.01171875 0.015625
0 0.00625 0.35078125 0.01171875 0.01953125
0 0.65625 0.2046875 0.0078125 0.01171875
0 0.2390625 0.3046875 0.01171875 0.015625
0 0.3703125 0.34296875 0.0125 0.01953125
0 0.58125 0.2296875 0.00703125 0.01171875
0 0.6078125 0.23046875 0.009375 0.01328125
0 0.56796875 0.2171875 0.00703125 0.0078125
0 0.03203125 0.35390625 0.01171875 0.015625
0 0.54375 0.21796875 0.0078125 0.01171875
0 0.60859375 0.4296875 0.01953125 0.03671875
0 0.51953125 0.30625 0.0140625 0.021875
0 0.6171875 0.2171875 0.0078125 0.01171875
0 0.5953125 0.25703125 0.0109375 0.0140625
0 0.25703125 0.29296875 0.009375 0.01328125
0 0.5296875 0.18125 0.00703125 0.01171875
0 0.46953125 0.18125 0.0078125 0.01171875
0 0.50546875 0.16640625 0.00703125 0.01015625
0 0.228125 0.2875 0.01171875 0.01796875
0 0.00390625 0.25625 0.0078125 0.01953125
0 0.58046875 0.24375 0.00859375 0.01328125
0 0.64296875 0.20546875 0.00703125 0.0078125
0 0.3671875 0.2421875 0.009375 0.01015625
0 0.55546875 0.21875 0.00703125 0.01015625
0 0.5578125 0.375 0.0171875 0.02578125
0 0.63046875 0.20625 0.00703125 0.01171875
0 0.54375 0.15625 0.00703125 0.0078125
0 0.5375 0.18671875 0.00703125 0.01171875
0 0.60625 0.20546875 0.00703125 0.0078125
0 0.36484375 0.3015625 0.0125 0.0140625
0 0.56171875 0.16171875 0.00703125 0.01015625
0 0.5875 0.16171875 0.0078125 0.0078125
0 0.75625 0.26640625 0.01484375 0.01953125