0 0.5375 0.39921875 0.03984375 0.05625
0 0.71953125 0.57578125 0.0546875 0.0703125
0 0.4125 0.3203125 0.03203125 0.046875
0 0.5765625 0.3234375 0.0390625 0.05078125
0 0.48359375 0.175 0.02421875 0.0375
0 0.46796875 0.06171875 0.01875 0.0296875
0 0.4328125 0.0640625 0.01953125 0.02578125
0 0.853125 0.0515625 0.01875 0.02734375
0 0.96015625 0.4984375 0.06640625 0.0765625
0 0.58359375 0.0578125 0.0203125 0.02734375
0 0.31328125 0.1171875 0.02265625 0.03671875
0 0.38984375 0.0375 0.01875 0.02890625
0 0.28203125 0.409375 0.0328125 0.03515625
0 0.6625 0.6625 0.0671875 0.0921875
0 0.68125 0.06953125 0.0171875 0.02734375
0 0.984375 0.1 0.01953125 0.02578125
0 0.184375 0.84375 0.0609375 0.08828125
0 0.2859375 0.46015625 0.0328125 0.040625
0 0.971875 0.43515625 0.0515625 0.04921875
0 0.70546875 0.01171875 0.01640625 0.0234375
0 0.4125 0.0671875 0.01875 0.02734375
0 0.36484375 0.68046875 0.06328125 0.07421875
0 0.83125 0.24296875 0.03046875 0.0375
0 0.9859375 0.009375 0.01875 0.01875
0 0.3265625 0.58046875 0.046875 0.0390625
0 0.68359375 0.0265625 0.0171875 0.02734375
0 0.87578125 0.00625 0.01640625 0.01171875
0 0.99296875 0.1828125 0.01171875 0.025
0 0.70625 0.05546875 0.0171875 0.025
0 0.99296875 0.14765625 0.0125 0.025