0 0.75390625 0.5484375 0.040625 0.06875
0 0.8421875 0.3671875 0.0328125 0.04921875
0 0.21015625 0.421875 0.0296875 0.04453125
0 0.32734375 0.20703125 0.015625 0.0234375
0 0.1375 0.5859375 0.03984375 0.06015625
0 0.359375 0.42265625 0.0375 0.0484375
0 0.01796875 0.68046875 0.0359375 0.0609375
0 0.57890625 0.2359375 0.01484375 0.0234375
0 0.78515625 0.334375 0.03125 0.046875
0 0.6515625 0.4828125 0.03828125 0.05859375
0 0.93046875 0.4953125 0.0375 0.05625
0 0.446875 0.73125 0.05 0.07421875
0 0.815625 0.44921875 0.03125 0.04921875
0 0.540625 0.23828125 0.01640625 0.0234375
0 0.259375 0.2640625 0.01953125 0.02734375
0 0.603125 0.2359375 0.015625 0.02578125
0 0.2359375 0.46796875 0.0328125 0.05078125
0 0.67734375 0.225 0.01875 0.025
0 0.2828125 0.1625 0.0140625 0.01796875
0 0.2703125 0.41328125 0.0328125 0.040625
0 0.6828125 0.3359375 0.028125 0.046875
0 0.43046875 0.2734375 0.01875 0.02578125
0 0.63984375 0.23125 0.015625 0.025
0 0.8328125 0.10625 0.0171875 0.025
0 0.3765625 0.16796875 0.01484375 0.0234375
0 0.4640625 0.26640625 0.0171875 0.02734375
0 0.35625 0.2046875 0.0140625 0.01953125
0 0.78359375 0.50546875 0.0359375 0.0546875
0 0.42421875 0.4640625 0.03203125 0.0484375
0 0.45546875 0.08125 0.0109375 0.0140625
0 0.01796875 0.2046875 0.01484375 0.01796875
0 0.14609375 0.19765625 0.0125 0.01796875
0 0.7234375 0.303125 0.028125 0.04453125
0 0.2421875 0.1609375 0.01171875 0.0171875
0 0.2125 0.1625 0.0140625 0.01796875
0 0.253125 0.16796875 0.0125 0.01796875
0 0.05234375 0.20625 0.01484375 0.01953125
0 0.17109375 0.2046875 0.01484375 0.02109375
0 0.37890625 0.146875 0.01171875 0.01796875
0 0.409375 0.10625 0.0109375 0.0171875
0 0.11875 0.18125 0.0140625 0.01796875
0 0.10859375 0.15546875 0.01171875 0.0140625
0 0.0890625 0.20078125 0.01484375 0.01796875
0 0.67265625 0.2921875 0.021875 0.0296875
0 0.159375 0.16953125 0.0140625 0.01796875
0 0.29921875 0.196875 0.01484375 0.021875
0 0.534375 0.2171875 0.01484375 0.01953125
0 0.49296875 0.2015625 0.01484375 0.021875
0 0.071875 0.11875 0.0109375 0.01328125
0 0.1328125 0.18046875 0.0140625 0.0171875
0 0.20234375 0.11875 0.0109375 0.0140625
0 0.05546875 0.13046875 0.0109375 0.01328125
0 0.4890625 0.14375 0.0140625 0.0171875
0 0.38203125 0.10703125 0.009375 0.015625
0 0.140625 0.15390625 0.01171875 0.015625
0 0.0265625 0.14375 0.0109375 0.0140625
0 0.55390625 0.14375 0.0140625 0.0171875
0 0.84609375 0.13203125 0.0125 0.021875
0 0.17890625 0.159375 0.0140625 0.0171875
0 0.56640625 0.053125 0.009375 0.01328125
0 0.00859375 0.2421875 0.01484375 0.0234375
0 0.0421875 0.14140625 0.009375 0.0140625
0 0.39453125 0.14453125 0.009375 0.01796875
0 0.38125 0.06953125 0.00859375 0.01171875
0 0.559375 0.11953125 0.0125 0.01796875
0 0.4046875 0.07890625 0.00859375 0.0140625
0 0.43125 0.134375 0.0140625 0.01953125
0 0.51484375 0.17890625 0.0125 0.0171875
0 0.53203125 0.01796875 0.00859375 0.01328125
0 0.41875 0.05625 0.00859375 0.01171875
0 0.53203125 0.05625 0.009375 0.0140625
0 0.0203125 0.1703125 0.0140625 0.0171875
0 0.20625 0.65546875 0.05625 0.06875
0 0.12890625 0.15 0.01171875 0.0140625
0 0.103125 0.1328125 0.0109375 0.01328125
0 0.603125 0.04140625 0.009375 0.01328125
0 0.0921875 0.10625 0.009375 0.0140625
0 0.57734375 0.1546875 0.0125 0.01953125
0 0.04609375 0.15703125 0.0125 0.0171875
0 0.48125 0.0921875 0.0109375 0.0140625
0 0.15703125 0.11796875 0.0109375 0.01171875
0 0.2671875 0.05625 0.0078125 0.0078125
0 0.23125 0.06875 0.0078125 0.01015625
0 0.78359375 0.2875 0.02421875 0.0296875
0 0.31171875 0.06171875 0.00703125 0.01171875
0 0.09140625 0.14296875 0.0109375 0.01328125
0 0.08046875 0.13046875 0.0109375 0.01328125
0 0.31953125 0.08203125 0.009375 0.01328125
0 0.50859375 0.2203125 0.0140625 0.02109375
0 0.1828125 0.10546875 0.009375 0.01328125
0 0.490625 0.06796875 0.0109375 0.01328125
0 0.55546875 0.08125 0.0109375 0.0140625
0 0.19375 0.1640625 0.0109375 0.015625
0 0.09453125 0.17890625 0.0125 0.0171875
0 0.53671875 0.15703125 0.0125 0.01953125
0 0.15703125 0.2140625 0.0140625 0.01953125
0 0.3375 0.03671875 0.0078125 0.01015625
0 0.3125 0.0375 0.0078125 0.01171875
0 0.46875 0.01796875 0.0078125 0.01328125
0 0.5453125 0.09296875 0.009375 0.01171875
0 0.0625 0.1859375 0.0140625 0.0171875
0 0.2140625 0.2125 0.01484375 0.01953125
0 0.14296875 0.11796875 0.0109375 0.01171875
0 0.43046875 0.05703125 0.00859375 0.01328125
0 0.07890625 0.14296875 0.009375 0.01328125
0 0.53515625 0.11171875 0.01171875 0.01796875
0 0.36796875 0.0296875 0.00703125 0.0078125
0 0.53046875 0.13125 0.0125 0.0140625
0 0.2171875 0.07890625 0.00859375 0.01171875
0 0.44375 0.0171875 0.00703125 0.01171875
0 0.540625 0.03046875 0.00859375 0.01171875
0 0.36796875 0.01796875 0.00703125 0.0078125
0 0.03515625 0.21796875 0.015625 0.01953125
0 0.25703125 0.1046875 0.009375 0.0140625
0 0.3296875 0.0296875 0.00625 0.0078125
0 0.1765625 0.18046875 0.0140625 0.01953125
0 0.24375 0.06796875 0.00703125 0.01015625
0 0.06953125 0.1671875 0.01171875 0.0140625
0 0.46953125 0.08125 0.009375 0.0140625
0 0.40546875 0.0171875 0.0078125 0.01171875
0 0.28671875 0.08671875 0.00703125 0.01171875
0 0.04609375 0.1828125 0.0140625 0.0171875
0 0.1546875 0.1546875 0.0109375 0.0140625
0 0.28828125 0.06171875 0.0078125 0.01171875
0 0.2171875 0.0921875 0.00859375 0.01328125
0 0.071875 0.20390625 0.0140625 0.01953125
0 0.2421875 0.0796875 0.0078125 0.01015625
0 0.15703125 0.7640625 0.0265625 0.03671875
0 0.35625 0.05625 0.00703125 0.01171875
0 0.4125 0.1390625 0.01171875 0.01796875
0 0.465625 0.1640625 0.0125 0.015625
0 0.49296875 0.0171875 0.00703125 0.01171875
0 0.27421875 0.07421875 0.00703125 0.01328125
0 0.39296875 0.0171875 0.00703125 0.01015625
0 0.41875 0.01796875 0.00703125 0.01328125
0 0.0046875 0.19765625 0.009375 0.01796875
0 0.29375 0.04296875 0.00703125 0.0078125
0 0.40546875 0.05625 0.0078125 0.01171875
0 0.35625 0.06875 0.0078125 0.01015625
0 0.30546875 0.04296875 0.00703125 0.0078125
0 0.35625 0.0296875 0.00703125 0.009375
0 0.24296875 0.09296875 0.00859375 0.01171875
0 0.50546875 0.0171875 0.00703125 0.01171875
0 0.39140625 0.05625 0.0078125 0.01328125
0 0.46875 0.03046875 0.0078125 0.01171875
0 0.25546875 0.08046875 0.00703125 0.01328125
0 0.34375 0.06875 0.0078125 0.01171875