0 0.49765625 0.32265625 0.04609375 0.0328125
0 0.29921875 0.04453125 0.03125 0.0296875
0 0.26875 0.2296875 0.0375 0.03125
0 0.69375 0.49296875 0.04609375 0.0296875
0 0.58515625 0.12578125 0.03359375 0.0296875
0 0.415625 0.48671875 0.03515625 0.0265625
0 0.13671875 0.5546875 0.04375 0.0375
0 0.53125 0.9796875 0.05390625 0.0375
0 0.76953125 0.5109375 0.04375 0.03125
0 0.14140625 0.0234375 0.02890625 0.025
0 0.95703125 0.4421875 0.04375 0.03125
0 0.45546875 0.39140625 0.03125 0.0359375
0 0.42421875 0.03828125 0.03125 0.0265625
0 0.58515625 0.59296875 0.05 0.0390625
0 0.49296875 0.0125 0.03125 0.025
0 0.91875 0.2359375 0.0375 0.03125
0 0.74140625 0.28828125 0.04609375 0.0328125
0 0.50390625 0.4859375 0.04140625 0.03125
0 0.73671875 0.378125 0.04375 0.028125
0 0.43671875 0.878125 0.05234375 0.034375
0 0.43671875 0.0921875 0.03125 0.025
0 0.046875 0.72578125 0.04375 0.0328125
0 0.84921875 0.13515625 0.03125 0.0328125
0 0.7625 0.13046875 0.0375 0.0296875
0 0.31640625 0.3734375 0.0375 0.025
0 0.01640625 0.28125 0.0328125 0.03125
0 0.98046875 0.721875 0.03515625 0.0375
0 0.05546875 0.04296875 0.03984375 0.0296875
0 0.89140625 0.53515625 0.05 0.0359375
0 0.31171875 0.7765625 0.05625 0.0375
0 0.6875 0.21796875 0.03359375 0.0265625
0 0.51015625 0.1671875 0.0375 0.028125
0 0.36171875 0.05 0.03515625 0.028125
0 0.20078125 0.76796875 0.04765625 0.0390625
0 0.20625 0.39921875 0.05 0.0328125
0 0.01640625 0.33125 0.0328125 0.03125
0 0.7 0.68671875 0.04609375 0.0390625
0 0.228125 0.184375 0.03984375 0.028125
0 0.07890625 0.23203125 0.0375 0.0328125
0 0.725 0.74921875 0.05 0.0328125
0 0.41875 0.1734375 0.04140625 0.03125
0 0.22578125 0.04140625 0.03515625 0.0265625
0 0.53671875 0.39375 0.04375 0.03125
0 0.92890625 0.57578125 0.04609375 0.0421875
0 0.35390625 0.40625 0.02890625 0.025
0 0.25546875 0.3078125 0.03125 0.028125
0 0.24921875 0.43125 0.03984375 0.03125
0 0.325 0.8546875 0.05 0.03125
0 0.08046875 0.1953125 0.03984375 0.028125
0 0.59296875 0.03828125 0.03125 0.0265625
0 0.8125 0.37890625 0.04140625 0.0296875
0 0.34921875 0.43828125 0.04375 0.0296875
0 0.1375 0.07421875 0.0375 0.0328125
0 0.12578125 0.36953125 0.04375 0.0265625
0 0.63046875 0.415625 0.05234375 0.040625
0 0.46796875 0.91796875 0.04375 0.0296875
0 0.91328125 0.7984375 0.06015625 0.06875
0 0.628125 0.2984375 0.03984375 0.034375
0 0.70703125 0.97421875 0.04765625 0.0421875
0 0.96640625 0.31796875 0.04609375 0.0328125
0 0.96796875 0.00703125 0.03125 0.0140625
0 0.734375 0.09453125 0.03125 0.0328125
0 0.06171875 0.3875 0.03984375 0.028125
0 0.696875 0.82578125 0.04765625 0.0359375
0 0.18671875 0.13046875 0.04375 0.0296875
0 0.45546875 0.20625 0.03515625 0.028125
0 0.86953125 0.6546875 0.05234375 0.04375
0 0.98671875 0.6546875 0.02265625 0.04375
0 0.23671875 0.07265625 0.03515625 0.0234375
0 0.7 0.246875 0.03359375 0.025
0 0.15546875 0.2546875 0.04375 0.03125
0 0.57421875 0.15546875 0.03125 0.0265625
0 0.58671875 0.76015625 0.05625 0.0328125
0 0.58203125 0.71875 0.04375 0.03125
0 0.19140625 0.29921875 0.03359375 0.0328125
0 0.22890625 0.69140625 0.04140625 0.0328125
0 0.52265625 0.43046875 0.04140625 0.0296875
0 0.61796875 0.33828125 0.04375 0.0296875
0 0.28046875 0.075 0.03125 0.021875
0 0.56796875 0.79140625 0.03125 0.0265625
0 0.05625 0.0765625 0.05 0.034375
0 0.3125 0.88671875 0.0375 0.0296875
0 0.08125 0.79140625 0.0375 0.0421875
0 0.69921875 0.34140625 0.03125 0.0234375
0 0.60390625 0.3734375 0.0375 0.025
0 0.28203125 0.56796875 0.03515625 0.0265625
0 0.52890625 0.36640625 0.025 0.0234375
0 0.2875 0.10390625 0.02890625 0.0359375
0 0.49140625 0.090625 0.0375 0.028125
0 0.99296875 0.246875 0.01015625 0.03125
0 0.7625 0.79296875 0.05 0.0328125
0 0.79921875 0.56015625 0.04375 0.0328125
0 0.99140625 0.5359375 0.0125 0.040625