0 0.70390625 0.09296875 0.01484375 0.01953125
0 0.8265625 0.34921875 0.0296875 0.0390625
0 0.7484375 0.30703125 0.0296875 0.0390625
0 0.2703125 0.753125 0.0484375 0.0640625
0 0.58359375 0.20625 0.01875 0.02734375
0 0.65703125 0.10703125 0.015625 0.02109375
0 0.0984375 0.490625 0.034375 0.04921875
0 0.70234375 0.4921875 0.0390625 0.0625
0 0.2390625 0.35546875 0.028125 0.04453125
0 0.61484375 0.20546875 0.0203125 0.02578125
0 0.0453125 0.42890625 0.0296875 0.0375
0 0.28203125 0.12578125 0.0140625 0.01953125
0 0.9890625 0.29453125 0.0203125 0.03671875
0 0.01484375 0.3640625 0.02734375 0.03515625
0 0.3640625 0.11328125 0.01171875 0.01796875
0 0.95625 0.07578125 0.01484375 0.0234375
0 0.6015625 0.25 0.021875 0.03125
0 0.5296875 0.80703125 0.0578125 0.08359375
0 0.965625 0.0296875 0.0140625 0.01953125
0 0.8015625 0.065625 0.01484375 0.021875
0 0.0375 0.47890625 0.034375 0.04453125
0 0.04609375 0.1703125 0.0140625 0.01953125
0 0.28203125 0.38125 0.025 0.03671875
0 0.77109375 0.76796875 0.065625 0.09375
0 0.478125 0.06953125 0.0140625 0.0140625
0 0.6984375 0.959375 0.071875 0.0796875
0 0.878125 0.17890625 0.0265625 0.03515625
0 0.07578125 0.159375 0.01484375 0.01953125
0 0.3359375 0.10703125 0.0140625 0.0234375
0 0.93203125 0.04765625 0.01484375 0.021875
0 0.2 0.18125 0.015625 0.0234375
0 0.5734375 0.25 0.021875 0.03125
0 0.1171875 0.64296875 0.053125 0.06796875
0 0.7765625 0.415625 0.0296875 0.0328125
0 0.24140625 0.8296875 0.06640625 0.08984375
0 0.0390625 0.39375 0.0234375 0.0296875
0 0.846875 0.17421875 0.02265625 0.03125
0 0.45859375 0.15 0.01484375 0.01953125
0 0.6390625 0.11015625 0.015625 0.01953125
0 0.228125 0.159375 0.0125 0.01953125
0 0.99140625 0.01171875 0.01484375 0.0234375
0 0.13984375 0.15703125 0.0125 0.01953125
0 0.765625 0.03046875 0.0140625 0.01953125
0 0.99296875 0.06171875 0.0125 0.025
0 0.06640625 0.21796875 0.0171875 0.01953125
0 0.58203125 0.09140625 0.015625 0.02109375
0 0.340625 0.08203125 0.0140625 0.01796875
0 0.9875 0.03203125 0.01484375 0.021875
0 0.31484375 0.14921875 0.01484375 0.01953125
0 0.60859375 0.1109375 0.01484375 0.01796875
0 0.6203125 0.25390625 0.01640625 0.02578125
0 0.4359375 0.15625 0.015625 0.0234375
0 0.03125 0.1265625 0.0140625 0.01796875
0 0.69453125 0.14140625 0.015625 0.021875
0 0.55546875 0.0296875 0.0109375 0.01328125
0 0.08828125 0.11328125 0.01484375 0.01796875
0 0.0125 0.50625 0.025 0.0546875
0 0.16875 0.13515625 0.0140625 0.02109375
0 0.28203125 0.16953125 0.01484375 0.0234375
0 0.046875 0.23046875 0.0171875 0.0234375
0 0.6515625 0.2453125 0.01953125 0.025
0 0.075 0.3515625 0.02265625 0.03125
0 0.38984375 0.1015625 0.01171875 0.01796875
0 0.13125 0.178125 0.01640625 0.02109375
0 0.53046875 0.08515625 0.01484375 0.0171875
0 0.06875 0.13671875 0.01484375 0.01796875
0 0.63203125 0.23203125 0.01953125 0.0234375
0 0.921875 0.0796875 0.015625 0.0234375
0 0.353125 0.05625 0.01484375 0.01796875
0 0.85234375 0.11875 0.01484375 0.025
0 0.15546875 0.109375 0.0125 0.01796875
0 0.40703125 0.071875 0.01171875 0.0140625