0 0.50390625 0.16953125 0.015625 0.0234375
0 0.34453125 0.20625 0.0171875 0.02734375
0 0.54140625 0.36796875 0.028125 0.04296875
0 0.4015625 0.2859375 0.0234375 0.03515625
0 0.34453125 0.3875 0.0265625 0.0375
0 0.37578125 0.4515625 0.03515625 0.046875
0 0.45 0.40390625 0.03203125 0.04453125
0 0.303125 0.3515625 0.0265625 0.04140625
0 0.37421875 0.26640625 0.0203125 0.03515625
0 0.4890625 0.55546875 0.04296875 0.05625
0 0.43046875 0.071875 0.0125 0.01953125
0 0.8078125 0.63125 0.0421875 0.05625
0 0.40625 0.375 0.03125 0.0390625
0 0.43046875 0.7203125 0.04765625 0.078125
0 0.01484375 0.60390625 0.0296875 0.0640625
0 0.55 0.6859375 0.0453125 0.07265625
0 0.534375 0.1703125 0.01484375 0.021875
0 0.609375 0.11796875 0.0140625 0.01953125
0 0.196875 0.16171875 0.01953125 0.02578125
0 0.79921875 0.7046875 0.05546875 0.07421875
0 0.2171875 0.1734375 0.0171875 0.0296875
0 0.31328125 0.19375 0.0171875 0.02578125
0 0.628125 0.36328125 0.025 0.0390625
0 0.1484375 0.2296875 0.01953125 0.0296875
0 0.7015625 0.29296875 0.0234375 0.03671875
0 0.09453125 0.6421875 0.0453125 0.06875
0 0.06640625 0.36015625 0.03125 0.04296875
0 0.48515625 0.20703125 0.0203125 0.02890625
0 0.5234375 0.83671875 0.05625 0.0875
0 0.44921875 0.2125 0.0171875 0.0296875
0 0.68046875 0.09375 0.0125 0.01796875
0 0.8421875 0.7984375 0.05390625 0.07578125
0 0.80234375 0.05703125 0.0109375 0.015625
0 0.5703125 0.4625 0.0296875 0.0484375
0 0.70234375 0.09296875 0.0109375 0.01953125
0 0.76875 0.134375 0.01484375 0.021875
0 0.83359375 0.58671875 0.034375 0.05078125
0 0.75859375 0.06796875 0.01171875 0.01796875
0 0.66484375 0.3578125 0.0203125 0.01953125
0 0.7703125 0.0921875 0.01171875 0.01796875
0 0.84609375 0.08203125 0.0125 0.015625
0 0.46953125 0.14140625 0.0125 0.01953125
0 0.82890625 0.07578125 0.009375 0.015625
0 0.853125 0.04375 0.0109375 0.0140625
0 0.7703125 0.05625 0.009375 0.01328125
0 0.78828125 0.0609375 0.009375 0.0140625
0 0.7171875 0.040625 0.00859375 0.01171875
0 0.13984375 0.18125 0.01953125 0.0234375
0 0.6453125 0.071875 0.009375 0.0171875
0 0.753125 0.04296875 0.00859375 0.01328125
0 0.69375 0.03046875 0.00703125 0.01171875
0 0.70625 0.03125 0.00703125 0.01015625
0 0.7296875 0.06640625 0.0109375 0.015625
0 0.6828125 0.06953125 0.0109375 0.0140625
0 0.040625 0.384375 0.0203125 0.03515625
0 0.6828125 0.03046875 0.009375 0.01171875
0 0.8328125 0.00625 0.009375 0.01171875
0 0.6703125 0.3875 0.02734375 0.04296875
0 0.78046875 0.01796875 0.00703125 0.01328125
0 0.76875 0.01796875 0.00703125 0.01328125
0 0.81953125 0.05625 0.00859375 0.0140625
0 0.74296875 0.10546875 0.0125 0.01796875
0 0.95390625 0.69921875 0.05859375 0.07578125
0 0.7171875 0.0765625 0.009375 0.015625
0 0.62890625 0.0515625 0.009375 0.0140625
0 0.8296875 0.05703125 0.009375 0.01328125
0 0.75625 0.0171875 0.00703125 0.01171875
0 0.70390625 0.046875 0.009375 0.01328125
0 0.8171875 0.00546875 0.00859375 0.01015625
0 0.74375 0.00546875 0.00703125 0.0078125
0 0.1328125 0.15546875 0.015625 0.025
0 0.75625 0.03046875 0.00703125 0.01171875
0 0.74375 0.04375 0.00703125 0.0140625