0 0.59453125 0.3109375 0.040625 0.0546875
0 0.48828125 0.21953125 0.0296875 0.0453125
0 0.7828125 0.61875 0.0640625 0.0921875
0 0.1828125 0.3828125 0.0390625 0.06015625
0 0.81875 0.05546875 0.02421875 0.0375
0 0.421875 0.22265625 0.0234375 0.0390625
0 0.24921875 0.409375 0.0421875 0.05859375
0 0.0765625 0.171875 0.0203125 0.02890625
0 0.85859375 0.58828125 0.06953125 0.08828125
0 0.7140625 0.8734375 0.08125 0.1109375
0 0.884375 0.2109375 0.02421875 0.0390625
0 0.56640625 0.09921875 0.0171875 0.02578125
0 0.5375 0.06015625 0.01875 0.02890625
0 0.7 0.05625 0.0171875 0.0296875
0 0.68046875 0.11953125 0.02265625 0.03359375
0 0.0375 0.1890625 0.02265625 0.03125
0 0.3875 0.13203125 0.01953125 0.0296875
0 0.58984375 0.08671875 0.0171875 0.0296875
0 0.03203125 0.62421875 0.0609375 0.0875
0 0.62890625 0.68125 0.06640625 0.09765625
0 0.07890625 0.04296875 0.0171875 0.02578125
0 0.6765625 0.046875 0.01953125 0.02890625
0 0.29609375 0.1625 0.02421875 0.0328125
0 0.784375 0.06015625 0.02265625 0.03359375
0 0.0875 0.009375 0.01875 0.01875
0 0.0421875 0.4171875 0.040625 0.053125
0 0.009375 0.28828125 0.01875 0.0453125
0 0.1421875 0.13828125 0.021875 0.02578125
0 0.77265625 0.35703125 0.0390625 0.05234375
0 0.10234375 0.0375 0.0171875 0.025
0 0.0515625 0.234375 0.025 0.03671875
0 0.39921875 0.07578125 0.01640625 0.0234375
0 0.9046875 0.3203125 0.021875 0.03359375
0 0.034375 0.01953125 0.01640625 0.0234375
0 0.4265625 0.09296875 0.01953125 0.0296875
0 0.0546875 0.803125 0.0875 0.09921875
0 0.2140625 0.00859375 0.01875 0.0171875
0 0.23125 0.97421875 0.09296875 0.04921875
0 0.16328125 0.16796875 0.02265625 0.03125
0 0.0609375 0.0125 0.0171875 0.025
0 0.3078125 0.05625 0.0171875 0.02578125
0 0.375 0.0265625 0.0140625 0.01953125
0 0.00703125 0.13203125 0.0140625 0.025
0 0.09765625 0.225 0.025 0.0375