0 0.63984375 0.52578125 0.02734375 0.0390625
0 0.0265625 0.49375 0.02265625 0.03125
0 0.1734375 0.525 0.02734375 0.03671875
0 0.59296875 0.6234375 0.03046875 0.04453125
0 0.9328125 0.39921875 0.01953125 0.0296875
0 0.9640625 0.7 0.046875 0.0609375
0 0.1828125 0.596875 0.0296875 0.0375
0 0.58359375 0.53125 0.0265625 0.0390625
0 0.89609375 0.61796875 0.0359375 0.05625
0 0.55703125 0.36953125 0.01640625 0.02109375
0 0.08828125 0.4890625 0.02265625 0.0296875
0 0.8140625 0.41796875 0.0203125 0.02578125
0 0.88046875 0.35078125 0.01484375 0.021875
0 0.2828125 0.38125 0.01484375 0.01953125
0 0.90703125 0.38125 0.01953125 0.02890625
0 0.575 0.4890625 0.0234375 0.0328125
0 0.4484375 0.4859375 0.0234375 0.03125
0 0.790625 0.36171875 0.01875 0.02578125
0 0.42109375 0.62578125 0.03203125 0.0484375
0 0.10625 0.56875 0.028125 0.0375
0 0.5375 0.40390625 0.01875 0.02578125
0 0.26953125 0.3671875 0.015625 0.02109375
0 0.8546875 0.37890625 0.0171875 0.0234375
0 0.2171875 0.5484375 0.0234375 0.02734375
0 0.934375 0.31875 0.0125 0.01953125
0 0.8078125 0.25625 0.01171875 0.0171875
0 0.690625 0.3609375 0.01640625 0.025
0 0.8734375 0.43125 0.021875 0.0296875
0 0.140625 0.36875 0.0171875 0.01796875
0 0.24765625 0.3375 0.01484375 0.01953125
0 0.33046875 0.29921875 0.0125 0.01796875
0 0.24921875 0.55625 0.0203125 0.03125
0 0.46953125 0.375 0.0171875 0.0234375
0 0.99453125 0.39296875 0.00859375 0.02578125
0 0.228125 0.38203125 0.0140625 0.021875
0 0.7796875 0.22265625 0.01171875 0.015625
0 0.821875 0.37265625 0.01640625 0.0234375
0 0.95625 0.29296875 0.0140625 0.01796875
0 0.6515625 0.29453125 0.0125 0.015625
0 0.5765625 0.26953125 0.0140625 0.015625
0 0.5328125 0.25625 0.0140625 0.01796875
0 0.8359375 0.3375 0.015625 0.01953125
0 0.85625 0.3265625 0.0140625 0.01953125
0 0.10625 0.38671875 0.01640625 0.01796875
0 0.90703125 0.2546875 0.01171875 0.0140625
0 0.98984375 0.31015625 0.01484375 0.02109375
0 0.8421875 0.24375 0.0109375 0.01328125
0 0.92109375 0.2484375 0.01171875 0.0171875
0 0.7359375 0.44921875 0.0234375 0.03125
0 0.9796875 0.26796875 0.0140625 0.01796875
0 0.6171875 0.28828125 0.01171875 0.0140625
0 0.7375 0.2890625 0.01171875 0.015625
0 0.0421875 0.3046875 0.015625 0.01796875
0 0.95625 0.271875 0.01171875 0.015625
0 0.5375 0.30625 0.01640625 0.01953125
0 0.88203125 0.2796875 0.01171875 0.01796875
0 0.0515625 0.4921875 0.01953125 0.02578125
0 0.94375 0.25390625 0.0109375 0.01328125
0 0.93046875 0.29296875 0.0125 0.01796875
0 0.89296875 0.25390625 0.0109375 0.01328125
0 0.96953125 0.2296875 0.01171875 0.0140625
0 0.853125 0.26015625 0.0109375 0.015625
0 0.94453125 0.26953125 0.0140625 0.01796875
0 0.5625 0.2625 0.0140625 0.0171875
0 0.978125 0.24453125 0.0125 0.01796875
0 0.93125 0.20546875 0.0109375 0.01328125
0 0.43125 0.21328125 0.0125 0.015625
0 0.5203125 0.35703125 0.0171875 0.02109375
0 0.24765625 0.41953125 0.01640625 0.0234375
0 0.86875 0.2328125 0.0109375 0.0140625
0 0.99296875 0.25078125 0.0109375 0.0171875