0 0.51171875 0.0140625 0.0234375 0.028125
0 0.21796875 0.0796875 0.02421875 0.03359375
0 0.390625 0.03046875 0.01953125 0.0296875
0 0.40703125 0.07421875 0.025 0.03671875
0 0.209375 0.81796875 0.0578125 0.0859375
0 0.34140625 0.03671875 0.0203125 0.03125
0 0.03828125 0.228125 0.025 0.0375
0 0.4546875 0.09453125 0.0234375 0.0328125
0 0.2796875 0.86015625 0.05859375 0.08984375
0 0.325 0.96640625 0.071875 0.06484375
0 0.11015625 0.8640625 0.0640625 0.0953125
0 0.5546875 0.02890625 0.01953125 0.03125
0 0.6125 0.7859375 0.0625 0.0875
0 0.28125 0.034375 0.0171875 0.0296875
0 0.3 0.034375 0.01953125 0.02734375
0 0.0875 0.21796875 0.02421875 0.0375
0 0.2421875 0.475 0.040625 0.05625
0 0.084375 0.0734375 0.02421875 0.0296875
0 0.128125 0.18046875 0.0203125 0.025
0 0.07734375 0.1078125 0.0203125 0.0296875
0 0.3328125 0.00859375 0.0171875 0.0171875
0 0.37578125 0.1109375 0.02265625 0.03359375
0 0.6546875 0.94140625 0.1078125 0.11484375
0 0.00703125 0.88828125 0.0140625 0.0546875