0 0.46953125 0.41953125 0.025 0.046875
0 0.84296875 0.3640625 0.0265625 0.04296875
0 0.6546875 0.2125 0.01953125 0.0296875
0 0.12421875 0.4171875 0.03046875 0.05078125
0 0.015625 0.0921875 0.01953125 0.0296875
0 0.2703125 0.4203125 0.025 0.040625
0 0.196875 0.046875 0.0125 0.02109375
0 0.5796875 0.47421875 0.03515625 0.05234375
0 0.60625 0.3609375 0.025 0.0375
0 0.2 0.2734375 0.0265625 0.03671875
0 0.60625 0.18203125 0.01640625 0.02578125
0 0.009375 0.25546875 0.01875 0.0421875
0 0.72421875 0.2546875 0.0203125 0.0328125
0 0.075 0.2609375 0.0296875 0.04296875
0 0.54921875 0.3609375 0.03046875 0.0484375
0 0.84453125 0.4453125 0.0328125 0.05234375
0 0.259375 0.58046875 0.03828125 0.0625
0 0.79375 0.33671875 0.025 0.0375
0 0.7359375 0.36875 0.028125 0.04453125
0 0.17734375 0.16875 0.0203125 0.0328125
0 0.678125 0.26875 0.025 0.0375
0 0.44453125 0.4359375 0.03125 0.04921875
0 0.6171875 0.23203125 0.0171875 0.03125
0 0.6765625 0.45703125 0.03515625 0.04921875
0 0.5265625 0.15390625 0.01640625 0.02578125
0 0.7546875 0.15703125 0.0140625 0.0171875
0 0.228125 0.14453125 0.01875 0.02578125
0 0.1171875 0.00703125 0.01171875 0.0140625
0 0.83203125 0.2171875 0.0171875 0.025
0 0.3234375 0.16015625 0.0171875 0.02890625
0 0.97578125 0.38125 0.03515625 0.04296875
0 0.4671875 0.1859375 0.01640625 0.02734375
0 0.63125 0.1640625 0.01640625 0.0234375
0 0.63984375 0.41015625 0.03046875 0.04921875
0 0.88203125 0.18125 0.0140625 0.01953125
0 0.19453125 0.0765625 0.0140625 0.02109375
0 0.93125 0.171875 0.0140625 0.01796875
0 0.5859375 0.1546875 0.015625 0.021875
0 0.48984375 0.1734375 0.01484375 0.025
0 0.3875 0.16328125 0.015625 0.025
0 0.15 0.20703125 0.01875 0.03359375
0 0.246875 0.0859375 0.0125 0.0234375
0 0.75703125 0.5703125 0.03515625 0.046875
0 0.3640625 0.12421875 0.01484375 0.025
0 0.4703125 0.01875 0.0109375 0.0171875
0 0.5875 0.25078125 0.0203125 0.0328125
0 0.4171875 0.103125 0.0140625 0.021875
0 0.23359375 0.04375 0.01171875 0.01953125
0 0.79375 0.18125 0.0125 0.01953125
0 0.7796875 0.3 0.028125 0.0375
0 0.33203125 0.13125 0.015625 0.025
0 0.7921875 0.23203125 0.0171875 0.02890625
0 0.25625 0.04375 0.0125 0.025
0 0.790625 0.1546875 0.0125 0.01796875
0 0.3890625 0.09296875 0.0140625 0.01953125
0 0.6765625 0.196875 0.015625 0.021875
0 0.146875 0.01328125 0.0125 0.02109375
0 0.45546875 0.109375 0.0125 0.02109375
0 0.28515625 0.1578125 0.015625 0.0234375
0 0.4453125 0.05703125 0.009375 0.01796875
0 0.95234375 0.11875 0.0125 0.0171875
0 0.30234375 0.0671875 0.0125 0.01953125
0 0.39296875 0.03046875 0.00859375 0.0140625
0 0.9296875 0.51171875 0.03125 0.0390625
0 0.3328125 0.06875 0.01171875 0.01953125
0 0.21953125 0.06328125 0.0140625 0.01953125
0 0.5546875 0.1453125 0.0140625 0.021875
0 0.2078125 0.0171875 0.01171875 0.01953125
0 0.17109375 0.0421875 0.0125 0.021875
0 0.73046875 0.2171875 0.0140625 0.0234375
0 0.34296875 0.0875 0.0125 0.01953125
0 0.15859375 0.1625 0.01875 0.025
0 0.021875 0.00625 0.015625 0.0125
0 0.165625 0.0765625 0.01484375 0.02109375
0 0.7328125 0.61640625 0.0453125 0.0609375
0 0.403125 0.1484375 0.0125 0.0234375
0 0.0640625 0.0140625 0.01484375 0.025
0 0.271875 0.07421875 0.0125 0.0234375
0 0.634375 0.128125 0.0125 0.01953125
0 0.28203125 0.053125 0.01171875 0.01796875
0 0.36875 0.08046875 0.0125 0.01796875
0 0.40546875 0.06796875 0.0125 0.01796875
0 0.96796875 0.24140625 0.01484375 0.021875
0 0.6046875 0.1171875 0.0140625 0.01796875
0 0.234375 0.01328125 0.01171875 0.0234375
0 0.28984375 0.00625 0.0109375 0.0125
0 0.54375 0.175 0.01640625 0.02734375
0 0.7796875 0.10078125 0.0109375 0.0171875
0 0.4921875 0.021875 0.009375 0.015625
0 0.4328125 0.0296875 0.0078125 0.01328125
0 0.7703125 0.196875 0.0140625 0.01953125
0 0.3109375 0.0921875 0.0140625 0.021875
0 0.66171875 0.19140625 0.01484375 0.02109375
0 0.68046875 0.06953125 0.00859375 0.0140625
0 0.653125 0.25625 0.0234375 0.0375
0 0.10234375 0.00859375 0.0140625 0.0171875
0 0.44375 0.0171875 0.00859375 0.0140625
0 0.34609375 0.0546875 0.0125 0.01796875
0 0.65703125 0.14765625 0.01171875 0.01953125
0 0.7796875 0.1546875 0.01171875 0.0171875
0 0.41796875 0.0296875 0.0078125 0.01328125
0 0.96953125 0.2171875 0.01484375 0.02109375
0 0.440625 0.09453125 0.0125 0.01953125
0 0.45546875 0.0296875 0.00859375 0.01328125
0 0.5203125 0.0484375 0.009375 0.0171875
0 0.3046875 0.00625 0.01171875 0.01171875
0 0.51796875 0.03125 0.00859375 0.01328125
0 0.7296875 0.08828125 0.009375 0.015625
0 0.8078125 0.1171875 0.0109375 0.015625
0 0.1890625 0.11875 0.01640625 0.0234375
0 0.2484375 0.4296875 0.0203125 0.02890625
0 0.00625 0.00625 0.01171875 0.01171875
0 0.3421875 0.00625 0.0109375 0.01171875
0 0.3953125 0.190625 0.015625 0.021875
0 0.40703125 0.03125 0.00859375 0.01328125
0 0.92109375 0.2328125 0.0140625 0.01953125
0 0.7453125 0.21796875 0.0140625 0.01953125
0 0.534375 0.13125 0.0140625 0.01953125
0 0.178125 0.01875 0.01171875 0.01953125
0 0.3078125 0.0453125 0.0109375 0.0171875
0 0.76875 0.1671875 0.01171875 0.0171875
0 0.7046875 0.09453125 0.0078125 0.0140625
0 0.51484375 0.13203125 0.0140625 0.021875
0 0.6515625 0.0921875 0.0109375 0.01796875
0 0.42890625 0.15 0.01484375 0.0234375
0 0.3671875 0.00625 0.009375 0.01171875
0 0.25390625 0.01875 0.01171875 0.01953125
0 0.771875 0.23203125 0.01484375 0.0234375
0 0.49296875 0.12421875 0.0125 0.01953125
0 0.859375 0.2359375 0.0171875 0.02890625
0 0.034375 0.0296875 0.01484375 0.0234375
0 0.4171875 0.05078125 0.009375 0.01796875
0 0.5296875 0.2796875 0.02734375 0.0375
0 0.33046875 0.0046875 0.0109375 0.009375
0 0.89453125 0.13515625 0.009375 0.015625
0 0.665625 0.1671875 0.0140625 0.021875
0 0.50390625 0.021875 0.009375 0.015625
0 0.69296875 0.06796875 0.00703125 0.01328125
0 0.49453125 0.0515625 0.00859375 0.0171875
0 0.37890625 0.11796875 0.0140625 0.01953125