0 0.3578125 0.6484375 0.0453125 0.06796875
0 0.4953125 0.1671875 0.0140625 0.021875
0 0.8390625 0.31328125 0.0328125 0.0484375
0 0.4296875 0.675 0.040625 0.0640625
0 0.44140625 0.46015625 0.0328125 0.053125
0 0.70234375 0.19375 0.0171875 0.02578125
0 0.46484375 0.39296875 0.0234375 0.03671875
0 0.353125 0.4015625 0.02734375 0.040625
0 0.45390625 0.175 0.01484375 0.025
0 0.91484375 0.3140625 0.03046875 0.04453125
0 0.35625 0.25390625 0.0203125 0.02890625
0 0.42578125 0.1765625 0.015625 0.025
0 0.359375 0.13125 0.0140625 0.01953125
0 0.2828125 0.1203125 0.0140625 0.01953125
0 0.7390625 0.3375 0.0328125 0.05078125
0 0.60625 0.09453125 0.01171875 0.01953125
0 0.7359375 0.1859375 0.0171875 0.02890625
0 0.0296875 0.36875 0.03125 0.04296875
0 0.49296875 0.2234375 0.01640625 0.02734375
0 0.15859375 0.11875 0.0125 0.01953125
0 0.615625 0.0671875 0.01171875 0.0171875
0 0.5609375 0.321875 0.0265625 0.0484375
0 0.3640625 0.19375 0.01484375 0.025
0 0.384375 0.09921875 0.0125 0.01796875
0 0.190625 0.62421875 0.05 0.08203125
0 0.6875 0.2359375 0.0171875 0.02890625
0 0.40703125 0.21171875 0.01953125 0.0296875
0 0.78203125 0.0796875 0.0140625 0.02109375
0 0.64140625 0.0671875 0.009375 0.0140625
0 0.15 0.2046875 0.01875 0.02734375
0 0.23125 0.21953125 0.01953125 0.02734375
0 0.6328125 0.1328125 0.015625 0.0234375
0 0.4578125 0.06875 0.01171875 0.01953125
0 0.840625 0.4046875 0.04375 0.0703125
0 0.23828125 0.175 0.015625 0.025
0 0.878125 0.06015625 0.0140625 0.01796875
0 0.89140625 0.80625 0.1140625 0.14296875
0 0.253125 0.2078125 0.01640625 0.021875
0 0.9140625 0.09453125 0.015625 0.021875
0 0.4171875 0.103125 0.015625 0.021875
0 0.728125 0.07265625 0.0125 0.01796875
0 0.0546875 0.2484375 0.0234375 0.03125
0 0.5578125 0.09375 0.0109375 0.01796875
0 0.75625 0.07890625 0.0125 0.01953125
0 0.37578125 0.13125 0.0140625 0.01953125
0 0.45 0.28125 0.0234375 0.03671875
0 0.2765625 0.20078125 0.0171875 0.02578125
0 0.69921875 0.475 0.03125 0.04453125
0 0.8671875 0.084375 0.0140625 0.02109375
0 0.99453125 0.04921875 0.00859375 0.01796875
0 0.35859375 0.10625 0.0125 0.01953125
0 0.36484375 0.08671875 0.0125 0.0171875
0 0.2609375 0.109375 0.0140625 0.01796875
0 0.53203125 0.15078125 0.01484375 0.02109375
0 0.12578125 0.20546875 0.01640625 0.02578125
0 0.89296875 0.45078125 0.05 0.08046875
0 0.0921875 0.26875 0.021875 0.0328125
0 0.81875 0.06328125 0.0125 0.01953125
0 0.5828125 0.0796875 0.01171875 0.015625
0 0.6296875 0.10546875 0.0140625 0.01796875
0 0.665625 0.06796875 0.0109375 0.01328125
0 0.3390625 0.128125 0.0140625 0.01953125
0 0.85078125 0.0703125 0.0140625 0.02109375
0 0.6546875 0.1109375 0.0125 0.01953125
0 0.76484375 0.0609375 0.0109375 0.01796875
0 0.196875 0.25625 0.01953125 0.02890625
0 0.9453125 0.034375 0.0140625 0.01953125
0 0.8140625 0.03203125 0.0109375 0.0171875
0 0.51484375 0.20703125 0.01953125 0.03125
0 0.20390625 0.14765625 0.0140625 0.01953125
0 0.71171875 0.12265625 0.01484375 0.0234375
0 0.86875 0.1125 0.01484375 0.025
0 0.6765625 0.1140625 0.0140625 0.021875
0 0.38984375 0.13671875 0.01484375 0.01796875
0 0.8328125 0.08828125 0.01171875 0.01796875
0 0.72890625 0.0421875 0.0109375 0.0140625
0 0.13671875 0.284375 0.025 0.040625
0 0.69453125 0.04453125 0.009375 0.015625
0 0.28828125 0.1734375 0.01484375 0.02109375
0 0.0578125 0.11875 0.01171875 0.01796875
0 0.78203125 0.0296875 0.00859375 0.01328125
0 0.50546875 0.05078125 0.0109375 0.015625
0 0.53203125 0.046875 0.009375 0.01328125
0 0.56875 0.08046875 0.0109375 0.01796875
0 0.66875 0.0890625 0.0140625 0.01953125
0 0.603125 0.03125 0.009375 0.01328125
0 0.97265625 0.053125 0.0140625 0.02109375
0 0.4796875 0.11015625 0.0140625 0.01953125
0 0.59453125 0.05625 0.009375 0.01328125
0 0.2609375 0.178125 0.01484375 0.0234375
0 0.546875 0.13125 0.01171875 0.01796875
0 0.671875 0.05078125 0.01171875 0.015625
0 0.53203125 0.08828125 0.01171875 0.01796875
0 0.7421875 0.065625 0.01171875 0.01953125
0 0.03203125 0.221875 0.0203125 0.02734375
0 0.065625 0.0875 0.0125 0.01796875
0 0.93125 0.10078125 0.0125 0.01953125
0 0.3375 0.21328125 0.01875 0.02578125
0 0.00703125 0.29921875 0.0140625 0.0359375
0 0.296875 0.2078125 0.0171875 0.021875
0 0.5640625 0.13125 0.0140625 0.0140625
0 0.92734375 0.00546875 0.0109375 0.01015625
0 0.49296875 0.071875 0.0109375 0.0171875
0 0.3640625 0.15 0.015625 0.01953125
0 0.5796875 0.0453125 0.0109375 0.0140625
0 0.66875 0.03046875 0.00859375 0.01171875
0 0.9046875 0.01953125 0.009375 0.015625
0 0.43125 0.13125 0.0125 0.01953125
0 0.41015625 0.4984375 0.03515625 0.05078125
0 0.6546875 0.0453125 0.00859375 0.0140625
0 0.8921875 0.01953125 0.0109375 0.015625
0 0.82890625 0.03125 0.0109375 0.01328125
0 0.4765625 0.0890625 0.0140625 0.0171875
0 0.23671875 0.134375 0.01484375 0.01953125
0 0.6546875 0.16953125 0.01484375 0.0234375
0 0.86640625 0.025 0.009375 0.0140625
0 0.553125 0.04765625 0.0109375 0.0140625
0 0.43203125 0.08046875 0.0109375 0.01796875
0 0.86875 0.00546875 0.00703125 0.01015625
0 0.90703125 0.12578125 0.0171875 0.025
0 0.98125 0.1203125 0.0140625 0.021875
0 0.8796875 0.00546875 0.00859375 0.01015625
0 0.85390625 0.0171875 0.0109375 0.0140625
0 0.79375 0.0046875 0.0078125 0.009375
0 0.6453125 0.04140625 0.00859375 0.01328125
0 0.96953125 0.0859375 0.01484375 0.02109375
0 0.84453125 0.01875 0.00859375 0.01171875
0 0.75390625 0.01796875 0.009375 0.01328125
0 0.69609375 0.06875 0.01171875 0.01796875
0 0.446875 0.134375 0.01484375 0.01953125
0 0.953125 0.00625 0.01171875 0.01171875
0 0.3453125 0.15078125 0.01484375 0.02109375
0 0.89296875 0.00546875 0.00859375 0.01015625
0 0.70546875 0.0296875 0.00859375 0.01328125
0 0.8328125 0.05078125 0.01171875 0.01796875
0 0.225 0.196875 0.01484375 0.01953125
0 0.84609375 0.04140625 0.0109375 0.015625
0 0.446875 0.10390625 0.0125 0.01796875
0 0.8421875 0.00546875 0.00859375 0.01015625
0 0.08203125 0.06875 0.0140625 0.01796875
0 0.6796875 0.03046875 0.0078125 0.01171875
0 0.5828125 0.0296875 0.00859375 0.01328125
0 0.12109375 0.06953125 0.0140625 0.0171875
0 0.70546875 0.00625 0.00859375 0.01171875
0 0.709375 0.0671875 0.01171875 0.0171875
0 0.978125 0.0203125 0.01171875 0.0171875
0 0.6296875 0.04296875 0.00859375 0.01328125
0 0.73125 0.00546875 0.00859375 0.01015625
0 0.80546875 0.0140625 0.00859375 0.0140625
0 0.7328125 0.01796875 0.009375 0.01328125
0 0.95625 0.06875 0.01171875 0.01953125
0 0.490625 0.05546875 0.0109375 0.0140625
0 0.78203125 0.0046875 0.0078125 0.009375
0 0.8296875 0.00546875 0.0078125 0.01015625
0 0.56796875 0.0640625 0.0109375 0.015625
0 0.5421875 0.07265625 0.009375 0.015625
0 0.209375 0.11875 0.0125 0.01796875
0 0.021875 0.0921875 0.01171875 0.01328125
0 0.64296875 0.01875 0.00859375 0.01171875
0 0.9953125 0.0796875 0.0078125 0.01953125
0 0.94453125 0.12421875 0.0171875 0.025
0 0.59453125 0.0421875 0.00859375 0.01171875
0 0.815625 0.0140625 0.00859375 0.01328125
0 0.90703125 0.00546875 0.00859375 0.01015625
0 0.69375 0.00625 0.009375 0.0125
0 0.25859375 0.25625 0.01484375 0.0234375
0 0.74453125 0.0046875 0.00859375 0.009375
0 0.7703125 0.0046875 0.00859375 0.009375
0 0.6078125 0.15 0.0140625 0.01796875
0 0.74453125 0.04453125 0.00859375 0.01328125
0 0.228125 0.9625 0.1328125 0.071875
0 0.87890625 0.0203125 0.009375 0.0140625
0 0.99296875 0.15625 0.01171875 0.02578125
0 0.56640625 0.04375 0.009375 0.0140625
0 0.71953125 0.04296875 0.00859375 0.01328125
0 0.55234375 0.0671875 0.0109375 0.0171875
0 0.04375 0.146875 0.0125 0.01796875
0 0.6046875 0.04453125 0.0109375 0.01328125
0 0.228125 0.1015625 0.0140625 0.01796875