0 0.61875 0.16015625 0.0296875 0.046875
0 0.478125 0.26875 0.03046875 0.0484375
0 0.32109375 0.1671875 0.0265625 0.040625
0 0.94375 0.3703125 0.0421875 0.06640625
0 0.4859375 0.0828125 0.0234375 0.0328125
0 0.54921875 0.2796875 0.03203125 0.0484375
0 0.39765625 0.11171875 0.028125 0.04453125
0 0.165625 0.375 0.0375 0.0546875
0 0.2671875 0.01015625 0.01875 0.0203125
0 0.4390625 0.10078125 0.02734375 0.03515625
0 0.8421875 0.034375 0.028125 0.0453125
0 0.35625 0.134375 0.025 0.03515625
0 0.2453125 0.26640625 0.03515625 0.0484375
0 0.13984375 0.3296875 0.0359375 0.0484375
0 0.2671875 0.2125 0.0296875 0.04453125
0 0.53046875 0.0125 0.0171875 0.025
0 0.1453125 0.2890625 0.0234375 0.03125
0 0.35625 0.225 0.03515625 0.05078125
0 0.07734375 0.44453125 0.04296875 0.05859375
0 0.12734375 0.19375 0.03046875 0.0375
0 0.3921875 0.1984375 0.03515625 0.0484375
0 0.45546875 0.05390625 0.0203125 0.025
0 0.0140625 0.01328125 0.021875 0.02578125
0 0.20859375 0.3359375 0.03046875 0.04453125
0 0.0796875 0.03046875 0.01953125 0.0296875
0 0.11640625 0.46015625 0.03515625 0.0609375
0 0.1453125 0.1609375 0.01953125 0.0296875
0 0.09609375 0.009375 0.0203125 0.01875
0 0.4890625 0.02265625 0.025 0.0328125
0 0.0515625 0.00625 0.0171875 0.01171875
0 0.375 0.16171875 0.0234375 0.03671875
0 0.99140625 0.1703125 0.015625 0.0328125
0 0.55859375 0.00625 0.0171875 0.01171875
0 0.14453125 0.0484375 0.0234375 0.0328125