0 0.43046875 0.5453125 0.03828125 0.0640625
0 0.25546875 0.6515625 0.0515625 0.084375
0 0.1328125 0.52421875 0.0484375 0.0765625
0 0.17421875 0.30625 0.0265625 0.0390625
0 0.1046875 0.25546875 0.0265625 0.0390625
0 0.19921875 0.1953125 0.025 0.0390625
0 0.9546875 0.05546875 0.01484375 0.025
0 0.9109375 0.41640625 0.04765625 0.06796875
0 0.31484375 0.12421875 0.0203125 0.0328125
0 0.2828125 0.3109375 0.0296875 0.0484375
0 0.3421875 0.0921875 0.01875 0.0296875
0 0.2734375 0.44921875 0.04296875 0.0625
0 0.79296875 0.94140625 0.0765625 0.11484375
0 0.315625 0.05 0.0203125 0.02734375
0 0.36171875 0.3734375 0.034375 0.0546875
0 0.61796875 0.80546875 0.065625 0.1
0 0.15703125 0.1390625 0.02421875 0.0375
0 0.053125 0.5375 0.0671875 0.0859375
0 0.48125 0.1703125 0.0203125 0.03515625
0 0.1375 0.9125 0.0796875 0.1265625
0 0.56953125 0.04453125 0.0140625 0.0234375
0 0.52890625 0.1703125 0.0203125 0.03515625
0 0.21875 0.05 0.0171875 0.0296875
0 0.5875 0.38125 0.03515625 0.0609375
0 0.303125 0.0984375 0.01875 0.025
0 0.86875 0.08203125 0.01484375 0.0234375
0 0.078125 0.0640625 0.01953125 0.02890625
0 0.871875 0.36953125 0.0421875 0.0546875
0 0.5515625 0.18515625 0.0234375 0.03671875
0 0.2625 0.1625 0.02421875 0.0390625
0 0.028125 0.0625 0.0171875 0.02578125
0 0.284375 0.1515625 0.02265625 0.040625
0 0.603125 0.065625 0.01171875 0.01953125
0 0.65625 0.00703125 0.0140625 0.0140625
0 0.2625 0.38515625 0.03515625 0.046875
0 0.96953125 0.1046875 0.015625 0.025
0 0.70625 0.20546875 0.025 0.03671875
0 0.8875 0.06796875 0.01484375 0.0234375
0 0.65546875 0.0921875 0.0125 0.02109375
0 0.9859375 0.1171875 0.01953125 0.02578125
0 0.10625 0.01328125 0.01640625 0.02578125
0 0.67734375 0.06328125 0.0125 0.01953125
0 0.628125 0.0640625 0.0140625 0.02109375
0 0.7921875 0.0671875 0.0140625 0.01953125
0 0.37578125 0.03046875 0.015625 0.025
0 0.43046875 0.06171875 0.01640625 0.0296875
0 0.05234375 0.04921875 0.0203125 0.03125
0 0.7140625 0.08515625 0.0140625 0.021875
0 0.19609375 0.009375 0.0171875 0.01875
0 0.07578125 0.0125 0.01484375 0.025
0 0.3984375 0.0171875 0.0140625 0.0234375
0 0.621875 0.04375 0.0125 0.0171875
0 0.7671875 0.11875 0.0140625 0.021875
0 0.1515625 0.03046875 0.015625 0.025
0 0.75078125 0.0796875 0.0140625 0.01953125
0 0.04375 0.009375 0.015625 0.01875
0 0.3328125 0.7171875 0.0546875 0.08359375
0 0.86484375 0.00625 0.0125 0.01171875
0 0.221875 0.021875 0.01484375 0.0234375
0 0.6265625 0.0921875 0.01484375 0.02578125
0 0.76953125 0.0078125 0.0140625 0.015625
0 0.85546875 0.3296875 0.0375 0.03671875
0 0.803125 0.00625 0.01171875 0.01171875
0 0.88125 0.109375 0.01484375 0.02109375
0 0.9328125 0.06875 0.01484375 0.0234375
0 0.70390625 0.025 0.009375 0.0140625
0 0.80546875 0.05546875 0.0125 0.01953125
0 0.64296875 0.06796875 0.0109375 0.01796875
0 0.8640625 0.146875 0.01953125 0.03125
0 0.8296875 0.00625 0.01171875 0.01171875
0 0.01484375 0.00625 0.01484375 0.01171875
0 0.346875 0.0125 0.01484375 0.025
0 0.9546875 0.11171875 0.01484375 0.0234375
0 0.74296875 0.0203125 0.0109375 0.0171875
0 0.64453125 0.04296875 0.009375 0.01796875
0 0.98984375 0.06640625 0.01640625 0.0234375
0 0.7296875 0.04375 0.0140625 0.01953125
0 0.959375 0.00625 0.015625 0.0125
0 0.978125 0.1875 0.02265625 0.03125
0 0.12578125 0.0296875 0.0171875 0.02578125
0 0.98046875 0.00625 0.0140625 0.01171875
0 0.3921875 0.040625 0.0140625 0.021875
0 0.95703125 0.19296875 0.0171875 0.02578125
0 0.971875 0.02890625 0.01484375 0.02109375
0 0.88984375 0.0296875 0.0125 0.01796875
0 0.76796875 0.040625 0.0109375 0.01953125
0 0.89375 0.00625 0.0140625 0.01171875
0 0.8140625 0.06875 0.0140625 0.01796875
0 0.03515625 0.0375 0.015625 0.025
0 0.684375 0.28046875 0.02421875 0.0375
0 0.571875 0.9859375 0.07109375 0.025
0 0.465625 0.0296875 0.0140625 0.02109375
0 0.6828125 0.00546875 0.01171875 0.01015625
0 0.7296875 0.0203125 0.009375 0.0171875
0 0.553125 0.01796875 0.01171875 0.01796875
0 0.796875 0.03125 0.01171875 0.01796875
0 0.77265625 0.08203125 0.0140625 0.01796875