0 0.421875 0.165625 0.025 0.0375
0 0.59375 0.02265625 0.0171875 0.02734375
0 0.6171875 0.83125 0.0546875 0.0875
0 0.41328125 0.25 0.028125 0.04453125
0 0.34453125 0.2625 0.025 0.0453125
0 0.4234375 0.5484375 0.0421875 0.06484375
0 0.51015625 0.2359375 0.028125 0.04296875
0 0.47734375 0.0921875 0.0203125 0.03359375
0 0.3046875 0.21640625 0.0234375 0.0390625
0 0.878125 0.25546875 0.0359375 0.05234375
0 0.0859375 0.01328125 0.0171875 0.02578125
0 0.6171875 0.0640625 0.01953125 0.02890625
0 0.69453125 0.10546875 0.0234375 0.03125
0 0.259375 0.2203125 0.02421875 0.0390625
0 0.3078125 0.1359375 0.0234375 0.03515625
0 0.6328125 0.353125 0.040625 0.0609375
0 0.146875 0.13515625 0.0203125 0.03359375
0 0.19765625 0.1703125 0.0203125 0.0328125
0 0.675 0.2890625 0.03125 0.04140625
0 0.0765625 0.31328125 0.03515625 0.0453125
0 0.56875 0.03671875 0.01875 0.02578125
0 0.95234375 0.40390625 0.0515625 0.06796875
0 0.57734375 0.0859375 0.021875 0.03125
0 0.1140625 0.1640625 0.0234375 0.0390625
0 0.60859375 0.1359375 0.0234375 0.0328125
0 0.08203125 0.428125 0.03515625 0.05234375
0 0.89453125 0.15 0.02734375 0.0375
0 0.23359375 0.14453125 0.0203125 0.03671875
0 0.92421875 0.1109375 0.02421875 0.0375
0 0.2109375 0.284375 0.02734375 0.04296875
0 0.80703125 0.0375 0.0203125 0.03125
0 0.78828125 0.2046875 0.0296875 0.046875
0 0.86796875 0.06875 0.02421875 0.03359375
0 0.0765625 0.36796875 0.0390625 0.0453125
0 0.75390625 0.51328125 0.0546875 0.078125
0 0.35859375 0.01640625 0.01875 0.0296875
0 0.1359375 0.40078125 0.040625 0.0625
0 0.45546875 0.04375 0.01875 0.0296875
0 0.6625 0.1359375 0.0265625 0.04296875
0 0.2171875 0.0453125 0.01875 0.0296875
0 0.940625 0.04296875 0.02265625 0.03125
0 0.78203125 0.0546875 0.021875 0.02890625
0 0.878125 0.03515625 0.0203125 0.03125
0 0.95859375 0.10546875 0.0265625 0.0390625
0 0.90703125 0.221875 0.03515625 0.053125
0 0.821875 0.1171875 0.02421875 0.03671875
0 0.5359375 0.21171875 0.02734375 0.0375
0 0.0828125 0.54296875 0.04765625 0.06796875
0 0.5046875 0.0203125 0.01640625 0.025
0 0.22578125 0.23046875 0.025 0.04453125
0 0.04453125 0.03671875 0.0203125 0.02578125
0 0.3859375 0.13125 0.0234375 0.0375
0 0.075 0.04921875 0.01640625 0.02578125
0 0.3359375 0.05625 0.021875 0.03125
0 0.4265625 0.06796875 0.01953125 0.03125
0 0.4609375 0.0109375 0.0171875 0.021875
0 0.09453125 0.0640625 0.0203125 0.03125
0 0.00703125 0.03671875 0.0140625 0.0296875
0 0.3421875 0.10625 0.0234375 0.0328125
0 0.3609375 0.1421875 0.0234375 0.03359375
0 0.46015625 0.1859375 0.0234375 0.03671875
0 0.55234375 0.06796875 0.01875 0.02578125
0 0.7828125 0.00703125 0.02265625 0.0140625
0 0.84765625 0.85 0.08203125 0.10703125
0 0.2484375 0.021875 0.0171875 0.0234375
0 0.52265625 0.01796875 0.01640625 0.02578125
0 0.959375 0.01953125 0.01953125 0.03125
0 0.6515625 0.1859375 0.028125 0.04140625
0 0.6828125 0.0078125 0.0171875 0.015625
0 0.2828125 0.0125 0.0171875 0.025
0 0.8703125 0.14921875 0.02265625 0.0328125
0 0.83203125 0.06640625 0.0171875 0.02890625
0 0.259375 0.04453125 0.0203125 0.02578125
0 0.71875 0.00625 0.01875 0.0125
0 0.40703125 0.02421875 0.01953125 0.0296875
0 0.14296875 0.07578125 0.0203125 0.02890625
0 0.4921875 0.05 0.01953125 0.0296875
0 0.8359375 0.0140625 0.01953125 0.02578125
0 0.684375 0.040625 0.01875 0.0296875
0 0.3609375 0.18671875 0.0203125 0.0375
0 0.6234375 0.30625 0.02265625 0.021875
0 0.12265625 0.01953125 0.01640625 0.0234375
0 0.38046875 0.03046875 0.01875 0.0296875
0 0.74296875 0.00703125 0.0171875 0.0140625
0 0.31640625 0.0125 0.01953125 0.025
0 0.00625 0.70625 0.01171875 0.0796875
0 0.5390625 0.04296875 0.015625 0.02578125
0 0.64453125 0.021875 0.015625 0.02578125
0 0.1515625 0.03125 0.01875 0.02578125