0 0.465625 0.29296875 0.02421875 0.0484375
0 0.3421875 0.32109375 0.0265625 0.05
0 0.66875 0.796875 0.08203125 0.18671875
0 0.3953125 0.48671875 0.0390625 0.08125
0 0.37421875 0.71875 0.0703125 0.1484375
0 0.9546875 0.23515625 0.0375 0.078125
0 0.89609375 0.26484375 0.0359375 0.078125
0 0.12265625 0.49921875 0.03984375 0.0796875
0 0.50078125 0.3140625 0.02734375 0.0609375
0 0.54765625 0.3296875 0.03046875 0.059375
0 0.74296875 0.328125 0.028125 0.06640625
0 0.11953125 0.228125 0.01484375 0.03359375
0 0.85 0.1703125 0.02421875 0.0515625
0 0.221875 0.48515625 0.034375 0.06640625
0 0.2703125 0.47109375 0.0390625 0.08359375
0 0.32734375 0.3765625 0.03046875 0.0609375
0 0.840625 0.48515625 0.0609375 0.13671875
0 0.37890625 0.21875 0.0171875 0.03671875
0 0.0234375 0.52109375 0.0375 0.071875
0 0.6546875 0.21484375 0.025 0.0515625
0 0.6109375 0.3765625 0.0375 0.07578125
0 0.2421875 0.40703125 0.02734375 0.05546875
0 0.475 0.38046875 0.0359375 0.0796875
0 0.56953125 0.59375 0.05078125 0.109375
0 0.21953125 0.33046875 0.01953125 0.04296875
0 0.24375 0.26484375 0.0171875 0.040625
0 0.7875 0.25546875 0.028125 0.06328125
0 0.44375 0.63828125 0.04765625 0.11328125
0 0.325 0.21796875 0.01953125 0.04296875
0 0.32734375 0.56484375 0.0484375 0.1
0 0.8421875 0.865625 0.084375 0.16875
0 0.196875 0.3765625 0.0265625 0.05390625
0 0.0484375 0.41875 0.02734375 0.059375
0 0.28515625 0.3140625 0.025 0.05
0 0.53828125 0.22421875 0.01953125 0.040625
0 0.7390625 0.10703125 0.015625 0.03359375
0 0.40703125 0.21484375 0.01953125 0.040625
0 0.496875 0.5109375 0.0453125 0.09296875
0 0.39296875 0.15625 0.01484375 0.028125
0 0.54453125 0.16171875 0.01484375 0.03515625
0 0.64140625 0.33203125 0.03203125 0.06875
0 0.98125 0.1015625 0.0265625 0.05546875
0 0.446875 0.1359375 0.0125 0.028125
0 0.7171875 0.2015625 0.02421875 0.0484375
0 0.68125 0.16171875 0.0203125 0.04609375
0 0.30546875 0.234375 0.01875 0.0390625
0 0.19375 0.26953125 0.01953125 0.0390625
0 0.42109375 0.378125 0.0375 0.078125
0 0.540625 0.275 0.02421875 0.05
0 0.7 0.33515625 0.04609375 0.09609375
0 0.16328125 0.34609375 0.0234375 0.0484375
0 0.2421875 0.21328125 0.0171875 0.03671875
0 0.7734375 0.1390625 0.0171875 0.040625
0 0.1703125 0.25390625 0.0171875 0.040625
0 0.49453125 0.2296875 0.02265625 0.0484375
0 0.81640625 0.15859375 0.0234375 0.05
0 0.0890625 0.2515625 0.01640625 0.03671875
0 0.05859375 0.253125 0.0171875 0.0390625
0 0.0546875 0.35546875 0.0234375 0.0484375
0 0.625 0.18515625 0.0171875 0.04453125
0 0.64375 0.13984375 0.0171875 0.0390625
0 0.2515625 0.16875 0.01484375 0.0296875
0 0.5296875 0.13828125 0.01484375 0.03515625
0 0.31640625 0.16953125 0.0140625 0.028125
0 0.66875 0.11015625 0.0140625 0.03125
0 0.59453125 0.08828125 0.0125 0.02421875
0 0.4234375 0.18515625 0.0171875 0.03671875
0 0.20859375 0.24296875 0.01640625 0.040625
0 0.2078125 0.19296875 0.0140625 0.02578125
0 0.675 0.04453125 0.0140625 0.0296875
0 0.45390625 0.17109375 0.015625 0.03125
0 0.43046875 0.11796875 0.0125 0.02421875
0 0.14296875 0.40078125 0.0359375 0.0609375
0 0.59921875 0.21328125 0.0203125 0.0515625
0 0.9328125 0.0203125 0.01875 0.03671875
0 0.284375 0.165625 0.01484375 0.028125
0 0.9921875 0.0515625 0.0140625 0.03671875
0 0.1515625 0.303125 0.021875 0.04609375
0 0.90390625 0.09921875 0.02265625 0.05
0 0.05078125 0.29453125 0.0171875 0.040625
0 0.3890625 0.1890625 0.01484375 0.0296875
0 0.759375 0.03515625 0.0140625 0.0296875
0 0.27421875 0.259375 0.01640625 0.040625
0 0.7609375 0.0859375 0.015625 0.0390625
0 0.73359375 0.015625 0.0125 0.028125
0 0.10625 0.26796875 0.0171875 0.03125
0 0.75390625 0.421875 0.0390625 0.08515625
0 0.64453125 0.06953125 0.0140625 0.028125
0 0.1765625 0.18671875 0.0140625 0.0296875
0 0.87890625 0.0140625 0.0171875 0.028125
0 0.853125 0.04609375 0.01640625 0.03671875
0 0.415625 0.271875 0.0234375 0.04453125
0 0.82734375 0.1046875 0.02265625 0.05
0 0.10078125 0.30859375 0.025 0.05
0 0.9046875 0.06171875 0.015625 0.028125
0 0.80859375 0.06484375 0.0140625 0.0296875
0 0.921875 0.13984375 0.025 0.05703125
0 0.5890625 0.1234375 0.01484375 0.03125
0 0.39375 0.134375 0.01171875 0.0203125
0 0.46796875 0.1015625 0.0140625 0.021875
0 0.1421875 0.2296875 0.0140625 0.0296875
0 0.3796875 0.1515625 0.0140625 0.02578125
0 0.0125 0.19296875 0.01953125 0.03671875
0 0.546875 0.09453125 0.01171875 0.021875
0 0.70703125 0.03828125 0.0140625 0.028125
0 0.1625 0.19921875 0.01484375 0.03125
0 0.4984375 0.12109375 0.0140625 0.03125
0 0.36484375 0.1265625 0.0125 0.02421875
0 0.6859375 0.11796875 0.01484375 0.03125
0 0.79609375 0.09296875 0.01484375 0.03359375
0 0.48515625 0.153125 0.015625 0.03125
0 0.615625 0.065625 0.01171875 0.028125
0 0.7453125 0.16640625 0.01875 0.05546875
0 0.69453125 0.021875 0.01171875 0.021875
0 0.3046875 0.19453125 0.0140625 0.0296875
0 0.6453125 0.10546875 0.0140625 0.021875
0 0.9359375 0.065625 0.01953125 0.0390625
0 0.46953125 0.1265625 0.01171875 0.028125
0 0.3640625 0.15859375 0.015625 0.03125
0 0.85859375 0.37578125 0.034375 0.07421875
0 0.40703125 0.11640625 0.01171875 0.021875
0 0.2234375 0.175 0.01484375 0.028125
0 0.7984375 0.0203125 0.01484375 0.0296875
0 0.46953125 0.0765625 0.009375 0.0203125
0 0.26953125 0.1765625 0.0140625 0.02421875
0 0.54375 0.128125 0.01171875 0.02578125
0 0.69140625 0.47421875 0.03125 0.078125
0 0.38125 0.1203125 0.0109375 0.021875
0 0.50390625 0.09296875 0.01171875 0.01875
0 0.3953125 0.103125 0.009375 0.0203125
0 0.83046875 0.00546875 0.01640625 0.0109375
0 0.44453125 0.08984375 0.009375 0.0203125
0 0.7484375 0.01015625 0.01484375 0.0203125
0 0.00703125 0.4234375 0.0140625 0.05703125
0 0.26953125 0.22578125 0.015625 0.02578125
0 0.41953125 0.0984375 0.0109375 0.01875
0 0.70546875 0.0109375 0.0125 0.021875
0 0.65625 0.00703125 0.0125 0.0140625
0 0.12578125 0.18046875 0.01484375 0.028125
0 0.64296875 0.01640625 0.0109375 0.01875
0 0.784375 0.04921875 0.0140625 0.03125
0 0.4546875 0.08984375 0.009375 0.0203125
0 0.33359375 0.12109375 0.0109375 0.0203125
0 0.98125 0.01015625 0.01640625 0.0203125
0 0.3703125 0.109375 0.0109375 0.01875
0 0.628125 0.1 0.0140625 0.0296875
0 0.009375 0.35703125 0.01875 0.0484375
0 0.3109375 0.13828125 0.01171875 0.02421875
0 0.57734375 0.096875 0.01484375 0.028125
0 0.60625 0.14140625 0.01484375 0.03125
0 0.56875 0.04609375 0.00859375 0.01875
0 0.5203125 0.090625 0.009375 0.021875
0 0.9671875 0.04296875 0.01640625 0.03359375
0 0.4296875 0.07890625 0.0078125 0.01328125
0 0.41875 0.1546875 0.01484375 0.028125
0 0.38125 0.0984375 0.00859375 0.01875
0 0.62421875 0.028125 0.0125 0.02578125
0 0.64296875 0.0390625 0.0109375 0.021875
0 0.41796875 0.06640625 0.0078125 0.01484375
0 0.50703125 0.0703125 0.00859375 0.01875
0 0.55546875 0.04609375 0.00859375 0.01875
0 0.66875 0.00546875 0.01171875 0.0109375
0 0.40078125 0.31015625 0.0203125 0.04296875
0 0.22734375 0.24609375 0.01484375 0.03671875
0 0.48359375 0.04296875 0.00859375 0.01875
0 0.165625 0.47109375 0.028125 0.0609375
0 0.49140625 0.065625 0.00859375 0.01640625
0 0.88203125 0.04921875 0.015625 0.03125
0 0.81328125 0.03203125 0.0140625 0.02421875
0 0.50078125 0.1859375 0.01640625 0.03125
0 0.44140625 0.04453125 0.0078125 0.0109375
0 0.39375 0.065625 0.00703125 0.01328125
0 0.48125 0.075 0.0078125 0.0203125
0 0.4546875 0.06796875 0.0078125 0.01328125
0 0.34765625 0.16796875 0.0140625 0.028125
0 0.4640625 0.215625 0.0171875 0.04296875
0 0.5265625 0.071875 0.009375 0.01875
0 0.4296875 0.04609375 0.0078125 0.01484375
0 0.503125 0.03515625 0.00859375 0.01484375
0 0.9140625 0.03203125 0.015625 0.03125
0 0.36171875 0.08515625 0.00859375 0.01875
0 0.71953125 0.01328125 0.0109375 0.021875
0 0.43046875 0.09609375 0.00859375 0.01875
0 0.40703125 0.07890625 0.0078125 0.01328125
0 0.6203125 0.00546875 0.01171875 0.0109375
0 0.30234375 0.16640625 0.01484375 0.02578125
0 0.48984375 0.090625 0.0109375 0.01875
0 0.5609375 0.09140625 0.0109375 0.02421875
0 0.46875 0.05703125 0.0078125 0.01484375
0 0.19609375 0.21484375 0.0140625 0.0296875
0 0.43671875 0.06328125 0.0078125 0.01484375
0 0.33984375 0.1453125 0.0140625 0.02421875
0 0.4609375 0.0359375 0.0078125 0.01328125
0 0.38203125 0.06953125 0.0078125 0.01328125
0 0.4046875 0.09609375 0.0078125 0.01875
0 0.0375 0.20546875 0.01484375 0.0296875
0 0.55546875 0.06640625 0.0109375 0.02578125
0 0.70546875 0.11015625 0.01640625 0.0390625
0 0.3453125 0.196875 0.0140625 0.03515625
0 0.36875 0.05625 0.0078125 0.01328125
0 0.4046875 0.05625 0.00625 0.01328125
0 0.7484375 0.228125 0.01953125 0.03671875
0 0.8328125 0.05390625 0.01484375 0.0296875
0 0.9046875 0.00703125 0.015625 0.0140625
0 0.0046875 0.30625 0.00859375 0.04609375