0 0.8359375 0.43125 0.040625 0.053125
0 0.6203125 0.2125 0.0203125 0.03125
0 0.93828125 0.32265625 0.03203125 0.04453125
0 0.7734375 0.3859375 0.03515625 0.05078125
0 0.2640625 0.2890625 0.0234375 0.0390625
0 0.91015625 0.25 0.021875 0.03125
0 0.63984375 0.2046875 0.01640625 0.0296875
0 0.45703125 0.2703125 0.021875 0.0328125
0 0.88125 0.13203125 0.01953125 0.02734375
0 0.075 0.2671875 0.0265625 0.0390625
0 0.5140625 0.275 0.021875 0.03125
0 0.571875 0.28828125 0.02734375 0.040625
0 0.68125 0.44140625 0.03515625 0.05703125
0 0.7765625 0.5203125 0.046875 0.0609375
0 0.2875 0.19375 0.01875 0.025
0 0.409375 0.3125 0.02421875 0.0390625
0 0.5421875 0.64296875 0.04765625 0.07578125
0 0.48828125 0.30546875 0.02734375 0.0375
0 0.2625 0.22265625 0.0203125 0.03125
0 0.98515625 0.45703125 0.02734375 0.05703125
0 0.428125 0.71015625 0.0875 0.1265625
0 0.18046875 0.5 0.05625 0.07265625
0 0.1640625 0.2703125 0.02734375 0.040625
0 0.946875 0.38828125 0.040625 0.0546875
0 0.49296875 0.21015625 0.0171875 0.02734375
0 0.89375 0.49921875 0.0515625 0.07421875
0 0.0484375 0.82265625 0.06875 0.09375
0 0.8421875 0.3265625 0.03125 0.0453125
0 0.60859375 0.18203125 0.01875 0.02578125
0 0.915625 0.15 0.0203125 0.03125
0 0.3640625 0.2484375 0.01953125 0.0234375
0 0.48125 0.11953125 0.0140625 0.0234375
0 0.73984375 0.29453125 0.028125 0.0390625
0 0.84140625 0.1796875 0.0203125 0.02890625
0 0.64921875 0.6671875 0.05390625 0.0765625
0 0.9671875 0.2671875 0.028125 0.04140625
0 0.5203125 0.2078125 0.021875 0.0328125
0 0.37578125 0.2859375 0.02265625 0.03515625
0 0.63984375 0.30078125 0.02265625 0.03671875
0 0.546875 0.2734375 0.0234375 0.03671875
0 0.228125 0.25703125 0.02265625 0.0328125
0 0.5328125 0.33046875 0.028125 0.0390625
0 0.19609375 0.19296875 0.01484375 0.0234375
0 0.69453125 0.1109375 0.015625 0.0234375
0 0.2046875 0.21875 0.021875 0.03125
0 0.0203125 0.37265625 0.0328125 0.0546875
0 0.52734375 0.0703125 0.0140625 0.01796875
0 0.2421875 0.22890625 0.01953125 0.02578125
0 0.25859375 0.19140625 0.0171875 0.0234375
0 0.8578125 0.0953125 0.01484375 0.0234375
0 0.665625 0.2125 0.01953125 0.03125
0 0.8109375 0.19921875 0.021875 0.03125
0 0.921875 0.2859375 0.03125 0.04296875
0 0.40703125 0.109375 0.0140625 0.02109375
0 0.60625 0.08203125 0.0125 0.01796875
0 0.296875 0.08046875 0.01171875 0.01796875
0 0.24296875 0.1984375 0.01640625 0.02734375
0 0.39296875 0.16015625 0.01640625 0.0234375
0 0.8953125 0.06875 0.0140625 0.01953125
0 0.70859375 0.2796875 0.02265625 0.0390625
0 0.5546875 0.0953125 0.0140625 0.01796875
0 0.259375 0.109375 0.0140625 0.02109375
0 0.825 0.128125 0.01875 0.025
0 0.72109375 0.08046875 0.0125 0.01796875
0 0.75390625 0.096875 0.0140625 0.021875
0 0.65859375 0.10078125 0.0125 0.01953125
0 0.534375 0.10546875 0.0140625 0.01796875
0 0.290625 0.26796875 0.02421875 0.03671875
0 0.7921875 0.134375 0.01484375 0.02734375
0 0.653125 0.0765625 0.0140625 0.01796875
0 0.6765625 0.08125 0.01171875 0.01953125
0 0.18046875 0.36875 0.034375 0.04921875
0 0.8546875 0.06328125 0.0140625 0.01953125
0 0.0859375 0.4546875 0.03125 0.046875
0 0.16875 0.1796875 0.01875 0.02578125
0 0.57890625 0.06875 0.0140625 0.01953125
0 0.11953125 0.12578125 0.01484375 0.021875
0 0.696875 0.0640625 0.01171875 0.01796875
0 0.8296875 0.0609375 0.0140625 0.01953125
0 0.4921875 0.38125 0.0328125 0.05078125
0 0.146875 0.1546875 0.01484375 0.0234375
0 0.9453125 0.0625 0.015625 0.01796875
0 0.009375 0.1546875 0.01640625 0.025
0 0.1546875 0.2296875 0.021875 0.0296875
0 0.49609375 0.1171875 0.0140625 0.02109375
0 0.1296875 0.2796875 0.02734375 0.03671875
0 0.7609375 0.16953125 0.0171875 0.02578125
0 0.63203125 0.05546875 0.01171875 0.0171875
0 0.0078125 0.2203125 0.015625 0.03671875
0 0.63984375 0.08046875 0.0125 0.01796875
0 0.27109375 0.08046875 0.0125 0.01796875
0 0.67890625 0.05546875 0.009375 0.0171875
0 0.77890625 0.04375 0.0109375 0.0140625
0 0.35859375 0.08046875 0.0125 0.01796875
0 0.1046875 0.06328125 0.0140625 0.0171875
0 0.484375 0.0609375 0.01171875 0.0171875
0 0.4265625 0.10703125 0.0140625 0.02109375
0 0.60625 0.04375 0.0109375 0.0140625
0 0.8390625 0.04296875 0.01171875 0.01796875
0 0.8921875 0.0375 0.01171875 0.01796875
0 0.5578125 0.1390625 0.0140625 0.02109375
0 0.97265625 0.1015625 0.0171875 0.0234375
0 0.459375 0.0875 0.0125 0.01953125
0 0.746875 0.0640625 0.0125 0.01796875
0 0.4703125 0.06640625 0.0109375 0.015625
0 0.56328125 0.11640625 0.0140625 0.01953125
0 0.6203125 0.07421875 0.0109375 0.01796875
0 0.196875 0.3234375 0.0265625 0.04296875
0 0.34140625 0.0671875 0.0109375 0.0140625
0 0.78515625 0.10703125 0.0140625 0.0234375
0 0.63125 0.09765625 0.01171875 0.01796875
0 0.44453125 0.0515625 0.01171875 0.0171875
0 0.853125 0.0390625 0.0109375 0.015625
0 0.51171875 0.13125 0.0140625 0.01953125
0 0.978125 0.06328125 0.0140625 0.01953125
0 0.09453125 0.1078125 0.0140625 0.01953125
0 0.446875 0.0796875 0.0125 0.01796875
0 0.63828125 0.11875 0.01484375 0.0234375
0 0.9921875 0.08046875 0.0140625 0.01796875
0 0.72578125 0.10703125 0.0140625 0.0234375
0 0.36484375 0.96953125 0.0671875 0.05859375
0 0.72265625 0.05546875 0.01171875 0.0171875
0 0.4328125 0.05625 0.0109375 0.0140625
0 0.96796875 0.0296875 0.0140625 0.01796875
0 0.75546875 0.04140625 0.0109375 0.015625
0 0.7046875 0.02890625 0.0078125 0.01328125
0 0.415625 0.06875 0.01171875 0.0171875
0 0.9890625 0.12890625 0.0171875 0.0234375
0 0.284375 0.0609375 0.0109375 0.0171875
0 0.6546875 0.04375 0.009375 0.0140625
0 0.71953125 0.01796875 0.009375 0.01328125
0 0.8953125 0.10390625 0.01953125 0.02578125
0 0.9546875 0.00625 0.01171875 0.01171875
0 0.7453125 0.01796875 0.00859375 0.01328125
0 0.63359375 0.02578125 0.0109375 0.015625
0 0.48125 0.0953125 0.01171875 0.01796875
0 0.01015625 0.44765625 0.0203125 0.0546875
0 0.915625 0.0484375 0.01171875 0.01796875
0 0.734375 0.0453125 0.01171875 0.0171875
0 0.5921875 0.04765625 0.009375 0.0140625
0 0.90546875 0.00625 0.0109375 0.01171875
0 0.79375 0.0171875 0.0078125 0.01171875
0 0.0328125 0.3 0.0234375 0.03515625
0 0.384375 0.11875 0.0125 0.01796875
0 0.66328125 0.0625 0.01171875 0.01796875
0 0.88125 0.0171875 0.0109375 0.015625
0 0.2203125 0.1578125 0.02265625 0.03359375
0 0.83046875 0.0171875 0.00859375 0.01328125
0 0.65703125 0.01796875 0.009375 0.01328125
0 0.8046875 0.0171875 0.0078125 0.01328125
0 0.7046875 0.00546875 0.0078125 0.01015625
0 0.8015625 0.0765625 0.0140625 0.02109375
0 0.92265625 0.21171875 0.0234375 0.0328125
0 0.7953125 0.00625 0.009375 0.01171875
0 0.8671875 0.00546875 0.009375 0.01015625
0 0.93046875 0.0171875 0.0109375 0.0140625
0 0.915625 0.0296875 0.0109375 0.0140625
0 0.89375 0.01796875 0.0109375 0.01328125
0 0.68125 0.0296875 0.00703125 0.01328125
0 0.59453125 0.0296875 0.00859375 0.01328125
0 0.85625 0.00546875 0.00859375 0.01015625
0 0.84296875 0.01796875 0.00703125 0.01328125
0 0.11328125 0.0859375 0.0140625 0.01796875
0 0.7328125 0.00546875 0.009375 0.01015625
0 0.68125 0.0171875 0.00703125 0.01171875
0 0.58046875 0.03046875 0.00859375 0.01171875
0 0.69296875 0.00546875 0.00703125 0.01015625
0 0.865625 0.05078125 0.01171875 0.01796875
0 0.03203125 0.05625 0.01171875 0.0171875
0 0.81640625 0.01796875 0.0078125 0.01328125
0 0.4046875 0.05625 0.0109375 0.0140625
0 0.5578125 0.03203125 0.009375 0.0140625
0 0.76796875 0.01953125 0.00859375 0.01328125
0 0.81953125 0.0046875 0.0078125 0.009375
0 0.76875 0.00546875 0.00703125 0.01015625
0 0.85625 0.01796875 0.00859375 0.01328125
0 0.1546875 0.05625 0.01171875 0.01796875
0 0.55546875 0.05546875 0.0109375 0.0171875
0 0.84296875 0.0046875 0.00703125 0.009375
0 0.75625 0.01953125 0.00859375 0.01328125
0 0.42109375 0.14296875 0.01171875 0.01796875
0 0.66875 0.01796875 0.0078125 0.01328125
0 0.3984375 0.08046875 0.0140625 0.01796875
0 0.69140625 0.0421875 0.009375 0.0140625
0 0.2421875 0.0921875 0.01171875 0.01796875
0 0.9421875 0.0140625 0.0140625 0.01796875
0 0.2578125 0.04375 0.009375 0.0140625
0 0.4953125 0.08046875 0.0109375 0.01796875
0 0.23828125 0.0625 0.009375 0.01796875
0 0.98125 0.0296875 0.01171875 0.01796875
0 0.88125 0.0765625 0.01484375 0.01796875
0 0.52421875 0.11796875 0.0125 0.01953125
0 0.9421875 0.04140625 0.0140625 0.015625
0 0.1375 0.18515625 0.0171875 0.02578125
0 0.54375 0.00546875 0.0109375 0.01015625
0 0.7734375 0.1390625 0.015625 0.021875
0 0.35078125 0.1390625 0.0140625 0.02109375
0 0.98203125 0.00625 0.0140625 0.0125
0 0.5609375 0.01015625 0.00859375 0.01328125
0 0.8078125 0.03125 0.009375 0.01328125
0 0.80390625 0.04765625 0.009375 0.0171875
0 0.99453125 0.05625 0.00859375 0.01953125
0 0.81875 0.04296875 0.0109375 0.01796875
0 0.73046875 0.03046875 0.0078125 0.01171875
0 0.9296875 0.0390625 0.01171875 0.01796875
0 0.5203125 0.0328125 0.009375 0.015625
0 0.78046875 0.01796875 0.00703125 0.01328125
0 0.22109375 0.06640625 0.0125 0.01796875
0 0.503125 0.034375 0.00859375 0.0140625
0 0.45859375 0.3265625 0.0203125 0.03125
0 0.78046875 0.00546875 0.00703125 0.0078125
0 0.3921875 0.13671875 0.01484375 0.01796875
0 0.3703125 0.0671875 0.01171875 0.0140625
0 0.61796875 0.01796875 0.00859375 0.01328125
0 0.92265625 0.07421875 0.0140625 0.01796875
0 0.23671875 0.0375 0.00859375 0.01328125
0 0.56640625 0.04140625 0.0078125 0.01328125
0 0.25703125 0.08046875 0.01171875 0.01796875
0 0.83671875 0.275 0.03046875 0.0390625
0 0.71015625 0.0546875 0.0140625 0.015625
0 0.7875 0.26171875 0.02265625 0.03125
0 0.27109375 0.1703125 0.01875 0.025
0 0.9578125 0.0421875 0.01171875 0.0140625
0 0.771875 0.2125 0.0203125 0.0328125
0 0.665625 0.04296875 0.00859375 0.01328125
0 0.58671875 0.01171875 0.00859375 0.01328125
0 0.60625 0.01796875 0.0078125 0.01328125