0 0.28359375 0.12890625 0.01484375 0.0234375
0 0.25625 0.11953125 0.01484375 0.0234375
0 0.38203125 0.171875 0.015625 0.02578125
0 0.1828125 0.2484375 0.02265625 0.03359375
0 0.1109375 0.21875 0.0203125 0.03671875
0 0.3078125 0.22890625 0.01953125 0.02890625
0 0.1546875 0.20390625 0.021875 0.03515625
0 0.17421875 0.3484375 0.03046875 0.0484375
0 0.2921875 0.26796875 0.021875 0.03671875
0 0.09453125 0.2984375 0.02734375 0.04296875
0 0.44140625 0.26875 0.0234375 0.03515625
0 0.040625 0.06796875 0.01640625 0.0234375
0 0.46953125 0.240625 0.0203125 0.03125
0 0.153125 0.2984375 0.02421875 0.0375
0 0.2296875 0.225 0.021875 0.03671875
0 0.4171875 0.16875 0.01484375 0.025
0 0.10625 0.5375 0.04765625 0.06875
0 0.37578125 0.2734375 0.021875 0.03359375
0 0.315625 0.2625 0.01875 0.0328125
0 0.5125 0.25625 0.01875 0.0296875
0 0.0859375 0.2328125 0.021875 0.03515625
0 0.08359375 0.18828125 0.0203125 0.0296875
0 0.26640625 0.3015625 0.021875 0.0375
0 0.028125 0.1109375 0.01875 0.025
0 0.61484375 0.24140625 0.01875 0.0296875
0 0.4828125 0.16796875 0.01484375 0.02578125
0 0.415625 0.19765625 0.0171875 0.02578125
0 0.753125 0.80625 0.06171875 0.09375
0 0.8734375 0.76796875 0.059375 0.09375
0 0.384375 0.72421875 0.05625 0.08359375
0 0.34296875 0.16953125 0.0171875 0.02890625
0 0.259375 0.16328125 0.0171875 0.02734375
0 0.23125 0.01796875 0.0109375 0.01796875
0 0.93046875 0.24375 0.01875 0.02578125
0 0.453125 0.19140625 0.0171875 0.02890625
0 0.70234375 0.2015625 0.01875 0.02890625
0 0.078125 0.01796875 0.01171875 0.01796875
0 0.32890625 0.05703125 0.009375 0.01796875
0 0.28828125 0.18046875 0.0171875 0.025
0 0.378125 0.10625 0.0140625 0.01953125
0 0.39921875 0.325 0.02265625 0.0375
0 0.0859375 0.08203125 0.0140625 0.0234375
0 0.32734375 0.0984375 0.0140625 0.01953125
0 0.73125 0.13828125 0.01640625 0.0234375
0 0.16875 0.084375 0.01484375 0.02109375
0 0.48359375 0.11875 0.0140625 0.01953125
0 0.240625 0.05625 0.01171875 0.01796875
0 0.20390625 0.00625 0.0109375 0.0125
0 0.60703125 0.18046875 0.0203125 0.0296875
0 0.3953125 0.1375 0.0140625 0.01953125
0 0.90703125 0.20546875 0.021875 0.03125
0 0.6375 0.91875 0.075 0.1109375
0 0.62734375 0.0921875 0.0125 0.01953125
0 0.1953125 0.025 0.0140625 0.01796875
0 0.1078125 0.02890625 0.0140625 0.01796875
0 0.30234375 0.0609375 0.0109375 0.0171875
0 0.40546875 0.2875 0.01875 0.0328125
0 0.20234375 0.04453125 0.01171875 0.02109375
0 0.2671875 0.0796875 0.0140625 0.02109375
0 0.05625 0.0234375 0.0125 0.01796875
0 0.37578125 0.14453125 0.0140625 0.0234375
0 0.88984375 0.07421875 0.0109375 0.01796875
0 0.30234375 0.0921875 0.0125 0.01953125
0 0.19609375 0.06875 0.0140625 0.01953125
0 0.0046875 0.2625 0.00859375 0.0375
0 0.60625 0.1 0.01171875 0.01796875
0 0.45625 0.1 0.01171875 0.01796875
0 0.696875 0.1625 0.01484375 0.0234375
0 0.11796875 0.00703125 0.0140625 0.0140625
0 0.653125 0.10703125 0.0125 0.01796875
0 0.43046875 0.06640625 0.0109375 0.015625
0 0.5046875 0.06875 0.009375 0.01796875
0 0.45234375 0.128125 0.0140625 0.021875
0 0.7390625 0.1109375 0.0140625 0.01796875
0 0.18828125 0.0953125 0.0140625 0.0234375
0 0.3578125 0.05625 0.009375 0.01796875
0 0.8734375 0.146875 0.0140625 0.02109375
0 0.9328125 0.05625 0.01171875 0.0171875
0 0.9671875 0.20078125 0.015625 0.0234375
0 0.0046875 0.1109375 0.00859375 0.02578125
0 0.9796875 0.084375 0.0140625 0.01796875
0 0.49609375 0.11953125 0.0140625 0.02109375
0 0.60390625 0.03125 0.0109375 0.01328125
0 0.45234375 0.06796875 0.0109375 0.01328125
0 0.546875 0.10078125 0.01171875 0.01953125
0 0.94609375 0.20546875 0.01953125 0.02578125
0 0.165625 0.0328125 0.0109375 0.01796875
0 0.84453125 0.0578125 0.0109375 0.0171875
0 0.7171875 0.17421875 0.01640625 0.0234375
0 0.7171875 0.096875 0.0140625 0.021875
0 0.2578125 0.0390625 0.009375 0.01796875
0 0.2875 0.0390625 0.0109375 0.01796875
0 0.09609375 0.065625 0.0125 0.01953125
0 0.55546875 0.0171875 0.00859375 0.0140625
0 0.94375 0.0765625 0.0125 0.01796875
0 0.13203125 0.06875 0.0140625 0.0234375
0 0.5046875 0.1640625 0.01484375 0.02578125
0 0.871875 0.08671875 0.0125 0.0171875
0 0.63125 0.03125 0.00859375 0.01328125
0 0.5328125 0.04375 0.0109375 0.0140625
0 0.01640625 0.071875 0.015625 0.021875
0 0.47734375 0.0796875 0.01171875 0.01796875
0 0.34609375 0.08046875 0.0125 0.01796875
0 0.55625 0.053125 0.0109375 0.015625
0 0.50703125 0.00546875 0.0078125 0.01015625
0 0.6421875 0.01796875 0.009375 0.01328125
0 0.1703125 0.0515625 0.0140625 0.01953125
0 0.915625 0.07265625 0.0109375 0.015625
0 0.9921875 0.09140625 0.01171875 0.015625
0 0.09296875 0.00625 0.0125 0.01171875
0 0.5921875 0.07890625 0.0109375 0.0140625
0 0.98125 0.06640625 0.01171875 0.015625
0 0.39296875 0.0671875 0.0109375 0.0171875
0 0.13203125 0.21875 0.0171875 0.03125
0 0.0265625 0.03671875 0.0125 0.01796875
0 0.26796875 0.0171875 0.0109375 0.0171875
0 0.48125 0.03203125 0.00859375 0.0140625
0 0.40703125 0.03203125 0.009375 0.0140625
0 0.46953125 0.03515625 0.00859375 0.015625
0 0.36953125 0.0640625 0.0109375 0.015625
0 0.83359375 0.04375 0.0109375 0.0140625
0 0.9921875 0.2171875 0.0140625 0.0234375
0 0.4796875 0.01796875 0.009375 0.01328125
0 0.63984375 0.1390625 0.0125 0.01953125
0 0.93828125 0.17890625 0.01484375 0.021875
0 0.759375 0.11875 0.0125 0.021875
0 0.1546875 0.00625 0.01171875 0.01171875
0 0.4921875 0.03203125 0.0078125 0.0140625
0 0.73125 0.06640625 0.0109375 0.015625
0 0.81875 0.15546875 0.01171875 0.01953125
0 0.5828125 0.03203125 0.00859375 0.0140625
0 0.4921875 0.06640625 0.009375 0.015625
0 0.65703125 0.01953125 0.00859375 0.01328125
0 0.39140625 0.04375 0.009375 0.0140625
0 0.59453125 0.04296875 0.00859375 0.01328125
0 0.74296875 0.0515625 0.00859375 0.0140625
0 0.64609375 0.0421875 0.00859375 0.0140625
0 0.22109375 0.0453125 0.0109375 0.01953125
0 0.54375 0.0671875 0.0109375 0.0171875
0 0.40703125 0.05546875 0.009375 0.0140625
0 0.575 0.075 0.0109375 0.0140625
0 0.428125 0.10390625 0.01171875 0.015625
0 0.43203125 0.02265625 0.00859375 0.0140625
0 0.62890625 0.053125 0.009375 0.015625
0 0.25390625 0.00625 0.01171875 0.01171875
0 0.9578125 0.09375 0.01171875 0.01796875
0 0.39140625 0.09140625 0.0140625 0.02109375
0 0.52421875 0.025 0.00859375 0.01328125
0 0.8328125 0.1203125 0.0140625 0.01953125
0 0.36796875 0.00703125 0.0109375 0.0140625
0 0.56953125 0.03125 0.0078125 0.01328125
0 0.54375 0.01796875 0.00859375 0.01328125
0 0.34453125 0.1 0.0140625 0.01796875
0 0.415625 0.11640625 0.0125 0.021875
0 0.171875 0.00703125 0.01171875 0.0140625
0 0.040625 0.03828125 0.01171875 0.01953125
0 0.46953125 0.01796875 0.0078125 0.01328125
0 0.64140625 0.06875 0.0109375 0.0171875
0 0.38203125 0.0546875 0.009375 0.015625
0 0.4828125 0.00625 0.009375 0.01171875
0 0.81171875 0.065625 0.0109375 0.0171875
0 0.50703125 0.04375 0.00859375 0.0140625
0 0.4203125 0.0640625 0.009375 0.015625
0 0.54375 0.00546875 0.00703125 0.01015625
0 0.1515625 0.01953125 0.01171875 0.01796875
0 0.778125 0.03125 0.0109375 0.01328125
0 0.35625 0.0953125 0.01171875 0.01796875
0 0.44140625 0.02265625 0.009375 0.0140625