0 0.53515625 0.92421875 0.05078125 0.06796875
0 0.9796875 0.52421875 0.03828125 0.05625
0 0.97109375 0.14453125 0.0125 0.02109375
0 0.2671875 0.55546875 0.0328125 0.0453125
0 0.3515625 0.35 0.0171875 0.02578125
0 0.70859375 0.43125 0.02421875 0.03125
0 0.6078125 0.61875 0.03515625 0.04921875
0 0.4546875 0.30390625 0.0140625 0.021875
0 0.53515625 0.353125 0.0171875 0.025
0 0.31875 0.36875 0.01640625 0.025
0 0.4796875 0.24296875 0.0140625 0.01953125
0 0.0796875 0.33828125 0.0140625 0.0234375
0 0.946875 0.1609375 0.01484375 0.01953125
0 0.571875 0.33125 0.01875 0.0296875
0 0.38984375 0.4453125 0.01953125 0.03125
0 0.5765625 0.4734375 0.02734375 0.03515625
0 0.10625 0.3796875 0.01875 0.02734375
0 0.7 0.36875 0.028125 0.04453125
0 0.2765625 0.23515625 0.01171875 0.0171875
0 0.97578125 0.19375 0.01484375 0.0234375
0 0.92578125 0.13125 0.015625 0.01953125
0 0.04140625 0.25625 0.0109375 0.01328125
0 0.34453125 0.1421875 0.009375 0.0140625
0 0.94609375 0.1890625 0.01484375 0.0234375
0 0.06328125 0.25546875 0.0125 0.01796875
0 0.09453125 0.25703125 0.01171875 0.0171875
0 0.4265625 0.30625 0.0140625 0.021875
0 0.853125 0.159375 0.0125 0.021875
0 0.88984375 0.1234375 0.0125 0.01796875
0 0.93125 0.1546875 0.0125 0.01953125
0 0.05234375 0.39296875 0.01875 0.02578125
0 0.5140625 0.31875 0.015625 0.025
0 0.3703125 0.1359375 0.0109375 0.0140625
0 0.43984375 0.25625 0.0125 0.01796875
0 0.184375 0.3546875 0.0125 0.025
0 0.04921875 0.48046875 0.028125 0.03671875
0 0.7390625 0.50625 0.01484375 0.01953125
0 0.0921875 0.234375 0.009375 0.015625
0 0.11796875 0.75390625 0.05 0.0546875
0 0.221875 0.4203125 0.01484375 0.025
0 0.85859375 0.13515625 0.0125 0.02109375
0 0.90546875 0.03203125 0.00703125 0.01171875
0 0.4828125 0.31796875 0.0140625 0.01796875
0 0.28203125 0.20390625 0.009375 0.0140625
0 0.10859375 0.58046875 0.01640625 0.02578125
0 0.2171875 0.2671875 0.009375 0.01171875
0 0.30703125 0.21796875 0.0109375 0.0140625
0 0.86796875 0.0703125 0.00859375 0.015625
0 0.5875 0.565625 0.02734375 0.040625
0 0.0046875 0.25703125 0.00859375 0.0140625
0 0.9875 0.24296875 0.01484375 0.025
0 0.2296875 0.28203125 0.009375 0.0140625
0 0.2921875 0.83125 0.046875 0.06875
0 0.3625 0.18671875 0.00703125 0.01171875
0 0.38046875 0.1390625 0.00703125 0.01328125
0 0.8875 0.0375 0.0078125 0.01171875
0 0.07734375 0.2796875 0.0109375 0.0140625
0 0.9296875 0.04140625 0.0078125 0.01328125