1 0.5265625 0.8953125 0.0828125 0.1921875
1 0.5703125 0.51328125 0.0453125 0.0890625
1 0.2609375 0.6671875 0.0578125 0.1296875
1 0.2171875 0.20078125 0.03984375 0.08046875
1 0.3875 0.88828125 0.075 0.16953125
1 0.6984375 0.63203125 0.05234375 0.1296875
1 0.5609375 0.3546875 0.0421875 0.10234375
1 0.46015625 0.3703125 0.0453125 0.0984375
1 0.1765625 0.57109375 0.05234375 0.10703125
1 0.59609375 0.18046875 0.0375 0.07578125
1 0.5078125 0.6359375 0.0546875 0.1203125
1 0.41484375 0.75703125 0.06015625 0.1203125
1 0.2703125 0.2703125 0.0453125 0.08515625
1 0.45625 0.23671875 0.0421875 0.0890625
1 0.1625 0.24296875 0.0453125 0.08515625
1 0.58125 0.5890625 0.1328125 0.24140625
1 0.0453125 0.43046875 0.0453125 0.09375
1 0.7390625 0.9421875 0.0828125 0.10703125
1 0.73515625 0.33671875 0.03984375 0.08515625
1 0.90625 0.50859375 0.05234375 0.0890625
1 0.65 0.4109375 0.05 0.0984375
1 0.2 0.46015625 0.0453125 0.0890625
1 0.5984375 0.70078125 0.0578125 0.10703125
1 0.64765625 0.51796875 0.03984375 0.0890625
1 0.27890625 0.56484375 0.05234375 0.10234375
1 0.49609375 0.49765625 0.97734375 0.97734375
1 0.62109375 0.9484375 0.07265625 0.09375
1 0.3515625 0.5 0.05234375 0.11640625
1 0.21875 0.90390625 0.0671875 0.1296875
1 0.3859375 0.2921875 0.05234375 0.09375
1 0.7703125 0.3390625 0.03984375 0.08046875
1 0.87109375 0.44609375 0.04765625 0.0890625
1 0.8578125 0.7234375 0.06484375 0.11640625
1 0.8 0.5203125 0.1 0.15625
1 0.7078125 0.69609375 0.1296875 0.25859375
1 0.5109375 0.7078125 0.12265625 0.26328125
1 0.9171875 0.89296875 0.0953125 0.1515625
1 0.37265625 0.3640625 0.0453125 0.08515625
1 0.03515625 0.78828125 0.0546875 0.13828125
1 0.88984375 0.6046875 0.05 0.08515625
1 0.2765625 0.7921875 0.1578125 0.3796875
1 0.33515625 0.40390625 0.05 0.09375
1 0.5125 0.44453125 0.0546875 0.10234375
1 0.31640625 0.31015625 0.0421875 0.08515625
1 0.3546875 0.578125 0.11015625 0.27265625
1 0.5953125 0.24140625 0.0953125 0.19609375
1 0.50859375 0.04921875 0.0375 0.07109375
1 0.27890625 0.1609375 0.0375 0.07109375
1 0.7234375 0.1875 0.0328125 0.0625
1 0.72265625 0.5203125 0.03984375 0.08515625
1 0.45 0.1140625 0.0453125 0.08515625
1 0.6046875 0.50703125 0.03984375 0.08515625
1 0.13984375 0.43984375 0.0453125 0.08515625
1 0.15859375 0.31015625 0.0875 0.21875
1 0.5859375 0.74765625 0.14765625 0.20078125
1 0.6734375 0.19609375 0.0421875 0.07109375
1 0.63359375 0.27421875 0.0421875 0.07578125
1 0.2953125 0.4578125 0.0453125 0.09375
1 0.1234375 0.93984375 0.0828125 0.10234375
1 0.5578125 0.39296875 0.075 0.1875
1 0.12265625 0.734375 0.0546875 0.1203125
1 0.2375 0.828125 0.0546875 0.10234375
1 0.53515625 0.328125 0.03984375 0.09375
1 0.45 0.50703125 0.05 0.08515625
1 0.26015625 0.3234375 0.0796875 0.1921875
1 0.8015625 0.0734375 0.0421875 0.07578125
1 0.0828125 0.77890625 0.0546875 0.1203125
1 0.39375 0.18515625 0.0375 0.0671875
1 0.22265625 0.2453125 0.06484375 0.16953125
1 0.39140625 0.53125 0.0421875 0.08046875
1 0.8578125 0.7453125 0.1296875 0.1609375
1 0.0578125 0.5515625 0.11484375 0.34375
1 0.45 0.1359375 0.06484375 0.1296875
1 0.49765625 0.18984375 0.03515625 0.07578125
1 0.30390625 0.640625 0.1328125 0.2546875
1 0.48984375 0.3125 0.03984375 0.0890625
1 0.41640625 0.79453125 0.09765625 0.20546875
1 0.5203125 0.2703125 0.03984375 0.07578125
1 0.5140625 0.11796875 0.0828125 0.21015625
1 0.75859375 0.4109375 0.10234375 0.2140625
1 0.5109375 0.48203125 0.0828125 0.17890625
1 0.37734375 0.40390625 0.06015625 0.16484375
1 0.1671875 0.64921875 0.1296875 0.27265625
1 0.1328125 0.10078125 0.03984375 0.07578125
1 0.4515625 0.3015625 0.07734375 0.22734375
1 0.60625 0.43515625 0.0421875 0.07578125
1 0.45 0.40859375 0.08515625 0.17421875
1 0.9609375 0.4578125 0.0421875 0.07578125
1 0.6609375 0.4640625 0.0875 0.19609375
1 0.7265625 0.3796875 0.0625 0.16953125
1 0.0875 0.89296875 0.06015625 0.0984375
1 0.7890625 0.13828125 0.0828125 0.19609375
1 0.67265625 0.06953125 0.03984375 0.0578125
1 0.15625 0.14296875 0.0421875 0.08046875
1 0.2359375 0.49765625 0.04765625 0.10234375
1 0.9078125 0.68984375 0.125 0.2546875
1 0.9078125 0.6046875 0.13984375 0.28125
1 0.4484375 0.44609375 0.0421875 0.0625
1 0.3515625 0.2703125 0.0375 0.08515625
1 0.5484375 0.05546875 0.0375 0.07578125
1 0.26875 0.69453125 0.12734375 0.1828125
1 0.59609375 0.203125 0.07265625 0.1296875
1 0.675 0.02265625 0.03984375 0.04453125
1 0.16015625 0.83046875 0.06484375 0.10703125