0 0.36328125 0.2375 0.0328125 0.05078125
0 0.1734375 0.01796875 0.025 0.0359375
0 0.68125 0.1 0.0359375 0.05703125
0 0.48125 0.02578125 0.02265625 0.03671875
0 0.59765625 0.45 0.0546875 0.0875
0 0.26484375 0.35078125 0.04375 0.06875
0 0.3953125 0.0640625 0.0234375 0.03671875
0 0.4359375 0.01640625 0.02265625 0.0328125
0 0.6453125 0.1390625 0.03515625 0.0484375
0 0.88046875 0.35 0.0734375 0.09921875
0 0.3609375 0.15703125 0.0328125 0.04296875
0 0.9015625 0.01171875 0.02421875 0.0234375
0 0.37578125 0.11015625 0.0265625 0.0375
0 0.08125 0.02421875 0.01953125 0.0296875