0 0.92890625 0.22421875 0.034375 0.0546875
0 0.559375 0.18828125 0.0359375 0.053125
0 0.73671875 0.01953125 0.02265625 0.03671875
0 0.790625 0.01640625 0.01953125 0.0328125
0 0.21953125 0.3125 0.0421875 0.06796875
0 0.6921875 0.16640625 0.03515625 0.05703125
0 0.1265625 0.23203125 0.03515625 0.0546875
0 0.8109375 0.06328125 0.0234375 0.0328125
0 0.62578125 0.20546875 0.03515625 0.04921875
0 0.4359375 0.49921875 0.0578125 0.0875
0 0.815625 0.5875 0.0671875 0.09921875
0 0.0734375 0.07578125 0.0265625 0.046875
0 0.2890625 0.82421875 0.078125 0.11171875
0 0.753125 0.0671875 0.025 0.0375
0 0.8734375 0.225 0.034375 0.05078125
0 0.34453125 0.6171875 0.06328125 0.09375
0 0.6734375 0.03203125 0.0203125 0.0328125
0 0.1796875 0.04765625 0.021875 0.03515625
0 0.3703125 0.06015625 0.0203125 0.03359375
0 0.1515625 0.05 0.0234375 0.0375
0 0.2390625 0.0140625 0.028125 0.028125
0 0.56328125 0.01640625 0.0265625 0.0328125
0 0.846875 0.1109375 0.028125 0.04453125
0 0.23671875 0.1109375 0.0265625 0.0375
0 0.60234375 0.3078125 0.04296875 0.06875
0 0.67578125 0.00625 0.021875 0.01171875
0 0.990625 0.35 0.0171875 0.05703125
0 0.0453125 0.0921875 0.0296875 0.0484375
0 0.134375 0.3578125 0.05 0.06640625
0 0.6453125 0.00859375 0.0171875 0.0171875
0 0.0171875 0.07421875 0.025 0.04453125
0 0.63125 0.165625 0.034375 0.03515625
0 0.9921875 0.79296875 0.01171875 0.01796875