0 0.47109375 0.1796875 0.0265625 0.0390625
0 0.54375 0.1390625 0.02421875 0.03515625
0 0.17734375 0.21796875 0.0265625 0.0375
0 0.65703125 0.24921875 0.0265625 0.0375
0 0.8078125 0.065625 0.01953125 0.02734375
0 0.69375 0.225 0.0265625 0.0375
0 0.103125 0.3 0.028125 0.0375
0 0.85 0.52421875 0.04375 0.0609375
0 0.11875 0.15 0.02421875 0.0296875
0 0.321875 0.11015625 0.02421875 0.0328125
0 0.99140625 0.10390625 0.015625 0.03359375
0 0.55 0.2015625 0.025 0.03671875
0 0.478125 0.3578125 0.03828125 0.053125
0 0.2765625 0.0921875 0.02265625 0.0328125
0 0.7765625 0.2671875 0.03046875 0.0375
0 0.3734375 0.13515625 0.0265625 0.03359375
0 0.78203125 0.0875 0.021875 0.03125
0 0.31171875 0.1625 0.03046875 0.0375
0 0.3421875 0.01171875 0.021875 0.0234375
0 0.46796875 0.2546875 0.0328125 0.0453125
0 0.06171875 0.17421875 0.0203125 0.02578125
0 0.36328125 0.10625 0.0234375 0.025
0 0.721875 0.05 0.0203125 0.0296875
0 0.18828125 0.16875 0.0234375 0.025
0 0.48046875 0.009375 0.0171875 0.01875
0 0.87578125 0.07421875 0.021875 0.02578125
0 0.4546875 0.04375 0.0171875 0.025
0 0.24140625 0.01875 0.01640625 0.025
0 0.2 0.13828125 0.02265625 0.03359375
0 0.0875 0.0234375 0.0171875 0.02109375
0 0.0046875 0.15546875 0.00859375 0.0328125
0 0.509375 0.00859375 0.0171875 0.0171875
0 0.21953125 0.0125 0.01875 0.025
0 0.78203125 0.1609375 0.02421875 0.0328125
0 0.04375 0.0234375 0.0171875 0.0234375
0 0.99140625 0.1578125 0.01484375 0.02109375
0 0.7875 0.23046875 0.028125 0.03125
0 0.0359375 0.3015625 0.0296875 0.04296875
0 0.78828125 0.3484375 0.0375 0.05078125
0 0.7453125 0.00703125 0.0171875 0.0140625
0 0.00703125 0.29296875 0.0140625 0.03671875
0 0.25390625 0.2390625 0.021875 0.0296875
0 0.453125 0.00625 0.015625 0.0125
0 0.54765625 0.4421875 0.046875 0.0609375
0 0.2 0.19765625 0.02265625 0.03125
0 0.890625 0.00703125 0.01953125 0.0140625
0 0.00625 0.0296875 0.0125 0.02578125
0 0.22578125 0.221875 0.025 0.03515625
0 0.084375 0.00625 0.01953125 0.01171875
0 0.071875 0.0609375 0.01953125 0.025