0 0.71171875 0.37890625 0.0359375 0.04921875
0 0.17734375 0.22421875 0.028125 0.03671875
0 0.44296875 0.0859375 0.01875 0.02578125
0 0.53359375 0.66953125 0.05 0.078125
0 0.23125 0.19453125 0.0265625 0.03515625
0 0.8765625 0.1734375 0.0203125 0.03125
0 0.5671875 0.1703125 0.02265625 0.0328125
0 0.4984375 0.1328125 0.021875 0.03125
0 0.06640625 0.29296875 0.03515625 0.04453125
0 0.978125 0.19375 0.02421875 0.0328125
0 0.53515625 0.06171875 0.015625 0.025
0 0.2921875 0.90078125 0.0671875 0.11171875
0 0.87578125 0.3265625 0.034375 0.04921875
0 0.8984375 0.18125 0.0234375 0.0328125
0 0.884375 0.0921875 0.0171875 0.02578125
0 0.2671875 0.11796875 0.0171875 0.025
0 0.171875 0.16640625 0.025 0.03671875
0 0.7796875 0.0703125 0.01484375 0.0234375
0 0.76484375 0.18125 0.021875 0.0328125
0 0.94375 0.16328125 0.0203125 0.02734375
0 0.66875 0.4546875 0.03828125 0.0609375
0 0.559375 0.0171875 0.0140625 0.02109375
0 0.6453125 0.01171875 0.0140625 0.0234375
0 0.609375 0.01796875 0.0140625 0.01796875
0 0.82734375 0.4125 0.03828125 0.05078125
0 0.4640625 0.12421875 0.0171875 0.025
0 0.0171875 0.28046875 0.03125 0.0375
0 0.5296875 0.02265625 0.0140625 0.01953125
0 0.5453125 0.03671875 0.015625 0.0234375
0 0.2953125 0.0953125 0.0171875 0.02890625
0 0.80625 0.08046875 0.01875 0.02578125
0 0.81953125 0.0640625 0.01484375 0.0234375
0 0.7609375 0.08046875 0.015625 0.0234375
0 0.065625 0.04140625 0.01484375 0.02109375
0 0.36171875 0.07578125 0.01640625 0.0234375
0 0.8078125 0.11640625 0.02265625 0.0328125
0 0.10859375 0.03125 0.0125 0.02109375
0 0.03203125 0.02890625 0.0140625 0.02109375
0 0.27734375 0.00625 0.0140625 0.0125
0 0.4171875 0.04296875 0.0140625 0.01796875
0 0.940625 0.02578125 0.0125 0.02109375
0 0.4171875 0.06796875 0.015625 0.0234375
0 0.2078125 0.0078125 0.0140625 0.015625
0 0.7296875 0.00625 0.01484375 0.01171875
0 0.953125 0.09765625 0.0171875 0.0234375
0 0.7625 0.1078125 0.01953125 0.0296875
0 0.83359375 0.0921875 0.01640625 0.0234375
0 0.00859375 0.1140625 0.0171875 0.02734375
0 0.13984375 0.00625 0.0140625 0.0125
0 0.07734375 0.00625 0.0140625 0.0125
0 0.3015625 0.00703125 0.0140625 0.0140625
0 0.8953125 0.00625 0.0140625 0.01171875
0 0.9640625 0.0171875 0.0140625 0.01953125
0 0.62578125 0.0140625 0.01484375 0.025
0 0.540625 0.00625 0.0125 0.01171875
0 0.8375 0.009375 0.015625 0.01875
0 0.240625 0.00625 0.01484375 0.01171875
0 0.884375 0.01875 0.01484375 0.01953125
0 0.97265625 0.10703125 0.015625 0.0234375
0 0.99453125 0.0171875 0.00859375 0.0234375
0 0.85 0.0296875 0.01484375 0.01953125
0 0.9796875 0.1625 0.015625 0.02109375
0 0.75703125 0.00625 0.01484375 0.01171875
0 0.43046875 0.00703125 0.0140625 0.0140625
0 0.0921875 0.0265625 0.0140625 0.01953125
0 0.05859375 0.0171875 0.0140625 0.01796875
0 0.434375 0.2609375 0.0125 0.021875
0 0.2875 0.0203125 0.01484375 0.01953125
0 0.915625 0.00546875 0.0125 0.01015625
0 0.93046875 0.00625 0.01484375 0.01171875
0 0.70546875 0.0140625 0.01484375 0.0234375
0 0.3328125 0.00625 0.0125 0.0125
0 0.3828125 0.00703125 0.0140625 0.0140625
0 0.3703125 0.0171875 0.0125 0.01796875
0 0.68828125 0.03671875 0.0140625 0.02109375
0 0.340625 0.04140625 0.0140625 0.01796875
0 0.121875 0.00625 0.0125 0.01171875
0 0.99296875 0.06171875 0.01171875 0.01953125
0 0.7453125 0.18125 0.01640625 0.03125
0 0.46953125 0.021875 0.0125 0.01796875
0 0.18671875 0.0125 0.0125 0.01953125