0 0.6390625 0.428125 0.02734375 0.0390625
0 0.50625 0.634375 0.0375 0.053125
0 0.3546875 0.22265625 0.015625 0.0234375
0 0.446875 0.5 0.028125 0.04453125
0 0.0359375 0.6109375 0.034375 0.04296875
0 0.92421875 0.3921875 0.0265625 0.0375
0 0.2953125 0.26796875 0.015625 0.0234375
0 0.484375 0.4046875 0.025 0.03515625
0 0.58125 0.1453125 0.0140625 0.021875
0 0.478125 0.5546875 0.034375 0.04921875
0 0.76484375 0.3046875 0.0265625 0.03671875
0 0.6859375 0.6109375 0.0375 0.05625
0 0.32734375 0.21171875 0.01640625 0.025
0 0.0953125 0.65546875 0.0421875 0.05078125
0 0.0671875 0.26015625 0.02265625 0.03125
0 0.646875 0.1640625 0.01875 0.02578125
0 0.621875 0.23671875 0.0171875 0.02578125
0 0.565625 0.11875 0.01484375 0.01796875
0 0.6515625 0.58515625 0.028125 0.0453125
0 0.98984375 0.11171875 0.01875 0.02578125
0 0.396875 0.2921875 0.01953125 0.02734375
0 0.696875 0.21328125 0.0171875 0.0234375
0 0.5421875 0.25546875 0.0171875 0.03125
0 0.1796875 0.3734375 0.025 0.03515625
0 0.38359375 0.2546875 0.01953125 0.025
0 0.08203125 0.5859375 0.0390625 0.046875
0 0.51484375 0.29296875 0.02265625 0.03671875
0 0.20703125 0.1859375 0.015625 0.021875
0 0.653125 0.35546875 0.0265625 0.03671875
0 0.52421875 0.24453125 0.01640625 0.02578125
0 0.4671875 0.23125 0.01953125 0.0296875
0 0.10546875 0.20625 0.01953125 0.025
0 0.69453125 0.1421875 0.0171875 0.02578125
0 0.89921875 0.12421875 0.01875 0.025
0 0.009375 0.2484375 0.01875 0.02734375
0 0.31796875 0.1546875 0.0125 0.021875
0 0.6109375 0.1421875 0.0140625 0.025
0 0.84296875 0.05390625 0.0125 0.01953125
0 0.04609375 0.9125 0.0625 0.07578125
0 0.171875 0.17890625 0.015625 0.021875
0 0.68828125 0.26796875 0.02265625 0.03125
0 0.38984375 0.2265625 0.0171875 0.02578125
0 0.0515625 0.19375 0.01953125 0.025
0 0.015625 0.09375 0.0140625 0.01796875
0 0.475 0.36796875 0.0203125 0.0296875
0 0.41875 0.1421875 0.0140625 0.01953125
0 0.13984375 0.04921875 0.0125 0.01796875
0 0.85625 0.10703125 0.01640625 0.02109375
0 0.09453125 0.7171875 0.0453125 0.0484375
0 0.6765625 0.22421875 0.0171875 0.02578125
0 0.00625 0.08046875 0.01171875 0.01796875
0 0.4953125 0.959375 0.0484375 0.078125
0 0.41484375 0.16953125 0.0140625 0.0234375
0 0.65078125 0.31796875 0.02265625 0.02578125
0 0.25625 0.0734375 0.01171875 0.0171875
0 0.165625 0.0375 0.0125 0.01796875
0 0.05390625 0.0890625 0.0140625 0.01953125
0 0.07109375 0.0953125 0.0140625 0.02109375
0 0.0453125 0.05546875 0.0140625 0.0171875
0 0.20625 0.03046875 0.01171875 0.0140625
0 0.95234375 0.134375 0.0171875 0.025
0 0.17734375 0.0359375 0.0109375 0.0171875
0 0.64140625 0.24453125 0.015625 0.02578125
0 0.44140625 0.15546875 0.0140625 0.01953125
0 0.23125 0.06875 0.0125 0.0171875
0 0.0375 0.3421875 0.02265625 0.0328125
0 0.1546875 0.06640625 0.0140625 0.0234375
0 0.0296875 0.05546875 0.01171875 0.0171875
0 0.0140625 0.3421875 0.021875 0.02578125
0 0.2828125 0.06875 0.0140625 0.01796875
0 0.2390625 0.03515625 0.01171875 0.015625
0 0.24296875 0.075 0.0140625 0.0171875
0 0.2203125 0.23203125 0.01484375 0.02109375
0 0.65703125 0.271875 0.0171875 0.0234375
0 0.028125 0.128125 0.0140625 0.0171875
0 0.1390625 0.1734375 0.015625 0.01796875
0 0.2421875 0.05546875 0.01171875 0.0140625
0 0.29375 0.0875 0.0140625 0.01796875