0 0.77265625 0.2796875 0.02265625 0.03359375
0 0.665625 0.0921875 0.015625 0.0234375
0 0.76796875 0.05390625 0.0125 0.01953125
0 0.59453125 0.09296875 0.0140625 0.01953125
0 0.63359375 0.08125 0.0140625 0.01953125
0 0.60859375 0.28046875 0.02421875 0.0328125
0 0.240625 0.14921875 0.01953125 0.0296875
0 0.31640625 0.18125 0.0171875 0.02578125
0 0.04375 0.21328125 0.0203125 0.03125
0 0.49765625 0.3109375 0.028125 0.0390625
0 0.72421875 0.25625 0.02421875 0.0375
0 0.4546875 0.01328125 0.01171875 0.01796875
0 0.0703125 0.08125 0.015625 0.025
0 0.70390625 0.09296875 0.01484375 0.025
0 0.26640625 0.171875 0.0171875 0.02890625
0 0.2625 0.29375 0.02265625 0.0328125
0 0.38671875 0.11640625 0.0171875 0.02734375
0 0.509375 0.1234375 0.01484375 0.0234375
0 0.07734375 0.15703125 0.0203125 0.0296875
0 0.10625 0.0515625 0.015625 0.021875
0 0.23671875 0.3015625 0.02265625 0.03515625
0 0.471875 0.11171875 0.01484375 0.0234375
0 0.815625 0.0765625 0.0125 0.021875
0 0.1453125 0.19921875 0.021875 0.03125
0 0.184375 0.2109375 0.01875 0.02890625
0 0.01484375 0.30625 0.0296875 0.04296875
0 0.6265625 0.13203125 0.01484375 0.025
0 0.4328125 0.01875 0.0109375 0.0171875
0 0.1140625 0.17421875 0.01953125 0.03125
0 0.7453125 0.0609375 0.01484375 0.02109375
0 0.3734375 0.13828125 0.01640625 0.0234375
0 0.29609375 0.4125 0.02265625 0.03671875
0 0.57578125 0.09296875 0.01484375 0.01953125
0 0.7390625 0.1015625 0.015625 0.0234375
0 0.27109375 0.0484375 0.0125 0.01796875
0 0.7765625 0.0296875 0.0125 0.01796875
0 0.415625 0.01875 0.0109375 0.0140625
0 0.690625 0.915625 0.05390625 0.0796875
0 0.5125 0.0375 0.01171875 0.01796875
0 0.009375 0.1875 0.01875 0.03125
0 0.2796875 0.00625 0.0109375 0.01171875
0 0.53046875 0.00625 0.0140625 0.0125
0 0.35625 0.00625 0.01171875 0.01171875
0 0.7453125 0.0375 0.0125 0.01953125
0 0.84453125 0.00625 0.01171875 0.01171875
0 0.46640625 0.04296875 0.0109375 0.01796875
0 0.0578125 0.43125 0.0203125 0.02578125
0 0.32109375 0.1140625 0.01484375 0.021875