0 0.6921875 0.334375 0.028125 0.04453125
0 0.71640625 0.24765625 0.0265625 0.04140625
0 0.96953125 0.28671875 0.0328125 0.04921875
0 0.48359375 0.0890625 0.01640625 0.025
0 0.653125 0.1578125 0.0171875 0.02890625
0 0.753125 0.36875 0.03125 0.04921875
0 0.97578125 0.421875 0.0375 0.06015625
0 0.79375 0.15 0.01875 0.03125
0 0.95859375 0.01953125 0.01875 0.0234375
0 0.7515625 0.17421875 0.02265625 0.03671875
0 0.26484375 0.2875 0.0265625 0.0390625
0 0.878125 0.04296875 0.01640625 0.0234375
0 0.365625 0.178125 0.01953125 0.02890625
0 0.8875 0.24375 0.028125 0.0390625
0 0.88984375 0.29375 0.0296875 0.04296875
0 0.78515625 0.5375 0.040625 0.0640625
0 0.325 0.31328125 0.02734375 0.04296875
0 0.36796875 0.21171875 0.0203125 0.0296875
0 0.80234375 0.03203125 0.01640625 0.025
0 0.8421875 0.0953125 0.0171875 0.02890625
0 0.4125 0.28828125 0.03046875 0.0453125
0 0.915625 0.0125 0.01875 0.025
0 0.515625 0.134375 0.0171875 0.0296875
0 0.6046875 0.11953125 0.015625 0.02578125
0 0.13828125 0.321875 0.0265625 0.040625
0 0.040625 0.30703125 0.028125 0.04140625
0 0.73125 0.11875 0.01953125 0.02578125
0 0.59140625 0.20078125 0.0203125 0.03359375
0 0.1765625 0.2765625 0.0234375 0.0375
0 0.821875 0.2171875 0.025 0.0390625
0 0.76875 0.29296875 0.03046875 0.04453125
0 0.64921875 0.78125 0.04609375 0.07578125
0 0.60625 0.259375 0.0265625 0.04296875
0 0.45 0.26328125 0.0265625 0.0390625
0 0.8015625 0.4359375 0.03515625 0.0546875
0 0.73125 0.196875 0.0234375 0.0375
0 0.1625 0.35 0.0265625 0.04296875
0 0.784375 0.8375 0.059375 0.08828125
0 0.559375 0.4296875 0.0328125 0.05234375
0 0.64765625 0.20390625 0.02265625 0.0375
0 0.85625 0.13046875 0.02265625 0.03125
0 0.21171875 0.28046875 0.028125 0.04296875
0 0.6984375 0.5125 0.0421875 0.06875
0 0.96953125 0.11171875 0.02265625 0.03671875
0 0.36953125 0.11796875 0.01640625 0.025
0 0.1515625 0.2515625 0.02265625 0.03359375
0 0.54140625 0.29765625 0.028125 0.0453125
0 0.696875 0.17421875 0.0203125 0.03671875
0 0.603125 0.31640625 0.0296875 0.04453125
0 0.946875 0.0484375 0.01953125 0.0296875
0 0.903125 0.10390625 0.01875 0.03125
0 0.94296875 0.0984375 0.0203125 0.0328125
0 0.296875 0.26640625 0.021875 0.0375
0 0.24296875 0.3734375 0.028125 0.04921875
0 0.7703125 0.040625 0.01484375 0.021875
0 0.5109375 0.54296875 0.046875 0.06796875
0 0.565625 0.065625 0.01484375 0.021875
0 0.7734375 0.2171875 0.025 0.040625
0 0.5515625 0.1984375 0.021875 0.0328125
0 0.09453125 0.86015625 0.0703125 0.10546875
0 0.64765625 0.0546875 0.01484375 0.0234375
0 0.85625 0.046875 0.01875 0.0234375
0 0.26484375 0.2171875 0.0234375 0.03671875
0 0.68203125 0.42421875 0.034375 0.05703125
0 0.821875 0.0796875 0.01875 0.02578125
0 0.04921875 0.26875 0.028125 0.0375
0 0.65625 0.271875 0.0234375 0.04140625
0 0.815625 0.16875 0.02265625 0.0328125
0 0.9875 0.21171875 0.0234375 0.0484375
0 0.53671875 0.0984375 0.01484375 0.025
0 0.4875 0.159375 0.0171875 0.0296875
0 0.4265625 0.09375 0.015625 0.0234375
0 0.38984375 0.1234375 0.0171875 0.02578125
0 0.2234375 0.2375 0.0234375 0.0328125
0 0.34453125 0.41015625 0.03125 0.0546875
0 0.51953125 0.24375 0.021875 0.03125
0 0.48125 0.04765625 0.01484375 0.021875
0 0.546875 0.1375 0.01953125 0.025
0 0.54375 0.24140625 0.021875 0.0328125
0 0.690625 0.075 0.01640625 0.025
0 0.5046875 0.21640625 0.02265625 0.03359375
0 0.36015625 0.24453125 0.021875 0.03671875
0 0.04375 0.44375 0.034375 0.05078125
0 0.73671875 0.27265625 0.0265625 0.04296875
0 0.0671875 0.3234375 0.0296875 0.04296875
0 0.72265625 0.04453125 0.015625 0.02578125
0 0.0421875 0.3546875 0.0359375 0.04296875
0 0.7734375 0.0859375 0.0171875 0.02578125
0 0.46953125 0.1875 0.01953125 0.03125
0 0.63828125 0.09296875 0.01484375 0.025
0 0.1546875 0.05 0.01640625 0.02734375
0 0.1234375 0.40703125 0.03515625 0.053125
0 0.31953125 0.13671875 0.0171875 0.02578125
0 0.534375 0.3734375 0.034375 0.0484375
0 0.665625 0.1046875 0.0171875 0.0296875
0 0.315625 0.2359375 0.0203125 0.03359375
0 0.5125 0.31953125 0.03125 0.040625
0 0.38046875 0.521875 0.0421875 0.05703125
0 0.603125 0.03125 0.0125 0.0234375
0 0.1109375 0.3046875 0.0296875 0.046875
0 0.1625 0.2125 0.02421875 0.03671875
0 0.5546875 0.1640625 0.021875 0.03125
0 0.45546875 0.13671875 0.01875 0.03125
0 0.6140625 0.06796875 0.01484375 0.0234375
0 0.61015625 0.09765625 0.015625 0.0234375
0 0.0515625 0.39453125 0.03515625 0.0390625
0 0.884375 0.0765625 0.01875 0.025
0 0.26484375 0.5296875 0.03515625 0.053125
0 0.00625 0.33203125 0.01171875 0.0390625
0 0.1984375 0.178125 0.0203125 0.03125
0 0.34765625 0.57578125 0.0453125 0.06015625
0 0.3984375 0.0703125 0.015625 0.0234375
0 0.6828125 0.0359375 0.015625 0.021875
0 0.69765625 0.021875 0.01484375 0.02109375
0 0.4484375 0.09375 0.015625 0.02578125
0 0.81015625 0.1140625 0.0203125 0.0296875
0 0.3953125 0.16640625 0.01953125 0.03125
0 0.9078125 0.04375 0.01640625 0.025
0 0.2046875 0.14296875 0.0171875 0.02578125
0 0.1984375 0.0796875 0.01484375 0.0234375
0 0.5109375 0.11015625 0.015625 0.021875
0 0.62578125 0.0125 0.015625 0.025
0 0.75390625 0.0171875 0.015625 0.0234375
0 0.52578125 0.065625 0.01484375 0.021875
0 0.58359375 0.05703125 0.01484375 0.0234375
0 0.3734375 0.01953125 0.01484375 0.0234375
0 0.01015625 0.45 0.0203125 0.04296875
0 0.03046875 0.525 0.04375 0.0625
0 0.50234375 0.084375 0.0125 0.02109375
0 0.46015625 0.05078125 0.01640625 0.02109375
0 0.33828125 0.18125 0.0203125 0.03125
0 0.31796875 0.08125 0.01875 0.025
0 0.16015625 0.1390625 0.01953125 0.02734375
0 0.115625 0.2 0.025 0.0375
0 0.2421875 0.01171875 0.015625 0.0234375
0 0.37265625 0.0609375 0.01484375 0.021875
0 0.21953125 0.11640625 0.0171875 0.021875
0 0.784375 0.0140625 0.01484375 0.0234375
0 0.33828125 0.12890625 0.01640625 0.02578125
0 0.27890625 0.0328125 0.01484375 0.0234375
0 0.73515625 0.01796875 0.015625 0.0234375
0 0.1546875 0.16875 0.02265625 0.0296875
0 0.3890625 0.09375 0.015625 0.02578125
0 0.76484375 0.11875 0.01875 0.0296875
0 0.43828125 0.19296875 0.01875 0.03125
0 0.86640625 0.00625 0.0171875 0.0125
0 0.1859375 0.14140625 0.01953125 0.0296875
0 0.2859375 0.209375 0.021875 0.03125
0 0.571875 0.11640625 0.01875 0.02734375
0 0.3109375 0.1625 0.01640625 0.025
0 0.77109375 0.15 0.01640625 0.0296875
0 0.1609375 0.103125 0.0171875 0.02734375
0 0.43984375 0.30546875 0.03046875 0.04296875
0 0.22421875 0.1875 0.0203125 0.03125
0 0.6203125 0.0328125 0.0140625 0.02109375
0 0.3078125 0.2046875 0.01953125 0.025
0 0.2171875 0.0171875 0.0140625 0.01953125
0 0.3390625 0.01875 0.0140625 0.01953125
0 0.553125 0.0171875 0.0125 0.02109375
0 0.515625 0.01953125 0.0140625 0.02109375
0 0.7359375 0.15 0.0171875 0.0296875
0 0.67578125 0.159375 0.021875 0.03515625
0 0.6796875 0.00625 0.0140625 0.01171875
0 0.196875 0.23671875 0.02265625 0.03125
0 0.415625 0.06328125 0.0140625 0.021875
0 0.5859375 0.1546875 0.01953125 0.03125
0 0.4703125 0.01640625 0.01484375 0.021875
0 0.45546875 0.0734375 0.01640625 0.01953125
0 0.2015625 0.11328125 0.0171875 0.0234375
0 0.65546875 0.0140625 0.01484375 0.025
0 0.41875 0.17265625 0.01640625 0.025
0 0.23671875 0.06875 0.01640625 0.0234375
0 0.4125 0.24921875 0.0265625 0.0328125
0 0.15859375 0.07890625 0.01875 0.021875
0 0.71953125 0.00625 0.01484375 0.01171875
0 0.32734375 0.04765625 0.01484375 0.021875
0 0.28671875 0.06015625 0.01484375 0.0234375
0 0.25859375 0.05546875 0.01484375 0.025
0 0.496875 0.471875 0.0390625 0.053125
0 0.30546875 0.11796875 0.01640625 0.01953125
0 0.53046875 0.00859375 0.0125 0.0171875
0 0.4234375 0.0359375 0.0140625 0.01953125
0 0.10859375 0.13125 0.0203125 0.025
0 0.153125 0.01796875 0.0125 0.02578125
0 0.56953125 0.01171875 0.0140625 0.01796875
0 0.284375 0.01015625 0.015625 0.0203125
0 0.2421875 0.09296875 0.0171875 0.025
0 0.17265625 0.05625 0.01484375 0.021875
0 0.6 0.05703125 0.01484375 0.02578125
0 0.9921875 0.0125 0.0140625 0.025
0 0.665625 0.06953125 0.015625 0.025
0 0.259375 0.11640625 0.01875 0.025
0 0.29609375 0.1484375 0.0171875 0.02890625
0 0.27734375 0.1125 0.0171875 0.025
0 0.84765625 0.1984375 0.01953125 0.0328125
0 0.08125 0.45703125 0.04296875 0.0625
0 0.978125 0.0671875 0.01953125 0.0296875
0 0.43046875 0.146875 0.01875 0.02578125
0 0.17421875 0.24375 0.02421875 0.03125
0 0.39453125 0.03203125 0.0140625 0.021875
0 0.49296875 0.25546875 0.025 0.03671875
0 0.21640625 0.0390625 0.01640625 0.0234375
0 0.99296875 0.10078125 0.01171875 0.0296875
0 0.31796875 0.0296875 0.01484375 0.0234375
0 0.09765625 0.16015625 0.0234375 0.03359375
0 0.30703125 0.00625 0.0140625 0.0125
0 0.2015625 0.0265625 0.015625 0.01953125
0 0.76875 0.01015625 0.015625 0.0203125
0 0.190625 0.00625 0.01484375 0.01171875
0 0.56328125 0.26015625 0.0234375 0.0390625
0 0.98984375 0.0390625 0.01875 0.02890625
0 0.35625 0.053125 0.0140625 0.0234375
0 0.45625 0.025 0.0140625 0.021875
0 0.7078125 0.08515625 0.01484375 0.02734375
0 0.63125 0.05625 0.01484375 0.021875
0 0.28203125 0.175 0.01953125 0.0296875
0 0.26640625 0.14375 0.0171875 0.0296875
0 0.47578125 0.11875 0.01484375 0.025
0 0.2796875 0.08125 0.01640625 0.025
0 0.4921875 0.00859375 0.0140625 0.0171875
0 0.32734375 0.1078125 0.0171875 0.021875
0 0.30234375 0.096875 0.01640625 0.021875
0 0.25390625 0.03046875 0.0140625 0.01953125
0 0.40546875 0.0953125 0.01875 0.0234375
0 0.30625 0.05546875 0.01484375 0.025
0 0.8046875 0.00625 0.015625 0.0125
0 0.73359375 0.0859375 0.01875 0.02890625
0 0.69375 0.00625 0.01484375 0.01171875
0 0.13125 0.05078125 0.01640625 0.0234375