0 0.9078125 0.89609375 0.0390625 0.06875
0 0.29453125 0.91015625 0.0359375 0.06171875
0 0.509375 0.95703125 0.0359375 0.06484375
0 0.7796875 0.765625 0.02734375 0.0515625
0 0.1546875 0.8296875 0.0328125 0.05546875
0 0.54609375 0.7609375 0.02265625 0.03828125
0 0.91875 0.8234375 0.0296875 0.046875
0 0.0796875 0.8859375 0.034375 0.06015625
0 0.6546875 0.753125 0.02265625 0.03203125
0 0.1015625 0.746875 0.0171875 0.03359375
0 0.37265625 0.76953125 0.02265625 0.03828125
0 0.8765625 0.83046875 0.028125 0.0484375
0 0.12578125 0.8078125 0.0265625 0.053125
0 0.7484375 0.72578125 0.01875 0.03359375
0 0.94140625 0.66796875 0.0140625 0.0203125
0 0.65703125 0.8828125 0.03515625 0.05859375
0 0.790625 0.66875 0.0140625 0.01875
0 0.43046875 0.84765625 0.025 0.053125
0 0.39921875 0.853125 0.03203125 0.05546875
0 0.1296875 0.73671875 0.0171875 0.03046875
0 0.93203125 0.7671875 0.028125 0.0453125
0 0.259375 0.81796875 0.02421875 0.04140625
0 0.2546875 0.7171875 0.01640625 0.03046875
0 0.3296875 0.821875 0.025 0.04296875
0 0.459375 0.73671875 0.0203125 0.03984375
0 0.2171875 0.765625 0.021875 0.03359375
0 0.309375 0.69609375 0.0125 0.0234375
0 0.72265625 0.74921875 0.01953125 0.03828125
0 0.5984375 0.76328125 0.02265625 0.03515625
0 0.64296875 0.71015625 0.01875 0.028125
0 0.2984375 0.74375 0.021875 0.03671875
0 0.80546875 0.9015625 0.0453125 0.06171875
0 0.78203125 0.7046875 0.01953125 0.0296875
0 0.9328125 0.6921875 0.01484375 0.025
0 0.1875 0.7375 0.0171875 0.03359375
0 0.8625 0.71171875 0.01953125 0.03359375
0 0.52421875 0.8203125 0.0265625 0.0453125
0 0.340625 0.72578125 0.01875 0.0265625
0 0.47578125 0.703125 0.0171875 0.03203125
0 0.9578125 0.71015625 0.0234375 0.03984375
0 0.3421875 0.69609375 0.01171875 0.0203125
0 0.0421875 0.72109375 0.0203125 0.03515625
0 0.009375 0.77109375 0.01875 0.0453125
0 0.859375 0.68046875 0.0140625 0.01875
0 0.8078125 0.68203125 0.0140625 0.021875
0 0.3703125 0.71328125 0.02265625 0.03515625
0 0.4046875 0.71484375 0.01640625 0.0265625
0 0.2890625 0.7046875 0.015625 0.0234375
0 0.45234375 0.69609375 0.01484375 0.0234375
0 0.36796875 0.97265625 0.05390625 0.0515625
0 0.67109375 0.80390625 0.03046875 0.0453125
0 0.56328125 0.71875 0.0171875 0.028125
0 0.18984375 0.69453125 0.0125 0.0203125
0 0.9171875 0.71875 0.0203125 0.03046875
0 0.8421875 0.69609375 0.015625 0.0234375
0 0.6953125 0.75703125 0.0234375 0.03984375
0 0.6921875 0.71171875 0.01484375 0.028125
0 0.17109375 0.71015625 0.0125 0.01875
0 0.1890625 0.83359375 0.028125 0.0453125
0 0.09296875 0.6921875 0.0125 0.01875
0 0.97578125 0.65078125 0.0140625 0.0203125
0 0.3421875 0.77109375 0.02265625 0.03203125
0 0.82734375 0.66875 0.0125 0.01875
0 0.14609375 0.66640625 0.0109375 0.01484375
0 0.134375 0.66328125 0.0109375 0.01640625
0 0.0953125 0.71484375 0.01484375 0.0234375
0 0.0546875 0.6796875 0.01171875 0.01796875
0 0.425 0.7171875 0.01953125 0.03359375
0 0.80390625 0.64921875 0.009375 0.01796875
0 0.7484375 0.6765625 0.01484375 0.0234375
0 0.96953125 0.6296875 0.00859375 0.01484375
0 0.81875 0.6421875 0.00859375 0.01328125
0 0.0046875 0.73125 0.009375 0.0265625
0 0.1203125 0.6578125 0.009375 0.01484375
0 0.13984375 0.690625 0.0125 0.01875
0 0.540625 0.71484375 0.01875 0.0234375
0 0.19375 0.6703125 0.00859375 0.01328125
0 0.85625 0.6578125 0.0109375 0.01796875
0 0.8328125 0.6421875 0.009375 0.01328125
0 0.84296875 0.671875 0.0125 0.01640625
0 0.76953125 0.65390625 0.009375 0.01640625
0 0.27109375 0.67890625 0.0109375 0.01640625
0 0.89765625 0.69453125 0.01640625 0.0234375
0 0.73125 0.65234375 0.00859375 0.01328125
0 0.2578125 0.6875 0.0140625 0.01796875
0 0.92734375 0.65546875 0.0125 0.01875
0 0.89296875 0.6421875 0.00859375 0.01328125
0 0.98515625 0.6796875 0.01484375 0.0265625
0 0.7171875 0.68046875 0.0140625 0.021875
0 0.09140625 0.6703125 0.0109375 0.01328125
0 0.61640625 0.72109375 0.021875 0.0296875
0 0.36953125 0.66796875 0.00859375 0.01484375
0 0.88984375 0.6703125 0.01484375 0.021875
0 0.8421875 0.6390625 0.00859375 0.01484375
0 0.94375 0.6390625 0.0109375 0.01484375
0 0.0671875 0.715625 0.01640625 0.028125
0 0.98125 0.6296875 0.0078125 0.01484375
0 0.91875 0.67890625 0.01484375 0.025
0 0.2046875 0.66796875 0.0078125 0.01171875
0 0.15703125 0.7015625 0.01171875 0.0203125
0 0.63125 0.65625 0.00859375 0.01484375
0 0.00859375 0.6890625 0.0140625 0.0203125
0 0.60625 0.690625 0.01484375 0.021875
0 0.6671875 0.69609375 0.0140625 0.0203125
0 0.21796875 0.66640625 0.00703125 0.01484375
0 0.69140625 0.66640625 0.009375 0.01484375
0 0.79140625 0.6421875 0.0109375 0.01328125
0 0.3296875 0.65625 0.0078125 0.01171875
0 0.66875 0.64140625 0.00703125 0.01171875
0 0.878125 0.74921875 0.02265625 0.03515625
0 0.23125 0.66796875 0.0078125 0.01171875
0 0.85625 0.615625 0.00703125 0.01015625
0 0.71875 0.64140625 0.0078125 0.01171875
0 0.234375 0.7015625 0.0140625 0.01875
0 0.040625 0.678125 0.0109375 0.01484375
0 0.88125 0.64375 0.00859375 0.01328125
0 0.70546875 0.64140625 0.00703125 0.01171875
0 0.9046875 0.6421875 0.00859375 0.01328125
0 0.58125 0.72421875 0.0171875 0.0296875
0 0.3265625 0.6890625 0.0140625 0.01875
0 0.7171875 0.65625 0.00859375 0.01484375
0 0.2921875 0.80546875 0.021875 0.03984375
0 0.3703125 0.87734375 0.02734375 0.0484375
0 0.25546875 0.65390625 0.00703125 0.01328125
0 0.1078125 0.6578125 0.009375 0.01484375
0 0.753125 0.6421875 0.00859375 0.01328125
0 0.58125 0.64140625 0.00703125 0.01171875
0 0.24296875 0.66640625 0.00859375 0.01484375
0 0.97109375 0.66953125 0.0125 0.0203125
0 0.43203125 0.65390625 0.00859375 0.01328125
0 0.853125 0.63359375 0.0078125 0.01328125
0 0.26875 0.65625 0.00703125 0.01171875
0 0.87734375 0.6578125 0.0125 0.01484375
0 0.86875 0.6296875 0.00703125 0.01171875
0 0.18046875 0.66796875 0.00859375 0.01484375
0 0.0703125 0.690625 0.0140625 0.01328125
0 0.16875 0.66796875 0.00703125 0.01484375
0 0.87890625 0.6296875 0.0078125 0.01171875
0 0.93125 0.61796875 0.0078125 0.01171875
0 0.6546875 0.66484375 0.009375 0.01328125
0 0.59453125 0.64140625 0.0078125 0.01171875
0 0.30546875 0.85703125 0.03046875 0.03984375
0 0.9921875 0.6296875 0.009375 0.01484375
0 0.90625 0.6171875 0.0078125 0.01015625
0 0.61796875 0.66640625 0.0109375 0.01796875
0 0.88125 0.615625 0.00703125 0.01015625
0 0.0203125 0.66640625 0.01171875 0.01484375
0 0.3078125 0.65625 0.0078125 0.01171875
0 0.89296875 0.6171875 0.00703125 0.01015625
0 0.53125 0.64375 0.0078125 0.01015625
0 0.203125 0.703125 0.0171875 0.0234375
0 0.86875 0.615625 0.0078125 0.01015625
0 0.15546875 0.65390625 0.00703125 0.01328125
0 0.6546875 0.64140625 0.0078125 0.01171875
0 0.7046875 0.66640625 0.0109375 0.01484375
0 0.99375 0.65390625 0.009375 0.01640625
0 0.08046875 0.6296875 0.00703125 0.01171875
0 0.35625 0.64140625 0.00703125 0.00859375
0 0.90703125 0.65546875 0.0109375 0.01640625
0 0.05703125 0.65625 0.00859375 0.01171875
0 0.95546875 0.6296875 0.00859375 0.01171875
0 0.6828125 0.68203125 0.01171875 0.01875
0 0.28046875 0.65390625 0.00703125 0.01015625
0 0.74375 0.6421875 0.00703125 0.01328125
0 0.25703125 0.66640625 0.0078125 0.01484375
0 0.04375 0.65234375 0.0078125 0.01328125
0 0.56875 0.64375 0.00703125 0.01015625
0 0.84296875 0.6171875 0.00703125 0.01015625
0 0.91640625 0.64140625 0.0109375 0.01171875
0 0.3578125 0.6703125 0.0109375 0.01328125
0 0.80625 0.6171875 0.0078125 0.01015625
0 0.60625 0.64375 0.0078125 0.01328125
0 0.91875 0.615625 0.00703125 0.01015625
0 0.19453125 0.65625 0.0078125 0.01171875
0 0.4828125 0.66484375 0.009375 0.01328125
0 0.31640625 0.65625 0.0078125 0.01171875
0 0.35625 0.65390625 0.0078125 0.01328125
0 0.81171875 0.72421875 0.01875 0.0265625
0 0.16875 0.65390625 0.0078125 0.01328125
0 0.29375 0.66640625 0.00859375 0.01484375
0 0.03828125 0.66484375 0.009375 0.01328125
0 0.728125 0.66796875 0.0109375 0.01484375
0 0.34296875 0.64375 0.0078125 0.01015625
0 0.55625 0.64375 0.0078125 0.01015625
0 0.92890625 0.63125 0.00859375 0.01171875
0 0.0734375 0.671875 0.0109375 0.01640625
0 0.73125 0.6296875 0.00703125 0.01171875
0 0.18046875 0.64140625 0.00625 0.00859375
0 0.94375 0.61796875 0.00703125 0.01171875
0 0.5171875 0.64140625 0.00625 0.00859375
0 0.8296875 0.6171875 0.00625 0.01015625
0 0.18046875 0.65390625 0.00703125 0.01328125
0 0.41875 0.64375 0.00703125 0.01015625
0 0.76796875 0.6296875 0.00703125 0.01171875
0 0.8734375 0.6765625 0.0140625 0.0203125
0 0.23046875 0.65625 0.0078125 0.01171875
0 0.71796875 0.6296875 0.00703125 0.00859375
0 0.64296875 0.64375 0.00703125 0.01015625
0 0.66875 0.66796875 0.009375 0.01484375
0 0.61875 0.6421875 0.0078125 0.01015625
0 0.54375 0.64375 0.00703125 0.01015625
0 0.05546875 0.628125 0.00703125 0.01015625
0 0.78046875 0.61796875 0.00703125 0.00859375
0 0.44375 0.64140625 0.00625 0.00859375
0 0.78125 0.6296875 0.0078125 0.01171875
0 0.96796875 0.6171875 0.00703125 0.01015625
0 0.38203125 0.65546875 0.0078125 0.01015625
0 0.39296875 0.65390625 0.00703125 0.01328125
0 0.81875 0.7734375 0.02265625 0.03984375
0 0.78046875 0.64375 0.00703125 0.01328125
0 0.7046875 0.63203125 0.00625 0.01015625
0 0.06875 0.65625 0.00703125 0.01171875
0 0.3421875 0.65390625 0.0078125 0.01015625
0 0.8234375 0.690625 0.015625 0.021875
0 0.17109375 0.690625 0.0125 0.01640625
0 0.50625 0.64140625 0.00703125 0.00859375
0 0.6515625 0.6796875 0.01171875 0.01796875
0 0.73125 0.690625 0.015625 0.025
0 0.81875 0.61796875 0.00625 0.00859375
0 0.4921875 0.6421875 0.00625 0.01015625
0 0.28203125 0.66796875 0.00859375 0.01171875
0 0.79375 0.6171875 0.00703125 0.01015625
0 0.68046875 0.64140625 0.00703125 0.01171875
0 0.11171875 0.684375 0.0109375 0.01796875
0 0.28125 0.64140625 0.0078125 0.00859375
0 0.16328125 0.63671875 0.00625 0.01015625
0 0.20546875 0.64140625 0.00703125 0.00859375
0 0.06953125 0.6296875 0.00625 0.00859375
0 0.20546875 0.65390625 0.00703125 0.01015625
0 0.84296875 0.60390625 0.00703125 0.00859375
0 0.4171875 0.6296875 0.0078125 0.01171875
0 0.4546875 0.640625 0.00625 0.00859375
0 0.80546875 0.6296875 0.00703125 0.01171875
0 0.69375 0.64375 0.00625 0.01015625
0 0.19453125 0.64140625 0.00625 0.00859375
0 0.24296875 0.64375 0.00703125 0.01015625
0 0.88125 0.6046875 0.00625 0.00859375
0 0.79375 0.6296875 0.00703125 0.01171875
0 0.3046875 0.64375 0.00625 0.01015625
0 0.98125 0.61796875 0.0078125 0.00859375
0 0.26796875 0.64140625 0.00703125 0.00859375
0 0.4671875 0.6578125 0.0078125 0.01171875
0 0.63125 0.6421875 0.00703125 0.01015625
0 0.75703125 0.61796875 0.00625 0.00859375
0 0.68046875 0.6296875 0.00703125 0.00859375
0 0.628125 0.68359375 0.0125 0.01875
0 0.46796875 0.64140625 0.00703125 0.00859375
0 0.76796875 0.61796875 0.00703125 0.00859375
0 0.4046875 0.65234375 0.0078125 0.01328125
0 0.36796875 0.6296875 0.00625 0.00625
0 0.1375 0.63515625 0.00703125 0.01015625
0 0.02890625 0.6453125 0.00859375 0.01328125
0 0.91875 0.6046875 0.00625 0.00859375
0 0.103125 0.64375 0.0078125 0.01015625
0 0.64296875 0.65625 0.00703125 0.01171875
0 0.21171875 0.68203125 0.0109375 0.01640625
0 0.6546875 0.6296875 0.00625 0.00859375
0 0.69453125 0.6296875 0.00625 0.01171875
0 0.48125 0.64375 0.00625 0.00703125
0 0.825 0.625 0.00703125 0.01328125
0 0.3796875 0.64140625 0.0078125 0.00859375
0 0.90546875 0.6046875 0.00703125 0.00859375
0 0.9859375 0.80390625 0.0234375 0.04296875
0 0.49453125 0.66640625 0.00859375 0.01171875
0 0.09453125 0.6296875 0.00703125 0.01171875
0 0.38203125 0.6296875 0.00625 0.00625
0 0.5578125 0.65390625 0.0078125 0.01015625
0 0.00625 0.6296875 0.00859375 0.01484375
0 0.1265625 0.703125 0.01484375 0.01796875
0 0.34140625 0.66640625 0.00859375 0.01484375
0 0.85625 0.6046875 0.00703125 0.00859375
0 0.4046875 0.6296875 0.00625 0.00859375
0 0.3171875 0.64140625 0.0078125 0.00859375
0 0.98125 0.60703125 0.00625 0.01015625
0 0.66875 0.6296875 0.00625 0.00859375
0 0.7625 0.6109375 0.00625 0.00859375
0 0.50546875 0.70859375 0.01484375 0.025
0 0.83046875 0.7171875 0.01640625 0.025
0 0.44375 0.65390625 0.00703125 0.01015625
0 0.15546875 0.64375 0.00703125 0.01015625
0 0.3921875 0.6296875 0.00625 0.00625
0 0.11875 0.6421875 0.00703125 0.01015625
0 0.4546875 0.66484375 0.0078125 0.01171875
0 0.3671875 0.64140625 0.00625 0.00859375
0 0.60625 0.6296875 0.00625 0.00859375
0 0.39296875 0.64140625 0.00703125 0.00859375
0 0.01875 0.64140625 0.00703125 0.01171875
0 0.8921875 0.60546875 0.00625 0.00703125
0 0.56953125 0.6296875 0.00625 0.00625
0 0.44375 0.6296875 0.00703125 0.00625
0 0.4546875 0.6296875 0.00625 0.00625
0 0.61796875 0.6296875 0.00625 0.00859375
0 0.8296875 0.60546875 0.00625 0.00703125
0 0.43046875 0.6296875 0.00625 0.00859375
0 0.93046875 0.6046875 0.00625 0.00859375
0 0.01796875 0.615625 0.00703125 0.01015625
0 0.63203125 0.6296875 0.00625 0.01171875
0 0.29296875 0.65390625 0.0078125 0.01015625
0 0.06875 0.61796875 0.00625 0.00859375
0 0.04296875 0.6296875 0.0078125 0.01171875