0 0.56875 0.196875 0.01953125 0.0296875
0 0.5421875 0.12265625 0.015625 0.02109375
0 0.6359375 0.57890625 0.0359375 0.05859375
0 0.1796875 0.2875 0.02734375 0.0375
0 0.696875 0.4515625 0.0296875 0.04296875
0 0.328125 0.26015625 0.01953125 0.03125
0 0.409375 0.1046875 0.01640625 0.021875
0 0.56875 0.39921875 0.02421875 0.04296875
0 0.29921875 0.33125 0.0265625 0.0375
0 0.3921875 0.3484375 0.0296875 0.0453125
0 0.740625 0.35703125 0.03046875 0.04140625
0 0.359375 0.2484375 0.0234375 0.03359375
0 0.66015625 0.2078125 0.0234375 0.0328125
0 0.69140625 0.1375 0.015625 0.025
0 0.5671875 0.128125 0.01484375 0.021875
0 0.959375 0.49296875 0.04375 0.0640625
0 0.9078125 0.3890625 0.034375 0.05078125
0 0.853125 0.475 0.03125 0.04296875
0 0.74140625 0.2546875 0.0234375 0.03515625
0 0.6078125 0.21875 0.021875 0.03125
0 0.1421875 0.1265625 0.0203125 0.02890625
0 0.72265625 0.11171875 0.01953125 0.02578125
0 0.24609375 0.26015625 0.0234375 0.03125
0 0.93046875 0.01796875 0.0125 0.01796875
0 0.5296875 0.19375 0.01953125 0.0296875
0 0.48828125 0.14921875 0.015625 0.025
0 0.6796875 0.0796875 0.0140625 0.01796875
0 0.57734375 0.096875 0.0140625 0.021875
0 0.253125 0.19140625 0.02421875 0.03359375
0 0.7734375 0.3546875 0.02734375 0.0375
0 0.571875 0.071875 0.01484375 0.01953125
0 0.8453125 0.28203125 0.0234375 0.040625
0 0.415625 0.1421875 0.01875 0.0296875
0 0.6 0.09375 0.01484375 0.0234375
0 0.23125 0.30625 0.028125 0.0390625
0 0.3984375 0.1265625 0.015625 0.0234375
0 0.1203125 0.13046875 0.021875 0.03125
0 0.32734375 0.1828125 0.0171875 0.025
0 0.89296875 0.1015625 0.01484375 0.0234375
0 0.66875 0.14296875 0.015625 0.02578125
0 0.6375 0.6375 0.0359375 0.05078125
0 0.81875 0.0765625 0.01484375 0.021875
0 0.32265625 0.06953125 0.01484375 0.021875
0 0.4703125 0.1296875 0.01484375 0.021875
0 0.7234375 0.19765625 0.02265625 0.03359375
0 0.70234375 0.0546875 0.0125 0.01796875
0 0.6828125 0.01796875 0.01171875 0.01796875
0 0.61640625 0.025 0.0140625 0.01796875
0 0.5890625 0.13125 0.015625 0.0234375
0 0.634375 0.0578125 0.0125 0.01953125
0 0.3125 0.296875 0.0234375 0.03125
0 0.62578125 0.08515625 0.01484375 0.021875
0 0.44765625 0.10546875 0.01484375 0.0234375
0 0.44453125 0.178125 0.0171875 0.02578125
0 0.5125 0.04296875 0.0140625 0.01796875
0 0.70390625 0.0171875 0.009375 0.01796875
0 0.6 0.0546875 0.01484375 0.02109375
0 0.0125 0.25078125 0.0234375 0.0328125
0 0.09453125 0.23125 0.0234375 0.0328125
0 0.446875 0.084375 0.0125 0.015625
0 0.66015625 0.0484375 0.0140625 0.01953125
0 0.6453125 0.00625 0.0125 0.0125
0 0.4328125 0.0859375 0.0140625 0.01796875
0 0.8578125 0.00625 0.015625 0.01171875
0 0.6515625 0.02890625 0.0125 0.01796875
0 0.903125 0.00546875 0.0125 0.01015625
0 0.4921875 0.09140625 0.015625 0.02109375
0 0.884375 0.01796875 0.0125 0.01796875
0 0.484375 0.0484375 0.0140625 0.01953125
0 0.83203125 0.00625 0.0109375 0.0125
0 0.528125 0.08515625 0.01484375 0.01953125
0 0.8421875 0.08828125 0.015625 0.02109375
0 0.78515625 0.3109375 0.02734375 0.04140625
0 0.846875 0.06796875 0.01484375 0.0234375
0 0.471875 0.071875 0.01484375 0.01953125
0 0.665625 0.0046875 0.01171875 0.009375
0 0.33359375 0.10078125 0.01640625 0.021875
0 0.18046875 0.2453125 0.025 0.0328125