0 0.62890625 0.434375 0.03203125 0.053125
0 0.9203125 0.39375 0.0421875 0.0640625
0 0.7390625 0.2484375 0.02890625 0.05
0 0.2734375 0.6078125 0.03203125 0.053125
0 0.04921875 0.46796875 0.02890625 0.0421875
0 0.7125 0.14375 0.02421875 0.0390625
0 0.059375 0.353125 0.02421875 0.03203125
0 0.21875 0.61328125 0.03984375 0.05703125
0 0.2734375 0.17890625 0.02109375 0.03203125
0 0.9140625 0.4859375 0.05078125 0.07109375
0 0.334375 0.05 0.02109375 0.028125
0 0.3765625 0.6078125 0.03203125 0.053125
0 0.38984375 0.20234375 0.0265625 0.0421875
0 0.975 0.196875 0.02890625 0.04609375
0 0.6953125 0.25390625 0.03203125 0.04609375
0 0.44921875 0.39375 0.02890625 0.05
0 0.06640625 0.30703125 0.02109375 0.03203125
0 0.75078125 0.353125 0.03203125 0.053125
0 0.15546875 0.41171875 0.02890625 0.0421875
0 0.40546875 0.778125 0.04765625 0.07421875
0 0.771875 0.08515625 0.02109375 0.03515625
0 0.98046875 0.265625 0.034375 0.05703125
0 0.278125 0.3046875 0.02109375 0.03515625
0 0.596875 0.4625 0.03203125 0.04609375
0 0.896875 0.28359375 0.03203125 0.05
0 0.49765625 0.71953125 0.0453125 0.07109375
0 0.2359375 0.225 0.02109375 0.03203125
0 0.625 0.27109375 0.02890625 0.0390625
0 0.515625 0.83515625 0.05546875 0.07421875
0 0.53984375 0.18984375 0.02421875 0.0390625
0 0.08203125 0.15625 0.02109375 0.028125
0 0.815625 0.08515625 0.02421875 0.028125
0 0.16875 0.14921875 0.01875 0.028125
0 0.56875 0.81953125 0.05078125 0.07109375
0 0.184375 0.31171875 0.02421875 0.03515625
0 0.56796875 0.07421875 0.02109375 0.03515625
0 0.0859375 0.48046875 0.02421875 0.0390625
0 0.7109375 0.3703125 0.03203125 0.053125
0 0.9109375 0.225 0.02890625 0.04609375
0 0.13359375 0.9234375 0.03984375 0.0671875
0 0.44921875 0.62578125 0.03984375 0.053125
0 0.1734375 0.92890625 0.0453125 0.07109375
0 0.5375 0.3296875 0.02890625 0.0421875
0 0.72578125 0.09609375 0.02890625 0.03515625
0 0.3921875 0.4625 0.03203125 0.04609375
0 0.7625 0.196875 0.02890625 0.04609375
0 0.79140625 0.3171875 0.02890625 0.053125
0 0.61171875 0.0390625 0.02421875 0.028125
0 0.559375 0.3703125 0.03203125 0.053125
0 0.6078125 0.07421875 0.02109375 0.03515625
0 0.4046875 0.5921875 0.034375 0.05703125
0 0.3859375 0.340625 0.02890625 0.0421875
0 0.509375 0.38828125 0.03203125 0.04609375
0 0.63671875 0.06171875 0.02109375 0.03203125
0 0.15625 0.671875 0.03203125 0.053125
0 0.74921875 0.29453125 0.034375 0.05
0 0.94140625 0.13828125 0.03203125 0.0421875
0 0.0546875 0.67890625 0.034375 0.053125
0 0.246875 0.2609375 0.02109375 0.0390625
0 0.1296875 0.2765625 0.02109375 0.028125
0 0.48125 0.65390625 0.0453125 0.053125
0 0.22578125 0.6734375 0.03203125 0.05
0 0.82890625 0.0390625 0.02421875 0.03515625
0 0.88203125 0.06171875 0.02890625 0.03203125
0 0.19375 0.13125 0.02109375 0.028125
0 0.24140625 0.1203125 0.02109375 0.03515625
0 0.25859375 0.015625 0.01875 0.025
0 0.584375 0.015625 0.025 0.03125
0 0.40703125 0.13828125 0.02421875 0.03515625
0 0.8515625 0.3 0.03203125 0.0390625
0 0.59296875 0.6953125 0.05078125 0.07109375
0 0.80625 0.15390625 0.03203125 0.04609375
0 0.646875 0.12578125 0.02109375 0.0390625
0 0.1734375 0.3578125 0.02421875 0.0421875
0 0.309375 0.25390625 0.02421875 0.0390625
0 0.29453125 0.14921875 0.02109375 0.028125
0 0.1859375 0.184375 0.02109375 0.028125
0 0.02890625 0.07265625 0.02109375 0.03203125
0 0.509375 0.921875 0.06328125 0.08515625
0 0.94453125 0.21796875 0.0265625 0.04609375
0 0.09921875 0.31171875 0.02421875 0.03515625
0 0.68203125 0.06171875 0.02109375 0.03203125
0 0.9828125 0.06953125 0.02890625 0.04609375
0 0.58515625 0.19140625 0.02421875 0.03515625
0 0.4578125 0.05703125 0.01875 0.03515625
0 0.24296875 0.41640625 0.02890625 0.0390625
0 0.509375 0.12578125 0.02109375 0.03203125
0 0.8703125 0.340625 0.0265625 0.05
0 0.9375 0.090625 0.02890625 0.0390625
0 0.01328125 0.46953125 0.02109375 0.0390625
0 0.41796875 0.2125 0.02421875 0.028125
0 0.13515625 0.3703125 0.02109375 0.03203125
0 0.31953125 0.8046875 0.03984375 0.0640625
0 0.07421875 0.2078125 0.02109375 0.03203125
0 0.2 0.225 0.02421875 0.03203125
0 0.8953125 0.12578125 0.02890625 0.0390625
0 0.4296875 0.4625 0.03203125 0.04609375
0 0.84609375 0.16640625 0.02109375 0.0421875
0 0.04609375 0.2484375 0.02421875 0.028125
0 0.8140625 0.2484375 0.03203125 0.05
0 0.884375 0.184375 0.02890625 0.0421875
0 0.19765625 0.77109375 0.03984375 0.0390625
0 0.16484375 0.32265625 0.02109375 0.03515625
0 0.034375 0.4234375 0.02109375 0.03203125
0 0.5359375 0.090625 0.02109375 0.03203125
0 0.08125 0.421875 0.02421875 0.03515625
0 0.35703125 0.34765625 0.02890625 0.0421875
0 0.82265625 0.4875 0.04765625 0.0671875
0 0.90546875 0.7375 0.0609375 0.09921875
0 0.4625 0.2484375 0.02890625 0.03515625
0 0.51484375 0.43984375 0.03203125 0.0421875
0 0.83046875 0.34765625 0.03203125 0.05
0 0.75078125 0.41171875 0.0421875 0.05703125
0 0.3328125 0.2125 0.02421875 0.03515625
0 0.078125 0.0921875 0.01875 0.028125
0 0.2015625 0.8171875 0.0375 0.06015625
0 0.76015625 0.05 0.02421875 0.03515625
0 0.190625 0.4578125 0.0265625 0.05
0 0.5359375 0.02109375 0.02109375 0.028125
0 0.3609375 0.8 0.0421875 0.0671875
0 0.69375 0.4625 0.03984375 0.0390625
0 0.103125 0.13125 0.02109375 0.028125
0 0.15625 0.09765625 0.02109375 0.025
0 0.0375 0.7609375 0.0375 0.053125
0 0.7796875 0.04609375 0.02109375 0.028125
0 0.140625 0.0125 0.02109375 0.025
0 0.13828125 0.15390625 0.02109375 0.03203125
0 0.48828125 0.05703125 0.02109375 0.028125
0 0.28515625 0.41640625 0.02421875 0.0390625
0 0.034375 0.515625 0.03203125 0.053125
0 0.440625 0.171875 0.02109375 0.03203125
0 0.009375 0.20234375 0.01875 0.028125
0 0.76796875 0.66171875 0.0609375 0.08125
0 0.45859375 0.2078125 0.0265625 0.0390625
0 0.11015625 0.103125 0.01875 0.028125
0 0.07421875 0.53359375 0.0265625 0.0390625
0 0.09140625 0.0671875 0.01875 0.028125
0 0.340625 0.5265625 0.02890625 0.053125
0 0.0109375 0.16171875 0.02109375 0.03203125
0 0.3578125 0.04609375 0.02109375 0.028125
0 0.44921875 0.1203125 0.02421875 0.03515625
0 0.3265625 0.0109375 0.02109375 0.02109375
0 0.17890625 0.0109375 0.01875 0.02109375
0 0.25703125 0.15390625 0.02109375 0.03203125
0 0.56328125 0.42890625 0.034375 0.05
0 0.3515625 0.13828125 0.02421875 0.028125
0 0.1578125 0.04453125 0.01875 0.025
0 0.01875 0.24140625 0.02109375 0.03515625
0 0.484375 0.3015625 0.02890625 0.0421875
0 0.896875 0.3421875 0.0375 0.053125
0 0.4109375 0.1734375 0.02109375 0.028125
0 0.95078125 0.2765625 0.02890625 0.05
0 0.1734375 0.2765625 0.02421875 0.03515625
0 0.4984375 0.225 0.02109375 0.03203125
0 0.1828125 0.59765625 0.03203125 0.053125
0 0.87265625 0.23046875 0.03203125 0.05
0 0.66015625 0.07421875 0.02109375 0.03515625
0 0.48515625 0.55703125 0.03203125 0.05
0 0.24921875 0.05703125 0.02109375 0.028125
0 0.52109375 0.49140625 0.034375 0.053125
0 0.66328125 0.434375 0.0375 0.053125
0 0.69609375 0.66640625 0.0453125 0.05703125
0 0.4546875 0.3046875 0.02421875 0.03515625
0 0.6421875 0.3171875 0.03203125 0.053125
0 0.67734375 0.13125 0.02890625 0.0421875
0 0.1140625 0.1953125 0.02109375 0.028125
0 0.2359375 0.32265625 0.02109375 0.03515625
0 0.28515625 0.27109375 0.02421875 0.03203125
0 0.68984375 0.30703125 0.03203125 0.053125
0 0.32109375 0.29453125 0.02109375 0.03515625
0 0.23203125 0.028125 0.01875 0.028125
0 0.396875 0.0921875 0.02421875 0.03515625
0 0.7390625 0.59765625 0.03984375 0.06015625
0 0.2984375 0.68984375 0.03984375 0.06015625
0 0.528125 0.24296875 0.0265625 0.0390625
0 0.13359375 0.78359375 0.034375 0.05703125
0 0.06796875 0.13125 0.01875 0.028125
0 0.02890625 0.0125 0.02109375 0.025
0 0.96796875 0.39375 0.0421875 0.05703125
0 0.6515625 0.2609375 0.02890625 0.0390625
0 0.60234375 0.515625 0.0375 0.053125
0 0.640625 0.9625 0.09296875 0.0671875
0 0.03203125 0.31953125 0.02109375 0.028125
0 0.6484375 0.028125 0.02421875 0.028125
0 0.28515625 0.353125 0.02890625 0.0390625
0 0.1203125 0.421875 0.02421875 0.03515625
0 0.7203125 0.03359375 0.02421875 0.03203125
0 0.31953125 0.184375 0.02421875 0.028125
0 0.97109375 0.61015625 0.053125 0.0640625
0 0.45859375 0.45234375 0.03203125 0.04609375
0 0.125 0.0671875 0.02109375 0.028125
0 0.31953125 0.353125 0.02421875 0.0390625
0 0.8265625 0.00546875 0.02421875 0.0109375
0 0.315625 0.6078125 0.0375 0.06015625
0 0.28359375 0.23046875 0.02109375 0.028125
0 0.4671875 0.83515625 0.03203125 0.06015625
0 0.01484375 0.92890625 0.02890625 0.0640625
0 0.38046875 0.02109375 0.01875 0.028125
0 0.66015625 0.184375 0.0265625 0.03515625
0 0.25625 0.9234375 0.0453125 0.07421875
0 0.74375 0.12578125 0.02890625 0.0390625
0 0.47890625 0.16171875 0.02421875 0.0390625
0 0.20859375 0.03203125 0.01875 0.028125
0 0.51875 0.015625 0.01875 0.03125
0 0.21640625 0.40078125 0.01875 0.028125
0 0.6203125 0.1203125 0.02109375 0.03515625
0 0.3875 0.3015625 0.02109375 0.028125
0 0.8671875 0.55703125 0.0421875 0.07109375
0 0.28359375 0.0515625 0.02109375 0.03203125
0 0.5765625 0.3296875 0.02890625 0.028125
0 0.903125 0.08515625 0.02890625 0.0421875
0 0.41640625 0.5265625 0.03203125 0.04609375
0 0.0359375 0.11015625 0.01875 0.028125
0 0.85546875 0.38828125 0.034375 0.04609375
0 0.17890625 0.0796875 0.01875 0.025
0 0.1234375 0.71484375 0.03984375 0.04609375
0 0.4984375 0.08515625 0.02109375 0.03515625
0 0.11015625 0.671875 0.02890625 0.0390625
0 0.21640625 0.00546875 0.01875 0.0109375
0 0.6796875 0.015625 0.025 0.03125
0 0.60078125 0.13828125 0.02421875 0.028125
0 0.053125 0.40390625 0.02109375 0.03515625
0 0.07265625 0.015625 0.01875 0.025
0 0.340625 0.8703125 0.03984375 0.053125
0 0.08125 0.6078125 0.02890625 0.04609375
0 0.34453125 0.28359375 0.02109375 0.03515625
0 0.81796875 0.2078125 0.02890625 0.025
0 0.0953125 0.3828125 0.02109375 0.03515625
0 0.790625 0.00859375 0.025 0.0171875
0 0.834375 0.95 0.1140625 0.0921875
0 0.7375 0.20234375 0.0265625 0.03515625
0 0.7015625 0.0796875 0.01875 0.03203125
0 0.446875 0.57421875 0.03984375 0.03515625
0 0.98125 0.4984375 0.03203125 0.0671875
0 0.26953125 0.528125 0.02890625 0.0421875
0 0.0078125 0.09765625 0.015625 0.025
0 0.3046875 0.21796875 0.02109375 0.03203125
0 0.45390625 0.50859375 0.03203125 0.04609375
0 0.85390625 0.0796875 0.0265625 0.0390625
0 0.38203125 0.2484375 0.02109375 0.03515625
0 0.40859375 0.31171875 0.02109375 0.03515625
0 0.98046875 0.13828125 0.02890625 0.03515625
0 0.10859375 0.0390625 0.02109375 0.028125
0 0.60078125 0.3578125 0.02890625 0.0421875
0 0.82265625 0.421875 0.0375 0.05
0 0.61171875 0.1734375 0.02421875 0.03515625
0 0.58359375 0.1078125 0.02109375 0.03203125
0 0.9296875 0.05 0.02421875 0.028125
0 0.5078125 0.265625 0.02421875 0.03515625
0 0.0171875 0.04453125 0.01875 0.025
0 0.62265625 0.015625 0.0203125 0.03125
0 0.7125 0.89921875 0.071875 0.11015625
0 0.07578125 0.91640625 0.034375 0.053125
0 0.71015625 0.00859375 0.0203125 0.0171875
0 0.5515625 0.1203125 0.02109375 0.03515625
0 0.965625 0.3421875 0.0375 0.053125
0 0.703125 0.6203125 0.0421875 0.0421875
0 0.3609375 0.0125 0.02109375 0.025
0 0.32734375 0.9625 0.0609375 0.0671875
0 0.246875 0.74296875 0.03203125 0.053125
0 0.53828125 0.2890625 0.0265625 0.03203125
0 0.12890625 0.4578125 0.02421875 0.028125
0 0.16328125 0.46484375 0.02421875 0.028125
0 0.228125 0.06171875 0.02109375 0.03203125
0 0.0078125 0.13125 0.015625 0.028125
0 0.1046875 0.515625 0.02890625 0.0390625
0 0.56796875 0.04453125 0.02109375 0.025
0 0.315625 0.07421875 0.02109375 0.028125
0 0.0765625 0.05 0.02109375 0.028125
0 0.1578125 0.55703125 0.02890625 0.0421875
0 0.0078125 0.015625 0.015625 0.025
0 0.49765625 0.1953125 0.02421875 0.028125
0 0.096875 0.00546875 0.01875 0.0109375
0 0.165625 0.4984375 0.02890625 0.0390625
0 0.3 0.015625 0.02109375 0.025
0 0.340625 0.68984375 0.03984375 0.06015625
0 0.89453125 0.015625 0.0234375 0.03125
0 0.6953125 0.20234375 0.0265625 0.03515625
0 0.646875 0.3828125 0.03203125 0.03515625
0 0.21640625 0.93984375 0.034375 0.07109375
0 0.75625 0.015625 0.02109375 0.025
0 0.4890625 0.0265625 0.01875 0.025
0 0.08125 0.778125 0.034375 0.053125
0 0.00546875 0.27109375 0.0109375 0.03203125
0 0.05859375 0.86015625 0.0375 0.04609375
0 0.3265625 0.39375 0.0265625 0.0421875
0 0.359375 0.1734375 0.02421875 0.028125
0 0.43515625 0.25390625 0.02109375 0.0390625
0 0.1921875 0.06171875 0.01875 0.03203125
0 0.884375 0.43984375 0.03984375 0.0421875
0 0.36484375 0.2078125 0.02421875 0.03203125
0 0.57265625 0.5515625 0.0421875 0.053125
0 0.36484375 0.45234375 0.02890625 0.04609375
0 0.69609375 0.5109375 0.03984375 0.05703125
0 0.38046875 0.15625 0.01875 0.028125
0 0.00546875 0.0515625 0.0109375 0.025
0 0.6328125 0.57265625 0.05078125 0.07421875
0 0.17265625 0.11328125 0.02109375 0.028125
0 0.04609375 0.00546875 0.01875 0.0109375
0 0.14453125 0.19140625 0.01875 0.028125