0 0.57734375 0.409375 0.0265625 0.04296875
0 0.2453125 0.840625 0.0484375 0.06796875
0 0.5 0.015625 0.021875 0.03125
0 0.52578125 0.3859375 0.02265625 0.04296875
0 0.91015625 0.37734375 0.0296875 0.04296875
0 0.6734375 0.4953125 0.0328125 0.05078125
0 0.4984375 0.37421875 0.025 0.04140625
0 0.6625 0.3453125 0.0265625 0.04140625
0 0.4546875 0.43359375 0.0296875 0.04921875
0 0.50390625 0.415625 0.02734375 0.04140625
0 0.92109375 0.32890625 0.0265625 0.04296875
0 0.95078125 0.09609375 0.0203125 0.0328125
0 0.92421875 0.16796875 0.02265625 0.0359375
0 0.221875 0.48046875 0.028125 0.04453125
0 0.34765625 0.7359375 0.04296875 0.06640625
0 0.8390625 0.88046875 0.05 0.06640625
0 0.98125 0.15625 0.025 0.04140625
0 0.653125 0.21875 0.0203125 0.034375
0 0.78203125 0.43203125 0.03046875 0.04921875
0 0.9359375 0.5796875 0.0375 0.05625
0 0.03828125 0.85625 0.040625 0.06015625
0 0.603125 0.4609375 0.025 0.040625
0 0.2828125 0.059375 0.0234375 0.04296875
0 0.56953125 0.36328125 0.0234375 0.040625
0 0.565625 0.68046875 0.03828125 0.06015625
0 0.42578125 0.38671875 0.02734375 0.04140625
0 0.47109375 0.06171875 0.0203125 0.0375
0 0.2796875 0.628125 0.0390625 0.06640625
0 0.7421875 0.2796875 0.0234375 0.034375
0 0.8859375 0.33671875 0.0265625 0.04453125
0 0.22265625 0.54140625 0.03125 0.04609375
0 0.85078125 0.54296875 0.03125 0.04921875
0 0.03359375 0.3609375 0.03046875 0.04765625
0 0.61328125 0.384375 0.02734375 0.04296875
0 0.5171875 0.27421875 0.0234375 0.0359375
0 0.55234375 0.4171875 0.02421875 0.04140625
0 0.7609375 0.55078125 0.0296875 0.0515625
0 0.96953125 0.2875 0.0265625 0.0390625
0 0.6078125 0.32890625 0.0234375 0.04140625
0 0.7796875 0.275 0.02421875 0.040625
0 0.3796875 0.39375 0.02734375 0.04140625
0 0.9828125 0.221875 0.02734375 0.0375
0 0.821875 0.2765625 0.02265625 0.0375
0 0.15703125 0.3546875 0.0234375 0.040625
0 0.95546875 0.5140625 0.0359375 0.04921875
0 0.8703125 0.09453125 0.0234375 0.0359375
0 0.7171875 0.4578125 0.03046875 0.05078125
0 0.23984375 0.69765625 0.0421875 0.06015625
0 0.8703125 0.20625 0.0234375 0.040625
0 0.66875 0.62890625 0.03984375 0.05625
0 0.50078125 0.74296875 0.046875 0.06484375
0 0.8828125 0.5484375 0.03515625 0.05078125
0 0.29375 0.3125 0.0234375 0.034375
0 0.58671875 0.625 0.03828125 0.0515625
0 0.63203125 0.8890625 0.04296875 0.071875
0 0.44375 0.81328125 0.04765625 0.0734375
0 0.1859375 0.4640625 0.03203125 0.04609375
0 0.7171875 0.9046875 0.059375 0.08046875
0 0.9578125 0.346875 0.028125 0.0390625
0 0.67421875 0.28125 0.02421875 0.04296875
0 0.1671875 0.4015625 0.0296875 0.04140625
0 0.51953125 0.46484375 0.0296875 0.05078125
0 0.4265625 0.05 0.02734375 0.04453125
0 0.7328125 0.3765625 0.02734375 0.04453125
0 0.0921875 0.67578125 0.03515625 0.04296875
0 0.196875 0.68828125 0.03828125 0.059375
0 0.90546875 0.28125 0.0234375 0.0375
0 0.31640625 0.46640625 0.02734375 0.0359375
0 0.4421875 0.31484375 0.0234375 0.04140625
0 0.4578125 0.496875 0.025 0.04609375
0 0.66796875 0.9609375 0.05078125 0.075
0 0.11796875 0.57890625 0.0359375 0.0578125
0 0.19609375 0.0234375 0.02421875 0.04140625
0 0.0890625 0.51484375 0.02734375 0.04453125
0 0.50078125 0.92109375 0.05390625 0.078125
0 0.2125 0.29140625 0.02421875 0.0390625
0 0.31953125 0.5109375 0.03125 0.04765625
0 0.8203125 0.79921875 0.053125 0.0734375
0 0.57890625 0.290625 0.0203125 0.0359375
0 0.8640625 0.40546875 0.03125 0.04765625
0 0.64921875 0.29296875 0.0265625 0.04140625
0 0.5203125 0.3140625 0.0234375 0.0375
0 0.79921875 0.3328125 0.0265625 0.04609375
0 0.346875 0.315625 0.02265625 0.034375
0 0.6125 0.771875 0.04296875 0.05078125
0 0.371875 0.596875 0.0328125 0.05078125
0 0.4671875 0.384375 0.025 0.040625
0 0.27421875 0.46796875 0.03125 0.04609375
0 0.31875 0.42265625 0.0265625 0.0359375
0 0.73125 0.5421875 0.03125 0.04765625
0 0.55625 0.30859375 0.0234375 0.0375
0 0.0921875 0.94140625 0.053125 0.09375
0 0.48125 0.559375 0.0328125 0.04609375
0 0.88125 0.6875 0.04375 0.06328125
0 0.05 0.53046875 0.03203125 0.04296875
0 0.1453125 0.79609375 0.046875 0.06796875
0 0.334375 0.84609375 0.05 0.075
0 0.4140625 0.3078125 0.0234375 0.0359375
0 0.40703125 0.68828125 0.0390625 0.059375
0 0.12421875 0.3296875 0.0234375 0.034375
0 0.38125 0.4828125 0.0265625 0.04609375
0 0.5546875 0.53125 0.0328125 0.04765625
0 0.4890625 0.496875 0.0296875 0.04296875
0 0.05390625 0.62734375 0.03984375 0.053125
0 0.0234375 0.6859375 0.04296875 0.071875
0 0.42578125 0.4421875 0.02734375 0.034375
0 0.64296875 0.4515625 0.03046875 0.04765625
0 0.1984375 0.62265625 0.03515625 0.0515625
0 0.7140625 0.34140625 0.0265625 0.04296875
0 0.9796875 0.925 0.03828125 0.0890625
0 0.884375 0.16484375 0.021875 0.0328125
0 0.68984375 0.75234375 0.04765625 0.06015625
0 0.89765625 0.60390625 0.0390625 0.0515625
0 0.959375 0.71875 0.04765625 0.06328125
0 0.69375 0.421875 0.02265625 0.034375
0 0.6234375 0.03671875 0.021875 0.0359375
0 0.41875 0.4859375 0.0296875 0.04921875
0 0.40703125 0.34453125 0.025 0.0375
0 0.78203125 0.703125 0.04765625 0.06328125
0 0.9390625 0.27109375 0.02734375 0.0375
0 0.8703125 0.2859375 0.025 0.0390625
0 0.66796875 0.39296875 0.03125 0.04453125
0 0.23515625 0.37890625 0.0234375 0.03203125
0 0.1625 0.65390625 0.03984375 0.04921875
0 0.08828125 0.00859375 0.028125 0.0171875
0 0.0171875 0.60546875 0.034375 0.0515625
0 0.9921875 0.1109375 0.0140625 0.03203125
0 0.7703125 0.3546875 0.02734375 0.040625
0 0.3203125 0.36796875 0.02734375 0.0390625
0 0.21953125 0.97734375 0.0546875 0.04140625
0 0.26484375 0.3765625 0.0265625 0.0359375
0 0.84765625 0.32265625 0.02734375 0.04296875
0 0.4609375 0.01484375 0.021875 0.0296875
0 0.6203125 0.29765625 0.02265625 0.03046875
0 0.7046875 0.59453125 0.034375 0.059375
0 0.45546875 0.62578125 0.03828125 0.06171875
0 0.45625 0.73984375 0.0375 0.059375
0 0.63203125 0.5109375 0.03125 0.04453125
0 0.13203125 0.47421875 0.0328125 0.04921875
0 0.8359375 0.38828125 0.02734375 0.04453125
0 0.33671875 0.0421875 0.02421875 0.04140625
0 0.8921875 0.4203125 0.0328125 0.04453125
0 0.59140625 0.87265625 0.04609375 0.090625
0 0.37578125 0.07421875 0.021875 0.04140625
0 0.0546875 0.575 0.0375 0.04609375
0 0.1234375 0.403125 0.0234375 0.034375
0 0.53671875 0.97109375 0.0515625 0.0546875
0 0.22109375 0.3296875 0.02421875 0.0375
0 0.08125 0.4203125 0.02421875 0.04140625
0 0.196875 0.85390625 0.040625 0.06171875
0 0.3578125 0.35625 0.021875 0.0359375
0 0.528125 0.0484375 0.0234375 0.0359375
0 0.109375 0.734375 0.05078125 0.06171875
0 0.43046875 0.94140625 0.0625 0.090625
0 0.63359375 0.56171875 0.0421875 0.0515625
0 0.3796875 0.53046875 0.0296875 0.04296875
0 0.09609375 0.82421875 0.05 0.078125
0 0.09765625 0.32890625 0.021875 0.02890625
0 0.975 0.80625 0.03984375 0.06171875
0 0.215625 0.40078125 0.02421875 0.034375
0 0.4640625 0.3078125 0.0203125 0.0359375
0 0.91328125 0.234375 0.025 0.0359375
0 0.196875 0.33203125 0.02421875 0.0359375
0 0.096875 0.47890625 0.02421875 0.0328125
0 0.20546875 0.08359375 0.02265625 0.040625
0 0.1265625 0.37109375 0.02265625 0.02734375
0 0.853125 0.16953125 0.025 0.0359375
0 0.903125 0.14375 0.0203125 0.03203125
0 0.08671875 0.56171875 0.028125 0.04921875
0 0.5234375 0.0828125 0.0234375 0.0390625
0 0.54609375 0.37421875 0.02265625 0.0359375
0 0.375 0.01484375 0.021875 0.0296875
0 0.54765625 0.0953125 0.021875 0.0375
0 0.56953125 0.48671875 0.028125 0.0375
0 0.009375 0.42109375 0.01875 0.0328125
0 0.11875 0.64375 0.03828125 0.053125
0 0.8109375 0.3921875 0.02734375 0.04296875
0 0.76953125 0.3921875 0.0234375 0.034375
0 0.246875 0.08046875 0.0234375 0.0375
0 0.35625 0.67109375 0.0390625 0.05625
0 0.3375 0.25859375 0.0234375 0.0359375
0 0.6703125 0.58046875 0.03515625 0.04296875
0 0.4953125 0.65546875 0.034375 0.04921875
0 0.109375 0.43984375 0.021875 0.034375
0 0.4171875 0.08984375 0.021875 0.04140625
0 0.81640625 0.61796875 0.0375 0.04609375
0 0.0578125 0.48515625 0.02734375 0.04140625
0 0.18046875 0.065625 0.025 0.04140625
0 0.26640625 0.571875 0.0296875 0.04296875
0 0.1 0.38828125 0.03046875 0.04765625
0 0.40390625 0.56328125 0.034375 0.04921875
0 0.009375 0.77734375 0.01875 0.06171875
0 0.35625 0.45859375 0.02265625 0.040625
0 0.6015625 0.26484375 0.0234375 0.04609375
0 0.14921875 0.69921875 0.03046875 0.04609375
0 0.325 0.290625 0.0234375 0.0390625
0 0.1828125 0.565625 0.03203125 0.05078125
0 0.3765625 0.29140625 0.0203125 0.03046875
0 0.76484375 0.30859375 0.0265625 0.040625
0 0.1640625 0.02734375 0.0171875 0.03203125
0 0.4671875 0.27421875 0.0203125 0.02734375
0 0.99453125 0.03984375 0.00859375 0.03046875
0 0.059375 0.35625 0.02421875 0.034375
0 0.24921875 0.4390625 0.01875 0.0328125
0 0.7734375 0.98515625 0.0546875 0.02734375
0 0.51875 0.6140625 0.0359375 0.0515625
0 0.41484375 0.153125 0.03046875 0.04609375
0 0.296875 0.43515625 0.01953125 0.02890625
0 0.275 0.42265625 0.0234375 0.0328125
0 0.1546875 0.60859375 0.02734375 0.02734375
0 0.9921875 0.31171875 0.0140625 0.04140625
0 0.6796875 0.5421875 0.0328125 0.04453125
0 0.30078125 0.5765625 0.0296875 0.04609375
0 0.5546875 0.2703125 0.0171875 0.03046875
0 0.29765625 0.01796875 0.021875 0.0359375
0 0.52265625 0.128125 0.021875 0.02890625
0 0.5328125 0.346875 0.02265625 0.02734375
0 0.4328125 0.56796875 0.0265625 0.0375
0 0.3328125 0.5515625 0.02734375 0.0375
0 0.82109375 0.51640625 0.03203125 0.0359375
0 0.628125 0.009375 0.02265625 0.01875
0 0.28828125 0.384375 0.02265625 0.040625
0 0.821875 0.56171875 0.034375 0.04921875
0 0.528125 0.5703125 0.0328125 0.04609375
0 0.6875 0.3609375 0.0234375 0.04140625
0 0.5234375 0.2359375 0.01953125 0.02890625
0 0.9734375 0.10703125 0.021875 0.03046875
0 0.475 0.33984375 0.02265625 0.034375
0 0.40390625 0.26796875 0.01640625 0.03203125