0 0.14609375 0.18203125 0.028125 0.04140625
0 0.371875 0.11875 0.0265625 0.0390625
0 0.07890625 0.3109375 0.0421875 0.053125
0 0.678125 0.22578125 0.03125 0.053125
0 0.2140625 0.08046875 0.0234375 0.03671875
0 0.71640625 0.21640625 0.0359375 0.05703125
0 0.72578125 0.11796875 0.03125 0.0484375
0 0.8390625 0.125 0.03515625 0.04921875
0 0.6515625 0.7 0.07421875 0.11875
0 0.85234375 0.40078125 0.05625 0.08046875
0 0.065625 0.13671875 0.02265625 0.03125
0 0.746875 0.0515625 0.0234375 0.0375
0 0.6953125 0.3078125 0.040625 0.06640625
0 0.92265625 0.3859375 0.046875 0.0640625
0 0.071875 0.01328125 0.01953125 0.02578125
0 0.271875 0.1109375 0.025 0.0390625
0 0.5375 0.7453125 0.07890625 0.1109375
0 0.41796875 0.01015625 0.0171875 0.0203125
0 0.4828125 0.025 0.0203125 0.0328125
0 0.803125 0.56875 0.075 0.10390625
0 0.8484375 0.0625 0.02734375 0.0390625
0 0.78203125 0.1 0.0296875 0.04453125
0 0.3671875 0.04375 0.01953125 0.025
0 0.40703125 0.02890625 0.0171875 0.02578125
0 0.64765625 0.2359375 0.0328125 0.0375
0 0.15703125 0.0140625 0.01953125 0.02578125
0 0.4984375 0.075 0.025 0.0375
0 0.5890625 0.00703125 0.0265625 0.0140625
0 0.13125 0.10078125 0.0265625 0.0375
0 0.37265625 0.075 0.02265625 0.0328125
0 0.3953125 0.05546875 0.01953125 0.0296875
0 0.00859375 0.09296875 0.0171875 0.025
0 0.28203125 0.0140625 0.01875 0.02578125
0 0.103125 0.00625 0.01953125 0.01171875
0 0.2140625 0.0203125 0.0171875 0.02734375
0 0.2390625 0.075 0.021875 0.0296875
0 0.10625 0.1109375 0.02421875 0.0328125
0 0.825 0.2109375 0.0390625 0.0546875
0 0.009375 0.2984375 0.01875 0.0640625
0 0.4546875 0.00625 0.01953125 0.01171875
0 0.22734375 0.0484375 0.0171875 0.0234375
0 0.1203125 0.06953125 0.021875 0.021875
0 0.07109375 0.10546875 0.0171875 0.01796875
0 0.259375 0.009375 0.015625 0.01875
0 0.78515625 0.0640625 0.0234375 0.0234375