0 0.440625 0.7890625 0.0515625 0.07578125
0 0.984375 0.4125 0.025 0.03671875
0 0.9796875 0.6015625 0.03203125 0.05703125
0 0.8140625 0.43671875 0.02265625 0.0328125
0 0.95234375 0.5421875 0.03203125 0.0453125
0 0.46796875 0.51796875 0.02421875 0.03671875
0 0.10078125 0.88671875 0.0546875 0.07578125
0 0.2953125 0.70078125 0.0390625 0.05703125
0 0.2046875 0.71171875 0.0390625 0.0640625
0 0.3875 0.5109375 0.0234375 0.0328125
0 0.884375 0.46171875 0.02421875 0.0328125
0 0.446875 0.3265625 0.01484375 0.02109375
0 0.71953125 0.39296875 0.0171875 0.02578125
0 0.36640625 0.34140625 0.01484375 0.0234375
0 0.45703125 0.31015625 0.015625 0.02109375
0 0.2578125 0.43125 0.021875 0.0296875
0 0.2796875 0.971875 0.0609375 0.053125
0 0.4015625 0.3671875 0.01640625 0.0234375
0 0.0609375 0.47578125 0.0234375 0.0296875
0 0.85859375 0.86875 0.05546875 0.0875
0 0.78515625 0.3671875 0.01953125 0.0234375
0 0.471875 0.3734375 0.01640625 0.0234375
0 0.075 0.6875 0.0453125 0.0625
0 0.40703125 0.30625 0.0140625 0.01796875
0 0.0234375 0.51171875 0.0296875 0.03671875
0 0.3421875 0.31171875 0.0140625 0.01953125
0 0.50078125 0.30703125 0.0140625 0.01796875
0 0.8015625 0.3921875 0.0171875 0.0234375
0 0.83125 0.3859375 0.0171875 0.021875
0 0.28515625 0.30625 0.01171875 0.01796875
0 0.6140625 0.4171875 0.0390625 0.06875
0 0.5125 0.26953125 0.0140625 0.01796875
0 0.20390625 0.26875 0.0140625 0.0171875
0 0.5484375 0.26328125 0.0140625 0.01796875
0 0.89453125 0.28203125 0.0140625 0.0140625
0 0.31171875 0.3609375 0.01484375 0.025
0 0.53125 0.3 0.0140625 0.0171875
0 0.2796875 0.32578125 0.01484375 0.01796875
0 0.29375 0.36171875 0.01484375 0.01796875
0 0.27109375 0.40078125 0.01640625 0.0234375
0 0.03515625 0.81171875 0.0328125 0.04296875
0 0.20546875 0.33203125 0.01484375 0.02109375
0 0.48359375 0.2734375 0.01171875 0.015625
0 0.0390625 0.9640625 0.0703125 0.06875
0 0.00703125 0.63203125 0.0140625 0.0421875
0 0.30234375 0.3265625 0.01484375 0.01953125
0 0.228125 0.30546875 0.0125 0.0171875
0 0.44375 0.37578125 0.01484375 0.021875
0 0.015625 0.40390625 0.0171875 0.02109375
0 0.321875 0.31796875 0.01484375 0.0234375
0 0.2796875 0.2546875 0.01171875 0.0140625
0 0.228125 0.3234375 0.0140625 0.01953125
0 0.165625 0.25625 0.0109375 0.0171875
0 0.340625 0.24375 0.0125 0.0171875
0 0.48359375 0.3296875 0.0125 0.02109375
0 0.19453125 0.2484375 0.01171875 0.0171875
0 0.528125 0.31875 0.0125 0.02109375
0 0.259375 0.35546875 0.01484375 0.01796875
0 0.22578125 0.365625 0.01484375 0.02109375
0 0.9421875 0.259375 0.0140625 0.0140625
0 0.378125 0.2890625 0.0125 0.015625
0 0.315625 0.26875 0.0109375 0.0171875
0 0.7296875 0.35703125 0.01484375 0.0234375
0 0.9046875 0.17890625 0.00859375 0.01171875
0 0.25703125 0.2578125 0.01171875 0.015625
0 0.8671875 0.18046875 0.009375 0.01171875
0 0.1703125 0.33671875 0.015625 0.01953125
0 0.49609375 0.2796875 0.0140625 0.01796875
0 0.1296875 0.25703125 0.009375 0.0140625
0 0.2421875 0.26875 0.01171875 0.0171875
0 0.1421875 0.2578125 0.01171875 0.015625
0 0.253125 0.3921875 0.01484375 0.01953125
0 0.19375 0.21640625 0.0109375 0.01328125
0 0.36640625 0.24375 0.009375 0.01328125
0 0.83203125 0.2796875 0.009375 0.01328125
0 0.36484375 0.2765625 0.0125 0.01953125
0 0.85625 0.28828125 0.0125 0.01953125
0 0.20625 0.2171875 0.0109375 0.0140625
0 0.9640625 0.25625 0.0125 0.0171875
0 0.30703125 0.24296875 0.0109375 0.0140625
0 0.21953125 0.2671875 0.01171875 0.0140625
0 0.20546875 0.396875 0.01484375 0.02109375
0 0.94453125 0.18046875 0.009375 0.0140625
0 0.16875 0.2953125 0.0125 0.01953125
0 0.0171875 0.4359375 0.01953125 0.02578125
0 0.9578125 0.21953125 0.01171875 0.0140625
0 0.88203125 0.18046875 0.00859375 0.01171875
0 0.1296875 0.2921875 0.0140625 0.0140625
0 0.1546875 0.353125 0.0140625 0.0171875
0 0.26640625 0.28046875 0.0140625 0.01953125
0 0.35625 0.296875 0.0125 0.01796875
0 0.90703125 0.2671875 0.01171875 0.0140625
0 0.9171875 0.190625 0.0109375 0.01171875
0 0.24140625 0.2875 0.0140625 0.01796875
0 0.87890625 0.19375 0.009375 0.01328125
0 0.46953125 0.34453125 0.01484375 0.021875
0 0.18359375 0.2796875 0.0140625 0.0171875
0 0.16875 0.21875 0.00859375 0.01328125
0 0.328125 0.2984375 0.01171875 0.015625
0 0.8578125 0.19375 0.009375 0.01171875
0 0.1828125 0.3515625 0.0140625 0.01796875
0 0.42265625 0.34375 0.015625 0.02109375
0 0.434375 0.52890625 0.0171875 0.02890625
0 0.47265625 0.30390625 0.0140625 0.01953125
0 0.56875 0.2734375 0.0125 0.01796875
0 0.29453125 0.2453125 0.0109375 0.0140625
0 0.2125 0.31640625 0.0140625 0.01796875