0 0.38125 0.39765625 0.01484375 0.021875
0 0.33359375 0.53828125 0.0203125 0.0328125
0 0.46484375 0.3953125 0.0140625 0.01953125
0 0.9609375 0.4 0.025 0.0328125
0 0.4015625 0.3890625 0.0125 0.021875
0 0.5453125 0.36875 0.0140625 0.01796875
0 0.34453125 0.4125 0.01640625 0.0234375
0 0.1140625 0.41640625 0.0140625 0.01796875
0 0.8078125 0.3703125 0.015625 0.021875
0 0.55859375 0.38203125 0.0140625 0.021875
0 0.79765625 0.33203125 0.015625 0.0234375
0 0.35625 0.5328125 0.0171875 0.02578125
0 0.98984375 0.396875 0.01875 0.03359375
0 0.8453125 0.33515625 0.01484375 0.025
0 0.55625 0.35078125 0.0125 0.01953125
0 0.503125 0.31640625 0.0109375 0.015625
0 0.734375 0.31171875 0.0140625 0.01953125
0 0.37890625 0.60703125 0.015625 0.02578125
0 0.10078125 0.4453125 0.0140625 0.02109375
0 0.74765625 0.2953125 0.0109375 0.0171875
0 0.23125 0.39453125 0.01171875 0.01796875
0 0.59609375 0.30625 0.0125 0.01796875
0 0.571875 0.30625 0.0125 0.01796875
0 0.696875 0.296875 0.0109375 0.015625
0 0.67890625 0.3 0.009375 0.0171875
0 0.06640625 0.3984375 0.01171875 0.015625
0 0.75390625 0.3421875 0.0140625 0.01953125
0 0.03046875 0.40703125 0.0140625 0.0171875
0 0.05078125 0.43046875 0.015625 0.0171875
0 0.48359375 0.3859375 0.01171875 0.0171875
0 0.91875 0.253125 0.0109375 0.0140625
0 0.78203125 0.346875 0.015625 0.021875
0 0.18046875 0.31796875 0.00859375 0.01015625
0 0.1328125 0.37578125 0.009375 0.0171875
0 0.884375 0.33203125 0.01484375 0.0234375
0 0.665625 0.3 0.01171875 0.0171875
0 0.51875 0.3625 0.01171875 0.0171875
0 0.53828125 0.396875 0.0140625 0.0234375
0 0.8953125 0.2875 0.0140625 0.01796875
0 0.8296875 0.40078125 0.0171875 0.02578125
0 0.44140625 0.40390625 0.01171875 0.01796875
0 0.68046875 0.25078125 0.0109375 0.0140625
0 0.8671875 0.33828125 0.0140625 0.02109375
0 0.78828125 0.36796875 0.015625 0.01953125
0 0.8640625 0.29296875 0.0140625 0.01796875
0 0.03125 0.3421875 0.0078125 0.01015625
0 0.19375 0.33515625 0.00859375 0.0140625
0 0.4328125 0.36796875 0.0109375 0.0171875
0 0.796875 0.4046875 0.015625 0.02109375
0 0.46953125 0.365625 0.0109375 0.015625
0 0.0046875 0.40546875 0.009375 0.0140625
0 0.2484375 0.378125 0.0125 0.01953125
0 0.08046875 0.4046875 0.0109375 0.0140625
0 0.89609375 0.26796875 0.0125 0.01796875
0 0.00546875 0.38046875 0.0109375 0.01328125
0 0.5265625 0.2953125 0.0109375 0.0140625
0 0.00390625 0.34375 0.0078125 0.01328125
0 0.21796875 0.31875 0.0078125 0.0078125
0 0.1421875 0.3421875 0.0078125 0.01015625
0 0.853125 0.24140625 0.009375 0.0140625
0 0.02109375 0.3703125 0.0109375 0.0140625
0 0.15625 0.31796875 0.0078125 0.0078125
0 0.01640625 0.34296875 0.009375 0.01171875
0 0.0046875 0.3296875 0.00859375 0.01171875
0 0.6546875 0.29375 0.0109375 0.0171875
0 0.58359375 0.4359375 0.0125 0.01953125
0 0.96953125 0.20625 0.009375 0.0140625
0 0.87421875 0.36875 0.01484375 0.0234375
0 0.05546875 0.3421875 0.00859375 0.01015625
0 0.3921875 0.428125 0.01484375 0.01796875
0 0.15625 0.33125 0.0078125 0.01171875
0 0.66171875 0.2375 0.0109375 0.0140625
0 0.68203125 0.3265625 0.0109375 0.01796875
0 0.88359375 0.25546875 0.01171875 0.01796875
0 0.04296875 0.3421875 0.0078125 0.01015625
0 0.078125 0.4265625 0.01171875 0.0171875
0 0.19296875 0.3921875 0.0109375 0.01328125
0 0.31640625 0.3421875 0.0078125 0.01171875
0 0.45234375 0.35703125 0.01171875 0.015625
0 0.16875 0.34296875 0.00859375 0.01171875
0 0.14296875 0.33046875 0.00703125 0.0078125
0 0.13125 0.35625 0.00859375 0.01171875
0 0.48125 0.29296875 0.0078125 0.01328125
0 0.16875 0.31796875 0.00703125 0.0078125
0 0.878125 0.234375 0.0109375 0.015625
0 0.7796875 0.29453125 0.0109375 0.015625
0 0.0921875 0.33046875 0.00703125 0.0078125
0 0.353125 0.603125 0.01640625 0.025