0 0.04609375 0.8015625 0.0296875 0.04453125
0 0.09921875 0.75546875 0.02421875 0.03359375
0 0.69296875 0.79296875 0.0265625 0.0421875
0 0.4890625 0.8140625 0.0296875 0.0421875
0 0.07265625 0.7515625 0.0203125 0.03359375
0 0.58046875 0.7515625 0.02421875 0.03359375
0 0.7484375 0.76328125 0.01953125 0.03203125
0 0.55234375 0.803125 0.03046875 0.04453125
0 0.21015625 0.93125 0.034375 0.0546875
0 0.6140625 0.8140625 0.034375 0.04765625
0 0.13125 0.72578125 0.0203125 0.0296875
0 0.503125 0.74296875 0.02421875 0.0390625
0 0.38984375 0.94453125 0.04375 0.065625
0 0.55390625 0.7015625 0.01640625 0.0234375
0 0.7734375 0.765625 0.021875 0.03046875
0 0.18828125 0.7765625 0.02734375 0.0390625
0 0.8734375 0.759375 0.02265625 0.03515625
0 0.3703125 0.7953125 0.0296875 0.04296875
0 0.53203125 0.9046875 0.0421875 0.0671875
0 0.928125 0.771875 0.0265625 0.040625
0 0.44140625 0.7765625 0.025 0.0359375
0 0.3203125 0.70625 0.015625 0.0234375
0 0.1890625 0.82265625 0.034375 0.04765625
0 0.66875 0.77109375 0.02421875 0.03359375
0 0.4171875 0.85078125 0.0328125 0.05
0 0.721875 0.88984375 0.05546875 0.0671875
0 0.35234375 0.75546875 0.0265625 0.0359375
0 0.5703125 0.9375 0.046875 0.0640625
0 0.4140625 0.73359375 0.021875 0.0296875
0 0.18046875 0.72109375 0.01875 0.0296875
0 0.44375 0.72421875 0.01875 0.0265625
0 0.35625 0.721875 0.01640625 0.02265625
0 0.6546875 0.73984375 0.01875 0.028125
0 0.728125 0.784375 0.0265625 0.04609375
0 0.36484375 0.6890625 0.01640625 0.02109375
0 0.1828125 0.6765625 0.0140625 0.02109375
0 0.30546875 0.78046875 0.0265625 0.0421875
0 0.02890625 0.7390625 0.0203125 0.028125
0 0.6421875 0.78828125 0.025 0.040625
0 0.15390625 0.70625 0.01640625 0.0265625
0 0.8265625 0.7796875 0.0234375 0.03515625
0 0.3109375 0.7390625 0.02265625 0.03046875
0 0.5578125 0.6765625 0.01171875 0.01796875
0 0.73359375 0.7390625 0.0171875 0.025
0 0.89921875 0.73046875 0.0203125 0.028125
0 0.884375 0.79921875 0.03125 0.0390625
0 0.4328125 0.68828125 0.01484375 0.02265625
0 0.89296875 0.8921875 0.03984375 0.0640625
0 0.38359375 0.6890625 0.01484375 0.02109375
0 0.703125 0.7140625 0.0140625 0.02265625
0 0.7390625 0.7015625 0.0140625 0.02109375
0 0.88125 0.7140625 0.01640625 0.0234375
0 0.53515625 0.72734375 0.021875 0.0296875
0 0.21875 0.728125 0.0171875 0.03203125
0 0.27265625 0.70546875 0.0171875 0.028125
0 0.1015625 0.6890625 0.015625 0.02109375
0 0.6421875 0.6890625 0.0140625 0.02109375
0 0.60703125 0.71484375 0.01484375 0.025
0 0.90703125 0.7 0.01640625 0.02265625
0 0.39140625 0.7375 0.0171875 0.028125
0 0.00703125 0.696875 0.0140625 0.025
0 0.34296875 0.67890625 0.0125 0.01953125
0 0.484375 0.71640625 0.015625 0.02265625
0 0.24375 0.759375 0.02734375 0.0375
0 0.41875 0.66796875 0.01171875 0.01640625
0 0.471875 0.6890625 0.01484375 0.02109375
0 0.6828125 0.740625 0.01640625 0.0265625
0 0.64453125 0.71640625 0.015625 0.02265625
0 0.7640625 0.72734375 0.015625 0.02109375
0 0.40546875 0.70703125 0.01484375 0.0234375
0 0.8109375 0.7453125 0.01640625 0.0265625
0 0.29375 0.690625 0.0140625 0.01796875
0 0.0734375 0.7203125 0.015625 0.02265625
0 0.103125 0.66796875 0.0125 0.01640625
0 0.528125 0.68828125 0.01484375 0.02265625
0 0.165625 0.68125 0.0140625 0.02109375
0 0.65703125 0.7046875 0.0140625 0.02109375
0 0.071875 0.68125 0.0125 0.01796875
0 0.14296875 0.66484375 0.0125 0.01640625
0 0.2484375 0.696875 0.015625 0.02265625
0 0.19609375 0.68203125 0.0140625 0.01796875
0 0.6234375 0.72265625 0.0171875 0.0234375
0 0.12578125 0.690625 0.01640625 0.0234375
0 0.265625 0.671875 0.01171875 0.01640625
0 0.8296875 0.74296875 0.0171875 0.025
0 0.3796875 0.66796875 0.009375 0.01640625
0 0.353125 0.66640625 0.01171875 0.01953125
0 0.2046875 0.66796875 0.01171875 0.01640625
0 0.2421875 0.66796875 0.01171875 0.01640625
0 0.28203125 0.74921875 0.021875 0.0265625
0 0.64296875 0.66640625 0.00859375 0.0140625
0 0.79609375 0.7203125 0.01640625 0.02265625
0 0.0640625 0.69765625 0.01484375 0.02109375
0 0.4015625 0.684375 0.0140625 0.01953125
0 0.790625 0.6890625 0.0125 0.01796875
0 0.33828125 0.70625 0.01640625 0.0265625
0 0.0578125 0.66796875 0.01171875 0.015625
0 0.1796875 0.6515625 0.009375 0.015625
0 0.6796875 0.6953125 0.01171875 0.01953125
0 0.53203125 0.66640625 0.009375 0.0140625
0 0.3921875 0.66875 0.01171875 0.01640625
0 0.58359375 0.6765625 0.0109375 0.015625
0 0.75390625 0.69453125 0.01171875 0.01796875
0 0.6078125 0.66796875 0.009375 0.015625
0 0.815625 0.68125 0.0109375 0.01796875
0 0.40703125 0.665625 0.0109375 0.015625
0 0.0453125 0.6640625 0.009375 0.015625
0 0.21875 0.68046875 0.0140625 0.01640625
0 0.2171875 0.6546875 0.009375 0.0140625
0 0.1421875 0.6875 0.01484375 0.02109375
0 0.6703125 0.66796875 0.0109375 0.0140625
0 0.103125 0.7203125 0.0171875 0.02265625
0 0.7953125 0.66796875 0.009375 0.0140625
0 0.76875 0.70078125 0.0140625 0.01953125
0 0.71796875 0.6671875 0.00703125 0.0125
0 0.45390625 0.67734375 0.0140625 0.01640625
0 0.33125 0.64296875 0.00703125 0.0125
0 0.75703125 0.6671875 0.0078125 0.0125
0 0.29296875 0.671875 0.01171875 0.01640625
0 0.2921875 0.6515625 0.009375 0.015625
0 0.115625 0.66796875 0.01171875 0.01796875
0 0.4578125 0.65546875 0.009375 0.0125
0 0.4796875 0.665625 0.009375 0.015625
0 0.36875 0.6546875 0.0109375 0.0140625
0 0.04375 0.69140625 0.0140625 0.02265625
0 0.2453125 0.72734375 0.0203125 0.0265625
0 0.0890625 0.70625 0.01484375 0.0234375
0 0.9265625 0.6890625 0.01171875 0.015625
0 0.56875 0.678125 0.0109375 0.015625
0 0.57890625 0.7140625 0.01484375 0.02109375
0 0.91875 0.728125 0.01640625 0.0265625
0 0.26796875 0.6546875 0.00859375 0.0125
0 0.51640625 0.66796875 0.0109375 0.015625
0 0.0296875 0.68515625 0.0125 0.01796875
0 0.821875 0.7140625 0.01484375 0.01953125
0 0.65703125 0.66796875 0.00859375 0.0125
0 0.0921875 0.6546875 0.009375 0.0125
0 0.1625 0.66015625 0.0109375 0.015625
0 0.8328125 0.68984375 0.01171875 0.01640625
0 0.0046875 0.7453125 0.009375 0.0265625
0 0.50625 0.64140625 0.00703125 0.0109375
0 0.59453125 0.665625 0.00859375 0.015625
0 0.1046875 0.64296875 0.009375 0.0125
0 0.5015625 0.68125 0.0140625 0.01796875
0 0.48125 0.6421875 0.0078125 0.0109375
0 0.55546875 0.65546875 0.00859375 0.0125
0 0.21796875 0.6421875 0.00703125 0.0109375
0 0.4921875 0.64140625 0.0078125 0.0109375
0 0.93125 0.66796875 0.00703125 0.0125
0 0.74140625 0.68046875 0.00859375 0.0140625
0 0.35546875 0.6421875 0.0078125 0.0109375
0 0.56953125 0.65703125 0.0078125 0.015625
0 0.72109375 0.70625 0.0125 0.01796875
0 0.7421875 0.66796875 0.0078125 0.01015625
0 0.61875 0.65546875 0.00703125 0.0125
0 0.4671875 0.66953125 0.009375 0.015625
0 0.6921875 0.66796875 0.00859375 0.0140625
0 0.73125 0.66796875 0.0078125 0.0125
0 0.30546875 0.6546875 0.00859375 0.0125
0 0.62734375 0.68515625 0.0125 0.01796875
0 0.5296875 0.6421875 0.0078125 0.0109375
0 0.25546875 0.6546875 0.00703125 0.0125
0 0.19375 0.6421875 0.00703125 0.0109375
0 0.8046875 0.69765625 0.01171875 0.01796875
0 0.8546875 0.6546875 0.0109375 0.0125
0 0.60625 0.6890625 0.01171875 0.01796875
0 0.878125 0.67734375 0.0109375 0.01640625
0 0.11796875 0.64609375 0.00859375 0.0125
0 0.51796875 0.6515625 0.00859375 0.0125
0 0.31796875 0.6515625 0.0109375 0.0125
0 0.08046875 0.64296875 0.00859375 0.0125
0 0.6296875 0.6640625 0.00859375 0.0125
0 0.3359375 0.66328125 0.009375 0.0140625
0 0.23125 0.6421875 0.00703125 0.0109375
0 0.4046875 0.64609375 0.00859375 0.0125
0 0.4671875 0.653125 0.00859375 0.015625
0 0.2046875 0.6421875 0.0078125 0.0109375
0 0.95546875 0.66796875 0.00859375 0.0140625
0 0.078125 0.9453125 0.0375 0.05625
0 0.81796875 0.653125 0.0109375 0.015625
0 0.15546875 0.63046875 0.0078125 0.01015625
0 0.7671875 0.66796875 0.0078125 0.0125
0 0.2421875 0.6421875 0.0078125 0.0109375
0 0.96171875 0.6875 0.0140625 0.0140625
0 0.9046875 0.67578125 0.009375 0.0140625
0 0.43828125 0.66171875 0.0109375 0.0140625
0 0.04375 0.64296875 0.0078125 0.0125
0 0.3921875 0.6421875 0.0078125 0.0109375
0 0.06953125 0.64296875 0.0078125 0.0125
0 0.13203125 0.646875 0.009375 0.0140625
0 0.99375 0.68046875 0.009375 0.01640625
0 0.38203125 0.64453125 0.0078125 0.01015625
0 0.98125 0.6890625 0.01171875 0.01796875
0 0.31640625 0.66875 0.01171875 0.01640625
0 0.10625 0.63046875 0.00703125 0.01015625
0 0.23125 0.66796875 0.0109375 0.01640625
0 0.58046875 0.64140625 0.00703125 0.0109375
0 0.70546875 0.6671875 0.00859375 0.0125
0 0.60625 0.6546875 0.0078125 0.0109375
0 0.73125 0.65546875 0.00625 0.01015625
0 0.61796875 0.64296875 0.00703125 0.01015625
0 0.43125 0.6296875 0.00703125 0.0109375
0 0.9046875 0.6546875 0.0078125 0.0109375
0 0.540625 0.6765625 0.0109375 0.015625
0 0.540625 0.65546875 0.00859375 0.0125
0 0.59375 0.64296875 0.0078125 0.01015625
0 0.39296875 0.63046875 0.00703125 0.01015625
0 0.5421875 0.64296875 0.0078125 0.01015625
0 0.5796875 0.6546875 0.0078125 0.0140625
0 0.00859375 0.6515625 0.01171875 0.01796875
0 0.20546875 0.6296875 0.00703125 0.00859375
0 0.28046875 0.6421875 0.0078125 0.0109375
0 0.48125 0.63046875 0.00703125 0.01015625
0 0.1421875 0.63046875 0.0078125 0.01015625
0 0.76796875 0.6546875 0.00703125 0.0109375
0 0.41875 0.63046875 0.00703125 0.01015625
0 0.2625 0.63828125 0.00703125 0.0109375
0 0.703125 0.69140625 0.01171875 0.0140625
0 0.36640625 0.66796875 0.009375 0.015625
0 0.06875 0.628125 0.00703125 0.0109375
0 0.09375 0.6296875 0.0078125 0.00859375
0 0.64296875 0.6421875 0.00703125 0.0109375
0 0.55546875 0.64296875 0.00703125 0.01015625
0 0.6796875 0.65546875 0.0078125 0.0125
0 0.4625 0.63671875 0.00703125 0.0109375
0 0.65625 0.65546875 0.0078125 0.0125
0 0.0296875 0.6421875 0.0078125 0.0109375
0 0.56640625 0.6421875 0.0078125 0.0109375
0 0.60625 0.64296875 0.00703125 0.01015625
0 0.94296875 0.66796875 0.00703125 0.0125
0 0.11875 0.63046875 0.0078125 0.01015625
0 0.2796875 0.66640625 0.009375 0.0140625
0 0.415625 0.68828125 0.0140625 0.01953125
0 0.29375 0.63046875 0.00703125 0.01015625
0 0.17421875 0.62421875 0.00703125 0.0109375
0 0.03046875 0.66796875 0.0109375 0.0140625
0 0.40625 0.6296875 0.0078125 0.00859375
0 0.34296875 0.6421875 0.00703125 0.0109375
0 0.44375 0.6421875 0.00859375 0.0109375
0 0.91875 0.6546875 0.0078125 0.0109375
0 0.97890625 0.66796875 0.0109375 0.0140625
0 0.63125 0.64140625 0.00703125 0.0109375
0 0.778125 0.6765625 0.0109375 0.015625
0 0.89296875 0.66953125 0.00859375 0.015625
0 0.04375 0.63046875 0.00703125 0.01015625
0 0.2734375 0.62578125 0.00625 0.00859375
0 0.15703125 0.6421875 0.00859375 0.0109375
0 0.61796875 0.6296875 0.00625 0.00859375
0 0.853125 0.7078125 0.0125 0.01953125
0 0.28046875 0.6296875 0.00703125 0.00859375
0 0.3125 0.63671875 0.0078125 0.0109375
0 0.91875 0.64296875 0.00703125 0.01015625
0 0.30546875 0.6296875 0.00703125 0.00859375
0 0.74296875 0.6546875 0.00703125 0.00859375
0 0.65546875 0.64296875 0.00703125 0.01015625
0 0.34296875 0.6296875 0.00703125 0.00859375
0 0.91796875 0.66796875 0.0078125 0.0140625
0 0.7796875 0.65546875 0.0078125 0.01015625
0 0.21796875 0.6296875 0.00703125 0.00859375
0 0.5234375 0.62578125 0.00625 0.00859375
0 0.60625 0.63046875 0.00625 0.00703125
0 0.08046875 0.63046875 0.00703125 0.01015625
0 0.0046875 0.6703125 0.00859375 0.01953125
0 0.290625 0.95703125 0.04296875 0.07421875
0 0.8921875 0.6546875 0.0078125 0.0109375
0 0.88203125 0.65546875 0.0078125 0.0125
0 0.01875 0.6421875 0.00703125 0.0109375
0 0.14296875 0.60546875 0.00703125 0.00703125
0 0.325 0.62578125 0.00703125 0.00859375
0 0.71796875 0.6421875 0.00703125 0.00859375
0 0.49453125 0.6546875 0.00859375 0.0140625
0 0.33046875 0.6296875 0.00703125 0.00859375
0 0.41796875 0.64296875 0.0078125 0.0125
0 0.18046875 0.63046875 0.00703125 0.01015625
0 0.94375 0.6546875 0.00703125 0.0109375
0 0.53046875 0.6296875 0.0078125 0.00859375
0 0.5171875 0.6296875 0.00625 0.00859375
0 0.99453125 0.64140625 0.00859375 0.0125
0 0.8046875 0.6546875 0.0078125 0.0125
0 0.68046875 0.6296875 0.00625 0.00859375
0 0.54375 0.6296875 0.00703125 0.00859375
0 0.66875 0.64296875 0.00703125 0.01015625
0 0.00390625 0.63046875 0.0078125 0.0125
0 0.98125 0.64296875 0.00703125 0.01015625
0 0.50390625 0.65703125 0.009375 0.015625
0 0.19375 0.6546875 0.00859375 0.0140625
0 0.90546875 0.6421875 0.00703125 0.00859375
0 0.16875 0.6421875 0.0078125 0.0109375
0 0.79375 0.64296875 0.00703125 0.01015625
0 0.83046875 0.65546875 0.00859375 0.0125
0 0.93671875 0.63828125 0.00703125 0.00859375
0 0.51484375 0.7140625 0.01640625 0.02265625
0 0.89296875 0.64296875 0.00703125 0.01015625
0 0.5796875 0.6296875 0.00625 0.00859375
0 0.63125 0.6296875 0.00625 0.00859375
0 0.44453125 0.6296875 0.0078125 0.0109375
0 0.57421875 0.62578125 0.00625 0.00859375
0 0.66875 0.6296875 0.00625 0.00859375
0 0.38125 0.6296875 0.00625 0.00859375
0 0.8046875 0.678125 0.009375 0.015625