0 0.415625 0.56796875 0.04765625 0.08046875
0 0.221875 0.5421875 0.06171875 0.08984375
0 0.16875 0.4 0.06171875 0.08046875
0 0.6890625 0.16953125 0.034375 0.04921875
0 0.7765625 0.0296875 0.01953125 0.03125
0 0.2078125 0.7484375 0.071875 0.1109375
0 0.26484375 0.0625 0.02265625 0.03125
0 0.109375 0.08671875 0.021875 0.0296875
0 0.734375 0.20390625 0.02734375 0.040625
0 0.43984375 0.06875 0.02421875 0.0375
0 0.721875 0.0390625 0.02265625 0.03125
0 0.89140625 0.19375 0.0328125 0.04921875
0 0.98671875 0.0140625 0.0203125 0.028125
0 0.4453125 0.11328125 0.015625 0.0234375
0 0.4125 0.08125 0.01953125 0.0328125
0 0.48359375 0.0875 0.01640625 0.02578125
0 0.7171875 0.0125 0.01953125 0.025
0 0.81171875 0.01171875 0.0171875 0.0234375
0 0.6453125 0.3 0.0171875 0.025
0 0.93125 0.053125 0.01875 0.0234375
0 0.46640625 0.00625 0.0140625 0.0125
0 0.9296875 0.00625 0.015625 0.0125
0 0.24296875 0.05703125 0.02265625 0.03359375