0 0.0796875 0.64765625 0.04296875 0.06640625
0 0.0265625 0.2796875 0.02734375 0.040625
0 0.1234375 0.2734375 0.02421875 0.03671875
0 0.36796875 0.2875 0.025 0.0390625
0 0.56328125 0.396875 0.03046875 0.0546875
0 0.4421875 0.4703125 0.0328125 0.04921875
0 0.4671875 0.71796875 0.04296875 0.06875
0 0.19140625 0.12265625 0.0140625 0.02109375
0 0.34609375 0.13125 0.0125 0.01953125
0 0.49921875 0.378125 0.0328125 0.05078125
0 0.6546875 0.2359375 0.02734375 0.04140625
0 0.8890625 0.3390625 0.040625 0.05625
0 0.73046875 0.1734375 0.01953125 0.02890625
0 0.35625 0.4046875 0.03125 0.04453125
0 0.16796875 0.1265625 0.0140625 0.02109375
0 0.753125 0.25390625 0.02421875 0.0390625
0 0.68359375 0.1609375 0.0171875 0.02734375
0 0.2515625 0.3890625 0.0296875 0.0453125
0 0.4890625 0.0796875 0.0140625 0.02109375
0 0.53359375 0.0453125 0.0125 0.0171875
0 0.65703125 0.0953125 0.01484375 0.02109375
0 0.196875 0.5625 0.03203125 0.05234375
0 0.5265625 0.08515625 0.0140625 0.01953125
0 0.76953125 0.1859375 0.021875 0.02578125
0 0.24921875 0.2734375 0.02421875 0.0390625
0 0.8984375 0.65 0.0609375 0.0875
0 0.27265625 0.49375 0.03515625 0.05703125
0 0.40703125 0.33046875 0.0234375 0.03671875
0 0.096875 0.25625 0.02421875 0.0375
0 0.721875 0.3734375 0.03125 0.05078125
0 0.4328125 0.12265625 0.015625 0.0234375
0 0.23125 0.13046875 0.01171875 0.01796875
0 0.796875 0.6625 0.0625 0.0875
0 0.28125 0.10390625 0.0140625 0.01796875
0 0.1375 0.3109375 0.03125 0.04296875
0 0.20859375 0.88046875 0.0671875 0.09375
0 0.2140625 0.0546875 0.0109375 0.01796875
0 0.81328125 0.1265625 0.0171875 0.02578125
0 0.353125 0.22265625 0.01953125 0.03125
0 0.328125 0.09140625 0.01171875 0.01796875
0 0.365625 0.1015625 0.01171875 0.01796875
0 0.88984375 0.01796875 0.01171875 0.01796875
0 0.0203125 0.13203125 0.0140625 0.021875
0 0.0046875 0.1390625 0.009375 0.021875
0 0.60625 0.084375 0.0140625 0.02109375
0 0.628125 0.13125 0.01640625 0.0234375
0 0.1265625 0.05390625 0.0109375 0.0171875
0 0.2703125 0.0671875 0.01171875 0.0140625
0 0.04765625 0.146875 0.015625 0.02109375
0 0.4 0.19296875 0.01875 0.03125
0 0.0984375 0.13828125 0.01484375 0.02109375
0 0.07890625 0.14453125 0.015625 0.0234375
0 0.46796875 0.0875 0.0125 0.01953125
0 0.70234375 0.2515625 0.028125 0.0390625
0 0.1453125 0.08046875 0.01171875 0.01796875
0 0.20390625 0.29140625 0.0265625 0.0390625
0 0.73359375 0.11875 0.01484375 0.01953125
0 0.253125 0.0765625 0.0109375 0.01953125
0 0.7890625 0.1375 0.015625 0.025
0 0.76484375 0.14140625 0.015625 0.025
0 0.1515625 0.04375 0.009375 0.0140625
0 0.47265625 0.1390625 0.0171875 0.0234375
0 0.365625 0.06875 0.0109375 0.01796875
0 0.728125 0.0796875 0.0140625 0.02109375
0 0.5484375 0.065625 0.0140625 0.01953125
0 0.74140625 0.01796875 0.0140625 0.01796875
0 0.12890625 0.0984375 0.01171875 0.01953125
0 0.34453125 0.05546875 0.0109375 0.0140625
0 0.590625 0.03046875 0.0125 0.01953125
0 0.865625 0.00625 0.0125 0.01171875
0 0.1640625 0.07421875 0.0140625 0.01796875
0 0.4328125 0.0296875 0.009375 0.01328125
0 0.5515625 0.03046875 0.01171875 0.01953125
0 0.04375 0.06328125 0.0109375 0.0171875
0 0.384375 0.05078125 0.01171875 0.01796875
0 0.4046875 0.0296875 0.00859375 0.0140625
0 0.503125 0.01796875 0.0109375 0.01796875
0 0.10234375 0.0921875 0.01171875 0.01953125
0 0.06640625 0.065625 0.01171875 0.01953125
0 0.66875 0.04921875 0.0125 0.01796875
0 0.428125 0.0421875 0.01171875 0.0140625
0 0.0046875 0.05546875 0.00859375 0.01953125
0 0.165625 0.04453125 0.0109375 0.015625
0 0.54375 0.13125 0.0171875 0.0234375
0 0.43984375 0.06328125 0.0125 0.01953125
0 0.19375 0.0421875 0.00859375 0.0140625
0 0.4578125 0.03828125 0.00859375 0.0171875
0 0.0953125 0.0421875 0.0109375 0.0140625
0 0.58671875 0.06796875 0.01484375 0.02109375
0 0.365625 0.04296875 0.0109375 0.01328125
0 0.39296875 0.03046875 0.00859375 0.01171875
0 0.33046875 0.04296875 0.00859375 0.01328125
0 0.38203125 0.0296875 0.0078125 0.01171875
0 0.30625 0.0796875 0.0109375 0.0140625
0 0.2171875 0.00625 0.009375 0.01171875
0 0.19453125 0.05703125 0.009375 0.015625
0 0.31640625 0.053125 0.009375 0.015625
0 0.440625 0.04375 0.0109375 0.0140625
0 0.4890625 0.0390625 0.01171875 0.015625
0 0.0203125 0.2359375 0.02734375 0.0296875
0 0.35625 0.00546875 0.00859375 0.01015625
0 0.31640625 0.01796875 0.0078125 0.01328125
0 0.22890625 0.0296875 0.0109375 0.0140625
0 0.03984375 0.12265625 0.0140625 0.01796875
0 0.44375 0.02890625 0.00859375 0.01328125
0 0.56640625 0.084375 0.0140625 0.01796875
0 0.303125 0.10390625 0.01171875 0.01796875
0 0.19375 0.00625 0.0109375 0.01171875
0 0.8328125 0.0765625 0.0140625 0.02109375
0 0.35625 0.03046875 0.0078125 0.01171875
0 0.40546875 0.0046875 0.00703125 0.009375
0 0.78046875 0.00625 0.0140625 0.01171875
0 0.38046875 0.00546875 0.00703125 0.01015625
0 0.0515625 0.0828125 0.01171875 0.01953125
0 0.4671875 0.0171875 0.009375 0.015625
0 0.31953125 0.03046875 0.0078125 0.01171875
0 0.3921875 0.0703125 0.01171875 0.01796875
0 0.4421875 0.00546875 0.00859375 0.01015625
0 0.1375 0.13828125 0.01484375 0.02109375
0 0.30625 0.01796875 0.00703125 0.01328125
0 0.7390625 0.1390625 0.01484375 0.0234375
0 0.81953125 0.01796875 0.0140625 0.01796875
0 0.3421875 0.01796875 0.0078125 0.01328125
0 0.25703125 0.00625 0.009375 0.01171875
0 0.08046875 0.0796875 0.0109375 0.015625
0 0.36875 0.01796875 0.00703125 0.01328125
0 0.5171875 0.00546875 0.01171875 0.01015625
0 0.3953125 0.10390625 0.0140625 0.01796875
0 0.29296875 0.03046875 0.0078125 0.01171875
0 0.30234375 0.13203125 0.0125 0.021875
0 0.54375 0.09140625 0.0125 0.01796875
0 0.41875 0.0046875 0.0078125 0.009375
0 0.41875 0.01796875 0.0078125 0.01328125
0 0.4890625 0.1375 0.0171875 0.025
0 0.29375 0.07890625 0.00859375 0.0140625
0 0.20546875 0.0140625 0.00859375 0.0140625
0 0.27421875 0.025 0.00859375 0.01328125
0 0.2796875 0.00546875 0.00859375 0.01015625
0 0.34296875 0.03203125 0.00703125 0.01171875
0 0.328125 0.18671875 0.0171875 0.025
0 0.46953125 0.0359375 0.0109375 0.0171875
0 0.69453125 0.08046875 0.0140625 0.01796875
0 0.30234375 0.04296875 0.00859375 0.01328125
0 0.509375 0.04140625 0.01171875 0.01796875
0 0.2359375 0.06171875 0.0109375 0.0140625
0 0.11796875 0.07890625 0.0109375 0.0171875
0 0.3296875 0.01796875 0.0078125 0.01328125
0 0.21328125 0.0359375 0.00859375 0.0171875
0 0.18125 0.0171875 0.0109375 0.0140625
0 0.18046875 0.05546875 0.00859375 0.0171875
0 0.4265625 0.0609375 0.0140625 0.01796875
0 0.33125 0.06875 0.0109375 0.01328125
0 0.8390625 0.0546875 0.0140625 0.01796875
0 0.2453125 0.03125 0.009375 0.01328125
0 0.29375 0.05625 0.0078125 0.01328125
0 0.0671875 0.0875 0.009375 0.0171875
0 0.3109375 0.1796875 0.0171875 0.02578125
0 0.3421875 0.0046875 0.0078125 0.009375
0 0.48515625 0.01328125 0.009375 0.015625
0 0.36875 0.00546875 0.00703125 0.0078125
0 0.24296875 0.01796875 0.00859375 0.01328125
0 0.31640625 0.0046875 0.0078125 0.009375
0 0.35625 0.04296875 0.0078125 0.01328125
0 0.39296875 0.0046875 0.00703125 0.009375
0 0.03203125 0.0921875 0.01171875 0.01796875
0 0.28671875 0.01171875 0.00703125 0.01328125
0 0.33203125 0.0046875 0.0078125 0.009375
0 0.24140625 0.09765625 0.009375 0.01796875
0 0.3921875 0.01796875 0.0078125 0.01328125