1 0.33984375 0.7921875 0.02734375 0.04375
1 0.37578125 0.6625 0.03125 0.0484375
1 0.815625 0.70546875 0.03125 0.04375
1 0.73203125 0.609375 0.03046875 0.046875
1 0.9359375 0.609375 0.025 0.04375
1 0.41875 0.64296875 0.0296875 0.040625
1 0.9125 0.715625 0.0328125 0.05
1 0.15 0.57890625 0.0265625 0.0421875
1 0.33359375 0.46796875 0.0265625 0.0484375
1 0.34453125 0.93828125 0.028125 0.05234375
1 0.2984375 0.7609375 0.02421875 0.0421875
1 0.2484375 0.87890625 0.03046875 0.0453125
1 0.53203125 0.9234375 0.02734375 0.0484375
1 0.47265625 0.64765625 0.02734375 0.0421875
1 0.65546875 0.59140625 0.02734375 0.04375
1 0.60390625 0.42265625 0.02421875 0.03984375
1 0.31484375 0.646875 0.02421875 0.03828125
1 0.6921875 0.8546875 0.0375 0.05
1 0.865625 0.946875 0.03515625 0.05703125
1 0.496875 0.38828125 0.021875 0.040625
1 0.6859375 0.6578125 0.0296875 0.0421875
1 0.446875 0.91796875 0.0328125 0.05546875
1 0.659375 0.80390625 0.025 0.05
1 0.2484375 0.55625 0.0234375 0.03828125
1 0.5453125 0.459375 0.025 0.03671875
1 0.8890625 0.85625 0.0375 0.06171875
1 0.96015625 0.409375 0.02734375 0.0421875
1 0.784375 0.96171875 0.03515625 0.05859375
1 0.6140625 0.5046875 0.02265625 0.03671875
1 0.79375 0.61484375 0.0265625 0.04375
1 0.453125 0.8296875 0.0296875 0.0453125
1 0.6875 0.375 0.0234375 0.040625
1 0.51484375 0.8078125 0.03203125 0.0421875
1 0.24296875 0.8296875 0.03046875 0.0421875
1 0.725 0.771875 0.028125 0.046875
1 0.321875 0.5609375 0.0265625 0.03828125
1 0.50546875 0.671875 0.02421875 0.04375
1 0.4109375 0.3125 0.02265625 0.03671875
1 0.94375 0.94375 0.0390625 0.05703125
1 0.1921875 0.6859375 0.02734375 0.0484375
1 0.4765625 0.52578125 0.0234375 0.03828125
1 0.4375 0.246875 0.01953125 0.028125
1 0.43515625 0.4078125 0.02421875 0.03984375
1 0.38359375 0.41328125 0.02265625 0.03359375
1 0.5609375 0.66640625 0.025 0.040625
1 0.246875 0.48515625 0.0234375 0.03984375
1 0.246875 0.7296875 0.03046875 0.0453125
1 0.38125 0.5625 0.02421875 0.04375
1 0.6125 0.75859375 0.0296875 0.046875
1 0.4515625 0.56171875 0.0234375 0.03984375
1 0.2390625 0.9734375 0.034375 0.04375
1 0.84765625 0.4171875 0.021875 0.03828125
1 0.70703125 0.9125 0.0703125 0.1640625
1 0.96328125 0.8375 0.034375 0.046875
1 0.440625 0.0546875 0.0171875 0.03359375
1 0.15390625 0.68046875 0.028125 0.040625
1 0.1984375 0.41484375 0.0234375 0.03671875
1 0.84375 0.64140625 0.0296875 0.05
1 0.35234375 0.73046875 0.0234375 0.040625
1 0.5 0.4609375 0.025 0.03515625
1 0.8859375 0.47890625 0.02421875 0.040625
1 0.35234375 0.834375 0.06875 0.12890625
1 0.66484375 0.48828125 0.02265625 0.03671875
1 0.7921875 0.421875 0.02421875 0.03828125
1 0.91328125 0.57421875 0.0234375 0.04375
1 0.43984375 0.45859375 0.02265625 0.03515625
1 0.1859375 0.59375 0.02265625 0.03046875
1 0.16484375 0.7265625 0.028125 0.0453125
1 0.51875 0.31953125 0.0234375 0.03671875
1 0.571875 0.478125 0.021875 0.0421875
1 0.16328125 0.7765625 0.02734375 0.0421875
1 0.63125 0.553125 0.02421875 0.040625
1 0.815625 0.4828125 0.0265625 0.04375
1 0.3015625 0.71953125 0.03046875 0.03671875
1 0.1875 0.3484375 0.01953125 0.03515625
1 0.58125 0.59921875 0.02421875 0.04375
1 0.584375 0.534375 0.02265625 0.03828125
1 0.45703125 0.94296875 0.07421875 0.10546875
1 0.71953125 0.70625 0.0265625 0.0484375
1 0.64140625 0.21328125 0.01953125 0.03359375
1 0.36015625 0.540625 0.0234375 0.0453125
1 0.3140625 0.87890625 0.03203125 0.0515625
1 0.3265625 0.31640625 0.0234375 0.03203125
1 0.72421875 0.4234375 0.0203125 0.03515625
1 0.35390625 0.9546875 0.06953125 0.08515625
1 0.89140625 0.378125 0.021875 0.03828125
1 0.603125 0.828125 0.034375 0.0421875
1 0.40546875 0.875 0.0359375 0.0484375
1 0.2953125 0.471875 0.0234375 0.0421875
1 0.3859375 0.4609375 0.0203125 0.03515625
1 0.7859375 0.559375 0.03046875 0.04375
1 0.0359375 0.678125 0.028125 0.046875
1 0.8 0.80546875 0.06953125 0.24296875
1 0.8765625 0.57109375 0.025 0.04375
1 0.32265625 0.6859375 0.07109375 0.115625
1 0.4125 0.5140625 0.021875 0.03828125
1 0.04921875 0.9625 0.034375 0.05703125
1 0.7671875 0.33515625 0.0234375 0.03515625
1 0.865625 0.9578125 0.053125 0.07890625
1 0.54140625 0.946875 0.065625 0.0984375
1 0.10625 0.7375 0.0234375 0.03671875
1 0.365625 0.3046875 0.021875 0.03828125
1 0.04140625 0.42890625 0.02421875 0.040625
1 0.4390625 0.134375 0.05625 0.19296875
1 0.4390625 0.334375 0.021875 0.03671875
1 0.67265625 0.0796875 0.015625 0.028125
1 0.1546875 0.5140625 0.0265625 0.040625
1 0.8546875 0.5296875 0.02734375 0.04375
1 0.25859375 0.428125 0.02734375 0.03984375
1 0.3265625 0.35390625 0.021875 0.03671875
1 0.30546875 0.21015625 0.02265625 0.03359375
1 0.53203125 0.85859375 0.0703125 0.14765625
1 0.51875 0.48984375 0.025 0.03984375
1 0.65703125 0.42578125 0.02265625 0.03515625
1 0.93828125 0.51484375 0.0265625 0.0421875
1 0.46875 0.70625 0.03125 0.0515625
1 0.709375 0.36640625 0.02265625 0.03984375
1 0.0640625 0.56015625 0.02421875 0.03984375
1 0.41328125 0.5859375 0.025 0.03828125
1 0.534375 0.60625 0.021875 0.040625
1 0.19296875 0.80390625 0.0265625 0.040625
1 0.24296875 0.36328125 0.021875 0.03828125
1 0.41484375 0.7359375 0.03046875 0.05390625
1 0.47734375 0.31328125 0.02265625 0.03515625
1 0.22734375 0.28125 0.01953125 0.03203125
1 0.0390625 0.2359375 0.01953125 0.02890625
1 0.25859375 0.61640625 0.05625 0.1578125
1 0.21796875 0.20703125 0.0234375 0.03984375
1 0.14921875 0.39921875 0.02421875 0.03671875
1 0.6859375 0.44765625 0.021875 0.03515625
1 0.32890625 0.0125 0.01953125 0.025
1 0.7734375 0.1109375 0.01953125 0.03515625
1 0.1671875 0.41875 0.0203125 0.040625
1 0.73125 0.5390625 0.028125 0.040625
1 0.2578125 0.28203125 0.0234375 0.03671875
1 0.0953125 0.4015625 0.021875 0.03984375
1 0.09140625 0.509375 0.02421875 0.03515625
1 0.27890625 0.51640625 0.0203125 0.03359375
1 0.82890625 0.1078125 0.01953125 0.03046875
1 0.72578125 0.47109375 0.025 0.04375
1 0.74921875 0.41875 0.0203125 0.03515625
1 0.3359375 0.40625 0.021875 0.03046875
1 0.48515625 0.61171875 0.0265625 0.03828125
1 0.253125 0.2015625 0.01875 0.025
1 0.39296875 0.3671875 0.02421875 0.03515625
1 0.20625 0.5421875 0.025 0.0421875
1 0.39765625 0.2609375 0.01875 0.02890625
1 0.51328125 0.1828125 0.01875 0.0265625
1 0.46953125 0.16171875 0.01875 0.03046875
1 0.6765625 0.71015625 0.05546875 0.14921875
1 0.390625 0.13046875 0.0390625 0.18125
1 0.12890625 0.34453125 0.0234375 0.03671875
1 0.6265625 0.68046875 0.03046875 0.0453125
1 0.45234375 0.48359375 0.0203125 0.03671875
1 0.09765625 0.553125 0.025 0.03828125
1 0.20234375 0.4828125 0.02265625 0.03828125
1 0.6125 0.46015625 0.04765625 0.11875
1 0.89765625 0.78515625 0.07890625 0.1875
1 0.38984375 0.053125 0.0203125 0.03046875
1 0.128125 0.62890625 0.028125 0.03984375
1 0.096875 0.3234375 0.0203125 0.03203125
1 0.22421875 0.23828125 0.03984375 0.10078125
1 0.78828125 0.6546875 0.0578125 0.1203125
1 0.1421875 0.45859375 0.0203125 0.03203125
1 0.74609375 0.35859375 0.0234375 0.03828125
1 0.90859375 0.4015625 0.02265625 0.03671875
1 0.5515625 0.41953125 0.0234375 0.0421875
1 0.2484375 0.69765625 0.0296875 0.03984375
1 0.30703125 0.2515625 0.04765625 0.1171875
1 0.66875 0.3234375 0.0234375 0.03828125
1 0.25078125 0.7546875 0.05859375 0.0984375
1 0.5125 0.71640625 0.05078125 0.13359375
1 0.32109375 0.59375 0.0484375 0.10390625
1 0.0921875 0.4640625 0.02734375 0.040625
1 0.8421875 0.45703125 0.025 0.03203125
1 0.52265625 0.3546875 0.04375 0.10703125
1 0.98515625 0.3125 0.0234375 0.03359375
1 0.74140625 0.15390625 0.02265625 0.03203125
1 0.13125 0.26484375 0.02421875 0.040625
1 0.6453125 0.63046875 0.0546875 0.12421875
1 0.07734375 0.225 0.01953125 0.03671875
1 0.75859375 0.5078125 0.0203125 0.03828125
1 0.06953125 0.09375 0.01484375 0.0234375
1 0.51796875 0.53125 0.02265625 0.03515625
1 0.44609375 0.2953125 0.03984375 0.12734375
1 0.20234375 0.7296875 0.05078125 0.1359375
1 0.9328125 0.70859375 0.07890625 0.24296875
1 0.084375 0.64140625 0.025 0.040625
1 0.496875 0.5796875 0.98359375 0.8109375
1 0.4265625 0.678125 0.05 0.1140625
1 0.85078125 0.73203125 0.06953125 0.23125
1 0.565625 0.74140625 0.0484375 0.1921875
1 0.87578125 0.11640625 0.0234375 0.03046875
1 0.96015625 0.1515625 0.021875 0.03984375
1 0.2296875 0.45703125 0.0203125 0.03828125
1 0.09765625 0.83828125 0.0328125 0.0515625
1 0.334375 0.09140625 0.0546875 0.1828125
1 0.80703125 0.134375 0.0203125 0.03203125
1 0.009375 0.78515625 0.01875 0.0421875