0 0.4015625 0.38046875 0.03125 0.04921875
0 0.28203125 0.04765625 0.015625 0.021875
0 0.2140625 0.4046875 0.0359375 0.05078125
0 0.4640625 0.3859375 0.03515625 0.0484375
0 0.56171875 0.35546875 0.0359375 0.04921875
0 0.23828125 0.26875 0.02734375 0.0375
0 0.296875 0.20390625 0.0234375 0.0375
0 0.50390625 0.10390625 0.01953125 0.03125
0 0.475 0.49296875 0.0421875 0.0640625
0 0.06875 0.3375 0.03046875 0.04453125
0 0.7765625 0.38125 0.0328125 0.05078125
0 0.22109375 0.4734375 0.0421875 0.0640625
0 0.7140625 0.1515625 0.021875 0.03515625
0 0.378125 0.13046875 0.02265625 0.03671875
0 0.31328125 0.1609375 0.02265625 0.0328125
0 0.5359375 0.240625 0.02734375 0.03671875
0 0.4171875 0.225 0.0234375 0.04140625
0 0.60625 0.175 0.021875 0.03515625
0 0.67109375 0.16640625 0.025 0.0390625
0 0.29921875 0.06171875 0.01875 0.0296875
0 0.09921875 0.1109375 0.02421875 0.0328125
0 0.18046875 0.16171875 0.02265625 0.03125
0 0.58125 0.1953125 0.0265625 0.0390625
0 0.2765625 0.39921875 0.0375 0.05625
0 0.4921875 0.03046875 0.015625 0.025
0 0.53515625 0.18671875 0.021875 0.0328125
0 0.459375 0.040625 0.01484375 0.021875
0 0.071875 0.65546875 0.0703125 0.08203125
0 0.65234375 0.2921875 0.0234375 0.0375
0 0.4015625 0.04921875 0.01875 0.02578125
0 0.5484375 0.30078125 0.028125 0.0390625
0 0.025 0.43125 0.05 0.0703125
0 0.284375 0.10078125 0.0203125 0.0328125
0 0.04375 0.0625 0.02265625 0.03125
0 0.37890625 0.04921875 0.0171875 0.02578125
0 0.3078125 0.03515625 0.01640625 0.0234375
0 0.43671875 0.0375 0.01875 0.02578125
0 0.2046875 0.06015625 0.01953125 0.03125
0 0.2359375 0.0484375 0.0171875 0.02578125
0 0.8703125 0.36875 0.03828125 0.04921875
0 0.5203125 0.01796875 0.0140625 0.02578125
0 0.2140625 0.18125 0.025 0.0390625
0 0.23125 0.08125 0.01953125 0.02734375
0 0.3734375 0.36953125 0.0234375 0.0390625
0 0.6015625 0.03046875 0.015625 0.01953125
0 0.43828125 0.0078125 0.015625 0.015625
0 0.5796875 0.02890625 0.0140625 0.02109375
0 0.378125 0.00703125 0.01484375 0.0140625
0 0.165625 0.0765625 0.01875 0.02734375
0 0.26640625 0.0265625 0.01484375 0.021875
0 0.55703125 0.01015625 0.0140625 0.0203125
0 0.36171875 0.01015625 0.0140625 0.0203125
0 0.5921875 0.10078125 0.01875 0.0296875
0 0.5015625 0.00625 0.01484375 0.01171875
0 0.52265625 0.33671875 0.0328125 0.04296875
0 0.61484375 0.31875 0.0265625 0.0328125
0 0.7125 0.009375 0.0125 0.01875
0 0.79375 0.00625 0.01484375 0.01171875
0 0.628125 0.01640625 0.0125 0.01953125
0 0.728125 0.05078125 0.01484375 0.02109375
0 0.17890625 0.13515625 0.021875 0.02109375
0 0.73984375 0.0296875 0.01484375 0.02109375
0 0.48125 0.00625 0.01484375 0.01171875
0 0.603125 0.00625 0.01484375 0.01171875
0 0.746875 0.00703125 0.01484375 0.0140625
0 0.61953125 0.12421875 0.0203125 0.0296875
0 0.0046875 0.13046875 0.00859375 0.02578125
0 0.0078125 0.5140625 0.015625 0.07421875