1 0.49765625 0.496875 0.99296875 0.9765625
1 0.63203125 0.68203125 0.03125 0.08125
1 0.26484375 0.73203125 0.0765625 0.303125
1 0.44609375 0.5828125 0.03671875 0.07578125
1 0.4875 0.7390625 0.03515625 0.07890625
1 0.63203125 0.77265625 0.07421875 0.26796875
1 0.26171875 0.61484375 0.03359375 0.0703125
1 0.79609375 0.75078125 0.0390625 0.090625
1 0.44375 0.66015625 0.07421875 0.2359375
1 0.47421875 0.4109375 0.03125 0.0703125
1 0.7890625 0.84140625 0.0890625 0.27734375
1 0.2328125 0.953125 0.03515625 0.07578125
1 0.17265625 0.83359375 0.03125 0.07578125
1 0.78359375 0.46328125 0.08203125 0.33203125
1 0.4125 0.42578125 0.028125 0.07578125
1 0.528125 0.79765625 0.03359375 0.07890625
1 0.18046875 0.64609375 0.075 0.29453125
1 0.36328125 0.43125 0.0484375 0.29140625
1 0.0640625 0.72265625 0.03125 0.08125
1 0.30546875 0.5484375 0.0296875 0.0703125
1 0.8015625 0.328125 0.03125 0.0609375
1 0.1046875 0.409375 0.0296875 0.0671875
1 0.4328125 0.7359375 0.03359375 0.07890625
1 0.17734375 0.5421875 0.03125 0.07578125
1 0.36953125 0.71171875 0.03125 0.0703125
1 0.5078125 0.4125 0.028125 0.0671875
1 0.47734375 0.50703125 0.05234375 0.25625
1 0.56875 0.52734375 0.03359375 0.0640625
1 0.6765625 0.92890625 0.03359375 0.084375
1 0.29453125 0.46171875 0.0296875 0.0609375
1 0.678125 0.66171875 0.040625 0.09921875
1 0.76640625 0.55234375 0.03359375 0.07265625
1 0.91953125 0.48125 0.03203125 0.0703125
1 0.31328125 0.625 0.046875 0.22421875
1 0.24765625 0.42109375 0.0296875 0.0671875
1 0.515625 0.53046875 0.04609375 0.29765625
1 0.5796875 0.371875 0.03125 0.0671875
1 0.5703125 0.64609375 0.0578125 0.30625
1 0.11796875 0.64140625 0.03359375 0.07578125
1 0.61640625 0.51640625 0.03515625 0.07578125
1 0.1703125 0.8921875 0.0796875 0.1921875
1 0.41953125 0.8234375 0.040625 0.07890625
1 0.53671875 0.35546875 0.0265625 0.05859375
1 0.1703125 0.44140625 0.03125 0.0609375
1 0.28359375 0.321875 0.028125 0.0671875
1 0.6265625 0.9390625 0.03671875 0.07578125
1 0.48828125 0.821875 0.059375 0.25078125
1 0.01875 0.6296875 0.0296875 0.08125
1 0.8875 0.76640625 0.0390625 0.08125
1 0.3765625 0.76953125 0.05546875 0.18671875
1 0.31640625 0.7390625 0.0296875 0.0671875
1 0.9625 0.42421875 0.03203125 0.0671875
1 0.2671875 0.90390625 0.04453125 0.09921875
1 0.15234375 0.4171875 0.0296875 0.0640625
1 0.36171875 0.31171875 0.028125 0.05859375
1 0.3421875 0.953125 0.040625 0.07578125
1 0.23671875 0.55703125 0.03203125 0.07578125
1 0.51875 0.28984375 0.03125 0.07265625
1 0.67890625 0.4328125 0.03359375 0.0671875
1 0.415625 0.5 0.059375 0.23046875
1 0.10546875 0.9140625 0.03359375 0.07265625
1 0.29296875 0.34375 0.05 0.11640625
1 0.27734375 0.55703125 0.0296875 0.0640625
1 0.84375 0.60078125 0.03515625 0.0703125
1 0.15625 0.2796875 0.0296875 0.0640625
1 0.71953125 0.3515625 0.0390625 0.07265625
1 0.21953125 0.29140625 0.0265625 0.0640625
1 0.7578125 0.73359375 0.03203125 0.07265625
1 0.58671875 0.4390625 0.059375 0.20078125
1 0.065625 0.31796875 0.028125 0.05859375
1 0.84609375 0.6984375 0.03125 0.0671875
1 0.71484375 0.5015625 0.03203125 0.05859375
1 0.390625 0.9328125 0.03359375 0.0703125
1 0.61875 0.60078125 0.05 0.24453125
1 0.92109375 0.5921875 0.06328125 0.29765625
1 0.04375 0.53359375 0.028125 0.0640625
1 0.425 0.8859375 0.07265625 0.20390625
1 0.63359375 0.33203125 0.0265625 0.05859375
1 0.9203125 0.24765625 0.03515625 0.0703125
1 0.5453125 0.890625 0.03515625 0.07265625
1 0.40703125 0.33359375 0.03125 0.0609375
1 0.09453125 0.83515625 0.0296875 0.07265625
1 0.85 0.38359375 0.03125 0.0609375
1 0.0265625 0.7640625 0.03359375 0.0875
1 0.49296875 0.66015625 0.0296875 0.0609375
1 0.45859375 0.94765625 0.04609375 0.09296875
1 0.2171875 0.4984375 0.03125 0.05859375
1 0.67734375 0.5234375 0.05390625 0.2421875
1 0.39140625 0.63984375 0.03203125 0.0609375
1 0.0625 0.6265625 0.065625 0.25625
1 0.675 0.7609375 0.028125 0.0640625
1 0.0625 0.8640625 0.03359375 0.07265625
1 0.3796875 0.30625 0.0265625 0.05859375
1 0.1984375 0.434375 0.02578125 0.0703125
1 0.12109375 0.70234375 0.05078125 0.1984375
1 0.3140625 0.309375 0.028125 0.0703125
1 0.72109375 0.9609375 0.0375 0.0671875
1 0.596875 0.9328125 0.03671875 0.0875
1 0.07265625 0.953125 0.03203125 0.0703125
1 0.43984375 0.37890625 0.03515625 0.09296875
1 0.840625 0.6796875 0.0578125 0.1046875
1 0.5015625 0.9609375 0.04140625 0.0671875
1 0.76171875 0.63984375 0.05625 0.24765625
1 0.2546875 0.36875 0.03671875 0.07265625
1 0.17734375 0.546875 0.05 0.1140625
1 0.196875 0.36171875 0.03125 0.05859375
1 0.565625 0.50859375 0.04609375 0.1140625
1 0.1765625 0.50546875 0.0296875 0.04921875
1 0.9828125 0.6109375 0.0296875 0.084375
1 0.8515625 0.47109375 0.07421875 0.2359375
1 0.70234375 0.42890625 0.0296875 0.0640625
1 0.04140625 0.3890625 0.03203125 0.07265625
1 0.7046875 0.29765625 0.028125 0.05859375
1 0.84921875 0.89765625 0.0375 0.0875
1 0.4328125 0.79140625 0.07421875 0.18984375
1 0.22890625 0.8859375 0.03203125 0.0703125
1 0.60703125 0.36171875 0.0265625 0.0640625
1 0.08984375 0.2875 0.0296875 0.0671875
1 0.2 0.77578125 0.03671875 0.05234375
1 0.88671875 0.853125 0.06171875 0.25390625
1 0.45859375 0.45625 0.028125 0.07265625
1 0.05078125 0.4734375 0.03359375 0.0609375
1 0.2234375 0.33828125 0.0375 0.1515625
1 0.875 0.9171875 0.0375 0.07890625
1 0.0125 0.37578125 0.025 0.0640625
1 0.165625 0.5453125 0.05390625 0.2625
1 0.37890625 0.57578125 0.03671875 0.090625
1 0.5375 0.86015625 0.0875 0.20390625
1 0.6734375 0.6765625 0.028125 0.0703125
1 0.10625 0.4734375 0.04296875 0.1953125
1 0.5375 0.4375 0.04140625 0.221875
1 0.8453125 0.740625 0.07265625 0.221875
1 0.2625 0.62109375 0.0484375 0.09921875
1 0.50859375 0.4171875 0.040625 0.09921875
1 0.3234375 0.7828125 0.05546875 0.1546875
1 0.29765625 0.51328125 0.05390625 0.16328125