1 0.2203125 0.71015625 0.11484375 0.18828125
1 0.475 0.5796875 0.071875 0.15234375
1 0.39921875 0.45625 0.0671875 0.1375
1 0.61328125 0.48515625 0.06484375 0.1453125
1 0.44765625 0.31015625 0.05625 0.1265625
1 0.75859375 0.5015625 0.0828125 0.15546875
1 0.0796875 0.4203125 0.0671875 0.1375
1 0.5890625 0.7171875 0.078125 0.18828125
1 0.29921875 0.634375 0.071875 0.15234375
1 0.38515625 0.7484375 0.1 0.18515625
1 0.2046875 0.8046875 0.178125 0.3765625
1 0.296875 0.49296875 0.071875 0.1375
1 0.88828125 0.42734375 0.071875 0.15234375
1 0.32578125 0.884375 0.08671875 0.203125
1 0.51484375 0.90234375 0.08671875 0.16640625
1 0.21484375 0.4296875 0.06953125 0.14140625
1 0.10625 0.6453125 0.078125 0.159375
1 0.8359375 0.63984375 0.08515625 0.1703125
1 0.74921875 0.88203125 0.10625 0.20625
1 0.33359375 0.88984375 0.18515625 0.2140625
1 0.5671875 0.15390625 0.05234375 0.1125
1 0.09375 0.228125 0.05234375 0.10859375
1 0.43125 0.1265625 0.05 0.1015625
1 0.6703125 0.58515625 0.071875 0.1703125
1 0.2921875 0.32265625 0.05859375 0.13046875
1 0.5859375 0.8078125 0.17578125 0.36953125
1 0.875 0.2953125 0.05859375 0.11953125
1 0.05078125 0.9 0.0890625 0.18515625
1 0.50234375 0.45859375 0.06953125 0.134375
1 0.5890625 0.2625 0.05234375 0.11953125
1 0.18671875 0.1828125 0.05234375 0.1125
1 0.34140625 0.24453125 0.05234375 0.11953125
1 0.50078125 0.05078125 0.0453125 0.1015625
1 0.4890625 0.27734375 0.04765625 0.1125
1 0.5640625 0.40546875 0.0546875 0.1234375
1 0.7640625 0.06328125 0.05 0.09765625
1 0.30859375 0.08671875 0.04765625 0.1015625
1 0.74453125 0.74609375 0.08046875 0.13046875
1 0.1953125 0.09765625 0.05234375 0.1015625
1 0.14140625 0.56484375 0.06484375 0.1375
1 0.7546875 0.55625 0.1171875 0.26484375
1 0.69921875 0.41640625 0.05859375 0.13046875
1 0.17578125 0.3078125 0.0609375 0.1234375
1 0.7390625 0.28984375 0.0609375 0.1375
1 0.49765625 0.49453125 0.9828125 0.98203125
1 0.475 0.66875 0.1453125 0.3296875
1 0.021875 0.23203125 0.04375 0.1453125
1 0.68515625 0.18515625 0.05234375 0.115625
1 0.0828125 0.11953125 0.04765625 0.10859375
1 0.91640625 0.15234375 0.05 0.10859375
1 0.38984375 0.115625 0.0453125 0.09453125
1 0.875 0.55234375 0.16328125 0.40234375
1 0.63984375 0.14140625 0.0546875 0.1234375
1 0.07734375 0.52890625 0.1453125 0.3546875
1 0.83046875 0.74296875 0.14765625 0.3765625
1 0.42265625 0.2140625 0.11484375 0.275
1 0.39765625 0.8171875 0.1390625 0.32265625
1 0.425 0.04921875 0.05859375 0.090625
1 0.296875 0.21171875 0.05 0.1046875
1 0.778125 0.19375 0.05234375 0.1125
1 0.58046875 0.3296875 0.13046875 0.24609375
1 0.3046875 0.56328125 0.1390625 0.27890625
1 0.8046875 0.2953125 0.05625 0.1265625
1 0.10234375 0.7484375 0.12578125 0.365625
1 0.38828125 0.521875 0.1109375 0.26796875
1 0.971875 0.84609375 0.04765625 0.18515625
1 0.66875 0.0359375 0.04375 0.071875
1 0.7578125 0.125 0.11484375 0.22109375
1 0.571875 0.02734375 0.04375 0.0546875
1 0.30546875 0.15234375 0.10234375 0.2390625
1 0.1953125 0.24453125 0.11328125 0.23515625
1 0.33515625 0.05078125 0.04765625 0.1015625
1 0.5 0.1125 0.1 0.2171875
1 0.946875 0.26640625 0.06328125 0.11953125
1 0.59140625 0.66875 0.07421875 0.090625
1 0.21484375 0.4875 0.11328125 0.25703125
1 0.72421875 0.33671875 0.12578125 0.23203125
1 0.8578125 0.37109375 0.15 0.271875
1 0.56328125 0.2140625 0.1046875 0.23203125
1 0.17578125 0.3765625 0.1171875 0.2609375
1 0.96953125 0.3546875 0.04765625 0.10859375
1 0.81484375 0.034375 0.04765625 0.06875
1 0.35625 0.29921875 0.0953125 0.228125
1 0.59921875 0.5546875 0.10625 0.2828125
1 0.1578125 0.078125 0.04140625 0.090625
1 0.221875 0.7296875 0.06484375 0.14140625
1 0.7421875 0.80234375 0.11953125 0.25
1 0.10078125 0.27734375 0.09765625 0.20625
1 0.56328125 0.453125 0.07421875 0.2171875
1 0.6671875 0.24609375 0.121875 0.2390625
1 0.303125 0.38203125 0.1328125 0.25
1 0.8890625 0.115625 0.06484375 0.115625
1 0.44921875 0.3765625 0.13671875 0.2609375
1 0.09140625 0.16875 0.1 0.22109375
1 0.89140625 0.1953125 0.10859375 0.1953125
1 0.70703125 0.025 0.0421875 0.05
1 0.89921875 0.025 0.0515625 0.05
1 0.02265625 0.02734375 0.04140625 0.0546875
1 0.615625 0.03046875 0.0375 0.0609375
1 0.05546875 0.328125 0.1109375 0.3296875
1 0.65625 0.66484375 0.121875 0.32265625