0 0.421875 0.08046875 0.0171875 0.02578125
0 0.28828125 0.15703125 0.01953125 0.0296875
0 0.12578125 0.1 0.01640625 0.025
0 0.1796875 0.06875 0.015625 0.0234375
0 0.47578125 0.4578125 0.0390625 0.05859375
0 0.3703125 0.071875 0.0171875 0.025
0 0.39921875 0.25 0.02421875 0.0390625
0 0.384375 0.09453125 0.0171875 0.02734375
0 0.3421875 0.45 0.03828125 0.0609375
0 0.475 0.1734375 0.0203125 0.0328125
0 0.59765625 0.0453125 0.015625 0.025
0 0.8703125 0.3390625 0.0359375 0.053125
0 0.4484375 0.29921875 0.0234375 0.0390625
0 0.62421875 0.39296875 0.03828125 0.0625
0 0.596875 0.3140625 0.0265625 0.04140625
0 0.61875 0.1734375 0.01875 0.0296875
0 0.0546875 0.0921875 0.015625 0.025
0 0.4046875 0.18125 0.021875 0.03125
0 0.365625 0.8703125 0.09453125 0.11328125
0 0.4859375 0.6 0.0453125 0.07421875
0 0.44609375 0.075 0.01484375 0.025
0 0.4796875 0.1078125 0.0171875 0.025
0 0.215625 0.04296875 0.0125 0.01796875
0 0.57734375 0.00859375 0.0171875 0.0171875
0 0.915625 0.15546875 0.0265625 0.0375
0 0.5890625 0.2 0.025 0.04296875
0 0.25234375 0.0734375 0.01484375 0.025
0 0.5375 0.04453125 0.01640625 0.0234375
0 0.45 0.2140625 0.02265625 0.03515625
0 0.0640625 0.0171875 0.01484375 0.0234375
0 0.33359375 0.1171875 0.01875 0.03125
0 0.290625 0.0828125 0.01640625 0.025
0 0.83046875 0.38671875 0.03984375 0.0625
0 0.46875 0.009375 0.015625 0.01875
0 0.24765625 0.14375 0.0203125 0.0328125
0 0.746875 0.02578125 0.01875 0.0234375
0 0.5125 0.3421875 0.034375 0.04921875
0 0.87890625 0.68046875 0.0640625 0.1109375
0 0.2015625 0.1296875 0.0171875 0.025
0 0.634375 0.29921875 0.02265625 0.03125
0 0.96953125 0.0671875 0.02265625 0.0328125
0 0.17890625 0.0953125 0.01640625 0.02890625
0 0.99296875 0.04453125 0.01171875 0.02578125
0 0.859375 0.0578125 0.01953125 0.025
0 0.0796875 0.11875 0.01953125 0.03125
0 0.13671875 0.06328125 0.0140625 0.025
0 0.03984375 0.1859375 0.0203125 0.02890625
0 0.6140625 0.09296875 0.0171875 0.025
0 0.80625 0.06875 0.01875 0.0296875
0 0.1890625 0.0375 0.01484375 0.0234375
0 0.1453125 0.103125 0.01484375 0.025
0 0.56640625 0.05546875 0.015625 0.025
0 0.3671875 0.1703125 0.021875 0.0328125
0 0.37109375 0.0171875 0.0140625 0.01953125
0 0.0796875 0.25625 0.025 0.03671875
0 0.3265625 0.0765625 0.01484375 0.025
0 0.48359375 0.01875 0.01484375 0.025
0 0.51796875 0.13046875 0.0203125 0.03125
0 0.3484375 0.6890625 0.0546875 0.08828125
0 0.15703125 0.14453125 0.0203125 0.03359375
0 0.26640625 0.1015625 0.015625 0.0234375
0 0.596875 0.11953125 0.0203125 0.02890625
0 0.23984375 0.59296875 0.06171875 0.0953125
0 0.34453125 0.0421875 0.01484375 0.021875
0 0.103125 0.01640625 0.0140625 0.021875
0 0.35859375 0.12890625 0.0171875 0.02890625
0 0.75859375 0.0796875 0.01953125 0.0296875
0 0.09765625 0.0921875 0.015625 0.025
0 0.21953125 0.00703125 0.0140625 0.0140625
0 0.0421875 0.0515625 0.01484375 0.021875
0 0.540625 0.00625 0.015625 0.01171875
0 0.3359375 0.17421875 0.021875 0.03671875
0 0.77109375 0.79453125 0.08125 0.09921875
0 0.0765625 0.009375 0.0125 0.01875
0 0.1953125 0.01796875 0.0140625 0.01796875
0 0.06953125 0.053125 0.015625 0.0234375
0 0.70234375 0.09375 0.01640625 0.02578125
0 0.84453125 0.04140625 0.01640625 0.0234375
0 0.24609375 0.02578125 0.0140625 0.01796875
0 0.12578125 0.0375 0.01484375 0.01953125
0 0.56640625 0.0875 0.01953125 0.0296875
0 0.16875 0.00625 0.0125 0.01171875
0 0.2921875 0.0078125 0.0140625 0.015625
0 0.16875 0.02890625 0.0140625 0.02109375
0 0.91015625 0.04140625 0.0171875 0.02578125
0 0.009375 0.08125 0.0171875 0.025
0 0.91484375 0.09296875 0.0171875 0.025
0 0.353125 0.02265625 0.0140625 0.01953125
0 0.33046875 0.00859375 0.01484375 0.0171875
0 0.728125 0.0390625 0.015625 0.02109375
0 0.06953125 0.0765625 0.01484375 0.021875
0 0.55 0.0265625 0.01484375 0.025
0 0.30625 0.0078125 0.0125 0.015625
0 0.18125 0.00703125 0.0140625 0.0140625
0 0.2875 0.06171875 0.01484375 0.01953125
0 0.51796875 0.00625 0.0140625 0.0125
0 0.59453125 0.01953125 0.01484375 0.0234375
0 0.15390625 0.04453125 0.01484375 0.0234375
0 0.92578125 0.0234375 0.015625 0.0234375
0 0.26484375 0.0265625 0.0140625 0.021875
0 0.11875 0.00625 0.0125 0.01171875
0 0.2078125 0.07578125 0.015625 0.0234375
0 0.2328125 0.0171875 0.0140625 0.0171875
0 0.04375 0.03046875 0.0140625 0.01953125
0 0.278125 0.00625 0.0125 0.01171875
0 0.5046875 0.06875 0.0171875 0.02578125
0 0.13515625 0.009375 0.0140625 0.01875
0 0.290625 0.03046875 0.0140625 0.01953125
0 0.10625 0.24765625 0.0234375 0.03359375
0 0.7796875 0.00625 0.0140625 0.01171875
0 0.1 0.125 0.01875 0.03125
0 0.2328125 0.1 0.015625 0.0234375
0 0.0046875 0.03671875 0.009375 0.0234375
0 0.0203125 0.2125 0.02265625 0.03125