0 0.9265625 0.8171875 0.053125 0.0796875
0 0.46796875 0.2390625 0.01875 0.0296875
0 0.90703125 0.15546875 0.01640625 0.025
0 0.98046875 0.34296875 0.03125 0.0484375
0 0.7859375 0.23046875 0.021875 0.02578125
0 0.92109375 0.38125 0.0375 0.05078125
0 0.85625 0.2875 0.02421875 0.03359375
0 0.784375 0.45 0.03046875 0.0484375
0 0.92109375 0.225 0.0203125 0.0296875
0 0.73046875 0.27421875 0.0234375 0.0328125
0 0.76015625 0.14921875 0.01484375 0.025
0 0.884375 0.425 0.0375 0.05078125
0 0.8859375 0.3421875 0.03046875 0.04453125
0 0.68046875 0.14765625 0.01484375 0.021875
0 0.48828125 0.34375 0.02734375 0.03671875
0 0.728125 0.40546875 0.03203125 0.0484375
0 0.49140625 0.22578125 0.0171875 0.025
0 0.88984375 0.2328125 0.021875 0.0328125
0 0.50078125 0.459375 0.03203125 0.046875
0 0.85625 0.171875 0.0171875 0.0234375
0 0.496875 0.2578125 0.02421875 0.02890625
0 0.665625 0.14453125 0.0125 0.02109375
0 0.80546875 0.13203125 0.01484375 0.021875
0 0.6203125 0.1625 0.0140625 0.0234375
0 0.47265625 0.1671875 0.0171875 0.025
0 0.7015625 0.12890625 0.015625 0.02109375
0 0.496875 0.4046875 0.03046875 0.04140625
0 0.5203125 0.0671875 0.01171875 0.0140625
0 0.165625 0.0796875 0.0140625 0.01796875
0 0.23125 0.1078125 0.015625 0.021875
0 0.99296875 0.16171875 0.01171875 0.02578125
0 0.13984375 0.09296875 0.0125 0.01953125
0 0.9859375 0.2640625 0.025 0.04296875
0 0.61484375 0.12421875 0.0125 0.01953125
0 0.46796875 0.0546875 0.0109375 0.01328125
0 0.31328125 0.09296875 0.01484375 0.01953125
0 0.19375 0.10078125 0.01484375 0.01953125
0 0.5671875 0.1546875 0.0140625 0.0171875
0 0.45390625 0.065625 0.009375 0.0140625
0 0.5796875 0.06875 0.0109375 0.01328125
0 0.13125 0.0765625 0.0125 0.0171875
0 0.30859375 0.1265625 0.0140625 0.01796875
0 0.3046875 0.06875 0.0140625 0.01953125
0 0.66875 0.01796875 0.0078125 0.01328125
0 0.55234375 0.14140625 0.01484375 0.01953125
0 0.59375 0.03046875 0.0078125 0.01171875
0 0.23125 0.08046875 0.0140625 0.01796875
0 0.4921875 0.0546875 0.009375 0.01328125
0 0.44375 0.0796875 0.0109375 0.015625
0 0.58046875 0.0296875 0.00703125 0.01015625
0 0.471875 0.08203125 0.0109375 0.015625
0 0.66875 0.0546875 0.0078125 0.01328125
0 0.50546875 0.0390625 0.00703125 0.01328125
0 0.44453125 0.0953125 0.009375 0.015625
0 0.159375 0.10078125 0.01484375 0.01953125
0 0.43671875 0.0625 0.0109375 0.01328125
0 0.59296875 0.0171875 0.0078125 0.0078125
0 0.56171875 0.0375 0.00703125 0.01171875
0 0.71796875 0.0421875 0.00703125 0.01171875
0 0.58046875 0.01796875 0.00703125 0.0078125
0 0.60625 0.03046875 0.0078125 0.01171875
0 0.55546875 0.0171875 0.00703125 0.01171875
0 0.25390625 0.0796875 0.0140625 0.0171875
0 0.60625 0.0171875 0.00703125 0.01171875
0 0.65546875 0.0546875 0.00703125 0.01328125
0 0.4671875 0.01796875 0.00859375 0.01328125
0 0.8890625 0.0875 0.009375 0.01796875
0 0.53046875 0.0171875 0.00703125 0.01171875
0 0.39140625 0.15625 0.015625 0.02109375
0 0.6828125 0.04375 0.00859375 0.0140625
0 0.69296875 0.01875 0.00703125 0.0140625
0 0.7046875 0.00546875 0.0078125 0.01015625
0 0.6796875 0.01796875 0.0078125 0.01328125
0 0.73125 0.040625 0.00703125 0.01171875
0 0.54375 0.01796875 0.00703125 0.01328125
0 0.48125 0.05625 0.00859375 0.01328125
0 0.42734375 0.19375 0.0125 0.01796875
0 0.55703125 0.05625 0.00859375 0.01328125
0 0.70625 0.05625 0.00703125 0.01328125
0 0.6421875 0.00546875 0.0078125 0.0078125
0 0.421875 0.13125 0.01171875 0.01953125
0 0.43671875 0.0375 0.00703125 0.01171875
0 0.5671875 0.01796875 0.0078125 0.0078125
0 0.51796875 0.0171875 0.00703125 0.01171875
0 0.50625 0.01796875 0.00703125 0.01328125
0 0.65625 0.03046875 0.0078125 0.01171875
0 0.63125 0.00546875 0.00859375 0.0078125
0 0.215625 0.07265625 0.0125 0.015625
0 0.5171875 0.03046875 0.0078125 0.01171875
0 0.19609375 0.0765625 0.0140625 0.01796875
0 0.49453125 0.0703125 0.00859375 0.015625
0 0.8796875 0.11796875 0.009375 0.0140625
0 0.54375 0.0046875 0.00703125 0.009375
0 0.43671875 0.01171875 0.0078125 0.01328125
0 0.55546875 0.00546875 0.00703125 0.0078125