0 0.25390625 0.6421875 0.04296875 0.0625
0 0.603125 0.67890625 0.03515625 0.05625
0 0.31875 0.14921875 0.01484375 0.025
0 0.7515625 0.21796875 0.01640625 0.025
0 0.64609375 0.13046875 0.0125 0.02109375
0 0.5640625 0.33125 0.02265625 0.0328125
0 0.665625 0.3078125 0.025 0.0375
0 0.33359375 0.584375 0.03828125 0.05703125
0 0.8109375 0.26796875 0.021875 0.03125
0 0.69375 0.1546875 0.0125 0.02109375
0 0.74921875 0.6375 0.04375 0.05625
0 0.95 0.4234375 0.03046875 0.0375
0 0.728125 0.2125 0.0171875 0.02578125
0 0.15859375 0.24296875 0.0203125 0.0296875
0 0.60625 0.3265625 0.02265625 0.03359375
0 0.98984375 0.4171875 0.01875 0.0375
0 0.5296875 0.1421875 0.0140625 0.01953125
0 0.6546875 0.62265625 0.03984375 0.0625
0 0.45859375 0.04375 0.0109375 0.0140625
0 0.36171875 0.17265625 0.01640625 0.021875
0 0.2671875 0.0171875 0.01171875 0.0140625
0 0.85859375 0.19296875 0.01484375 0.02109375
0 0.65859375 0.1609375 0.0125 0.01953125
0 0.6828125 0.08046875 0.0125 0.01796875
0 0.86875 0.16640625 0.01484375 0.02109375
0 0.20390625 0.253125 0.01484375 0.01953125
0 0.42890625 0.125 0.0140625 0.01796875
0 0.99296875 0.1546875 0.0125 0.01796875
0 0.52109375 0.07890625 0.0109375 0.0171875
0 0.10859375 0.0203125 0.01171875 0.0171875
0 0.29609375 0.06875 0.0125 0.01953125
0 0.190625 0.2359375 0.01875 0.025
0 0.153125 0.01953125 0.0125 0.01796875
0 0.478125 0.0796875 0.01171875 0.0140625
0 0.540625 0.0703125 0.0109375 0.01796875
0 0.41875 0.05390625 0.00859375 0.0140625
0 0.4796875 0.040625 0.0109375 0.0140625
0 0.540625 0.0953125 0.01171875 0.02109375
0 0.634375 0.15390625 0.01171875 0.02109375
0 0.97109375 0.1421875 0.0125 0.0140625
0 0.9640625 0.18671875 0.015625 0.025
0 0.88203125 0.0921875 0.01171875 0.0140625
0 0.92890625 0.15625 0.0140625 0.01796875
0 0.434375 0.03125 0.0109375 0.01328125
0 0.7796875 0.0765625 0.00859375 0.01328125
0 0.39375 0.00625 0.0109375 0.01171875
0 0.728125 0.07265625 0.0109375 0.015625
0 0.22890625 0.01796875 0.0109375 0.01328125
0 0.8578125 0.0796875 0.0140625 0.0140625
0 0.91875 0.18203125 0.01640625 0.02109375
0 0.54375 0.0453125 0.009375 0.0140625
0 0.440625 0.04453125 0.00859375 0.01328125
0 0.415625 0.03046875 0.0078125 0.01171875
0 0.83046875 0.03046875 0.00859375 0.01171875
0 0.88125 0.03046875 0.00859375 0.01171875
0 0.98125 0.09375 0.01171875 0.01328125
0 0.66875 0.03203125 0.0078125 0.01171875
0 0.11328125 0.06171875 0.0140625 0.01953125
0 0.0765625 0.0125 0.0140625 0.01953125
0 0.76484375 0.06875 0.0109375 0.01328125
0 0.5171875 0.01796875 0.0078125 0.01328125
0 0.559375 0.10625 0.0125 0.01953125
0 0.38203125 0.03203125 0.00859375 0.0140625
0 0.50546875 0.0171875 0.00703125 0.01328125
0 0.4640625 0.13125 0.009375 0.01953125
0 0.68828125 0.03671875 0.00859375 0.01328125
0 0.7546875 0.7109375 0.065625 0.0703125
0 0.5046875 0.04296875 0.00859375 0.01328125
0 0.49375 0.04296875 0.0109375 0.01328125
0 0.56953125 0.01875 0.0078125 0.01171875
0 0.43046875 0.05625 0.00859375 0.0140625
0 0.8421875 0.0296875 0.00859375 0.01171875
0 0.86875 0.03046875 0.00703125 0.01171875
0 0.89296875 0.0796875 0.0109375 0.0140625
0 0.7453125 0.06875 0.009375 0.01171875
0 0.5546875 0.01875 0.0078125 0.01171875
0 0.6546875 0.0140625 0.00859375 0.01328125
0 0.99296875 0.1203125 0.01171875 0.0171875
0 0.803125 0.08046875 0.0109375 0.01328125
0 0.88203125 0.01875 0.0078125 0.01171875
0 0.81875 0.0890625 0.0109375 0.0140625
0 0.86875 0.0171875 0.00703125 0.01171875
0 0.52109375 0.04765625 0.0109375 0.0171875
0 0.0921875 0.00546875 0.0125 0.01015625
0 0.86953125 0.04375 0.00859375 0.01171875
0 0.81953125 0.1078125 0.01171875 0.0171875
0 0.4546875 0.08125 0.01171875 0.0140625
0 0.50546875 0.00546875 0.00703125 0.0078125
0 0.98125 0.128125 0.01171875 0.0140625
0 0.49375 0.02890625 0.00703125 0.01328125
0 0.8578125 0.01875 0.009375 0.01171875
0 0.253125 0.03125 0.0109375 0.01796875
0 0.99453125 0.0453125 0.00859375 0.0140625