0 0.75390625 0.86796875 0.015625 0.025
0 0.9328125 0.82890625 0.015625 0.021875
0 0.93203125 0.8890625 0.01640625 0.025
0 0.9453125 0.8640625 0.015625 0.025
0 0.08046875 0.74765625 0.05 0.05234375
0 0.9109375 0.8359375 0.01640625 0.0234375
0 0.35625 0.96640625 0.07890625 0.06484375
0 0.984375 0.83203125 0.0140625 0.0234375
0 0.89609375 0.7359375 0.0125 0.01796875
0 0.478125 0.68125 0.0125 0.01796875
0 0.3203125 0.65625 0.0140625 0.01796875
0 0.821875 0.721875 0.0125 0.01953125
0 0.7703125 0.69296875 0.01171875 0.01796875
0 0.84453125 0.86796875 0.015625 0.025
0 0.603125 0.65703125 0.01171875 0.0171875
0 0.53203125 0.6421875 0.01171875 0.0140625
0 0.2296875 0.60703125 0.0140625 0.01796875
0 0.3671875 0.853125 0.0296875 0.0375
0 0.9296875 0.7921875 0.0140625 0.01953125
0 0.59296875 0.70625 0.0125 0.0171875
0 0.93828125 0.92578125 0.01875 0.02890625
0 0.4421875 0.69375 0.0140625 0.01796875
0 0.01796875 0.71796875 0.0359375 0.06875
0 0.80234375 0.846875 0.01484375 0.021875
0 0.75546875 0.790625 0.01484375 0.021875
0 0.82890625 0.79296875 0.0140625 0.01796875
0 0.103125 0.571875 0.0125 0.0140625
0 0.9703125 0.70546875 0.0140625 0.01796875
0 0.6390625 0.77421875 0.015625 0.025
0 0.6828125 0.86796875 0.015625 0.025
0 0.48359375 0.65078125 0.01171875 0.01796875
0 0.6765625 0.7203125 0.01171875 0.01796875
0 0.40703125 0.8328125 0.015625 0.025
0 0.74375 0.91328125 0.0171875 0.0296875
0 0.87109375 0.7453125 0.0140625 0.01953125
0 0.9921875 0.89296875 0.0140625 0.02578125
0 0.61875 0.75625 0.0125 0.01796875
0 0.81796875 0.8703125 0.01484375 0.025
0 0.50234375 0.79765625 0.01484375 0.025
0 0.80390625 0.6921875 0.009375 0.0140625
0 0.5828125 0.66796875 0.01171875 0.01796875
0 0.2078125 0.59296875 0.01171875 0.0140625
0 0.8875 0.7625 0.0125 0.01953125
0 0.88671875 0.853125 0.0171875 0.025
0 0.48828125 0.76171875 0.0140625 0.01796875
0 0.9671875 0.7640625 0.0140625 0.02109375
0 0.73125 0.68125 0.0109375 0.0140625
0 0.94609375 0.80546875 0.0140625 0.01953125
0 0.37890625 0.64453125 0.01171875 0.015625
0 0.97265625 0.7984375 0.0140625 0.01953125
0 0.2984375 0.8 0.0296875 0.03515625
0 0.59453125 0.75625 0.0140625 0.01953125
0 0.73984375 0.6984375 0.0109375 0.0171875
0 0.3796875 0.68203125 0.0140625 0.01796875
0 0.24296875 0.68203125 0.0125 0.01796875
0 0.41015625 0.66875 0.01171875 0.0171875
0 0.99453125 0.7921875 0.00859375 0.021875
0 0.65703125 0.6296875 0.009375 0.0140625
0 0.7171875 0.69375 0.0109375 0.0140625
0 0.63125 0.6578125 0.0109375 0.01796875
0 0.059375 0.61875 0.0125 0.01796875
0 0.53203125 0.79765625 0.0125 0.01953125
0 0.13046875 0.65390625 0.01875 0.02109375
0 0.5703125 0.80390625 0.015625 0.021875
0 0.94375 0.6890625 0.0109375 0.015625
0 0.6671875 0.6671875 0.0109375 0.0140625
0 0.840625 0.6671875 0.0109375 0.0140625
0 0.2796875 0.58046875 0.0109375 0.01328125
0 0.5046875 0.66875 0.009375 0.0140625
0 0.915625 0.76796875 0.0125 0.01796875
0 0.5546875 0.61796875 0.009375 0.0140625
0 0.1640625 0.6921875 0.015625 0.01953125
0 0.82734375 0.69453125 0.0109375 0.0140625
0 0.540625 0.728125 0.0140625 0.021875
0 0.99453125 0.7625 0.00859375 0.01953125
0 0.4296875 0.7296875 0.01171875 0.0171875
0 0.94140625 0.7171875 0.01171875 0.0140625
0 0.56953125 0.7046875 0.01171875 0.01953125
0 0.85625 0.665625 0.009375 0.0140625
0 0.840625 0.71328125 0.0125 0.01796875
0 0.58125 0.8296875 0.01484375 0.025
0 0.45859375 0.61796875 0.0109375 0.0140625
0 0.76796875 0.66796875 0.00859375 0.01328125
0 0.8421875 0.75703125 0.01171875 0.0171875
0 0.01875 0.59296875 0.0140625 0.0140625
0 0.790625 0.68203125 0.0109375 0.015625
0 0.84453125 0.68828125 0.0109375 0.0140625
0 0.37109375 0.7046875 0.0140625 0.01953125
0 0.75859375 0.71015625 0.01171875 0.01953125
0 0.86171875 0.7921875 0.01484375 0.01953125
0 0.8078125 0.8140625 0.0125 0.0234375
0 0.99453125 0.68125 0.00859375 0.01796875
0 0.478125 0.7265625 0.0125 0.02109375
0 0.30625 0.65546875 0.0125 0.0140625
0 0.8421875 0.63125 0.00859375 0.01328125
0 0.25078125 0.66796875 0.01171875 0.01796875
0 0.81953125 0.66953125 0.009375 0.015625
0 0.93671875 0.7390625 0.0140625 0.01953125
0 0.8078125 0.6671875 0.009375 0.0140625
0 0.7953125 0.7125 0.009375 0.01796875
0 0.44375 0.6421875 0.0109375 0.015625
0 0.78203125 0.7015625 0.01171875 0.0171875
0 0.65703125 0.68203125 0.0109375 0.01796875
0 0.28125 0.65703125 0.0140625 0.0171875
0 0.4578125 0.75625 0.0140625 0.01953125
0 0.55234375 0.64140625 0.0109375 0.0171875
0 0.86796875 0.7046875 0.0109375 0.015625
0 0.7453125 0.63125 0.009375 0.01328125
0 0.7015625 0.80703125 0.015625 0.02109375
0 0.4703125 0.7671875 0.0140625 0.0234375
0 0.31875 0.6171875 0.0109375 0.01328125
0 0.9546875 0.7421875 0.01171875 0.015625
0 0.87890625 0.68046875 0.009375 0.0140625
0 0.5265625 0.83046875 0.015625 0.02578125
0 0.18125 0.85 0.0609375 0.10390625
0 0.56640625 0.61875 0.009375 0.01328125
0 0.5578125 0.96953125 0.0359375 0.0484375
0 0.20546875 0.6671875 0.01484375 0.0171875
0 0.86484375 0.68125 0.0109375 0.0140625
0 0.9453125 0.96953125 0.021875 0.0296875
0 0.21953125 0.6921875 0.0140625 0.0171875
0 0.1421875 0.59296875 0.0140625 0.0140625
0 0.97109375 0.6671875 0.0125 0.0140625
0 0.48671875 0.93515625 0.03203125 0.046875
0 0.92890625 0.6765625 0.009375 0.0140625
0 0.4296875 0.61796875 0.009375 0.0140625
0 0.75390625 0.6703125 0.009375 0.0140625
0 0.86875 0.659375 0.0109375 0.0140625
0 0.0703125 0.86953125 0.1109375 0.1328125
0 0.040625 0.521875 0.0109375 0.015625
0 0.946875 0.75625 0.0125 0.01953125
0 0.80546875 0.7296875 0.0125 0.01953125
0 0.509375 0.60703125 0.0109375 0.015625
0 0.60625 0.61875 0.0078125 0.01328125
0 0.55234375 0.7046875 0.0125 0.0171875
0 0.61875 0.59296875 0.00703125 0.01171875
0 0.40703125 0.615625 0.009375 0.015625
0 0.85625 0.6421875 0.0078125 0.01328125
0 0.06640625 0.58203125 0.01171875 0.015625
0 0.28515625 0.9 0.0703125 0.1265625
0 0.8546875 0.75625 0.0140625 0.01953125
0 0.63984375 0.61875 0.009375 0.01328125
0 0.865625 0.7703125 0.01171875 0.01953125
0 0.5828125 0.6421875 0.009375 0.015625
0 0.8546875 0.91796875 0.01484375 0.0234375
0 0.08203125 0.5796875 0.0140625 0.0140625
0 0.9328125 0.65546875 0.0109375 0.01171875
0 0.7671875 0.75390625 0.0140625 0.01796875
0 0.56953125 0.73828125 0.0140625 0.01796875
0 0.8328125 0.6515625 0.00859375 0.0140625
0 0.7171875 0.6296875 0.00859375 0.01171875
0 0.9046875 0.65625 0.00859375 0.01328125
0 0.69609375 0.6921875 0.01171875 0.0171875
0 0.40390625 0.55625 0.00859375 0.01328125
0 0.4578125 0.65078125 0.01171875 0.015625
0 0.64296875 0.63203125 0.00859375 0.0140625
0 0.51796875 0.73828125 0.0125 0.01796875
0 0.5296875 0.6171875 0.00859375 0.01328125
0 0.59453125 0.603125 0.009375 0.0140625
0 0.70234375 0.77890625 0.01640625 0.02109375
0 0.5890625 0.9703125 0.0234375 0.0390625
0 0.6796875 0.6671875 0.009375 0.0140625
0 0.83203125 0.8484375 0.015625 0.01953125
0 0.96796875 0.65390625 0.0109375 0.01328125
0 0.38984375 0.75625 0.01484375 0.01953125
0 0.071875 0.5375 0.0125 0.01796875
0 0.16796875 0.5921875 0.01171875 0.0140625
0 0.2703125 0.55625 0.009375 0.01171875
0 0.00390625 0.55546875 0.0078125 0.0171875
0 0.03515625 0.63203125 0.0171875 0.021875
0 0.70625 0.75625 0.01484375 0.01953125
0 0.3046875 0.50546875 0.0078125 0.01015625
0 0.32890625 0.59296875 0.009375 0.01171875
0 0.13125 0.5296875 0.0109375 0.0140625
0 0.2546875 0.5390625 0.00859375 0.01328125
0 0.88046875 0.69453125 0.0109375 0.0140625
0 0.69453125 0.83828125 0.015625 0.0234375
0 0.678125 0.63125 0.0109375 0.01171875
0 0.95234375 0.88828125 0.015625 0.02578125
0 0.446875 0.7265625 0.0109375 0.01796875
0 0.91328125 0.68828125 0.009375 0.0140625
0 0.56875 0.6546875 0.0109375 0.01796875
0 0.1859375 0.6609375 0.0140625 0.0171875
0 0.61796875 0.628125 0.00859375 0.0140625
0 0.78046875 0.61796875 0.00703125 0.01171875
0 0.8921875 0.68046875 0.009375 0.0140625
0 0.2078125 0.53203125 0.00859375 0.0140625
0 0.24375 0.759375 0.0171875 0.025
0 0.234375 0.7046875 0.0140625 0.01796875
0 0.8078125 0.64296875 0.00859375 0.01328125
0 0.70234375 0.61875 0.00859375 0.01328125
0 0.2953125 0.55625 0.009375 0.01328125
0 0.11875 0.52890625 0.0109375 0.01328125
0 0.96953125 0.63125 0.0078125 0.01171875
0 0.88203125 0.6546875 0.009375 0.01328125
0 0.76875 0.6046875 0.00703125 0.01171875
0 0.38203125 0.59296875 0.00859375 0.01171875
0 0.50234375 0.6921875 0.0125 0.0171875
0 0.7375 0.96171875 0.0171875 0.0328125
0 0.68671875 0.6109375 0.00703125 0.01171875
0 0.30546875 0.5921875 0.00859375 0.01171875
0 0.44453125 0.83125 0.0140625 0.01953125
0 0.39296875 0.59296875 0.00859375 0.01171875
0 0.49453125 0.59296875 0.00859375 0.01171875
0 0.0921875 0.5171875 0.009375 0.01328125
0 0.57734375 0.86640625 0.01640625 0.02734375
0 0.090625 0.63046875 0.01484375 0.0234375
0 0.7546875 0.65546875 0.00859375 0.01171875
0 0.50390625 0.56875 0.0078125 0.01171875
0 0.13203125 0.50703125 0.009375 0.01171875
0 0.2421875 0.49375 0.0078125 0.009375
0 0.7421875 0.7140625 0.01171875 0.0171875
0 0.6984375 0.71875 0.0140625 0.02109375
0 0.43828125 0.5875 0.00859375 0.01328125
0 0.228125 0.5046875 0.009375 0.01171875
0 0.7046875 0.66875 0.0109375 0.0140625
0 0.35625 0.58125 0.00859375 0.01171875
0 0.509375 0.8890625 0.01875 0.025
0 0.165625 0.49375 0.009375 0.01328125
0 0.0140625 0.6625 0.0265625 0.02578125
0 0.79375 0.63125 0.0078125 0.01171875
0 0.98125 0.64453125 0.00859375 0.01328125
0 0.5796875 0.58203125 0.0078125 0.01328125
0 0.6546875 0.64296875 0.00859375 0.01328125
0 0.26484375 0.603125 0.0109375 0.0140625
0 0.5265625 0.9234375 0.0171875 0.02109375
0 0.40703125 0.59296875 0.00859375 0.01171875
0 0.1828125 0.6796875 0.0140625 0.015625
0 0.98046875 0.63125 0.0078125 0.01171875
0 0.2078125 0.50546875 0.00859375 0.01015625
0 0.02734375 0.521875 0.0140625 0.015625
0 0.815625 0.59296875 0.00859375 0.01171875
0 0.0046875 0.5796875 0.00859375 0.0140625
0 0.51796875 0.58046875 0.00859375 0.01328125
0 0.59375 0.5796875 0.0078125 0.01171875
0 0.66875 0.5921875 0.0078125 0.01015625
0 0.71796875 0.59296875 0.00703125 0.01171875
0 0.00625 0.6390625 0.01171875 0.02109375
0 0.94375 0.6421875 0.00859375 0.01171875
0 0.38984375 0.71796875 0.01171875 0.0140625
0 0.86796875 0.61796875 0.00703125 0.01171875
0 0.51484375 0.6296875 0.009375 0.0140625
0 0.98359375 0.68125 0.0109375 0.0140625
0 0.21953125 0.540625 0.0109375 0.0140625
0 0.7796875 0.64296875 0.0078125 0.01328125
0 0.92890625 0.64296875 0.00859375 0.01328125
0 0.54375 0.56875 0.00703125 0.01171875
0 0.64453125 0.75078125 0.015625 0.01953125
0 0.65390625 0.59453125 0.00859375 0.01171875
0 0.9046875 0.61875 0.0078125 0.01328125
0 0.85625 0.6046875 0.00703125 0.01171875
0 0.48046875 0.59296875 0.0078125 0.01171875
0 0.346875 0.8265625 0.0203125 0.0234375
0 0.4203125 0.59140625 0.009375 0.01328125
0 0.99453125 0.7328125 0.00859375 0.01953125
0 0.42890625 0.9171875 0.0296875 0.0453125
0 0.4921875 0.58046875 0.0078125 0.01328125
0 0.7171875 0.64296875 0.00859375 0.01328125
0 0.18125 0.6015625 0.0125 0.01328125
0 0.31875 0.56796875 0.00859375 0.01015625
0 0.36796875 0.66328125 0.0140625 0.0171875
0 0.1796875 0.5265625 0.009375 0.0140625
0 0.86875 0.63125 0.00703125 0.01171875
0 0.1046875 0.5296875 0.0109375 0.01328125
0 0.65234375 0.8796875 0.0140625 0.021875
0 0.10625 0.50625 0.00859375 0.01171875
0 0.9328125 0.63125 0.0078125 0.01171875
0 0.85859375 0.72890625 0.01171875 0.01796875
0 0.69453125 0.62890625 0.00859375 0.01328125
0 0.28203125 0.5421875 0.00859375 0.01171875
0 0.28671875 0.5109375 0.00703125 0.01171875
0 0.1796875 0.50390625 0.009375 0.01328125
0 0.60625 0.5796875 0.00703125 0.01171875
0 0.1703125 0.66796875 0.0140625 0.01328125
0 0.965625 0.73046875 0.0140625 0.01796875
0 0.98125 0.87265625 0.01640625 0.0234375
0 0.1421875 0.56875 0.01171875 0.01171875
0 0.340625 0.66875 0.0125 0.0171875
0 0.82734375 0.90390625 0.01875 0.02578125
0 0.071875 0.66171875 0.021875 0.02578125
0 0.91875 0.5921875 0.00703125 0.0078125
0 0.66015625 0.7671875 0.0140625 0.01953125
0 0.46953125 0.5921875 0.00859375 0.01328125
0 0.86796875 0.64296875 0.00859375 0.01328125
0 0.56796875 0.7796875 0.0125 0.01796875
0 0.30234375 0.60546875 0.0109375 0.01328125
0 0.3171875 0.55546875 0.00859375 0.01171875
0 0.8421875 0.6046875 0.0078125 0.01171875
0 0.60859375 0.99296875 0.0265625 0.01171875
0 0.56796875 0.56875 0.00703125 0.01171875
0 0.81953125 0.60703125 0.0078125 0.01015625
0 0.2046875 0.71875 0.015625 0.0234375
0 0.31796875 0.50390625 0.00703125 0.01015625
0 0.58046875 0.56875 0.00703125 0.01171875
0 0.290625 0.6421875 0.01171875 0.0140625
0 0.99453125 0.6296875 0.00859375 0.01171875
0 0.12890625 0.56875 0.01171875 0.01328125
0 0.390625 0.54296875 0.0078125 0.0078125
0 0.41875 0.54375 0.00703125 0.01171875
0 0.515625 0.9546875 0.01953125 0.03671875