1 0.4703125 0.64453125 0.03515625 0.06875
1 0.265625 0.53046875 0.03203125 0.05703125
1 0.05078125 0.63984375 0.04296875 0.06875
1 0.565625 0.74375 0.04609375 0.0765625
1 0.515625 0.8875 0.07734375 0.10625
1 0.66953125 0.8015625 0.04921875 0.09453125
1 0.5421875 0.628125 0.0453125 0.06875
1 0.31796875 0.6484375 0.0421875 0.06875
1 0.490625 0.5484375 0.03203125 0.05703125
1 0.16484375 0.84609375 0.0546875 0.0953125
1 0.41875 0.90625 0.084375 0.12421875
1 0.665625 0.62109375 0.03203125 0.0609375
1 0.4234375 0.63359375 0.03515625 0.065625
1 0.340625 0.9546875 0.075 0.08515625
1 0.14765625 0.5859375 0.03515625 0.065625
1 0.05078125 0.7390625 0.08828125 0.2703125
1 0.32109375 0.578125 0.03984375 0.0625
1 0.3328125 0.49609375 0.03203125 0.05703125
1 0.61484375 0.64453125 0.0359375 0.06015625
1 0.08515625 0.5234375 0.0453125 0.0625
1 0.42265625 0.496875 0.0390625 0.05546875
1 0.62265625 0.72265625 0.040625 0.0703125
1 0.6625 0.521875 0.02734375 0.06015625
1 0.16953125 0.50078125 0.0328125 0.05703125
1 0.1875 0.78671875 0.040625 0.0703125
1 0.05078125 0.50859375 0.05234375 0.0625
1 0.74609375 0.94765625 0.07578125 0.0984375
1 0.56875 0.81328125 0.109375 0.21796875
1 0.5484375 0.5734375 0.03515625 0.05546875
1 0.571875 0.49140625 0.0296875 0.05859375
1 0.634375 0.9234375 0.05 0.07734375
1 0.91875 0.665625 0.03984375 0.0765625
1 0.74609375 0.4828125 0.034375 0.05703125
1 0.62890625 0.4484375 0.0296875 0.05078125
1 0.47421875 0.7328125 0.084375 0.2453125
1 0.5921875 0.434375 0.02890625 0.04609375
1 0.565625 0.86875 0.05390625 0.09296875
1 0.50546875 0.35703125 0.02890625 0.0390625
1 0.66015625 0.87265625 0.10234375 0.2390625
1 0.28515625 0.46484375 0.03203125 0.05390625
1 0.590625 0.34609375 0.02265625 0.04296875
1 0.40234375 0.3546875 0.0296875 0.04609375
1 0.209375 0.4875 0.028125 0.0421875
1 0.36875 0.53671875 0.03984375 0.06015625
1 0.33828125 0.859375 0.04375 0.071875
1 0.53671875 0.44375 0.025 0.04453125
1 0.18671875 0.63671875 0.03984375 0.06875
1 0.28984375 0.38125 0.021875 0.0390625
1 0.42578125 0.5734375 0.0359375 0.05234375
1 0.73671875 0.72109375 0.04375 0.0765625
1 0.5546875 0.3453125 0.02421875 0.0421875
1 0.41953125 0.665625 0.06328125 0.1296875
1 0.4015625 0.56875 0.7953125 0.84453125
1 0.3796875 0.85625 0.04375 0.075
1 0.66328125 0.57421875 0.0796875 0.1640625
1 0.44375 0.4125 0.0328125 0.04453125
1 0.63671875 0.52578125 0.03203125 0.05703125
1 0.509375 0.45390625 0.02421875 0.04296875
1 0.62578125 0.35703125 0.02578125 0.0390625
1 0.403125 0.7828125 0.18203125 0.11171875
1 0.20078125 0.95234375 0.075 0.08671875
1 0.6453125 0.6875 0.0390625 0.06875
1 0.365625 0.6125 0.05625 0.2125
1 0.41015625 0.4046875 0.02265625 0.0375
1 0.5734375 0.3890625 0.025 0.0375
1 0.20625 0.68828125 0.03125 0.0609375
1 0.5359375 0.528125 0.034375 0.05234375
1 0.57734375 0.31484375 0.02109375 0.0375
1 0.65078125 0.478125 0.028125 0.0421875
1 0.28671875 0.9515625 0.04921875 0.08828125
1 0.58046875 0.7015625 0.03671875 0.0640625
1 0.68515625 0.48359375 0.0296875 0.04296875
1 0.0375 0.8484375 0.07265625 0.096875
1 0.51171875 0.30703125 0.0296875 0.0375
1 0.434375 0.35703125 0.02421875 0.0390625
1 0.6734375 0.4125 0.025 0.0421875
1 0.67109375 0.68515625 0.084375 0.18984375
1 0.48671875 0.46171875 0.028125 0.0421875
1 0.76484375 0.55 0.0421875 0.0625
1 0.59375 0.2953125 0.02421875 0.04921875
1 0.725 0.884375 0.04609375 0.0671875
1 0.171875 0.71015625 0.0796875 0.215625
1 0.42421875 0.53984375 0.07109375 0.146875
1 0.48671875 0.5171875 0.0296875 0.04453125
1 0.2078125 0.5640625 0.0421875 0.05546875
1 0.21328125 0.69765625 0.08515625 0.31875
1 0.05234375 0.56953125 0.03984375 0.05703125
1 0.53828125 0.68828125 0.07265625 0.19296875
1 0.5703125 0.43515625 0.02421875 0.04765625
1 0.4703125 0.38125 0.0203125 0.0328125
1 0.77421875 0.7140625 0.0421875 0.08203125
1 0.50546875 0.38828125 0.046875 0.1046875
1 0.18359375 0.56015625 0.02890625 0.05703125
1 0.34140625 0.3890625 0.025 0.040625
1 0.45234375 0.3640625 0.02109375 0.0375
1 0.29375 0.5078125 0.05390625 0.1390625
1 0.38828125 0.43828125 0.084375 0.12578125
1 0.08671875 0.91171875 0.0546875 0.07734375
1 0.39921875 0.48046875 0.028125 0.04609375
1 0.72265625 0.52734375 0.03125 0.05390625
1 0.31171875 0.7578125 0.07265625 0.28984375
1 0.30859375 0.3953125 0.03125 0.04921875
1 0.20703125 0.5296875 0.03828125 0.04921875
1 0.35625 0.3265625 0.02265625 0.04296875
1 0.48828125 0.596875 0.06484375 0.15390625
1 0.45 0.4546875 0.04765625 0.12890625
1 0.12265625 0.96171875 0.07578125 0.0703125
1 0.0171875 0.55234375 0.034375 0.0609375
1 0.1953125 0.3671875 0.02421875 0.03125
1 0.6875 0.44453125 0.02890625 0.040625
1 0.73359375 0.42734375 0.0328125 0.04453125
1 0.253125 0.50859375 0.02578125 0.0390625