0 0.6703125 0.2453125 0.040625 0.06640625
0 0.60859375 0.1203125 0.0265625 0.0453125
0 0.96953125 0.10546875 0.0421875 0.05703125
0 0.2484375 0.31875 0.05078125 0.08203125
0 0.471875 0.02890625 0.0265625 0.04453125
0 0.86015625 0.33125 0.046875 0.07421875
0 0.73125 0.21171875 0.040625 0.06875
0 0.4234375 0.35 0.0546875 0.0921875
0 0.8859375 0.0890625 0.0390625 0.0640625
0 0.87890625 0.2578125 0.04296875 0.0625
0 0.52109375 0.01171875 0.02421875 0.0234375
0 0.55546875 0.32265625 0.05390625 0.0859375
0 0.9234375 0.01875 0.03515625 0.0375
0 0.85078125 0.1015625 0.03515625 0.0546875
0 0.00703125 0.0546875 0.0140625 0.05625
0 0.09609375 0.14296875 0.0421875 0.06796875
0 0.71875 0.01796875 0.021875 0.0359375
0 0.9890625 0.96015625 0.0203125 0.06640625
0 0.1359375 0.04296875 0.03203125 0.0546875
0 0.103125 0.06328125 0.03828125 0.0609375