0 0.19140625 0.5140625 0.01953125 0.03125
0 0.25703125 0.50078125 0.0171875 0.0296875
0 0.690625 0.8890625 0.04609375 0.06796875
0 0.55546875 0.615625 0.02265625 0.0390625
0 0.6828125 0.70703125 0.034375 0.05703125
0 0.8625 0.97421875 0.0625 0.04921875
0 0.365625 0.4546875 0.0125 0.01953125
0 0.278125 0.4921875 0.0171875 0.03125
0 0.9828125 0.63671875 0.03203125 0.04921875
0 0.69375 0.56171875 0.02265625 0.04296875
0 0.10625 0.3453125 0.01171875 0.015625
0 0.68046875 0.5296875 0.0203125 0.0296875
0 0.35234375 0.3953125 0.01171875 0.0171875
0 0.5109375 0.44765625 0.015625 0.02109375
0 0.62890625 0.38203125 0.0140625 0.01953125
0 0.0046875 0.3484375 0.00859375 0.0171875
0 0.9265625 0.36875 0.0140625 0.01796875
0 0.646875 0.65 0.025 0.040625
0 0.77734375 0.31953125 0.0140625 0.0171875
0 0.32734375 0.5171875 0.01640625 0.02578125
0 0.95625 0.41875 0.0140625 0.01953125
0 0.56640625 0.48046875 0.015625 0.02578125
0 0.5875 0.4953125 0.0171875 0.0328125
0 0.440625 0.34140625 0.0109375 0.015625
0 0.4578125 0.33828125 0.01171875 0.015625
0 0.90859375 0.44921875 0.01484375 0.0234375
0 0.946875 0.38125 0.0125 0.01953125
0 0.659375 0.50078125 0.02265625 0.0328125
0 0.0796875 0.3421875 0.0109375 0.01328125
0 0.415625 0.36640625 0.009375 0.0140625
0 0.06875 0.55546875 0.01953125 0.025
0 0.43828125 0.509375 0.0171875 0.02734375
0 0.4015625 0.4640625 0.0140625 0.021875
0 0.3375 0.4421875 0.0125 0.021875
0 0.44375 0.446875 0.01171875 0.01953125
0 0.978125 0.40546875 0.0125 0.01953125
0 0.3796875 0.49921875 0.01640625 0.025
0 0.42265625 0.49375 0.01484375 0.02578125
0 0.9328125 0.48125 0.01484375 0.025
0 0.253125 0.36328125 0.0109375 0.015625
0 0.21953125 0.35546875 0.0109375 0.01328125
0 0.49296875 0.39296875 0.0109375 0.01796875
0 0.4015625 0.5375 0.0171875 0.02890625
0 0.215625 0.396875 0.0125 0.015625
0 0.8296875 0.3359375 0.01171875 0.015625
0 0.3640625 0.490625 0.015625 0.0234375
0 0.31953125 0.36875 0.01171875 0.0140625
0 0.97109375 0.3578125 0.0125 0.0171875
0 0.56640625 0.4046875 0.01171875 0.01953125
0 0.7453125 0.334375 0.0109375 0.015625
0 0.7046875 0.31953125 0.009375 0.0140625
0 0.99296875 0.35546875 0.01171875 0.01796875
0 0.75859375 0.3421875 0.01171875 0.0140625
0 0.26640625 0.3578125 0.0109375 0.0140625
0 0.5203125 0.47578125 0.0171875 0.025
0 0.5796875 0.41015625 0.01171875 0.02109375
0 0.4015625 0.6578125 0.015625 0.0234375
0 0.78984375 0.3296875 0.01171875 0.0171875
0 0.878125 0.36796875 0.0109375 0.0140625
0 0.09453125 0.31953125 0.0109375 0.0140625
0 0.29609375 0.36796875 0.0109375 0.0140625
0 0.7703125 0.39296875 0.01171875 0.01796875
0 0.45859375 0.4515625 0.0125 0.01953125
0 0.4953125 0.3578125 0.009375 0.0171875
0 0.71953125 0.35703125 0.009375 0.015625
0 0.8921875 0.2828125 0.009375 0.015625
0 0.934375 0.39453125 0.0125 0.0234375
0 0.046875 0.33828125 0.01171875 0.015625
0 0.36640625 0.3796875 0.009375 0.0171875
0 0.7953125 0.39296875 0.009375 0.01796875
0 0.40703125 0.40625 0.0109375 0.01796875
0 0.4546875 0.47578125 0.0140625 0.025
0 0.9171875 0.3109375 0.0109375 0.0171875
0 0.4640625 0.39453125 0.01171875 0.01796875
0 0.73359375 0.321875 0.0109375 0.0171875
0 0.94453125 0.43125 0.0140625 0.01796875
0 0.5421875 0.334375 0.0109375 0.015625
0 0.29375 0.3828125 0.0109375 0.015625
0 0.39765625 0.38125 0.009375 0.01796875
0 0.70546875 0.34375 0.00859375 0.01328125
0 0.28828125 0.31171875 0.0078125 0.01171875
0 0.46796875 0.38046875 0.0109375 0.01328125
0 0.88984375 0.36796875 0.0125 0.0140625
0 0.32109375 0.3421875 0.0109375 0.01328125
0 0.33046875 0.38125 0.0109375 0.01796875
0 0.48203125 0.38046875 0.0109375 0.01328125
0 0.80234375 0.33046875 0.0109375 0.01796875
0 0.28046875 0.38125 0.0109375 0.0140625
0 0.7171875 0.34140625 0.009375 0.015625
0 0.21875 0.29296875 0.0078125 0.0078125
0 0.77890625 0.35625 0.0109375 0.01953125
0 0.90625 0.40703125 0.0140625 0.0171875
0 0.4046875 0.44375 0.01171875 0.01796875
0 0.34921875 0.49765625 0.01484375 0.0234375