0 0.59375 0.44375 0.0234375 0.03671875
0 0.803125 0.3140625 0.0203125 0.03125
0 0.73984375 0.28515625 0.01640625 0.0234375
0 0.671875 0.2625 0.015625 0.025
0 0.69921875 0.26640625 0.0171875 0.025
0 0.59296875 0.3171875 0.01875 0.02734375
0 0.58359375 0.3625 0.02265625 0.0296875
0 0.8078125 0.2421875 0.01640625 0.0234375
0 0.1359375 0.5796875 0.040625 0.05625
0 0.8828125 0.2046875 0.015625 0.0234375
0 0.478125 0.19375 0.0140625 0.02109375
0 0.6515625 0.23671875 0.01640625 0.02578125
0 0.04375 0.3234375 0.0203125 0.02734375
0 0.4125 0.4828125 0.03046875 0.04296875
0 0.81796875 0.375 0.02421875 0.03125
0 0.98984375 0.24921875 0.01875 0.0296875
0 0.853125 0.234375 0.0171875 0.0234375
0 0.659375 0.36875 0.02265625 0.03125
0 0.3734375 0.44921875 0.025 0.0390625
0 0.253125 0.415625 0.0265625 0.03515625
0 0.9015625 0.1671875 0.0140625 0.01953125
0 0.50625 0.3296875 0.01953125 0.0296875
0 0.9734375 0.31796875 0.021875 0.03125
0 0.9359375 0.24375 0.01640625 0.021875
0 0.55625 0.49375 0.0296875 0.04453125
0 0.2140625 0.34296875 0.0171875 0.025
0 0.259375 0.48515625 0.034375 0.0453125
0 0.13203125 0.31796875 0.01953125 0.02578125
0 0.6390625 0.19375 0.015625 0.01953125
0 0.6109375 0.2609375 0.01484375 0.025
0 0.853125 0.3375 0.0234375 0.03125
0 0.1 0.315625 0.01875 0.02734375
0 0.76484375 0.23203125 0.01640625 0.0234375
0 0.31484375 0.27890625 0.01484375 0.02109375
0 0.96171875 0.19453125 0.01640625 0.021875
0 0.825 0.4515625 0.03046875 0.04296875
0 0.86328125 0.19296875 0.015625 0.02109375
0 0.71953125 0.36953125 0.0234375 0.03359375
0 0.81953125 0.17265625 0.0140625 0.01953125
0 0.3609375 0.2671875 0.0171875 0.0234375
0 0.2484375 0.2546875 0.0171875 0.021875
0 0.5953125 0.26015625 0.01484375 0.0234375
0 0.7734375 0.20625 0.015625 0.025
0 0.3328125 0.2796875 0.015625 0.02109375
0 0.26796875 0.35 0.01875 0.0296875
0 0.8296875 0.1875 0.0140625 0.0234375
0 0.159375 0.375 0.025 0.03671875
0 0.46953125 0.2671875 0.01640625 0.025
0 0.2828125 0.2609375 0.01640625 0.021875
0 0.1890625 0.63125 0.02734375 0.04296875
0 0.17109375 0.3296875 0.0171875 0.0234375
0 0.2734375 0.525 0.0296875 0.04453125
0 0.925 0.19375 0.0140625 0.01953125
0 0.934375 0.1703125 0.0125 0.01953125
0 0.2171875 0.29765625 0.015625 0.01953125
0 0.8671875 0.1625 0.0140625 0.01796875
0 0.015625 0.30625 0.0171875 0.021875
0 0.49140625 0.24921875 0.0140625 0.01953125
0 0.7703125 0.3640625 0.025 0.0375
0 0.1921875 0.33046875 0.01484375 0.01796875
0 0.5125 0.26171875 0.01484375 0.0234375
0 0.9296875 0.21328125 0.015625 0.02109375
0 0.66015625 0.209375 0.0140625 0.02109375
0 0.64921875 0.75390625 0.04765625 0.05703125
0 0.06875 0.3078125 0.01875 0.02734375
0 0.753125 0.11875 0.0109375 0.01796875
0 0.94453125 0.19453125 0.0140625 0.021875
0 0.0046875 0.32890625 0.00859375 0.025
0 0.93046875 0.1421875 0.0125 0.0171875
0 0.634375 0.3546875 0.02265625 0.0296875
0 0.98359375 0.13203125 0.0125 0.0140625
0 0.5578125 0.5703125 0.02421875 0.03125
0 0.6890625 0.23671875 0.0171875 0.01796875
0 0.6734375 0.82578125 0.0546875 0.06796875
0 0.88203125 0.13515625 0.0140625 0.01796875
0 0.20859375 0.31875 0.0203125 0.025
0 0.95234375 0.11875 0.0140625 0.01796875
0 0.9546875 0.1421875 0.0140625 0.01953125
0 0.73359375 0.1546875 0.0125 0.0171875
0 0.7359375 0.190625 0.0140625 0.01953125