0 0.5859375 0.2359375 0.03515625 0.05625
0 0.8046875 0.30546875 0.0453125 0.06875
0 0.9671875 0.0875 0.0453125 0.07578125
0 0.62734375 0.409375 0.03828125 0.06875
0 0.30078125 0.0875 0.0328125 0.04921875
0 0.6703125 0.0796875 0.040625 0.05859375
0 0.503125 0.27421875 0.03828125 0.0609375
0 0.64375 0.19921875 0.0359375 0.05703125
0 0.9234375 0.6265625 0.078125 0.11953125
0 0.1765625 0.09296875 0.0296875 0.04296875
0 0.25625 0.09453125 0.028125 0.040625
0 0.0828125 0.07265625 0.03125 0.04140625
0 0.1203125 0.06875 0.028125 0.04296875
0 0.2171875 0.1 0.03125 0.04921875
0 0.0609375 0.2421875 0.053125 0.0703125
0 0.853125 0.4515625 0.021875 0.0328125
0 0.134375 0.1859375 0.03984375 0.04921875
0 0.321875 0.0203125 0.034375 0.040625
0 0.753125 0.49375 0.02265625 0.0328125
0 0.190625 0.225 0.025 0.0328125