0 0.18828125 0.31328125 0.028125 0.0375
0 0.10390625 0.31796875 0.028125 0.0390625
0 0.75703125 0.01875 0.0140625 0.01953125
0 0.33515625 0.2515625 0.0234375 0.03671875
0 0.790625 0.109375 0.01640625 0.02578125
0 0.19296875 0.2578125 0.02421875 0.03125
0 0.734375 0.11796875 0.015625 0.025
0 0.9703125 0.2859375 0.028125 0.0484375
0 0.87578125 0.171875 0.021875 0.03125
0 0.76484375 0.23828125 0.0234375 0.03671875
0 0.61015625 0.103125 0.01484375 0.021875
0 0.2703125 0.275 0.025 0.03671875
0 0.5828125 0.6625 0.0625 0.09375
0 0.8078125 0.2953125 0.03046875 0.040625
0 0.0703125 0.3609375 0.0328125 0.0390625
0 0.83828125 0.18125 0.0203125 0.03125
0 0.03203125 0.42421875 0.03828125 0.04921875
0 0.915625 0.13671875 0.02265625 0.03125
0 0.715625 0.021875 0.0125 0.02109375
0 0.3734375 0.25 0.0234375 0.03671875
0 0.628125 0.3328125 0.03046875 0.04296875
0 0.60859375 0.15078125 0.0171875 0.02578125
0 0.8171875 0.009375 0.015625 0.01875
0 0.70234375 0.10703125 0.01640625 0.0234375
0 0.0796875 0.29921875 0.025 0.03671875
0 0.54375 0.1921875 0.021875 0.0328125
0 0.9125 0.30078125 0.025 0.0390625
0 0.6828125 0.33203125 0.02734375 0.04140625
0 0.20859375 0.0796875 0.0125 0.01953125
0 0.5359375 0.384375 0.03515625 0.053125
0 0.16875 0.0796875 0.01484375 0.025
0 0.478125 0.3421875 0.034375 0.05234375
0 0.70859375 0.4015625 0.028125 0.04296875
0 0.7171875 0.14296875 0.015625 0.02578125
0 0.08515625 0.2578125 0.0234375 0.03125
0 0.6328125 0.1109375 0.015625 0.0234375
0 0.75078125 0.115625 0.015625 0.02578125
0 0.23984375 0.29375 0.02421875 0.0375
0 0.15 0.20546875 0.0234375 0.03125
0 0.73671875 0.25625 0.02421875 0.03671875
0 0.8921875 0.00625 0.015625 0.0125
0 0.246875 0.09453125 0.0140625 0.021875
0 0.23671875 0.45078125 0.03203125 0.04921875
0 0.6421875 0.0875 0.0140625 0.01953125
0 0.96484375 0.07578125 0.0171875 0.0234375
0 0.95625 0.0359375 0.01484375 0.01953125
0 0.38125 0.10390625 0.01640625 0.02109375
0 0.3984375 0.6796875 0.05859375 0.09375
0 0.12890625 0.26796875 0.021875 0.03671875
0 0.940625 0.1921875 0.0203125 0.0328125
0 0.43828125 0.18828125 0.01875 0.0296875
0 0.64765625 0.196875 0.021875 0.0296875
0 0.296875 0.2625 0.025 0.0375
0 0.378125 0.2 0.0203125 0.0296875
0 0.35078125 0.37578125 0.03125 0.040625
0 0.96796875 0.19453125 0.02421875 0.03515625
0 0.853125 0.04375 0.0140625 0.01953125
0 0.31171875 0.38125 0.03203125 0.05078125
0 0.34453125 0.18125 0.01640625 0.0234375
0 0.821875 0.04453125 0.01484375 0.0234375
0 0.73125 0.16953125 0.0203125 0.03359375
0 0.84453125 0.009375 0.0140625 0.01875
0 0.3609375 0.41953125 0.03125 0.04921875
0 0.303125 0.1640625 0.01875 0.02578125
0 0.03203125 0.29921875 0.02734375 0.03125
0 0.89921875 0.06640625 0.01640625 0.0234375
0 0.3140625 0.08515625 0.01484375 0.01953125
0 0.6734375 0.21953125 0.0203125 0.0328125
0 0.98359375 0.1234375 0.0203125 0.02890625
0 0.4046875 0.19375 0.0203125 0.02890625
0 0.6140625 0.24296875 0.01953125 0.0296875
0 0.76484375 0.065625 0.015625 0.025
0 0.48125 0.19453125 0.01875 0.0296875
0 0.92734375 0.053125 0.01484375 0.02109375
0 0.271875 0.075 0.0125 0.01953125
0 0.24296875 0.20078125 0.0203125 0.02578125
0 0.71328125 0.0734375 0.01484375 0.01953125
0 0.8703125 0.08125 0.015625 0.025
0 0.1546875 0.35 0.03203125 0.04296875
0 0.02890625 0.24375 0.02265625 0.0328125
0 0.95078125 0.05703125 0.01484375 0.0234375
0 0.296875 0.06796875 0.0140625 0.02109375
0 0.0359375 0.3421875 0.02734375 0.03671875
0 0.21953125 0.22421875 0.01953125 0.03125
0 0.8859375 0.04296875 0.01484375 0.0234375
0 0.81640625 0.071875 0.015625 0.021875
0 0.0578125 0.2140625 0.021875 0.0296875
0 0.64453125 0.1640625 0.015625 0.0234375
0 0.48125 0.14453125 0.01875 0.02578125
0 0.67734375 0.125 0.01640625 0.0234375
0 0.97265625 0.05390625 0.015625 0.021875
0 0.31875 0.2 0.02265625 0.0296875
0 0.32578125 0.1328125 0.01484375 0.0234375
0 0.5265625 0.14765625 0.015625 0.025
0 0.80234375 0.2453125 0.0265625 0.04296875
0 0.790625 0.0171875 0.0125 0.02109375
0 0.5640625 0.1 0.01484375 0.01953125
0 0.85 0.065625 0.01484375 0.021875
0 0.8328125 0.0203125 0.0140625 0.021875
0 0.159375 0.3984375 0.034375 0.05234375
0 0.4265625 0.1109375 0.0140625 0.0171875
0 0.53984375 0.11796875 0.0171875 0.025
0 0.8296875 0.0890625 0.015625 0.021875
0 0.87578125 0.1171875 0.01640625 0.02578125
0 0.5515625 0.07890625 0.0140625 0.021875
0 0.228125 0.0796875 0.0125 0.01796875
0 0.00625 0.2875 0.01171875 0.0375
0 0.79609375 0.0375 0.0140625 0.0234375
0 0.5203125 0.096875 0.015625 0.01953125
0 0.2796875 0.1 0.01640625 0.0234375
0 0.365625 0.06875 0.0125 0.01953125
0 0.5515625 0.1421875 0.0171875 0.02890625
0 0.496875 0.13125 0.01875 0.025
0 0.55234375 0.05625 0.0125 0.01796875
0 0.33828125 0.11171875 0.01484375 0.0234375
0 0.59296875 0.0421875 0.0125 0.021875
0 0.51796875 0.11796875 0.01640625 0.025
0 0.25078125 0.1765625 0.0171875 0.025
0 0.3984375 0.14375 0.0171875 0.025
0 0.99296875 0.04765625 0.01171875 0.025
0 0.8703125 0.0296875 0.0140625 0.01953125
0 0.0921875 0.0921875 0.01640625 0.021875
0 0.009375 0.18125 0.01875 0.0296875
0 0.496875 0.10546875 0.01484375 0.0234375
0 0.340625 0.0640625 0.0125 0.01796875
0 0.52890625 0.0640625 0.01484375 0.02109375
0 0.62109375 0.08046875 0.0140625 0.01796875
0 0.36796875 0.1390625 0.01484375 0.02109375
0 0.565625 0.1203125 0.01640625 0.021875
0 0.77890625 0.2 0.0203125 0.0296875
0 0.65078125 0.10625 0.01484375 0.025
0 0.509375 0.18125 0.01640625 0.02578125
0 0.51484375 0.0796875 0.0140625 0.02109375
0 0.1046875 0.18125 0.0171875 0.0234375
0 0.9109375 0.00859375 0.01484375 0.0171875
0 0.83203125 0.15390625 0.0171875 0.0234375
0 0.48125 0.11875 0.01640625 0.01953125
0 0.69453125 0.08515625 0.01484375 0.021875
0 0.4640625 0.1328125 0.01640625 0.02578125
0 0.853125 0.09140625 0.01640625 0.0234375
0 0.1453125 0.0921875 0.0140625 0.02109375
0 0.14609375 0.171875 0.01875 0.02578125
0 0.0046875 0.24375 0.00859375 0.0234375
0 0.1546875 0.275 0.025 0.03125
0 0.353125 0.12890625 0.0171875 0.02578125
0 0.11640625 0.21875 0.01640625 0.02578125
0 0.67734375 0.15625 0.01875 0.03125
0 0.12890625 0.06015625 0.0140625 0.02109375
0 0.17109375 0.10625 0.01640625 0.025
0 0.69296875 0.0484375 0.0125 0.0234375
0 0.49140625 0.17265625 0.021875 0.025
0 0.975 0.0984375 0.0203125 0.025