0 0.98203125 0.2546875 0.034375 0.0640625
0 0.46953125 0.01796875 0.0234375 0.0359375
0 0.7265625 0.01875 0.02734375 0.0375
0 0.96796875 0.18125 0.03828125 0.0546875
0 0.9375 0.025 0.03125 0.04921875
0 0.753125 0.2921875 0.0375 0.0640625
0 0.6390625 0.25625 0.0328125 0.05078125
0 0.58515625 0.0171875 0.0234375 0.034375
0 0.684375 0.0171875 0.02421875 0.03359375
0 0.57109375 0.075 0.025 0.04296875
0 0.728125 0.22578125 0.0359375 0.0609375
0 0.471875 0.07421875 0.0265625 0.0390625
0 0.9359375 0.39140625 0.04765625 0.071875
0 0.06328125 0.15546875 0.034375 0.05078125
0 0.1765625 0.1984375 0.03125 0.04296875
0 0.50078125 0.3140625 0.040625 0.0625
0 0.73125 0.1109375 0.034375 0.05078125
0 0.2296875 0.1078125 0.0296875 0.0484375
0 0.41875 0.13125 0.03203125 0.05078125
0 0.51796875 0.03046875 0.0265625 0.04296875
0 0.409375 0.31796875 0.0421875 0.0625
0 0.6140625 0.03046875 0.025 0.04296875
0 0.30078125 0.22578125 0.0390625 0.05625
0 0.37578125 0.4359375 0.0515625 0.0859375
0 0.10859375 0.3296875 0.04296875 0.0640625
0 0.82734375 0.28046875 0.0453125 0.06875
0 0.9890625 0.07890625 0.0203125 0.0484375
0 0.18828125 0.25078125 0.04296875 0.0609375
0 0.14453125 0.15546875 0.0328125 0.04296875
0 0.30625 0.13203125 0.03203125 0.0484375
0 0.353125 0.0171875 0.025 0.03359375
0 0.2796875 0.32578125 0.04765625 0.06796875
0 0.81015625 0.05546875 0.0359375 0.05078125
0 0.2953125 0.6359375 0.0546875 0.084375
0 0.6828125 0.11796875 0.03203125 0.05078125
0 0.2390625 0.17578125 0.03515625 0.05234375
0 0.54765625 0.046875 0.02734375 0.04140625
0 0.09453125 0.66015625 0.0578125 0.09140625
0 0.1734375 0.06953125 0.0296875 0.04296875
0 0.471875 0.6296875 0.0671875 0.103125
0 0.3328125 0.0796875 0.0296875 0.0375
0 0.11484375 0.1171875 0.03828125 0.046875
0 0.253125 0.0796875 0.02421875 0.0390625
0 0.103125 0.2125 0.0375 0.0546875
0 0.228125 0.475 0.053125 0.0703125
0 0.2921875 0.0515625 0.021875 0.03515625
0 0.575 0.1578125 0.0359375 0.05703125
0 0.8875 0.046875 0.03203125 0.046875
0 0.72421875 0.65 0.0671875 0.11328125
0 0.39921875 0.0390625 0.02265625 0.03359375
0 0.8078125 0.2125 0.0375 0.04296875
0 0.41875 0.03125 0.02265625 0.03671875
0 0.1203125 0.415625 0.05078125 0.071875
0 0.43828125 0.20546875 0.0375 0.0546875
0 0.98125 0.5171875 0.0359375 0.1109375
0 0.446875 0.0140625 0.021875 0.028125
0 0.01484375 0.25546875 0.0296875 0.06796875
0 0.24296875 0.01875 0.0265625 0.0375
0 0.02109375 0.128125 0.03046875 0.040625
0 0.396875 0.0796875 0.025 0.04296875
0 0.2703125 0.1109375 0.02734375 0.04140625
0 0.78125 0.91328125 0.1328125 0.165625
0 0.9328125 0.50703125 0.04765625 0.0796875
0 0.19140625 0.35390625 0.0453125 0.06484375
0 0.1921875 0.10546875 0.0328125 0.04453125
0 0.5171875 0.11796875 0.03125 0.0453125
0 0.01875 0.334375 0.0375 0.06015625
0 0.3296875 0.04453125 0.02734375 0.03359375
0 0.2171875 0.03828125 0.0265625 0.0375
0 0.9921875 0.0171875 0.0140625 0.03359375
0 0.1546875 0.471875 0.0578125 0.08984375
0 0.225 0.5578125 0.06328125 0.0765625
0 0.4484375 0.1609375 0.0296875 0.0328125
0 0.2046875 0.15703125 0.0296875 0.04296875
0 0.30703125 0.01796875 0.0234375 0.0359375
0 0.009375 0.63125 0.01875 0.06875
0 0.6375 0.01640625 0.0265625 0.0328125
0 0.67890625 0.07265625 0.0328125 0.0390625
0 0.6421875 0.06953125 0.03125 0.0484375
0 0.4171875 0.00625 0.021875 0.01171875