0 0.57734375 0.4484375 0.0265625 0.04296875
0 0.82265625 0.36953125 0.034375 0.04921875
0 0.41484375 0.39921875 0.0265625 0.04296875
0 0.40859375 0.3421875 0.02421875 0.03515625
0 0.5296875 0.190625 0.015625 0.02734375
0 0.59453125 0.16796875 0.015625 0.02578125
0 0.55625 0.33046875 0.0234375 0.03671875
0 0.51640625 0.26875 0.0203125 0.0328125
0 0.76484375 0.3265625 0.03046875 0.04140625
0 0.6203125 0.3515625 0.02265625 0.03671875
0 0.4109375 0.55390625 0.0328125 0.05078125
0 0.57734375 0.25546875 0.01875 0.03125
0 0.4515625 0.225 0.0171875 0.0296875
0 0.39609375 0.24375 0.01875 0.0296875
0 0.5078125 0.1890625 0.015625 0.0234375
0 0.4390625 0.5015625 0.0328125 0.0546875
0 0.8171875 0.1015625 0.01484375 0.02109375
0 0.45859375 0.1734375 0.01484375 0.0234375
0 0.4828125 0.178125 0.015625 0.02109375
0 0.353125 0.24375 0.01875 0.02734375
0 0.9703125 0.275 0.02265625 0.03125
0 0.6140625 0.11953125 0.0140625 0.02109375
0 0.43046875 0.24375 0.0171875 0.03125
0 0.7359375 0.19375 0.0171875 0.025
0 0.79375 0.2109375 0.01953125 0.02890625
0 0.49609375 0.15390625 0.0140625 0.02109375
0 0.86875 0.225 0.0171875 0.02890625
0 0.4828125 0.146875 0.0140625 0.01796875
0 0.4953125 0.33828125 0.02734375 0.04140625
0 0.8875 0.37421875 0.03203125 0.04296875
0 0.853125 0.3234375 0.0265625 0.0375
0 0.77890625 0.08515625 0.01484375 0.01953125
0 0.90234375 0.0953125 0.0140625 0.02109375
0 0.8453125 0.1703125 0.0171875 0.021875
0 0.28515625 0.78046875 0.053125 0.07421875
0 0.3703125 0.26875 0.01875 0.02734375
0 0.57734375 0.11953125 0.0125 0.02109375
0 0.5546875 0.65546875 0.053125 0.07421875
0 0.965625 0.34375 0.03046875 0.04140625
0 0.29921875 0.2375 0.01875 0.0296875
0 0.54921875 0.25 0.01875 0.03125
0 0.43828125 0.1546875 0.0125 0.0234375
0 0.7609375 0.1515625 0.015625 0.02734375
0 0.571875 0.15 0.01484375 0.01796875
0 0.6265625 0.26328125 0.02265625 0.03125
0 0.4625 0.11875 0.0140625 0.01953125
0 0.946875 0.2859375 0.0265625 0.03515625
0 0.73203125 0.1671875 0.01484375 0.01953125
0 0.94375 0.06953125 0.0125 0.01953125
0 0.44140625 0.1296875 0.01171875 0.0171875
0 0.684375 0.08046875 0.0125 0.01796875
0 0.9296875 0.2546875 0.0234375 0.0328125
0 0.84296875 0.01796875 0.0125 0.01328125
0 0.26015625 0.23125 0.01484375 0.025
0 0.38984375 0.1375 0.0125 0.01953125
0 0.8578125 0.19375 0.015625 0.0234375
0 0.38203125 0.11796875 0.01171875 0.0171875
0 0.52265625 0.128125 0.0140625 0.01953125
0 0.825 0.19296875 0.01875 0.03125
0 0.4828125 0.43515625 0.0328125 0.05234375
0 0.27421875 0.634375 0.0421875 0.05625
0 0.65546875 0.26171875 0.02421875 0.03125
0 0.640625 0.0578125 0.01171875 0.0171875
0 0.5578125 0.1890625 0.015625 0.02109375
0 0.63125 0.1671875 0.01640625 0.025
0 0.846875 0.0890625 0.0125 0.01953125
0 0.6890625 0.23203125 0.01640625 0.02578125
0 0.128125 0.91953125 0.0578125 0.0859375
0 0.41875 0.1546875 0.0125 0.01953125
0 0.71953125 0.0703125 0.0125 0.01796875
0 0.59453125 0.128125 0.0140625 0.01953125
0 0.77109375 0.046875 0.0109375 0.015625
0 0.5796875 0.05390625 0.009375 0.0140625
0 0.4046875 0.1703125 0.0140625 0.021875
0 0.93828125 0.3421875 0.0234375 0.03515625
0 0.66484375 0.10390625 0.0140625 0.02109375
0 0.36484375 0.0921875 0.0109375 0.01328125
0 0.79375 0.0421875 0.0109375 0.0140625
0 0.4640625 0.1515625 0.0140625 0.01953125
0 0.5515625 0.0671875 0.01171875 0.0140625
0 0.546875 0.13671875 0.0140625 0.01796875
0 0.5609375 0.12265625 0.0125 0.01796875
0 0.53203125 0.103125 0.0109375 0.0171875
0 0.91875 0.93984375 0.0859375 0.1171875
0 0.40703125 0.08125 0.00859375 0.0140625
0 0.31640625 0.15390625 0.0140625 0.02109375
0 0.540625 0.1578125 0.0140625 0.02109375
0 0.85625 0.01796875 0.01171875 0.01328125
0 0.64296875 0.040625 0.00859375 0.01171875
0 0.51953125 0.1625 0.015625 0.01796875
0 0.65703125 0.34765625 0.02265625 0.03359375
0 0.42734375 0.09765625 0.0109375 0.015625
0 0.66875 0.18828125 0.0171875 0.021875
0 0.5671875 0.053125 0.00859375 0.01328125
0 0.5171875 0.41953125 0.0296875 0.046875
0 0.39453125 0.1046875 0.009375 0.0140625
0 0.56328125 0.0375 0.0078125 0.01171875
0 0.6546875 0.1734375 0.0171875 0.0234375
0 0.5203125 0.05703125 0.00859375 0.01328125
0 0.79375 0.0609375 0.01171875 0.0171875
0 0.8109375 0.0609375 0.0125 0.0171875
0 0.86875 0.0796875 0.0125 0.01796875
0 0.59453125 0.096875 0.01171875 0.0171875
0 0.7171875 0.040625 0.009375 0.0140625
0 0.45234375 0.3625 0.02421875 0.03515625
0 0.7125 0.16953125 0.01484375 0.02109375
0 0.965625 0.09296875 0.0125 0.01953125
0 0.61796875 0.04296875 0.00859375 0.01328125
0 0.6796875 0.04296875 0.009375 0.01328125
0 0.46953125 0.221875 0.01640625 0.025
0 0.5546875 0.0421875 0.0078125 0.01171875
0 0.60546875 0.040625 0.0078125 0.01171875
0 0.64375 0.07890625 0.01171875 0.0171875
0 0.59453125 0.04296875 0.00859375 0.01328125
0 0.4421875 0.1046875 0.009375 0.0140625
0 0.340625 0.109375 0.0125 0.015625
0 0.5046875 0.05546875 0.00859375 0.01171875
0 0.31953125 0.08046875 0.009375 0.01328125
0 0.79375 0.3296875 0.025 0.04296875
0 0.4328125 0.06640625 0.009375 0.01328125
0 0.4046875 0.04296875 0.00703125 0.0078125
0 0.9296875 0.0171875 0.01171875 0.0171875
0 0.4546875 0.04375 0.0078125 0.01171875
0 0.3796875 0.06875 0.00859375 0.01171875
0 0.878125 0.01875 0.0109375 0.0140625
0 0.65546875 0.03046875 0.00703125 0.01171875
0 0.61875 0.03046875 0.00703125 0.01171875
0 0.36640625 0.128125 0.0140625 0.01953125
0 0.56953125 0.21640625 0.0171875 0.02578125
0 0.7171875 0.01796875 0.00859375 0.01328125
0 0.40703125 0.10625 0.009375 0.0140625
0 0.4171875 0.09765625 0.0109375 0.015625
0 0.35859375 0.1546875 0.0125 0.01953125
0 0.70390625 0.0296875 0.0109375 0.01328125
0 0.97265625 0.3109375 0.02734375 0.0296875
0 0.43046875 0.04375 0.00703125 0.01171875
0 0.41875 0.04296875 0.00703125 0.0078125
0 0.5375 0.0375 0.00859375 0.01171875
0 0.603125 0.0734375 0.01171875 0.0171875
0 0.44375 0.04375 0.00703125 0.01171875
0 0.5203125 0.1046875 0.01171875 0.0171875
0 0.48046875 0.05546875 0.0078125 0.01171875
0 0.6078125 0.05390625 0.0109375 0.0140625
0 0.54140625 0.0546875 0.0109375 0.01328125
0 0.634375 0.11953125 0.0125 0.01796875
0 0.29375 0.07890625 0.009375 0.01171875
0 0.28203125 0.0796875 0.009375 0.01171875
0 0.61796875 0.0921875 0.0109375 0.0171875
0 0.2703125 0.08046875 0.009375 0.01328125
0 0.4953125 0.05546875 0.0078125 0.01171875
0 0.81875 0.04296875 0.0125 0.01796875
0 0.8421875 0.06328125 0.0125 0.0171875
0 0.6203125 0.01875 0.00859375 0.01171875
0 0.35625 0.06953125 0.00859375 0.01171875
0 0.94453125 0.01640625 0.01171875 0.0171875
0 0.46953125 0.05546875 0.0078125 0.01171875
0 0.3296875 0.0765625 0.009375 0.01328125
0 0.815625 0.021875 0.0109375 0.015625
0 0.4578125 0.06953125 0.00859375 0.0140625
0 0.76875 0.01640625 0.0109375 0.0140625
0 0.71484375 0.0546875 0.0140625 0.015625
0 0.75625 0.00625 0.0109375 0.01171875
0 0.36796875 0.1078125 0.0109375 0.0140625
0 0.571875 0.09296875 0.01171875 0.0140625
0 0.73125 0.0390625 0.009375 0.015625
0 0.34453125 0.071875 0.00859375 0.01171875
0 0.62890625 0.0296875 0.0078125 0.01015625
0 0.39296875 0.08046875 0.00859375 0.01328125
0 0.59296875 0.03125 0.0078125 0.01015625
0 0.63203125 0.0421875 0.0078125 0.01171875
0 0.56640625 0.06875 0.009375 0.01328125
0 0.69375 0.04140625 0.00859375 0.01328125
0 0.6734375 0.025 0.0078125 0.01328125
0 0.915625 0.0265625 0.01171875 0.0171875
0 0.52421875 0.0734375 0.00859375 0.0140625
0 0.7453125 0.01796875 0.009375 0.01328125
0 0.41640625 0.125 0.0109375 0.01796875
0 0.54609375 0.59765625 0.02421875 0.03359375
0 0.36171875 0.18203125 0.01484375 0.0234375
0 0.28046875 0.09375 0.0109375 0.01328125
0 0.3328125 0.1546875 0.01171875 0.01796875
0 0.70546875 0.00625 0.00859375 0.01171875
0 0.47421875 0.07421875 0.0109375 0.01328125
0 0.50625 0.03125 0.00703125 0.0078125
0 0.43046875 0.08046875 0.00859375 0.01328125
0 0.52109375 0.3234375 0.02265625 0.03515625
0 0.51796875 0.03046875 0.00703125 0.00625
0 0.5171875 0.04296875 0.0078125 0.0078125
0 0.50859375 0.1296875 0.01171875 0.0171875
0 0.24375 0.08125 0.0109375 0.01171875