0 0.01484375 0.4703125 0.0296875 0.04453125
0 0.3328125 0.25 0.01953125 0.03125
0 0.4234375 0.33515625 0.01953125 0.0296875
0 0.25390625 0.48515625 0.0328125 0.0484375
0 0.16640625 0.6734375 0.0421875 0.05078125
0 0.4796875 0.82421875 0.053125 0.07578125
0 0.8703125 0.19296875 0.021875 0.03125
0 0.37890625 0.26171875 0.021875 0.03125
0 0.2703125 0.35 0.02734375 0.0390625
0 0.17109375 0.23125 0.01875 0.025
0 0.43984375 0.4515625 0.0359375 0.04921875
0 0.075 0.64140625 0.03984375 0.0609375
0 0.746875 0.490625 0.0328125 0.04921875
0 0.95390625 0.1 0.01484375 0.0234375
0 0.8640625 0.05390625 0.015625 0.01953125
0 0.6734375 0.2953125 0.025 0.0375
0 0.7765625 0.46171875 0.0296875 0.0484375
0 0.23125 0.09453125 0.01171875 0.0171875
0 0.30234375 0.1703125 0.01640625 0.021875
0 0.284375 0.084375 0.0140625 0.01796875
0 0.45859375 0.23828125 0.01875 0.02578125
0 0.2765625 0.1796875 0.0140625 0.0234375
0 0.99453125 0.0265625 0.00859375 0.025
0 0.028125 0.09453125 0.0125 0.0171875
0 0.70625 0.21953125 0.0171875 0.02734375
0 0.91015625 0.05078125 0.0171875 0.0234375
0 0.2484375 0.7125 0.04765625 0.05703125
0 0.00390625 0.10703125 0.0078125 0.01796875
0 0.8265625 0.0484375 0.01484375 0.025
0 0.25625 0.09375 0.0109375 0.01796875
0 0.75703125 0.06875 0.01484375 0.025
0 0.1453125 0.225 0.015625 0.0234375
0 0.9359375 0.053125 0.01484375 0.02109375
0 0.44609375 0.09453125 0.01171875 0.0140625
0 0.8890625 0.18125 0.015625 0.02734375
0 0.45859375 0.21328125 0.01875 0.0234375
0 0.30234375 0.25703125 0.01484375 0.025
0 0.27109375 0.04296875 0.0109375 0.01796875
0 0.01484375 0.10546875 0.01171875 0.01796875
0 0.56875 0.21328125 0.01484375 0.02109375
0 0.05546875 0.09453125 0.0109375 0.0140625
0 0.01875 0.13046875 0.01171875 0.01796875
0 0.99453125 0.10546875 0.00859375 0.02578125
0 0.54375 0.1921875 0.01484375 0.021875
0 0.8328125 0.0296875 0.0140625 0.01953125
0 0.7703125 0.9890625 0.025 0.01953125
0 0.1375 0.28515625 0.0140625 0.02109375
0 0.296875 0.0953125 0.01171875 0.015625