0 0.159375 0.53515625 0.034375 0.06015625
0 0.7234375 0.39921875 0.02890625 0.04921875
0 0.9125 0.76484375 0.05078125 0.065625
0 0.36640625 0.5640625 0.03125 0.0515625
0 0.5546875 0.8921875 0.03984375 0.0734375
0 0.10625 0.08203125 0.0234375 0.04375
0 0.6234375 0.28828125 0.02890625 0.04609375
0 0.08359375 0.07265625 0.02578125 0.04609375
0 0.1546875 0.76640625 0.04375 0.0625
0 0.62109375 0.0421875 0.0203125 0.040625
0 0.4828125 0.215625 0.02734375 0.04375
0 0.89453125 0.1859375 0.02578125 0.03828125
0 0.6796875 0.890625 0.04375 0.065625
0 0.71328125 0.2703125 0.02734375 0.04921875
0 0.45078125 0.0875 0.02578125 0.04921875
0 0.32734375 0.04921875 0.02578125 0.04375
0 0.68359375 0.1734375 0.02578125 0.04609375
0 0.26328125 0.56953125 0.03984375 0.0625
0 0.0265625 0.27734375 0.03828125 0.05703125
0 0.57421875 0.54375 0.03671875 0.04921875
0 0.665625 0.5515625 0.0328125 0.04921875
0 0.5515625 0.25703125 0.02734375 0.04921875
0 0.784375 0.8578125 0.03828125 0.0765625
0 0.0578125 0.13359375 0.02578125 0.04921875
0 0.93515625 0.10234375 0.02734375 0.04609375
0 0.58984375 0.05703125 0.0234375 0.04375
0 0.88125 0.23203125 0.0234375 0.04921875
0 0.1546875 0.834375 0.05078125 0.0734375
0 0.8125 0.94375 0.0546875 0.084375
0 0.58515625 0.7390625 0.03984375 0.0625
0 0.2234375 0.56796875 0.0328125 0.06015625
0 0.70625 0.4453125 0.02734375 0.0546875
0 0.634375 0.7625 0.03984375 0.06015625
0 0.91015625 0.39375 0.034375 0.06015625
0 0.41328125 0.8140625 0.04921875 0.07109375
0 0.01796875 0.76171875 0.0359375 0.0609375
0 0.02421875 0.04921875 0.0234375 0.04375
0 0.78359375 0.5078125 0.02890625 0.0546875
0 0.54296875 0.5984375 0.03828125 0.04921875
0 0.9046875 0.565625 0.03828125 0.06015625
0 0.58984375 0.11875 0.0234375 0.04609375
0 0.359375 0.30078125 0.02734375 0.04921875
0 0.69375 0.98671875 0.0421875 0.021875
0 0.5984375 0.8125 0.04375 0.0734375
0 0.75546875 0.03515625 0.0234375 0.03828125
0 0.1203125 0.9140625 0.04375 0.0625
0 0.82421875 0.6078125 0.03828125 0.0515625
0 0.73359375 0.1625 0.02734375 0.04609375
0 0.6609375 0.46171875 0.03125 0.04921875
0 0.85390625 0.46484375 0.03125 0.0546875
0 0.75390625 0.41640625 0.03125 0.04609375
0 0.3953125 0.11171875 0.02734375 0.04375
0 0.93515625 0.94296875 0.06328125 0.0984375
0 0.4046875 0.7265625 0.03828125 0.06015625
0 0.41171875 0.0421875 0.0234375 0.04609375
0 0.9421875 0.25390625 0.02890625 0.04921875
0 0.2890625 0.084375 0.02578125 0.04921875
0 0.559375 0.3390625 0.02734375 0.04375
0 0.84921875 0.6546875 0.03671875 0.0734375
0 0.02578125 0.465625 0.03671875 0.05703125
0 0.83515625 0.04375 0.0234375 0.03828125
0 0.57421875 0.4578125 0.0328125 0.0515625
0 0.63359375 0.3796875 0.03125 0.0546875
0 0.940625 0.43046875 0.03125 0.0515625
0 0.28359375 0.2921875 0.02890625 0.04921875
0 0.7765625 0.2046875 0.02890625 0.04921875
0 0.484375 0.06796875 0.0234375 0.03828125
0 0.34609375 0.72265625 0.0421875 0.06796875
0 0.63125 0.9453125 0.05078125 0.0765625
0 0.35390625 0.06171875 0.02734375 0.04609375
0 0.6734375 0.69921875 0.034375 0.06015625
0 0.9734375 0.85390625 0.0453125 0.0734375
0 0.16328125 0.28671875 0.0328125 0.06015625
0 0.309375 0.5203125 0.03671875 0.0625
0 0.62421875 0.16796875 0.02734375 0.0515625
0 0.5703125 0.38515625 0.034375 0.04921875
0 0.45390625 0.540625 0.0421875 0.06015625
0 0.05 0.9 0.0453125 0.0734375
0 0.39453125 0.96484375 0.04765625 0.065625
0 0.49375 0.35234375 0.03125 0.04921875
0 0.52890625 0.64453125 0.03671875 0.04921875
0 0.79296875 0.30078125 0.02890625 0.04921875
0 0.8328125 0.19921875 0.02578125 0.04921875
0 0.72734375 0.33984375 0.03671875 0.0515625
0 0.04296875 0.3703125 0.03828125 0.0625
0 0.54375 0.11875 0.02578125 0.04609375
0 0.27265625 0.5109375 0.0328125 0.04921875
0 0.6421875 0.0625 0.021875 0.04375
0 0.45390625 0.709375 0.0421875 0.06796875
0 0.2125 0.0453125 0.02578125 0.0515625
0 0.50703125 0.98203125 0.03984375 0.0296875
0 0.8296875 0.08984375 0.0234375 0.03828125
0 0.278125 0.13515625 0.02578125 0.04609375
0 0.87578125 0.42109375 0.03125 0.04921875
0 0.31484375 0.1546875 0.02890625 0.0515625
0 0.0546875 0.80078125 0.04375 0.06015625
0 0.06875 0.2203125 0.0328125 0.0515625
0 0.640625 0.70390625 0.03125 0.04609375
0 0.37265625 0.24453125 0.02578125 0.04609375
0 0.47265625 0.45625 0.03671875 0.06015625
0 0.7078125 0.61640625 0.034375 0.03515625
0 0.5328125 0.4109375 0.02890625 0.0515625
0 0.328125 0.3484375 0.034375 0.04609375
0 0.34921875 0.434375 0.03671875 0.0546875
0 0.7265625 0.87265625 0.0421875 0.07890625
0 0.19921875 0.22421875 0.02734375 0.04921875
0 0.190625 0.59140625 0.03671875 0.0625
0 0.39296875 0.390625 0.0328125 0.0546875
0 0.03359375 0.56171875 0.0421875 0.06796875
0 0.36875 0.665625 0.03671875 0.0515625
0 0.228125 0.421875 0.034375 0.0625
0 0.16015625 0.05859375 0.02578125 0.04609375
0 0.8078125 0.1734375 0.0234375 0.040625
0 0.67890625 0.10390625 0.0234375 0.04375
0 0.0921875 0.3671875 0.03828125 0.0515625
0 0.0921875 0.5125 0.03828125 0.06796875
0 0.16484375 0.14921875 0.02734375 0.0515625
0 0.45390625 0.29375 0.034375 0.05703125
0 0.271875 0.2484375 0.02734375 0.03828125
0 0.80546875 0.109375 0.021875 0.0328125
0 0.6890625 0.3265625 0.02578125 0.0515625
0 0.09296875 0.165625 0.02890625 0.0515625
0 0.77890625 0.60078125 0.034375 0.07109375
0 0.39609375 0.4546875 0.0328125 0.05703125
0 0.40703125 0.34453125 0.02890625 0.04375
0 0.7234375 0.6953125 0.04375 0.06796875
0 0.50390625 0.90859375 0.04375 0.0734375
0 0.90546875 0.23359375 0.02578125 0.0515625
0 0.21875 0.00546875 0.0234375 0.0109375
0 0.5546875 0.01484375 0.021875 0.0296875
0 0.36171875 0.021875 0.021875 0.0328125
0 0.509375 0.01484375 0.02578125 0.0296875
0 0.5125 0.18203125 0.02578125 0.04609375
0 0.20703125 0.1734375 0.02890625 0.04609375
0 0.58203125 0.0109375 0.021875 0.021875
0 0.52265625 0.053125 0.0234375 0.04609375
0 0.8234375 0.334375 0.02890625 0.03515625
0 0.27265625 0.73671875 0.04375 0.0625
0 0.11640625 0.25703125 0.0328125 0.0546875
0 0.87421875 0.02578125 0.02578125 0.04609375
0 0.51875 0.69296875 0.034375 0.0515625
0 0.59609375 0.49296875 0.0328125 0.0515625
0 0.47734375 0.0125 0.0234375 0.02421875
0 0.2734375 0.83203125 0.0453125 0.0625
0 0.9921875 0.09140625 0.0125 0.040625
0 0.84453125 0.7578125 0.0421875 0.0625
0 0.72578125 0.509375 0.03671875 0.0625
0 0.259375 0.29375 0.0234375 0.040625
0 0.9015625 0.48515625 0.03671875 0.0625
0 0.27578125 0.92109375 0.0453125 0.065625
0 0.190625 0.4359375 0.02890625 0.05703125
0 0.12265625 0.7296875 0.03828125 0.06015625
0 0.24453125 0.1203125 0.02734375 0.04921875
0 0.2515625 0.065625 0.02734375 0.04921875
0 0.3671875 0.61640625 0.04375 0.0515625
0 0.82265625 0.88125 0.0453125 0.0515625
0 0.31328125 0.44375 0.02734375 0.0515625
0 0.95625 0.3140625 0.0328125 0.04921875
0 0.1265625 0.97421875 0.05234375 0.04609375
0 0.86328125 0.35625 0.02890625 0.0515625
0 0.959375 0.0078125 0.025 0.015625
0 0.2390625 0.978125 0.0453125 0.03828125
0 0.01171875 0.18984375 0.0234375 0.05703125
0 0.9125 0.62265625 0.03984375 0.06015625
0 0.50234375 0.11484375 0.02734375 0.03828125
0 0.66015625 0.29921875 0.02578125 0.04609375
0 0.459375 0.64609375 0.034375 0.0515625
0 0.2609375 0.41015625 0.0234375 0.04375
0 0.1546875 0.38671875 0.0328125 0.0515625
0 0.571875 0.29921875 0.0234375 0.03515625
0 0.18359375 0.02734375 0.021875 0.03828125
0 0.35390625 0.20390625 0.02734375 0.04609375
0 0.27890625 0.67890625 0.0453125 0.04609375
0 0.7078125 0.0296875 0.0234375 0.03828125
0 0.91640625 0.33984375 0.02890625 0.03515625
0 0.12265625 0.60546875 0.0421875 0.0625
0 0.76328125 0.46484375 0.02890625 0.04921875
0 0.50078125 0.41015625 0.0234375 0.04921875
0 0.78125 0.4015625 0.0234375 0.04921875
0 0.48515625 0.30859375 0.02890625 0.03828125
0 0.64453125 0.62265625 0.034375 0.065625
0 0.53359375 0.53125 0.03125 0.0515625
0 0.54375 0.04921875 0.021875 0.04375
0 0.11484375 0.6828125 0.03671875 0.02734375
0 0.45625 0.38515625 0.02890625 0.04375
0 0.7796875 0.0234375 0.02578125 0.04609375
0 0.41484375 0.1875 0.03671875 0.0625
0 0.7609375 0.8015625 0.034375 0.04609375
0 0.51796875 0.290625 0.02578125 0.04609375
0 0.5953125 0.284375 0.0234375 0.03828125
0 0.45546875 0.8125 0.034375 0.0515625
0 0.165625 0.4796875 0.0328125 0.04609375
0 0.559375 0.6953125 0.034375 0.0515625
0 0.434375 0.03671875 0.021875 0.04609375
0 0.67734375 0.040625 0.0203125 0.02734375
0 0.87578125 0.13671875 0.0234375 0.04375
0 0.4046875 0.30859375 0.0234375 0.02734375
0 0.615625 0.0109375 0.0234375 0.021875
0 0.1078125 0.8609375 0.0453125 0.04921875
0 0.22421875 0.3703125 0.03125 0.03515625
0 0.77109375 0.35546875 0.02890625 0.04921875
0 0.128125 0.34296875 0.034375 0.0515625
0 0.0796875 0.72578125 0.03671875 0.0625
0 0.6921875 0.0078125 0.021875 0.015625
0 0.9890625 0.63671875 0.01796875 0.0546875
0 0.1234375 0.38828125 0.02578125 0.04921875
0 0.67578125 0.7609375 0.03828125 0.0625
0 0.11484375 0.01796875 0.02578125 0.03515625
0 0.05546875 0.5078125 0.03125 0.03828125
0 0.96640625 0.38359375 0.03125 0.05703125
0 0.65546875 0.19140625 0.0234375 0.03828125
0 0.24453125 0.0234375 0.0234375 0.03515625
0 0.76328125 0.16640625 0.021875 0.03828125
0 0.57421875 0.26328125 0.021875 0.0296875
0 0.009375 0.40546875 0.01796875 0.0515625
0 0.12109375 0.15859375 0.0234375 0.03828125
0 0.1625 0.925 0.0421875 0.0734375
0 0.30390625 0.5859375 0.03671875 0.0515625
0 0.72890625 0.77734375 0.03671875 0.0625
0 0.2921875 0.18046875 0.02734375 0.03828125
0 0.44453125 0.4875 0.03125 0.04609375
0 0.67578125 0.41953125 0.02734375 0.03515625
0 0.37578125 0.1828125 0.0234375 0.04921875
0 0.64453125 0.2578125 0.02734375 0.040625
0 0.965625 0.2078125 0.02578125 0.0546875
0 0.33359375 0.0125 0.0234375 0.02421875
0 0.18359375 0.684375 0.03984375 0.0625
0 0.98984375 0.3140625 0.01640625 0.04375
0 0.16484375 0.4359375 0.02734375 0.04609375
0 0.43359375 0.959375 0.03125 0.065625
0 0.32578125 0.21015625 0.02578125 0.03828125
0 0.8234375 0.51875 0.03671875 0.0546875