0 0.4046875 0.4125 0.040625 0.0609375
0 0.4421875 0.359375 0.0328125 0.04921875
0 0.17421875 0.40078125 0.03828125 0.05703125
0 0.4640625 0.3984375 0.03515625 0.0546875
0 0.15703125 0.18046875 0.0328125 0.0375
0 0.53984375 0.234375 0.0265625 0.04140625
0 0.17421875 0.34140625 0.0421875 0.0546875
0 0.63984375 0.7734375 0.0609375 0.09140625
0 0.303125 0.60546875 0.05 0.08046875
0 0.78203125 0.0546875 0.0171875 0.0234375
0 0.95703125 0.74921875 0.084375 0.11875
0 0.6375 0.18125 0.0265625 0.0390625
0 0.70625 0.0875 0.02421875 0.03125
0 0.43984375 0.125 0.01875 0.03125
0 0.0734375 0.1265625 0.0265625 0.03359375
0 0.54609375 0.2 0.0234375 0.0296875
0 0.66875 0.46875 0.04296875 0.04921875
0 0.65703125 0.42265625 0.03984375 0.05625
0 0.41875 0.1328125 0.01953125 0.03359375
0 0.87734375 0.9515625 0.12421875 0.09375
0 0.04375 0.07890625 0.025 0.03515625
0 0.1859375 0.85390625 0.07421875 0.1015625
0 0.790625 0.1140625 0.01640625 0.021875
0 0.82734375 0.10703125 0.01875 0.0234375
0 0.21953125 0.025 0.0171875 0.025
0 0.77421875 0.12421875 0.01875 0.025
0 0.88203125 0.00859375 0.0140625 0.0171875
0 0.81875 0.1421875 0.01640625 0.0234375
0 0.8328125 0.05703125 0.0171875 0.0234375
0 0.9296875 0.3265625 0.01953125 0.021875
0 0.4421875 0.3078125 0.021875 0.0328125