0 0.92109375 0.1203125 0.03203125 0.053125
0 0.30546875 0.034375 0.0265625 0.04296875
0 0.1703125 0.11171875 0.0359375 0.04921875
0 0.865625 0.1265625 0.03125 0.04921875
0 0.6140625 0.07578125 0.034375 0.0546875
0 0.7875 0.06171875 0.034375 0.05078125
0 0.4828125 0.0625 0.03515625 0.0546875
0 0.89609375 0.32421875 0.05 0.07578125
0 0.4484375 0.11328125 0.0296875 0.046875
0 0.315625 0.1234375 0.0359375 0.05625
0 0.8015625 0.28125 0.0484375 0.0703125
0 0.61171875 0.26640625 0.04765625 0.06875
0 0.07578125 0.3140625 0.04765625 0.07265625
0 0.7453125 0.1015625 0.0359375 0.06015625
0 0.128125 0.33203125 0.059375 0.08828125
0 0.66875 0.1390625 0.03828125 0.05625
0 0.221875 0.03515625 0.03203125 0.04921875
0 0.1828125 0.034375 0.0296875 0.0484375
0 0.8328125 0.11875 0.0328125 0.0546875
0 0.39921875 0.0484375 0.03046875 0.05078125
0 0.603125 0.175 0.0390625 0.0640625
0 0.3703125 0.03046875 0.028125 0.05078125
0 0.48359375 0.19375 0.03828125 0.05625
0 0.134375 0.08046875 0.0296875 0.04921875
0 0.546875 0.08671875 0.03125 0.05625
0 0.31328125 0.51640625 0.0890625 0.115625
0 0.25625 0.01953125 0.028125 0.0390625
0 0.8515625 0.0484375 0.0296875 0.04921875
0 0.990625 0.0671875 0.0171875 0.0375
0 0.715625 0.06875 0.0359375 0.04296875
0 0.89609375 0.5359375 0.06953125 0.084375
0 0.884375 0.0125 0.02734375 0.025
0 0.8171875 0.04375 0.0328125 0.05078125
0 0.48671875 0.13125 0.03203125 0.05078125
0 0.16015625 0.0078125 0.025 0.015625
0 0.97578125 0.13125 0.0328125 0.05078125