0 0.90390625 0.209375 0.028125 0.04453125
0 0.7875 0.4515625 0.0375 0.0546875
0 0.93984375 0.2046875 0.02421875 0.0375
0 0.77265625 0.28046875 0.028125 0.04296875
0 0.30546875 0.12890625 0.0171875 0.02890625
0 0.40703125 0.53046875 0.0515625 0.07421875
0 0.98359375 0.24375 0.0265625 0.04453125
0 0.5875 0.315625 0.0265625 0.0484375
0 0.8421875 0.13828125 0.021875 0.03359375
0 0.96953125 0.1828125 0.0234375 0.0375
0 0.8609375 0.69765625 0.065625 0.08828125
0 0.8421875 0.03828125 0.01484375 0.021875
0 0.7640625 0.57265625 0.0453125 0.07265625
0 0.26796875 0.253125 0.0265625 0.0375
0 0.60625 0.13671875 0.01953125 0.03125
0 0.4640625 0.65 0.0609375 0.08046875
0 0.5609375 0.24921875 0.028125 0.04296875
0 0.6453125 0.64765625 0.05390625 0.084375
0 0.715625 0.409375 0.0359375 0.05625
0 0.4890625 0.24296875 0.02734375 0.04296875
0 0.7 0.53046875 0.0390625 0.06875
0 0.853125 0.2109375 0.025 0.0390625
0 0.571875 0.1421875 0.0203125 0.03359375
0 0.70234375 0.1390625 0.02265625 0.03515625
0 0.62421875 0.3953125 0.03203125 0.05078125
0 0.81953125 0.5671875 0.053125 0.071875
0 0.9046875 0.3734375 0.0375 0.0609375
0 0.053125 0.33203125 0.03203125 0.046875
0 0.94140625 0.08828125 0.01953125 0.03125
0 0.90234375 0.0671875 0.0171875 0.0296875
0 0.68828125 0.36171875 0.03203125 0.04921875
0 0.3109375 0.30625 0.0296875 0.04453125
0 0.7609375 0.225 0.0203125 0.0375
0 0.6859375 0.234375 0.02421875 0.03671875
0 0.2484375 0.29296875 0.028125 0.04453125
0 0.9671875 0.00859375 0.015625 0.0171875
0 0.109375 0.5296875 0.05859375 0.08046875
0 0.07109375 0.27265625 0.03046875 0.04296875
0 0.490625 0.1546875 0.0203125 0.03671875
0 0.746875 0.0546875 0.01484375 0.0234375
0 0.9015625 0.0296875 0.015625 0.021875
0 0.5484375 0.35078125 0.0296875 0.04296875
0 0.665625 0.43046875 0.03515625 0.05078125
0 0.5546875 0.11640625 0.01953125 0.02734375
0 0.990625 0.1109375 0.0171875 0.0296875
0 0.44453125 0.26171875 0.025 0.04453125
0 0.475 0.38046875 0.034375 0.0546875
0 0.46953125 0.0296875 0.01484375 0.0234375
0 0.234375 0.2171875 0.0234375 0.03671875
0 0.14609375 0.21796875 0.0265625 0.0375
0 0.85078125 0.084375 0.0171875 0.02890625
0 0.28203125 0.3359375 0.03203125 0.05234375
0 0.44609375 0.21171875 0.0203125 0.0328125
0 0.28046875 0.65625 0.06953125 0.09921875
0 0.38984375 0.2609375 0.0234375 0.0375
0 0.2375 0.1453125 0.0203125 0.0328125
0 0.7515625 0.31796875 0.034375 0.05703125
0 0.609375 0.04453125 0.0140625 0.0234375
0 0.7578125 0.0734375 0.0171875 0.02734375
0 0.25390625 0.18203125 0.021875 0.03125
0 0.715625 0.05546875 0.01484375 0.025
0 0.75859375 0.0359375 0.0140625 0.021875
0 0.8671875 0.1203125 0.0171875 0.0296875
0 0.684375 0.0859375 0.01875 0.0234375
0 0.95703125 0.06875 0.015625 0.02578125
0 0.65859375 0.03828125 0.0125 0.01953125
0 0.5828125 0.221875 0.0234375 0.040625
0 0.4703125 0.1296875 0.0171875 0.02734375
0 0.8703125 0.33046875 0.03203125 0.0546875
0 0.4015625 0.32578125 0.02265625 0.04140625
0 0.0859375 0.7203125 0.0765625 0.10703125
0 0.8140625 0.05625 0.0171875 0.02734375
0 0.7 0.8265625 0.0859375 0.11171875
0 0.99140625 0.03125 0.01484375 0.02578125
0 0.03515625 0.253125 0.02734375 0.04296875
0 0.49296875 0.1 0.01875 0.0296875
0 0.59453125 0.01875 0.0140625 0.01953125
0 0.38046875 0.10546875 0.01875 0.0234375
0 0.62109375 0.01796875 0.0140625 0.01796875
0 0.525 0.38046875 0.03046875 0.04921875
0 0.31640625 0.2640625 0.025 0.03515625
0 0.7265625 0.03125 0.015625 0.0234375
0 0.9421875 0.0171875 0.01484375 0.025
0 0.85625 0.01953125 0.01484375 0.02109375
0 0.79453125 0.025 0.01484375 0.021875
0 0.3640625 0.28671875 0.0234375 0.04140625
0 0.66875 0.0640625 0.01484375 0.0234375
0 0.40703125 0.13046875 0.01640625 0.02578125
0 0.36015625 0.14375 0.021875 0.0328125
0 0.32109375 0.1609375 0.0203125 0.0328125
0 0.1953125 0.275 0.02734375 0.0328125
0 0.734375 0.14765625 0.0234375 0.0328125
0 0.34453125 0.9734375 0.0953125 0.05078125
0 0.7140625 0.08046875 0.015625 0.02578125
0 0.87578125 0.03046875 0.015625 0.025
0 0.409375 0.16171875 0.0203125 0.03125
0 0.9875 0.6421875 0.0234375 0.0796875
0 0.38125 0.14921875 0.01875 0.0296875
0 0.546875 0.0421875 0.0140625 0.01953125
0 0.6921875 0.04765625 0.01484375 0.021875
0 0.53359375 0.11875 0.01875 0.02578125
0 0.91875 0.00703125 0.0140625 0.0140625
0 0.51875 0.14296875 0.01953125 0.03125
0 0.190625 0.2390625 0.0265625 0.0375
0 0.92734375 0.02890625 0.01484375 0.02109375
0 0.5484375 0.146875 0.01953125 0.03125
0 0.00859375 0.3375 0.0171875 0.04921875
0 0.27890625 0.21875 0.02265625 0.03125
0 0.64921875 0.334375 0.03046875 0.04453125
0 0.5859375 0.06875 0.015625 0.025
0 0.4265625 0.0078125 0.0140625 0.015625
0 0.88203125 0.16796875 0.0234375 0.03671875
0 0.37578125 0.00625 0.0140625 0.0125
0 0.1046875 0.3546875 0.03515625 0.05078125
0 0.7046875 0.103125 0.0171875 0.025
0 0.7390625 0.2109375 0.025 0.0390625
0 0.53203125 0.25625 0.025 0.03671875
0 0.2140625 0.5953125 0.0609375 0.078125
0 0.1109375 0.1625 0.021875 0.0328125
0 0.4359375 0.33203125 0.0265625 0.04140625
0 0.58046875 0.0296875 0.0125 0.01796875
0 0.45546875 0.1109375 0.01640625 0.02578125
0 0.55546875 0.0890625 0.01484375 0.021875
0 0.97578125 0.0625 0.0171875 0.02578125
0 0.45546875 0.00625 0.01484375 0.01171875
0 0.509375 0.06875 0.015625 0.0234375
0 0.50625 0.0484375 0.01484375 0.01953125
0 0.4953125 0.0078125 0.0140625 0.015625
0 0.4671875 0.15703125 0.01953125 0.0296875
0 0.40546875 0.00625 0.0125 0.01171875
0 0.425 0.2171875 0.01953125 0.03671875
0 0.57890625 0.0875 0.01484375 0.01953125
0 0.884375 0.2921875 0.03125 0.0328125
0 0.40859375 0.01953125 0.0125 0.01796875
0 0.41875 0.08828125 0.01640625 0.0234375
0 0.45625 0.04296875 0.0140625 0.0234375
0 0.89296875 0.11953125 0.02265625 0.03125
0 0.47578125 0.05625 0.0171875 0.02578125
0 0.4125 0.03828125 0.01484375 0.021875
0 0.79375 0.0609375 0.01640625 0.025
0 0.29375 0.26015625 0.02265625 0.03671875
0 0.6578125 0.29765625 0.02265625 0.03515625
0 0.6703125 0.20078125 0.021875 0.03671875
0 0.63125 0.09296875 0.01484375 0.025
0 0.46796875 0.2671875 0.01875 0.03671875
0 0.3921875 0.0453125 0.0140625 0.021875
0 0.253125 0.3671875 0.0265625 0.03671875
0 0.353125 0.00625 0.01484375 0.01171875
0 0.43203125 0.03125 0.01484375 0.0234375
0 0.9359375 0.053125 0.01875 0.02890625
0 0.12578125 0.3984375 0.0296875 0.04140625
0 0.4953125 0.28203125 0.02421875 0.03515625
0 0.51640625 0.1109375 0.0171875 0.0296875
0 0.8703125 0.0875 0.015625 0.02578125
0 0.78828125 0.0875 0.0171875 0.0296875
0 0.73125 0.0515625 0.01484375 0.021875
0 0.984375 0.00703125 0.015625 0.0140625
0 0.64296875 0.071875 0.01484375 0.01953125
0 0.67421875 0.98671875 0.07890625 0.0234375
0 0.88984375 0.0078125 0.01484375 0.015625
0 0.76796875 0.0078125 0.01484375 0.015625
0 0.9046875 0.1515625 0.021875 0.03515625
0 0.3015625 0.41953125 0.0390625 0.05703125
0 0.37578125 0.06875 0.01484375 0.025
0 0.39375 0.07890625 0.01484375 0.021875
0 0.48046875 0.0125 0.0140625 0.01953125
0 0.4921875 0.03046875 0.0140625 0.01953125
0 0.5296875 0.0296875 0.0125 0.01796875
0 0.4359375 0.1109375 0.01953125 0.0296875
0 0.74140625 0.07578125 0.01484375 0.0234375
0 0.5359375 0.1890625 0.02734375 0.03671875
0 0.4296875 0.16953125 0.021875 0.02890625
0 0.86953125 0.01015625 0.01484375 0.01796875
0 0.49296875 0.053125 0.01484375 0.02109375
0 0.59453125 0.09296875 0.01640625 0.025
0 0.028125 0.378125 0.0359375 0.0484375
0 0.7828125 0.009375 0.0125 0.01875