0 0.88203125 0.3375 0.02265625 0.0328125
0 0.58359375 0.48203125 0.03828125 0.05234375
0 0.5265625 0.771875 0.040625 0.0703125
0 0.909375 0.34921875 0.02265625 0.03671875
0 0.33125 0.45703125 0.0265625 0.04453125
0 0.990625 0.240625 0.0171875 0.02578125
0 0.9734375 0.43671875 0.0296875 0.04296875
0 0.415625 0.46171875 0.03203125 0.05078125
0 0.953125 0.30546875 0.0171875 0.0296875
0 0.16484375 0.346875 0.025 0.03515625
0 0.9671875 0.1546875 0.0140625 0.02109375
0 0.9015625 0.43125 0.03515625 0.04296875
0 0.88984375 0.79921875 0.05546875 0.08828125
0 0.540625 0.20078125 0.0171875 0.0234375
0 0.071875 0.4625 0.03984375 0.053125
0 0.21171875 0.4625 0.03828125 0.0484375
0 0.3796875 0.2640625 0.02265625 0.03359375
0 0.63203125 0.55625 0.04296875 0.0625
0 0.509375 0.48125 0.03203125 0.05078125
0 0.2796875 0.19921875 0.01875 0.03125
0 0.19609375 0.884375 0.0359375 0.053125
0 0.91796875 0.25546875 0.01953125 0.02578125
0 0.4390625 0.209375 0.01640625 0.02578125
0 0.2234375 0.36953125 0.0296875 0.04453125
0 0.9234375 0.284375 0.0203125 0.0328125
0 0.65390625 0.18046875 0.01640625 0.025
0 0.9828125 0.321875 0.021875 0.0328125
0 0.35625 0.4375 0.0296875 0.04921875
0 0.16875 0.28046875 0.0234375 0.0375
0 0.78203125 0.6734375 0.05078125 0.06484375
0 0.48984375 0.275 0.02265625 0.03125
0 0.78515625 0.4140625 0.03125 0.04453125
0 0.7734375 0.7515625 0.046875 0.078125
0 0.93046875 0.3265625 0.0203125 0.03359375
0 0.6171875 0.1578125 0.0140625 0.02109375
0 0.88984375 0.2109375 0.01640625 0.0234375
0 0.290625 0.38515625 0.0265625 0.03359375
0 0.9453125 0.27890625 0.0171875 0.02890625
0 0.63125 0.44296875 0.03046875 0.04453125
0 0.10859375 0.43046875 0.03828125 0.05625
0 0.73984375 0.2109375 0.01640625 0.02109375
0 0.92890625 0.20625 0.01640625 0.025
0 0.8765625 0.190625 0.01484375 0.021875
0 0.5703125 0.1828125 0.015625 0.025
0 0.6828125 0.18046875 0.01640625 0.025
0 0.840625 0.3734375 0.0234375 0.03671875
0 0.94921875 0.2375 0.0171875 0.025
0 0.446875 0.2828125 0.021875 0.03359375
0 0.984375 0.2046875 0.0171875 0.025
0 0.4984375 0.24296875 0.0203125 0.0296875
0 0.7453125 0.2359375 0.0171875 0.02578125
0 0.8640625 0.2375 0.0171875 0.025
0 0.971875 0.80546875 0.0515625 0.0796875
0 0.95234375 0.50625 0.03984375 0.05078125
0 0.6515625 0.21015625 0.0171875 0.025
0 0.80078125 0.2 0.015625 0.025
0 0.98828125 0.26875 0.0171875 0.02734375
0 0.60625 0.20546875 0.0171875 0.02578125
0 0.6765625 0.21328125 0.0171875 0.02578125
0 0.346875 0.19765625 0.01484375 0.02109375
0 0.76484375 0.36015625 0.02421875 0.0328125
0 0.2109375 0.3109375 0.021875 0.0296875
0 0.49296875 0.18828125 0.01640625 0.02734375
0 0.46015625 0.36328125 0.02734375 0.0390625
0 0.884375 0.29140625 0.0234375 0.03125
0 0.99375 0.1546875 0.009375 0.02734375
0 0.7359375 0.30625 0.0234375 0.03671875
0 0.69140625 0.6421875 0.0453125 0.0703125
0 0.559375 0.2984375 0.02421875 0.0328125
0 0.2203125 0.20546875 0.0203125 0.02578125
0 0.80234375 0.2640625 0.01875 0.021875
0 0.85625 0.209375 0.01484375 0.02109375
0 0.30703125 0.2046875 0.01640625 0.0234375
0 0.5578125 0.15625 0.01484375 0.02109375
0 0.803125 0.23203125 0.01875 0.0234375
0 0.634375 0.2 0.01640625 0.025
0 0.78203125 0.29296875 0.02421875 0.03671875
0 0.83359375 0.54296875 0.03828125 0.04921875
0 0.37265625 0.2109375 0.01640625 0.02109375
0 0.51796875 0.16796875 0.01484375 0.0234375
0 0.7796875 0.24375 0.0171875 0.02578125
0 0.959375 0.1796875 0.01484375 0.02578125
0 0.540625 0.1609375 0.01484375 0.0171875
0 0.32890625 0.19375 0.015625 0.01953125
0 0.75859375 0.159375 0.0140625 0.021875
0 0.5125 0.1390625 0.0125 0.02109375
0 0.59375 0.1421875 0.0140625 0.0171875
0 0.29375 0.2484375 0.01875 0.0296875
0 0.25625 0.19375 0.01484375 0.01953125
0 0.46796875 0.41328125 0.0328125 0.0453125
0 0.478125 0.221875 0.0171875 0.025
0 0.5109375 0.1984375 0.015625 0.021875
0 0.24765625 0.21171875 0.01640625 0.025
0 0.3703125 0.23125 0.0171875 0.025
0 0.690625 0.26796875 0.01484375 0.02578125
0 0.7703125 0.20625 0.015625 0.025
0 0.7671875 0.325 0.0234375 0.0296875
0 0.87890625 0.2625 0.01953125 0.025
0 0.425 0.1765625 0.0140625 0.021875
0 0.9703125 0.3796875 0.02265625 0.0328125
0 0.821875 0.23046875 0.01640625 0.01796875
0 0.0296875 0.7890625 0.05 0.07578125
0 0.478125 0.13125 0.0140625 0.01953125
0 0.30546875 0.18125 0.01484375 0.01796875
0 0.590625 0.21171875 0.01484375 0.025
0 0.00625 0.34375 0.01171875 0.0390625
0 0.48125 0.4515625 0.0234375 0.03671875