0 0.8296875 0.4265625 0.01953125 0.0328125
0 0.18359375 0.37578125 0.0140625 0.01953125
0 0.8703125 0.44453125 0.01953125 0.0296875
0 0.85625 0.959375 0.0625 0.0796875
0 0.79375 0.43046875 0.0203125 0.0296875
0 0.6625 0.43125 0.01875 0.02578125
0 0.721875 0.45 0.0203125 0.0296875
0 0.70625 0.47265625 0.01953125 0.02890625
0 0.60078125 0.4234375 0.01484375 0.025
0 0.07890625 0.5171875 0.015625 0.02578125
0 0.60625 0.2890625 0.0140625 0.02109375
0 0.2796875 0.44375 0.01484375 0.01953125
0 0.8609375 0.4125 0.01953125 0.02578125
0 0.040625 0.5015625 0.0171875 0.02578125
0 0.6859375 0.4828125 0.01640625 0.025
0 0.61796875 0.42421875 0.01484375 0.02578125
0 0.20390625 0.471875 0.015625 0.021875
0 0.71796875 0.2546875 0.0140625 0.0171875
0 0.00625 0.5625 0.01171875 0.0234375
0 0.5359375 0.41015625 0.01484375 0.0234375
0 0.85859375 0.49921875 0.02265625 0.0375
0 0.4859375 0.4140625 0.015625 0.02109375
0 0.146875 0.53828125 0.01953125 0.02734375
0 0.94453125 0.96875 0.07421875 0.06015625
0 0.9109375 0.44765625 0.02265625 0.03125
0 0.57109375 0.39765625 0.01484375 0.021875
0 0.10625 0.6875 0.0296875 0.0390625
0 0.86484375 0.09921875 0.02265625 0.03125
0 0.44140625 0.8109375 0.0390625 0.06796875
0 0.9359375 0.45 0.02265625 0.0296875
0 0.33046875 0.38515625 0.0125 0.015625
0 0.3890625 0.43125 0.01484375 0.01953125
0 0.82109375 0.39921875 0.0171875 0.025
0 0.06328125 0.5703125 0.01640625 0.0234375
0 0.253125 0.3421875 0.0109375 0.01328125
0 0.1515625 0.71953125 0.015625 0.021875
0 0.384375 0.365625 0.0125 0.02109375
0 0.403125 0.36796875 0.0125 0.0171875
0 0.13125 0.69453125 0.01875 0.025
0 0.6828125 0.25625 0.0140625 0.01953125
0 0.67421875 0.45546875 0.01640625 0.02578125
0 0.5046875 0.25703125 0.0140625 0.0171875
0 0.45234375 0.5546875 0.0140625 0.02109375
0 0.965625 0.23203125 0.0140625 0.02109375
0 0.35625 0.353125 0.0125 0.01953125
0 0.940625 0.24375 0.01484375 0.01796875
0 0.76796875 0.25625 0.0109375 0.0171875
0 0.92109375 0.31875 0.01171875 0.01796875
0 0.2171875 0.36796875 0.0125 0.0171875
0 0.3109375 0.36015625 0.01171875 0.0171875
0 0.26640625 0.28046875 0.009375 0.0140625
0 0.24140625 0.36796875 0.009375 0.0140625
0 0.034375 0.55625 0.01484375 0.01953125
0 0.99375 0.25390625 0.009375 0.01796875
0 0.7890625 0.3421875 0.009375 0.01796875
0 0.75546875 0.1515625 0.01875 0.025
0 0.928125 0.23125 0.0125 0.0171875
0 0.371875 0.5765625 0.01484375 0.025