0 0.66875 0.19921875 0.12734375 0.08203125
0 0.46953125 0.3921875 0.1234375 0.08671875
0 0.759375 0.31875 0.12734375 0.1
0 0.58828125 0.721875 0.18046875 0.13359375
0 0.765625 0.48671875 0.15390625 0.09765625
0 0.93828125 0.5765625 0.11015625 0.11328125
0 0.58203125 0.06015625 0.12734375 0.084375
0 0.82109375 0.1078125 0.10390625 0.0640625
0 0.446875 0.1890625 0.14375 0.0890625
0 0.22421875 0.82578125 0.18046875 0.10859375
0 0.29765625 0.61015625 0.17421875 0.1
0 0.05859375 0.24765625 0.11015625 0.078125
0 0.0421875 0.10859375 0.08359375 0.09765625
0 0.93828125 0.8421875 0.1171875 0.1203125
0 0.2890625 0.1703125 0.1640625 0.08203125
0 0.24453125 0.2890625 0.140625 0.0890625
0 0.4546875 0.03671875 0.1 0.0640625
0 0.51328125 0.60859375 0.15703125 0.10234375
0 0.12734375 0.05546875 0.1203125 0.084375
0 0.80625 0.40234375 0.1203125 0.0625
0 0.1859375 0.71640625 0.15078125 0.0953125
0 0.909375 0.94765625 0.1140625 0.1
0 0.3046875 0.47890625 0.140625 0.1
0 0.43984375 0.09921875 0.096875 0.06015625
0 0.715625 0.01015625 0.08671875 0.0203125
0 0.975 0.49140625 0.04375 0.0625