1 0.4984375 0.49765625 0.99296875 0.9890625
1 0.34453125 0.7109375 0.06328125 0.08984375
1 0.159375 0.53359375 0.0421875 0.07890625
1 0.41484375 0.80859375 0.065625 0.084375
1 0.8484375 0.64921875 0.05234375 0.0921875
1 0.7265625 0.69140625 0.06328125 0.08984375
1 0.59609375 0.81484375 0.0578125 0.09765625
1 0.26640625 0.5703125 0.05234375 0.08125
1 0.80625 0.94296875 0.07421875 0.09765625
1 0.30703125 0.521875 0.05078125 0.08125
1 0.1546875 0.8328125 0.0546875 0.084375
1 0.90625 0.56015625 0.04921875 0.07578125
1 0.2296875 0.425 0.0453125 0.07890625
1 0.46484375 0.62734375 0.07109375 0.103125
1 0.91484375 0.7609375 0.0796875 0.08125
1 0.62421875 0.9453125 0.07109375 0.09765625
1 0.55390625 0.8859375 0.04921875 0.08671875
1 0.1625 0.27890625 0.0421875 0.0734375
1 0.090625 0.5078125 0.05078125 0.08125
1 0.03828125 0.553125 0.07265625 0.084375
1 0.7078125 0.55859375 0.10703125 0.1875
1 0.771875 0.58984375 0.05234375 0.08671875
1 0.93828125 0.9359375 0.08359375 0.1171875
1 0.45 0.5421875 0.05625 0.07890625
1 0.7265625 0.50234375 0.06015625 0.08125
1 0.56875 0.39140625 0.0578125 0.08125
1 0.4515625 0.28515625 0.0421875 0.06484375
1 0.728125 0.86796875 0.05234375 0.0953125
1 0.31171875 0.15234375 0.03828125 0.06015625
1 0.2671875 0.73515625 0.065625 0.08984375
1 0.621875 0.1671875 0.03984375 0.06796875
1 0.3984375 0.10859375 0.04375 0.06484375
1 0.68515625 0.1671875 0.02890625 0.05703125
1 0.878125 0.23203125 0.03984375 0.0625
1 0.89453125 0.4796875 0.0578125 0.07890625
1 0.15390625 0.76484375 0.05625 0.084375
1 0.678125 0.0921875 0.03984375 0.06015625
1 0.54375 0.11796875 0.0328125 0.05703125
1 0.05078125 0.88828125 0.05078125 0.08125
1 0.77578125 0.20234375 0.0421875 0.0625
1 0.2703125 0.6265625 0.1 0.19296875
1 0.34609375 0.78828125 0.078125 0.24453125
1 0.49453125 0.3546875 0.03984375 0.06796875
1 0.54921875 0.25703125 0.03984375 0.0625
1 0.4265625 0.88046875 0.12890625 0.228125
1 0.75546875 0.02890625 0.03828125 0.05703125
1 0.271875 0.8125 0.06328125 0.103125
1 0.93828125 0.10078125 0.03984375 0.0546875
1 0.84453125 0.76328125 0.05625 0.08671875
1 0.359375 0.29609375 0.03828125 0.06484375
1 0.028125 0.7421875 0.05625 0.08125
1 0.04296875 0.3640625 0.04921875 0.0703125
1 0.7953125 0.29375 0.0453125 0.06015625
1 0.9078125 0.85703125 0.121875 0.26875
1 0.72421875 0.90625 0.11796875 0.1765625
1 0.73359375 0.72578125 0.08515625 0.1578125
1 0.4515625 0.7109375 0.06328125 0.08984375
1 0.50078125 0.9046875 0.06328125 0.103125
1 0.5453125 0.521875 0.0578125 0.0703125
1 0.62265625 0.28671875 0.034375 0.05703125
1 0.73203125 0.15625 0.03828125 0.0625
1 0.4796875 0.2109375 0.0328125 0.0515625
1 0.05625 0.13046875 0.03984375 0.06015625
1 0.1609375 0.13828125 0.034375 0.06484375
1 0.409375 0.03828125 0.03671875 0.0546875
1 0.6125 0.20625 0.065625 0.146875
1 0.56171875 0.69453125 0.0578125 0.06796875
1 0.35078125 0.1984375 0.03671875 0.06015625
1 0.090625 0.3640625 0.05078125 0.06015625
1 0.459375 0.74453125 0.05234375 0.0921875
1 0.6796875 0.88828125 0.0546875 0.08125
1 0.4703125 0.45 0.0421875 0.06796875
1 0.7234375 0.3453125 0.05078125 0.07578125
1 0.1125 0.2625 0.03984375 0.0734375
1 0.39296875 0.46328125 0.0578125 0.08984375
1 0.54765625 0.74453125 0.090625 0.16328125
1 0.5890625 0.115625 0.0328125 0.05703125
1 0.5578125 0.34609375 0.0546875 0.07890625
1 0.83125 0.19453125 0.0328125 0.0625
1 0.1953125 0.2171875 0.0453125 0.06484375
1 0.11328125 0.40625 0.06015625 0.07890625
1 0.58359375 0.7375 0.0546875 0.084375
1 0.3453125 0.43515625 0.05078125 0.08671875
1 0.809375 0.1671875 0.03671875 0.0515625
1 0.6703125 0.553125 0.0421875 0.0625
1 0.221875 0.56484375 0.03671875 0.0703125
1 0.971875 0.85078125 0.04921875 0.08671875
1 0.6671875 0.29375 0.05078125 0.0703125
1 0.71328125 0.26640625 0.034375 0.0546875
1 0.390625 0.9578125 0.06171875 0.0734375
1 0.5890625 0.0515625 0.0328125 0.04921875
1 0.41328125 0.1859375 0.04921875 0.084375
1 0.8765625 0.2890625 0.07265625 0.1765625
1 0.5734375 0.5421875 0.0421875 0.05703125
1 0.028125 0.46171875 0.0453125 0.0703125
1 0.6890625 0.325 0.03671875 0.06796875
1 0.8234375 0.60703125 0.04765625 0.06796875
1 0.1828125 0.71171875 0.04921875 0.0921875
1 0.54296875 0.59140625 0.06015625 0.07890625
1 0.78203125 0.853125 0.04375 0.0921875
1 0.121875 0.71328125 0.06171875 0.08984375
1 0.35390625 0.05703125 0.034375 0.0546875
1 0.32734375 0.33984375 0.04375 0.0703125
1 0.27265625 0.90859375 0.06171875 0.084375
1 0.87421875 0.0328125 0.03671875 0.06015625
1 0.5015625 0.11171875 0.04375 0.04921875
1 0.85 0.7265625 0.10703125 0.24765625
1 0.3671875 0.625 0.065625 0.08125
1 0.6328125 0.37890625 0.04375 0.06796875