0 0.0234375 0.11015625 0.01953125 0.0296875
0 0.1609375 0.334375 0.03515625 0.05234375
0 0.1859375 0.23671875 0.03125 0.04453125
0 0.38359375 0.0140625 0.0171875 0.028125
0 0.14296875 0.1984375 0.028125 0.04296875
0 0.98984375 0.11171875 0.01875 0.03671875
0 0.54921875 0.43046875 0.0359375 0.05625
0 0.47734375 0.0625 0.0171875 0.02578125
0 0.9609375 0.1734375 0.02734375 0.0390625
0 0.39296875 0.0484375 0.01875 0.0296875
0 0.48515625 0.021875 0.015625 0.02578125
0 0.04765625 0.4390625 0.0453125 0.0703125
0 0.3671875 0.16953125 0.025 0.04453125
0 0.4859375 0.36875 0.03515625 0.0546875
0 0.5296875 0.11171875 0.01875 0.02578125
0 0.23046875 0.3609375 0.04296875 0.0609375
0 0.31328125 0.0171875 0.01640625 0.02578125
0 0.196875 0.4796875 0.0453125 0.07421875
0 0.240625 0.16171875 0.03046875 0.0390625
0 0.1765625 0.009375 0.01875 0.01875
0 0.43828125 0.225 0.0265625 0.04296875
0 0.5859375 0.25625 0.02734375 0.04296875
0 0.06484375 0.08515625 0.01875 0.025
0 0.9640625 0.2265625 0.034375 0.04921875
0 0.0046875 0.12421875 0.00859375 0.0375
0 0.078125 0.11015625 0.01953125 0.0296875
0 0.690625 0.0890625 0.01640625 0.021875
0 0.3703125 0.08125 0.0203125 0.0296875
0 0.3328125 0.05546875 0.015625 0.025
0 0.5265625 0.0125 0.01640625 0.025
0 0.0609375 0.14921875 0.0234375 0.0375
0 0.0125 0.16953125 0.025 0.0390625
0 0.2453125 0.06875 0.01953125 0.02578125
0 0.2078125 0.41015625 0.0390625 0.04140625
0 0.08359375 0.1609375 0.02421875 0.03515625
0 0.37578125 0.37890625 0.02734375 0.0390625
0 0.3015625 0.05703125 0.01953125 0.02578125
0 0.65703125 0.103125 0.0203125 0.0296875
0 0.8421875 0.0171875 0.01484375 0.0234375
0 0.2453125 0.021875 0.015625 0.0234375
0 0.2765625 0.0359375 0.0171875 0.025
0 0.2421875 0.60390625 0.05078125 0.08046875
0 0.69453125 0.0171875 0.0140625 0.0234375
0 0.01484375 0.24296875 0.0296875 0.0515625
0 0.5125 0.065625 0.01875 0.0296875
0 0.2671875 0.09296875 0.0171875 0.0296875
0 0.58046875 0.02890625 0.01640625 0.02109375
0 0.0515625 0.2171875 0.02734375 0.04453125
0 0.2875 0.0875 0.01875 0.0296875
0 0.60625 0.07890625 0.0171875 0.025
0 0.12890625 0.26328125 0.025 0.0390625
0 0.7125 0.05546875 0.01875 0.025
0 0.27421875 0.0125 0.01640625 0.025
0 0.81328125 0.00625 0.0140625 0.0125
0 0.5375 0.225 0.02421875 0.0390625
0 0.5421875 0.0296875 0.01484375 0.025
0 0.79140625 0.009375 0.0140625 0.01875
0 0.5125 0.22890625 0.0296875 0.04140625
0 0.6546875 0.0171875 0.01484375 0.0234375
0 0.0546875 0.11796875 0.01953125 0.0296875
0 0.321875 0.10390625 0.01875 0.02578125
0 0.89453125 0.0171875 0.015625 0.0234375
0 0.190625 0.19375 0.02265625 0.02578125
0 0.92109375 0.00859375 0.01640625 0.0171875
0 0.48671875 0.096875 0.01875 0.0296875
0 0.2859375 0.1734375 0.021875 0.0296875
0 0.8578125 0.00859375 0.01484375 0.0171875
0 0.7359375 0.01171875 0.01484375 0.0234375