0 0.684375 0.190625 0.02421875 0.040625
0 0.8015625 0.12890625 0.02265625 0.03671875
0 0.98046875 0.1578125 0.03125 0.04453125
0 0.9640625 0.1140625 0.02734375 0.040625
0 0.525 0.39375 0.03515625 0.05625
0 0.07265625 0.1796875 0.034375 0.04453125
0 0.54609375 0.1875 0.0203125 0.03125
0 0.459375 0.021875 0.01875 0.02578125
0 0.80625 0.06640625 0.0203125 0.03671875
0 0.9328125 0.1765625 0.028125 0.04296875
0 0.41328125 0.1890625 0.02734375 0.04140625
0 0.38984375 0.09140625 0.0203125 0.03125
0 0.9078125 0.06875 0.02265625 0.0328125
0 0.84609375 0.22890625 0.03203125 0.04921875
0 0.3984375 0.3734375 0.03515625 0.04921875
0 0.50703125 0.0421875 0.0171875 0.02734375
0 0.2203125 0.34765625 0.0390625 0.0546875
0 0.10859375 0.06015625 0.0171875 0.02578125
0 0.8109375 0.19765625 0.034375 0.04921875
0 0.94375 0.07578125 0.02265625 0.03359375
0 0.9671875 0.44921875 0.0546875 0.0703125
0 0.89765625 0.0375 0.021875 0.0296875
0 0.75625 0.359375 0.0421875 0.0625
0 0.73515625 0.0765625 0.0203125 0.03515625
0 0.746875 0.48828125 0.0546875 0.0859375
0 0.86796875 0.009375 0.0234375 0.01875
0 0.56953125 0.1625 0.0234375 0.03125
0 0.0234375 0.4484375 0.0453125 0.0640625
0 0.165625 0.65 0.05625 0.08203125
0 0.23359375 0.18046875 0.025 0.0375
0 0.4328125 0.11875 0.0203125 0.03671875
0 0.3578125 0.0296875 0.015625 0.0234375
0 0.44921875 0.59921875 0.0546875 0.09375
0 0.3015625 0.1109375 0.025 0.0390625
0 0.53359375 0.26171875 0.0265625 0.04453125
0 0.6484375 0.1984375 0.0234375 0.04296875
0 0.6078125 0.3875 0.040625 0.0640625
0 0.5296875 0.04140625 0.01953125 0.02890625
0 0.2640625 0.19140625 0.0265625 0.04453125
0 0.409375 0.11875 0.02421875 0.03671875
0 0.39921875 0.0375 0.0171875 0.02578125
0 0.090625 0.36875 0.0421875 0.05703125
0 0.40859375 0.26171875 0.03046875 0.04453125
0 0.45234375 0.0578125 0.01953125 0.03515625
0 0.60078125 0.1109375 0.02265625 0.03671875
0 0.4890625 0.0078125 0.01953125 0.015625
0 0.3265625 0.4046875 0.02734375 0.040625
0 0.5796875 0.00625 0.015625 0.0125
0 0.3015625 0.0375 0.01953125 0.02890625
0 0.47734375 0.16875 0.02421875 0.0375
0 0.3015625 0.24765625 0.03125 0.04453125
0 0.0296875 0.103125 0.021875 0.0328125
0 0.6734375 0.28515625 0.02734375 0.04140625
0 0.70234375 0.06796875 0.01875 0.03125
0 0.68046875 0.3296875 0.0265625 0.03671875
0 0.38984375 0.478125 0.0453125 0.06640625
0 0.4015625 0.00703125 0.01953125 0.0140625
0 0.14375 0.0171875 0.0140625 0.0234375
0 0.3109375 0.30625 0.03125 0.05078125
0 0.51484375 0.00625 0.0171875 0.01171875
0 0.4625 0.11640625 0.01875 0.0296875
0 0.571875 0.02890625 0.01640625 0.02578125
0 0.9796875 0.77890625 0.03828125 0.10390625
0 0.128125 0.0171875 0.01484375 0.0234375
0 0.3875 0.175 0.0234375 0.0375
0 0.5828125 0.21328125 0.0234375 0.03671875
0 0.23671875 0.01171875 0.01484375 0.0234375
0 0.603125 0.0171875 0.015625 0.0234375
0 0.3734375 0.60625 0.0453125 0.07421875
0 0.459375 0.24375 0.025 0.04453125
0 0.38203125 0.0515625 0.021875 0.02734375
0 0.28671875 0.15078125 0.0265625 0.04453125
0 0.10625 0.00625 0.015625 0.01171875
0 0.2890625 0.20546875 0.02734375 0.03671875
0 0.83671875 0.01796875 0.01875 0.03125
0 0.0828125 0.0078125 0.01484375 0.015625
0 0.1375 0.0671875 0.01640625 0.025
0 0.0046875 0.2296875 0.009375 0.0640625
0 0.99453125 0.09765625 0.00859375 0.0234375
0 0.5875 0.03125 0.01484375 0.02578125
0 0.171875 0.00625 0.0140625 0.01171875
0 0.165625 0.025 0.01484375 0.021875
0 0.384375 0.0234375 0.01640625 0.0234375