0 0.87578125 0.37421875 0.0359375 0.05625
0 0.50703125 0.0921875 0.021875 0.0296875
0 0.9171875 0.3828125 0.0421875 0.0625
0 0.346875 0.0125 0.0203125 0.025
0 0.9359375 0.1 0.02421875 0.0328125
0 0.83125 0.290625 0.0375 0.05078125
0 0.8703125 0.0125 0.02265625 0.025
0 0.68671875 0.2796875 0.03828125 0.0484375
0 0.55625 0.3328125 0.03515625 0.0484375
0 0.975 0.08671875 0.02421875 0.0328125
0 0.0203125 0.10546875 0.0234375 0.03125
0 0.3390625 0.38125 0.03828125 0.0546875
0 0.73671875 0.23046875 0.034375 0.04453125
0 0.81328125 0.12578125 0.028125 0.0328125
0 0.5546875 0.4 0.03515625 0.04921875
0 0.90390625 0.0140625 0.02265625 0.02734375
0 0.37578125 0.053125 0.0234375 0.03125
0 0.234375 0.52265625 0.04296875 0.0640625
0 0.765625 0.5375 0.0453125 0.0625
0 0.40703125 0.08828125 0.021875 0.03125
0 0.96015625 0.01640625 0.02265625 0.0328125
0 0.49296875 0.3734375 0.0359375 0.0546875
0 0.69375 0.47578125 0.0421875 0.05625
0 0.490625 0.58046875 0.04765625 0.06796875
0 0.38984375 0.4484375 0.0359375 0.0484375
0 0.79296875 0.21328125 0.03125 0.04453125
0 0.7953125 0.09375 0.0265625 0.03125
0 0.66875 0.0328125 0.021875 0.02890625
0 0.5796875 0.01640625 0.0234375 0.0296875
0 0.83671875 0.05078125 0.0265625 0.03359375
0 0.7046875 0.7421875 0.05859375 0.08359375
0 0.63125 0.31015625 0.0359375 0.04921875
0 0.1828125 0.2609375 0.03046875 0.04296875
0 0.75390625 0.03828125 0.0234375 0.0328125
0 0.75703125 0.8078125 0.06640625 0.11328125
0 0.85390625 0.15625 0.028125 0.03671875
0 0.04921875 0.3578125 0.0359375 0.05078125
0 0.21796875 0.2671875 0.0328125 0.04296875
0 0.61796875 0.0203125 0.0203125 0.0296875
0 0.728125 0.04921875 0.02421875 0.03125
0 0.1921875 0.3140625 0.028125 0.03671875
0 0.4296875 0.046875 0.0234375 0.02890625
0 0.228125 0.1109375 0.02421875 0.0328125
0 0.38203125 0.5140625 0.0453125 0.07578125
0 0.95546875 0.1703125 0.03046875 0.04296875
0 0.78359375 0.0171875 0.0265625 0.034375
0 0.48671875 0.6640625 0.0515625 0.08359375
0 0.00703125 0.19296875 0.0140625 0.0421875
0 0.88125 0.221875 0.03046875 0.040625
0 0.50703125 0.04765625 0.0234375 0.0296875
0 0.4 0.05546875 0.0171875 0.025
0 0.69375 0.04375 0.02265625 0.0296875
0 0.24375 0.075 0.02421875 0.0296875
0 0.53984375 0.01796875 0.01953125 0.02578125
0 0.24765625 0.046875 0.02265625 0.02578125
0 0.8921875 0.1015625 0.0234375 0.03359375
0 0.53828125 0.1359375 0.0234375 0.03515625
0 0.97421875 0.2125 0.03203125 0.04453125
0 0.284375 0.19140625 0.02421875 0.03671875
0 0.6375 0.00625 0.0203125 0.01171875
0 0.4640625 0.0171875 0.01953125 0.02578125
0 0.59296875 0.325 0.0234375 0.0375
0 0.68046875 0.00703125 0.0203125 0.0140625
0 0.0515625 0.6375 0.05859375 0.0796875
0 0.29375 0.05625 0.02265625 0.0296875
0 0.534375 0.08203125 0.0203125 0.02890625
0 0.22109375 0.009375 0.0234375 0.01875
0 0.65703125 0.0828125 0.01953125 0.02734375
0 0.8296875 0.09765625 0.025 0.03125
0 0.63671875 0.36875 0.0375 0.04453125
0 0.9265625 0.03203125 0.021875 0.0296875
0 0.65703125 0.00625 0.01875 0.01171875