0 0.14453125 0.87109375 0.046875 0.0859375
0 0.33359375 0.8578125 0.04765625 0.09921875
0 0.4953125 0.459375 0.0140625 0.0234375
0 0.2875 0.584375 0.0265625 0.0515625
0 0.653125 0.771875 0.0359375 0.06640625
0 0.30390625 0.49375 0.01640625 0.034375
0 0.08046875 0.82578125 0.04609375 0.084375
0 0.58671875 0.690625 0.028125 0.05625
0 0.41015625 0.70859375 0.03515625 0.0578125
0 0.70234375 0.73203125 0.0390625 0.06953125
0 0.66015625 0.6546875 0.0296875 0.059375
0 0.215625 0.96015625 0.06953125 0.07578125
0 0.13984375 0.47734375 0.0171875 0.0296875
0 0.20234375 0.66640625 0.03203125 0.05625
0 0.603125 0.540625 0.01953125 0.03984375
0 0.2625 0.6546875 0.03203125 0.053125
0 0.36875 0.44609375 0.0125 0.0265625
0 0.2328125 0.4328125 0.0140625 0.0265625
0 0.134375 0.5515625 0.0203125 0.03828125
0 0.44140625 0.66015625 0.03125 0.0546875
0 0.646875 0.89921875 0.04375 0.0859375
0 0.5421875 0.6609375 0.0359375 0.059375
0 0.53203125 0.86875 0.0421875 0.06484375
0 0.54609375 0.48046875 0.0140625 0.028125
0 0.72578125 0.86953125 0.03984375 0.0625
0 0.3453125 0.64609375 0.0296875 0.05625
0 0.81875 0.4796875 0.01640625 0.0328125
0 0.8078125 0.93203125 0.0421875 0.0796875
0 0.1546875 0.58984375 0.025 0.03984375
0 0.15859375 0.43671875 0.01484375 0.0234375
0 0.46953125 0.80078125 0.0359375 0.07421875
0 0.7859375 0.859375 0.03984375 0.05625
0 0.1203125 0.66796875 0.0328125 0.05625
0 0.88984375 0.56875 0.02734375 0.04609375
0 0.1078125 0.59375 0.021875 0.03984375
0 0.03203125 0.49453125 0.01953125 0.0296875
0 0.1671875 0.4875 0.015625 0.0296875
0 0.68359375 0.83671875 0.0390625 0.06953125
0 0.4046875 0.41640625 0.0125 0.0234375
0 0.11796875 0.7578125 0.03828125 0.0609375
0 0.47421875 0.9625 0.04765625 0.07109375
0 0.7796875 0.73515625 0.03046875 0.059375
0 0.0828125 0.42578125 0.0140625 0.025
0 0.47578125 0.42890625 0.0140625 0.025
0 0.0578125 0.940625 0.05390625 0.0921875
0 0.11484375 0.53515625 0.01875 0.03984375
0 0.1765625 0.7734375 0.0453125 0.0796875
0 0.196875 0.4921875 0.01640625 0.0265625
0 0.434375 0.4046875 0.0125 0.0234375
0 0.75703125 0.95390625 0.05859375 0.0890625
0 0.6953125 0.615625 0.02734375 0.0515625
0 0.61640625 0.66796875 0.028125 0.053125
0 0.12265625 0.45546875 0.01640625 0.034375
0 0.9046875 0.65859375 0.0296875 0.0578125
0 0.1421875 0.4265625 0.0140625 0.0234375
0 0.0421875 0.43046875 0.0140625 0.021875
0 0.8390625 0.7890625 0.0390625 0.06796875
0 0.0296875 0.40625 0.0125 0.0234375
0 0.74140625 0.525 0.0171875 0.034375
0 0.2203125 0.4015625 0.0140625 0.0234375
0 0.01484375 0.91015625 0.0296875 0.090625
0 0.5484375 0.95390625 0.053125 0.0890625
0 0.59296875 0.5015625 0.01875 0.028125
0 0.45625 0.55234375 0.02421875 0.03984375
0 0.77421875 0.8 0.0375 0.05625
0 0.86484375 0.6578125 0.028125 0.04921875
0 0.28203125 0.5296875 0.02265625 0.034375
0 0.4921875 0.4921875 0.015625 0.0265625
0 0.16640625 0.6578125 0.028125 0.053125
0 0.6765625 0.54140625 0.01953125 0.034375
0 0.8328125 0.434375 0.0140625 0.0234375
0 0.20390625 0.4296875 0.015625 0.0296875
0 0.415625 0.43828125 0.01484375 0.0265625
0 0.01484375 0.42421875 0.015625 0.025
0 0.503125 0.3953125 0.0109375 0.01953125
0 0.759375 0.43125 0.0140625 0.0234375
0 0.1515625 0.5140625 0.0203125 0.0328125
0 0.090625 0.50234375 0.01875 0.0328125
0 0.2703125 0.36796875 0.01171875 0.01796875
0 0.234375 0.86796875 0.0453125 0.0796875
0 0.19140625 0.3890625 0.01171875 0.021875
0 0.521875 0.40625 0.01171875 0.0234375
0 0.63203125 0.42890625 0.0140625 0.025
0 0.721875 0.534375 0.01875 0.03828125
0 0.18828125 0.45859375 0.015625 0.028125
0 0.628125 0.52265625 0.0171875 0.03984375
0 0.4609375 0.45078125 0.0140625 0.028125
0 0.6484375 0.54375 0.01953125 0.03984375
0 0.946875 0.465625 0.01484375 0.028125
0 0.196875 0.54296875 0.021875 0.03828125
0 0.9875 0.63984375 0.0234375 0.059375
0 0.075 0.4546875 0.0171875 0.0265625
0 0.45859375 0.50625 0.01640625 0.03125
0 0.79375 0.428125 0.01484375 0.0265625
0 0.8875 0.48515625 0.01640625 0.028125
0 0.2453125 0.528125 0.021875 0.04140625
0 0.94453125 0.4171875 0.0140625 0.021875
0 0.4515625 0.40234375 0.0140625 0.021875
0 0.5515625 0.5390625 0.01953125 0.03984375
0 0.546875 0.421875 0.01171875 0.0234375
0 0.06328125 0.48125 0.01640625 0.0296875
0 0.6203125 0.59609375 0.02265625 0.04453125
0 0.2765625 0.42421875 0.0125 0.025
0 0.99140625 0.446875 0.01484375 0.025
0 0.4125 0.51875 0.01640625 0.0296875
0 0.721875 0.496875 0.01640625 0.028125
0 0.7703125 0.5296875 0.0171875 0.034375
0 0.96171875 0.4453125 0.01484375 0.028125
0 0.5328125 0.43203125 0.0140625 0.025
0 0.165625 0.54921875 0.0203125 0.034375
0 0.44140625 0.50546875 0.015625 0.0296875
0 0.73125 0.41875 0.01171875 0.021875
0 0.0578125 0.56640625 0.025 0.04453125
0 0.503125 0.41796875 0.0140625 0.0234375
0 0.95 0.621875 0.02421875 0.04609375
0 0.525 0.490625 0.01484375 0.0265625
0 0.87109375 0.4015625 0.0140625 0.0234375
0 0.4796875 0.38125 0.009375 0.01796875
0 0.778125 0.40859375 0.0140625 0.0234375
0 0.5625 0.46796875 0.0140625 0.0234375
0 0.7046875 0.55625 0.0171875 0.034375
0 0.40703125 0.390625 0.0109375 0.01796875
0 0.21953125 0.58984375 0.025 0.04609375
0 0.2984375 0.4203125 0.0140625 0.028125
0 0.95703125 0.52265625 0.021875 0.03984375
0 0.878125 0.74921875 0.03203125 0.06796875
0 0.25390625 0.4890625 0.0171875 0.0265625
0 0.92109375 0.503125 0.01640625 0.03828125
0 0.13984375 0.40078125 0.0140625 0.021875
0 0.32734375 0.565625 0.02421875 0.03984375
0 0.50390625 0.628125 0.0234375 0.04921875
0 0.15703125 0.46171875 0.01484375 0.028125
0 0.4390625 0.4765625 0.01484375 0.021875
0 0.103125 0.3890625 0.01171875 0.021875
0 0.28359375 0.4765625 0.01875 0.028125
0 0.09296875 0.4671875 0.01484375 0.028125
0 0.39296875 0.484375 0.01484375 0.0296875
0 0.31640625 0.40625 0.0140625 0.0234375
0 0.01171875 0.81640625 0.0234375 0.0625
0 0.3859375 0.4390625 0.015625 0.028125
0 0.96015625 0.70859375 0.034375 0.04453125
0 0.91875 0.73828125 0.03046875 0.0609375
0 0.69765625 0.46640625 0.01484375 0.0265625
0 0.97578125 0.79609375 0.04296875 0.084375
0 0.028125 0.45546875 0.01484375 0.028125
0 0.334375 0.35625 0.01171875 0.01796875
0 0.23515625 0.4859375 0.015625 0.0296875
0 0.353125 0.44375 0.0140625 0.025
0 0.121875 0.38828125 0.0125 0.01953125
0 0.384375 0.41015625 0.01171875 0.01953125
0 0.3203125 0.49453125 0.015625 0.0296875
0 0.31484375 0.36640625 0.0125 0.01796875
0 0.9890625 0.5015625 0.0171875 0.034375
0 0.4125 0.4859375 0.01484375 0.0265625
0 0.3265625 0.43515625 0.01484375 0.025
0 0.1765625 0.434375 0.0140625 0.0265625
0 0.36796875 0.4890625 0.01484375 0.0296875
0 0.065625 0.3578125 0.0125 0.01796875
0 0.12578125 0.421875 0.0140625 0.0234375
0 0.246875 0.4140625 0.0140625 0.025
0 0.92421875 0.440625 0.01484375 0.025
0 0.0828125 0.628125 0.0296875 0.04921875
0 0.73359375 0.5984375 0.02421875 0.04296875
0 0.61953125 0.76328125 0.028125 0.0625
0 0.2953125 0.35390625 0.009375 0.01640625
0 0.60234375 0.4625 0.01484375 0.0234375
0 0.2578125 0.35546875 0.009375 0.01640625
0 0.70078125 0.50625 0.01484375 0.03125
0 0.80390625 0.5859375 0.02734375 0.04140625
0 0.9140625 0.47265625 0.015625 0.0234375
0 0.03359375 0.3765625 0.0125 0.01953125
0 0.159375 0.9671875 0.03203125 0.0625
0 0.0890625 0.54375 0.01953125 0.03671875
0 0.428125 0.7734375 0.0421875 0.0625
0 0.9671875 0.40234375 0.01171875 0.01796875
0 0.7171875 0.38828125 0.009375 0.01640625
0 0.8109375 0.44296875 0.01484375 0.0234375
0 0.09765625 0.42578125 0.0140625 0.025
0 0.284375 0.39375 0.0125 0.0234375
0 0.14296875 0.62421875 0.0265625 0.04140625
0 0.04375 0.4609375 0.01640625 0.0296875
0 0.046875 0.3421875 0.01171875 0.01640625
0 0.23125 0.36796875 0.0109375 0.01796875
0 0.79375 0.396875 0.0109375 0.01640625
0 0.1703125 0.40625 0.0140625 0.0234375
0 0.2078125 0.3765625 0.01171875 0.01953125
0 0.646875 0.5 0.0125 0.025
0 0.11796875 0.97421875 0.0578125 0.04765625
0 0.859375 0.428125 0.0140625 0.0234375
0 0.03125 0.55546875 0.0234375 0.04609375
0 0.43125 0.60078125 0.02421875 0.03828125
0 0.0921875 0.3796875 0.0109375 0.01796875
0 0.759375 0.39375 0.01171875 0.01640625
0 0.49296875 0.52890625 0.02265625 0.03671875
0 0.7453125 0.421875 0.01171875 0.0234375
0 0.928125 0.396875 0.01171875 0.01640625
0 0.4671875 0.396875 0.009375 0.01640625
0 0.3296875 0.52421875 0.0203125 0.0296875
0 0.9578125 0.37734375 0.01171875 0.01796875
0 0.38671875 0.5421875 0.01953125 0.0328125
0 0.5125 0.46640625 0.0140625 0.01953125
0 0.1703125 0.3703125 0.009375 0.01640625
0 0.3203125 0.34375 0.009375 0.01640625
0 0.009375 0.490625 0.01640625 0.0265625
0 0.628125 0.48671875 0.01640625 0.028125
0 0.85625 0.978125 0.0640625 0.03984375
0 0.67734375 0.5125 0.01875 0.0234375
0 0.81328125 0.40546875 0.01171875 0.01796875
0 0.43046875 0.3765625 0.0109375 0.01640625
0 0.66875 0.41015625 0.01171875 0.01953125
0 0.840625 0.40546875 0.0125 0.01796875
0 0.6296875 0.38828125 0.009375 0.01640625
0 0.3609375 0.54609375 0.0203125 0.04140625
0 0.41953125 0.34375 0.0109375 0.01640625
0 0.484375 0.56953125 0.0234375 0.04140625
0 0.715625 0.43203125 0.0125 0.021875
0 0.328125 0.39453125 0.01171875 0.01796875
0 0.99375 0.3984375 0.009375 0.01953125
0 0.075 0.38359375 0.0140625 0.01953125
0 0.4515625 0.4265625 0.0140625 0.01953125
0 0.84453125 0.47734375 0.01484375 0.0265625
0 0.1265625 0.3421875 0.0109375 0.01640625
0 0.07734375 0.3421875 0.0109375 0.01640625
0 0.56484375 0.396875 0.0125 0.0234375
0 0.253125 0.3875 0.0140625 0.01796875
0 0.3640625 0.3796875 0.01171875 0.01796875
0 0.0296875 0.3515625 0.01171875 0.01796875
0 0.25625 0.590625 0.0203125 0.03828125
0 0.89609375 0.4296875 0.01484375 0.0234375
0 0.86484375 0.49765625 0.01875 0.0296875
0 0.1703125 0.33984375 0.0109375 0.01484375
0 0.65390625 0.39609375 0.0109375 0.01796875
0 0.27890625 0.3421875 0.0109375 0.01640625
0 0.23203125 0.3421875 0.0109375 0.01640625
0 0.1546875 0.40625 0.01171875 0.0234375
0 0.60625 0.38125 0.0109375 0.01796875
0 0.14765625 0.3765625 0.0140625 0.01953125
0 0.86640625 0.58046875 0.02265625 0.03984375
0 0.68203125 0.3953125 0.0109375 0.01953125
0 0.5578125 0.36796875 0.0109375 0.01796875
0 0.984375 0.421875 0.0140625 0.01953125
0 0.24296875 0.35390625 0.0109375 0.01640625
0 0.546875 0.3796875 0.01171875 0.01796875
0 0.403125 0.34375 0.0109375 0.01640625
0 0.43828125 0.45234375 0.0140625 0.021875
0 0.94296875 0.38203125 0.0109375 0.01640625
0 0.27421875 0.71640625 0.0375 0.06796875
0 0.66875 0.48125 0.0125 0.0234375
0 0.38203125 0.38515625 0.009375 0.01640625
0 0.0046875 0.38046875 0.009375 0.01953125
0 0.82734375 0.62578125 0.03125 0.0578125
0 0.64296875 0.38203125 0.00859375 0.01640625
0 0.7484375 0.56171875 0.01640625 0.0296875
0 0.8671875 0.4515625 0.015625 0.0265625
0 0.90703125 0.38125 0.009375 0.01484375
0 0.5296875 0.3546875 0.00859375 0.01484375
0 0.5578125 0.4984375 0.01484375 0.025
0 0.2171875 0.3625 0.0109375 0.01796875
0 0.34453125 0.34296875 0.009375 0.01484375
0 0.44375 0.384375 0.0109375 0.01796875
0 0.5453125 0.35546875 0.009375 0.01640625
0 0.3953125 0.365625 0.00859375 0.01640625
0 0.01875 0.38203125 0.01171875 0.01640625
0 0.7453125 0.3921875 0.009375 0.01484375
0 0.1828125 0.35546875 0.009375 0.01640625
0 0.884375 0.3953125 0.0109375 0.01953125
0 0.34609375 0.3921875 0.0125 0.01796875
0 0.0578125 0.52890625 0.01953125 0.0234375
0 0.571875 0.60234375 0.02421875 0.04140625
0 0.053125 0.3703125 0.01171875 0.01640625
0 0.11328125 0.3625 0.009375 0.01796875
0 0.1453125 0.3546875 0.009375 0.01484375
0 0.9015625 0.403125 0.0125 0.01953125
0 0.978125 0.471875 0.01875 0.025
0 0.7875 0.52890625 0.01640625 0.0296875
0 0.8421875 0.36875 0.00859375 0.01328125
0 0.4640625 0.38046875 0.0109375 0.01640625
0 0.00703125 0.35625 0.01171875 0.01796875
0 0.30625 0.546875 0.0203125 0.0328125
0 0.91015625 0.4296875 0.0140625 0.0265625
0 0.4328125 0.35546875 0.009375 0.01640625
0 0.1171875 0.49921875 0.01953125 0.0234375
0 0.99453125 0.36640625 0.00859375 0.01484375
0 0.2625 0.43046875 0.015625 0.028125
0 0.353125 0.49609375 0.01640625 0.0234375
0 0.39296875 0.38203125 0.0109375 0.01640625
0 0.78203125 0.38125 0.00859375 0.01484375
0 0.5828125 0.37734375 0.009375 0.01796875
0 0.378125 0.34375 0.00859375 0.01640625
0 0.4890625 0.41171875 0.01171875 0.01953125
0 0.09296875 0.34296875 0.0109375 0.01484375
0 0.27109375 0.39375 0.0125 0.0234375
0 0.49296875 0.6890625 0.03203125 0.04921875
0 0.21796875 0.5203125 0.01875 0.0296875
0 0.7171875 0.36875 0.0078125 0.01328125
0 0.4921875 0.3421875 0.0078125 0.01328125
0 0.0453125 0.30546875 0.009375 0.01640625
0 0.7703125 0.38046875 0.00859375 0.01328125
0 0.0046875 0.403125 0.00859375 0.01953125
0 0.6203125 0.3765625 0.009375 0.01640625