0 0.97421875 0.309375 0.02890625 0.04609375
0 0.2015625 0.7125 0.03359375 0.04609375
0 0.16328125 0.5921875 0.02890625 0.04609375
0 0.2890625 0.86171875 0.02890625 0.04921875
0 0.66015625 0.2109375 0.02734375 0.03984375
0 0.23984375 0.296875 0.02890625 0.03359375
0 0.371875 0.025 0.02265625 0.03046875
0 0.6375 0.1828125 0.02734375 0.03984375
0 0.87734375 0.975 0.03359375 0.04296875
0 0.1921875 0.6125 0.02890625 0.04296875
0 0.9515625 0.76328125 0.03828125 0.04921875
0 0.4140625 0.74453125 0.03125 0.04921875
0 0.90234375 0.73515625 0.03359375 0.04921875
0 0.759375 0.275 0.03125 0.03984375
0 0.2390625 0.59375 0.03125 0.04296875
0 0.8421875 0.2140625 0.02734375 0.03359375
0 0.71171875 0.15859375 0.02734375 0.03359375
0 0.17265625 0.03828125 0.025 0.03359375
0 0.62421875 0.43203125 0.03125 0.03984375
0 0.95390625 0.2078125 0.02890625 0.04609375
0 0.440625 0.1234375 0.02890625 0.03671875
0 0.17109375 0.5140625 0.03125 0.03671875
0 0.84609375 0.2875 0.03359375 0.04609375
0 0.50546875 0.3125 0.02890625 0.03984375
0 0.875 0.56484375 0.03359375 0.04609375
0 0.3859375 0.596875 0.02890625 0.04296875
0 0.9765625 0.66328125 0.03359375 0.03984375
0 0.9125 0.025 0.02734375 0.03671875
0 0.26015625 0.17421875 0.02890625 0.03984375
0 0.8875 0.13359375 0.02734375 0.03984375
0 0.82734375 0.975 0.03828125 0.04296875
0 0.9109375 0.815625 0.03359375 0.04921875
0 0.3640625 0.56015625 0.02890625 0.04296875
0 0.74453125 0.44296875 0.02890625 0.04296875
0 0.90625 0.65234375 0.03359375 0.04921875
0 0.12578125 0.55859375 0.03125 0.04609375
0 0.2625 0.415625 0.02890625 0.04296875
0 0.065625 0.0765625 0.02734375 0.03671875
0 0.53828125 0.27265625 0.02734375 0.03984375
0 0.778125 0.95234375 0.03828125 0.04609375
0 0.1859375 0.16484375 0.02890625 0.03984375
0 0.0671875 0.5046875 0.03125 0.04921875
0 0.26015625 0.875 0.03359375 0.05234375
0 0.35234375 0.42734375 0.02890625 0.04296875
0 0.7375 0.5140625 0.02890625 0.04296875
0 0.81953125 0.378125 0.03125 0.04296875
0 0.0671875 0.03359375 0.02734375 0.03671875
0 0.24296875 0.36484375 0.03125 0.04609375
0 0.9609375 0.125 0.02890625 0.04609375
0 0.7296875 0.65546875 0.03125 0.04921875
0 0.22421875 0.16328125 0.02890625 0.03671875
0 0.8078125 0.86484375 0.03359375 0.04921875
0 0.78515625 0.44296875 0.02890625 0.04296875
0 0.8703125 0.04453125 0.025 0.03984375
0 0.8390625 0.5234375 0.02890625 0.04296875
0 0.35390625 0.7109375 0.03125 0.04921875
0 0.709375 0.36484375 0.03125 0.03984375
0 0.3140625 0.584375 0.02890625 0.04296875
0 0.65625 0.35234375 0.02890625 0.03984375
0 0.6359375 0.55859375 0.02890625 0.04609375
0 0.78359375 0.2140625 0.03125 0.03984375
0 0.5484375 0.75234375 0.02890625 0.04609375
0 0.1046875 0.76640625 0.03359375 0.04921875
0 0.390625 0.8140625 0.03359375 0.04609375
0 0.290625 0.15234375 0.02734375 0.03359375
0 0.059375 0.73515625 0.03828125 0.04921875
0 0.8078125 0.815625 0.03359375 0.04296875
0 0.4875 0.14609375 0.02890625 0.03984375
0 0.31171875 0.35859375 0.02890625 0.03359375
0 0.6828125 0.5921875 0.03125 0.04609375
0 0.3953125 0.225 0.02890625 0.04296875
0 0.184375 0.91875 0.040625 0.04609375
0 0.90390625 0.27421875 0.02890625 0.03671875
0 0.6015625 0.2984375 0.03125 0.03671875
0 0.87265625 0.825 0.03359375 0.04296875
0 0.2265625 0.825 0.03359375 0.04921875
0 0.403125 0.91875 0.03125 0.04609375
0 0.43125 0.26484375 0.025 0.03671875
0 0.13828125 0.16640625 0.02890625 0.03046875
0 0.3109375 0.93828125 0.0359375 0.05546875
0 0.10390625 0.04140625 0.02265625 0.03984375
0 0.65546875 0.85234375 0.03125 0.04296875
0 0.45390625 0.23203125 0.02890625 0.03984375
0 0.35 0.04453125 0.025 0.03359375
0 0.18671875 0.2828125 0.02734375 0.04296875
0 0.01015625 0.63984375 0.0203125 0.04296875
0 0.79296875 0.72890625 0.03125 0.04296875
0 0.74921875 0.34609375 0.02890625 0.03984375
0 0.4125 0.6828125 0.03125 0.04296875
0 0.12734375 0.86171875 0.03828125 0.04921875
0 0.83671875 0.63828125 0.03359375 0.04609375
0 0.2625 0.63359375 0.03359375 0.04921875
0 0.1 0.2203125 0.02890625 0.03359375
0 0.7265625 0.0234375 0.025 0.03984375
0 0.0125 0.13984375 0.025 0.03359375
0 0.14453125 0.04453125 0.02265625 0.03359375
0 0.35 0.0921875 0.025 0.03046875
0 0.79765625 0.06328125 0.02734375 0.03984375
0 0.721875 0.084375 0.02890625 0.03359375
0 0.6421875 0.71875 0.03125 0.04609375
0 0.44609375 0.615625 0.03125 0.04921875
0 0.015625 0.77421875 0.03125 0.05234375
0 0.3640625 0.14296875 0.02890625 0.03984375
0 0.82109375 0.121875 0.02890625 0.03984375
0 0.57890625 0.425 0.03125 0.04296875
0 0.1828125 0.87265625 0.03125 0.04609375
0 0.10546875 0.25390625 0.02265625 0.03984375
0 0.42265625 0.3171875 0.02890625 0.04296875
0 0.56328125 0.83515625 0.03125 0.05234375
0 0.42421875 0.41875 0.02890625 0.03671875
0 0.13203125 0.26171875 0.025 0.03671875
0 0.71953125 0.74296875 0.02890625 0.04609375
0 0.015625 0.54296875 0.03125 0.04609375
0 0.2140625 0.49375 0.03125 0.04609375
0 0.346875 0.23203125 0.03125 0.03984375
0 0.21640625 0.278125 0.02265625 0.03359375
0 0.4234375 0.2125 0.02265625 0.04296875
0 0.1921875 0.4046875 0.02890625 0.03984375
0 0.25234375 0.26171875 0.02734375 0.03671875
0 0.0203125 0.0921875 0.02734375 0.04296875
0 0.2421875 0.0140625 0.025 0.02734375
0 0.57890625 0.73828125 0.03125 0.05546875
0 0.625 0.06328125 0.02890625 0.03984375
0 0.5171875 0.85390625 0.02890625 0.04609375
0 0.08203125 0.684375 0.03359375 0.05234375
0 0.70078125 0.9140625 0.0359375 0.05546875
0 0.2890625 0.75703125 0.02890625 0.04296875
0 0.10703125 0.478125 0.03359375 0.04609375
0 0.88203125 0.0140625 0.025 0.02734375
0 0.61953125 0.89375 0.03125 0.04609375
0 0.040625 0.13359375 0.02734375 0.04609375
0 0.95625 0.45390625 0.03359375 0.05234375
0 0.02109375 0.05234375 0.025 0.03671875
0 0.6625 0.3125 0.03125 0.03984375
0 0.80859375 0.6140625 0.03125 0.04609375
0 0.07734375 0.109375 0.02890625 0.03359375
0 0.47265625 0.93359375 0.03125 0.05859375
0 0.428125 0.03046875 0.02265625 0.03046875
0 0.6828125 0.709375 0.02265625 0.04609375
0 0.36796875 0.384375 0.02890625 0.03671875
0 0.92109375 0.8984375 0.0359375 0.04296875
0 0.22265625 0.096875 0.02265625 0.03984375
0 0.37421875 0.2828125 0.02265625 0.03671875
0 0.5125 0.46328125 0.02890625 0.03984375
0 0.48515625 0.025 0.025 0.03046875
0 0.46171875 0.2875 0.03125 0.04609375
0 0.5 0.72890625 0.03125 0.04296875
0 0.42421875 0.3765625 0.02890625 0.03359375
0 0.1609375 0.36796875 0.02890625 0.03359375
0 0.17578125 0.209375 0.03125 0.04296875
0 0.71171875 0.5140625 0.02734375 0.04296875
0 0.30625 0.3234375 0.0359375 0.03046875
0 0.93125 0.5921875 0.03359375 0.05234375
0 0.00703125 0.24921875 0.01328125 0.04296875
0 0.14765625 0.13828125 0.025 0.025
0 0.6015625 0.6046875 0.02734375 0.05234375
0 0.51484375 0.2125 0.02890625 0.03671875
0 0.32578125 0.05390625 0.0203125 0.03359375
0 0.10390625 0.5234375 0.03125 0.03671875
0 0.3171875 0.7125 0.03125 0.03984375
0 0.52890625 0.04921875 0.02265625 0.03671875
0 0.72890625 0.121875 0.02890625 0.03984375
0 0.5328125 0.54765625 0.03359375 0.04296875
0 0.0875 0.87265625 0.0359375 0.03984375
0 0.990625 0.75234375 0.01328125 0.03984375
0 0.4265625 0.57265625 0.03359375 0.04296875
0 0.6 0.9890625 0.03359375 0.015625
0 0.2859375 0.04140625 0.02734375 0.03984375
0 0.47109375 0.70625 0.03125 0.05234375
0 0.97265625 0.9859375 0.03125 0.021875
0 0.45234375 0.0046875 0.02265625 0.009375
0 0.57109375 0.4828125 0.03359375 0.04296875
0 0.58125 0.04609375 0.02265625 0.03046875
0 0.18046875 0.778125 0.0359375 0.05546875
0 0.67109375 0.0234375 0.02734375 0.03359375
0 0.01015625 0.9765625 0.0203125 0.03984375
0 0.19453125 0.82578125 0.03359375 0.03984375
0 0.225 0.06171875 0.02265625 0.03046875
0 0.34609375 0.4953125 0.02890625 0.04296875
0 0.08359375 0.0109375 0.02265625 0.021875
0 0.2875 0.3984375 0.02890625 0.04609375
0 0.8421875 0.184375 0.02265625 0.025
0 0.35 0.296875 0.02890625 0.03359375
0 0.2453125 0.05078125 0.02265625 0.03984375
0 0.16796875 0.0109375 0.0203125 0.021875
0 0.67109375 0.778125 0.03125 0.04296875
0 0.02265625 0.0140625 0.02265625 0.02734375
0 0.15234375 0.9234375 0.03359375 0.04296875
0 0.48046875 0.63828125 0.02890625 0.04609375
0 0.446875 0.990625 0.03828125 0.0125
0 0.6984375 0.015625 0.02734375 0.03046875
0 0.359375 0.35390625 0.02890625 0.03046875
0 0.92890625 0.9796875 0.02890625 0.03359375
0 0.04375 0.0234375 0.0203125 0.03359375
0 0.2859375 0.9828125 0.0453125 0.02734375
0 0.1078125 0.0046875 0.02265625 0.009375
0 0.86796875 0.66328125 0.02890625 0.03984375
0 0.8015625 0.0046875 0.02734375 0.009375
0 0.253125 0.496875 0.02890625 0.03984375
0 0.2390625 0.54453125 0.03125 0.04296875
0 0.94921875 0.075 0.02890625 0.03984375
0 0.4515625 0.421875 0.025 0.04296875
0 0.59921875 0.00625 0.02265625 0.0125
0 0.20703125 0.45390625 0.0359375 0.03359375
0 0.22109375 0.1984375 0.03125 0.03359375
0 0.22109375 0.02734375 0.01796875 0.025
0 0.4125 0.86796875 0.0359375 0.04296875
0 0.51953125 0.103125 0.02890625 0.03984375
0 0.009375 0.684375 0.01796875 0.03984375
0 0.2734375 0.0046875 0.0203125 0.009375
0 0.99296875 0.95390625 0.009375 0.04921875
0 0.28828125 0.45234375 0.02734375 0.04296875