0 0.79375 0.16015625 0.01953125 0.02578125
0 0.628125 0.28671875 0.02265625 0.03671875
0 0.5765625 0.24296875 0.0171875 0.0296875
0 0.8359375 0.4921875 0.0453125 0.06796875
0 0.4390625 0.3734375 0.0328125 0.04921875
0 0.4546875 0.225 0.01953125 0.0296875
0 0.7984375 0.41875 0.0390625 0.05625
0 0.9125 0.56875 0.05 0.07421875
0 0.27890625 0.27890625 0.0203125 0.03359375
0 0.64140625 0.1703125 0.015625 0.025
0 0.68046875 0.16953125 0.01640625 0.02578125
0 0.26640625 0.18125 0.015625 0.02578125
0 0.2796875 0.44296875 0.03828125 0.0546875
0 0.634375 0.2484375 0.0171875 0.02734375
0 0.9328125 0.20546875 0.021875 0.03125
0 0.315625 0.2640625 0.02265625 0.03359375
0 0.2953125 0.1546875 0.01484375 0.0234375
0 0.1375 0.315625 0.025 0.040625
0 0.946875 0.7453125 0.065625 0.0953125
0 0.04375 0.2390625 0.01875 0.0296875
0 0.59453125 0.8109375 0.0609375 0.0953125
0 0.20546875 0.3125 0.028125 0.0390625
0 0.634375 0.1484375 0.01484375 0.0234375
0 0.44375 0.2875 0.02265625 0.0375
0 0.6421875 0.10546875 0.0140625 0.01796875
0 0.46953125 0.40546875 0.03515625 0.05625
0 0.66796875 0.4421875 0.0375 0.0609375
0 0.7453125 0.2359375 0.0234375 0.0328125
0 0.5171875 0.2328125 0.01953125 0.0296875
0 0.66875 0.2796875 0.02421875 0.0390625
0 0.8875 0.190625 0.0234375 0.03515625
0 0.40703125 0.35546875 0.03203125 0.04453125
0 0.7046875 0.5921875 0.05078125 0.07578125
0 0.16875 0.22265625 0.021875 0.03125
0 0.93828125 0.36171875 0.03125 0.04453125
0 0.0921875 0.4625 0.040625 0.05859375
0 0.478125 0.10703125 0.0125 0.02109375
0 0.69375 0.11640625 0.0125 0.01953125
0 0.9171875 0.41171875 0.0453125 0.0546875
0 0.7796875 0.61875 0.05546875 0.08046875
0 0.31875 0.14375 0.01484375 0.025
0 0.8078125 0.05546875 0.01171875 0.0171875
0 0.4015625 0.13125 0.0140625 0.02109375
0 0.334375 0.46953125 0.0421875 0.05078125
0 0.98359375 0.22265625 0.0203125 0.03359375
0 0.39609375 0.2046875 0.01640625 0.0234375
0 0.83046875 0.27421875 0.0265625 0.0375
0 0.578125 0.1796875 0.0171875 0.02890625
0 0.3390625 0.22421875 0.01875 0.02578125
0 0.82734375 0.0484375 0.0109375 0.015625
0 0.55625 0.17265625 0.01484375 0.025
0 0.1640625 0.3734375 0.03515625 0.053125
0 0.728125 0.17578125 0.0171875 0.02578125
0 0.2640625 0.84375 0.06640625 0.09921875
0 0.10078125 0.2453125 0.021875 0.02734375
0 0.2515625 0.21953125 0.0203125 0.0328125
0 0.0546875 0.20390625 0.015625 0.025
0 0.309375 0.16953125 0.0171875 0.02578125
0 0.80625 0.13046875 0.01875 0.02578125
0 0.59609375 0.08046875 0.0125 0.01796875
0 0.8328125 0.3921875 0.034375 0.05078125
0 0.48671875 0.2421875 0.02421875 0.03671875
0 0.046875 0.11875 0.0140625 0.01953125
0 0.07734375 0.19296875 0.01640625 0.02578125
0 0.7625 0.17421875 0.0171875 0.02578125
0 0.290625 0.953125 0.0703125 0.09140625
0 0.8640625 0.10625 0.01484375 0.025
0 0.4046875 0.0984375 0.0125 0.0171875
0 0.9171875 0.12890625 0.015625 0.02578125
0 0.13984375 0.11640625 0.0140625 0.021875
0 0.07734375 0.234375 0.0203125 0.03359375
0 0.534375 0.0921875 0.0140625 0.01796875
0 0.0890625 0.28671875 0.0234375 0.0390625
0 0.76484375 0.09375 0.0140625 0.0234375
0 0.79765625 0.08828125 0.015625 0.02109375
0 0.62109375 0.11875 0.0140625 0.01953125
0 0.715625 0.10625 0.0125 0.025
0 0.55546875 0.1 0.0125 0.02109375
0 0.64296875 0.06875 0.0109375 0.0171875
0 0.5140625 0.10546875 0.0140625 0.01796875
0 0.2796875 0.084375 0.0125 0.01796875
0 0.85078125 0.1734375 0.01953125 0.02890625
0 0.2984375 0.24296875 0.01953125 0.0296875
0 0.60859375 0.1078125 0.0125 0.01953125
0 0.196875 0.1671875 0.01875 0.02734375
0 0.940625 0.1609375 0.0203125 0.025
0 0.05546875 0.37578125 0.034375 0.0484375
0 0.1140625 0.2859375 0.025 0.040625
0 0.84296875 0.053125 0.0140625 0.015625
0 0.67734375 0.09140625 0.0125 0.02109375
0 0.5890625 0.1109375 0.0140625 0.01953125
0 0.63203125 0.08125 0.01171875 0.0140625
0 0.50078125 0.11796875 0.0140625 0.01953125
0 0.2484375 0.1109375 0.01484375 0.01953125
0 0.43046875 0.10078125 0.0109375 0.0171875
0 0.278125 0.13828125 0.0125 0.0234375
0 0.72265625 0.05 0.01171875 0.01953125
0 0.6203125 0.0671875 0.009375 0.0140625
0 0.859375 0.06328125 0.0140625 0.01953125
0 0.6953125 0.05625 0.009375 0.0171875
0 0.9046875 0.0296875 0.0125 0.01796875
0 0.55546875 0.06640625 0.0109375 0.015625
0 0.44453125 0.10390625 0.01171875 0.015625
0 0.88203125 0.0390625 0.009375 0.015625
0 0.36171875 0.06640625 0.0125 0.01796875
0 0.325 0.06875 0.0125 0.01796875
0 0.165625 0.11015625 0.0140625 0.01953125
0 0.478125 0.05625 0.0109375 0.01796875
0 0.665625 0.06953125 0.0109375 0.0140625
0 0.0203125 0.15625 0.0140625 0.02109375
0 0.95859375 0.05546875 0.0125 0.0171875
0 0.2875 0.20390625 0.01875 0.0296875
0 0.9203125 0.00625 0.0140625 0.01171875
0 0.90703125 0.053125 0.01640625 0.02109375
0 0.9359375 0.06640625 0.0140625 0.02109375
0 0.0140625 0.35390625 0.02734375 0.046875
0 0.0046875 0.21796875 0.00859375 0.0296875
0 0.5796875 0.06875 0.009375 0.01171875
0 0.84453125 0.0171875 0.00859375 0.01328125
0 0.6203125 0.09140625 0.01171875 0.01796875
0 0.67109375 0.0171875 0.0109375 0.0140625
0 0.69375 0.07578125 0.0109375 0.01796875
0 0.503125 0.0796875 0.0109375 0.0171875
0 0.7296875 0.01796875 0.009375 0.01328125
0 0.34453125 0.0546875 0.01171875 0.015625
0 0.80546875 0.0171875 0.00859375 0.01171875
0 0.828125 0.18046875 0.0171875 0.025
0 0.2546875 0.1390625 0.01484375 0.025
0 0.65703125 0.03046875 0.00859375 0.01171875
0 0.384375 0.09375 0.0125 0.01796875
0 0.70546875 0.0171875 0.00859375 0.015625
0 0.75625 0.01953125 0.00859375 0.01328125
0 0.5328125 0.12578125 0.01484375 0.021875
0 0.56953125 0.05625 0.0078125 0.01328125
0 0.8390625 0.084375 0.0140625 0.02109375
0 0.99375 0.03203125 0.009375 0.0171875
0 0.68125 0.05390625 0.0109375 0.0140625
0 0.7390625 0.0453125 0.009375 0.0171875
0 0.6171875 0.04296875 0.0078125 0.01328125
0 0.45390625 0.0484375 0.0109375 0.0140625
0 0.33359375 0.19765625 0.01640625 0.02109375
0 0.8796875 0.0765625 0.01484375 0.02109375
0 0.784375 0.053125 0.0140625 0.01796875
0 0.80234375 0.0296875 0.0109375 0.01328125
0 0.8703125 0.0203125 0.009375 0.0140625
0 0.90703125 0.00625 0.01171875 0.01171875
0 0.69453125 0.0296875 0.0078125 0.01171875
0 0.85625 0.01796875 0.009375 0.01328125
0 0.70625 0.0421875 0.0109375 0.0140625
0 0.6421875 0.04296875 0.0078125 0.01328125
0 0.7171875 0.03046875 0.00859375 0.01171875
0 0.209375 0.06953125 0.01171875 0.01953125
0 0.98125 0.08046875 0.0140625 0.01796875
0 0.75703125 0.1421875 0.015625 0.02109375
0 0.4171875 0.7171875 0.0921875 0.1265625
0 0.66875 0.05625 0.009375 0.01328125
0 0.46484375 0.10078125 0.0140625 0.0140625
0 0.79375 0.01640625 0.0078125 0.01171875
0 0.6546875 0.053125 0.009375 0.01328125
0 0.63125 0.0421875 0.00703125 0.01171875
0 0.65703125 0.1359375 0.0140625 0.01953125
0 0.99375 0.1734375 0.009375 0.02578125
0 0.66171875 0.16875 0.01484375 0.025
0 0.471875 0.1359375 0.01484375 0.01953125
0 0.8671875 0.00546875 0.009375 0.01015625
0 0.58046875 0.03125 0.00703125 0.01015625
0 0.93046875 0.04375 0.0140625 0.0171875
0 0.134375 0.0921875 0.0125 0.01953125
0 0.9640625 0.1625 0.0203125 0.0296875
0 0.84453125 0.03046875 0.00859375 0.01171875
0 0.8296875 0.01796875 0.009375 0.01328125
0 0.59375 0.03125 0.0078125 0.01015625
0 0.7796875 0.01796875 0.00859375 0.01328125
0 0.43203125 0.05625 0.0109375 0.01328125
0 0.78203125 0.00546875 0.0078125 0.01015625
0 0.76796875 0.01953125 0.00859375 0.01328125
0 0.0109375 0.1375 0.015625 0.01953125
0 0.10234375 0.075 0.0140625 0.0171875
0 0.60625 0.04375 0.0078125 0.01171875
0 0.6296875 0.05625 0.00859375 0.01328125
0 0.75546875 0.00546875 0.00703125 0.01015625
0 0.67734375 0.06953125 0.0109375 0.0140625
0 0.88203125 0.00625 0.009375 0.01171875
0 0.89375 0.00625 0.0109375 0.01171875
0 0.83046875 0.00546875 0.00859375 0.01015625
0 0.86640625 0.04140625 0.009375 0.015625
0 0.40625 0.00625 0.0125 0.0125
0 0.81953125 0.00546875 0.0078125 0.01015625
0 0.24296875 0.0453125 0.0109375 0.0171875
0 0.60859375 0.06796875 0.0109375 0.01328125
0 0.171875 0.1375 0.0140625 0.01953125
0 0.85625 0.00546875 0.00859375 0.01015625
0 0.3609375 0.0875 0.0140625 0.01796875
0 0.93203125 0.00625 0.0109375 0.0125
0 0.665625 0.11328125 0.0140625 0.01796875
0 0.9578125 0.00625 0.01171875 0.01171875
0 0.75703125 0.0421875 0.009375 0.0140625
0 0.5546875 0.0296875 0.0078125 0.01171875
0 0.853125 0.0421875 0.01171875 0.0140625
0 0.98359375 0.03046875 0.01171875 0.0140625
0 0.6796875 0.03203125 0.0078125 0.0140625
0 0.63125 0.01796875 0.00859375 0.01328125
0 0.99453125 0.05078125 0.00859375 0.01796875
0 0.7671875 0.00546875 0.0078125 0.01015625
0 0.36328125 0.0421875 0.009375 0.0171875
0 0.39296875 0.00625 0.0109375 0.0125
0 0.075 0.12890625 0.0140625 0.02109375
0 0.5421875 0.0328125 0.009375 0.01328125
0 0.25625 0.00625 0.0109375 0.01171875
0 0.56875 0.01796875 0.00859375 0.01328125
0 0.7453125 0.00625 0.00859375 0.01171875
0 0.59453125 0.05625 0.00859375 0.01328125
0 0.7796875 0.03125 0.0078125 0.01328125
0 0.94609375 0.0453125 0.01171875 0.0171875
0 0.3421875 0.0984375 0.0140625 0.021875
0 0.65546875 0.071875 0.0109375 0.0140625
0 0.6046875 0.03125 0.0078125 0.0078125
0 0.3578125 0.00625 0.0140625 0.01171875
0 0.00859375 0.27578125 0.0171875 0.03671875
0 0.6421875 0.0171875 0.0078125 0.01171875
0 0.55703125 0.04375 0.00859375 0.0140625
0 0.9171875 0.01875 0.009375 0.0140625
0 0.23125 0.01796875 0.009375 0.01328125