0 0.23671875 0.5390625 0.03828125 0.05234375
0 0.41015625 0.65 0.03125 0.04921875
0 0.69609375 0.38671875 0.0171875 0.02578125
0 0.58359375 0.5203125 0.028125 0.04296875
0 0.5078125 0.5328125 0.0234375 0.03671875
0 0.74296875 0.3109375 0.01640625 0.02578125
0 0.4796875 0.26640625 0.0140625 0.01953125
0 0.4953125 0.3015625 0.01484375 0.01953125
0 0.0984375 0.50390625 0.02265625 0.03359375
0 0.70390625 0.31171875 0.01484375 0.025
0 0.5296875 0.3234375 0.01640625 0.025
0 0.446875 0.3125 0.01484375 0.0234375
0 0.23515625 0.35 0.015625 0.02109375
0 0.0109375 0.59453125 0.021875 0.0609375
0 0.25390625 0.25625 0.0140625 0.01953125
0 0.41171875 0.3078125 0.0125 0.021875
0 0.32734375 0.3296875 0.0171875 0.025
0 0.53046875 0.2984375 0.0125 0.01796875
0 0.44140625 0.25 0.01171875 0.01796875
0 0.340625 0.2828125 0.0125 0.01796875
0 0.26484375 0.3296875 0.015625 0.01953125
0 0.159375 0.384375 0.01875 0.025
0 0.38125 0.2890625 0.01171875 0.01796875
0 0.31328125 0.3875 0.01953125 0.0296875
0 0.64375 0.38203125 0.01484375 0.025
0 0.3796875 0.2453125 0.009375 0.0140625
0 0.596875 0.25625 0.0125 0.01953125
0 0.60703125 0.3421875 0.0203125 0.02734375
0 0.6515625 0.2125 0.0109375 0.0140625
0 0.228125 0.31796875 0.0125 0.01796875
0 0.3421875 0.1953125 0.00859375 0.01328125
0 0.36875 0.1546875 0.0078125 0.0078125
0 0.50703125 0.2453125 0.009375 0.0140625
0 0.39296875 0.234375 0.00859375 0.01328125
0 0.6453125 0.2484375 0.01171875 0.0171875
0 0.05625 0.396875 0.0140625 0.01796875
0 0.2421875 0.3203125 0.01171875 0.01796875
0 0.75625 0.1546875 0.00703125 0.0078125
0 0.61015625 0.3109375 0.0140625 0.0140625
0 0.2796875 0.25625 0.0109375 0.01328125
0 0.5171875 0.15546875 0.00625 0.00625
0 0.84453125 0.19375 0.0078125 0.01171875
0 0.38125 0.1546875 0.00625 0.0078125
0 0.54375 0.15546875 0.00625 0.00625
0 0.31875 0.19375 0.00859375 0.01328125
0 0.359375 0.39140625 0.01953125 0.02734375
0 0.3875 0.16171875 0.00625 0.0078125
0 0.25625 0.15625 0.00703125 0.0078125
0 0.509375 0.26640625 0.0125 0.01953125
0 0.8375 0.1375 0.00390625 0.00625
0 0.51796875 0.21953125 0.00859375 0.01171875
0 0.79375 0.15546875 0.00625 0.00625
0 0.26796875 0.15625 0.00703125 0.0078125
0 0.81875 0.15546875 0.00625 0.00625
0 0.33671875 0.16171875 0.00703125 0.0078125
0 0.56875 0.15546875 0.00625 0.00625
0 0.66875 0.18046875 0.00703125 0.01171875
0 0.5234375 0.17421875 0.00625 0.0078125