0 0.38984375 0.15546875 0.0171875 0.03359375
0 0.26484375 0.28984375 0.0203125 0.03828125
0 0.45078125 0.59921875 0.0265625 0.04375
0 0.03671875 0.2265625 0.02421875 0.03671875
0 0.5515625 0.16328125 0.01953125 0.03203125
0 0.5796875 0.13828125 0.01953125 0.03203125
0 0.75703125 0.20078125 0.01953125 0.03203125
0 0.69375 0.19296875 0.01953125 0.03359375
0 0.2703125 0.1578125 0.021875 0.03671875
0 0.66015625 0.37421875 0.025 0.0453125
0 0.34609375 0.3359375 0.02421875 0.0390625
0 0.90703125 0.13125 0.01953125 0.03515625
0 0.55625 0.0859375 0.0171875 0.03203125
0 0.66875 0.13671875 0.0171875 0.03515625
0 0.69140625 0.025 0.0171875 0.02890625
0 0.409375 0.403125 0.02265625 0.03671875
0 0.6953125 0.1578125 0.0171875 0.03203125
0 0.0140625 0.02734375 0.021875 0.03203125
0 0.53203125 0.015625 0.01875 0.02734375
0 0.0578125 0.3125 0.028125 0.0421875
0 0.9296875 0.31640625 0.0234375 0.040625
0 0.20234375 0.509375 0.0265625 0.0484375
0 0.12890625 0.1296875 0.021875 0.03515625
0 0.2125 0.3046875 0.0234375 0.03828125
0 0.0609375 0.09453125 0.01875 0.02890625
0 0.8671875 0.12265625 0.0171875 0.03203125
0 0.85625 0.60390625 0.0265625 0.0453125
0 0.4953125 0.21171875 0.01953125 0.03515625
0 0.79375 0.0765625 0.01640625 0.02734375
0 0.25703125 0.128125 0.0171875 0.03203125
0 0.7453125 0.22734375 0.01953125 0.03828125
0 0.634375 0.18203125 0.0203125 0.03515625
0 0.6109375 0.5921875 0.025 0.046875
0 0.6515625 0.1625 0.01640625 0.03359375
0 0.3875 0.3640625 0.021875 0.040625
0 0.1578125 0.3046875 0.0234375 0.04375
0 0.5140625 0.36015625 0.0234375 0.04375
0 0.72578125 0.18125 0.0171875 0.03046875
0 0.63203125 0.14375 0.0171875 0.03046875
0 0.95859375 0.3234375 0.0203125 0.040625
0 0.534375 0.90625 0.03125 0.05078125
0 0.296875 0.8609375 0.0296875 0.05078125
0 0.69375 0.75859375 0.03046875 0.05078125
0 0.109375 0.040625 0.01953125 0.03203125
0 0.7 0.325 0.02265625 0.040625
0 0.85625 0.765625 0.03046875 0.04921875
0 0.1078125 0.3625 0.02734375 0.0453125
0 0.41953125 0.953125 0.0359375 0.05546875
0 0.6046875 0.78671875 0.0296875 0.05078125
0 0.7390625 0.0953125 0.0171875 0.02734375
0 0.3609375 0.7 0.02734375 0.046875
0 0.5296875 0.69453125 0.028125 0.0453125
0 0.4296875 0.021875 0.015625 0.02890625
0 0.4265625 0.16953125 0.021875 0.03359375
0 0.18046875 0.2625 0.02265625 0.040625
0 0.846875 0.2078125 0.0203125 0.03671875
0 0.934375 0.9390625 0.03046875 0.05234375
0 0.215625 0.34921875 0.02421875 0.0390625
0 0.74296875 0.13046875 0.0171875 0.03359375
0 0.1078125 0.10390625 0.021875 0.03671875
0 0.853125 0.06015625 0.0171875 0.02890625
0 0.9578125 0.7046875 0.0296875 0.05390625
0 0.790625 0.30859375 0.02421875 0.0390625
0 0.58359375 0.6171875 0.028125 0.0453125
0 0.3328125 0.0890625 0.01953125 0.03515625
0 0.51328125 0.290625 0.0203125 0.0390625
0 0.975 0.5578125 0.0265625 0.0484375
0 0.2453125 0.89375 0.03203125 0.05234375
0 0.97421875 0.3609375 0.0203125 0.0390625
0 0.9046875 0.2265625 0.01953125 0.03671875
0 0.27890625 0.55390625 0.0265625 0.046875
0 0.134375 0.50625 0.02734375 0.0484375
0 0.1484375 0.06796875 0.01953125 0.03046875
0 0.11640625 0.16953125 0.02265625 0.03671875
0 0.8328125 0.2515625 0.02265625 0.0390625
0 0.5359375 0.1984375 0.0171875 0.03515625
0 0.065625 0.14921875 0.0203125 0.03359375
0 0.8078125 0.88984375 0.02421875 0.0421875
0 0.0328125 0.8359375 0.0328125 0.05078125
0 0.284375 0.78828125 0.03046875 0.0484375
0 0.28203125 0.26484375 0.021875 0.03671875
0 0.17890625 0.1625 0.0171875 0.03359375
0 0.134375 0.03984375 0.01875 0.03046875
0 0.96328125 0.47578125 0.02265625 0.0421875
0 0.2625 0.49609375 0.02265625 0.0421875
0 0.228125 0.20859375 0.0234375 0.03828125
0 0.78046875 0.10234375 0.01875 0.02890625
0 0.3984375 0.0640625 0.0171875 0.03203125
0 0.85625 0.321875 0.01953125 0.03515625
0 0.7375 0.9765625 0.03203125 0.04375
0 0.95703125 0.10546875 0.0171875 0.03046875
0 0.903125 0.0921875 0.01875 0.03046875
0 0.746875 0.06171875 0.0171875 0.02734375
0 0.6765625 0.284375 0.02265625 0.040625
0 0.18046875 0.06484375 0.0171875 0.03046875
0 0.1 0.25625 0.02421875 0.040625
0 0.22421875 0.8359375 0.03203125 0.0484375
0 0.8375 0.134375 0.0171875 0.03515625
0 0.79921875 0.4859375 0.0265625 0.0484375
0 0.76484375 0.809375 0.03203125 0.05546875
0 0.50078125 0.04296875 0.0203125 0.03671875
0 0.17890625 0.02421875 0.021875 0.02734375
0 0.8703125 0.4328125 0.021875 0.040625
0 0.6734375 0.69296875 0.0296875 0.05078125
0 0.3484375 0.3828125 0.0234375 0.0453125
0 0.53515625 0.65 0.02734375 0.03828125
0 0.37890625 0.11015625 0.01953125 0.03359375
0 0.31328125 0.9484375 0.03203125 0.0421875
0 0.5453125 0.865625 0.0328125 0.03828125
0 0.04921875 0.76875 0.03046875 0.0484375
0 0.0109375 0.20625 0.0203125 0.03671875
0 0.79296875 0.04375 0.0171875 0.02890625
0 0.59921875 0.38671875 0.0203125 0.0421875
0 0.7171875 0.82265625 0.0296875 0.0484375
0 0.95625 0.2609375 0.01953125 0.03828125
0 0.878125 0.22734375 0.0203125 0.03828125
0 0.58671875 0.284375 0.02265625 0.03828125
0 0.34765625 0.04765625 0.0171875 0.02734375
0 0.065625 0.6625 0.03046875 0.0484375
0 0.8234375 0.4203125 0.0203125 0.0390625
0 0.771875 0.6875 0.0265625 0.0453125
0 0.34453125 0.6625 0.0234375 0.0421875
0 0.3875 0.80546875 0.02421875 0.0390625
0 0.11015625 0.70078125 0.02734375 0.0390625
0 0.2046875 0.61171875 0.02734375 0.0453125
0 0.0265625 0.27890625 0.02265625 0.0390625
0 0.884375 0.34921875 0.02265625 0.0390625
0 0.15 0.5703125 0.02734375 0.0421875
0 0.94375 0.38671875 0.0203125 0.0390625
0 0.8109375 0.20234375 0.01953125 0.03203125
0 0.4125 0.3296875 0.02265625 0.03828125
0 0.034375 0.42578125 0.02421875 0.03828125
0 0.225 0.165625 0.02265625 0.03671875
0 0.1796875 0.7390625 0.0296875 0.04375
0 0.9515625 0.575 0.0234375 0.0421875
0 0.1609375 0.92734375 0.034375 0.05234375
0 0.2421875 0.55 0.025 0.0421875
0 0.7140625 0.25859375 0.021875 0.0390625
0 0.31875 0.6421875 0.02421875 0.0453125
0 0.85 0.8890625 0.028125 0.03828125
0 0.0265625 0.13046875 0.021875 0.03359375
0 0.6265625 0.09375 0.01640625 0.02734375
0 0.45 0.30234375 0.0203125 0.0390625
0 0.7671875 0.240625 0.0203125 0.03828125
0 0.45234375 0.3546875 0.0203125 0.0390625
0 0.9328125 0.52421875 0.025 0.0484375
0 0.684375 0.23671875 0.01875 0.03671875
0 0.88203125 0.7453125 0.028125 0.05078125
0 0.309375 0.26484375 0.0203125 0.0421875
0 0.7609375 0.3296875 0.021875 0.03828125
0 0.521875 0.42578125 0.02421875 0.040625
0 0.915625 0.37109375 0.01953125 0.0421875
0 0.46953125 0.16015625 0.0203125 0.03203125
0 0.79375 0.9375 0.03125 0.05234375
0 0.81875 0.8171875 0.03046875 0.0453125
0 0.009375 0.309375 0.01875 0.04375
0 0.91796875 0.16953125 0.01953125 0.02734375
0 0.2765625 0.046875 0.01953125 0.03203125
0 0.4671875 0.2359375 0.0203125 0.03515625
0 0.7953125 0.24296875 0.0203125 0.03671875
0 0.6546875 0.02109375 0.01640625 0.02734375
0 0.31953125 0.54140625 0.01953125 0.03671875
0 0.13671875 0.275 0.0234375 0.0421875
0 0.28359375 0.1171875 0.0203125 0.03671875
0 0.07421875 0.06640625 0.0171875 0.02734375
0 0.98984375 0.0375 0.01640625 0.02734375
0 0.03046875 0.08515625 0.01875 0.03359375
0 0.81328125 0.1578125 0.021875 0.03828125
0 0.9546875 0.18125 0.01953125 0.03671875
0 0.365625 0.834375 0.03046875 0.0453125
0 0.35859375 0.5796875 0.0203125 0.03671875
0 0.0125 0.1625 0.0203125 0.03359375
0 0.92265625 0.27578125 0.0203125 0.03515625
0 0.196875 0.18203125 0.021875 0.040625
0 0.13203125 0.234375 0.021875 0.03203125
0 0.8875 0.48046875 0.028125 0.0421875
0 0.45 0.8234375 0.03203125 0.05546875
0 0.378125 0.603125 0.02421875 0.04375
0 0.49375 0.63125 0.0265625 0.046875
0 0.29609375 0.3140625 0.0234375 0.0421875
0 0.70390625 0.12109375 0.0171875 0.03515625
0 0.36953125 0.30703125 0.02265625 0.03671875
0 0.1390625 0.3609375 0.02734375 0.0453125
0 0.14609375 0.64453125 0.028125 0.04921875
0 0.203125 0.253125 0.0234375 0.0390625
0 0.30390625 0.1984375 0.021875 0.040625
0 0.153125 0.19375 0.02421875 0.03515625
0 0.465625 0.0453125 0.01484375 0.0265625
0 0.74140625 0.4140625 0.02734375 0.046875
0 0.91015625 0.04140625 0.015625 0.02734375
0 0.25390625 0.69453125 0.02734375 0.0421875
0 0.06015625 0.3734375 0.028125 0.040625
0 0.7828125 0.01875 0.01484375 0.02890625
0 0.58125 0.22109375 0.0203125 0.03671875
0 0.32890625 0.15 0.0203125 0.03515625
0 0.5546875 0.271875 0.021875 0.03359375
0 0.79921875 0.7734375 0.03046875 0.0453125
0 0.9296875 0.20390625 0.01953125 0.03515625
0 0.83828125 0.546875 0.028125 0.04921875
0 0.30390625 0.0328125 0.0171875 0.03046875
0 0.6953125 0.38515625 0.02734375 0.046875
0 0.4484375 0.42421875 0.0265625 0.04375
0 0.821875 0.30078125 0.0234375 0.0421875
0 0.56171875 0.3171875 0.02421875 0.0484375
0 0.52109375 0.8 0.028125 0.046875
0 0.64765625 0.10546875 0.01640625 0.03046875
0 0.4953125 0.77734375 0.02734375 0.05703125
0 0.93828125 0.65390625 0.028125 0.0484375
0 0.6640625 0.0890625 0.0171875 0.02890625
0 0.48984375 0.0859375 0.01640625 0.03203125
0 0.2765625 0.01484375 0.01875 0.0265625
0 0.74375 0.89921875 0.0390625 0.05859375
0 0.60859375 0.1125 0.01640625 0.02890625
0 0.62578125 0.3234375 0.02421875 0.04375
0 0.35546875 0.796875 0.03125 0.03671875
0 0.87578125 0.940625 0.028125 0.0484375
0 0.3890625 0.7484375 0.02734375 0.0484375
0 0.634375 0.25234375 0.021875 0.03828125
0 0.47421875 0.371875 0.02421875 0.040625
0 0.240625 0.01171875 0.01875 0.0234375
0 0.79375 0.35546875 0.02265625 0.040625
0 0.7546875 0.03515625 0.01484375 0.0265625
0 0.5890625 0.07890625 0.0171875 0.02890625
0 0.68828125 0.0890625 0.015625 0.02890625
0 0.33359375 0.825 0.028125 0.040625
0 0.06328125 0.94296875 0.03203125 0.046875
0 0.253125 0.36875 0.0265625 0.04375
0 0.30625 0.734375 0.03046875 0.04375
0 0.56640625 0.7359375 0.0296875 0.046875
0 0.43828125 0.646875 0.02734375 0.0421875
0 0.4125 0.046875 0.01640625 0.03203125
0 0.6515625 0.5984375 0.02265625 0.0390625
0 0.65703125 0.86640625 0.0296875 0.0390625
0 0.8703125 0.82890625 0.03046875 0.06015625
0 0.86484375 0.175 0.0203125 0.03203125
0 0.66796875 0.04609375 0.0171875 0.03359375
0 0.525 0.0828125 0.0171875 0.03515625
0 0.0125 0.38671875 0.02421875 0.0421875
0 0.0296875 0.7265625 0.0296875 0.0484375
0 0.665625 0.63359375 0.025 0.0421875
0 0.0421875 0.171875 0.0171875 0.02890625
0 0.3359375 0.01640625 0.0171875 0.03203125
0 0.3296875 0.77734375 0.02734375 0.0421875
0 0.4640625 0.0734375 0.01875 0.03046875
0 0.1546875 0.13671875 0.021875 0.03203125
0 0.9296875 0.89609375 0.025 0.03671875
0 0.5296875 0.04375 0.01640625 0.02890625
0 0.25078125 0.3296875 0.0234375 0.03828125
0 0.88125 0.0875 0.01875 0.03203125
0 0.7671875 0.16953125 0.0171875 0.03046875
0 0.21171875 0.1171875 0.0203125 0.03671875
0 0.66015625 0.94296875 0.03125 0.05234375
0 0.43125 0.0640625 0.0171875 0.03203125
0 0.56015625 0.40625 0.02265625 0.0390625
0 0.075 0.2296875 0.01875 0.02734375
0 0.5078125 0.16640625 0.0171875 0.02890625
0 0.94140625 0.06015625 0.0171875 0.03203125
0 0.9640625 0.0609375 0.01640625 0.03203125
0 0.98671875 0.24375 0.0203125 0.03515625
0 0.13984375 0.009375 0.0203125 0.01875
0 0.81328125 0.1125 0.01875 0.03203125
0 0.9578125 0.015625 0.01953125 0.02734375
0 0.825 0.35 0.02421875 0.04375
0 0.253125 0.65703125 0.025 0.03046875
0 0.57109375 0.5015625 0.03125 0.04375
0 0.29296875 0.00625 0.0140625 0.0125
0 0.59453125 0.009375 0.0171875 0.01875
0 0.94453125 0.84453125 0.025 0.0484375
0 0.890625 0.00625 0.015625 0.0125
0 0.1234375 0.82265625 0.0296875 0.0390625
0 0.00625 0.60546875 0.0125 0.0484375
0 0.24296875 0.0875 0.02265625 0.03203125
0 0.38203125 0.03125 0.01484375 0.02734375
0 0.88203125 0.52734375 0.02734375 0.0453125
0 0.39140625 0.45078125 0.0234375 0.0421875
0 0.2171875 0.071875 0.01875 0.03046875
0 0.94296875 0.03203125 0.01875 0.02890625
0 0.69375 0.43984375 0.02421875 0.0421875
0 0.92109375 0.44609375 0.0234375 0.04375
0 0.846875 0.48671875 0.025 0.040625
0 0.99140625 0.12890625 0.015625 0.03046875
0 0.0625 0.26328125 0.0234375 0.0421875
0 0.98515625 0.88359375 0.02734375 0.0609375
0 0.92734375 0.603125 0.028125 0.04375
0 0.94375 0.1375 0.01875 0.03359375
0 0.8328125 0.053125 0.015625 0.02734375
0 0.6015625 0.25625 0.021875 0.03515625
0 0.7046875 0.0734375 0.0171875 0.03359375
0 0.41015625 0.29765625 0.01953125 0.0265625
0 0.9078125 0.9109375 0.02265625 0.04375
0 0.596875 0.1875 0.0203125 0.03359375
0 0.9671875 0.434375 0.021875 0.03515625
0 0.0125 0.91484375 0.025 0.05078125
0 0.31484375 0.98359375 0.0359375 0.02890625
0 0.9921875 0.4375 0.0140625 0.040625
0 0.109375 0.5265625 0.0234375 0.03828125
0 0.81953125 0.034375 0.015625 0.02734375
0 0.42265625 0.78515625 0.02734375 0.0390625
0 0.746875 0.6203125 0.03046875 0.0484375
0 0.1734375 0.2203125 0.0234375 0.03515625