0 0.696875 0.43203125 0.03828125 0.0546875
0 0.6359375 0.39140625 0.0328125 0.0484375
0 0.853125 0.39296875 0.0359375 0.04921875
0 0.39609375 0.36875 0.034375 0.053125
0 0.54140625 0.47265625 0.0421875 0.0625
0 0.90546875 0.221875 0.03046875 0.040625
0 0.98046875 0.2609375 0.03125 0.04296875
0 0.0828125 0.271875 0.03125 0.046875
0 0.884375 0.29765625 0.0328125 0.0453125
0 0.50625 0.6765625 0.04375 0.06640625
0 0.234375 0.2203125 0.03125 0.04453125
0 0.92578125 0.39921875 0.03515625 0.05078125
0 0.03203125 0.29375 0.0296875 0.04296875
0 0.62265625 0.2515625 0.0359375 0.04921875
0 0.7734375 0.1640625 0.025 0.03671875
0 0.41328125 0.18046875 0.0234375 0.0328125
0 0.3578125 0.2015625 0.0234375 0.03515625
0 0.76875 0.04140625 0.0171875 0.02109375
0 0.66171875 0.1109375 0.01875 0.02578125
0 0.2953125 0.2390625 0.0359375 0.0453125
0 0.7515625 0.01328125 0.0171875 0.0234375
0 0.946875 0.07890625 0.025 0.02734375
0 0.9125 0.7046875 0.06875 0.0796875
0 0.5921875 0.5375 0.04609375 0.0609375
0 0.71328125 0.0640625 0.01640625 0.0234375
0 0.9671875 0.81796875 0.059375 0.0859375
0 0.9875 0.50703125 0.0234375 0.06640625
0 0.23984375 0.4171875 0.04375 0.0609375
0 0.6890625 0.11640625 0.0203125 0.0296875
0 0.8046875 0.0171875 0.0171875 0.02109375
0 0.728125 0.096875 0.021875 0.021875
0 0.6359375 0.084375 0.0171875 0.02578125
0 0.971875 0.0125 0.02421875 0.025
0 0.26796875 0.4875 0.04765625 0.05625
0 0.74453125 0.05546875 0.01640625 0.025
0 0.7984375 0.16953125 0.02734375 0.0390625
0 0.9296875 0.00625 0.021875 0.01171875
0 0.821875 0.009375 0.01875 0.01875
0 0.58046875 0.09921875 0.01875 0.0234375
0 0.4671875 0.1953125 0.01953125 0.02890625
0 0.63984375 0.05703125 0.015625 0.01796875
0 0.9046875 0.1046875 0.025 0.0296875
0 0.9921875 0.05625 0.0140625 0.025
0 0.6734375 0.08203125 0.0171875 0.02109375