0 0.6109375 0.60078125 0.05546875 0.0890625
0 0.46484375 0.45078125 0.028125 0.046875
0 0.846875 0.64296875 0.0765625 0.134375
0 0.4578125 0.7234375 0.0734375 0.1296875
0 0.47421875 0.54453125 0.046875 0.0828125
0 0.1109375 0.49296875 0.04140625 0.06484375
0 0.70859375 0.584375 0.05234375 0.0875
0 0.40703125 0.5234375 0.03828125 0.07109375
0 0.29140625 0.7296875 0.0703125 0.11796875
0 0.09609375 0.6875 0.08828125 0.15078125
0 0.23515625 0.67734375 0.05234375 0.11328125
0 0.3140625 0.48203125 0.03984375 0.0453125
0 0.753125 0.471875 0.03203125 0.05625
0 0.934375 0.73984375 0.06171875 0.1359375
0 0.18203125 0.5078125 0.04765625 0.07578125
0 0.28046875 0.37734375 0.01796875 0.03046875
0 0.38203125 0.6359375 0.059375 0.09375
0 0.6515625 0.46171875 0.03203125 0.05625
0 0.2953125 0.55625 0.04765625 0.08125
0 0.90546875 0.55859375 0.05625 0.1
0 0.38359375 0.40625 0.02265625 0.0421875
0 0.07265625 0.55234375 0.05234375 0.06171875
0 0.79375 0.49921875 0.03828125 0.05859375
0 0.2125 0.5890625 0.04921875 0.07578125
0 0.65 0.78203125 0.07890625 0.146875
0 0.321875 0.4015625 0.02109375 0.03359375
0 0.2796875 0.465625 0.03359375 0.05625
0 0.709375 0.48359375 0.046875 0.06328125
0 0.1203125 0.42734375 0.02578125 0.0359375
0 0.55546875 0.37421875 0.01484375 0.02578125
0 0.85078125 0.4109375 0.021875 0.03359375
0 0.05625 0.3921875 0.025 0.034375
0 0.4921875 0.4265625 0.021875 0.0375
0 0.04765625 0.4453125 0.028125 0.0515625
0 0.49609375 0.359375 0.01015625 0.01796875
0 0.5921875 0.38984375 0.02109375 0.03046875
0 0.95546875 0.3984375 0.01484375 0.02421875
0 0.76015625 0.55703125 0.03671875 0.06796875
0 0.60859375 0.465625 0.03671875 0.06015625
0 0.53046875 0.50625 0.03046875 0.05703125
0 0.3453125 0.37734375 0.01484375 0.01796875
0 0.4265625 0.3921875 0.01640625 0.02578125
0 0.31875 0.37109375 0.01171875 0.01640625
0 0.66640625 0.36640625 0.01015625 0.01640625
0 0.6453125 0.3921875 0.01328125 0.02265625
0 0.809375 0.3953125 0.01171875 0.01953125
0 0.53203125 0.36328125 0.0125 0.01953125
0 0.90625 0.36953125 0.01015625 0.01328125
0 0.7328125 0.42421875 0.02109375 0.02734375
0 0.23984375 0.3546875 0.01171875 0.01796875
0 0.20390625 0.36640625 0.01171875 0.01640625
0 0.2578125 0.35625 0.0125 0.01484375
0 0.69296875 0.37734375 0.01015625 0.01484375
0 0.21796875 0.3953125 0.02421875 0.034375
0 0.51796875 0.375 0.0125 0.02109375
0 0.459375 0.36796875 0.0125 0.01953125
0 0.44609375 0.3453125 0.01171875 0.01640625
0 0.403125 0.37890625 0.01328125 0.02109375
0 0.6046875 0.36484375 0.01015625 0.01640625
0 0.1734375 0.43671875 0.03203125 0.03359375
0 0.89140625 0.36640625 0.01171875 0.01328125
0 0.571875 0.36796875 0.01328125 0.01953125
0 0.70546875 0.36484375 0.009375 0.01328125
0 0.15625 0.39765625 0.02109375 0.02890625
0 0.73046875 0.36484375 0.01015625 0.01328125
0 0.07734375 0.4421875 0.028125 0.04375
0 0.4234375 0.44296875 0.02265625 0.046875
0 0.1078125 0.36640625 0.015625 0.01953125
0 0.3828125 0.36640625 0.01015625 0.01640625
0 0.61796875 0.37109375 0.01171875 0.01640625
0 0.51015625 0.40390625 0.01796875 0.02890625
0 0.0921875 0.353125 0.01484375 0.01796875
0 0.78984375 0.4015625 0.01328125 0.02421875
0 0.68125 0.36640625 0.009375 0.01328125
0 0.51875 0.35625 0.01015625 0.01484375
0 0.6453125 0.36640625 0.01171875 0.01328125
0 0.78359375 0.37578125 0.01171875 0.01796875
0 0.6328125 0.36640625 0.01015625 0.01328125
0 0.27109375 0.41953125 0.02734375 0.03203125
0 0.921875 0.4671875 0.015625 0.02265625
0 0.478125 0.36640625 0.01015625 0.01953125
0 0.81875 0.36640625 0.00859375 0.01328125
0 0.8546875 0.37890625 0.01171875 0.01484375
0 0.10703125 0.3921875 0.02265625 0.02890625
0 0.3671875 0.36953125 0.009375 0.01328125
0 0.5859375 0.359375 0.01015625 0.01484375
0 0.21796875 0.36484375 0.0125 0.01640625
0 0.81015625 0.42265625 0.021875 0.03046875
0 0.7421875 0.36796875 0.00859375 0.0109375
0 0.76484375 0.41875 0.015625 0.02421875
0 0.55234375 0.3453125 0.01015625 0.01328125
0 0.6734375 0.3921875 0.015625 0.02578125
0 0.7921875 0.35625 0.00859375 0.01171875
0 0.83203125 0.36640625 0.009375 0.0109375
0 0.76640625 0.36796875 0.01015625 0.0109375
0 0.4421875 0.36484375 0.01171875 0.01953125
0 0.928125 0.36640625 0.01015625 0.0109375
0 0.58046875 0.3453125 0.009375 0.0109375
0 0.5671875 0.35234375 0.01171875 0.01484375
0 0.8671875 0.37109375 0.009375 0.01328125
0 0.71796875 0.36953125 0.00859375 0.0109375
0 0.3546875 0.3546875 0.01015625 0.009375
0 0.90625 0.4171875 0.01484375 0.02109375
0 0.87890625 0.36953125 0.01171875 0.0109375
0 0.1421875 0.36484375 0.0125 0.01953125
0 0.18828125 0.37734375 0.015625 0.02421875
0 0.8046875 0.36640625 0.00859375 0.0109375
0 0.6546875 0.353125 0.00859375 0.01171875
0 0.76953125 0.3546875 0.00859375 0.009375
0 0.78125 0.3546875 0.00703125 0.009375
0 0.240625 0.39375 0.015625 0.02578125
0 0.29296875 0.353125 0.01171875 0.01484375
0 0.128125 0.39375 0.01796875 0.02578125
0 0.9171875 0.37890625 0.01171875 0.01484375
0 0.50859375 0.35625 0.009375 0.01484375
0 0.75546875 0.36953125 0.00859375 0.0109375
0 0.24453125 0.37109375 0.0125 0.01640625
0 0.04921875 0.36328125 0.01875 0.01953125
0 0.428125 0.35234375 0.01015625 0.01484375
0 0.23203125 0.36640625 0.01015625 0.01328125
0 0.88984375 0.3953125 0.0125 0.01640625
0 0.75625 0.3546875 0.00703125 0.009375
0 0.69375 0.3546875 0.00703125 0.009375
0 0.44453125 0.3875 0.01640625 0.02265625
0 0.90703125 0.3953125 0.01171875 0.01640625
0 0.5640625 0.43984375 0.03046875 0.0484375
0 0.68984375 0.39765625 0.01640625 0.02421875
0 0.9265625 0.40234375 0.01484375 0.01640625
0 0.640625 0.41796875 0.01875 0.02265625
0 0.61875 0.3546875 0.009375 0.01484375
0 0.84296875 0.36796875 0.00859375 0.0078125
0 0.26953125 0.353125 0.01171875 0.01484375
0 0.95625 0.37890625 0.01015625 0.01484375
0 0.39296875 0.35625 0.01015625 0.01171875
0 0.83203125 0.41796875 0.015625 0.02265625
0 0.71796875 0.35625 0.00703125 0.009375
0 0.71015625 0.4203125 0.02109375 0.02734375
0 0.74296875 0.35625 0.00625 0.009375
0 0.73046875 0.37734375 0.01171875 0.01171875
0 0.94765625 0.471875 0.015625 0.02578125
0 0.15625 0.353125 0.0125 0.01484375
0 0.92734375 0.44453125 0.01875 0.02578125
0 0.86953125 0.40625 0.015625 0.02421875
0 0.42265625 0.36953125 0.01328125 0.01640625
0 0.94296875 0.38046875 0.01015625 0.01484375
0 0.11953125 0.3453125 0.0125 0.01328125
0 0.140625 0.346875 0.01171875 0.01328125
0 0.3203125 0.353125 0.009375 0.01171875
0 0.259375 0.375 0.015625 0.02109375
0 0.94296875 0.36640625 0.009375 0.0109375
0 0.16953125 0.37265625 0.01640625 0.01953125