0 0.321875 0.10078125 0.01484375 0.021875
0 0.11171875 0.33828125 0.028125 0.04453125
0 0.38125 0.42578125 0.03828125 0.05703125
0 0.58515625 0.38125 0.034375 0.05078125
0 0.2359375 0.5875 0.05078125 0.08046875
0 0.16875 0.1265625 0.01640625 0.02578125
0 0.01875 0.6234375 0.0375 0.08046875
0 0.5671875 0.19375 0.021875 0.0328125
0 0.66015625 0.25 0.025 0.0390625
0 0.4640625 0.565625 0.04609375 0.06875
0 0.47265625 0.0796875 0.0140625 0.025
0 0.48984375 0.0796875 0.01484375 0.025
0 0.0921875 0.084375 0.01484375 0.01796875
0 0.45625 0.13203125 0.0171875 0.02734375
0 0.46015625 0.2265625 0.021875 0.03359375
0 0.4359375 0.31953125 0.028125 0.0453125
0 0.01796875 0.5 0.0359375 0.0703125
0 0.55234375 0.609375 0.05390625 0.078125
0 0.6203125 0.13046875 0.01640625 0.0234375
0 0.4234375 0.2859375 0.0234375 0.0328125
0 0.715625 0.44765625 0.0359375 0.0546875
0 0.3078125 0.2921875 0.0265625 0.04296875
0 0.1328125 0.51796875 0.040625 0.0625
0 0.30234375 0.08125 0.0125 0.01953125
0 0.64140625 0.2140625 0.021875 0.03515625
0 0.7140625 0.53828125 0.0453125 0.07421875
0 0.52109375 0.4984375 0.04375 0.06484375
0 0.315625 0.1546875 0.01875 0.0296875
0 0.0296875 0.240625 0.028125 0.03671875
0 0.0609375 0.33125 0.03125 0.0453125
0 0.2046875 0.2140625 0.021875 0.0328125
0 0.2953125 0.11640625 0.015625 0.021875
0 0.36171875 0.2171875 0.02265625 0.03671875
0 0.4203125 0.07890625 0.015625 0.021875
0 0.52890625 0.13046875 0.01484375 0.02578125
0 0.34296875 0.33046875 0.0265625 0.04453125
0 0.4859375 0.3296875 0.0296875 0.0484375
0 0.4890625 0.16328125 0.0171875 0.0296875
0 0.06875 0.85 0.09296875 0.16796875
0 0.7875 0.2125 0.0203125 0.03125
0 0.9171875 0.315625 0.0234375 0.03515625
0 0.54765625 0.27265625 0.02734375 0.04296875
0 0.196875 0.13828125 0.01875 0.02578125
0 0.77109375 0.240625 0.01875 0.02578125
0 0.946875 0.0875 0.01953125 0.0296875
0 0.3578125 0.13046875 0.0171875 0.02578125
0 0.64453125 0.5125 0.046875 0.0609375
0 0.5875 0.13125 0.01875 0.0296875
0 0.63125 0.1609375 0.0203125 0.0296875
0 0.453125 0.06640625 0.0140625 0.0234375
0 0.6828125 0.09296875 0.01640625 0.025
0 0.63203125 0.0546875 0.0140625 0.01796875
0 0.03203125 0.09375 0.0140625 0.01796875
0 0.2375 0.159375 0.01953125 0.0296875
0 0.50625 0.21640625 0.01875 0.03125
0 0.2078125 0.3109375 0.0328125 0.0453125
0 0.8421875 0.23671875 0.0234375 0.03671875
0 0.390625 0.25390625 0.025 0.03671875
0 0.64140625 0.61796875 0.0484375 0.0765625
0 0.07421875 0.09140625 0.0140625 0.02109375
0 0.20859375 0.05078125 0.0125 0.01796875
0 0.60625 0.0265625 0.0125 0.021875
0 0.18828125 0.0609375 0.0140625 0.01796875
0 0.2953125 0.03203125 0.0140625 0.0171875
0 0.70859375 0.03203125 0.0125 0.01953125
0 0.38984375 0.05390625 0.0140625 0.01953125
0 0.64453125 0.0171875 0.0140625 0.01953125
0 0.271875 0.08046875 0.0125 0.0234375
0 0.1640625 0.06640625 0.0140625 0.01796875
0 0.509375 0.053125 0.0140625 0.02109375
0 0.80390625 0.021875 0.01484375 0.02109375
0 0.29921875 0.23046875 0.02265625 0.03671875
0 0.05 0.0984375 0.0140625 0.01953125
0 0.68671875 0.25078125 0.02421875 0.0328125
0 0.58046875 0.02578125 0.0109375 0.01796875
0 0.1484375 0.0765625 0.0140625 0.01953125
0 0.82109375 0.1109375 0.01953125 0.02734375
0 0.36484375 0.0671875 0.0125 0.01953125
0 0.1078125 0.08046875 0.015625 0.01796875
0 0.5328125 0.04140625 0.0140625 0.02109375
0 0.25390625 0.14453125 0.015625 0.02578125
0 0.5609375 0.05 0.0140625 0.01953125
0 0.2140625 0.35546875 0.034375 0.04921875
0 0.69140625 0.05 0.0140625 0.01953125
0 0.4421875 0.04296875 0.0140625 0.01796875
0 0.73984375 0.16171875 0.0203125 0.03125
0 0.4609375 0.1921875 0.0171875 0.02734375
0 0.134375 0.07265625 0.0125 0.01796875
0 0.4171875 0.05 0.0140625 0.0171875
0 0.28046875 0.04140625 0.0140625 0.01796875
0 0.68046875 0.14375 0.01640625 0.02734375
0 0.2453125 0.0484375 0.0125 0.0171875
0 0.85390625 0.2828125 0.028125 0.04140625
0 0.55546875 0.10625 0.01484375 0.025
0 0.38203125 0.0171875 0.0140625 0.01796875
0 0.40703125 0.1640625 0.015625 0.0234375
0 0.07734375 0.159375 0.01875 0.025
0 0.22265625 0.05546875 0.0140625 0.0140625
0 0.578125 0.06875 0.0140625 0.0234375
0 0.728125 0.01328125 0.01171875 0.01796875
0 0.940625 0.56171875 0.04609375 0.0609375
0 0.965625 0.3375 0.02421875 0.0375
0 0.496875 0.0296875 0.0140625 0.01796875
0 0.21640625 0.13046875 0.01640625 0.0234375
0 0.76796875 0.0171875 0.01484375 0.01953125
0 0.6796875 0.02890625 0.0140625 0.02109375
0 0.31875 0.03203125 0.01171875 0.0171875
0 0.86640625 0.16953125 0.02265625 0.02578125
0 0.68046875 0.00625 0.0140625 0.01171875
0 0.2390625 0.0796875 0.0140625 0.02109375
0 0.82890625 0.3 0.0203125 0.0296875
0 0.903125 0.0828125 0.01875 0.021875
0 0.45546875 0.00703125 0.0125 0.0140625
0 0.52109375 0.35703125 0.0359375 0.06015625
0 0.371875 0.03203125 0.0140625 0.0171875
0 0.82734375 0.0125 0.0140625 0.01953125
0 0.0046875 0.19375 0.00859375 0.025
0 0.1375 0.1390625 0.0171875 0.025
0 0.94140625 0.21875 0.021875 0.03125
0 0.09453125 0.12421875 0.0171875 0.025
0 0.1203125 0.1015625 0.01640625 0.02109375
0 0.353125 0.0296875 0.0125 0.01796875
0 0.40546875 0.00625 0.0140625 0.01171875
0 0.171875 0.0953125 0.0140625 0.02109375
0 0.040625 0.1203125 0.015625 0.021875
0 0.60625 0.00625 0.0125 0.01171875
0 0.85859375 0.646875 0.0578125 0.0859375
0 0.77265625 0.3921875 0.0328125 0.04453125
0 0.42109375 0.1203125 0.01640625 0.021875
0 0.02109375 0.13046875 0.01484375 0.02109375
0 0.31875 0.125 0.01640625 0.02109375
0 0.5078125 0.2546875 0.02734375 0.0453125
0 0.665625 0.02578125 0.01171875 0.01796875
0 0.6953125 0.0296875 0.0140625 0.01796875
0 0.478125 0.01953125 0.0125 0.02109375
0 0.2484375 0.11953125 0.015625 0.0234375
0 0.715625 0.00703125 0.0140625 0.0140625
0 0.5546875 0.025 0.01171875 0.0171875
0 0.515625 0.03125 0.01171875 0.01796875
0 0.665625 0.0953125 0.015625 0.0234375
0 0.2484375 0.21953125 0.02421875 0.0328125
0 0.7484375 0.09375 0.015625 0.0234375
0 0.8890625 0.01875 0.0171875 0.025
0 0.97578125 0.6296875 0.0453125 0.0609375
0 0.515625 0.00625 0.01171875 0.01171875
0 0.9671875 0.38828125 0.0296875 0.0390625
0 0.2625 0.05625 0.0125 0.01953125
0 0.665625 0.00625 0.0125 0.0125
0 0.53984375 0.0609375 0.0140625 0.02109375
0 0.9859375 0.50625 0.025 0.03671875
0 0.92578125 0.3609375 0.0234375 0.0390625
0 0.53984375 0.01796875 0.01171875 0.01796875
0 0.778125 0.0640625 0.0125 0.02109375
0 0.8421875 0.00625 0.0140625 0.01171875
0 0.25859375 0.0890625 0.01484375 0.021875
0 0.765625 0.1234375 0.0171875 0.025
0 0.4328125 0.00625 0.0140625 0.01171875
0 0.146875 0.115625 0.01484375 0.02109375
0 0.59453125 0.06796875 0.01484375 0.0234375
0 0.73359375 0.190625 0.0171875 0.021875
0 0.4890625 0.05625 0.0140625 0.01953125
0 0.03984375 0.14921875 0.01953125 0.025
0 0.2703125 0.1234375 0.015625 0.025
0 0.9890625 0.7046875 0.0203125 0.07421875
0 0.590625 0.00625 0.0140625 0.01171875
0 0.6984375 0.21171875 0.0171875 0.025
0 0.103125 0.10078125 0.01640625 0.01953125
0 0.5015625 0.00625 0.0125 0.0125
0 0.1828125 0.2046875 0.0203125 0.0328125
0 0.85546875 0.02578125 0.0140625 0.01796875
0 0.4359375 0.10625 0.015625 0.025
0 0.840625 0.0375 0.0140625 0.01796875
0 0.0046875 0.11640625 0.00859375 0.01953125
0 0.74375 0.21953125 0.01875 0.0296875
0 0.95 0.50546875 0.0328125 0.03125
0 0.9359375 0.11796875 0.0171875 0.025
0 0.878125 0.30625 0.02265625 0.03515625
0 0.59609375 0.10703125 0.01484375 0.02109375
0 0.2046875 0.09296875 0.0140625 0.01953125
0 0.8828125 0.23125 0.015625 0.025
0 0.50703125 0.14296875 0.0171875 0.02578125
0 0.8703125 0.05703125 0.01484375 0.0234375
0 0.95859375 0.2671875 0.02421875 0.0296875
0 0.46953125 0.0453125 0.0125 0.01953125
0 0.6625 0.2125 0.01875 0.03125
0 0.5578125 0.00546875 0.0140625 0.01015625
0 0.8390625 0.08203125 0.01484375 0.02109375
0 0.74296875 0.009375 0.0140625 0.01875
0 0.0578125 0.12578125 0.01484375 0.01953125
0 0.353125 0.05625 0.0140625 0.0234375
0 0.87890625 0.0875 0.015625 0.01953125
0 0.3359375 0.034375 0.01171875 0.0171875
0 0.671875 0.065625 0.0140625 0.021875