0 0.2734375 0.2640625 0.03125 0.04453125
0 0.53984375 0.49921875 0.03828125 0.0609375
0 0.7796875 0.615625 0.04609375 0.07265625
0 0.46640625 0.16328125 0.0203125 0.0328125
0 0.14609375 0.06875 0.01640625 0.02109375
0 0.3515625 0.52421875 0.040625 0.06875
0 0.3796875 0.29296875 0.0296875 0.04921875
0 0.23125 0.228125 0.0296875 0.040625
0 0.38359375 0.1484375 0.01953125 0.03359375
0 0.35625 0.134375 0.01953125 0.0296875
0 0.0546875 0.09140625 0.0171875 0.02578125
0 0.37578125 0.2234375 0.02421875 0.03515625
0 0.04609375 0.1390625 0.01875 0.02578125
0 0.0140625 0.1421875 0.015625 0.02734375
0 0.253125 0.05703125 0.01640625 0.02578125
0 0.75390625 0.7125 0.0484375 0.08046875
0 0.4578125 0.1203125 0.01953125 0.0296875
0 0.6515625 0.19375 0.02734375 0.04140625
0 0.134375 0.04453125 0.01640625 0.0234375
0 0.4265625 0.1859375 0.02265625 0.03515625
0 0.50234375 0.1515625 0.01875 0.0328125
0 0.2171875 0.08671875 0.01953125 0.025
0 0.096875 0.3859375 0.034375 0.0453125
0 0.2 0.17265625 0.02421875 0.03515625
0 0.975 0.209375 0.03203125 0.046875
0 0.30546875 0.16640625 0.02265625 0.03125
0 0.1796875 0.41875 0.0375 0.05625
0 0.93046875 0.76171875 0.05390625 0.0859375
0 0.35078125 0.03515625 0.01484375 0.02578125
0 0.05625 0.52578125 0.05859375 0.078125
0 0.32734375 0.24375 0.0296875 0.04296875
0 0.378125 0.03046875 0.01640625 0.025
0 0.0265625 0.08671875 0.01640625 0.025
0 0.06875 0.21796875 0.03203125 0.0375
0 0.2046875 0.13671875 0.0234375 0.02578125
0 0.0265625 0.11796875 0.0171875 0.025
0 0.334375 0.03125 0.0125 0.0234375
0 0.69375 0.09296875 0.0203125 0.0296875
0 0.059375 0.28203125 0.0296875 0.040625
0 0.16015625 0.20703125 0.02734375 0.0390625
0 0.8578125 0.14296875 0.02734375 0.03671875
0 0.78203125 0.15 0.0234375 0.03671875
0 0.10625 0.084375 0.0171875 0.02578125
0 0.39375 0.08203125 0.0171875 0.0234375
0 0.09453125 0.1625 0.025 0.03359375
0 0.87421875 0.0875 0.0203125 0.03125
0 0.31328125 0.0796875 0.0203125 0.02890625
0 0.2453125 0.0328125 0.01640625 0.02109375
0 0.1859375 0.05546875 0.0171875 0.025
0 0.73359375 0.0796875 0.0203125 0.02890625
0 0.03203125 0.0171875 0.01484375 0.01796875
0 0.278125 0.01640625 0.0125 0.021875
0 0.15390625 0.1703125 0.02265625 0.02734375
0 0.0640625 0.046875 0.01484375 0.02109375
0 0.2734375 0.1484375 0.0234375 0.03125
0 0.14140625 0.103125 0.0171875 0.02734375
0 0.075 0.13515625 0.01875 0.02578125
0 0.1734375 0.14375 0.01953125 0.0296875
0 0.58359375 0.025 0.01640625 0.0234375
0 0.5796875 0.30625 0.03125 0.0484375
0 0.4015625 0.10546875 0.01875 0.02578125
0 0.29453125 0.0265625 0.01484375 0.021875
0 0.1265625 0.01953125 0.01484375 0.02109375
0 0.446875 0.6921875 0.090625 0.1234375
0 0.31875 0.19453125 0.0265625 0.0328125
0 0.6234375 0.0328125 0.0171875 0.0234375
0 0.040625 0.34140625 0.03203125 0.04453125
0 0.171875 0.0765625 0.0171875 0.0234375
0 0.09453125 0.0390625 0.01484375 0.02109375
0 0.35625 0.09765625 0.01875 0.02578125
0 0.22578125 0.04140625 0.01484375 0.02109375
0 0.1390625 0.01015625 0.015625 0.0203125
0 0.50625 0.1875 0.01875 0.03125
0 0.3296875 0.00625 0.0140625 0.01171875
0 0.48125 0.03828125 0.0171875 0.0296875
0 0.0515625 0.18515625 0.0234375 0.03125
0 0.7328125 0.1859375 0.021875 0.03515625
0 0.7125 0.4390625 0.0765625 0.09921875
0 0.034375 0.45078125 0.0625 0.0703125
0 0.15703125 0.0109375 0.01484375 0.01953125
0 0.20546875 0.0375 0.01640625 0.02109375
0 0.1546875 0.03046875 0.015625 0.01953125
0 0.071875 0.06875 0.0171875 0.0234375
0 0.5890625 0.08203125 0.01953125 0.02890625
0 0.38828125 0.01015625 0.0140625 0.0203125
0 0.19375 0.01171875 0.01484375 0.01796875
0 0.50390625 0.02578125 0.015625 0.0234375
0 0.965625 0.0296875 0.0171875 0.02890625
0 0.21875 0.009375 0.015625 0.01875
0 0.22734375 0.13203125 0.0203125 0.0328125
0 0.0125 0.04765625 0.01953125 0.025
0 0.05078125 0.00625 0.0140625 0.0125
0 0.00390625 0.11796875 0.0078125 0.025
0 0.10625 0.0234375 0.01484375 0.01796875
0 0.12890625 0.29921875 0.03515625 0.04921875
0 0.05390625 0.0640625 0.01484375 0.01796875
0 0.9875 0.6359375 0.0234375 0.0765625
0 0.10234375 0.00625 0.0140625 0.0125
0 0.03828125 0.0421875 0.015625 0.025
0 0.321875 0.02421875 0.01484375 0.01953125
0 0.0046875 0.08203125 0.009375 0.02578125
0 0.05234375 0.025 0.01484375 0.01796875
0 0.0921875 0.0609375 0.01640625 0.0234375
0 0.08359375 0.00625 0.0125 0.01171875
0 0.2453125 0.00703125 0.015625 0.0140625
0 0.30234375 0.00625 0.0125 0.01171875
0 0.51640625 0.009375 0.0140625 0.01875
0 0.01875 0.20625 0.02421875 0.0328125
0 0.10859375 0.05546875 0.01640625 0.025
0 0.31640625 0.04765625 0.015625 0.021875
0 0.79609375 0.02578125 0.01484375 0.0234375
0 0.2796875 0.04375 0.0140625 0.01953125
0 0.54765625 0.00625 0.01484375 0.01171875
0 0.1703125 0.02421875 0.01484375 0.01953125
0 0.215625 0.06328125 0.01484375 0.01953125
0 0.2 0.07578125 0.015625 0.0234375
0 0.02578125 0.25625 0.028125 0.04296875
0 0.5609375 0.0421875 0.01640625 0.025
0 0.84453125 0.2015625 0.0265625 0.04140625
0 0.2625 0.0109375 0.01484375 0.01953125
0 0.721875 0.134375 0.01875 0.02734375
0 0.19140625 0.10625 0.01953125 0.0296875
0 0.48203125 0.00625 0.0140625 0.0125
0 0.57734375 0.04921875 0.0171875 0.02578125
0 0.8703125 0.68515625 0.05625 0.078125
0 0.01328125 0.3953125 0.0265625 0.0453125
0 0.00625 0.01875 0.0125 0.01953125
0 0.071875 0.33828125 0.03125 0.04453125
0 0.33359375 0.08125 0.01640625 0.02734375
0 0.01796875 0.0078125 0.01484375 0.015625
0 0.0140625 0.81015625 0.02734375 0.1015625
0 0.2625 0.0375 0.01640625 0.01953125