0 0.13046875 0.1421875 0.0203125 0.0328125
0 0.16875 0.13203125 0.0234375 0.03515625
0 0.975 0.68515625 0.0484375 0.08359375
0 0.88125 0.64453125 0.05390625 0.07578125
0 0.6171875 0.05390625 0.0171875 0.02734375
0 0.9640625 0.36015625 0.02734375 0.05078125
0 0.7734375 0.51796875 0.0546875 0.07578125
0 0.4921875 0.034375 0.01953125 0.025
0 0.159375 0.06171875 0.01640625 0.025
0 0.56640625 0.41328125 0.0375 0.053125
0 0.7171875 0.32421875 0.0359375 0.0546875
0 0.3109375 0.0375 0.0171875 0.02578125
0 0.334375 0.146875 0.02421875 0.03671875
0 0.27734375 0.04375 0.0171875 0.0296875
0 0.165625 0.01640625 0.01484375 0.021875
0 0.01484375 0.02578125 0.01640625 0.0234375
0 0.1046875 0.1 0.0171875 0.02890625
0 0.23984375 0.03671875 0.01875 0.02578125
0 0.58671875 0.0546875 0.01640625 0.02578125
0 0.07890625 0.0203125 0.015625 0.01953125
0 0.2171875 0.03046875 0.01640625 0.025
0 0.05390625 0.03515625 0.01640625 0.0234375
0 0.3390625 0.41640625 0.03984375 0.0546875
0 0.190625 0.02578125 0.01484375 0.02109375
0 0.45625 0.5359375 0.01953125 0.03515625
0 0.06875 0.6484375 0.07109375 0.09921875
0 0.62578125 0.6390625 0.0640625 0.084375
0 0.1234375 0.0984375 0.021875 0.0328125
0 0.2046875 0.009375 0.015625 0.01875
0 0.353125 0.00625 0.01640625 0.01171875
0 0.1640625 0.796875 0.015625 0.01796875
0 0.30703125 0.00625 0.01640625 0.01171875
0 0.09296875 0.98515625 0.01484375 0.021875