0 0.41875 0.01640625 0.02421875 0.0328125
0 0.45703125 0.01875 0.0234375 0.0375
0 0.85078125 0.046875 0.0296875 0.046875
0 0.48515625 0.19921875 0.03046875 0.04921875
0 0.93828125 0.02109375 0.03203125 0.04140625
0 0.65546875 0.10703125 0.0328125 0.05234375
0 0.2 0.10078125 0.03046875 0.0453125
0 0.75703125 0.29921875 0.0375 0.05703125
0 0.53515625 0.2796875 0.0328125 0.0546875
0 0.646875 0.0546875 0.03046875 0.04140625
0 0.61796875 0.18125 0.03203125 0.05078125
0 0.415625 0.096875 0.025 0.04296875
0 0.2875 0.49375 0.05 0.08046875
0 0.7171875 0.02265625 0.03046875 0.0453125
0 0.55234375 0.4234375 0.0421875 0.06796875
0 0.353125 0.115625 0.0265625 0.04453125
0 0.17734375 0.0578125 0.028125 0.040625
0 0.3875 0.15 0.0328125 0.04921875
0 0.56328125 0.19921875 0.028125 0.04453125
0 0.79765625 0.04140625 0.0328125 0.0546875
0 0.821875 0.2125 0.034375 0.05625
0 0.8109375 0.1390625 0.0296875 0.046875
0 0.11171875 0.15 0.0359375 0.0484375
0 0.8640625 0.209375 0.0296875 0.046875
0 0.11875 0.0890625 0.03203125 0.0484375
0 0.16328125 0.13125 0.03125 0.04296875
0 0.2421875 0.05390625 0.025 0.040625
0 0.09921875 0.1953125 0.03828125 0.05703125
0 0.43046875 0.20078125 0.034375 0.05703125
0 0.64296875 0.30625 0.03828125 0.0625
0 0.07734375 0.48671875 0.0578125 0.08046875
0 0.06328125 0.3 0.04765625 0.06875
0 0.484375 0.1109375 0.03125 0.0484375
0 0.21640625 0.06171875 0.028125 0.04296875
0 0.228125 0.1734375 0.0328125 0.0484375
0 0.36484375 0.025 0.028125 0.0453125
0 0.39609375 0.2078125 0.03203125 0.05078125
0 0.18828125 0.6328125 0.06328125 0.08828125
0 0.44140625 0.375 0.0484375 0.07265625
0 0.04765625 0.1984375 0.0359375 0.05078125
0 0.51484375 0.1671875 0.028125 0.0484375
0 0.384375 0.10546875 0.03125 0.0390625
0 0.0171875 0.12421875 0.034375 0.05625
0 0.54609375 0.01953125 0.025 0.0390625
0 0.35234375 0.5609375 0.0578125 0.08828125
0 0.175 0.7328125 0.07734375 0.09765625
0 0.9890625 0.01953125 0.01953125 0.0390625
0 0.16328125 0.1921875 0.040625 0.0640625
0 0.3109375 0.053125 0.025 0.0390625
0 0.92421875 0.0703125 0.034375 0.05234375
0 0.26640625 0.1609375 0.03046875 0.0328125
0 0.7171875 0.52265625 0.05859375 0.08984375
0 0.18828125 0.01953125 0.0265625 0.03359375
0 0.3109375 0.00703125 0.02421875 0.0140625
0 0.5890625 0.2625 0.0328125 0.05625
0 0.63984375 0.665625 0.05 0.084375
0 0.346875 0.16875 0.03046875 0.0484375
0 0.99140625 0.3390625 0.01484375 0.06640625
0 0.7046875 0.0828125 0.0328125 0.04296875
0 0.759375 0.00859375 0.0296875 0.0171875
0 0.01484375 0.23984375 0.0296875 0.0546875
0 0.22578125 0.0234375 0.02734375 0.02890625
0 0.6421875 0.01484375 0.0296875 0.0296875
0 0.7640625 0.20703125 0.03515625 0.04921875
0 0.0515625 0.15390625 0.0375 0.046875
0 0.7 0.1875 0.0359375 0.05703125
0 0.48125 0.05625 0.03203125 0.04921875
0 0.2765625 0.07421875 0.025 0.0390625
0 0.13203125 0.36171875 0.0546875 0.06796875
0 0.2671875 0.00703125 0.02734375 0.0140625
0 0.575 0.01953125 0.025 0.0390625
0 0.509375 0.0484375 0.025 0.04296875
0 0.1765625 0.440625 0.0609375 0.0875
0 0.04765625 0.6 0.0578125 0.09609375
0 0.49140625 0.0140625 0.0234375 0.028125
0 0.26796875 0.1984375 0.03828125 0.0484375
0 0.0171875 0.50625 0.034375 0.06875
0 0.0484375 0.8203125 0.0609375 0.08828125