0 0.8375 0.26953125 0.0359375 0.06171875
0 0.846875 0.36484375 0.0453125 0.0734375
0 0.34453125 0.51015625 0.06953125 0.1125
0 0.98125 0.18359375 0.02421875 0.0421875
0 0.8875 0.19375 0.0265625 0.0453125
0 0.865625 0.1734375 0.01953125 0.03984375
0 0.9671875 0.425 0.0625 0.11875
0 0.6546875 0.2765625 0.0359375 0.0671875
0 0.884375 0.27578125 0.034375 0.06015625
0 0.91328125 0.2265625 0.0296875 0.03828125
0 0.8703125 0.671875 0.0953125 0.17578125
0 0.790625 0.32890625 0.0328125 0.06328125
0 0.56953125 0.30078125 0.05078125 0.08046875
0 0.378125 0.38984375 0.0515625 0.08046875
0 0.18828125 0.50390625 0.0578125 0.10546875
0 0.6140625 0.5 0.0765625 0.1359375
0 0.4234375 0.29453125 0.0453125 0.07578125
0 0.52109375 0.27265625 0.03046875 0.06171875
0 0.946875 0.19453125 0.03046875 0.05
0 0.93046875 0.271875 0.03984375 0.05703125
0 0.83671875 0.52421875 0.0671875 0.1171875
0 0.303125 0.346875 0.04765625 0.08203125
0 0.703125 0.3328125 0.0375 0.075
0 0.15703125 0.396875 0.03984375 0.0671875
0 0.65703125 0.20078125 0.01875 0.02890625
0 0.0765625 0.46796875 0.0640625 0.0984375
0 0.91875 0.1484375 0.01640625 0.025
0 0.834375 0.15078125 0.01484375 0.0265625
0 0.0390625 0.3890625 0.046875 0.071875
0 0.8078125 0.24453125 0.0296875 0.05546875
0 0.609375 0.18671875 0.01953125 0.03359375
0 0.18046875 0.321875 0.03203125 0.05546875
0 0.76640625 0.45 0.046875 0.0921875
0 0.78203125 0.20546875 0.021875 0.03671875
0 0.7015625 0.1875 0.0171875 0.03203125
0 0.96640625 0.1421875 0.01640625 0.0171875
0 0.9359375 0.1421875 0.01484375 0.0234375
0 0.146875 0.71875 0.07734375 0.1203125
0 0.68671875 0.25078125 0.03046875 0.05390625
0 0.978125 0.33203125 0.040625 0.040625
0 0.14765625 0.32109375 0.02265625 0.03671875
0 0.92890625 0.115625 0.009375 0.0171875
0 0.7515625 0.15234375 0.0171875 0.03203125
0 0.7234375 0.2015625 0.021875 0.03046875
0 0.74453125 0.12734375 0.0109375 0.01484375
0 0.7796875 0.12734375 0.01171875 0.0171875
0 0.89609375 0.15078125 0.01640625 0.0203125
0 0.7765625 0.15859375 0.015625 0.025
0 0.19453125 0.38984375 0.03515625 0.0671875
0 0.6640625 0.165625 0.015625 0.0234375
0 0.98046875 0.11640625 0.01171875 0.01640625
0 0.7 0.1578125 0.0140625 0.0203125
0 0.3390625 0.296875 0.03125 0.05390625
0 0.56953125 0.19453125 0.0171875 0.0265625
0 0.090625 0.29453125 0.0171875 0.02890625
0 0.73125 0.13046875 0.00859375 0.01484375
0 0.81328125 0.15625 0.01640625 0.025
0 0.10625 0.24453125 0.01171875 0.0171875
0 0.94140625 0.1125 0.01171875 0.0203125
0 0.58046875 0.2265625 0.0265625 0.03046875
0 0.6765625 0.13046875 0.01171875 0.0171875
0 0.728125 0.1578125 0.0140625 0.0234375
0 0.915625 0.1125 0.01171875 0.0171875
0 0.01484375 0.24375 0.0125 0.01640625
0 0.6046875 0.15234375 0.0140625 0.0171875
0 0.0890625 0.24375 0.0125 0.01875
0 0.990625 0.14140625 0.01484375 0.021875
0 0.34453125 0.20859375 0.0125 0.021875
0 0.12890625 0.29765625 0.01953125 0.03046875
0 0.6859375 0.171875 0.01484375 0.021875
0 0.71484375 0.140625 0.0140625 0.0171875
0 0.64375 0.15625 0.0140625 0.025
0 0.4921875 0.16640625 0.01171875 0.01640625
0 0.79609375 0.13046875 0.0109375 0.01484375
0 0.79609375 0.15625 0.01484375 0.025
0 0.8734375 0.12734375 0.0140625 0.0203125
0 0.915625 0.32890625 0.0375 0.06875
0 0.45390625 0.2265625 0.021875 0.025
0 0.9015625 0.1234375 0.01484375 0.01875
0 0.32734375 0.2484375 0.01875 0.025
0 0.753125 0.2015625 0.02421875 0.03984375
0 0.9578125 0.0921875 0.00859375 0.01171875
0 0.4296875 0.95 0.06640625 0.096875
0 0.54609375 0.18046875 0.0140625 0.0203125
0 0.203125 0.24375 0.0140625 0.01875
0 0.06953125 0.30546875 0.025 0.0421875
0 0.1421875 0.24296875 0.01171875 0.0171875
0 0.565625 0.16953125 0.0125 0.0171875
0 0.04296875 0.21484375 0.0078125 0.01484375
0 0.6671875 0.14140625 0.0109375 0.01328125
0 0.634375 0.184375 0.01484375 0.0265625
0 0.51484375 0.171875 0.0109375 0.01640625
0 0.24140625 0.2078125 0.009375 0.0171875
0 0.0609375 0.21171875 0.00859375 0.01328125
0 0.26796875 0.18046875 0.00859375 0.01171875
0 0.2546875 0.215625 0.009375 0.01640625
0 0.828125 0.12578125 0.01171875 0.01484375
0 0.00703125 0.26953125 0.0140625 0.0234375
0 0.24296875 0.18046875 0.00859375 0.01171875
0 0.06796875 0.2296875 0.0109375 0.01484375
0 0.14609375 0.18046875 0.00859375 0.01171875
0 0.84609375 0.171875 0.01484375 0.03046875
0 0.28203125 0.215625 0.01171875 0.01875
0 0.34296875 0.1671875 0.00703125 0.01171875
0 0.265625 0.29765625 0.0234375 0.03984375
0 0.503125 0.19140625 0.0125 0.01875
0 0.11796875 0.2546875 0.0140625 0.0171875
0 0.26640625 0.20390625 0.009375 0.01640625
0 0.9578125 0.11640625 0.01171875 0.01328125
0 0.1546875 0.21875 0.009375 0.01640625
0 0.03203125 0.24375 0.0109375 0.01640625
0 0.01171875 0.3359375 0.0234375 0.0421875
0 0.99453125 0.115625 0.00859375 0.0171875
0 0.8078125 0.13125 0.0109375 0.01640625
0 0.3953125 0.16953125 0.00859375 0.01484375
0 0.840625 0.12265625 0.0109375 0.01484375
0 0.05546875 0.25390625 0.0140625 0.01875
0 0.80390625 0.11640625 0.00859375 0.01015625
0 0.5921875 0.15546875 0.01171875 0.01484375
0 0.0171875 0.21796875 0.0078125 0.01171875
0 0.85859375 0.12734375 0.0109375 0.0171875
0 0.08046875 0.215625 0.00859375 0.01328125
0 0.353125 0.190625 0.0109375 0.0171875
0 0.23984375 0.28984375 0.02421875 0.03515625
0 0.61640625 0.290625 0.028125 0.06015625
0 0.20546875 0.190625 0.00859375 0.01484375
0 0.5296875 0.22265625 0.0171875 0.0203125
0 0.909375 0.1734375 0.0203125 0.03359375
0 0.75703125 0.1203125 0.009375 0.01484375
0 0.1109375 0.37578125 0.0453125 0.071875
0 0.02890625 0.26875 0.01484375 0.01875
0 0.01796875 0.29375 0.0203125 0.025
0 0.190625 0.2046875 0.00859375 0.01484375
0 0.13203125 0.18046875 0.0078125 0.01171875
0 0.03203125 0.21796875 0.00859375 0.01171875
0 0.14296875 0.215625 0.00859375 0.01328125
0 0.00546875 0.21796875 0.0109375 0.01484375
0 0.5296875 0.18359375 0.0125 0.021875
0 0.21171875 0.2125 0.0109375 0.0171875
0 0.42109375 0.23359375 0.01875 0.025
0 0.11171875 0.28515625 0.01484375 0.0234375
0 0.7671875 0.1296875 0.009375 0.01640625
0 0.15703125 0.19453125 0.00859375 0.01484375
0 0.94453125 0.09140625 0.0078125 0.01015625
0 0.2546875 0.1796875 0.00859375 0.01328125
0 0.38125 0.190625 0.0109375 0.0171875
0 0.38046875 0.165625 0.00703125 0.01484375
0 0.96796875 0.09453125 0.0078125 0.01015625
0 0.09296875 0.2046875 0.00703125 0.01171875
0 0.41875 0.165625 0.00859375 0.01484375
0 0.16875 0.23984375 0.01171875 0.0171875
0 0.2171875 0.33203125 0.0296875 0.04375
0 0.30234375 0.25859375 0.01875 0.03046875
0 0.93125 0.09453125 0.00703125 0.01015625
0 0.33359375 0.190625 0.0109375 0.01484375
0 0.228125 0.2078125 0.009375 0.0171875
0 0.315625 0.19453125 0.0109375 0.0171875
0 0.18671875 0.184375 0.00703125 0.01171875
0 0.53203125 0.15546875 0.009375 0.01484375
0 0.1046875 0.21875 0.009375 0.01328125
0 0.11796875 0.215625 0.00859375 0.01328125
0 0.81875 0.10625 0.00703125 0.01015625
0 0.96953125 0.115625 0.009375 0.01484375
0 0.16796875 0.19140625 0.0078125 0.01328125
0 0.69140625 0.13046875 0.009375 0.0171875
0 0.28203125 0.1796875 0.00859375 0.01328125
0 0.1125 0.18671875 0.00703125 0.01015625
0 0.65703125 0.13046875 0.00859375 0.01484375
0 0.359375 0.24765625 0.0234375 0.03828125
0 0.45546875 0.18828125 0.0125 0.01875
0 0.30625 0.17734375 0.00703125 0.01171875
0 0.21953125 0.19453125 0.00859375 0.01484375
0 0.36875 0.1671875 0.00703125 0.01171875
0 0.98125 0.0921875 0.0078125 0.01171875
0 0.40390625 0.1546875 0.00859375 0.01328125
0 0.23203125 0.9484375 0.0984375 0.09921875
0 0.05546875 0.23046875 0.0109375 0.01328125
0 0.21953125 0.17734375 0.00859375 0.01171875
0 0.10625 0.2046875 0.0078125 0.01171875
0 0.171875 0.221875 0.009375 0.01640625
0 0.35625 0.16875 0.0078125 0.01328125
0 0.13125 0.2046875 0.00703125 0.01171875
0 0.18046875 0.2046875 0.00859375 0.01484375
0 0.4703125 0.1796875 0.0109375 0.01640625
0 0.88125 0.10625 0.00859375 0.01328125
0 0.13125 0.21796875 0.00859375 0.01484375
0 0.2328125 0.2328125 0.0140625 0.0203125
0 0.5046875 0.1546875 0.00859375 0.01328125
0 0.00625 0.19453125 0.0109375 0.01484375
0 0.99375 0.0921875 0.00703125 0.01171875
0 0.4875 0.21484375 0.0140625 0.0234375
0 0.6171875 0.14140625 0.009375 0.01640625
0 0.0921875 0.21796875 0.0078125 0.01171875
0 0.13359375 0.26875 0.01484375 0.021875
0 0.51796875 0.14453125 0.00703125 0.01015625
0 0.31796875 0.1796875 0.00703125 0.01328125
0 0.815625 0.1171875 0.00859375 0.01171875
0 0.89296875 0.10625 0.00859375 0.01015625
0 0.46171875 0.1625 0.00859375 0.01484375
0 0.56875 0.14453125 0.00859375 0.01015625
0 0.30625 0.19453125 0.0109375 0.0171875
0 0.54375 0.15546875 0.00859375 0.01484375
0 0.328125 0.16875 0.0078125 0.01015625
0 0.290625 0.19453125 0.009375 0.0171875
0 0.2953125 0.18046875 0.009375 0.01484375
0 0.86796875 0.10625 0.00859375 0.01015625
0 0.71171875 0.1125 0.00703125 0.01171875
0 0.43671875 0.1625 0.00703125 0.01484375
0 0.15625 0.18046875 0.0078125 0.01171875
0 0.84375 0.10546875 0.0078125 0.00859375
0 0.78671875 0.1125 0.00703125 0.01171875
0 0.03203125 0.19375 0.009375 0.01328125
0 0.75625 0.10546875 0.00703125 0.00859375
0 0.3671875 0.19375 0.009375 0.01640625
0 0.16875 0.26953125 0.01484375 0.0203125
0 0.1859375 0.23359375 0.01171875 0.01875
0 0.24140625 0.2578125 0.01640625 0.0234375
0 0.85625 0.1046875 0.0078125 0.01015625
0 0.83046875 0.10625 0.00703125 0.01015625
0 0.21953125 0.2328125 0.0109375 0.0171875
0 0.0703125 0.26875 0.015625 0.021875
0 0.55625 0.1421875 0.00703125 0.01171875
0 0.91875 0.09453125 0.0078125 0.01015625
0 0.1421875 0.19375 0.0078125 0.01015625
0 0.60546875 0.13046875 0.0078125 0.01171875
0 0.23046875 0.17734375 0.0078125 0.01171875
0 0.73671875 0.11171875 0.00703125 0.01015625
0 0.48125 0.1421875 0.0078125 0.01171875
0 0.25546875 0.19375 0.00703125 0.01328125
0 0.34453125 0.18359375 0.00859375 0.01328125
0 0.26171875 0.23359375 0.0140625 0.021875
0 0.1546875 0.240625 0.0109375 0.01640625
0 0.4921875 0.1453125 0.0078125 0.01484375
0 0.590625 0.1734375 0.0125 0.025
0 0.4046875 0.18046875 0.009375 0.01484375
0 0.73125 0.10546875 0.00703125 0.00859375
0 0.58046875 0.13046875 0.00703125 0.00859375
0 0.30703125 0.23046875 0.01640625 0.021875
0 0.78046875 0.10625 0.0078125 0.01015625
0 0.3703125 0.21875 0.0140625 0.01875
0 0.6421875 0.11953125 0.0078125 0.01015625
0 0.57890625 0.14453125 0.009375 0.01015625
0 0.56875 0.13046875 0.00703125 0.01171875
0 0.0109375 0.6203125 0.021875 0.10078125
0 0.23046875 0.19375 0.0078125 0.01328125
0 0.55546875 0.13125 0.00625 0.00703125
0 0.63125 0.21875 0.02421875 0.03359375
0 0.4671875 0.14453125 0.0078125 0.01015625
0 0.38359375 0.25078125 0.025 0.03984375
0 0.11640625 0.2328125 0.009375 0.01484375
0 0.7671875 0.10625 0.0078125 0.01015625