1 0.178125 0.85703125 0.31171875 0.28125
1 0.85390625 0.7625 0.278125 0.4703125
1 0.49921875 0.4984375 0.9984375 0.996875
1 0.04296875 0.68046875 0.0859375 0.5296875
1 0.58515625 0.55859375 0.05 0.071875
1 0.62421875 0.875 0.1171875 0.15546875
1 0.42421875 0.8546875 0.05390625 0.0859375
1 0.296875 0.6046875 0.05234375 0.06953125
1 0.65234375 0.70078125 0.05390625 0.06953125
1 0.56171875 0.48359375 0.0484375 0.0640625
1 0.63515625 0.45859375 0.04296875 0.05703125
1 0.44375 0.66015625 0.05234375 0.06953125
1 0.35234375 0.525 0.04140625 0.0671875
1 0.4453125 0.55703125 0.05 0.06953125
1 0.43828125 0.45859375 0.0375 0.06171875
1 0.3328125 0.7421875 0.04296875 0.0671875
1 0.91328125 0.37109375 0.04296875 0.0546875
1 0.9625 0.73359375 0.07109375 0.52734375
1 0.3890625 0.4953125 0.04296875 0.0640625
1 0.54375 0.434375 0.0390625 0.05234375
1 0.1296875 0.375 0.03515625 0.05234375
1 0.37578125 0.92578125 0.05390625 0.1
1 0.840625 0.425 0.04296875 0.05234375
1 0.2015625 0.65546875 0.07109375 0.121875
1 0.57109375 0.4046875 0.0375 0.0453125
1 0.66484375 0.38515625 0.0390625 0.05
1 0.525 0.73359375 0.0578125 0.08359375
1 0.33203125 0.68359375 0.05234375 0.0640625
1 0.2703125 0.07421875 0.02578125 0.03828125
1 0.52890625 0.36875 0.03515625 0.05
1 0.2390625 0.56171875 0.04453125 0.0640625
1 0.69765625 0.36171875 0.0375 0.0546875
1 0.78515625 0.44609375 0.04140625 0.05703125
1 0.8546875 0.37734375 0.04140625 0.04765625
1 0.65703125 0.74375 0.11953125 0.15546875
1 0.3375 0.3734375 0.0375 0.05
1 0.5140625 0.50390625 0.0390625 0.05234375
1 0.375 0.2015625 0.0296875 0.0453125
1 0.496875 0.6375 0.04296875 0.06171875
1 0.59140625 0.35234375 0.0375 0.05
1 0.9375 0.4703125 0.03515625 0.05234375
1 0.48203125 0.9140625 0.05 0.071875
1 0.74921875 0.540625 0.0390625 0.0546875
1 0.2390625 0.3546875 0.0375 0.05
1 0.2703125 0.4953125 0.04140625 0.0546875
1 0.51953125 0.690625 0.06171875 0.0640625
1 0.0875 0.40234375 0.04453125 0.06953125
1 0.378125 0.3578125 0.0390625 0.05703125
1 0.08203125 0.115625 0.0296875 0.040625
1 0.503125 0.846875 0.0578125 0.0765625
1 0.8375 0.47734375 0.04140625 0.05234375
1 0.11640625 0.62265625 0.05 0.0671875
1 0.9765625 0.48203125 0.0390625 0.05703125
1 0.20078125 0.63359375 0.05 0.07890625
1 0.15234375 0.475 0.04296875 0.06171875
1 0.1921875 0.52890625 0.04453125 0.06953125
1 0.31796875 0.45859375 0.0390625 0.06171875
1 0.2625 0.24609375 0.03203125 0.04296875
1 0.1796875 0.3234375 0.03203125 0.0453125
1 0.1375 0.57734375 0.046875 0.05234375
1 0.17421875 0.4046875 0.0390625 0.05
1 0.40546875 0.06171875 0.028125 0.03359375
1 0.6734375 0.54140625 0.03359375 0.05234375
1 0.64375 0.6578125 0.0484375 0.0546875
1 0.359375 0.45 0.04296875 0.0640625
1 0.73359375 0.44296875 0.03359375 0.05
1 0.871875 0.475 0.0390625 0.05234375
1 0.1890625 0.45 0.0390625 0.0453125
1 0.14375 0.55 0.05234375 0.0546875
1 0.1734375 0.11328125 0.0296875 0.040625
1 0.40546875 0.66328125 0.046875 0.071875
1 0.1234375 0.50234375 0.04453125 0.0546875
1 0.71171875 0.90234375 0.0390625 0.08125
1 0.97109375 0.38515625 0.03515625 0.0546875
1 0.36015625 0.6578125 0.04453125 0.059375
1 0.23984375 0.48359375 0.0390625 0.0546875
1 0.80703125 0.51171875 0.0390625 0.0453125
1 0.625 0.39375 0.0375 0.03828125
1 0.05859375 0.14921875 0.03203125 0.05