0 0.72890625 0.21015625 0.02265625 0.0359375
0 0.27578125 0.32734375 0.02109375 0.0359375
0 0.75390625 0.2296875 0.01875 0.0359375
0 0.31796875 0.28671875 0.02109375 0.03359375
0 0.30859375 0.1890625 0.01875 0.028125
0 0.11484375 0.371875 0.02109375 0.0359375
0 0.1890625 0.6796875 0.03125 0.04453125
0 0.89921875 0.9078125 0.03359375 0.05546875
0 0.25234375 0.296875 0.02265625 0.0359375
0 0.96953125 0.371875 0.02265625 0.0359375
0 0.87265625 0.78515625 0.03359375 0.05
0 0.17578125 0.5796875 0.02890625 0.04453125
0 0.17578125 0.18515625 0.02109375 0.03046875
0 0.30546875 0.34140625 0.02109375 0.03046875
0 0.04296875 0.28671875 0.02265625 0.03359375
0 0.68125 0.21015625 0.02265625 0.0359375
0 0.97109375 0.240625 0.02890625 0.04140625
0 0.5625 0.39296875 0.025 0.0390625
0 0.86484375 0.40234375 0.02265625 0.0359375
0 0.34296875 0.321875 0.02109375 0.0359375
0 0.45 0.58359375 0.02890625 0.04140625
0 0.70625 0.3625 0.02265625 0.0390625
0 0.3578125 0.22109375 0.02109375 0.03046875
0 0.209375 0.26015625 0.02109375 0.0359375
0 0.440625 0.36796875 0.02265625 0.03359375
0 0.13359375 0.30234375 0.025 0.04140625
0 0.6015625 0.33125 0.02265625 0.0390625
0 0.05625 0.50859375 0.02890625 0.04140625
0 0.1890625 0.3828125 0.02265625 0.0359375
0 0.15234375 0.22109375 0.02109375 0.0359375
0 0.3453125 0.08359375 0.02109375 0.028125
0 0.85703125 0.2671875 0.02265625 0.03359375
0 0.409375 0.28671875 0.02265625 0.03359375
0 0.3921875 0.15078125 0.01875 0.02265625
0 0.221875 0.4625 0.025 0.0390625
0 0.53125 0.23125 0.02109375 0.03359375
0 0.50625 0.1796875 0.02109375 0.03046875
0 0.66875 0.3328125 0.02265625 0.0359375
0 0.40546875 0.72578125 0.02890625 0.04765625
0 0.47265625 0.296875 0.02109375 0.0359375
0 0.98046875 0.51796875 0.03125 0.04453125
0 0.71640625 0.26015625 0.02265625 0.0359375
0 0.5890625 0.871875 0.03125 0.05546875
0 0.50234375 0.4390625 0.025 0.0359375
0 0.23515625 0.42734375 0.02265625 0.0359375
0 0.315625 0.22578125 0.02109375 0.03359375
0 0.5515625 0.30234375 0.02265625 0.0359375
0 0.4640625 0.14921875 0.02109375 0.03046875
0 0.62421875 0.27734375 0.02265625 0.0359375
0 0.21328125 0.34140625 0.02109375 0.0359375
0 0.03984375 0.0796875 0.02109375 0.03046875
0 0.0390625 0.4078125 0.02265625 0.04140625
0 0.59921875 0.29140625 0.02265625 0.03046875
0 0.3078125 0.14609375 0.01640625 0.03046875
0 0.6046875 0.5390625 0.02890625 0.04140625
0 0.80625 0.45390625 0.02734375 0.0390625
0 0.8109375 0.25234375 0.02265625 0.0359375
0 0.51484375 0.29140625 0.02109375 0.03046875
0 0.7984375 0.31171875 0.02265625 0.03359375
0 0.09921875 0.28125 0.02265625 0.03359375
0 0.28125 0.065625 0.01875 0.025
0 0.9125 0.42734375 0.02890625 0.04765625
0 0.15234375 0.10859375 0.02109375 0.028125
0 0.33046875 0.503125 0.02890625 0.04140625
0 0.88671875 0.47890625 0.02890625 0.05
0 0.33359375 0.16015625 0.01875 0.03046875
0 0.203125 0.065625 0.02109375 0.03046875
0 0.40703125 0.5890625 0.03125 0.04765625
0 0.25 0.22109375 0.01875 0.03046875
0 0.4265625 0.46953125 0.02109375 0.0359375
0 0.434375 0.165625 0.01875 0.03046875
0 0.253125 0.50390625 0.03359375 0.04453125
0 0.47734375 0.52890625 0.025 0.0390625
0 0.0859375 0.321875 0.02109375 0.0359375
0 0.86484375 0.8625 0.03125 0.053125
0 0.38671875 0.271875 0.02109375 0.03046875
0 0.30546875 0.065625 0.02109375 0.03046875
0 0.696875 0.73515625 0.025 0.04453125
0 0.796875 0.4125 0.025 0.0390625
0 0.4140625 0.38828125 0.025 0.03046875
0 0.42265625 0.2046875 0.02109375 0.0359375
0 0.003125 0.090625 0.00625 0.01953125
0 0.3546875 0.371875 0.02265625 0.0359375
0 0.9140625 0.321875 0.02890625 0.0359375
0 0.71328125 0.4328125 0.02890625 0.04140625
0 0.6609375 0.271875 0.02109375 0.03046875
0 0.46328125 0.20078125 0.01875 0.028125
0 0.96875 0.41796875 0.02890625 0.0390625
0 0.6359375 0.18515625 0.02109375 0.0359375
0 0.51796875 0.32734375 0.02265625 0.0359375
0 0.44140625 0.2453125 0.02109375 0.03359375
0 0.60390625 0.11015625 0.01875 0.03046875
0 0.55234375 0.58515625 0.025 0.0390625
0 0.6203125 0.21015625 0.01875 0.03046875
0 0.43125 0.1296875 0.01640625 0.025
0 0.2375 0.3484375 0.02265625 0.03359375
0 0.38984375 0.1796875 0.01875 0.03046875
0 0.5984375 0.4125 0.025 0.0390625
0 0.4515625 0.7453125 0.025 0.0359375
0 0.203125 0.03515625 0.02109375 0.025
0 0.6328125 0.396875 0.02265625 0.04140625
0 0.465625 0.23125 0.01875 0.03359375
0 0.57734375 0.509375 0.025 0.0390625
0 0.00859375 0.36796875 0.01640625 0.03359375
0 0.3375 0.45859375 0.02265625 0.0359375
0 0.21640625 0.6546875 0.03125 0.04453125
0 0.00625 0.4078125 0.0125 0.04140625
0 0.0734375 0.03515625 0.02109375 0.03046875
0 0.2828125 0.1296875 0.01640625 0.025
0 0.39609375 0.065625 0.01875 0.025
0 0.4046875 0.11015625 0.01484375 0.025
0 0.00625 0.50390625 0.0125 0.0390625
0 0.40703125 0.45234375 0.02265625 0.04140625
0 0.025 0.26171875 0.02109375 0.03359375
0 0.775 0.640625 0.03125 0.05
0 0.928125 0.715625 0.03125 0.0390625
0 0.98671875 0.321875 0.02265625 0.0359375
0 0.1765625 0.49296875 0.02734375 0.0390625
0 0.36015625 0.1546875 0.0125 0.025
0 0.76953125 0.49296875 0.02109375 0.0390625
0 0.38359375 0.52890625 0.02734375 0.03359375
0 0.60859375 0.140625 0.02109375 0.03046875
0 0.36484375 0.125 0.01875 0.028125
0 0.340625 0.190625 0.02109375 0.025
0 0.84609375 0.5546875 0.03125 0.0390625
0 0.340625 0.25625 0.02109375 0.03359375
0 0.10703125 0.08359375 0.02109375 0.028125
0 0.31484375 0.11953125 0.01875 0.02265625
0 0.5796875 0.33671875 0.02109375 0.03359375
0 0.9390625 0.5546875 0.02890625 0.0390625
0 0.16875 0.090625 0.01875 0.025
0 0.4515625 0.31640625 0.02109375 0.03046875
0 0.6328125 0.51953125 0.02265625 0.04140625
0 0.684375 0.4484375 0.02890625 0.04453125
0 0.828125 0.45859375 0.02109375 0.04140625