0 0.6890625 0.21796875 0.0109375 0.01953125
0 0.7421875 0.29921875 0.015625 0.02578125
0 0.13203125 0.57421875 0.03125 0.04453125
0 0.5796875 0.41328125 0.021875 0.0328125
0 0.246875 0.396875 0.0203125 0.02890625
0 0.13359375 0.325 0.0171875 0.025
0 0.52421875 0.4078125 0.02265625 0.03125
0 0.41875 0.3078125 0.01484375 0.021875
0 0.51171875 0.7984375 0.03125 0.046875
0 0.428125 0.4125 0.02421875 0.0328125
0 0.04375 0.3578125 0.0171875 0.021875
0 0.3875 0.73671875 0.03515625 0.05703125
0 0.81171875 0.4109375 0.0265625 0.0375
0 0.22265625 0.61015625 0.040625 0.053125
0 0.36796875 0.38125 0.0203125 0.0296875
0 0.471875 0.40703125 0.02421875 0.0328125
0 0.66875 0.234375 0.01171875 0.01796875
0 0.71796875 0.21796875 0.0125 0.01953125
0 0.99140625 0.31328125 0.01484375 0.02734375
0 0.2109375 0.3109375 0.015625 0.02109375
0 0.61328125 0.3203125 0.015625 0.0234375
0 0.16640625 0.37578125 0.01484375 0.025
0 0.76953125 0.20625 0.0140625 0.0140625
0 0.77421875 0.2921875 0.01640625 0.025
0 0.45625 0.30390625 0.01484375 0.021875
0 0.059375 0.41328125 0.01875 0.025
0 0.0859375 0.315625 0.0171875 0.021875
0 0.00703125 0.3625 0.0140625 0.025
0 0.56953125 0.91953125 0.01953125 0.02578125
0 0.546875 0.4359375 0.0171875 0.02734375
0 0.36328125 0.3421875 0.015625 0.021875
0 0.81953125 0.1953125 0.01171875 0.015625
0 0.8578125 0.446875 0.02734375 0.0375
0 0.31875 0.28203125 0.01484375 0.01953125
0 0.63125 0.21796875 0.0125 0.01953125
0 0.28828125 0.296875 0.01484375 0.0234375
0 0.796875 0.2 0.01171875 0.0171875
0 0.61796875 0.21875 0.0109375 0.01796875
0 0.3390625 0.26953125 0.01171875 0.01796875
0 0.7765625 0.42265625 0.021875 0.02734375
0 0.6296875 0.24140625 0.0140625 0.0171875
0 0.29375 0.234375 0.01171875 0.015625
0 0.51796875 0.23046875 0.00859375 0.01328125
0 0.853125 0.196875 0.0109375 0.0140625
0 0.31875 0.24375 0.0109375 0.0171875
0 0.1765625 0.31875 0.01484375 0.01953125
0 0.43125 0.8140625 0.01875 0.0234375
0 0.75703125 0.19375 0.01171875 0.01953125
0 0.88203125 0.16796875 0.009375 0.01328125
0 0.59453125 0.23125 0.009375 0.0140625
0 0.25703125 0.16953125 0.009375 0.01328125
0 0.53203125 0.2296875 0.00859375 0.0140625
0 0.49453125 0.2296875 0.00859375 0.0140625
0 0.95546875 0.2125 0.0109375 0.0140625
0 0.640625 0.28828125 0.0140625 0.021875
0 0.628125 0.30390625 0.0140625 0.01953125
0 0.94453125 0.18046875 0.009375 0.0140625
0 0.83359375 0.1828125 0.0109375 0.0140625
0 0.5578125 0.23046875 0.0109375 0.01328125
0 0.915625 0.2046875 0.0109375 0.0140625
0 0.90546875 0.16875 0.00703125 0.01171875
0 0.93125 0.1671875 0.00703125 0.01171875
0 0.34140625 0.3890625 0.01484375 0.021875
0 0.615625 0.2703125 0.01171875 0.0171875
0 0.5703125 0.24375 0.009375 0.0171875
0 0.54375 0.22890625 0.00859375 0.01328125
0 0.0046875 0.40703125 0.009375 0.025
0 0.2796875 0.16953125 0.009375 0.01328125
0 0.5609375 0.2984375 0.0125 0.02109375
0 0.34609375 0.234375 0.0125 0.015625
0 0.46953125 0.234375 0.00859375 0.01328125
0 0.44296875 0.21796875 0.0109375 0.01171875
0 0.02109375 0.4125 0.01640625 0.02109375
0 0.50625 0.21796875 0.00859375 0.01171875
0 0.91875 0.1671875 0.0078125 0.009375
0 0.91875 0.13046875 0.00703125 0.01015625
0 0.9953125 0.19453125 0.0078125 0.0171875
0 0.68046875 0.13203125 0.00703125 0.01171875
0 0.48125 0.21640625 0.0078125 0.01015625
0 0.25625 0.29296875 0.0125 0.01796875
0 0.74296875 0.1421875 0.00859375 0.01171875
0 0.5359375 0.21171875 0.00859375 0.01171875
0 0.66953125 0.21640625 0.0109375 0.015625
0 0.45546875 0.2171875 0.00859375 0.01015625
0 0.29375 0.2546875 0.0125 0.0171875
0 0.64609375 0.31640625 0.01484375 0.02109375
0 0.93203125 0.18125 0.00859375 0.01328125
0 0.5734375 0.3421875 0.01484375 0.0234375
0 0.4796875 0.240625 0.009375 0.01328125
0 0.3734375 0.2234375 0.00859375 0.0140625
0 0.24375 0.3078125 0.01484375 0.021875
0 0.4578125 0.2328125 0.00859375 0.01171875
0 0.36484375 0.2671875 0.0109375 0.0171875