0 0.57578125 0.1859375 0.034375 0.0609375
0 0.440625 0.30703125 0.04140625 0.0671875
0 0.52421875 0.2953125 0.03984375 0.0609375
0 0.815625 0.22109375 0.0375 0.05859375
0 0.753125 0.13203125 0.034375 0.05703125
0 0.8875 0.1890625 0.03984375 0.0640625
0 0.071875 0.421875 0.04375 0.07265625
0 0.68671875 0.17421875 0.03828125 0.0640625
0 0.45390625 0.021875 0.03203125 0.04296875
0 0.3046875 0.203125 0.034375 0.05703125
0 0.11328125 0.62109375 0.05546875 0.05859375
0 0.45390625 0.13671875 0.034375 0.05859375
0 0.85703125 0.4203125 0.05234375 0.06953125
0 0.653125 0.12265625 0.034375 0.05546875
0 0.01953125 0.26796875 0.034375 0.0625
0 0.10234375 0.09375 0.03046875 0.0484375
0 0.41875 0.0953125 0.028125 0.04140625
0 0.66484375 0.2546875 0.03828125 0.0515625
0 0.02734375 0.08515625 0.03046875 0.0484375
0 0.5921875 0.01796875 0.03125 0.0359375
0 0.278125 0.0265625 0.0296875 0.04296875
0 0.46484375 0.21953125 0.03046875 0.05859375
0 0.6453125 0.44609375 0.05234375 0.0796875
0 0.28671875 0.6 0.05546875 0.09375
0 0.196875 0.0828125 0.02734375 0.0453125
0 0.13125 0.490625 0.05234375 0.08828125
0 0.3859375 0.1109375 0.03203125 0.05546875
0 0.75234375 0.45 0.0515625 0.0796875
0 0.5234375 0.19140625 0.034375 0.05390625
0 0.38515625 0.0453125 0.03046875 0.0484375
0 0.69609375 0.04765625 0.03203125 0.05
0 0.6515625 0.6890625 0.05546875 0.078125
0 0.18671875 0.92734375 0.065625 0.11796875
0 0.71171875 0.6703125 0.05546875 0.08515625
0 0.19609375 0.51640625 0.05390625 0.09140625
0 0.4921875 0.134375 0.03203125 0.05
0 0.09296875 0.32578125 0.0375 0.0671875
0 0.89765625 0.26328125 0.03984375 0.0625
0 0.225 0.07109375 0.03046875 0.0515625
0 0.1453125 0.39453125 0.0453125 0.06953125
0 0.1890625 0.20390625 0.0375 0.0625
0 0.74921875 0.9390625 0.065625 0.10703125
0 0.815625 0.11640625 0.034375 0.05
0 0.825 0.07109375 0.03203125 0.04140625
0 0.2671875 0.07578125 0.03046875 0.0484375
0 0.915625 0.3484375 0.0421875 0.08125
0 0.40546875 0.42421875 0.04609375 0.07265625
0 0.0515625 0.6984375 0.059375 0.10234375
0 0.88046875 0.66171875 0.05625 0.09140625
0 0.48203125 0.54765625 0.0453125 0.0640625
0 0.88359375 0.03359375 0.034375 0.05390625
0 0.97734375 0.19140625 0.0375 0.05703125
0 0.64375 0.01796875 0.03125 0.0359375
0 0.6453125 0.57265625 0.05234375 0.0796875
0 0.42578125 0.1859375 0.0296875 0.03984375
0 0.78125 0.20390625 0.0375 0.065625
0 0.11328125 0.16015625 0.03203125 0.05703125
0 0.203125 0.6859375 0.06015625 0.10234375
0 0.79140625 0.64453125 0.05546875 0.09140625
0 0.559375 0.11953125 0.034375 0.0515625
0 0.02734375 0.1390625 0.03046875 0.046875
0 0.0375 0.19140625 0.034375 0.05703125
0 0.93359375 0.10546875 0.03828125 0.05546875
0 0.0484375 0.3609375 0.03828125 0.0609375
0 0.55546875 0.61953125 0.05546875 0.08984375
0 0.2953125 0.29140625 0.03359375 0.05703125
0 0.33671875 0.85234375 0.06640625 0.10546875
0 0.49609375 0.61953125 0.05 0.0796875
0 0.321875 0.07578125 0.03046875 0.0515625
0 0.06484375 0.1359375 0.0296875 0.05
0 0.05859375 0.29140625 0.03203125 0.05390625
0 0.68984375 0.83828125 0.065625 0.10546875
0 0.87734375 0.53046875 0.05546875 0.09140625
0 0.23828125 0.453125 0.0453125 0.07578125
0 0.0203125 0.478125 0.040625 0.08125
0 0.1765625 0.2921875 0.034375 0.05546875
0 0.4984375 0.7421875 0.0578125 0.10703125
0 0.81953125 0.3109375 0.04765625 0.07109375
0 0.9296875 0.87578125 0.065625 0.10703125
0 0.55546875 0.7546875 0.05390625 0.10390625
0 0.6875 0.10546875 0.034375 0.0515625
0 0.59609375 0.3890625 0.0453125 0.07578125
0 0.36171875 0.63046875 0.05546875 0.0984375
0 0.9546875 0.259375 0.04140625 0.0625
0 0.93359375 0.48671875 0.04140625 0.07421875
0 0.48515625 0.0796875 0.03046875 0.0453125
0 0.3578125 0.5109375 0.05 0.07421875
0 0.1140625 0.71328125 0.05625 0.0953125
0 0.2078125 0.35703125 0.04375 0.0671875
0 0.85625 0.95625 0.071875 0.08515625
0 0.559375 0.05078125 0.03203125 0.05390625
0 0.75703125 0.55859375 0.05 0.0796875
0 0.5953125 0.08125 0.03359375 0.05546875
0 0.56953125 0.26796875 0.0421875 0.065625
0 0.9546875 0.63203125 0.05625 0.0984375
0 0.36015625 0.440625 0.0453125 0.046875
0 0.52734375 0.0984375 0.02734375 0.0515625
0 0.415625 0.14296875 0.03046875 0.046875
0 0.10234375 0.83125 0.071875 0.07109375
0 0.4296875 0.7578125 0.06015625 0.10390625
0 0.778125 0.07109375 0.0359375 0.0515625
0 0.259375 0.16328125 0.03046875 0.05703125
0 0.39296875 0.35546875 0.04140625 0.05703125
0 0.59609375 0.48671875 0.0421875 0.0609375
0 0.15234375 0.1125 0.03203125 0.0484375
0 0.2953125 0.73046875 0.0484375 0.096875
0 0.95390625 0.01484375 0.03828125 0.0296875
0 0.1203125 0.92890625 0.06953125 0.10703125
0 0.66640625 0.33984375 0.0359375 0.05390625
0 0.40625 0.55703125 0.05 0.06953125
0 0.2140625 0.28984375 0.03046875 0.05
0 0.51953125 0.3734375 0.03828125 0.07578125
0 0.12734375 0.34140625 0.03203125 0.05
0 0.2828125 0.48046875 0.0453125 0.05703125
0 0.53125 0.959375 0.084375 0.078125
0 0.85078125 0.8 0.065625 0.0953125
0 0.36640625 0.0109375 0.0296875 0.021875
0 0.25546875 0.3609375 0.04140625 0.0640625
0 0.9265625 0.15625 0.03359375 0.05
0 0.196875 0.02265625 0.02734375 0.0453125
0 0.66171875 0.06484375 0.03203125 0.03671875
0 0.24609375 0.26796875 0.0375 0.065625
0 0.0234375 0.58046875 0.046875 0.0859375
0 0.22890625 0.134375 0.03203125 0.05390625
0 0.503125 0.0171875 0.03046875 0.034375
0 0.74609375 0.0109375 0.0296875 0.021875
0 0.703125 0.009375 0.03046875 0.01875
0 0.309375 0.43046875 0.04375 0.065625
0 0.9828125 0.95 0.03203125 0.096875
0 0.93984375 0.05 0.03828125 0.0453125
0 0.80390625 0.0265625 0.0296875 0.04296875
0 0.98125 0.35703125 0.034375 0.078125
0 0.72109375 0.1890625 0.0359375 0.05390625
0 0.77421875 0.36875 0.04609375 0.065625
0 0.98203125 0.12265625 0.03046875 0.05859375
0 0.63125 0.32578125 0.03359375 0.05703125
0 0.10703125 0.01953125 0.0328125 0.0390625
0 0.72890625 0.08984375 0.03359375 0.0515625
0 0.415625 0.25625 0.0359375 0.05546875
0 0.4234375 0.50625 0.04375 0.04296875
0 0.16171875 0.0078125 0.028125 0.015625
0 0.6421875 0.2109375 0.03828125 0.04140625
0 0.01015625 0.03515625 0.0203125 0.04296875
0 0.07265625 0.24765625 0.034375 0.03828125
0 0.9859375 0.48359375 0.02578125 0.08125
0 0.00625 0.16484375 0.0125 0.05390625
0 0.46484375 0.9375 0.059375 0.09375
0 0.89140625 0.46640625 0.04765625 0.03984375
0 0.1078125 0.265625 0.03046875 0.0296875
0 0.94453125 0.78984375 0.0640625 0.0640625
0 0.00625 0.9046875 0.0125 0.08671875
0 0.071875 0.58671875 0.04375 0.065625
0 0.98984375 0.75234375 0.01796875 0.096875
0 0.14765625 0.25078125 0.0359375 0.0453125
0 0.60625 0.2546875 0.03203125 0.0515625
0 0.728125 0.0421875 0.03203125 0.03984375
0 0.30546875 0.1546875 0.03046875 0.0328125