1 0.22578125 0.60625 0.0296875 0.053125
1 0.409375 0.578125 0.03125 0.05859375
1 0.0890625 0.62421875 0.0265625 0.0484375
1 0.58203125 0.65703125 0.03125 0.053125
1 0.590625 0.81328125 0.1015625 0.36484375
1 0.53984375 0.525 0.03203125 0.046875
1 0.81640625 0.57890625 0.0328125 0.0515625
1 0.8859375 0.6 0.034375 0.05859375
1 0.20625 0.90703125 0.03828125 0.0734375
1 0.3875 0.9140625 0.03828125 0.06015625
1 0.24765625 0.82421875 0.0359375 0.0546875
1 0.0890625 0.77734375 0.03515625 0.05703125
1 0.39765625 0.7109375 0.0578125 0.325
1 0.1671875 0.5765625 0.02734375 0.05
1 0.3 0.478125 0.0328125 0.05625
1 0.33984375 0.38359375 0.02734375 0.046875
1 0.23515625 0.6921875 0.09375 0.225
1 0.6140625 0.48125 0.0296875 0.04296875
1 0.83125 0.66875 0.03203125 0.0546875
1 0.64140625 0.39609375 0.028125 0.0484375
1 0.309375 0.721875 0.034375 0.053125
1 0.6796875 0.3484375 0.025 0.04375
1 0.74375 0.503125 0.03046875 0.053125
1 0.87265625 0.79609375 0.03828125 0.06015625
1 0.53671875 0.6546875 0.0828125 0.30625
1 0.478125 0.29765625 0.02421875 0.03671875
1 0.1671875 0.66640625 0.08984375 0.2296875
1 0.31328125 0.84609375 0.08125 0.3015625
1 0.965625 0.72265625 0.0375 0.05703125
1 0.6140625 0.59375 0.0828125 0.26640625
1 0.46015625 0.20703125 0.021875 0.04140625
1 0.78359375 0.54296875 0.028125 0.04375
1 0.14375 0.9109375 0.03515625 0.071875
1 0.3 0.2765625 0.02421875 0.04140625
1 0.95234375 0.5234375 0.03046875 0.05
1 0.1546875 0.3875 0.0296875 0.04296875
1 0.1 0.35546875 0.025 0.04296875
1 0.2796875 0.39296875 0.0234375 0.046875
1 0.39921875 0.94140625 0.1 0.11484375
1 0.79375 0.40625 0.028125 0.04375
1 0.38984375 0.4390625 0.028125 0.0484375
1 0.4421875 0.1421875 0.021875 0.03984375
1 0.75703125 0.38125 0.02421875 0.04375
1 0.34296875 0.78515625 0.0234375 0.06796875
1 0.378125 0.34375 0.02265625 0.04296875
1 0.415625 0.31484375 0.021875 0.03515625
1 0.765625 0.25546875 0.021875 0.03359375
1 0.35625 0.309375 0.0234375 0.04296875
1 0.1875 0.4921875 0.0296875 0.04296875
1 0.09140625 0.68828125 0.06328125 0.1765625
1 0.4796875 0.47109375 0.08515625 0.38359375
1 0.15546875 0.5265625 0.025 0.04375
1 0.375 0.403125 0.0296875 0.046875
1 0.5125 0.3265625 0.025 0.05
1 0.53828125 0.1578125 0.021875 0.03671875
1 0.16484375 0.3421875 0.0296875 0.0484375
1 0.2015625 0.93359375 0.0640625 0.1265625
1 0.9203125 0.7875 0.0375 0.0546875
1 0.39609375 0.1734375 0.02265625 0.03203125
1 0.615625 0.24296875 0.025 0.03828125
1 0.1015625 0.44296875 0.04296875 0.21796875
1 0.2359375 0.14375 0.0234375 0.03828125
1 0.5609375 0.25390625 0.02265625 0.04296875
1 0.753125 0.6671875 0.0875 0.29296875
1 0.475 0.11171875 0.05 0.18203125
1 0.41796875 0.41796875 0.05859375 0.24140625
1 0.0890625 0.83359375 0.06953125 0.18515625
1 0.8296875 0.80703125 0.0859375 0.34375
1 0.58671875 0.3265625 0.0515625 0.05859375
1 0.684375 0.24453125 0.02265625 0.03671875
1 0.7390625 0.209375 0.01953125 0.03671875
1 0.853125 0.259375 0.0234375 0.03671875
1 0.12109375 0.93671875 0.0796875 0.1203125
1 0.90625 0.2515625 0.01953125 0.03515625
1 0.21953125 0.246875 0.01953125 0.03203125
1 0.47109375 0.0375 0.0203125 0.03359375
1 0.68359375 0.46953125 0.0609375 0.28671875
1 0.2140625 0.46328125 0.0265625 0.04375
1 0.328125 0.175 0.04296875 0.1796875
1 0.28046875 0.45390625 0.025 0.03984375
1 0.73125 0.31953125 0.025 0.04296875
1 0.32890625 0.09921875 0.021875 0.03125
1 0.54453125 0.07578125 0.02265625 0.03359375
1 0.1640625 0.42734375 0.0625 0.121875
1 0.175 0.18828125 0.02265625 0.03828125
1 0.71015625 0.28359375 0.0234375 0.03828125
1 0.87421875 0.67421875 0.0625 0.20703125
1 0.2296875 0.409375 0.0578125 0.2015625
1 0.90703125 0.3203125 0.04609375 0.1703125
1 0.4640625 0.2546875 0.0546875 0.13515625
1 0.853125 0.328125 0.04375 0.1734375
1 0.3140625 0.3609375 0.05546875 0.21015625
1 0.87578125 0.1640625 0.02265625 0.03984375
1 0.8078125 0.6984375 0.07109375 0.29140625
1 0.44609375 0.221875 0.0484375 0.2
1 0.34296875 0.4609375 0.04375 0.2015625
1 0.11953125 0.86953125 0.03828125 0.06640625
1 0.5609375 0.34765625 0.0546875 0.228125
1 0.6609375 0.21953125 0.021875 0.03671875
1 0.940625 0.85078125 0.0359375 0.05703125
1 0.925 0.4859375 0.03203125 0.0546875
1 0.228125 0.33125 0.028125 0.04375
1 0.521875 0.428125 0.04609375 0.25
1 0.94765625 0.61484375 0.0578125 0.2296875
1 0.6359375 0.4609375 0.0546875 0.18125
1 0.53515625 0.24765625 0.05078125 0.21640625
1 0.97890625 0.75859375 0.0359375 0.05
1 0.5 0.49921875 0.9921875 0.98984375
1 0.39140625 0.24296875 0.0671875 0.1703125
1 0.30703125 0.6515625 0.034375 0.05625
1 0.8015625 0.47734375 0.06171875 0.18671875
1 0.3171875 0.54765625 0.0671875 0.1953125