0 0.20234375 0.48125 0.0234375 0.0328125
0 0.26484375 0.81953125 0.0421875 0.0640625
0 0.95703125 0.39296875 0.0171875 0.02578125
0 0.8109375 0.48046875 0.0265625 0.03671875
0 0.39375 0.46015625 0.0171875 0.0296875
0 0.634375 0.42890625 0.0234375 0.03515625
0 0.06640625 0.5171875 0.0296875 0.04296875
0 0.8609375 0.4984375 0.01953125 0.03125
0 0.409375 0.4828125 0.02265625 0.0328125
0 0.92578125 0.49375 0.02734375 0.0390625
0 0.4265625 0.44296875 0.021875 0.03671875
0 0.5234375 0.51015625 0.03125 0.04140625
0 0.7171875 0.3625 0.015625 0.025
0 0.753125 0.35625 0.01640625 0.025
0 0.68046875 0.41953125 0.02265625 0.03125
0 0.765625 0.32265625 0.0140625 0.02109375
0 0.34609375 0.4171875 0.01875 0.0296875
0 0.01484375 0.53828125 0.025 0.0375
0 0.79609375 0.31171875 0.01484375 0.01953125
0 0.81875 0.34921875 0.0203125 0.02578125
0 0.23125 0.4796875 0.01953125 0.0296875
0 0.2640625 0.47421875 0.0234375 0.03671875
0 0.7078125 0.33515625 0.0140625 0.021875
0 0.5265625 0.35078125 0.01484375 0.01953125
0 0.45546875 0.4984375 0.02421875 0.03671875
0 0.69375 0.26796875 0.00859375 0.01328125
0 0.56328125 0.29453125 0.0125 0.01796875
0 0.38203125 0.4296875 0.0171875 0.02578125
0 0.4984375 0.33515625 0.0140625 0.01953125
0 0.82734375 0.55625 0.02265625 0.0296875
0 0.340625 0.4515625 0.01875 0.0234375
0 0.884375 0.334375 0.015625 0.0234375
0 0.43046875 0.3921875 0.01484375 0.02109375
0 0.6046875 0.30625 0.009375 0.0171875
0 0.7703125 0.43203125 0.015625 0.0234375
0 0.175 0.965625 0.0671875 0.06640625
0 0.65546875 0.32578125 0.0140625 0.01796875
0 0.8328125 0.2453125 0.009375 0.0140625
0 0.66875 0.26796875 0.0078125 0.01328125
0 0.2921875 0.475 0.01484375 0.01953125
0 0.51484375 0.4765625 0.01875 0.0234375
0 0.83046875 0.290625 0.0109375 0.0140625
0 0.81953125 0.19296875 0.00625 0.0078125
0 0.98046875 0.21796875 0.0078125 0.01171875
0 0.68046875 0.1796875 0.00625 0.0078125
0 0.8953125 0.2875 0.01171875 0.01953125
0 0.50703125 0.36328125 0.01484375 0.02109375
0 0.64609375 0.2796875 0.0109375 0.01328125
0 0.99296875 0.21796875 0.00859375 0.01171875
0 0.94375 0.2296875 0.00703125 0.01171875
0 0.4859375 0.18671875 0.00625 0.01171875
0 0.89375 0.22890625 0.00703125 0.01015625
0 0.4015625 0.43125 0.01640625 0.01953125
0 0.6796875 0.26875 0.0078125 0.01171875
0 0.65703125 0.26875 0.009375 0.01171875
0 0.79375 0.19296875 0.00703125 0.0078125
0 0.50625 0.1796875 0.00625 0.0078125
0 0.4546875 0.4234375 0.015625 0.02109375
0 0.9671875 0.23046875 0.00859375 0.01328125
0 0.80234375 0.26796875 0.0109375 0.01328125