1 0.3515625 0.3734375 0.075 0.10546875
1 0.41015625 0.47734375 0.0625 0.103125
1 0.28984375 0.6765625 0.07734375 0.11171875
1 0.5640625 0.55703125 0.0734375 0.11171875
1 0.3515625 0.78515625 0.0796875 0.13359375
1 0.52578125 0.8359375 0.18203125 0.3234375
1 0.21015625 0.78125 0.0734375 0.125
1 0.50859375 0.7328125 0.075 0.1171875
1 0.15078125 0.525 0.05859375 0.08671875
1 0.2 0.38125 0.0609375 0.10546875
1 0.04609375 0.46796875 0.05859375 0.1
1 0.38046875 0.859375 0.18828125 0.27578125
1 0.25234375 0.51640625 0.06484375 0.10859375
1 0.82109375 0.73984375 0.06875 0.10859375
1 0.3203125 0.26015625 0.04609375 0.075
1 0.48828125 0.42734375 0.06484375 0.103125
1 0.41015625 0.575 0.15078125 0.2984375
1 0.68515625 0.7921875 0.1609375 0.409375
1 0.66328125 0.2421875 0.05859375 0.08359375
1 0.72578125 0.3859375 0.05859375 0.103125
1 0.8109375 0.35625 0.05625 0.09453125
1 0.41875 0.2015625 0.04609375 0.08046875
1 0.809375 0.83984375 0.159375 0.31484375
1 0.12109375 0.3578125 0.0546875 0.075
1 0.696875 0.65078125 0.0796875 0.13125
1 0.9078125 0.61953125 0.075 0.10859375
1 0.5984375 0.42734375 0.0625 0.10859375
1 0.42890625 0.66953125 0.0671875 0.10859375
1 0.83359375 0.4328125 0.05625 0.09765625
1 0.85234375 0.27734375 0.0484375 0.075
1 0.98671875 0.75625 0.02265625 0.125
1 0.1140625 0.25234375 0.0484375 0.075
1 0.9125 0.47734375 0.0625 0.103125
1 0.58125 0.49140625 0.16328125 0.23671875
1 0.55234375 0.13125 0.0375 0.0671875
1 0.740625 0.50859375 0.0671875 0.09765625
1 0.0765625 0.89296875 0.15234375 0.20859375
1 0.021875 0.8484375 0.04375 0.11953125
1 0.5578125 0.375 0.05234375 0.08671875
1 0.984375 0.421875 0.02734375 0.103125
1 0.52578125 0.28671875 0.0484375 0.08359375
1 0.74609375 0.2578125 0.04375 0.08671875
1 0.11953125 0.09921875 0.04609375 0.075
1 0.16875 0.22734375 0.04375 0.06953125
1 0.459375 0.3453125 0.05234375 0.08359375
1 0.225 0.859375 0.1484375 0.27578125
1 0.6984375 0.14609375 0.0421875 0.06953125
1 0.94140625 0.84296875 0.11328125 0.309375
1 0.940625 0.19375 0.0484375 0.08046875
1 0.3671875 0.1765625 0.04375 0.08046875
1 0.27578125 0.37890625 0.05 0.08359375
1 0.49609375 0.22734375 0.0421875 0.06953125
1 0.24296875 0.18828125 0.0421875 0.06953125
1 0.26953125 0.2671875 0.0421875 0.07265625
1 0.75234375 0.58515625 0.0609375 0.10546875
1 0.2140625 0.3046875 0.04375 0.06953125
1 0.26484375 0.6015625 0.165625 0.27890625
1 0.23671875 0.11015625 0.0421875 0.075
1 0.025 0.40390625 0.05 0.1
1 0.8203125 0.15078125 0.0421875 0.07265625
1 0.459375 0.14765625 0.03984375 0.07265625
1 0.98671875 0.284375 0.02265625 0.08359375
1 0.421875 0.3078125 0.0484375 0.08046875
1 0.709375 0.446875 0.12578125 0.2203125
1 0.95390625 0.35078125 0.0625 0.09453125
1 0.01171875 0.13671875 0.02265625 0.07265625
1 0.58046875 0.26015625 0.04375 0.075
1 0.49140625 0.48359375 0.09609375 0.21484375
1 0.49921875 0.4984375 0.99765625 0.996875
1 0.35234375 0.4375 0.12734375 0.23984375
1 0.12890625 0.15859375 0.13203125 0.1953125
1 0.728125 0.54140625 0.13828125 0.1640625
1 0.21640625 0.44453125 0.13203125 0.23125
1 0.61640625 0.32578125 0.05234375 0.08359375
1 0.1625 0.65703125 0.1234375 0.35625
1 0.0546875 0.08671875 0.0375 0.07265625
1 0.61015625 0.2171875 0.03984375 0.0609375
1 0.88515625 0.18515625 0.04609375 0.06953125
1 0.78046875 0.03046875 0.0375 0.05546875
1 0.56875 0.0359375 0.0375 0.05546875
1 0.42578125 0.253125 0.11484375 0.18359375
1 0.78046875 0.22734375 0.0421875 0.075
1 0.296875 0.72265625 0.11328125 0.20859375
1 0.73671875 0.29921875 0.11328125 0.16953125
1 0.12265625 0.41328125 0.08984375 0.18671875
1 0.83359375 0.490625 0.1109375 0.21171875
1 0.428125 0.7203125 0.10703125 0.21484375
1 0.709375 0.08359375 0.0375 0.0609375
1 0.746875 0.12109375 0.0375 0.0640625
1 0.56484375 0.58359375 0.1046875 0.16953125
1 0.8828125 0.12265625 0.0375 0.05546875
1 0.059375 0.55390625 0.11875 0.2796875
1 0.6734375 0.29921875 0.0921875 0.19765625
1 0.43203125 0.05546875 0.03984375 0.0609375
1 0.55 0.178125 0.09609375 0.16171875
1 0.04609375 0.71328125 0.0921875 0.334375
1 0.6640625 0.09921875 0.0359375 0.0640625
1 0.9015625 0.5546875 0.17578125 0.25625
1 0.00625 0.603125 0.0125 0.103125
1 0.6265625 0.05859375 0.0359375 0.0609375
1 0.4125 0.1015625 0.0375 0.05859375
1 0.4515625 0.375 0.0796875 0.14765625
1 0.81796875 0.078125 0.0375 0.0609375
1 0.1234375 0.30078125 0.1171875 0.17265625
1 0.3796875 0.1265625 0.03984375 0.05859375
1 0.32421875 0.29375 0.1046875 0.1421875
1 0.3546875 0.08046875 0.03984375 0.0609375
1 0.24921875 0.153125 0.10859375 0.16171875
1 0.2875 0.10703125 0.03984375 0.06953125
1 0.4609375 0.00703125 0.0359375 0.0140625
1 0.96953125 0.47109375 0.05625 0.20078125
1 0.49140625 0.065625 0.0375 0.0640625
1 0.25234375 0.22578125 0.0859375 0.14453125
1 0.63046875 0.125 0.0359375 0.05546875
1 0.80234375 0.39140625 0.08984375 0.16953125
1 0.99140625 0.590625 0.0125 0.1390625
1 0.91875 0.028125 0.0375 0.05546875
1 0.22734375 0.028125 0.0359375 0.05
1 0.034375 0.18828125 0.06875 0.17578125
1 0.86171875 0.32421875 0.08359375 0.16953125
1 0.01015625 0.0796875 0.0203125 0.05625
1 0.92890625 0.26015625 0.10859375 0.21484375
1 0.18515625 0.13125 0.03984375 0.0609375
1 0.97265625 0.02265625 0.0375 0.04453125
1 0.7 0.18828125 0.08984375 0.15859375
1 0.00234375 0.59609375 0.00390625 0.11171875
1 0.1703125 0.053125 0.03984375 0.0671875
1 0.525 0.32734375 0.08359375 0.1640625