0 0.915625 0.36171875 0.04296875 0.05703125
0 0.8046875 0.071875 0.0140625 0.021875
0 0.771875 0.3265625 0.04296875 0.05703125
0 0.65546875 0.31171875 0.0390625 0.05625
0 0.334375 0.5171875 0.04765625 0.078125
0 0.221875 0.475 0.0515625 0.08046875
0 0.034375 0.79453125 0.06875 0.11953125
0 0.76484375 0.0734375 0.01484375 0.025
0 0.88359375 0.05625 0.01484375 0.01953125
0 0.828125 0.07578125 0.0140625 0.0234375
0 0.696875 0.01796875 0.01171875 0.01796875
0 0.71171875 0.08203125 0.01484375 0.0234375
0 0.68828125 0.09375 0.015625 0.0234375
0 0.59453125 0.08515625 0.0125 0.0171875
0 0.5125 0.09296875 0.0140625 0.01953125
0 0.03046875 0.4546875 0.0515625 0.0765625
0 0.1203125 0.4828125 0.05 0.07421875
0 0.653125 0.06171875 0.0140625 0.01953125
0 0.6546875 0.1609375 0.0203125 0.0296875
0 0.41640625 0.1578125 0.01484375 0.0234375
0 0.721875 0.03125 0.0109375 0.01796875
0 0.9578125 0.0140625 0.0140625 0.02109375
0 0.371875 0.1484375 0.01484375 0.02109375
0 0.578125 0.0890625 0.0140625 0.01953125
0 0.98984375 0.01953125 0.01640625 0.0234375
0 0.75390625 0.040625 0.01171875 0.0171875
0 0.02109375 0.18125 0.0203125 0.0296875
0 0.790625 0.02890625 0.0125 0.01796875
0 0.6453125 0.03203125 0.01171875 0.0171875
0 0.54140625 0.1234375 0.01484375 0.021875
0 0.56796875 0.1484375 0.0125 0.02109375
0 0.10859375 0.196875 0.01484375 0.021875
0 0.41875 0.12890625 0.015625 0.02109375
0 0.73046875 0.00625 0.01171875 0.01171875
0 0.13046875 0.1390625 0.0125 0.01953125
0 0.62890625 0.06796875 0.01171875 0.01796875
0 0.33359375 0.16796875 0.01484375 0.01796875
0 0.7453125 0.00703125 0.01171875 0.0140625
0 0.67109375 0.065625 0.0125 0.01953125
0 0.9734375 0.0140625 0.01484375 0.021875
0 0.0703125 0.11875 0.0140625 0.01796875
0 0.1375 0.11171875 0.0125 0.01796875
0 0.35859375 0.10546875 0.01171875 0.01796875
0 0.7671875 0.0140625 0.01171875 0.01796875
0 0.103125 0.1296875 0.01171875 0.0171875
0 0.65703125 0.00625 0.01171875 0.01171875
0 0.73359375 0.0203125 0.0109375 0.0171875
0 0.15703125 0.13046875 0.0109375 0.01328125
0 0.378125 0.0421875 0.0109375 0.0140625
0 0.62890625 0.00625 0.01171875 0.01171875
0 0.50703125 0.0296875 0.009375 0.01328125
0 0.3390625 0.11015625 0.01171875 0.0171875
0 0.753125 0.021875 0.0109375 0.015625
0 0.92734375 0.0140625 0.0125 0.01953125
0 0.7140625 0.0140625 0.009375 0.0171875
0 0.815625 0.0265625 0.0140625 0.0171875
0 0.121875 0.11875 0.0140625 0.01796875
0 0.39453125 0.09453125 0.009375 0.0171875
0 0.84453125 0.04296875 0.0125 0.01796875
0 0.08359375 0.11015625 0.0125 0.0171875
0 0.48125 0.04296875 0.0109375 0.01328125
0 0.528125 0.09375 0.0140625 0.01796875
0 0.49375 0.03046875 0.00703125 0.01171875
0 0.790625 0.00546875 0.01171875 0.01015625
0 0.515625 0.0171875 0.01171875 0.015625
0 0.6046875 0.10546875 0.0140625 0.01796875
0 0.4953125 0.0546875 0.009375 0.015625
0 0.478125 0.1421875 0.0109375 0.015625
0 0.35859375 0.19921875 0.0140625 0.01796875