0 0.79609375 0.0921875 0.0171875 0.02578125
0 0.87890625 0.1640625 0.021875 0.03359375
0 0.88203125 0.1265625 0.01953125 0.02890625
0 0.97734375 0.16953125 0.03046875 0.04140625
0 0.66875 0.209375 0.025 0.03125
0 0.6515625 0.1796875 0.02265625 0.03359375
0 0.5515625 0.05625 0.0140625 0.0234375
0 0.67734375 0.3203125 0.03203125 0.04140625
0 0.92734375 0.01328125 0.01640625 0.0234375
0 0.9890625 0.11875 0.01953125 0.03125
0 0.67421875 0.26171875 0.0265625 0.03671875
0 0.97265625 0.08203125 0.021875 0.03125
0 0.90546875 0.1734375 0.02421875 0.0390625
0 0.9609375 0.28125 0.0328125 0.04921875
0 0.67890625 0.37421875 0.03515625 0.05078125
0 0.77109375 0.2421875 0.028125 0.04453125
0 0.70234375 0.04453125 0.01484375 0.02109375
0 0.809375 0.11796875 0.01875 0.0296875
0 0.75625 0.08671875 0.01640625 0.025
0 0.728125 0.04453125 0.01484375 0.0234375
0 0.9109375 0.24453125 0.0296875 0.04921875
0 0.7265625 0.1109375 0.0171875 0.02734375
0 0.82734375 0.03125 0.0140625 0.02109375
0 0.86484375 0.25625 0.03203125 0.05234375
0 0.58671875 0.109375 0.01640625 0.0234375
0 0.759375 0.1859375 0.025 0.0390625
0 0.85 0.6 0.05 0.07578125
0 0.825 0.22890625 0.03125 0.046875
0 0.8703125 0.0140625 0.0140625 0.025
0 0.67890625 0.15546875 0.021875 0.025
0 0.83671875 0.12265625 0.0171875 0.02890625
0 0.9671875 0.2390625 0.028125 0.03515625
0 0.68828125 0.1859375 0.0234375 0.03359375
0 0.67734375 0.06015625 0.01484375 0.02109375
0 0.9109375 0.09296875 0.0171875 0.0296875
0 0.7609375 0.03828125 0.01484375 0.021875
0 0.79375 0.02578125 0.01484375 0.01796875
0 0.578125 0.06015625 0.0140625 0.02109375
0 0.7734375 0.11875 0.01953125 0.02578125
0 0.6796875 0.0171875 0.0140625 0.01953125
0 0.53984375 0.1078125 0.0171875 0.025
0 0.665625 0.11015625 0.0171875 0.02734375
0 0.86328125 0.9171875 0.109375 0.1578125
0 0.74296875 0.0734375 0.01484375 0.025
0 0.984375 0.0171875 0.015625 0.02578125
0 0.98515625 0.05546875 0.021875 0.0328125
0 0.88984375 0.0140625 0.01484375 0.0234375
0 0.61328125 0.1296875 0.0171875 0.02734375
0 0.59453125 0.05390625 0.0140625 0.021875
0 0.62109375 0.0203125 0.0140625 0.01953125
0 0.79765625 0.06328125 0.0171875 0.021875
0 0.39609375 0.08203125 0.0125 0.01796875
0 0.8765625 0.07890625 0.0171875 0.02734375
0 0.95078125 0.0234375 0.01484375 0.0234375
0 0.7671875 0.00703125 0.0140625 0.0140625
0 0.61328125 0.053125 0.015625 0.02109375
0 0.9296875 0.10078125 0.021875 0.0328125
0 0.378125 0.06953125 0.0140625 0.0140625
0 0.5921875 0.01796875 0.0125 0.01796875
0 0.43125 0.08203125 0.0140625 0.01796875
0 0.0171875 0.04453125 0.01171875 0.015625
0 0.6546875 0.0140625 0.0125 0.0171875
0 0.353125 0.08125 0.01171875 0.0140625
0 0.6578125 0.0796875 0.01484375 0.025
0 0.81328125 0.0359375 0.01484375 0.01953125
0 0.9453125 0.1390625 0.021875 0.0375
0 0.6421875 0.05078125 0.0140625 0.02109375
0 0.6453125 0.0296875 0.01171875 0.01953125
0 0.84765625 0.025 0.015625 0.01796875
0 0.628125 0.0640625 0.01484375 0.02109375
0 0.7796875 0.025 0.0140625 0.01953125
0 0.73984375 0.02265625 0.0125 0.01953125
0 0.53828125 0.0609375 0.0140625 0.01953125
0 0.90703125 0.0671875 0.01640625 0.021875
0 0.453125 0.06875 0.01171875 0.0171875
0 0.80703125 0.01015625 0.0140625 0.0203125
0 0.553125 0.0296875 0.01171875 0.01796875
0 0.45 0.08828125 0.0140625 0.02109375
0 0.40703125 0.0671875 0.01171875 0.0140625
0 0.05546875 0.04296875 0.0109375 0.01328125
0 0.63984375 0.00625 0.0125 0.01171875
0 0.5390625 0.084375 0.015625 0.02109375
0 0.60625 0.00546875 0.01171875 0.01015625
0 0.10625 0.0515625 0.01171875 0.0140625
0 0.565625 0.00625 0.01484375 0.01171875
0 0.84375 0.00625 0.015625 0.0125
0 0.621875 0.18671875 0.01875 0.025
0 0.70390625 0.01953125 0.0140625 0.01796875
0 0.7171875 0.9765625 0.08515625 0.04453125
0 0.95 0.053125 0.01875 0.02890625
0 0.04375 0.04296875 0.0109375 0.01328125
0 0.8640625 0.1921875 0.0234375 0.03515625
0 0.5296875 0.00546875 0.01171875 0.01015625
0 0.1171875 0.0296875 0.01171875 0.01328125
0 0.440625 0.0671875 0.0140625 0.0171875
0 0.03046875 0.04296875 0.0109375 0.01328125
0 0.1171875 0.06875 0.01171875 0.0171875
0 0.06796875 0.0421875 0.0109375 0.01171875
0 0.371875 0.0875 0.0140625 0.0171875
0 0.0046875 0.04296875 0.00859375 0.01796875
0 0.0796875 0.04140625 0.0109375 0.01328125
0 0.41875 0.0796875 0.0109375 0.0140625
0 0.9109375 0.009375 0.0125 0.01875
0 0.909375 0.0421875 0.01484375 0.01953125
0 0.51796875 0.0875 0.0125 0.01953125
0 0.80234375 0.1734375 0.02265625 0.03515625
0 0.5578125 0.10390625 0.015625 0.0234375
0 0.634375 0.1328125 0.01953125 0.02890625