0 0.02578125 0.61953125 0.0390625 0.0703125
0 0.25859375 0.78671875 0.040625 0.0703125
0 0.41484375 0.43203125 0.03125 0.0609375
0 0.43828125 0.265625 0.03125 0.0609375
0 0.165625 0.62578125 0.0375 0.06796875
0 0.1296875 0.140625 0.028125 0.0515625
0 0.0984375 0.4296875 0.0328125 0.0609375
0 0.53671875 0.25625 0.0265625 0.05625
0 0.1234375 0.784375 0.0390625 0.0703125
0 0.7640625 0.29609375 0.0328125 0.0609375
0 0.275 0.30859375 0.0296875 0.05859375
0 0.13359375 0.45390625 0.0359375 0.06796875
0 0.059375 0.4609375 0.0359375 0.06328125
0 0.015625 0.390625 0.03125 0.05859375
0 0.46796875 0.26796875 0.0296875 0.0515625
0 0.24140625 0.33828125 0.03125 0.0609375
0 0.13359375 0.9203125 0.05546875 0.0890625
0 0.30546875 0.64453125 0.0359375 0.06796875
0 0.3734375 0.70390625 0.040625 0.0703125
0 0.69375 0.51171875 0.034375 0.0609375
0 0.4703125 0.31796875 0.03125 0.05390625
0 0.0828125 0.334375 0.0328125 0.05859375
0 0.8203125 0.28046875 0.034375 0.05859375
0 0.734375 0.38515625 0.0328125 0.0609375
0 0.409375 0.2296875 0.0296875 0.05625
0 0.37265625 0.47265625 0.0359375 0.06328125
0 0.89765625 0.2296875 0.03125 0.0515625
0 0.73828125 0.56796875 0.0375 0.065625
0 0.690625 0.33125 0.03125 0.0609375
0 0.03046875 0.01875 0.0265625 0.0375
0 0.909375 0.40703125 0.0359375 0.06796875
0 0.40859375 0.33125 0.03125 0.0609375
0 0.4015625 0.15703125 0.0328125 0.0609375
0 0.853125 0.340625 0.0375 0.0609375
0 0.7859375 0.62578125 0.0390625 0.06796875
0 0.5953125 0.321875 0.0328125 0.0515625
0 0.578125 0.16640625 0.0296875 0.05625
0 0.503125 0.6890625 0.040625 0.07265625
0 0.74609375 0.090625 0.028125 0.05390625
0 0.8078125 0.7484375 0.04453125 0.075
0 0.7984375 0.83125 0.040625 0.075
0 0.97265625 0.37578125 0.0328125 0.0609375
0 0.59453125 0.76796875 0.0375 0.0703125
0 0.25625 0.04921875 0.0296875 0.0515625
0 0.56015625 0.30859375 0.034375 0.05859375
0 0.2984375 0.4984375 0.0375 0.04921875
0 0.2171875 0.52109375 0.0328125 0.0609375
0 0.6015625 0.63125 0.0390625 0.0703125
0 0.8390625 0.640625 0.040625 0.0703125
0 0.6 0.44453125 0.0328125 0.06796875
0 0.6421875 0.31796875 0.034375 0.05859375
0 0.296875 0.89765625 0.04453125 0.07734375
0 0.13203125 0.38515625 0.0328125 0.05625
0 0.94375 0.56796875 0.0390625 0.0703125
0 0.22265625 0.6921875 0.040625 0.0703125
0 0.48359375 0.17265625 0.0296875 0.05390625
0 0.9703125 0.94140625 0.05703125 0.1125
0 0.628125 0.04609375 0.03125 0.05390625
0 0.2578125 0.12890625 0.0265625 0.0515625
0 0.4453125 0.53984375 0.0359375 0.065625
0 0.8328125 0.02734375 0.03125 0.05390625
0 0.909375 0.025 0.0296875 0.04921875
0 0.759375 0.94140625 0.05859375 0.103125
0 0.23515625 0.46328125 0.034375 0.05859375
0 0.6875 0.60703125 0.0375 0.06796875
0 0.984375 0.11875 0.028125 0.05390625
0 0.31796875 0.27734375 0.0328125 0.05625
0 0.50859375 0.1421875 0.0265625 0.05390625
0 0.903125 0.10703125 0.0328125 0.05859375
0 0.21328125 0.3125 0.028125 0.0609375
0 0.35078125 0.4109375 0.0328125 0.0609375
0 0.2046875 0.09375 0.03125 0.05625
0 0.565625 0.86953125 0.04296875 0.08203125
0 0.8109375 0.50859375 0.0375 0.05859375
0 0.371875 0.96328125 0.06015625 0.06796875
0 0.50390625 0.565625 0.0328125 0.05625
0 0.7734375 0.2171875 0.0328125 0.05390625
0 0.57734375 0.371875 0.034375 0.06796875
0 0.05546875 0.2359375 0.03125 0.05859375
0 0.2984375 0.55859375 0.0375 0.0609375
0 0.70546875 0.1421875 0.0328125 0.05390625
0 0.0765625 0.5234375 0.0359375 0.0609375
0 0.6328125 0.121875 0.025 0.0515625
0 0.059375 0.16328125 0.0328125 0.05390625
0 0.57265625 0.590625 0.034375 0.06328125
0 0.75859375 0.15703125 0.03125 0.05625
0 0.52578125 0.86875 0.0390625 0.0890625
0 0.49609375 0.4796875 0.0359375 0.05859375
0 0.7 0.77734375 0.040625 0.075
0 0.5015625 0.2484375 0.03125 0.0609375
0 0.95546875 0.04375 0.034375 0.04921875
0 0.33359375 0.359375 0.0328125 0.05625
0 0.43203125 0.01796875 0.025 0.03515625
0 0.91328125 0.659375 0.04765625 0.084375
0 0.66484375 0.01875 0.0234375 0.0375
0 0.853125 0.7390625 0.0375 0.0703125
0 0.55703125 0.1125 0.025 0.0515625
0 0.16015625 0.7359375 0.0390625 0.06796875
0 0.659375 0.50234375 0.034375 0.0796875
0 0.234375 0.265625 0.0265625 0.0515625
0 0.9375 0.29609375 0.0328125 0.05625
0 0.115625 0.04921875 0.0265625 0.0515625
0 0.98203125 0.4703125 0.0328125 0.06796875
0 0.86171875 0.45625 0.0328125 0.06328125
0 0.33984375 0.58828125 0.0359375 0.06328125
0 0.9828125 0.7484375 0.03125 0.084375
0 0.8171875 0.96328125 0.05390625 0.06796875
0 0.66484375 0.39765625 0.0359375 0.06328125
0 0.18515625 0.046875 0.0265625 0.0515625
0 0.68828125 0.27109375 0.0296875 0.04921875
0 0.28046875 0.43515625 0.0375 0.05859375
0 0.5890625 0.953125 0.06796875 0.0890625
0 0.8328125 0.409375 0.03125 0.05390625
0 0.35625 0.640625 0.034375 0.0609375
0 0.03828125 0.92265625 0.07421875 0.075
0 0.55 0.4890625 0.0359375 0.05859375
0 0.4453125 0.0625 0.0296875 0.05859375
0 0.390625 0.02265625 0.0296875 0.04453125
0 0.13046875 0.284375 0.0296875 0.05625
0 0.26171875 0.90703125 0.034375 0.07734375
0 0.4671875 0.6 0.034375 0.06796875
0 0.61328125 0.24296875 0.028125 0.04921875
0 0.3125 0.2078125 0.03125 0.05390625
0 0.8890625 0.85546875 0.06171875 0.10078125
0 0.4203125 0.92578125 0.04609375 0.09609375
0 0.15625 0.1890625 0.0375 0.05390625
0 0.7296875 0.6703125 0.0359375 0.06328125
0 0.025 0.13828125 0.028125 0.0609375
0 0.83046875 0.1828125 0.0328125 0.046875
0 0.1984375 0.95390625 0.06328125 0.08671875
0 0.6875 0.06796875 0.03125 0.05625
0 0.76953125 0.396875 0.03125 0.05625
0 0.071875 0.58671875 0.0359375 0.0703125
0 0.41640625 0.84375 0.04765625 0.04921875
0 0.86796875 0.04375 0.0265625 0.04921875
0 0.7578125 0.04375 0.0328125 0.03984375
0 0.5015625 0.359375 0.034375 0.0703125
0 0.36796875 0.08125 0.0296875 0.05859375
0 0.02421875 0.2734375 0.0328125 0.05390625
0 0.7 0.22421875 0.034375 0.05390625
0 0.9375 0.49296875 0.0359375 0.0609375
0 0.84296875 0.121875 0.0359375 0.05625
0 0.321875 0.03984375 0.028125 0.0515625
0 0.47265625 0.9421875 0.04609375 0.08203125
0 0.22890625 0.00859375 0.028125 0.01640625
0 0.68828125 0.96953125 0.06171875 0.05625
0 0.04296875 0.80859375 0.05390625 0.08671875
0 0.35625 0.01875 0.03125 0.0375
0 0.0625 0.7359375 0.0359375 0.05859375
0 0.2234375 0.17578125 0.0234375 0.0421875
0 0.53125 0.07890625 0.028125 0.05390625
0 0.54296875 0.009375 0.034375 0.01875
0 0.14609375 0.2359375 0.0296875 0.04921875
0 0.071875 0.00625 0.0265625 0.01171875
0 0.01640625 0.06796875 0.0265625 0.0515625
0 0.14453125 0.00859375 0.0328125 0.01640625
0 0.240625 0.21484375 0.0296875 0.04453125
0 0.28671875 0.05859375 0.025 0.05625
0 0.5125 0.00859375 0.025 0.01640625
0 0.459375 0.015625 0.025 0.03046875
0 0.9546875 0.00625 0.0296875 0.01171875
0 0.815625 0.571875 0.0375 0.05390625
0 0.8 0.4578125 0.034375 0.046875
0 0.8921875 0.784375 0.04296875 0.0328125
0 0.99453125 0.29609375 0.0078125 0.0515625
0 0.63984375 0.009375 0.0265625 0.01875
0 0.184375 0.00859375 0.025 0.01640625
0 0.828125 0.909375 0.04453125 0.04453125
0 0.04921875 0.06484375 0.028125 0.05390625
0 0.73984375 0.86640625 0.04453125 0.046875
0 0.4890625 0.8125 0.040625 0.065625
0 0.79296875 0.01875 0.0328125 0.0375
0 0.69296875 0.00625 0.0328125 0.01171875