0 0.53828125 0.25625 0.02265625 0.0375
0 0.76953125 0.08515625 0.015625 0.021875
0 0.03203125 0.26328125 0.0265625 0.03671875
0 0.21953125 0.2390625 0.025 0.0375
0 0.25703125 0.1625 0.0171875 0.025
0 0.303125 0.14453125 0.01875 0.02578125
0 0.51484375 0.1734375 0.01953125 0.03125
0 0.328125 0.55703125 0.04296875 0.06484375
0 0.16171875 0.48671875 0.03828125 0.0546875
0 0.16171875 0.31640625 0.0265625 0.04140625
0 0.57734375 0.87421875 0.0578125 0.1
0 0.8125 0.49140625 0.0390625 0.05625
0 0.56953125 0.6140625 0.040625 0.06640625
0 0.48671875 0.48515625 0.03828125 0.06640625
0 0.0671875 0.33125 0.0296875 0.04296875
0 0.7625 0.4546875 0.03984375 0.05859375
0 0.55546875 0.196875 0.0203125 0.0328125
0 0.4578125 0.19765625 0.0234375 0.03671875
0 0.96875 0.24140625 0.0234375 0.0375
0 0.346875 0.27421875 0.028125 0.0375
0 0.89765625 0.23515625 0.0234375 0.040625
0 0.85 0.2734375 0.02421875 0.0390625
0 0.290625 0.28125 0.02734375 0.0390625
0 0.61328125 0.19296875 0.0171875 0.03125
0 0.71953125 0.3625 0.03125 0.05078125
0 0.321875 0.0984375 0.01484375 0.01953125
0 0.7171875 0.3 0.025 0.04296875
0 0.4015625 0.66328125 0.0515625 0.08203125
0 0.93125 0.28828125 0.03046875 0.0453125
0 0.4046875 0.0921875 0.0140625 0.02109375
0 0.3609375 0.16640625 0.01953125 0.02890625
0 0.8078125 0.03203125 0.0140625 0.01953125
0 0.2890625 0.10390625 0.015625 0.02109375
0 0.8140625 0.1546875 0.0203125 0.02578125
0 0.41875 0.10703125 0.01484375 0.0234375
0 0.6015625 0.0703125 0.0140625 0.02109375
0 0.415625 0.2328125 0.025 0.0375
0 0.97890625 0.71875 0.03984375 0.08046875
0 0.04609375 0.13125 0.0125 0.01953125
0 0.64765625 0.3 0.02734375 0.04296875
0 0.63203125 0.071875 0.0140625 0.01953125
0 0.72578125 0.09296875 0.015625 0.025
0 0.00859375 0.22421875 0.0171875 0.02578125
0 0.771875 0.1296875 0.01953125 0.0296875
0 0.665625 0.08046875 0.0140625 0.01796875
0 0.5265625 0.1171875 0.0171875 0.02578125
0 0.64453125 0.1015625 0.015625 0.02109375
0 0.8796875 0.1546875 0.02734375 0.0375
0 0.90703125 0.03515625 0.0140625 0.01796875
0 0.1546875 0.13125 0.015625 0.025
0 0.1171875 0.0625 0.01171875 0.01796875
0 0.85625 0.06875 0.01640625 0.025
0 0.825 0.35 0.034375 0.04921875
0 0.73125 0.12265625 0.0203125 0.02890625
0 0.13125 0.20546875 0.01875 0.02578125
0 0.06640625 0.128125 0.0140625 0.021875
0 0.8109375 0.05625 0.0140625 0.01796875
0 0.95546875 0.06015625 0.01484375 0.02109375
0 0.5828125 0.0515625 0.01171875 0.0171875
0 0.75390625 0.03828125 0.01171875 0.0171875
0 0.55546875 0.05 0.0140625 0.01953125
0 0.95546875 0.0296875 0.0125 0.01796875
0 0.95390625 0.1359375 0.021875 0.0296875
0 0.32734375 0.04375 0.0109375 0.0140625
0 0.79609375 0.0546875 0.0140625 0.01796875
0 0.509375 0.04296875 0.01171875 0.01796875
0 0.3421875 0.16875 0.01953125 0.0296875
0 0.82734375 0.3109375 0.02421875 0.03515625
0 0.3875 0.1421875 0.01640625 0.02578125
0 0.190625 0.05546875 0.0109375 0.0140625
0 0.778125 0.04140625 0.0140625 0.01796875
0 0.65390625 0.03046875 0.0109375 0.0140625
0 0.63984375 0.0421875 0.01171875 0.0140625
0 0.990625 0.10546875 0.01484375 0.0234375
0 0.728125 0.0296875 0.0109375 0.0140625
0 0.4921875 0.0171875 0.009375 0.015625
0 0.20546875 0.06875 0.0109375 0.01796875
0 0.0171875 0.0421875 0.009375 0.0140625
0 0.81953125 0.00625 0.0140625 0.0125
0 0.94140625 0.0640625 0.0140625 0.02109375
0 0.9046875 0.35 0.0359375 0.05078125
0 0.42890625 0.0328125 0.009375 0.015625
0 0.571875 0.0203125 0.01171875 0.0171875
0 0.21953125 0.0578125 0.01171875 0.0171875
0 0.6390625 0.125 0.01484375 0.02578125
0 0.98359375 0.075 0.01640625 0.025
0 0.4328125 0.134375 0.01484375 0.021875
0 0.85625 0.00625 0.0125 0.01171875
0 0.7625 0.009375 0.0125 0.0171875
0 0.9359375 0.0359375 0.0109375 0.0171875
0 0.0875 0.0671875 0.0125 0.0171875
0 0.30546875 0.04375 0.00859375 0.0140625
0 0.15703125 0.0671875 0.0109375 0.0140625
0 0.45546875 0.03125 0.00859375 0.01328125
0 0.06875 0.046875 0.0109375 0.015625
0 0.82734375 0.08203125 0.01640625 0.0234375
0 0.609375 0.0515625 0.01171875 0.0171875
0 0.60390625 0.03125 0.0109375 0.01328125
0 0.78203125 0.065625 0.01484375 0.021875
0 0.2828125 0.0296875 0.0109375 0.0140625
0 0.08359375 0.0296875 0.0109375 0.0140625
0 0.8296875 0.05625 0.0140625 0.01953125
0 0.46953125 0.0296875 0.009375 0.0140625
0 0.58046875 0.00546875 0.0109375 0.01015625
0 0.403125 0.040625 0.0109375 0.0140625
0 0.74765625 0.0875 0.01484375 0.021875
0 0.6203125 0.03828125 0.009375 0.0140625
0 0.153125 0.0296875 0.0109375 0.01328125
0 0.94609375 0.00625 0.01171875 0.01171875
0 0.7390625 0.03125 0.01171875 0.01796875
0 0.3078125 0.0203125 0.009375 0.0140625
0 0.36796875 0.00625 0.00859375 0.01171875
0 0.66875 0.03828125 0.009375 0.0140625
0 0.6078125 0.00625 0.009375 0.01171875
0 0.90546875 0.00703125 0.0125 0.0140625
0 0.58515625 0.0734375 0.0140625 0.021875
0 0.3328125 0.00546875 0.00859375 0.01015625
0 0.91484375 0.1484375 0.0171875 0.02578125
0 0.9296875 0.0140625 0.01171875 0.0171875
0 0.6671875 0.00546875 0.0109375 0.01015625
0 0.10625 0.0296875 0.009375 0.01328125
0 0.91875 0.00625 0.0109375 0.01171875
0 0.06875 0.03046875 0.00859375 0.01171875
0 0.965625 0.04296875 0.0140625 0.01796875
0 0.6203125 0.00625 0.009375 0.01171875
0 0.14296875 0.00546875 0.0109375 0.01015625
0 0.38984375 0.02890625 0.00859375 0.01328125
0 0.1359375 0.0375 0.0109375 0.0140625
0 0.56328125 0.26015625 0.01953125 0.03125
0 0.16640625 0.0296875 0.0109375 0.01328125
0 0.05234375 0.05546875 0.0109375 0.0171875
0 0.26796875 0.00625 0.00859375 0.01171875
0 0.55703125 0.01796875 0.0109375 0.01796875
0 0.34296875 0.00546875 0.00703125 0.01015625
0 0.28203125 0.00625 0.00859375 0.01171875
0 0.5421875 0.00546875 0.0109375 0.01015625
0 0.86796875 0.04375 0.0125 0.01953125
0 0.30546875 0.00625 0.00859375 0.01171875
0 0.10625 0.09296875 0.01171875 0.0140625
0 0.99375 0.0265625 0.009375 0.01953125
0 0.87890625 0.00625 0.01171875 0.01171875
0 0.915625 0.071875 0.01484375 0.021875
0 0.16875 0.0515625 0.009375 0.0140625
0 0.13203125 0.00625 0.009375 0.01171875
0 0.253125 0.0640625 0.0109375 0.015625
0 0.64609375 0.00625 0.0109375 0.0125
0 0.178125 0.01640625 0.0109375 0.0140625
0 0.978125 0.046875 0.0125 0.02109375
0 0.7921875 0.00546875 0.0140625 0.01015625
0 0.44453125 0.0171875 0.009375 0.015625
0 0.19140625 0.00546875 0.009375 0.01015625
0 0.25390625 0.040625 0.009375 0.0140625
0 0.2171875 0.00546875 0.009375 0.01015625
0 0.48125 0.00546875 0.00859375 0.01015625
0 0.3421875 0.0171875 0.00859375 0.01328125
0 0.3171875 0.00546875 0.00859375 0.01015625
0 0.2453125 0.01875 0.009375 0.0140625
0 0.5296875 0.01953125 0.009375 0.015625
0 0.0453125 0.040625 0.0109375 0.0140625
0 0.0171875 0.05625 0.009375 0.0140625
0 0.0828125 0.09375 0.01171875 0.01796875
0 0.51796875 0.01875 0.00859375 0.0140625
0 0.4296875 0.0046875 0.009375 0.009375
0 0.00546875 0.0421875 0.0109375 0.0140625
0 0.67890625 0.01796875 0.009375 0.01328125
0 0.04375 0.2 0.015625 0.025
0 0.4296875 0.01796875 0.009375 0.01328125
0 0.33046875 0.01796875 0.00859375 0.01328125
0 0.61796875 0.01796875 0.00859375 0.01328125
0 0.26796875 0.02578125 0.00859375 0.01328125
0 0.98359375 0.00625 0.0125 0.01171875
0 0.36640625 0.0265625 0.00859375 0.0140625
0 0.50625 0.00625 0.009375 0.0125
0 0.31953125 0.01796875 0.0078125 0.01328125
0 0.03203125 0.03046875 0.00859375 0.01171875
0 0.37578125 0.284375 0.0234375 0.0296875
0 0.6796875 0.0390625 0.009375 0.015625
0 0.25859375 0.103125 0.0140625 0.01953125
0 0.56796875 0.13515625 0.01484375 0.0234375
0 0.05625 0.03203125 0.0109375 0.0140625
0 0.39296875 0.0046875 0.00859375 0.009375
0 0.53203125 0.0046875 0.00859375 0.009375
0 0.353125 0.01796875 0.00859375 0.01328125
0 0.29609375 0.0640625 0.01171875 0.01796875
0 0.44375 0.03125 0.00859375 0.01328125
0 0.2359375 0.0359375 0.009375 0.0140625
0 0.8078125 0.08046875 0.0140625 0.02578125
0 0.64609375 0.065625 0.0125 0.01953125
0 0.38046875 0.0171875 0.00703125 0.01328125
0 0.83125 0.0171875 0.01171875 0.0171875
0 0.6296875 0.03125 0.00859375 0.01328125
0 0.00546875 0.05703125 0.0109375 0.015625
0 0.5671875 0.00546875 0.009375 0.01015625
0 0.20546875 0.025 0.0109375 0.0140625
0 0.190625 0.0765625 0.0109375 0.0171875
0 0.734375 0.06875 0.0140625 0.01953125
0 0.1796875 0.0515625 0.009375 0.0140625
0 0.40703125 0.00546875 0.009375 0.01015625
0 0.2328125 0.0171875 0.0109375 0.015625
0 0.73046875 0.00625 0.01171875 0.01171875