1 0.60859375 0.57890625 0.046875 0.07734375
1 0.721875 0.90390625 0.1078125 0.1625
1 0.88203125 0.57734375 0.0421875 0.065625
1 0.45234375 0.9328125 0.07734375 0.12265625
1 0.134375 0.625 0.053125 0.0875
1 0.43828125 0.8125 0.0484375 0.0703125
1 0.36796875 0.92890625 0.09453125 0.13359375
1 0.51328125 0.44921875 0.03046875 0.05234375
1 0.5328125 0.87421875 0.05 0.0734375
1 0.134375 0.8734375 0.12578125 0.1921875
1 0.21328125 0.646875 0.05546875 0.0671875
1 0.92890625 0.9328125 0.13359375 0.12578125
1 0.0984375 0.52578125 0.04375 0.05546875
1 0.425 0.459375 0.03125 0.0453125
1 0.04609375 0.61015625 0.05078125 0.08046875
1 0.671875 0.46328125 0.02734375 0.0421875
1 0.53125 0.51328125 0.03125 0.065625
1 0.53828125 0.55703125 0.0734375 0.15390625
1 0.39609375 0.40546875 0.0265625 0.03828125
1 0.6140625 0.4359375 0.0265625 0.040625
1 0.9359375 0.59375 0.0375 0.065625
1 0.2453125 0.93828125 0.16875 0.1140625
1 0.3578125 0.44765625 0.028125 0.040625
1 0.3015625 0.41640625 0.02265625 0.03671875
1 0.35703125 0.52890625 0.07734375 0.20078125
1 0.425 0.546875 0.05625 0.22109375
1 0.65546875 0.73515625 0.04765625 0.0734375
1 0.55 0.8265625 0.040625 0.06328125
1 0.675 0.56015625 0.059375 0.2359375
1 0.50078125 0.52890625 0.06875 0.2140625
1 0.92890625 0.41796875 0.02421875 0.03984375
1 0.63984375 0.84921875 0.0421875 0.05859375
1 0.6984375 0.36015625 0.02265625 0.03203125
1 0.61640625 0.678125 0.071875 0.275
1 0.29765625 0.4828125 0.0515625 0.165625
1 0.59609375 0.9234375 0.04609375 0.065625
1 0.88046875 0.67734375 0.07890625 0.26484375
1 0.19375 0.31953125 0.0171875 0.0234375
1 0.5890625 0.4890625 0.0328125 0.046875
1 0.46953125 0.6265625 0.03046875 0.04375
1 0.8 0.3828125 0.0203125 0.03359375
1 0.8859375 0.44453125 0.0328125 0.0421875
1 0.47265625 0.3140625 0.0171875 0.025
1 0.3265625 0.5921875 0.03046875 0.0515625
1 0.12421875 0.396875 0.021875 0.03203125
1 0.1953125 0.36328125 0.0390625 0.1109375
1 0.090625 0.4671875 0.03125 0.05234375
1 0.3609375 0.81484375 0.05390625 0.07734375
1 0.30078125 0.3078125 0.0171875 0.028125
1 0.49453125 0.40703125 0.0203125 0.03203125
1 0.6578125 0.76640625 0.1 0.13359375
1 0.1390625 0.65546875 0.0796875 0.14765625
1 0.1 0.58125 0.0703125 0.1671875
1 0.47265625 0.36640625 0.0390625 0.13046875
1 0.2140625 0.4765625 0.0203125 0.03359375
1 0.32421875 0.31015625 0.01953125 0.02890625
1 0.5296875 0.30234375 0.01640625 0.021875
1 0.06953125 0.40078125 0.01875 0.03515625
1 0.13203125 0.4703125 0.025 0.040625
1 0.43671875 0.36328125 0.034375 0.1375
1 0.85 0.97109375 0.06328125 0.0515625
1 0.60859375 0.33515625 0.01640625 0.0265625
1 0.34140625 0.40546875 0.0265625 0.03828125
1 0.8375 0.49375 0.02421875 0.03203125
1 0.05390625 0.4578125 0.028125 0.0484375
1 0.61875 0.4921875 0.0515625 0.15234375
1 0.028125 0.9625 0.05546875 0.06875
1 0.7 0.42109375 0.03828125 0.15703125
1 0.43828125 0.30546875 0.01953125 0.025
1 0.35703125 0.31328125 0.01640625 0.0265625
1 0.7453125 0.56171875 0.028125 0.0484375
1 0.5625 0.353125 0.0390625 0.1140625
1 0.08515625 0.36640625 0.0171875 0.0265625
1 0.65078125 0.34453125 0.01640625 0.025
1 0.16328125 0.33671875 0.01640625 0.0234375
1 0.88984375 0.4890625 0.053125 0.134375
1 0.62578125 0.36640625 0.0203125 0.03828125
1 0.66484375 0.35390625 0.01953125 0.028125
1 0.0328125 0.34609375 0.01875 0.028125
1 0.93984375 0.696875 0.07734375 0.27265625
1 0.61953125 0.7984375 0.0359375 0.05390625
1 0.325 0.35 0.04296875 0.10546875
1 0.73046875 0.24375 0.015625 0.021875
1 0.88203125 0.29140625 0.0171875 0.0265625
1 0.56015625 0.9515625 0.065625 0.0875
1 0.5671875 0.30859375 0.0203125 0.02890625
1 0.8609375 0.33125 0.02421875 0.03203125
1 0.4109375 0.33046875 0.01953125 0.028125
1 0.06328125 0.37890625 0.01875 0.0265625
1 0.53984375 0.85234375 0.065625 0.1140625
1 0.45390625 0.415625 0.028125 0.04375
1 0.40703125 0.29609375 0.01640625 0.0234375
1 0.2625 0.3296875 0.01640625 0.0234375
1 0.8546875 0.56328125 0.0390625 0.06875
1 0.39609375 0.50234375 0.05546875 0.23125
1 0.49921875 0.52890625 0.9953125 0.91796875
1 0.6046875 0.3046875 0.015625 0.0203125
1 0.9234375 0.56953125 0.0609375 0.12890625
1 0.06015625 0.31015625 0.0203125 0.03515625
1 0.490625 0.296875 0.0171875 0.028125
1 0.12265625 0.31328125 0.01640625 0.0234375
1 0.6375 0.884375 0.0703125 0.12890625
1 0.52890625 0.35390625 0.0359375 0.121875
1 0.403125 0.25078125 0.015625 0.025
1 0.634375 0.2890625 0.02265625 0.028125
1 0.9390625 0.4734375 0.0484375 0.15390625
1 0.66796875 0.409375 0.0375 0.1359375
1 0.80859375 0.465625 0.040625 0.14921875
1 0.034375 0.55859375 0.028125 0.03671875
1 0.40703125 0.34609375 0.0375 0.12421875
1 0.2890625 0.34296875 0.0171875 0.025
1 0.2390625 0.33203125 0.01875 0.0265625
1 0.7359375 0.4671875 0.01640625 0.05
1 0.5875 0.5515625 0.04765625 0.17109375
1 0.26171875 0.38359375 0.0328125 0.13203125
1 0.10078125 0.31953125 0.01953125 0.0265625
1 0.1671875 0.3671875 0.03125 0.08515625
1 0.92265625 0.528125 0.046875 0.0453125
1 0.80625 0.4125 0.02421875 0.03828125
1 0.74765625 0.728125 0.034375 0.07734375
1 0.45546875 0.40703125 0.02265625 0.0265625
1 0.2171875 0.48046875 0.03515625 0.046875
1 0.2390625 0.475 0.02265625 0.03359375