0 0.71953125 0.33203125 0.01484375 0.02109375
0 0.4953125 0.63671875 0.0390625 0.0625
0 0.46953125 0.38125 0.01953125 0.03125
0 0.8203125 0.321875 0.0140625 0.021875
0 0.49140625 0.53125 0.021875 0.03125
0 0.47578125 0.43515625 0.0171875 0.02890625
0 0.89375 0.37578125 0.01953125 0.02734375
0 0.52734375 0.4515625 0.0234375 0.0375
0 0.5578125 0.32578125 0.0140625 0.0234375
0 0.790625 0.24375 0.01171875 0.01796875
0 0.53515625 0.31171875 0.0140625 0.01953125
0 0.103125 0.2640625 0.0125 0.01953125
0 0.7765625 0.3265625 0.01484375 0.02109375
0 0.75078125 0.3375 0.0140625 0.01796875
0 0.8578125 0.3265625 0.015625 0.0234375
0 0.9640625 0.28046875 0.0140625 0.01953125
0 0.0796875 0.26953125 0.01171875 0.015625
0 0.4953125 0.23046875 0.009375 0.01328125
0 0.790625 0.2953125 0.0125 0.0171875
0 0.21640625 0.2296875 0.0109375 0.0140625
0 0.24296875 0.296875 0.0140625 0.01796875
0 0.9328125 0.2796875 0.0109375 0.0140625
0 0.4421875 0.23046875 0.00859375 0.01328125
0 0.96953125 0.24375 0.01171875 0.01328125
0 0.92890625 0.34296875 0.01484375 0.01953125
0 0.81875 0.24375 0.0109375 0.0171875
0 0.940625 0.33125 0.01484375 0.025
0 0.446875 0.41875 0.015625 0.025
0 0.41875 0.23046875 0.00859375 0.01328125
0 0.38984375 0.2765625 0.01171875 0.0171875
0 0.33671875 0.3265625 0.01875 0.02734375
0 0.16875 0.209375 0.0109375 0.01328125
0 0.859375 0.26875 0.01171875 0.0171875
0 0.51875 0.18046875 0.00703125 0.01171875
0 0.8453125 0.29453125 0.0140625 0.01796875
0 0.8921875 0.23125 0.009375 0.0140625
0 0.66875 0.16875 0.0078125 0.01171875
0 0.3078125 0.22890625 0.009375 0.015625
0 0.4703125 0.24296875 0.0109375 0.0140625
0 0.7140625 0.24140625 0.01171875 0.0171875
0 0.33125 0.24375 0.0109375 0.01328125
0 0.99375 0.2296875 0.009375 0.0140625
0 0.1578125 0.29140625 0.0140625 0.01796875
0 0.91875 0.2515625 0.009375 0.015625
0 0.43046875 0.23046875 0.00859375 0.01328125
0 0.73359375 0.22265625 0.0109375 0.015625
0 0.94609375 0.24375 0.01171875 0.01328125
0 0.64296875 0.16953125 0.00703125 0.01015625
0 0.68125 0.24140625 0.0109375 0.0140625
0 0.03203125 0.14453125 0.009375 0.015625
0 0.865625 0.22890625 0.0109375 0.01328125
0 0.70546875 0.16953125 0.00703125 0.0078125
0 0.3421875 0.23125 0.00859375 0.01171875
0 0.090625 0.56640625 0.0140625 0.02109375
0 0.74765625 0.2578125 0.0109375 0.01796875
0 0.71796875 0.16875 0.0078125 0.01171875
0 0.446875 0.2921875 0.0109375 0.0171875
0 0.52109375 0.23125 0.0109375 0.0140625
0 0.8015625 0.39765625 0.0140625 0.01953125
0 0.278125 0.20625 0.0109375 0.0140625
0 0.9359375 0.2109375 0.00859375 0.01328125
0 0.6828125 0.1671875 0.0078125 0.01171875
0 0.6375 0.18671875 0.00703125 0.01171875
0 0.3203125 0.35625 0.015625 0.025
0 0.50546875 0.18046875 0.00703125 0.01171875
0 0.56796875 0.19375 0.00703125 0.01171875
0 0.2171875 0.18203125 0.00859375 0.01328125
0 0.19140625 0.2171875 0.009375 0.01328125
0 0.0578125 0.334375 0.0140625 0.02109375
0 0.61796875 0.18125 0.00703125 0.0078125
0 0.365625 0.25703125 0.0109375 0.0140625
0 0.26484375 0.26875 0.0109375 0.0171875
0 0.20546875 0.2671875 0.0109375 0.015625
0 0.58046875 0.18046875 0.00703125 0.01171875
0 0.38203125 0.21875 0.009375 0.01328125
0 0.459375 0.68515625 0.01875 0.02578125
0 0.4078125 0.23046875 0.00859375 0.01328125
0 0.8296875 0.27890625 0.01171875 0.015625
0 0.6625 0.18671875 0.00703125 0.01171875
0 0.4578125 0.2265625 0.00859375 0.01328125
0 0.10078125 0.46640625 0.02734375 0.02578125
0 0.74296875 0.16953125 0.00703125 0.01015625
0 0.27109375 0.253125 0.0109375 0.0140625
0 0.10703125 0.20625 0.0109375 0.0140625
0 0.1609375 0.24296875 0.009375 0.0171875
0 0.6921875 0.24296875 0.009375 0.0140625
0 0.43046875 0.2828125 0.0109375 0.015625
0 0.55625 0.19375 0.00703125 0.01171875
0 0.353125 0.2671875 0.009375 0.0140625
0 0.40546875 0.2453125 0.0109375 0.0140625
0 0.18828125 0.2375 0.009375 0.0140625
0 0.3578125 0.2296875 0.009375 0.01171875
0 0.4640625 0.35546875 0.01484375 0.01796875
0 0.01953125 0.2796875 0.0140625 0.01796875
0 0.1828125 0.19453125 0.0109375 0.0140625
0 0.28046875 0.26640625 0.0109375 0.0140625
0 0.7125 0.18671875 0.00703125 0.01171875
0 0.8921875 0.24453125 0.009375 0.01328125
0 0.290625 0.2203125 0.0109375 0.01328125
0 0.5578125 0.20546875 0.0078125 0.01328125
0 0.80390625 0.4390625 0.0171875 0.02890625
0 0.5171875 0.19375 0.0078125 0.01171875
0 0.25234375 0.24296875 0.0109375 0.0140625
0 0.20390625 0.2046875 0.0109375 0.0140625
0 0.59296875 0.18046875 0.00703125 0.01171875
0 0.4125 0.1625 0.00703125 0.01171875
0 0.38125 0.19375 0.00859375 0.01328125
0 0.9046875 0.2515625 0.0109375 0.015625
0 0.59375 0.19375 0.0078125 0.01171875
0 0.80546875 0.21796875 0.00859375 0.01171875