0 0.4859375 0.14296875 0.0375 0.0625
0 0.98125 0.30078125 0.0359375 0.0703125
0 0.428125 0.1421875 0.0359375 0.05625
0 0.91015625 0.15625 0.0484375 0.06796875
0 0.721875 0.075 0.0359375 0.05625
0 0.1328125 0.275 0.040625 0.05703125
0 0.21953125 0.1234375 0.0359375 0.053125
0 0.4328125 0.05078125 0.03125 0.04921875
0 0.80078125 0.1 0.0453125 0.06796875
0 0.909375 0.06796875 0.04609375 0.05703125
0 0.7375 0.3015625 0.0484375 0.0765625
0 0.0609375 0.3203125 0.0578125 0.078125
0 0.0171875 0.23984375 0.034375 0.0609375
0 0.55 0.053125 0.03125 0.05234375
0 0.690625 0.1421875 0.04609375 0.0703125
0 0.20625 0.23046875 0.0421875 0.0625
0 0.84453125 0.06640625 0.03828125 0.06015625
0 0.503125 0.08203125 0.0375 0.0546875
0 0.26796875 0.06015625 0.028125 0.04453125
0 0.18203125 0.0171875 0.0234375 0.034375
0 0.02109375 0.1625 0.0359375 0.0484375
0 0.971875 0.06640625 0.0421875 0.05703125
0 0.10859375 0.04296875 0.0265625 0.0390625
0 0.63984375 0.1046875 0.03828125 0.0609375
0 0.05 0.0375 0.025 0.0390625
0 0.17890625 0.084375 0.0234375 0.03671875
0 0.35546875 0.1796875 0.0390625 0.05703125
0 0.2875 0.128125 0.03828125 0.05859375
0 0.21171875 0.0171875 0.0203125 0.034375
0 0.35625 0.0171875 0.0296875 0.03359375
0 0.51328125 0.0203125 0.0265625 0.040625
0 0.890625 0.009375 0.040625 0.01875
0 0.6109375 0.06875 0.03125 0.05234375
0 0.88203125 0.46171875 0.06875 0.1
0 0.20859375 0.06640625 0.028125 0.04921875
0 0.946875 0.97109375 0.1046875 0.0546875
0 0.253125 0.00625 0.0203125 0.01171875
0 0.32890625 0.12421875 0.03203125 0.0640625
0 0.00703125 0.009375 0.0140625 0.01875
0 0.0484375 0.52890625 0.05078125 0.06484375
0 0.11171875 0.1296875 0.034375 0.05078125
0 0.0203125 0.07265625 0.02734375 0.02890625
0 0.98359375 0.01953125 0.028125 0.0390625
0 0.55234375 0.00625 0.028125 0.01171875
0 0.13984375 0.08671875 0.02421875 0.0375
0 0.2625 0.02421875 0.01875 0.025
0 0.98984375 0.575 0.01875 0.0875
0 0.01796875 0.12421875 0.03203125 0.0296875
0 0.81953125 0.00625 0.0296875 0.01171875