1 0.4640625 0.8171875 0.053125 0.10078125
1 0.46484375 0.88203125 0.134375 0.2296875
1 0.425 0.4609375 0.0375 0.07421875
1 0.7125 0.88984375 0.109375 0.2109375
1 0.10625 0.8015625 0.05078125 0.09453125
1 0.33671875 0.9078125 0.1171875 0.17578125
1 0.7125 0.83046875 0.053125 0.09140625
1 0.89375 0.615625 0.03984375 0.084375
1 0.81875 0.88984375 0.11328125 0.20234375
1 0.34453125 0.69765625 0.0453125 0.0828125
1 0.7703125 0.60546875 0.0421875 0.07578125
1 0.509375 0.5046875 0.0328125 0.07421875
1 0.70546875 0.67578125 0.04609375 0.084375
1 0.5203125 0.71640625 0.0453125 0.084375
1 0.3484375 0.3234375 0.0328125 0.06953125
1 0.56328125 0.6578125 0.03984375 0.084375
1 0.11171875 0.8703125 0.121875 0.2359375
1 0.28046875 0.66328125 0.04375 0.07734375
1 0.50703125 0.63984375 0.04296875 0.07109375
1 0.2921875 0.484375 0.0390625 0.0671875
1 0.72890625 0.75 0.04765625 0.0796875
1 0.7625 0.50859375 0.03984375 0.07421875
1 0.93984375 0.61015625 0.03984375 0.07890625
1 0.9234375 0.80078125 0.0546875 0.1046875
1 0.28046875 0.76640625 0.0625 0.0859375
1 0.2375 0.7078125 0.040625 0.0796875
1 0.37734375 0.51796875 0.0359375 0.08125
1 0.209375 0.578125 0.04296875 0.08125
1 0.7796875 0.71015625 0.0453125 0.084375
1 0.23046875 0.8703125 0.0625 0.09921875
1 0.4296875 0.70078125 0.053125 0.0796875
1 0.8421875 0.753125 0.04375 0.0859375
1 0.82109375 0.8296875 0.0453125 0.07890625
1 0.31015625 0.59921875 0.03828125 0.07421875
1 0.44140625 0.54140625 0.040625 0.07265625
1 0.19609375 0.46328125 0.0453125 0.06875
1 0.31640625 0.26953125 0.03125 0.0640625
1 0.6109375 0.3046875 0.0390625 0.059375
1 0.37578125 0.671875 0.0375 0.07109375
1 0.1578125 0.35078125 0.03125 0.05546875
1 0.678125 0.74296875 0.040625 0.07421875
1 0.240625 0.45546875 0.0375 0.07578125
1 0.81796875 0.5953125 0.03828125 0.07890625
1 0.16953125 0.60546875 0.0359375 0.06953125
1 0.60546875 0.91875 0.10546875 0.13984375
1 0.1390625 0.69375 0.04375 0.07421875
1 0.7640625 0.3765625 0.0359375 0.06875
1 0.44609375 0.25 0.034375 0.05234375
1 0.48125 0.584375 0.03984375 0.0796875
1 0.0984375 0.70625 0.04375 0.08125
1 0.09921875 0.3640625 0.0359375 0.06953125
1 0.5046875 0.28671875 0.034375 0.0640625
1 0.47578125 0.36875 0.034375 0.065625
1 0.4765625 0.4578125 0.03515625 0.07109375
1 0.5953125 0.8859375 0.04609375 0.07109375
1 0.14375 0.43359375 0.03125 0.0609375
1 0.3421875 0.865625 0.0484375 0.09140625
1 0.28515625 0.34453125 0.0375 0.059375
1 0.13984375 0.50546875 0.0390625 0.06875
1 0.03359375 0.42265625 0.0359375 0.065625
1 0.3734375 0.79375 0.04765625 0.09140625
1 0.56953125 0.27734375 0.02734375 0.05703125
1 0.2703125 0.25 0.0328125 0.065625
1 0.8953125 0.6890625 0.11640625 0.22890625
1 0.6125 0.76171875 0.0421875 0.0828125
1 0.1125 0.44609375 0.0359375 0.07109375
1 0.6140625 0.3578125 0.03046875 0.0640625
1 0.22421875 0.9078125 0.11640625 0.17578125
1 0.82109375 0.50546875 0.0296875 0.07109375
1 0.1890625 0.77578125 0.06953125 0.09609375
1 0.6109375 0.175 0.025 0.04921875
1 0.975 0.77734375 0.04296875 0.0875
1 0.02890625 0.78046875 0.03828125 0.08125
1 0.08046875 0.20703125 0.028125 0.05234375
1 0.0921875 0.6375 0.04375 0.06953125
1 0.928125 0.86484375 0.115625 0.2328125
1 0.48515625 0.196875 0.02734375 0.05234375
1 0.41796875 0.60859375 0.040625 0.07265625
1 0.68125 0.2484375 0.034375 0.05703125
1 0.11640625 0.2796875 0.03125 0.05859375
1 0.3296875 0.51484375 0.0390625 0.07421875
1 0.6484375 0.1 0.025 0.0453125
1 0.70234375 0.33125 0.03125 0.05390625
1 0.7453125 0.28828125 0.0359375 0.05546875
1 0.0171875 0.6765625 0.034375 0.07265625
1 0.484375 0.76640625 0.04296875 0.0828125
1 0.728125 0.796875 0.12578125 0.1734375
1 0.15234375 0.29296875 0.03125 0.05390625
1 0.32265625 0.178125 0.0265625 0.05390625
1 0.70234375 0.415625 0.07421875 0.14140625
1 0.746875 0.43984375 0.03515625 0.0671875
1 0.25859375 0.18359375 0.03046875 0.05234375
1 0.65703125 0.165625 0.03046875 0.05546875
1 0.43125 0.49765625 0.08203125 0.1515625
1 0.7203125 0.46796875 0.03515625 0.0453125
1 0.00703125 0.79140625 0.0140625 0.0921875
1 0.090625 0.5625 0.04296875 0.07109375
1 0.1671875 0.215625 0.0265625 0.05546875
1 0.51015625 0.54375 0.0890625 0.153125
1 0.18828125 0.38125 0.03515625 0.0640625
1 0.7109375 0.378125 0.0328125 0.0671875
1 0.5703125 0.58515625 0.0390625 0.0671875
1 0.67890625 0.31484375 0.0296875 0.0625
1 0.23359375 0.54453125 0.034375 0.07578125
1 0.5734375 0.7 0.078125 0.16875
1 0.46484375 0.109375 0.025 0.04375
1 0.778125 0.65078125 0.10546875 0.16328125
1 0.20078125 0.69609375 0.0359375 0.07265625
1 0.828125 0.4359375 0.0234375 0.065625
1 0.10234375 0.75234375 0.115625 0.175
1 0.696875 0.18828125 0.03125 0.05390625
1 0.82421875 0.37265625 0.0296875 0.05234375
1 0.371875 0.27734375 0.034375 0.05078125
1 0.06953125 0.33046875 0.028125 0.05234375
1 0.4703125 0.2921875 0.028125 0.05546875
1 0.59296875 0.64375 0.034375 0.06875
1 0.4984375 0.49609375 0.9953125 0.98984375
1 0.37578125 0.3203125 0.02421875 0.05546875
1 0.365625 0.1328125 0.0265625 0.046875
1 0.17109375 0.41171875 0.03046875 0.0609375
1 0.19609375 0.275 0.03203125 0.05546875
1 0.0515625 0.53984375 0.0421875 0.07890625
1 0.1453125 0.20546875 0.0265625 0.05546875
1 0.27421875 0.5921875 0.0390625 0.07265625
1 0.3578125 0.74765625 0.0921875 0.18203125
1 0.61328125 0.45859375 0.025 0.0671875
1 0.2859375 0.81484375 0.08671875 0.18359375
1 0.59609375 0.53046875 0.028125 0.0453125
1 0.33203125 0.56015625 0.08984375 0.16875
1 0.1859375 0.78515625 0.0421875 0.07109375
1 0.38984375 0.4359375 0.03125 0.05703125
1 0.5421875 0.25 0.03125 0.05546875
1 0.553125 0.19453125 0.0328125 0.05390625
1 0.1671875 0.65234375 0.10078125 0.16015625
1 0.34375 0.265625 0.0296875 0.05390625
1 0.03125 0.35390625 0.03515625 0.05859375
1 0.509375 0.396875 0.02421875 0.0625
1 0.8453125 0.7921875 0.0984375 0.16484375
1 0.815625 0.73359375 0.0359375 0.07578125
1 0.66796875 0.646875 0.03515625 0.05390625
1 0.35 0.18984375 0.02734375 0.05078125
1 0.790625 0.1921875 0.03046875 0.046875
1 0.40859375 0.38125 0.0359375 0.0609375
1 0.640625 0.4625 0.0375 0.0671875
1 0.56875 0.8171875 0.03828125 0.07734375
1 0.5765625 0.153125 0.03125 0.046875