0 0.46953125 0.12421875 0.0234375 0.0328125
0 0.3390625 0.16015625 0.02265625 0.03671875
0 0.6015625 0.4546875 0.0390625 0.05703125
0 0.71953125 0.0859375 0.0203125 0.03125
0 0.79375 0.10390625 0.021875 0.03359375
0 0.4046875 0.13125 0.025 0.0375
0 0.1453125 0.19296875 0.02734375 0.03671875
0 0.690625 0.0796875 0.0203125 0.0328125
0 0.7640625 0.08046875 0.021875 0.03125
0 0.31875 0.04375 0.01875 0.025
0 0.51640625 0.2578125 0.0265625 0.0390625
0 0.3421875 0.0484375 0.01640625 0.0296875
0 0.04375 0.2640625 0.034375 0.046875
0 0.43828125 0.3359375 0.0265625 0.03359375
0 0.4203125 0.0125 0.015625 0.025
0 0.290625 0.06171875 0.01640625 0.025
0 0.384375 0.0234375 0.01640625 0.0234375
0 0.37734375 0.0484375 0.01875 0.0296875
0 0.50703125 0.01328125 0.01484375 0.0234375
0 0.0234375 0.05625 0.021875 0.025
0 0.45546875 0.00625 0.01484375 0.01171875
0 0.24375 0.33046875 0.0328125 0.04453125
0 0.009375 0.5375 0.01875 0.02578125
0 0.678125 0.00625 0.01484375 0.01171875