0 0.309375 0.44140625 0.0125 0.02109375
0 0.384375 0.46796875 0.015625 0.01953125
0 0.88203125 0.6078125 0.0171875 0.025
0 0.1515625 0.86875 0.0375 0.053125
0 0.2515625 0.484375 0.01484375 0.02109375
0 0.3875 0.9046875 0.034375 0.053125
0 0.415625 0.475 0.01484375 0.0234375
0 0.371875 0.8328125 0.03046875 0.0453125
0 0.03671875 0.5265625 0.01875 0.025
0 0.0953125 0.9515625 0.05390625 0.07265625
0 0.2796875 0.49140625 0.0140625 0.01953125
0 0.696875 0.5375 0.01875 0.02578125
0 0.284375 0.4265625 0.01484375 0.021875
0 0.6515625 0.59375 0.021875 0.03125
0 0.94453125 0.5484375 0.0171875 0.02734375
0 0.9890625 0.6140625 0.01953125 0.0328125
0 0.08671875 0.53046875 0.01640625 0.025
0 0.3625 0.61640625 0.01953125 0.0296875
0 0.07109375 0.44375 0.0140625 0.01796875
0 0.225 0.46953125 0.01484375 0.01953125
0 0.321875 0.50078125 0.0171875 0.021875
0 0.1546875 0.5265625 0.0171875 0.021875
0 0.84453125 0.59921875 0.01953125 0.03125
0 0.5609375 0.5375 0.01640625 0.025
0 0.7171875 0.63125 0.0234375 0.0328125
0 0.44921875 0.546875 0.0171875 0.02578125
0 0.1765625 0.43125 0.0140625 0.01796875
0 0.81171875 0.5296875 0.01875 0.0234375
0 0.81484375 0.56328125 0.01875 0.0296875
0 0.046875 0.55703125 0.01953125 0.0234375
0 0.06328125 0.5921875 0.02265625 0.02578125
0 0.20234375 0.45546875 0.0140625 0.01796875
0 0.33203125 0.4609375 0.015625 0.01796875
0 0.103125 0.39375 0.01171875 0.0140625
0 0.18515625 0.5015625 0.01640625 0.0234375
0 0.00625 0.4828125 0.01171875 0.021875
0 0.7890625 0.55546875 0.0171875 0.0296875
0 0.59140625 0.3828125 0.0109375 0.015625
0 0.88984375 0.50390625 0.015625 0.02109375
0 0.221875 0.50546875 0.01640625 0.0234375
0 0.3671875 0.9859375 0.03515625 0.025
0 0.0375 0.46015625 0.01484375 0.01953125
0 0.353125 0.46796875 0.01484375 0.01953125
0 0.04296875 0.39140625 0.01171875 0.0140625
0 0.915625 0.5109375 0.0171875 0.025
0 0.61640625 0.5296875 0.0171875 0.02578125
0 0.0046875 0.603125 0.00859375 0.0328125
0 0.146875 0.3828125 0.01171875 0.015625
0 0.1234375 0.396875 0.01171875 0.015625
0 0.32109375 0.59140625 0.01953125 0.02890625
0 0.45546875 0.63125 0.0203125 0.02890625
0 0.15625 0.4359375 0.0140625 0.01796875
0 0.06640625 0.3890625 0.01171875 0.01328125
0 0.9125 0.5859375 0.01640625 0.0234375
0 0.00625 0.37578125 0.0109375 0.0140625
0 0.0546875 0.36875 0.009375 0.01328125
0 0.015625 0.39140625 0.01171875 0.0140625
0 0.3078125 0.64140625 0.01953125 0.02734375
0 0.0203125 0.36875 0.00859375 0.01328125
0 0.365625 0.36796875 0.01171875 0.01953125
0 0.13984375 0.421875 0.0125 0.01796875
0 0.12578125 0.478125 0.01484375 0.01953125
0 0.17109375 0.40703125 0.0125 0.0171875
0 0.15546875 0.4140625 0.0125 0.015625
0 0.18046875 0.48046875 0.01484375 0.01796875
0 0.7078125 0.5984375 0.01953125 0.0296875
0 0.04140625 0.36796875 0.0109375 0.01171875
0 0.36875 0.55 0.0171875 0.025
0 0.0546875 0.38203125 0.009375 0.01171875
0 0.621875 0.3875 0.0125 0.0171875
0 0.00625 0.4171875 0.01171875 0.0140625
0 0.4015625 0.55078125 0.015625 0.02109375
0 0.0515625 0.44375 0.0140625 0.01953125
0 0.8296875 0.7 0.021875 0.0296875
0 0.38125 0.37265625 0.01171875 0.015625
0 0.05546875 0.4171875 0.0125 0.0140625
0 0.08671875 0.3875 0.0109375 0.0140625
0 0.0046875 0.46171875 0.00859375 0.0171875
0 0.103125 0.475 0.0140625 0.01796875
0 0.00703125 0.31875 0.01171875 0.0140625
0 0.04140625 0.35625 0.0109375 0.01171875
0 0.0703125 0.35625 0.009375 0.0140625
0 0.0203125 0.34453125 0.009375 0.01171875
0 0.21015625 0.42265625 0.0140625 0.0140625
0 0.603125 0.4 0.0109375 0.0171875
0 0.446875 0.60703125 0.015625 0.02109375
0 0.1671875 0.3890625 0.0140625 0.01328125
0 0.84453125 0.67265625 0.01640625 0.025