0 0.86171875 0.4546875 0.0421875 0.05625
0 0.15703125 0.37421875 0.02734375 0.0375
0 0.1765625 0.19453125 0.02265625 0.0328125
0 0.15234375 0.42265625 0.03125 0.0453125
0 0.32265625 0.4625 0.034375 0.05625
0 0.70546875 0.01953125 0.01484375 0.0234375
0 0.1671875 0.26171875 0.02734375 0.0390625
0 0.1015625 0.43125 0.0328125 0.04453125
0 0.2046875 0.2484375 0.02734375 0.0390625
0 0.1203125 0.2578125 0.028125 0.0390625
0 0.24921875 0.18125 0.02421875 0.03671875
0 0.51484375 0.5390625 0.03828125 0.06015625
0 0.63125 0.5203125 0.034375 0.05625
0 0.4046875 0.3375 0.028125 0.04453125
0 0.803125 0.19921875 0.0203125 0.03125
0 0.403125 0.62890625 0.0421875 0.06796875
0 0.21171875 0.1875 0.02265625 0.03671875
0 0.33046875 0.3375 0.03046875 0.040625
0 0.7625 0.69921875 0.05078125 0.08046875
0 0.97578125 0.23125 0.02734375 0.0375
0 0.025 0.4125 0.0328125 0.04921875
0 0.484375 0.06875 0.015625 0.025
0 0.06328125 0.32421875 0.03125 0.04453125
0 0.84296875 0.59453125 0.05 0.071875
0 0.22265625 0.3265625 0.0296875 0.0453125
0 0.046875 0.146875 0.021875 0.03125
0 0.8078125 0.0484375 0.0140625 0.025
0 0.01796875 0.5921875 0.0359375 0.06015625
0 0.440625 0.08515625 0.01484375 0.021875
0 0.06953125 0.89921875 0.0703125 0.1
0 0.12890625 0.33203125 0.02734375 0.0390625
0 0.96953125 0.2875 0.028125 0.04453125
0 0.94140625 0.04375 0.015625 0.025
0 0.1046875 0.0296875 0.015625 0.0234375
0 0.85625 0.17265625 0.02265625 0.0328125
0 0.1078125 0.146875 0.0203125 0.02890625
0 0.290625 0.86015625 0.05546875 0.0875
0 0.971875 0.053125 0.01640625 0.0234375
0 0.88203125 0.05625 0.01484375 0.01953125
0 0.5296875 0.14296875 0.01875 0.02578125
0 0.55546875 0.128125 0.0171875 0.0296875
0 0.49140625 0.10546875 0.01640625 0.02578125
0 0.9578125 0.1390625 0.021875 0.02734375
0 0.7765625 0.0453125 0.015625 0.021875
0 0.5921875 0.0328125 0.01484375 0.02109375
0 0.7453125 0.39921875 0.0390625 0.05625
0 0.721875 0.75625 0.059375 0.0859375
0 0.528125 0.00703125 0.01484375 0.0140625
0 0.01484375 0.14375 0.021875 0.0328125
0 0.92109375 0.55 0.04609375 0.05078125
0 0.01328125 0.26796875 0.0265625 0.0390625
0 0.73671875 0.05625 0.01484375 0.021875
0 0.5140625 0.0609375 0.015625 0.0234375
0 0.1453125 0.14296875 0.021875 0.03125
0 0.04375 0.2046875 0.0265625 0.0328125
0 0.340625 0.09375 0.0171875 0.02578125
0 0.4671875 0.08671875 0.0140625 0.025
0 0.5265625 0.08046875 0.01875 0.02578125
0 0.9296875 0.60546875 0.05078125 0.0625
0 0.95390625 0.1765625 0.02734375 0.03515625
0 0.55625 0.08515625 0.01484375 0.025
0 0.57734375 0.01015625 0.0140625 0.0203125
0 0.55234375 0.03046875 0.01640625 0.025
0 0.99296875 0.08828125 0.01171875 0.02890625
0 0.1203125 0.0125 0.015625 0.025
0 0.41953125 0.43515625 0.0359375 0.0546875
0 0.85625 0.0484375 0.01640625 0.01953125
0 0.50625 0.0265625 0.01484375 0.01953125
0 0.91796875 0.0109375 0.0140625 0.01953125
0 0.825 0.0515625 0.01484375 0.021875
0 0.72109375 0.021875 0.01484375 0.0234375
0 0.8171875 0.0078125 0.01484375 0.015625
0 0.0734375 0.2828125 0.0234375 0.02890625
0 0.18828125 0.0078125 0.01484375 0.015625
0 0.1625 0.0296875 0.01484375 0.0234375
0 0.6921875 0.04453125 0.01484375 0.0234375
0 0.99296875 0.3421875 0.0125 0.04921875
0 0.0234375 0.09296875 0.0171875 0.025
0 0.36015625 0.20703125 0.02734375 0.0390625
0 0.09453125 0.00625 0.015625 0.01171875
0 0.96171875 0.10703125 0.0171875 0.02578125
0 0.41328125 0.08671875 0.0140625 0.01953125
0 0.0765625 0.1359375 0.0171875 0.021875
0 0.30625 0.1 0.01875 0.02578125
0 0.0125 0.1171875 0.0171875 0.0234375