0 0.64921875 0.45 0.03046875 0.0484375
0 0.3359375 0.43671875 0.0390625 0.05078125
0 0.534375 0.49921875 0.03046875 0.05078125
0 0.58515625 0.44140625 0.028125 0.0390625
0 0.82734375 0.39140625 0.03203125 0.0453125
0 0.4015625 0.57578125 0.0375 0.05703125
0 0.58046875 0.71015625 0.05546875 0.0765625
0 0.878125 0.4046875 0.03828125 0.05234375
0 0.759375 0.32421875 0.0296875 0.04453125
0 0.75703125 0.56953125 0.046875 0.0640625
0 0.165625 0.346875 0.0421875 0.05859375
0 0.54609375 0.3265625 0.03125 0.046875
0 0.634375 0.3140625 0.03046875 0.04453125
0 0.78828125 0.3421875 0.034375 0.0484375
0 0.9265625 0.31015625 0.03125 0.04140625
0 0.50078125 0.63671875 0.04765625 0.0703125
0 0.22578125 0.93203125 0.078125 0.09609375
0 0.28046875 0.44765625 0.04375 0.0625
0 0.08125 0.50625 0.05078125 0.0546875
0 0.06796875 0.56875 0.05546875 0.0609375
0 0.565625 0.49296875 0.0359375 0.05625
0 0.71015625 0.1765625 0.0234375 0.0375
0 0.73125 0.19765625 0.02421875 0.03359375
0 0.89921875 0.61875 0.05390625 0.08046875
0 0.92890625 0.17421875 0.02734375 0.03671875
0 0.96484375 0.725 0.06875 0.15078125
0 0.9 0.26015625 0.0265625 0.03671875
0 0.46796875 0.24296875 0.0265625 0.0375
0 0.8640625 0.26328125 0.0296875 0.0390625
0 0.9546875 0.325 0.03125 0.0375
0 0.21953125 0.54921875 0.05078125 0.08046875
0 0.54375 0.25546875 0.025 0.0390625