0 0.29921875 0.4125 0.02421875 0.0421875
0 0.66015625 0.3109375 0.0234375 0.040625
0 0.74296875 0.44375 0.03125 0.046875
0 0.57734375 0.8046875 0.0515625 0.07578125
0 0.40703125 0.52109375 0.03046875 0.05
0 0.08359375 0.41171875 0.0265625 0.046875
0 0.634375 0.33125 0.0234375 0.040625
0 0.81875 0.45078125 0.0265625 0.05
0 0.228125 0.7625 0.0484375 0.08359375
0 0.15859375 0.69375 0.05 0.090625
0 0.9390625 0.83125 0.0546875 0.09765625
0 0.1125 0.803125 0.05078125 0.090625
0 0.4453125 0.40703125 0.02734375 0.05
0 0.47734375 0.79140625 0.0421875 0.07890625
0 0.46171875 0.49609375 0.03203125 0.05546875
0 0.521875 0.365625 0.025 0.0484375
0 0.69140625 0.86015625 0.046875 0.0875
0 0.2734375 0.39453125 0.02734375 0.05
0 0.95234375 0.52265625 0.034375 0.05
0 0.4015625 0.3546875 0.02421875 0.04375
0 0.8046875 0.66796875 0.046875 0.071875
0 0.55703125 0.88125 0.0515625 0.0890625
0 0.684375 0.52734375 0.03046875 0.046875
0 0.9640625 0.303125 0.02265625 0.03359375
0 0.91796875 0.53125 0.03125 0.05234375
0 0.7890625 0.79609375 0.046875 0.07734375
0 0.36171875 0.384375 0.02421875 0.0421875
0 0.81953125 0.58515625 0.0390625 0.05234375
0 0.87890625 0.80859375 0.053125 0.09921875
0 0.9453125 0.6921875 0.046875 0.0703125
0 0.56328125 0.2828125 0.0203125 0.03046875
0 0.14140625 0.25078125 0.021875 0.03203125
0 0.28046875 0.8171875 0.05 0.090625
0 0.02421875 0.375 0.028125 0.040625
0 0.25859375 0.590625 0.03828125 0.0625
0 0.77421875 0.3203125 0.02265625 0.0390625
0 0.38359375 0.7578125 0.0484375 0.0875
0 0.18828125 0.3296875 0.02265625 0.03515625
0 0.428125 0.32421875 0.01953125 0.03828125
0 0.19609375 0.42890625 0.03046875 0.05
0 0.03515625 0.7515625 0.053125 0.09375
0 0.34453125 0.84921875 0.053125 0.09765625
0 0.59765625 0.3328125 0.0234375 0.04375
0 0.2796875 0.45625 0.034375 0.05703125
0 0.328125 0.32109375 0.0234375 0.03515625
0 0.92734375 0.353125 0.02265625 0.046875
0 0.4671875 0.4375 0.028125 0.0484375
0 0.409375 0.68203125 0.03828125 0.05859375
0 0.253125 0.13984375 0.01640625 0.0265625
0 0.6546875 0.37890625 0.0265625 0.03671875
0 0.4984375 0.52109375 0.03203125 0.05859375
0 0.67109375 0.78515625 0.0484375 0.08203125
0 0.809375 0.40703125 0.02421875 0.040625
0 0.01640625 0.22421875 0.021875 0.03359375
0 0.1296875 0.40546875 0.0296875 0.05
0 0.23359375 0.3828125 0.0265625 0.046875
0 0.2046875 0.3578125 0.025 0.040625
0 0.728125 0.3765625 0.02734375 0.05
0 0.56953125 0.3140625 0.021875 0.03828125
0 0.89609375 0.61640625 0.03828125 0.0625
0 0.1203125 0.4765625 0.03515625 0.05703125
0 0.87578125 0.5484375 0.034375 0.05703125
0 0.971875 0.34765625 0.025 0.040625
0 0.89296875 0.45625 0.03203125 0.05390625
0 0.4046875 0.315625 0.01953125 0.03515625
0 0.3328125 0.2796875 0.021875 0.03359375
0 0.528125 0.1515625 0.01484375 0.0234375
0 0.3734375 0.3125 0.0234375 0.03828125
0 0.61875 0.48828125 0.03203125 0.065625
0 0.6453125 0.68515625 0.046875 0.07421875
0 0.71953125 0.50625 0.025 0.05
0 0.26484375 0.3078125 0.02265625 0.040625
0 0.61171875 0.37421875 0.02421875 0.0453125
0 0.76796875 0.396875 0.028125 0.05
0 0.04375 0.4296875 0.025 0.05078125
0 0.20546875 0.20703125 0.01875 0.03203125
0 0.134375 0.18359375 0.01875 0.0265625
0 0.0609375 0.25 0.0203125 0.03203125
0 0.51640625 0.27890625 0.021875 0.03203125
0 0.6421875 0.4171875 0.0234375 0.046875
0 0.22109375 0.178125 0.01875 0.02890625
0 0.45390625 0.3390625 0.021875 0.040625
0 0.35859375 0.20078125 0.01640625 0.03046875
0 0.9015625 0.35390625 0.0234375 0.0421875
0 0.53203125 0.775 0.04296875 0.084375
0 0.571875 0.36171875 0.0234375 0.046875
0 0.44453125 0.2359375 0.01953125 0.03046875
0 0.8703125 0.2390625 0.0203125 0.03203125
0 0.2734375 0.20234375 0.0171875 0.028125
0 0.640625 0.215625 0.01953125 0.03046875
0 0.48125 0.31015625 0.025 0.0453125
0 0.384375 0.459375 0.03046875 0.0421875
0 0.63203125 0.290625 0.021875 0.03515625
0 0.18046875 0.22421875 0.0171875 0.03046875
0 0.03203125 0.5171875 0.03046875 0.05078125
0 0.30859375 0.21484375 0.0171875 0.02890625
0 0.3078125 0.1546875 0.015625 0.0265625
0 0.56875 0.11875 0.01484375 0.025
0 0.44453125 0.29609375 0.0234375 0.03828125
0 0.32890625 0.12109375 0.015625 0.0234375
0 0.00625 0.2609375 0.0125 0.03515625
0 0.23359375 0.21015625 0.01953125 0.02890625
0 0.7765625 0.61484375 0.03984375 0.0609375
0 0.09609375 0.20234375 0.01875 0.03046875
0 0.92578125 0.1765625 0.015625 0.02890625
0 0.50625 0.31796875 0.0203125 0.04375
0 0.92734375 0.20625 0.01875 0.03359375
0 0.0765625 0.18203125 0.015625 0.025
0 0.7328125 0.303125 0.0203125 0.0390625
0 0.86796875 0.2046875 0.0171875 0.03203125
0 0.73359375 0.25390625 0.01953125 0.02890625
0 0.68203125 0.33359375 0.02265625 0.0390625
0 0.31640625 0.53984375 0.0328125 0.05234375
0 0.071875 0.565625 0.03515625 0.065625
0 0.39375 0.0828125 0.0140625 0.021875
0 0.68203125 0.13125 0.01484375 0.0234375
0 0.8453125 0.303125 0.02265625 0.0453125
0 0.06015625 0.20234375 0.0203125 0.03359375
0 0.59453125 0.140625 0.015625 0.025
0 0.6703125 0.27109375 0.021875 0.03359375
0 0.8359375 0.228125 0.01953125 0.03359375
0 0.54375 0.2171875 0.0171875 0.03203125
0 0.6453125 0.25 0.021875 0.03515625
0 0.228125 0.42890625 0.02265625 0.05
0 0.21484375 0.48359375 0.03125 0.05234375
0 0.35859375 0.4296875 0.02265625 0.0484375
0 0.35234375 0.08046875 0.0140625 0.0234375
0 0.63828125 0.14921875 0.01484375 0.0265625
0 0.18046875 0.10625 0.01484375 0.0234375
0 0.73125 0.0109375 0.015625 0.021875
0 0.02109375 0.1640625 0.01640625 0.025
0 0.74296875 0.34140625 0.02265625 0.03203125
0 0.30234375 0.309375 0.01875 0.03828125
0 0.65859375 0.2109375 0.01484375 0.03046875
0 0.54609375 0.134375 0.01484375 0.0265625
0 0.1796875 0.2640625 0.021875 0.03515625
0 0.99296875 0.20234375 0.0125 0.03046875
0 0.86796875 0.1453125 0.01640625 0.028125
0 0.3265625 0.21875 0.015625 0.03203125
0 0.30546875 0.06953125 0.01484375 0.021875
0 0.2765625 0.12734375 0.01640625 0.0265625
0 0.865625 0.1171875 0.01484375 0.025
0 0.2984375 0.18359375 0.0171875 0.028125
0 0.2921875 0.11171875 0.015625 0.021875
0 0.30546875 0.09453125 0.01484375 0.0265625
0 0.87734375 0.37109375 0.02421875 0.03828125
0 0.9484375 0.3328125 0.0203125 0.03828125
0 0.96953125 0.63828125 0.03515625 0.05546875
0 0.6453125 0.1046875 0.01484375 0.025
0 0.60859375 0.11640625 0.01484375 0.025
0 0.0765625 0.31015625 0.021875 0.0390625
0 0.0921875 0.27890625 0.0203125 0.03203125
0 0.79609375 0.246875 0.0203125 0.03203125
0 0.20234375 0.128125 0.01484375 0.021875
0 0.07734375 0.15390625 0.01875 0.028125
0 0.0109375 0.3 0.021875 0.0421875
0 0.5265625 0.19375 0.01640625 0.03046875
0 0.58046875 0.18515625 0.01640625 0.02890625
0 0.6203125 0.1796875 0.01484375 0.0265625
0 0.4265625 0.18671875 0.0171875 0.0265625
0 0.7484375 0.51796875 0.03125 0.05546875
0 0.03984375 0.85 0.0484375 0.08359375
0 0.9625 0.1921875 0.0171875 0.03046875
0 0.8046875 0.0078125 0.015625 0.015625
0 0.42734375 0.13515625 0.01484375 0.021875
0 0.415625 0.065625 0.0125 0.0234375
0 0.290625 0.26640625 0.0203125 0.03359375
0 0.2796875 0.740625 0.04296875 0.0421875
0 0.5203125 0.04375 0.0140625 0.0203125
0 0.940625 0.284375 0.02265625 0.03828125
0 0.165625 0.1671875 0.01953125 0.028125
0 0.6828125 0.2265625 0.01875 0.03515625
0 0.821875 0.25 0.0203125 0.03515625
0 0.4921875 0.18203125 0.0171875 0.03046875
0 0.36875 0.25 0.0171875 0.03359375
0 0.790625 0.28671875 0.0203125 0.0390625
0 0.3265625 0.15859375 0.015625 0.025
0 0.2453125 0.18203125 0.0171875 0.028125
0 0.28203125 0.22890625 0.01953125 0.03203125
0 0.98203125 0.26171875 0.0203125 0.03359375
0 0.9484375 0.05859375 0.015625 0.0265625
0 0.82734375 0.14453125 0.015625 0.0265625
0 0.25078125 0.1046875 0.015625 0.028125
0 0.89921875 0.17421875 0.01875 0.03046875
0 0.03203125 0.25 0.02265625 0.03203125
0 0.25703125 0.36015625 0.0234375 0.03671875
0 0.53203125 0.31875 0.021875 0.03359375
0 0.2796875 0.171875 0.01640625 0.025
0 0.83359375 0.11953125 0.01484375 0.0265625
0 0.8796875 0.2703125 0.021875 0.03515625
0 0.37421875 0.35 0.02421875 0.03671875
0 0.35 0.25859375 0.01875 0.03515625
0 0.5296875 0.10859375 0.01484375 0.025
0 0.58046875 0.009375 0.01484375 0.01875
0 0.4296875 0.15859375 0.015625 0.025
0 0.17109375 0.128125 0.01484375 0.0234375
0 0.2390625 0.2390625 0.01953125 0.03046875
0 0.00390625 0.153125 0.0078125 0.0265625
0 0.5015625 0.25234375 0.0171875 0.03203125
0 0.46953125 0.2234375 0.01875 0.02890625
0 0.8109375 0.3625 0.0234375 0.0421875
0 0.509375 0.16796875 0.01484375 0.0265625
0 0.54765625 0.25625 0.021875 0.03359375
0 0.29375 0.1421875 0.01484375 0.025
0 0.20703125 0.3125 0.021875 0.03203125
0 0.78046875 0.15859375 0.01484375 0.028125
0 0.68203125 0.01484375 0.01484375 0.0234375
0 0.81171875 0.1859375 0.01875 0.03671875
0 0.54765625 0.1046875 0.015625 0.025
0 0.8296875 0.18203125 0.01484375 0.028125
0 0.915625 0.309375 0.02421875 0.03828125
0 0.1140625 0.18515625 0.01953125 0.02890625
0 0.69140625 0.1578125 0.015625 0.0265625
0 0.73515625 0.1109375 0.015625 0.0265625
0 0.44375 0.01796875 0.0125 0.01875
0 0.31484375 0.18125 0.01484375 0.0234375
0 0.73046875 0.1453125 0.0140625 0.025
0 0.478125 0.390625 0.02265625 0.0421875
0 0.2796875 0.06484375 0.0140625 0.021875
0 0.5421875 0.17109375 0.015625 0.02890625
0 0.7078125 0.15546875 0.01484375 0.028125
0 0.9671875 0.12890625 0.015625 0.025
0 0.2140625 0.27890625 0.02265625 0.03515625
0 0.3875 0.24375 0.01875 0.03515625
0 0.3421875 0.10078125 0.01484375 0.0234375
0 0.13046875 0.11796875 0.01484375 0.0203125
0 0.49140625 0.59765625 0.040625 0.08046875
0 0.8078125 0.0765625 0.01484375 0.025
0 0.56328125 0.19375 0.0171875 0.03046875
0 0.59453125 0.43046875 0.03046875 0.05234375
0 0.5578125 0.0171875 0.0140625 0.0234375
0 0.17890625 0.02890625 0.0140625 0.0203125
0 0.70703125 0.109375 0.015625 0.0265625
0 0.1375 0.1421875 0.0171875 0.028125
0 0.2140625 0.24375 0.01640625 0.02890625
0 0.29609375 0.04140625 0.0140625 0.021875
0 0.3578125 0.1234375 0.015625 0.025
0 0.67109375 0.06953125 0.0125 0.025
0 0.52734375 0.22890625 0.0171875 0.03203125
0 0.028125 0.1890625 0.01875 0.03046875
0 0.7375 0.17734375 0.01484375 0.03046875
0 0.61875 0.0296875 0.0140625 0.021875
0 0.96640625 0.22421875 0.0203125 0.03046875
0 0.1109375 0.15703125 0.0171875 0.025
0 0.27109375 0.10390625 0.01484375 0.0234375
0 0.3734375 0.0921875 0.01484375 0.0265625
0 0.92265625 0.24609375 0.0203125 0.0421875
0 0.7828125 0.19296875 0.01640625 0.03203125
0 0.4921875 0.1515625 0.015625 0.0234375
0 0.1546875 0.0515625 0.0140625 0.021875
0 0.340625 0.36640625 0.01875 0.03828125
0 0.75078125 0.2375 0.021875 0.03671875
0 0.33046875 0.18984375 0.01640625 0.0265625
0 0.34609375 0.1515625 0.01484375 0.0265625
0 0.07890625 0.128125 0.015625 0.0234375
0 0.46171875 0.0390625 0.0140625 0.021875
0 0.0953125 0.1203125 0.01640625 0.025
0 0.43125 0.07578125 0.0125 0.0234375
0 0.921875 0.1484375 0.015625 0.025
0 0.175 0.38828125 0.0265625 0.05
0 0.2140625 0.1484375 0.0171875 0.025
0 0.48671875 0.10703125 0.01484375 0.025
0 0.4640625 0.115625 0.0140625 0.0234375
0 0.3078125 0.490625 0.02734375 0.05
0 0.69453125 0.27421875 0.02265625 0.03828125
0 0.409375 0.10625 0.01484375 0.0265625
0 0.80546875 0.12265625 0.01484375 0.0265625
0 0.26484375 0.03203125 0.0140625 0.0203125
0 0.446875 0.20546875 0.01640625 0.02890625
0 0.134375 0.30625 0.02265625 0.02890625
0 0.4953125 0.1296875 0.015625 0.0234375
0 0.21640625 0.084375 0.01484375 0.0234375
0 0.3109375 0.37734375 0.0265625 0.03671875
0 0.7078125 0.240625 0.01953125 0.03203125
0 0.3671875 0.96015625 0.0625 0.07734375
0 0.83671875 0.0109375 0.01484375 0.021875
0 0.1625 0.23828125 0.01875 0.03203125
0 0.1703125 0.19609375 0.021875 0.03046875
0 0.30390625 0.01796875 0.0140625 0.021875
0 0.95390625 0.10390625 0.015625 0.0265625
0 0.665625 0.4203125 0.02734375 0.05
0 0.0484375 0.3015625 0.0203125 0.03671875
0 0.0609375 0.06328125 0.0140625 0.021875
0 0.14453125 0.34140625 0.02734375 0.040625
0 0.04765625 0.1546875 0.015625 0.0265625
0 0.4078125 0.25 0.0171875 0.03515625
0 0.5921875 0.22578125 0.01953125 0.028125
0 0.47265625 0.18984375 0.0171875 0.02890625
0 0.4046875 0.215625 0.0171875 0.03046875
0 0.25625 0.05703125 0.0125 0.0203125
0 0.69453125 0.19453125 0.01484375 0.0265625
0 0.7484375 0.14921875 0.015625 0.0265625
0 0.86875 0.00703125 0.015625 0.0140625
0 0.90859375 0.13203125 0.01484375 0.025
0 0.69375 0.09375 0.01484375 0.0265625
0 0.509375 0.22265625 0.01875 0.03359375
0 0.08046875 0.04296875 0.0125 0.01875
0 0.58046875 0.059375 0.0125 0.021875
0 0.1 0.35234375 0.02421875 0.0390625
0 0.646875 0.18984375 0.01484375 0.0265625