1 0.49921875 0.5734375 0.9921875 0.83515625
1 0.34609375 0.5328125 0.04609375 0.08515625
1 0.31484375 0.65 0.04765625 0.09453125
1 0.4359375 0.6375 0.0546875 0.11171875
1 0.4859375 0.81171875 0.06640625 0.1234375
1 0.3546875 0.91875 0.1140625 0.15234375
1 0.384375 0.74765625 0.05625 0.1171875
1 0.56171875 0.725 0.0765625 0.1375
1 0.78046875 0.596875 0.05390625 0.09765625
1 0.65390625 0.615625 0.059375 0.09453125
1 0.89296875 0.7734375 0.0578125 0.1296875
1 0.57734375 0.48359375 0.0375 0.071875
1 0.77578125 0.7484375 0.075 0.10703125
1 0.6828125 0.95 0.0796875 0.08984375
1 0.25625 0.73515625 0.0625 0.1171875
1 0.44375 0.509375 0.0421875 0.075
1 0.33515625 0.44921875 0.0375 0.0765625
1 0.6140625 0.4203125 0.03203125 0.065625
1 0.8609375 0.6765625 0.046875 0.08828125
1 0.140625 0.82734375 0.06640625 0.10390625
1 0.22578125 0.91796875 0.05078125 0.11171875
1 0.4328125 0.446875 0.040625 0.06875
1 0.42109375 0.7015625 0.15 0.24296875
1 0.21171875 0.61875 0.05078125 0.09296875
1 0.01484375 0.625 0.0296875 0.10625
1 0.9390625 0.6125 0.0421875 0.09140625
1 0.1359375 0.696875 0.0484375 0.11171875
1 0.17421875 0.48671875 0.034375 0.0734375
1 0.57421875 0.54375 0.1015625 0.1921875
1 0.7203125 0.3953125 0.03046875 0.0578125
1 0.0953125 0.71484375 0.03984375 0.09453125
1 0.25625 0.7984375 0.15234375 0.24765625
1 0.38828125 0.78828125 0.1125 0.203125
1 0.034375 0.9015625 0.06875 0.15390625
1 0.553125 0.409375 0.0296875 0.04921875
1 0.3 0.403125 0.034375 0.0765625
1 0.478125 0.871875 0.13984375 0.24453125
1 0.06484375 0.5796875 0.0359375 0.08125
1 0.7453125 0.725 0.0484375 0.08828125
1 0.60625 0.89921875 0.071875 0.10390625
1 0.2015625 0.45859375 0.03203125 0.0625
1 0.64140625 0.41796875 0.028125 0.0578125
1 0.78984375 0.434375 0.03046875 0.059375
1 0.63828125 0.36640625 0.0265625 0.04296875
1 0.6890625 0.45 0.034375 0.0671875
1 0.2328125 0.35703125 0.0265625 0.0515625
1 0.425 0.57421875 0.04375 0.0671875
1 0.8328125 0.4703125 0.03203125 0.0609375
1 0.2765625 0.38671875 0.028125 0.059375
1 0.85546875 0.8296875 0.134375 0.24609375
1 0.49296875 0.4359375 0.028125 0.065625
1 0.38671875 0.30859375 0.025 0.0546875
1 0.88125 0.471875 0.03125 0.0609375
1 0.175 0.5765625 0.0453125 0.08671875
1 0.52265625 0.65546875 0.04765625 0.08125
1 0.871875 0.559375 0.034375 0.065625
1 0.72734375 0.80703125 0.17265625 0.23984375
1 0.753125 0.5078125 0.03984375 0.0625
1 0.1625 0.88203125 0.1109375 0.2125
1 0.52109375 0.36875 0.02421875 0.04453125
1 0.590625 0.7609375 0.15 0.209375
1 0.915625 0.51875 0.03046875 0.0609375
1 0.4140625 0.36875 0.0234375 0.04140625
1 0.14765625 0.48515625 0.03203125 0.0734375
1 0.64140625 0.51171875 0.04296875 0.0765625
1 0.34296875 0.596875 0.1078125 0.2140625
1 0.453125 0.33125 0.02734375 0.04921875
1 0.03359375 0.51171875 0.03828125 0.0796875
1 0.9375 0.76875 0.040625 0.09296875
1 0.5640625 0.3625 0.0265625 0.04765625
1 0.14375 0.4203125 0.03046875 0.04765625
1 0.5125 0.41328125 0.03046875 0.0625
1 0.31015625 0.7 0.096875 0.20625
1 0.91875 0.95390625 0.05625 0.0828125
1 0.10234375 0.57734375 0.0421875 0.0703125
1 0.265625 0.46015625 0.03125 0.053125
1 0.39921875 0.403125 0.03203125 0.0578125
1 0.615625 0.45078125 0.06953125 0.1296875
1 0.07578125 0.91015625 0.14921875 0.17109375
1 0.95859375 0.8625 0.03984375 0.0828125
1 0.9796875 0.671875 0.0359375 0.0828125
1 0.5453125 0.4546875 0.04296875 0.0671875
1 0.0984375 0.52265625 0.0375 0.05625
1 0.6453125 0.675 0.08671875 0.21640625
1 0.734375 0.44609375 0.03515625 0.0609375
1 0.76953125 0.94296875 0.05625 0.09921875
1 0.0421875 0.8234375 0.0546875 0.10546875
1 0.165625 0.73515625 0.1125 0.1875
1 0.0921875 0.41015625 0.028125 0.04453125
1 0.45078125 0.2953125 0.02265625 0.04140625
1 0.16953125 0.3734375 0.0265625 0.04765625
1 0.4484375 0.4953125 0.0921875 0.23359375
1 0.615625 0.30234375 0.025 0.04609375
1 0.559375 0.59765625 0.034375 0.065625
1 0.0515625 0.39921875 0.03046875 0.053125
1 0.259375 0.50390625 0.0453125 0.0671875
1 0.1234375 0.49453125 0.03125 0.0640625
1 0.2203125 0.409375 0.0296875 0.04296875
1 0.36015625 0.4890625 0.10625 0.17265625
1 0.77265625 0.471875 0.03203125 0.0578125
1 0.76328125 0.66015625 0.128125 0.22421875
1 0.22578125 0.92890625 0.0890625 0.1328125
1 0.37578125 0.4953125 0.03828125 0.08125
1 0.2171875 0.65234375 0.08515625 0.16640625