0 0.5796875 0.96875 0.025 0.03671875
0 0.415625 0.96953125 0.028125 0.03359375
0 0.20234375 0.72265625 0.01875 0.028125
0 0.290625 0.7515625 0.01875 0.0296875
0 0.75625 0.97265625 0.0265625 0.028125
0 0.6625 0.91484375 0.02265625 0.03515625
0 0.2921875 0.78984375 0.021875 0.03203125
0 0.403125 0.7765625 0.01875 0.0296875
0 0.2171875 0.84453125 0.021875 0.03359375
0 0.5140625 0.86640625 0.0171875 0.03203125
0 0.4578125 0.88515625 0.021875 0.03203125
0 0.503125 0.90234375 0.0171875 0.03359375
0 0.36796875 0.86328125 0.0203125 0.03203125
0 0.28046875 0.91484375 0.0234375 0.04140625
0 0.4171875 0.81328125 0.0171875 0.03203125
0 0.2328125 0.69375 0.015625 0.025
0 0.5640625 0.74375 0.0171875 0.0296875
0 0.40703125 0.90078125 0.02265625 0.03359375
0 0.1203125 0.85234375 0.01953125 0.03125
0 0.8953125 0.84375 0.01953125 0.03125
0 0.47578125 0.96015625 0.025 0.03828125
0 0.58203125 0.68515625 0.0171875 0.0296875
0 0.3078125 0.89375 0.02265625 0.03671875
0 0.48125 0.90703125 0.02265625 0.03515625
0 0.27890625 0.82421875 0.0203125 0.03359375
0 0.34296875 0.80546875 0.01875 0.03359375
0 0.1828125 0.82578125 0.0203125 0.028125
0 0.109375 0.93125 0.025 0.03984375
0 0.2625 0.73125 0.01875 0.03125
0 0.61015625 0.81484375 0.0171875 0.03203125
0 0.19296875 0.9703125 0.0265625 0.03203125
0 0.15234375 0.72734375 0.0171875 0.025
0 0.1546875 0.75625 0.0171875 0.0265625
0 0.10859375 0.7703125 0.0203125 0.03203125
0 0.45546875 0.92265625 0.02265625 0.03984375
0 0.4796875 0.85703125 0.0171875 0.03203125
0 0.7765625 0.91328125 0.0234375 0.03515625
0 0.3421875 0.86796875 0.021875 0.03203125
0 0.34375 0.91328125 0.0234375 0.03828125
0 0.7171875 0.915625 0.021875 0.03359375
0 0.234375 0.88671875 0.021875 0.03515625
0 0.1421875 0.89921875 0.0234375 0.03359375
0 0.3859375 0.79921875 0.0171875 0.03125
0 0.8984375 0.90625 0.0234375 0.03515625
0 0.54375 0.72265625 0.01875 0.03125
0 0.2609375 0.88515625 0.021875 0.03828125
0 0.25546875 0.67265625 0.01484375 0.025
0 0.8171875 0.6859375 0.01484375 0.021875
0 0.09453125 0.79765625 0.01953125 0.028125
0 0.3921875 0.84375 0.01953125 0.03359375
0 0.57734375 0.87578125 0.01953125 0.03671875
0 0.41328125 0.93984375 0.0234375 0.0296875
0 0.1265625 0.65 0.01640625 0.0234375
0 0.72578125 0.77890625 0.01953125 0.03125
0 0.178125 0.85859375 0.0203125 0.03203125
0 0.4328125 0.85859375 0.01953125 0.03203125
0 0.075 0.76875 0.0203125 0.03125
0 0.06640625 0.64140625 0.015625 0.0203125
0 0.52265625 0.91328125 0.02265625 0.03515625
0 0.196875 0.92578125 0.0234375 0.03984375
0 0.37734375 0.76953125 0.01875 0.025
0 0.7859375 0.746875 0.0171875 0.0265625
0 0.7171875 0.709375 0.01484375 0.021875
0 0.6140625 0.9875 0.02265625 0.021875
0 0.42890625 0.659375 0.0171875 0.028125
0 0.3078125 0.81640625 0.021875 0.03203125
0 0.5296875 0.81875 0.0171875 0.0265625
0 0.0421875 0.6578125 0.015625 0.025
0 0.2765625 0.67578125 0.01640625 0.021875
0 0.2046875 0.6953125 0.015625 0.0234375
0 0.6796875 0.97734375 0.025 0.021875
0 0.69609375 0.7265625 0.0171875 0.0265625
0 0.17890625 0.665625 0.01640625 0.028125
0 0.0703125 0.6890625 0.0171875 0.028125
0 0.9171875 0.703125 0.015625 0.0265625
0 0.4640625 0.83828125 0.01953125 0.03203125
0 0.228125 0.63125 0.01640625 0.021875
0 0.57734375 0.7953125 0.01875 0.0296875
0 0.08203125 0.5953125 0.015625 0.0203125
0 0.6234375 0.6609375 0.0171875 0.025
0 0.87890625 0.69140625 0.015625 0.0234375
0 0.2484375 0.8421875 0.021875 0.03359375
0 0.30625 0.7 0.01875 0.0265625
0 0.7078125 0.97421875 0.02265625 0.025
0 0.4953125 0.70078125 0.01640625 0.025
0 0.70234375 0.94375 0.0234375 0.03203125
0 0.4125 0.68203125 0.01640625 0.0265625
0 0.45859375 0.7375 0.01640625 0.025
0 0.77578125 0.72109375 0.01640625 0.025
0 0.4671875 0.58984375 0.01484375 0.0234375
0 0.14765625 0.665625 0.01640625 0.025
0 0.375 0.7359375 0.0171875 0.028125
0 0.0546875 0.61796875 0.015625 0.0203125
0 0.153125 0.55859375 0.0140625 0.01796875
0 0.503125 0.83984375 0.01640625 0.0265625
0 0.08515625 0.71875 0.01640625 0.025
0 0.090625 0.74375 0.01875 0.028125
0 0.8078125 0.73984375 0.01875 0.0265625
0 0.75703125 0.84453125 0.0171875 0.025
0 0.7296875 0.725 0.01484375 0.0234375
0 0.940625 0.7109375 0.0171875 0.025
0 0.2953125 0.859375 0.021875 0.03125
0 0.80546875 0.63984375 0.01484375 0.0203125
0 0.39921875 0.7390625 0.01640625 0.025
0 0.325 0.73359375 0.0171875 0.0234375
0 0.55859375 0.840625 0.0171875 0.03125
0 0.85625 0.64140625 0.0140625 0.0203125
0 0.10703125 0.89609375 0.0203125 0.025
0 0.11484375 0.66953125 0.01640625 0.021875
0 0.221875 0.6546875 0.01640625 0.0265625
0 0.09453125 0.61875 0.01484375 0.0234375
0 0.8484375 0.79765625 0.021875 0.03125
0 0.7015625 0.75859375 0.0171875 0.03203125
0 0.1234375 0.69375 0.01875 0.0234375
0 0.759375 0.6015625 0.0140625 0.0203125
0 0.84453125 0.715625 0.01640625 0.025
0 0.2328125 0.753125 0.021875 0.03203125
0 0.96953125 0.81015625 0.021875 0.03203125
0 0.665625 0.63125 0.0140625 0.0234375
0 0.859375 0.61328125 0.0140625 0.0234375
0 0.859375 0.5171875 0.01171875 0.01875
0 0.04609375 0.69375 0.01875 0.0265625
0 0.17109375 0.6 0.01640625 0.0234375
0 0.88203125 0.65546875 0.01484375 0.025
0 0.43359375 0.78125 0.0171875 0.028125
0 0.35625 0.74296875 0.0171875 0.0296875
0 0.84453125 0.51875 0.01171875 0.01796875
0 0.84296875 0.61875 0.0125 0.021875
0 0.353125 0.7734375 0.01875 0.0234375
0 0.8625 0.7390625 0.0171875 0.028125
0 0.5546875 0.8796875 0.0171875 0.0296875
0 0.13984375 0.6265625 0.01640625 0.0234375
0 0.07734375 0.8203125 0.0203125 0.0265625
0 0.49140625 0.56640625 0.01484375 0.0234375
0 0.7765625 0.58984375 0.0125 0.0203125
0 0.16484375 0.78125 0.01953125 0.03125
0 0.52421875 0.728125 0.01640625 0.0265625
0 0.70390625 0.696875 0.01484375 0.0234375
0 0.803125 0.85546875 0.0203125 0.03359375
0 0.67734375 0.696875 0.01484375 0.0234375
0 0.76796875 0.75625 0.01640625 0.028125
0 0.2453125 0.71484375 0.01640625 0.0234375
0 0.06875 0.66015625 0.01640625 0.0203125
0 0.7671875 0.70234375 0.01484375 0.021875
0 0.8421875 0.69140625 0.0140625 0.0203125
0 0.68046875 0.76328125 0.0171875 0.0265625
0 0.4921875 0.81875 0.0171875 0.028125
0 0.89609375 0.49296875 0.0125 0.01796875
0 0.9328125 0.6140625 0.0140625 0.021875
0 0.884375 0.61875 0.0140625 0.021875
0 0.32734375 0.51875 0.0140625 0.01875
0 0.1265625 0.96015625 0.02734375 0.03828125
0 0.34296875 0.6640625 0.01875 0.025
0 0.8203125 0.61875 0.0140625 0.0203125
0 0.0515625 0.75546875 0.01953125 0.03125
0 0.96796875 0.6859375 0.01484375 0.025
0 0.478125 0.76875 0.01875 0.0296875
0 0.8296875 0.74140625 0.0171875 0.0265625
0 0.46015625 0.7953125 0.01640625 0.0265625
0 0.7453125 0.6546875 0.0125 0.0203125
0 0.9390625 0.64140625 0.01640625 0.0234375
0 0.30234375 0.95546875 0.02421875 0.03359375
0 0.7796875 0.5671875 0.0125 0.01875
0 0.04609375 0.72578125 0.0203125 0.028125
0 0.165625 0.6296875 0.01640625 0.0234375
0 0.5296875 0.56953125 0.0140625 0.021875
0 0.3546875 0.51484375 0.0140625 0.01796875
0 0.88984375 0.58125 0.0125 0.01796875
0 0.76796875 0.45625 0.0109375 0.01640625
0 0.5140625 0.57890625 0.015625 0.025
0 0.7828125 0.54375 0.0140625 0.01796875
0 0.7046875 0.88671875 0.0234375 0.03203125
0 0.83359375 0.59296875 0.0125 0.01796875
0 0.3875 0.94453125 0.02421875 0.03984375
0 0.28203125 0.70546875 0.01640625 0.028125
0 0.9671875 0.53125 0.0125 0.01796875
0 0.03515625 0.9015625 0.021875 0.0296875
0 0.76875 0.78515625 0.01484375 0.0234375
0 0.95 0.77265625 0.01953125 0.028125
0 0.10078125 0.86640625 0.021875 0.03203125
0 0.740625 0.565625 0.01171875 0.01875
0 0.87109375 0.56875 0.0140625 0.01796875
0 0.64140625 0.78984375 0.015625 0.0296875
0 0.9171875 0.51875 0.0140625 0.01640625
0 0.03203125 0.93203125 0.02421875 0.03203125
0 0.95234375 0.54609375 0.0140625 0.01875
0 0.93125 0.48046875 0.0125 0.01640625
0 0.1390625 0.60234375 0.015625 0.01875
0 0.88984375 0.46875 0.01171875 0.01640625
0 0.7546875 0.67890625 0.01484375 0.025
0 0.109375 0.61875 0.0140625 0.021875
0 0.2546875 0.47890625 0.009375 0.01640625
0 0.93125 0.53203125 0.0125 0.01796875
0 0.6375 0.7546875 0.0171875 0.0265625
0 0.678125 0.71875 0.01484375 0.025
0 0.971875 0.5671875 0.01484375 0.01875
0 0.2703125 0.60546875 0.01484375 0.021875
0 0.81640625 0.78671875 0.01953125 0.0265625
0 0.43984375 0.7546875 0.01484375 0.0265625
0 0.8328125 0.503125 0.01171875 0.01796875
0 0.7296875 0.51875 0.009375 0.01640625
0 0.540625 0.46796875 0.01171875 0.01484375
0 0.40546875 0.56484375 0.0125 0.01796875
0 0.190625 0.59140625 0.01484375 0.0203125
0 0.81328125 0.66171875 0.0140625 0.0234375
0 0.9046875 0.81875 0.0203125 0.0265625
0 0.87890625 0.49140625 0.01171875 0.01796875
0 0.978125 0.9046875 0.0234375 0.03515625
0 0.79375 0.528125 0.01171875 0.01796875
0 0.33203125 0.46640625 0.009375 0.01796875
0 0.4890625 0.62890625 0.0171875 0.025
0 0.17109375 0.73515625 0.01640625 0.0234375
0 0.884375 0.7328125 0.0171875 0.021875
0 0.82109375 0.5578125 0.0140625 0.01875
0 0.0453125 0.53125 0.0140625 0.01640625
0 0.76953125 0.5046875 0.009375 0.01796875
0 0.9171875 0.63046875 0.01484375 0.025
0 0.76484375 0.64765625 0.0125 0.01875
0 0.93515625 0.79453125 0.0203125 0.03125
0 0.68828125 0.62734375 0.015625 0.01875
0 0.05234375 0.78359375 0.01875 0.0296875
0 0.7046875 0.6671875 0.01484375 0.025
0 0.89765625 0.64375 0.01484375 0.0234375
0 0.62578125 0.690625 0.015625 0.021875
0 0.725 0.61640625 0.01484375 0.0234375
0 0.6515625 0.96875 0.0234375 0.03359375
0 0.653125 0.53125 0.0140625 0.0203125
0 0.8421875 0.48046875 0.0109375 0.01640625
0 0.165625 0.95390625 0.02421875 0.04296875
0 0.1078125 0.64375 0.0171875 0.0265625
0 0.81875 0.93515625 0.02265625 0.04375
0 0.8328125 0.82109375 0.0171875 0.028125
0 0.846875 0.59453125 0.0125 0.01875
0 0.75390625 0.5546875 0.01171875 0.01796875
0 0.571875 0.47890625 0.0109375 0.01640625
0 0.11640625 0.56953125 0.0140625 0.01640625
0 0.84453125 0.53984375 0.0125 0.0203125
0 0.853125 0.86171875 0.02265625 0.03203125
0 0.48125 0.52890625 0.0109375 0.01640625
0 0.85234375 0.6640625 0.01484375 0.025
0 0.74453125 0.48046875 0.00859375 0.01328125
0 0.21953125 0.94921875 0.0265625 0.04296875
0 0.75546875 0.44375 0.0109375 0.01484375
0 0.84453125 0.45703125 0.01171875 0.01484375
0 0.3328125 0.640625 0.01484375 0.021875
0 0.021875 0.61640625 0.01875 0.0265625
0 0.16953125 0.44375 0.0109375 0.01328125
0 0.94453125 0.45625 0.01171875 0.01484375
0 0.04375 0.86484375 0.02265625 0.03828125
0 0.64296875 0.65625 0.01640625 0.025
0 0.09296875 0.69375 0.01484375 0.021875
0 0.28203125 0.46796875 0.009375 0.01484375
0 0.39140625 0.55625 0.0140625 0.01875
0 0.79609375 0.57890625 0.0125 0.01875
0 0.73203125 0.7515625 0.01484375 0.0234375
0 0.90546875 0.578125 0.0140625 0.01796875
0 0.8703125 0.46875 0.0109375 0.01640625
0 0.2453125 0.64765625 0.01640625 0.025
0 0.65703125 0.48125 0.00859375 0.01484375
0 0.0578125 0.54375 0.0125 0.01640625
0 0.8296875 0.52890625 0.01171875 0.01875
0 0.73359375 0.70234375 0.01484375 0.01875
0 0.7796875 0.66796875 0.01484375 0.0234375
0 0.79765625 0.66796875 0.015625 0.0234375
0 0.7046875 0.540625 0.0140625 0.01875
0 0.49375 0.5421875 0.0125 0.01640625
0 0.80546875 0.42890625 0.00859375 0.01640625
0 0.13125 0.47109375 0.0109375 0.01640625
0 0.753125 0.50859375 0.0109375 0.01796875
0 0.7828125 0.4921875 0.0109375 0.01640625
0 0.43828125 0.715625 0.01640625 0.025
0 0.92109375 0.43046875 0.0109375 0.01328125
0 0.07109375 0.61484375 0.0140625 0.01796875
0 0.728125 0.66015625 0.01484375 0.0234375
0 0.93125 0.76484375 0.01875 0.0296875
0 0.20234375 0.61875 0.0171875 0.0234375
0 0.96953125 0.48046875 0.0140625 0.01640625
0 0.34453125 0.69140625 0.01640625 0.0234375
0 0.290625 0.54296875 0.0140625 0.0203125
0 0.70625 0.49375 0.0109375 0.01484375
0 0.8078125 0.53828125 0.01171875 0.0203125
0 0.3671875 0.8328125 0.0171875 0.025
0 0.71953125 0.38125 0.00859375 0.01171875
0 0.6546875 0.50390625 0.01171875 0.01640625
0 0.571875 0.76875 0.01640625 0.021875
0 0.065625 0.59453125 0.0125 0.01875
0 0.8703125 0.43125 0.009375 0.01484375
0 0.753125 0.57890625 0.0140625 0.01875
0 0.71796875 0.48125 0.0109375 0.01484375
0 0.31953125 0.43046875 0.0078125 0.01015625
0 0.2796875 0.63046875 0.0140625 0.021875
0 0.790625 0.703125 0.01640625 0.0265625
0 0.81328125 0.71015625 0.015625 0.0234375
0 0.82890625 0.4421875 0.0109375 0.01328125
0 0.09140625 0.6671875 0.01640625 0.025
0 0.81171875 0.48671875 0.0109375 0.01796875
0 0.7515625 0.628125 0.01484375 0.0203125
0 0.84453125 0.4296875 0.009375 0.01484375
0 0.93125 0.58203125 0.0140625 0.01796875
0 0.69140625 0.53046875 0.01171875 0.01875