0 0.69296875 0.0375 0.04375 0.06875
0 0.59296875 0.17578125 0.04375 0.07265625
0 0.68046875 0.1640625 0.04375 0.0703125
0 0.78203125 0.1671875 0.0515625 0.08203125
0 0.78203125 0.36171875 0.0625 0.09375
0 0.70546875 0.5125 0.0734375 0.1078125
0 0.8390625 0.04375 0.05078125 0.0796875
0 0.11640625 0.5015625 0.0484375 0.0703125
0 0.4875 0.7796875 0.0875 0.12890625
0 0.0796875 0.6265625 0.0640625 0.08828125
0 0.6140625 0.4265625 0.059375 0.08984375
0 0.9328125 0.3125 0.0578125 0.09375
0 0.59453125 0.09375 0.046875 0.07265625
0 0.90703125 0.21796875 0.0609375 0.0875
0 0.3328125 0.40546875 0.053125 0.07421875
0 0.19375 0.25 0.03125 0.04453125
0 0.7640625 0.61796875 0.071875 0.0921875
0 0.2984375 0.2359375 0.03515625 0.0484375
0 0.40546875 0.66953125 0.08125 0.1171875
0 0.365625 0.8921875 0.09296875 0.1109375
0 0.3703125 0.18515625 0.034375 0.05703125
0 0.22265625 0.021875 0.0484375 0.04375
0 0.409375 0.0078125 0.03984375 0.015625
0 0.31640625 0.0125 0.040625 0.025
0 0.84296875 0.36875 0.0609375 0.0921875
0 0.26484375 0.065625 0.0375 0.0484375
0 0.17578125 0.98671875 0.046875 0.0234375
0 0.603125 0.61796875 0.07890625 0.10546875
0 0.975 0.784375 0.04765625 0.1578125
0 0.265625 0.00703125 0.03125 0.0140625