0 0.84765625 0.2265625 0.03125 0.04453125
0 0.71953125 0.29140625 0.03203125 0.046875
0 0.61171875 0.21796875 0.03203125 0.04296875
0 0.4390625 0.1390625 0.0171875 0.0296875
0 0.45390625 0.29375 0.0296875 0.0484375
0 0.890625 0.16796875 0.0234375 0.03671875
0 0.7078125 0.2375 0.0296875 0.04296875
0 0.1890625 0.40625 0.0453125 0.0625
0 0.2484375 0.3109375 0.0296875 0.040625
0 0.94375 0.24140625 0.028125 0.04296875
0 0.66015625 0.1765625 0.0234375 0.0328125
0 0.63203125 0.15078125 0.021875 0.03125
0 0.4984375 0.175 0.0265625 0.0375
0 0.76640625 0.03828125 0.015625 0.02734375
0 0.66875 0.49296875 0.0375 0.0609375
0 0.753125 0.19375 0.028125 0.0375
0 0.55234375 0.10625 0.01875 0.025
0 0.65703125 0.24140625 0.03125 0.04296875
0 0.734375 0.5296875 0.046875 0.0703125
0 0.88203125 0.28203125 0.03984375 0.05078125
0 0.7375 0.74765625 0.06328125 0.08828125
0 0.3234375 0.18046875 0.021875 0.0328125
0 0.8421875 0.021875 0.01640625 0.02578125
0 0.37734375 0.1921875 0.0203125 0.0328125
0 0.5296875 0.15703125 0.0203125 0.0296875
0 0.37421875 0.25625 0.0265625 0.04296875
0 0.68046875 0.08046875 0.0171875 0.02578125
0 0.10625 0.3375 0.03046875 0.0484375
0 0.29609375 0.1546875 0.0203125 0.03125
0 0.31875 0.39375 0.034375 0.05078125
0 0.3703125 0.478125 0.0390625 0.0609375
0 0.8375 0.146875 0.02421875 0.03671875
0 0.63984375 0.0875 0.0171875 0.02578125
0 0.3328125 0.34765625 0.0328125 0.0390625
0 0.26484375 0.24296875 0.0234375 0.0375
0 0.67734375 0.128125 0.02265625 0.0328125
0 0.79921875 0.1375 0.0203125 0.0328125
0 0.3953125 0.1328125 0.01953125 0.02890625
0 0.76484375 0.09921875 0.02265625 0.03125
0 0.196875 0.61953125 0.0484375 0.078125
0 0.740625 0.14453125 0.025 0.03359375
0 0.67109375 0.20625 0.028125 0.0328125
0 0.63984375 0.0484375 0.01484375 0.0234375
0 0.28828125 0.23671875 0.0234375 0.03671875
0 0.4625 0.15625 0.01875 0.03125
0 0.5578125 0.190625 0.02265625 0.03515625
0 0.7828125 0.94375 0.0828125 0.109375
0 0.753125 0.6578125 0.0671875 0.0859375
0 0.33671875 0.26328125 0.028125 0.0390625
0 0.43046875 0.36796875 0.03984375 0.05625
0 0.2078125 0.30078125 0.02734375 0.04140625
0 0.1109375 0.2390625 0.025 0.03515625
0 0.79375 0.21328125 0.0265625 0.04140625
0 0.721875 0.06171875 0.01875 0.025
0 0.53203125 0.1265625 0.01953125 0.0234375
0 0.4984375 0.13671875 0.01953125 0.02578125
0 0.3015625 0.2890625 0.025 0.03671875
0 0.6734375 0.0484375 0.015625 0.0234375
0 0.915625 0.0375 0.0171875 0.025
0 0.87734375 0.0640625 0.01875 0.0234375
0 0.56875 0.7171875 0.0578125 0.08828125
0 0.1640625 0.290625 0.0296875 0.0375
0 0.0578125 0.3125 0.028125 0.03671875
0 0.8671875 0.675 0.0703125 0.08984375
0 0.965625 0.11171875 0.02421875 0.03671875
0 0.0390625 0.359375 0.03515625 0.046875
0 0.17421875 0.2046875 0.0203125 0.0296875
0 0.77109375 0.00859375 0.01640625 0.0171875
0 0.7421875 0.08125 0.01953125 0.02734375
0 0.81328125 0.04296875 0.01875 0.0234375
0 0.35078125 0.225 0.021875 0.0296875
0 0.9125 0.0765625 0.0203125 0.03125
0 0.8734375 0.4546875 0.04609375 0.06640625
0 0.0921875 0.2875 0.0234375 0.0375
0 0.95234375 0.0484375 0.01953125 0.02578125
0 0.1453125 0.20546875 0.021875 0.03125
0 0.446875 0.109375 0.0203125 0.0234375
0 0.0265625 0.46875 0.0484375 0.0625
0 0.915625 0.19375 0.02421875 0.0390625
0 0.2125 0.20078125 0.0203125 0.02890625
0 0.88984375 0.0296875 0.0171875 0.02734375
0 0.05859375 0.61875 0.0625 0.07578125
0 0.26796875 0.190625 0.0203125 0.0296875
0 0.65859375 0.05078125 0.01484375 0.0234375
0 0.353125 0.175 0.01875 0.02734375
0 0.234375 0.27890625 0.02734375 0.03359375
0 0.96796875 0.07578125 0.01875 0.02578125
0 0.99375 0.1125 0.009375 0.02734375
0 0.59453125 0.1 0.0171875 0.02578125
0 0.9328125 0.0796875 0.015625 0.02734375
0 0.56640625 0.13671875 0.0171875 0.03125
0 0.9921875 0.1421875 0.0140625 0.0296875
0 0.99296875 0.06875 0.01171875 0.0296875
0 0.6578125 0.00703125 0.01484375 0.0140625
0 0.52265625 0.06875 0.01484375 0.01953125
0 0.03046875 0.9453125 0.0609375 0.10390625
0 0.7171875 0.00625 0.01484375 0.01171875
0 0.7390625 0.0296875 0.015625 0.021875
0 0.6859375 0.00625 0.015625 0.01171875
0 0.61640625 0.00625 0.0140625 0.0125
0 0.06953125 0.046875 0.009375 0.015625
0 0.61015625 0.03125 0.015625 0.02109375
0 0.6421875 0.021875 0.015625 0.02109375
0 0.56640625 0.05703125 0.015625 0.02109375
0 0.58203125 0.0203125 0.015625 0.01953125
0 0.540625 0.065625 0.01484375 0.01953125
0 0.7984375 0.00625 0.015625 0.0125
0 0.56953125 0.01328125 0.0140625 0.02109375
0 0.25625 0.0171875 0.0109375 0.0171875
0 0.021875 0.31875 0.01875 0.0234375
0 0.7484375 0.24921875 0.0296875 0.0375
0 0.72109375 0.0265625 0.01484375 0.021875
0 0.553125 0.04765625 0.0125 0.0171875
0 0.5921875 0.06875 0.015625 0.01953125
0 0.815625 0.0875 0.0171875 0.02578125
0 0.70234375 0.9875 0.0671875 0.021875
0 0.815625 0.01171875 0.01875 0.0234375
0 0.484375 0.11015625 0.015625 0.021875
0 0.01953125 0.0171875 0.009375 0.01328125
0 0.14609375 0.05625 0.0109375 0.0171875
0 0.0796875 0.00625 0.009375 0.01171875
0 0.5015625 0.09296875 0.01640625 0.025
0 0.10390625 0.0484375 0.0109375 0.015625
0 0.7484375 0.00625 0.015625 0.01171875
0 0.9328125 0.00625 0.015625 0.01171875
0 0.953125 0.1609375 0.0234375 0.02734375
0 0.19609375 0.240625 0.01953125 0.0234375
0 0.38984375 0.1015625 0.01640625 0.02109375
0 0.1453125 0.01875 0.009375 0.0140625
0 0.04375 0.04140625 0.00859375 0.01328125
0 0.0125 0.81875 0.025 0.09921875
0 0.00703125 0.03203125 0.009375 0.0171875
0 0.228125 0.00625 0.01171875 0.01171875
0 0.27421875 0.31875 0.025 0.0328125
0 0.0546875 0.0140625 0.009375 0.0140625
0 0.99140625 0.23046875 0.015625 0.03125
0 0.03203125 0.03125 0.00859375 0.01328125
0 0.19140625 0.01875 0.009375 0.0140625
0 0.0671875 0.01796875 0.00859375 0.01328125
0 0.18046875 0.00546875 0.0109375 0.01015625
0 0.0921875 0.03203125 0.009375 0.0140625
0 0.11875 0.021875 0.0109375 0.015625
0 0.0296875 0.06640625 0.00859375 0.01328125
0 0.59453125 0.040625 0.01484375 0.01953125
0 0.79609375 0.07265625 0.01875 0.02578125
0 0.0046875 0.09375 0.009375 0.01796875
0 0.88125 0.0078125 0.01640625 0.015625
0 0.56953125 0.03671875 0.01484375 0.02109375
0 0.09453125 0.00625 0.0109375 0.01171875
0 0.1046875 0.01796875 0.0109375 0.01328125
0 0.0203125 0.05703125 0.009375 0.015625
0 0.13046875 0.05625 0.0109375 0.01328125