0 0.2796875 0.76484375 0.04453125 0.07734375
0 0.653125 0.68125 0.03828125 0.05390625
0 0.26171875 0.70703125 0.03828125 0.04375
0 0.490625 0.6546875 0.0296875 0.05390625
0 0.515625 0.59453125 0.0203125 0.0359375
0 0.44921875 0.80390625 0.046875 0.07734375
0 0.28671875 0.6484375 0.0296875 0.046875
0 0.44453125 0.60234375 0.0203125 0.04140625
0 0.1328125 0.7328125 0.04140625 0.059375
0 0.55234375 0.790625 0.05 0.07734375
0 0.10234375 0.8875 0.0671875 0.10625
0 0.778125 0.6203125 0.02578125 0.04140625
0 0.36953125 0.76640625 0.04296875 0.075
0 0.72734375 0.828125 0.0515625 0.08046875
0 0.84375 0.71796875 0.0328125 0.0515625
0 0.828125 0.62421875 0.02578125 0.04375
0 0.86953125 0.6546875 0.0296875 0.04375
0 0.0609375 0.76484375 0.046875 0.0515625
0 0.31640625 0.66640625 0.0328125 0.0515625
0 0.6328125 0.86796875 0.05546875 0.09296875
0 0.10859375 0.65390625 0.02734375 0.04140625
0 0.21953125 0.60703125 0.02578125 0.0359375
0 0.1703125 0.8375 0.0484375 0.07734375
0 0.1828125 0.77109375 0.04140625 0.059375
0 0.06875 0.725 0.034375 0.0390625
0 0.40859375 0.68125 0.03125 0.04921875
0 0.0203125 0.74609375 0.040625 0.0671875
0 0.1796875 0.6203125 0.03125 0.0515625
0 0.8609375 0.9390625 0.07421875 0.11640625
0 0.053125 0.66640625 0.03828125 0.0515625
0 0.34453125 0.6921875 0.03828125 0.05703125
0 0.59453125 0.8046875 0.03828125 0.06484375
0 0.1828125 0.9484375 0.05546875 0.0984375
0 0.315625 0.95234375 0.0828125 0.090625
0 0.33359375 0.603125 0.02578125 0.0390625
0 0.39140625 0.6140625 0.0203125 0.03359375
0 0.6 0.55 0.0171875 0.03125
0 0.13671875 0.628125 0.0296875 0.046875
0 0.8703125 0.5875 0.0203125 0.03359375
0 0.9328125 0.5890625 0.0203125 0.03125
0 0.53671875 0.5765625 0.01875 0.03125
0 0.7078125 0.5296875 0.01171875 0.0203125
0 0.0359375 0.62421875 0.02421875 0.03359375
0 0.675 0.54296875 0.015625 0.02578125
0 0.553125 0.978125 0.07578125 0.0390625
0 0.36640625 0.6359375 0.0296875 0.046875
0 0.55703125 0.5765625 0.0203125 0.03125
0 0.98984375 0.57734375 0.0171875 0.0234375
0 0.5453125 0.66171875 0.0296875 0.05703125
0 0.72421875 0.62265625 0.0203125 0.0359375
0 0.0109375 0.6546875 0.021875 0.04375
0 0.365625 0.58125 0.02421875 0.04140625
0 0.70703125 0.55703125 0.0171875 0.028125
0 0.428125 0.54375 0.015625 0.03359375
0 0.04140625 0.56484375 0.0203125 0.028125
0 0.94453125 0.6359375 0.034375 0.0359375
0 0.14140625 0.5765625 0.0203125 0.03125
0 0.84453125 0.56953125 0.0203125 0.03359375
0 0.35703125 0.5375 0.0171875 0.02578125
0 0.81171875 0.56875 0.0203125 0.03125
0 0.2703125 0.55 0.0171875 0.02578125
0 0.65234375 0.63671875 0.0296875 0.0390625
0 0.94453125 0.68125 0.034375 0.04921875
0 0.41171875 0.5828125 0.0203125 0.03359375
0 0.74453125 0.75703125 0.04140625 0.06171875
0 0.24453125 0.51796875 0.0140625 0.0234375
0 0.2484375 0.61015625 0.02421875 0.04140625
0 0.64453125 0.53203125 0.0140625 0.02578125
0 0.8578125 0.52421875 0.015625 0.0203125
0 0.73984375 0.5578125 0.0171875 0.0203125
0 0.16171875 0.5765625 0.0171875 0.02578125
0 0.1234375 0.58359375 0.01875 0.02578125
0 0.4828125 0.603125 0.02421875 0.0390625
0 0.54453125 0.51953125 0.0140625 0.0203125
0 0.9859375 0.6953125 0.02421875 0.0515625
0 0.3046875 0.51328125 0.015625 0.0234375
0 0.22421875 0.57109375 0.0171875 0.02578125
0 0.503125 0.5296875 0.0140625 0.02578125
0 0.3234375 0.5359375 0.01875 0.028125
0 0.91640625 0.5 0.01171875 0.01796875
0 0.74140625 0.51796875 0.0140625 0.01796875
0 0.9109375 0.64375 0.02578125 0.04140625
0 0.578125 0.51796875 0.01171875 0.01796875
0 0.74453125 0.5875 0.0203125 0.028125
0 0.36953125 0.51015625 0.01171875 0.01796875
0 0.878125 0.53203125 0.015625 0.02578125
0 0.0546875 0.60234375 0.02265625 0.02578125
0 0.88203125 0.490625 0.01171875 0.015625
0 0.625 0.5375 0.015625 0.02578125
0 0.590625 0.52578125 0.01171875 0.01796875
0 0.290625 0.54921875 0.01875 0.028125
0 0.728125 0.51953125 0.01171875 0.0203125
0 0.803125 0.51796875 0.0140625 0.01796875
0 0.79140625 0.54375 0.0171875 0.0234375
0 0.953125 0.51796875 0.0171875 0.0234375
0 0.36875 0.490625 0.0140625 0.0203125
0 0.390625 0.51953125 0.01171875 0.02578125
0 0.6609375 0.5390625 0.015625 0.028125
0 0.55 0.5453125 0.0171875 0.02578125
0 0.0046875 0.56953125 0.00859375 0.028125
0 0.56484375 0.52421875 0.015625 0.0203125
0 0.890625 0.51171875 0.015625 0.0203125
0 0.740625 0.4921875 0.00859375 0.01328125
0 0.64453125 0.61015625 0.0203125 0.02578125
0 0.68671875 0.51171875 0.01171875 0.0203125
0 0.490625 0.50546875 0.01171875 0.01796875
0 0.953125 0.54921875 0.0203125 0.028125
0 0.97734375 0.5390625 0.0171875 0.028125
0 0.67734375 0.82265625 0.04140625 0.06953125
0 0.44375 0.4796875 0.00859375 0.01328125
0 0.56953125 0.60859375 0.02578125 0.03359375
0 0.5296875 0.4921875 0.01015625 0.01328125
0 0.803125 0.4921875 0.00703125 0.01328125
0 0.01875 0.5375 0.0140625 0.02578125
0 0.790625 0.50546875 0.00859375 0.01328125
0 0.6578125 0.4921875 0.00859375 0.01328125
0 0.0203125 0.69375 0.034375 0.0390625
0 0.82734375 0.5453125 0.0171875 0.02578125
0 0.5546875 0.49375 0.00859375 0.015625
0 0.61953125 0.4921875 0.00859375 0.01328125
0 0.0546875 0.50546875 0.00859375 0.01328125
0 0.44453125 0.51640625 0.0140625 0.0203125
0 0.84453125 0.50390625 0.0140625 0.015625
0 0.453125 0.7390625 0.04140625 0.04140625
0 0.89453125 0.5375 0.0171875 0.0203125
0 0.69375 0.5890625 0.01875 0.03125
0 0.93203125 0.4921875 0.00859375 0.01328125
0 0.46953125 0.48046875 0.00859375 0.015625
0 0.06875 0.5453125 0.0140625 0.0203125
0 0.70703125 0.49375 0.01015625 0.015625
0 0.34140625 0.4796875 0.01015625 0.01328125
0 0.51640625 0.50546875 0.01171875 0.01328125
0 0.50234375 0.4921875 0.00859375 0.01328125
0 0.04140625 0.53125 0.0140625 0.01796875
0 0.925 0.55546875 0.01875 0.02578125
0 0.04453125 0.50546875 0.01015625 0.01328125
0 0.43203125 0.51171875 0.01171875 0.0203125
0 0.69375 0.4796875 0.00859375 0.01328125
0 0.29140625 0.5828125 0.0203125 0.0390625
0 0.165625 0.54296875 0.0171875 0.02578125
0 0.6078125 0.490625 0.00859375 0.015625
0 0.98671875 0.51171875 0.015625 0.0203125
0 0.7578125 0.4921875 0.00859375 0.01328125
0 0.56953125 0.490625 0.00859375 0.015625
0 0.9203125 0.53125 0.0140625 0.01796875
0 0.6078125 0.51796875 0.01171875 0.01796875
0 0.09140625 0.59453125 0.0203125 0.0359375
0 0.6296875 0.4921875 0.01015625 0.01328125
0 0.83203125 0.5234375 0.01171875 0.01796875
0 0.95234375 0.490625 0.00859375 0.015625
0 0.03203125 0.51640625 0.00859375 0.015625
0 0.953125 0.89375 0.04140625 0.07734375
0 0.328125 0.50546875 0.01171875 0.01796875
0 0.19140625 0.50546875 0.01015625 0.01328125
0 0.590625 0.5 0.00859375 0.01796875
0 0.8296875 0.4921875 0.01015625 0.01328125
0 0.15859375 0.51796875 0.0140625 0.01796875
0 0.71953125 0.4921875 0.00859375 0.01328125
0 0.903125 0.56484375 0.0203125 0.028125
0 0.00703125 0.51796875 0.0140625 0.01796875
0 0.51640625 0.4796875 0.00859375 0.01328125
0 0.5296875 0.51640625 0.01015625 0.015625
0 0.3296875 0.48046875 0.01015625 0.015625
0 0.64453125 0.4921875 0.00703125 0.01328125
0 0.8578125 0.5453125 0.015625 0.02578125
0 0.54453125 0.4796875 0.01015625 0.01328125
0 0.81953125 0.50546875 0.01171875 0.01328125
0 0.228125 0.51171875 0.015625 0.02578125
0 0.7296875 0.4921875 0.01015625 0.01328125
0 0.678125 0.4796875 0.00859375 0.01328125
0 0.14453125 0.54375 0.0140625 0.01796875
0 0.06640625 0.50546875 0.00859375 0.01328125
0 0.96640625 0.4921875 0.00859375 0.01328125
0 0.41484375 0.6203125 0.02265625 0.0359375
0 0.2078125 0.4921875 0.00859375 0.01328125
0 0.4828125 0.5296875 0.0140625 0.0203125
0 0.1796875 0.53203125 0.0140625 0.02578125
0 0.01875 0.51640625 0.01015625 0.015625
0 0.99375 0.453125 0.00859375 0.01328125
0 0.14453125 0.51796875 0.0140625 0.01796875
0 0.39453125 0.5 0.0140625 0.01796875
0 0.08203125 0.50546875 0.00859375 0.01328125
0 0.3546875 0.50625 0.01171875 0.0203125
0 0.76640625 0.50625 0.01171875 0.0203125
0 0.0578125 0.52578125 0.01171875 0.01796875
0 0.978125 0.4921875 0.00859375 0.01328125
0 0.7796875 0.4796875 0.00703125 0.01328125
0 0.878125 0.46640625 0.00859375 0.01328125
0 0.1046875 0.51328125 0.01171875 0.01796875
0 0.66875 0.49375 0.01015625 0.015625
0 0.978125 0.60859375 0.02578125 0.0390625
0 0.76953125 0.53125 0.01171875 0.01796875
0 0.4046875 0.4796875 0.00859375 0.01328125
0 0.9890625 0.86953125 0.01875 0.090625
0 0.93203125 0.45859375 0.00859375 0.01328125
0 0.278125 0.51796875 0.01171875 0.0234375
0 0.99375 0.4796875 0.00859375 0.01328125
0 0.2953125 0.4921875 0.00859375 0.01796875
0 0.84375 0.4796875 0.00859375 0.01328125
0 0.4609375 0.51171875 0.00859375 0.0203125
0 0.86640625 0.4921875 0.00859375 0.01328125
0 0.93671875 0.51171875 0.01171875 0.0203125
0 0.13203125 0.5 0.00859375 0.01328125
0 0.45234375 0.4921875 0.00859375 0.01328125
0 0.53359375 0.5390625 0.015625 0.0234375
0 0.2296875 0.4921875 0.01015625 0.01328125
0 0.66875 0.4796875 0.00703125 0.01328125
0 0.84140625 0.46640625 0.00703125 0.01328125
0 0.628125 0.51328125 0.01171875 0.01796875
0 0.91640625 0.4796875 0.00859375 0.01328125
0 0.940625 0.4796875 0.00859375 0.01328125
0 0.97421875 0.471875 0.00703125 0.01328125
0 0.58671875 0.484375 0.00859375 0.01328125
0 0.6546875 0.4796875 0.00859375 0.01328125
0 0.98203125 0.65 0.02265625 0.028125
0 0.99296875 0.5375 0.01015625 0.02578125
0 0.86875 0.46640625 0.00703125 0.01328125
0 0.90234375 0.490625 0.00859375 0.015625
0 0.95703125 0.453125 0.01015625 0.01328125
0 0.278125 0.4921875 0.00859375 0.01796875
0 0.80859375 0.5375 0.0140625 0.0203125
0 0.81875 0.453125 0.00703125 0.01328125
0 0.89375 0.46640625 0.00859375 0.01328125
0 0.19140625 0.5828125 0.0171875 0.0234375
0 0.91640625 0.453125 0.00859375 0.01328125
0 0.25 0.56328125 0.0171875 0.03125
0 0.19453125 0.53203125 0.0140625 0.02578125
0 0.9046875 0.4421875 0.00859375 0.01015625
0 0.46640625 0.5453125 0.01171875 0.02578125
0 0.85703125 0.46640625 0.00703125 0.01328125
0 0.74453125 0.9859375 0.06171875 0.0234375
0 0.203125 0.51328125 0.0140625 0.01796875
0 0.978125 0.44609375 0.00859375 0.01328125
0 0.91171875 0.5953125 0.0203125 0.028125
0 0.49375 0.4796875 0.00859375 0.01796875
0 0.0078125 0.603125 0.015625 0.03359375
0 0.8046875 0.46640625 0.00546875 0.0078125
0 0.4359375 0.67421875 0.02421875 0.046875
0 0.940625 0.453125 0.00859375 0.01328125
0 0.70703125 0.4796875 0.00703125 0.01328125
0 0.79453125 0.46640625 0.00703125 0.01328125
0 0.82421875 0.47265625 0.00703125 0.01015625
0 0.3796875 0.5453125 0.0140625 0.0203125
0 0.7296875 0.46640625 0.00703125 0.01328125
0 0.76875 0.4796875 0.00703125 0.01328125
0 0.14140625 0.5 0.01015625 0.01328125
0 0.7796875 0.46796875 0.00703125 0.01015625
0 0.8046875 0.453125 0.00546875 0.0078125
0 0.678125 0.4921875 0.00859375 0.01328125
0 0.84140625 0.453125 0.00703125 0.0078125
0 0.49375 0.56171875 0.01875 0.03359375
0 0.965625 0.58125 0.02421875 0.03125
0 0.79140625 0.4796875 0.00703125 0.01328125
0 0.7609375 0.46015625 0.00859375 0.01015625
0 0.26640625 0.4796875 0.00859375 0.01796875
0 0.390625 0.48046875 0.00859375 0.015625
0 0.178125 0.50546875 0.00859375 0.01328125
0 0.240625 0.4921875 0.00859375 0.01328125
0 0.31640625 0.4796875 0.00859375 0.01328125
0 0.09140625 0.50546875 0.01015625 0.01328125
0 0.8578125 0.50546875 0.00859375 0.01328125
0 0.8296875 0.453125 0.00703125 0.01328125
0 0.71640625 0.46640625 0.00859375 0.01328125
0 0.85703125 0.4796875 0.00703125 0.01328125
0 0.96953125 0.44609375 0.00859375 0.01328125
0 0.665625 0.51328125 0.0140625 0.01796875
0 0.56640625 0.50625 0.00859375 0.015625
0 0.4796875 0.49375 0.01015625 0.015625
0 0.9046875 0.46640625 0.00859375 0.01328125
0 0.1578125 0.49765625 0.00859375 0.01328125
0 0.72421875 0.47265625 0.00703125 0.01015625
0 0.0046875 0.5375 0.00859375 0.0203125
0 0.6796875 0.64765625 0.02421875 0.0390625
0 0.34375 0.50546875 0.01171875 0.01796875
0 0.57421875 0.47421875 0.00703125 0.01328125
0 0.16953125 0.49375 0.00859375 0.015625
0 0.09375 0.51796875 0.01171875 0.01328125
0 0.78203125 0.5765625 0.02265625 0.03125
0 0.19140625 0.5578125 0.0171875 0.02578125
0 0.79375 0.453125 0.00546875 0.0078125
0 0.89375 0.484375 0.00859375 0.01328125
0 0.95 0.8296875 0.04140625 0.046875
0 0.4078125 0.41953125 0.01171875 0.01796875
0 0.428125 0.4921875 0.00859375 0.01328125
0 0.85703125 0.453125 0.00703125 0.0078125
0 0.9546875 0.46640625 0.00859375 0.01328125
0 0.7703125 0.91640625 0.05859375 0.090625
0 0.86640625 0.4546875 0.00859375 0.01015625
0 0.5078125 0.4328125 0.00859375 0.01796875
0 0.6296875 0.46796875 0.00703125 0.01015625
0 0.878125 0.4546875 0.00859375 0.01015625
0 0.02421875 0.56484375 0.0171875 0.028125
0 0.74140625 0.46640625 0.00703125 0.0078125
0 0.4109375 0.51171875 0.01171875 0.0203125
0 0.440625 0.56875 0.015625 0.02578125
0 0.38203125 0.4921875 0.01171875 0.01796875
0 0.828125 0.440625 0.00546875 0.0078125
0 0.25703125 0.4921875 0.01015625 0.01796875
0 0.06875 0.57109375 0.0171875 0.02578125
0 0.85 0.60859375 0.0203125 0.03359375