0 0.43828125 0.51875 0.03984375 0.0609375
0 0.4046875 0.2171875 0.021875 0.03671875
0 0.4078125 0.609375 0.0453125 0.06796875
0 0.39921875 0.4125 0.03203125 0.05625
0 0.53203125 0.60703125 0.0421875 0.06796875
0 0.53046875 0.50546875 0.0390625 0.0625
0 0.80625 0.0875 0.0171875 0.02734375
0 0.45234375 0.75 0.0484375 0.08046875
0 0.5859375 0.3546875 0.0328125 0.0484375
0 0.57890625 0.13125 0.015625 0.02578125
0 0.81328125 0.603125 0.05859375 0.0796875
0 0.1734375 0.275 0.0328125 0.03515625
0 0.2796875 0.225 0.025 0.0390625
0 0.81640625 0.33046875 0.03125 0.04921875
0 0.37578125 0.4546875 0.0375 0.05859375
0 0.4296875 0.284375 0.025 0.040625
0 0.1640625 0.21796875 0.0234375 0.0375
0 0.09921875 0.196875 0.0203125 0.0375
0 0.6203125 0.49765625 0.04296875 0.06484375
0 0.2234375 0.38828125 0.034375 0.0546875
0 0.821875 0.25625 0.02734375 0.04140625
0 0.784375 0.4875 0.05 0.06640625
0 0.0375 0.2359375 0.03203125 0.0453125
0 0.6546875 0.05625 0.015625 0.0234375
0 0.696875 0.49375 0.046875 0.06796875
0 0.484375 0.4 0.03515625 0.0546875
0 0.421875 0.2421875 0.025 0.03359375
0 0.1 0.8859375 0.0828125 0.1109375
0 0.575 0.275 0.028125 0.04453125
0 0.31953125 0.1734375 0.01953125 0.03359375
0 0.1671875 0.175 0.021875 0.0328125
0 0.45546875 0.11875 0.01875 0.0296875
0 0.4390625 0.05625 0.0140625 0.01796875
0 0.4359375 0.3390625 0.02734375 0.0453125
0 0.42578125 0.11796875 0.015625 0.025
0 0.56640625 0.11015625 0.015625 0.02734375
0 0.075 0.2015625 0.0234375 0.0390625
0 0.603125 0.225 0.0265625 0.04140625
0 0.6109375 0.30390625 0.034375 0.05078125
0 0.615625 0.11796875 0.01484375 0.025
0 0.01875 0.69296875 0.0375 0.0703125
0 0.20234375 0.125 0.01640625 0.02578125
0 0.3640625 0.1046875 0.01484375 0.025
0 0.1859375 0.5625 0.05 0.0703125
0 0.78203125 0.0921875 0.0171875 0.0234375
0 0.1765625 0.10625 0.01484375 0.025
0 0.98515625 0.2515625 0.0265625 0.0390625
0 0.484375 0.24296875 0.025 0.0375
0 0.2765625 0.49921875 0.04296875 0.06875
0 0.9265625 0.55546875 0.05390625 0.07421875
0 0.22265625 0.24296875 0.025 0.04296875
0 0.13125 0.12421875 0.01640625 0.025
0 0.4703125 0.0890625 0.01640625 0.025
0 0.7328125 0.27890625 0.0296875 0.04453125
0 0.97421875 0.16171875 0.0265625 0.03671875
0 0.9296875 0.87578125 0.06875 0.1
0 0.465625 0.04296875 0.0125 0.01796875
0 0.8328125 0.21875 0.025 0.03671875
0 0.8875 0.13046875 0.02265625 0.03125
0 0.79375 0.20546875 0.02734375 0.03671875
0 0.23125 0.18046875 0.021875 0.0375
0 0.815625 0.12578125 0.0203125 0.0296875
0 0.72109375 0.0875 0.01875 0.025
0 0.296875 0.18203125 0.0234375 0.03359375
0 0.75703125 0.7609375 0.06640625 0.09765625
0 0.946875 0.2359375 0.0296875 0.0390625
0 0.5546875 0.17421875 0.021875 0.03671875
0 0.51875 0.2984375 0.0265625 0.0390625
0 0.48984375 0.1421875 0.01875 0.0296875
0 0.35078125 0.2890625 0.028125 0.04453125
0 0.1765625 0.69375 0.05625 0.08046875
0 0.9859375 0.38671875 0.025 0.05703125
0 0.0828125 0.1234375 0.0171875 0.0234375
0 0.2765625 0.2796875 0.0296875 0.04921875
0 0.39140625 0.11796875 0.01484375 0.025
0 0.56640625 0.0328125 0.01171875 0.01796875
0 0.66875 0.25625 0.0265625 0.0390625
0 0.24921875 0.25625 0.0234375 0.04453125
0 0.6265625 0.21171875 0.02265625 0.0328125
0 0.09453125 0.1015625 0.0171875 0.02578125
0 0.6765625 0.43125 0.03984375 0.0546875
0 0.6625 0.22265625 0.02421875 0.03359375
0 0.04375 0.04375 0.0140625 0.0171875
0 0.14453125 0.171875 0.021875 0.03125
0 0.7484375 0.17890625 0.021875 0.0328125
0 0.7703125 0.2359375 0.02734375 0.0375
0 0.15703125 0.071875 0.01484375 0.021875
0 0.38515625 0.19375 0.0203125 0.03125
0 0.53203125 0.1234375 0.0171875 0.025
0 0.84765625 0.14921875 0.0234375 0.0375
0 0.4890625 0.33203125 0.0296875 0.046875
0 0.0859375 0.15625 0.021875 0.03125
0 0.70859375 0.1125 0.01875 0.0296875
0 0.32265625 0.0921875 0.01484375 0.021875
0 0.48203125 0.20390625 0.0203125 0.0328125
0 0.75625 0.09453125 0.01875 0.02734375
0 0.27421875 0.678125 0.03984375 0.06796875
0 0.01484375 0.30703125 0.0296875 0.0453125
0 0.69140625 0.93828125 0.0625 0.0921875
0 0.48125 0.05703125 0.0125 0.01796875
0 0.0421875 0.12890625 0.015625 0.0234375
0 0.72578125 0.23046875 0.025 0.03125
0 0.35 0.21796875 0.02265625 0.0328125
0 0.97890625 0.490625 0.03984375 0.0625
0 0.13046875 0.0984375 0.01484375 0.021875
0 0.40625 0.05703125 0.0140625 0.02109375
0 0.25625 0.15 0.01875 0.02734375
0 0.03046875 0.0921875 0.01484375 0.021875
0 0.13984375 0.29296875 0.0296875 0.04453125
0 0.20859375 0.04140625 0.0125 0.02109375
0 0.70859375 0.171875 0.01875 0.02890625
0 0.8359375 0.10703125 0.01953125 0.02578125
0 0.62578125 0.06328125 0.01484375 0.01953125
0 0.06328125 0.05546875 0.01484375 0.025
0 0.69375 0.13203125 0.0203125 0.0296875
0 0.20390625 0.1859375 0.0203125 0.0328125
0 0.42109375 0.0546875 0.0125 0.01796875
0 0.9203125 0.1515625 0.021875 0.03515625
0 0.628125 0.09765625 0.01484375 0.02109375
0 0.346875 0.05625 0.0125 0.01796875
0 0.3015625 0.0625 0.0140625 0.02109375
0 0.2953125 0.1078125 0.015625 0.02734375
0 0.546875 0.03203125 0.01171875 0.0171875
0 0.79921875 0.15 0.02421875 0.03125
0 0.35625 0.13828125 0.01640625 0.02578125
0 0.33125 0.05625 0.0140625 0.01953125
0 0.415625 0.1515625 0.01875 0.0296875
0 0.2578125 0.02890625 0.0140625 0.01796875
0 0.30234375 0.6125 0.04609375 0.06640625
0 0.25859375 0.09296875 0.01484375 0.025
0 0.02578125 0.065625 0.01484375 0.021875
0 0.2140625 0.06875 0.01484375 0.02578125
0 0.659375 0.11796875 0.0171875 0.025
0 0.246875 0.0734375 0.01484375 0.01953125
0 0.32890625 0.0296875 0.009375 0.01796875
0 0.39140625 0.0921875 0.015625 0.0234375
0 0.28046875 0.0859375 0.0125 0.0234375
0 0.09453125 0.065625 0.01484375 0.01953125
0 0.4953125 0.9671875 0.0640625 0.0625
0 0.14375 0.1390625 0.0171875 0.0234375
0 0.7171875 0.1453125 0.01953125 0.0296875
0 0.60390625 0.1734375 0.0203125 0.02734375
0 0.04609375 0.09765625 0.01484375 0.02109375
0 0.496875 0.05625 0.0125 0.01796875
0 0.06640625 0.03203125 0.01171875 0.0171875
0 0.07578125 0.07265625 0.01484375 0.02109375
0 0.0828125 0.0421875 0.0140625 0.01953125
0 0.51875 0.04140625 0.01171875 0.01796875
0 0.1953125 0.05703125 0.0140625 0.02109375
0 0.77265625 0.13671875 0.02265625 0.03125
0 0.59765625 0.05625 0.0140625 0.01796875
0 0.2921875 0.0328125 0.009375 0.015625
0 0.696875 0.07421875 0.01484375 0.01796875
0 0.11484375 0.1484375 0.0203125 0.03359375
0 0.009375 0.35703125 0.01875 0.0546875
0 0.06328125 0.1375 0.01640625 0.0296875
0 0.58359375 0.10625 0.01484375 0.01953125
0 0.39765625 0.1484375 0.0171875 0.02578125
0 0.5828125 0.0578125 0.0140625 0.021875
0 0.9921875 0.2890625 0.0140625 0.04140625
0 0.14609375 0.0515625 0.0125 0.01953125
0 0.66328125 0.07890625 0.01484375 0.021875
0 0.740625 0.12890625 0.01953125 0.02578125
0 0.20546875 0.0171875 0.0109375 0.0140625
0 0.309375 0.03203125 0.0125 0.0171875
0 0.1609375 0.43828125 0.040625 0.0609375
0 0.17734375 0.3484375 0.034375 0.0484375
0 0.32890625 0.00625 0.009375 0.01171875
0 0.3421875 0.0765625 0.0140625 0.02109375
0 0.4515625 0.24765625 0.021875 0.03671875
0 0.3953125 0.01875 0.009375 0.0140625
0 0.28203125 0.15 0.01640625 0.02734375
0 0.45546875 0.0671875 0.0125 0.01953125
0 0.228125 0.03203125 0.01171875 0.0171875
0 0.3671875 0.0265625 0.009375 0.0140625
0 0.5296875 0.0265625 0.0109375 0.0140625
0 0.37265625 0.0796875 0.01484375 0.02109375
0 0.64453125 0.09453125 0.015625 0.021875
0 0.10859375 0.0390625 0.01171875 0.015625
0 0.56640625 0.05703125 0.0140625 0.02109375
0 0.44375 0.03046875 0.00859375 0.01171875
0 0.4546875 0.02578125 0.0109375 0.015625
0 0.34140625 0.03125 0.0109375 0.01796875
0 0.5296875 0.06875 0.0140625 0.0234375
0 0.4921875 0.0203125 0.009375 0.0140625
0 0.0515625 0.19921875 0.021875 0.02578125
0 0.21953125 0.00625 0.0109375 0.01171875
0 0.1796875 0.0421875 0.01171875 0.0171875
0 0.16875 0.0421875 0.0109375 0.0140625
0 0.3046875 0.00625 0.009375 0.01171875
0 0.41875 0.0171875 0.00859375 0.01328125
0 0.540625 0.05078125 0.0125 0.01796875
0 0.13984375 0.02890625 0.0109375 0.015625
0 0.26796875 0.00625 0.00859375 0.01171875
0 0.3546875 0.0140625 0.009375 0.0140625
0 0.2421875 0.053125 0.0140625 0.02109375
0 0.12890625 0.0484375 0.01171875 0.02109375
0 0.38203125 0.0171875 0.009375 0.0140625
0 0.24296875 0.00625 0.0109375 0.0125
0 0.33828125 0.13046875 0.01640625 0.02578125
0 0.43046875 0.0296875 0.00859375 0.01328125
0 0.1421875 0.00625 0.0109375 0.01171875
0 0.1171875 0.0796875 0.0140625 0.0234375
0 0.1546875 0.01640625 0.00859375 0.0140625
0 0.9328125 0.2703125 0.02734375 0.04296875
0 0.4046875 0.03828125 0.009375 0.0140625
0 0.82734375 0.15390625 0.01875 0.02890625
0 0.2796875 0.0171875 0.009375 0.015625
0 0.25546875 0.00625 0.0109375 0.01171875
0 0.48125 0.03125 0.00859375 0.01328125
0 0.19375 0.00625 0.0109375 0.01171875
0 0.40703125 0.00546875 0.009375 0.01015625
0 0.36328125 0.0515625 0.0140625 0.01953125
0 0.34453125 0.00625 0.00859375 0.01171875
0 0.41875 0.03203125 0.00859375 0.0171875
0 0.6109375 0.06015625 0.0140625 0.02109375
0 0.37734375 0.05625 0.0125 0.01796875
0 0.1796875 0.0171875 0.009375 0.0140625
0 0.5328125 0.09921875 0.01640625 0.02109375
0 0.11875 0.1859375 0.01875 0.02890625
0 0.31640625 0.06875 0.0140625 0.01953125
0 0.725 0.1984375 0.02265625 0.0328125
0 0.18125 0.0625 0.0125 0.01796875
0 0.90390625 0.18125 0.0265625 0.0390625
0 0.0203125 0.11328125 0.01484375 0.0234375
0 0.1203125 0.01875 0.0109375 0.0171875
0 0.4296875 0.00546875 0.009375 0.01015625
0 0.009375 0.25390625 0.01875 0.0421875
0 0.3734375 0.13515625 0.0171875 0.02578125
0 0.16953125 0.0171875 0.0109375 0.01328125
0 0.38984375 0.05625 0.0125 0.01953125
0 0.48828125 0.1109375 0.015625 0.025
0 0.35390625 0.0296875 0.0109375 0.0140625
0 0.0234375 0.14296875 0.01953125 0.03125
0 0.09453125 0.03671875 0.01171875 0.01796875
0 0.50703125 0.03125 0.009375 0.01328125
0 0.46953125 0.01875 0.009375 0.0140625
0 0.51171875 0.06171875 0.0140625 0.01953125
0 0.3453125 0.09765625 0.01484375 0.02109375
0 0.1546875 0.03203125 0.0109375 0.0171875
0 0.36796875 0.00546875 0.00859375 0.01015625
0 0.3078125 0.08671875 0.01484375 0.01953125
0 0.44375 0.0171875 0.00859375 0.0140625
0 0.2453125 0.03125 0.0109375 0.01796875
0 0.5265625 0.1546875 0.0203125 0.03125
0 0.5578125 0.08125 0.015625 0.025
0 0.3921875 0.00546875 0.0078125 0.01015625
0 0.73671875 0.1015625 0.01875 0.02578125
0 0.70234375 0.21171875 0.02421875 0.0375
0 0.66875 0.1671875 0.01875 0.02734375
0 0.46953125 0.00546875 0.009375 0.01015625
0 0.23125 0.54375 0.02421875 0.0375
0 0.9921875 0.18125 0.0140625 0.0328125
0 0.28515625 0.05390625 0.0140625 0.01953125
0 0.50703125 0.08515625 0.0140625 0.021875
0 0.853125 0.1921875 0.02421875 0.0328125
0 0.9359375 0.2 0.03046875 0.0375
0 0.02109375 0.046875 0.0125 0.015625
0 0.51640625 0.02265625 0.009375 0.0140625
0 0.22890625 0.0171875 0.0109375 0.0140625
0 0.39921875 0.2640625 0.02265625 0.0375
0 0.08125 0.73671875 0.0625 0.08046875
0 0.2484375 0.45546875 0.03125 0.04921875
0 0.13125 0.0203125 0.00859375 0.0140625