0 0.46796875 0.52421875 0.05 0.06875
0 0.5828125 0.04921875 0.01953125 0.02578125
0 0.40625 0.03125 0.0171875 0.02578125
0 0.49921875 0.15 0.02421875 0.040625
0 0.1859375 0.053125 0.01875 0.02890625
0 0.87578125 0.1296875 0.0203125 0.0328125
0 0.3734375 0.18828125 0.03046875 0.0484375
0 0.25078125 0.20546875 0.0328125 0.04921875
0 0.646875 0.2859375 0.0375 0.05625
0 0.290625 0.69921875 0.05859375 0.08046875
0 0.934375 0.12421875 0.0203125 0.0328125
0 0.16875 0.19921875 0.03203125 0.04921875
0 0.5265625 0.14765625 0.0234375 0.0375
0 0.76484375 0.23046875 0.0375 0.0546875
0 0.13203125 0.19375 0.0296875 0.0484375
0 0.62578125 0.10546875 0.02265625 0.03671875
0 0.60234375 0.0390625 0.0171875 0.02578125
0 0.6 0.13203125 0.02265625 0.03515625
0 0.35859375 0.36640625 0.04375 0.0609375
0 0.2109375 0.0515625 0.0171875 0.02734375
0 0.9234375 0.19140625 0.02734375 0.04140625
0 0.53203125 0.01328125 0.01640625 0.0234375
0 0.765625 0.02421875 0.01953125 0.0296875
0 0.85625 0.07421875 0.01875 0.03125
0 0.06328125 0.20390625 0.025 0.04296875
0 0.63984375 0.0703125 0.01953125 0.03125
0 0.72578125 0.08046875 0.0171875 0.02578125
0 0.8890625 0.0984375 0.021875 0.0296875
0 0.4734375 0.1546875 0.02734375 0.04453125
0 0.43203125 0.1671875 0.028125 0.0453125
0 0.94375 0.26796875 0.03046875 0.04921875
0 0.1203125 0.06171875 0.0203125 0.0296875
0 0.5890625 0.09453125 0.0203125 0.0328125
0 0.97421875 0.19921875 0.03046875 0.04453125
0 0.82734375 0.1078125 0.0234375 0.0328125
0 0.56171875 0.17421875 0.02421875 0.03671875
0 0.56328125 0.0265625 0.015625 0.021875
0 0.5484375 0.0859375 0.0203125 0.03125
0 0.29765625 0.02890625 0.0171875 0.02578125
0 0.3078125 0.2515625 0.034375 0.04921875
0 0.06484375 0.0734375 0.01875 0.02734375
0 0.3078125 0.2109375 0.025 0.03671875
0 0.990625 0.1109375 0.0171875 0.03125
0 0.31953125 0.02421875 0.0171875 0.025
0 0.26796875 0.0140625 0.01640625 0.025
0 0.08359375 0.16171875 0.02265625 0.03125
0 0.2734375 0.3625 0.040625 0.05625
0 0.00703125 0.2046875 0.0140625 0.04296875
0 0.48359375 0.07265625 0.0171875 0.02578125
0 0.2453125 0.00859375 0.0171875 0.0171875
0 0.4953125 0.01953125 0.01484375 0.0234375
0 0.45859375 0.03046875 0.01484375 0.01953125
0 0.26484375 0.31796875 0.0390625 0.0390625
0 0.7796875 0.1 0.01640625 0.02578125
0 0.290625 0.00625 0.01640625 0.01171875
0 0.58359375 0.01796875 0.01484375 0.0234375
0 0.60234375 0.065625 0.0171875 0.025
0 0.575 0.125 0.021875 0.03125
0 0.9828125 0.14375 0.02734375 0.04296875
0 0.54609375 0.12578125 0.02265625 0.0328125
0 0.55625 0.00625 0.01484375 0.01171875
0 0.04453125 0.0359375 0.01484375 0.021875
0 0.2390625 0.0375 0.0171875 0.025
0 0.3171875 0.00625 0.01484375 0.01171875
0 0.34921875 0.0296875 0.01484375 0.02578125
0 0.4703125 0.00625 0.01484375 0.01171875
0 0.06875 0.00625 0.01484375 0.01171875
0 0.01640625 0.00625 0.0140625 0.0125
0 0.2734375 0.04375 0.01953125 0.0296875
0 0.6484375 0.03671875 0.0171875 0.03125
0 0.22265625 0.0265625 0.015625 0.025
0 0.99453125 0.19921875 0.00859375 0.0390625
0 0.44375 0.00625 0.01484375 0.01171875
0 0.85625 0.7171875 0.01953125 0.0140625
0 0.74140625 0.65546875 0.01484375 0.0140625