0 0.47890625 0.87734375 0.04375 0.05703125
0 0.51171875 0.73984375 0.02421875 0.0296875
0 0.60703125 0.94921875 0.06796875 0.07578125
0 0.3921875 0.8265625 0.034375 0.04140625
0 0.73046875 0.815625 0.03203125 0.04296875
0 0.54375 0.803125 0.03046875 0.034375
0 0.04375 0.809375 0.02421875 0.0359375
0 0.7359375 0.75859375 0.02421875 0.03125
0 0.95625 0.92265625 0.0625 0.07734375
0 0.63984375 0.70078125 0.0203125 0.02578125
0 0.1359375 0.79375 0.02109375 0.02421875
0 0.1796875 0.87265625 0.04140625 0.0484375
0 0.8640625 0.9484375 0.06171875 0.0859375
0 0.62578125 0.7828125 0.0265625 0.03125
0 0.359375 0.60625 0.01640625 0.0203125
0 0.3421875 0.85703125 0.046875 0.0484375
0 0.50234375 0.78515625 0.02421875 0.0359375
0 0.621875 0.66328125 0.02109375 0.02578125
0 0.12734375 0.82265625 0.02265625 0.0296875
0 0.20859375 0.80703125 0.02265625 0.03125
0 0.53671875 0.853125 0.04296875 0.0515625
0 0.26796875 0.809375 0.0265625 0.0296875
0 0.2890625 0.86171875 0.0359375 0.0515625
0 0.4484375 0.7828125 0.02421875 0.0328125
0 0.68359375 0.66953125 0.01875 0.02109375
0 0.58515625 0.678125 0.02109375 0.02421875
0 0.703125 0.8796875 0.06015625 0.07578125
0 0.31796875 0.48125 0.01328125 0.015625
0 0.4890625 0.65703125 0.0171875 0.02109375
0 0.84375 0.853125 0.04296875 0.03125
0 0.4734375 0.75859375 0.025 0.034375
0 0.6 0.8640625 0.046875 0.053125
0 0.2765625 0.73359375 0.02109375 0.02578125
0 0.4265625 0.68671875 0.0203125 0.02734375
0 0.3921875 0.5671875 0.01640625 0.01875
0 0.65390625 0.7265625 0.02265625 0.02109375
0 0.10546875 0.78515625 0.02109375 0.0296875
0 0.01640625 0.9484375 0.0328125 0.05625
0 0.465625 0.7046875 0.0203125 0.02578125
0 0.8765625 0.82265625 0.03046875 0.0359375
0 0.9375 0.8375 0.0453125 0.03125
0 0.4515625 0.7375 0.025 0.02890625
0 0.5171875 0.678125 0.0171875 0.02109375
0 0.59375 0.62578125 0.0171875 0.02109375
0 0.55390625 0.659375 0.01875 0.0203125
0 0.16484375 0.82890625 0.025 0.02578125
0 0.6046875 0.58203125 0.01640625 0.0171875
0 0.5390625 0.6765625 0.0203125 0.0203125
0 0.2453125 0.46015625 0.01328125 0.01875
0 0.2546875 0.6953125 0.0171875 0.02421875
0 0.5203125 0.65390625 0.0203125 0.02109375
0 0.35078125 0.553125 0.01484375 0.0203125
0 0.2328125 0.85078125 0.03359375 0.0359375
0 0.415625 0.60234375 0.01484375 0.02265625
0 0.84609375 0.721875 0.02421875 0.02578125
0 0.71484375 0.7828125 0.025 0.03125
0 0.43359375 0.64765625 0.01875 0.02265625
0 0.28046875 0.56484375 0.01640625 0.02265625
0 0.31796875 0.62734375 0.01875 0.0203125
0 0.87265625 0.78515625 0.025 0.0296875
0 0.43203125 0.59453125 0.01484375 0.0203125
0 0.56328125 0.7703125 0.0265625 0.02890625
0 0.184375 0.78984375 0.02109375 0.0359375
0 0.90078125 0.8859375 0.04140625 0.0625
0 0.34296875 0.47109375 0.01328125 0.0140625
0 0.7 0.7484375 0.02265625 0.02734375
0 0.396875 0.5171875 0.01640625 0.01875
0 0.675 0.82265625 0.0359375 0.0328125
0 0.7328125 0.96640625 0.09609375 0.0640625
0 0.60859375 0.82265625 0.034375 0.02734375
0 0.7 0.69140625 0.02265625 0.0296875
0 0.2171875 0.57578125 0.01484375 0.01875
0 0.115625 0.97109375 0.0890625 0.05546875
0 0.52109375 0.51640625 0.01484375 0.0171875
0 0.76015625 0.909375 0.04921875 0.04453125
0 0.4171875 0.665625 0.0171875 0.02109375
0 0.45546875 0.58203125 0.01640625 0.0171875
0 0.2453125 0.89453125 0.04375 0.0484375
0 0.6625 0.796875 0.0265625 0.02109375
0 0.378125 0.48125 0.01328125 0.015625
0 0.41875 0.5578125 0.01484375 0.0171875
0 0.209375 0.7703125 0.02109375 0.02890625
0 0.38671875 0.60625 0.01484375 0.0203125
0 0.55 0.496875 0.01328125 0.015625
0 0.2625 0.553125 0.01484375 0.0171875
0 0.71640625 0.665625 0.02265625 0.02109375
0 0.6421875 0.75859375 0.02421875 0.03125
0 0.459375 0.678125 0.01875 0.02109375
0 0.54765625 0.62109375 0.01875 0.02109375
0 0.3453125 0.92265625 0.065625 0.07109375
0 0.50390625 0.590625 0.0171875 0.0171875
0 0.528125 0.5890625 0.0171875 0.0203125
0 0.98515625 0.553125 0.02109375 0.02265625
0 0.59765625 0.78125 0.02265625 0.0359375
0 0.35703125 0.46875 0.009375 0.015625
0 0.528125 0.553125 0.01484375 0.0171875
0 0.790625 0.81171875 0.0296875 0.03125
0 0.571875 0.44453125 0.01171875 0.015625
0 0.328125 0.55625 0.01328125 0.0203125
0 0.3453125 0.66953125 0.0171875 0.02109375
0 0.553125 0.5671875 0.01328125 0.01875
0 0.58828125 0.75 0.02265625 0.02578125
0 0.58828125 0.51640625 0.01484375 0.0171875
0 0.796875 0.86171875 0.034375 0.03984375
0 0.4421875 0.5578125 0.01640625 0.0171875
0 0.30390625 0.65390625 0.0171875 0.02109375
0 0.721875 0.69765625 0.02265625 0.02890625
0 0.01484375 0.70703125 0.01640625 0.01875
0 0.26796875 0.6171875 0.01640625 0.02109375
0 0.559375 0.5859375 0.01640625 0.0171875
0 0.384375 0.66953125 0.01875 0.02421875
0 0.446875 0.490625 0.01640625 0.0140625
0 0.65390625 0.5671875 0.01484375 0.01875
0 0.47734375 0.56953125 0.01484375 0.0171875
0 0.61015625 0.45546875 0.01328125 0.015625
0 0.94296875 0.86796875 0.04375 0.0359375
0 0.33984375 0.59140625 0.0171875 0.01875
0 0.509375 0.43125 0.01171875 0.015625
0 0.375 0.56484375 0.01640625 0.0203125
0 0.6921875 0.6 0.01484375 0.01875
0 0.45625 0.5578125 0.01640625 0.0171875
0 0.77421875 0.64375 0.02109375 0.02578125
0 0.00859375 0.73515625 0.0171875 0.02421875
0 0.47421875 0.51015625 0.01328125 0.015625
0 0.63984375 0.8546875 0.034375 0.03671875
0 0.48359375 0.44296875 0.01328125 0.015625
0 0.365625 0.64375 0.01640625 0.02578125
0 0.83203125 0.8921875 0.04296875 0.04453125
0 0.4015625 0.47109375 0.01328125 0.0140625
0 0.9609375 0.4359375 0.01640625 0.01875
0 0.2546875 0.6390625 0.01640625 0.0203125
0 0.5828125 0.5796875 0.01484375 0.015625
0 0.58203125 0.42109375 0.0109375 0.0140625
0 0.4703125 0.825 0.03046875 0.0328125
0 0.496875 0.546875 0.01875 0.015625
0 0.48984375 0.5171875 0.01328125 0.015625
0 0.8375 0.7671875 0.02109375 0.02890625
0 0.57109375 0.6453125 0.01640625 0.02109375
0 0.57109375 0.496875 0.01328125 0.01875
0 0.48046875 0.4796875 0.01328125 0.0140625
0 0.22265625 0.671875 0.01875 0.02265625
0 0.578125 0.48125 0.01328125 0.015625
0 0.3203125 0.5734375 0.01328125 0.0171875
0 0.4515625 0.46640625 0.01484375 0.0140625
0 0.56953125 0.553125 0.01484375 0.0171875
0 0.6171875 0.62578125 0.01640625 0.015625
0 0.590625 0.48125 0.01484375 0.015625
0 0.46484375 0.47578125 0.01328125 0.015625
0 0.071875 0.70703125 0.01875 0.02421875
0 0.384375 0.4578125 0.01328125 0.0140625
0 0.3515625 0.52578125 0.01171875 0.01875
0 0.46796875 0.45546875 0.01171875 0.01015625
0 0.4953125 0.46640625 0.01328125 0.0140625
0 0.62890625 0.43125 0.01328125 0.01015625
0 0.553125 0.415625 0.0109375 0.0125
0 0.47890625 0.3796875 0.009375 0.01171875
0 0.54453125 0.43359375 0.0109375 0.0140625
0 0.64453125 0.8203125 0.0265625 0.03125
0 0.45234375 0.40546875 0.01328125 0.0125
0 0.53046875 0.43125 0.01171875 0.0125
0 0.6296875 0.5671875 0.01171875 0.015625
0 0.28515625 0.64765625 0.0171875 0.02265625
0 0.4328125 0.46640625 0.01328125 0.0140625
0 0.49296875 0.3703125 0.0078125 0.01015625
0 0.50859375 0.5671875 0.01328125 0.015625
0 0.58671875 0.4625 0.01171875 0.0140625
0 0.43203125 0.528125 0.01171875 0.0140625
0 0.53046875 0.5734375 0.01484375 0.0171875
0 0.2296875 0.490625 0.01328125 0.0171875
0 0.59375 0.5671875 0.01484375 0.015625
0 0.290625 0.3703125 0.009375 0.0125
0 0.20390625 0.353125 0.0109375 0.01015625
0 0.76328125 0.82890625 0.025 0.03671875
0 0.1265625 0.7609375 0.01875 0.02734375
0 0.21875 0.47734375 0.0109375 0.015625
0 0.52265625 0.45546875 0.01171875 0.015625
0 0.54375 0.37109375 0.0109375 0.01171875
0 0.19140625 0.50546875 0.01171875 0.015625
0 0.52421875 0.7703125 0.025 0.03125
0 0.2453125 0.76640625 0.0203125 0.02578125
0 0.53046875 0.4796875 0.01484375 0.0140625
0 0.38046875 0.365625 0.0078125 0.01015625
0 0.075 0.78515625 0.01640625 0.02109375
0 0.8859375 0.46875 0.01484375 0.015625
0 0.503125 0.50390625 0.01328125 0.0171875
0 0.81640625 0.82265625 0.02265625 0.02734375
0 0.3859375 0.6390625 0.01640625 0.0203125
0 0.26328125 0.77890625 0.01875 0.02265625
0 0.7390625 0.6171875 0.0171875 0.02109375
0 0.44375 0.446875 0.01171875 0.0125
0 0.68359375 0.77890625 0.02421875 0.02890625
0 0.4296875 0.365625 0.0078125 0.01015625
0 0.540625 0.41640625 0.01328125 0.01171875
0 0.8859375 0.36171875 0.01171875 0.015625
0 0.94296875 0.440625 0.01484375 0.0171875
0 0.36640625 0.353125 0.00703125 0.01015625
0 0.328125 0.65625 0.01875 0.02265625
0 0.4546875 0.528125 0.01484375 0.0140625
0 0.4296875 0.54296875 0.01328125 0.015625
0 0.55546875 0.3796875 0.0078125 0.01171875
0 0.39375 0.36796875 0.0078125 0.01171875
0 0.41640625 0.23046875 0.00546875 0.00703125
0 0.59375 0.43125 0.01171875 0.0125
0 0.42890625 0.23046875 0.00703125 0.00703125
0 0.5296875 0.403125 0.009375 0.01015625
0 0.81484375 0.4296875 0.01484375 0.0171875
0 0.53046875 0.30546875 0.009375 0.00859375
0 0.49296875 0.56953125 0.01640625 0.0171875
0 0.4625 0.38828125 0.009375 0.01171875
0 0.44609375 0.4296875 0.01328125 0.0140625
0 0.48984375 0.3921875 0.0109375 0.01171875
0 0.48046875 0.35703125 0.0109375 0.01015625
0 0.41328125 0.4796875 0.01171875 0.015625
0 0.36171875 0.31171875 0.0078125 0.01015625
0 0.83984375 0.415625 0.01328125 0.015625
0 0.53046875 0.36796875 0.009375 0.00859375
0 0.5671875 0.4078125 0.0109375 0.01171875
0 0.45625 0.36796875 0.0078125 0.00859375
0 0.35625 0.33125 0.0078125 0.01171875
0 0.503125 0.3796875 0.0078125 0.01171875
0 0.4671875 0.3421875 0.0078125 0.00859375
0 0.396875 0.49296875 0.01171875 0.015625
0 0.3796875 0.31796875 0.00703125 0.00859375
0 0.56875 0.5296875 0.01328125 0.015625
0 0.6125 0.4359375 0.01171875 0.0125
0 0.3875 0.2375 0.0078125 0.00703125
0 0.378125 0.30546875 0.0078125 0.00859375
0 0.49296875 0.35546875 0.0078125 0.00859375
0 0.63125 0.46640625 0.01328125 0.0140625
0 0.50625 0.36796875 0.0078125 0.00859375
0 0.27109375 0.70703125 0.01875 0.02109375
0 0.39140625 0.35546875 0.0078125 0.00859375
0 0.34140625 0.25234375 0.0078125 0.00859375
0 0.41796875 0.2546875 0.0078125 0.00703125
0 0.51171875 0.38828125 0.0109375 0.01171875
0 0.62109375 0.50546875 0.01328125 0.015625
0 0.4953125 0.3421875 0.0078125 0.00859375
0 0.6859375 0.4359375 0.01328125 0.015625
0 0.86640625 0.40546875 0.01328125 0.0171875
0 0.4625 0.2375 0.00703125 0.00703125
0 0.41328125 0.2375 0.00703125 0.00703125
0 0.6078125 0.49296875 0.01328125 0.015625
0 0.45546875 0.2421875 0.0078125 0.00703125
0 0.55546875 0.3921875 0.0109375 0.01171875
0 0.4671875 0.43984375 0.0109375 0.0125
0 0.4421875 0.3421875 0.0078125 0.00859375
0 0.41796875 0.2421875 0.0078125 0.00703125
0 0.41171875 0.3375 0.00703125 0.01015625
0 0.46640625 0.36796875 0.00703125 0.01171875
0 0.3796875 0.24375 0.00703125 0.00859375
0 0.121875 0.7171875 0.01484375 0.0203125
0 0.4046875 0.24140625 0.0078125 0.00859375
0 0.65703125 0.4296875 0.01328125 0.0140625
0 0.48671875 0.2375 0.00703125 0.00703125
0 0.45703125 0.44453125 0.01171875 0.0125
0 0.65390625 0.6515625 0.0171875 0.02265625
0 0.4796875 0.3421875 0.0078125 0.00859375
0 0.44296875 0.35546875 0.0078125 0.00859375
0 0.3171875 0.24375 0.00703125 0.00859375
0 0.43125 0.2546875 0.0078125 0.00703125
0 0.6765625 0.59140625 0.01640625 0.01875
0 0.4046875 0.353125 0.0078125 0.01015625
0 0.4046875 0.23046875 0.00546875 0.00703125
0 0.90234375 0.43125 0.01328125 0.015625
0 0.3375 0.63203125 0.01484375 0.0171875
0 0.40703125 0.36796875 0.0078125 0.01171875
0 0.41328125 0.51640625 0.01484375 0.0171875
0 0.48046875 0.33125 0.0078125 0.00859375
0 0.3796875 0.23046875 0.00703125 0.00703125
0 0.3296875 0.3421875 0.0078125 0.00859375
0 0.54453125 0.30546875 0.0078125 0.01171875
0 0.3203125 0.6109375 0.01640625 0.0171875
0 0.06953125 0.6828125 0.01640625 0.02109375
0 0.43828125 0.2375 0.00546875 0.00703125
0 0.42890625 0.35546875 0.00703125 0.00859375
0 0.2546875 0.30546875 0.00703125 0.00859375
0 0.24375 0.51640625 0.01171875 0.0171875
0 0.3796875 0.35546875 0.00703125 0.00859375
0 0.7171875 0.5953125 0.01640625 0.02109375
0 0.44375 0.23046875 0.00703125 0.00703125
0 0.3453125 0.3796875 0.009375 0.01171875
0 0.53046875 0.28125 0.00703125 0.00859375
0 0.2546875 0.2546875 0.00703125 0.00703125
0 0.51640625 0.36796875 0.0078125 0.00859375
0 0.45625 0.35546875 0.0078125 0.00859375
0 0.4296875 0.24375 0.00546875 0.00546875
0 0.796875 0.73984375 0.02109375 0.02734375
0 0.5046875 0.3421875 0.0109375 0.00859375
0 0.24296875 0.29140625 0.0078125 0.01015625
0 0.4921875 0.2421875 0.00703125 0.00703125
0 0.4796875 0.2421875 0.0078125 0.00703125
0 0.98359375 0.8640625 0.0265625 0.03828125
0 0.06796875 0.76640625 0.01875 0.02578125
0 0.5796875 0.3703125 0.0109375 0.0125
0 0.26875 0.365625 0.00703125 0.01015625
0 0.528125 0.3796875 0.009375 0.01171875
0 0.31796875 0.35703125 0.0078125 0.01015625