0 0.975 0.48671875 0.0375 0.06796875
0 0.03828125 0.15546875 0.0296875 0.04453125
0 0.665625 0.3890625 0.0359375 0.0625
0 0.65625 0.49296875 0.0359375 0.0625
0 0.65390625 0.32109375 0.02734375 0.05
0 0.46171875 0.56953125 0.04140625 0.06796875
0 0.78359375 0.25859375 0.02578125 0.05
0 0.14296875 0.49140625 0.04140625 0.059375
0 0.61484375 0.82578125 0.04765625 0.0765625
0 0.7203125 0.34609375 0.03359375 0.053125
0 0.73046875 0.0265625 0.021875 0.04140625
0 0.1671875 0.15390625 0.0296875 0.04765625
0 0.11328125 0.31328125 0.03359375 0.053125
0 0.28359375 0.1921875 0.0296875 0.04765625
0 0.78984375 0.584375 0.04140625 0.07421875
0 0.75078125 0.384375 0.03125 0.059375
0 0.25703125 0.32265625 0.03125 0.053125
0 0.03828125 0.67890625 0.053125 0.07421875
0 0.96953125 0.84140625 0.053125 0.09140625
0 0.54140625 0.415625 0.0359375 0.05625
0 0.5671875 0.3390625 0.02734375 0.05
0 0.428125 0.32265625 0.03359375 0.053125
0 0.3921875 0.021875 0.02578125 0.0328125
0 0.0171875 0.01796875 0.02578125 0.03515625
0 0.0640625 0.0265625 0.021875 0.03515625
0 0.58203125 0.4734375 0.03359375 0.059375
0 0.50703125 0.0296875 0.021875 0.04140625
0 0.44765625 0.1140625 0.02578125 0.04453125
0 0.83671875 0.40234375 0.03359375 0.059375
0 0.640625 0.26953125 0.02734375 0.053125
0 0.20625 0.8296875 0.04921875 0.09140625
0 0.4828125 0.67421875 0.0453125 0.0765625
0 0.18359375 0.3125 0.03125 0.05
0 0.915625 0.1984375 0.02578125 0.053125
0 0.8359375 0.67421875 0.04765625 0.0765625
0 0.6828125 0.54765625 0.0375 0.059375
0 0.771875 0.465625 0.0375 0.06796875
0 0.496875 0.25625 0.02578125 0.04453125
0 0.365625 0.196875 0.02734375 0.04453125
0 0.5703125 0.56796875 0.04140625 0.07109375
0 0.22421875 0.690625 0.053125 0.0859375
0 0.8953125 0.09609375 0.02734375 0.04453125
0 0.79453125 0.196875 0.02734375 0.05
0 0.86328125 0.20546875 0.02734375 0.05
0 0.58125 0.26796875 0.02734375 0.05
0 0.04921875 0.29609375 0.0359375 0.059375
0 0.965625 0.15234375 0.0296875 0.05
0 0.040625 0.465625 0.04140625 0.06796875
0 0.3875 0.1140625 0.0234375 0.04453125
0 0.72421875 0.25859375 0.02578125 0.05
0 0.56953125 0.20546875 0.02734375 0.05
0 0.49765625 0.3125 0.02734375 0.05
0 0.94765625 0.10234375 0.02578125 0.05
0 0.23984375 0.03125 0.021875 0.03828125
0 0.325 0.840625 0.053125 0.09453125
0 0.75703125 0.109375 0.0234375 0.04140625
0 0.80546875 0.32578125 0.0296875 0.053125
0 0.7671875 0.14921875 0.0234375 0.04453125
0 0.08203125 0.1109375 0.02578125 0.04453125
0 0.15625 0.05 0.0234375 0.04140625
0 0.8703125 0.0625 0.02578125 0.04765625
0 0.48828125 0.3875 0.0359375 0.059375
0 0.6421875 0.1890625 0.0234375 0.053125
0 0.86953125 0.253125 0.03125 0.05
0 0.32734375 0.3859375 0.03359375 0.05625
0 0.1015625 0.59296875 0.04140625 0.06796875
0 0.11796875 0.15546875 0.02578125 0.04453125
0 0.121875 0.03671875 0.02578125 0.04453125
0 0.175 0.38046875 0.03359375 0.0625
0 0.83125 0.01640625 0.02578125 0.0328125
0 0.3359375 0.696875 0.04765625 0.0796875
0 0.690625 0.0546875 0.02578125 0.03828125
0 0.4921875 0.20703125 0.02734375 0.04765625
0 0.634375 0.109375 0.0234375 0.04140625
0 0.31015625 0.3296875 0.0359375 0.05
0 0.5046875 0.5015625 0.04140625 0.0625
0 0.08671875 0.40234375 0.0359375 0.059375
0 0.9875 0.32578125 0.021875 0.053125
0 0.959375 0.25 0.0296875 0.05
0 0.90703125 0.3125 0.03125 0.05
0 0.49296875 0.1078125 0.02578125 0.03828125
0 0.353125 0.26171875 0.0296875 0.05
0 0.54921875 0.15703125 0.0234375 0.04140625
0 0.4375 0.196875 0.0296875 0.05
0 0.94296875 0.390625 0.0359375 0.06484375
0 0.93203125 0.0515625 0.02578125 0.04453125
0 0.0140625 0.21328125 0.02734375 0.053125
0 0.38828125 0.465625 0.04140625 0.06796875
0 0.57109375 0.10625 0.0234375 0.04140625
0 0.14453125 0.1046875 0.02734375 0.05
0 0.86875 0.8390625 0.0453125 0.0796875
0 0.11875 0.67734375 0.0515625 0.0765625
0 0.28359375 0.5609375 0.04140625 0.06796875
0 0.44765625 0.0546875 0.02578125 0.04453125
0 0.215625 0.1953125 0.02734375 0.04140625
0 0.3953125 0.06484375 0.0234375 0.04140625
0 0.61328125 0.025 0.021875 0.03828125
0 0.26171875 0.12890625 0.02578125 0.04453125
0 0.465625 0.84296875 0.05703125 0.09453125
0 0.81484375 0.090625 0.02578125 0.04453125
0 0.01796875 0.1140625 0.02734375 0.04453125
0 0.98984375 0.07109375 0.015625 0.04140625
0 0.69375 0.10234375 0.02734375 0.05
0 0.9 0.57109375 0.04140625 0.07109375
0 0.284375 0.2453125 0.03125 0.053125
0 0.17265625 0.59140625 0.04140625 0.06484375
0 0.90546875 0.14375 0.02734375 0.05
0 0.08125 0.21484375 0.02734375 0.05
0 0.83671875 0.14921875 0.02578125 0.04453125
0 0.209375 0.13046875 0.02734375 0.04765625
0 0.94375 0.68203125 0.04140625 0.07421875
0 0.56015625 0.0265625 0.021875 0.04140625
0 0.14609375 0.26015625 0.02734375 0.04765625
0 0.3734375 0.59296875 0.04375 0.06796875
0 0.7265625 0.18515625 0.02578125 0.05
0 0.65 0.03671875 0.0234375 0.04453125
0 0.2578125 0.0578125 0.02578125 0.04453125
0 0.34296875 0.025 0.021875 0.03828125
0 0.2859375 0.034375 0.02578125 0.03828125
0 0.2203125 0.25859375 0.0296875 0.05625
0 0.309375 0.48046875 0.04140625 0.0625
0 0.2203125 0.07109375 0.02578125 0.04140625
0 0.578125 0.06328125 0.01796875 0.0328125
0 0.715625 0.87578125 0.04765625 0.0828125
0 0.25234375 0.3953125 0.0375 0.05625
0 0.428125 0.26328125 0.0296875 0.04765625
0 0.1015625 0.0578125 0.02578125 0.04453125
0 0.68515625 0.02109375 0.02578125 0.0296875
0 0.0921875 0.8328125 0.05703125 0.09140625
0 0.22421875 0.48671875 0.0375 0.0625
0 0.31484375 0.1125 0.02578125 0.04140625
0 0.3765625 0.15703125 0.02578125 0.03515625
0 0.15234375 0.21015625 0.02734375 0.04140625
0 0.3234375 0.0546875 0.02578125 0.04453125
0 0.75390625 0.07109375 0.02578125 0.03515625
0 0.79140625 0.025 0.02578125 0.03828125
0 0.175 0.25859375 0.0296875 0.04453125
0 0.85859375 0.48515625 0.0375 0.06484375
0 0.4171875 0.3890625 0.0359375 0.0625
0 0.9890625 0.27109375 0.01796875 0.05
0 0.00859375 0.38984375 0.0171875 0.0640625
0 0.59609375 0.11953125 0.02578125 0.03828125
0 0.82578125 0.253125 0.02734375 0.05
0 0.68671875 0.14765625 0.02578125 0.04140625
0 0.00859375 0.84140625 0.0171875 0.0859375
0 0.946875 0.00859375 0.025 0.0171875
0 0.8875 0.01015625 0.025 0.0203125
0 0.31484375 0.15703125 0.02578125 0.04140625
0 0.0921875 0.00859375 0.021875 0.0171875
0 0.25078125 0.00625 0.0234375 0.01171875
0 0.42109375 0.00859375 0.0265625 0.0171875
0 0.54375 0.10078125 0.01953125 0.04140625
0 0.2 0.00703125 0.025 0.0140625
0 0.5125 0.06640625 0.02578125 0.03828125
0 0.0609375 0.2453125 0.02734375 0.04140625
0 0.98984375 0.01328125 0.015625 0.0265625
0 0.640625 0.07109375 0.0234375 0.0296875
0 0.1234375 0.225 0.02578125 0.04140625
0 0.46484375 0.00703125 0.0265625 0.0140625
0 0.28984375 0.00625 0.02578125 0.01171875
0 0.4703125 0.18046875 0.0234375 0.04765625
0 0.49921875 0.14765625 0.02578125 0.04140625
0 0.04375 0.07265625 0.02734375 0.03828125
0 0.65859375 0.00703125 0.0265625 0.0140625
0 0.53359375 0.00703125 0.0234375 0.0140625
0 0.16328125 0.00703125 0.0234375 0.0140625
0 0.3421875 0.12109375 0.02734375 0.053125
0 0.5078125 0.00625 0.0234375 0.01171875
0 0.82734375 0.20234375 0.02578125 0.04453125