1 0.275 0.8203125 0.05390625 0.09609375
1 0.428125 0.65703125 0.03984375 0.06875
1 0.5828125 0.5359375 0.03828125 0.065625
1 0.22578125 0.51640625 0.03984375 0.06875
1 0.834375 0.45390625 0.03984375 0.06875
1 0.13828125 0.47578125 0.0359375 0.065625
1 0.2578125 0.51015625 0.0359375 0.075
1 0.71015625 0.8875 0.05625 0.08671875
1 0.4390625 0.575 0.03828125 0.078125
1 0.88671875 0.80546875 0.0578125 0.08984375
1 0.4328125 0.3578125 0.03828125 0.0625
1 0.67734375 0.5421875 0.0421875 0.071875
1 0.48125 0.31875 0.03828125 0.0625
1 0.484375 0.70390625 0.04375 0.078125
1 0.3859375 0.51484375 0.03984375 0.071875
1 0.71796875 0.75625 0.05234375 0.08046875
1 0.27578125 0.41953125 0.03984375 0.06015625
1 0.575 0.4296875 0.03828125 0.06875
1 0.86875 0.87578125 0.12578125 0.23671875
1 0.759375 0.59765625 0.05390625 0.075
1 0.578125 0.69296875 0.08828125 0.38046875
1 0.14296875 0.26484375 0.0296875 0.05078125
1 0.13984375 0.634375 0.09609375 0.3890625
1 0.66328125 0.69921875 0.1296875 0.3921875
1 0.49921875 0.4984375 0.9859375 0.9734375
1 0.1640625 0.3609375 0.03203125 0.05078125
1 0.540625 0.37734375 0.034375 0.06015625
1 0.35234375 0.3265625 0.0359375 0.06015625
1 0.05703125 0.9234375 0.04609375 0.075
1 0.7609375 0.3921875 0.034375 0.06015625
1 0.3140625 0.2828125 0.03203125 0.0625
1 0.75625 0.48828125 0.0921875 0.2453125
1 0.43203125 0.80859375 0.09609375 0.37109375
1 0.73515625 0.31015625 0.034375 0.05703125
1 0.50234375 0.4671875 0.0359375 0.065625
1 0.22734375 0.69609375 0.08984375 0.434375
1 0.93828125 0.66640625 0.05234375 0.09296875
1 0.6046875 0.37109375 0.03828125 0.06015625
1 0.7078125 0.678125 0.03984375 0.06875
1 0.72265625 0.91953125 0.09375 0.15
1 0.4359375 0.61953125 0.084375 0.16796875
1 0.89765625 0.41953125 0.0359375 0.065625
1 0.36875 0.7171875 0.0578125 0.08671875
1 0.56171875 0.2546875 0.03203125 0.05390625
1 0.046875 0.65 0.05 0.08359375
1 0.4609375 0.47734375 0.04609375 0.0625
1 0.34921875 0.83359375 0.1140625 0.3203125
1 0.678125 0.3234375 0.0359375 0.06015625
1 0.7609375 0.76640625 0.0421875 0.071875
1 0.215625 0.23984375 0.0359375 0.05390625
1 0.796875 0.290625 0.0296875 0.05390625
1 0.27890625 0.88203125 0.09765625 0.22421875
1 0.421875 0.20625 0.03203125 0.04765625
1 0.57578125 0.48046875 0.07578125 0.1703125
1 0.82734375 0.55546875 0.0703125 0.27265625
1 0.490625 0.8296875 0.0703125 0.3296875
1 0.334375 0.2140625 0.028125 0.04453125
1 0.0546875 0.79765625 0.10625 0.3859375
1 0.3609375 0.6140625 0.034375 0.078125
1 0.09609375 0.31875 0.03203125 0.05078125
1 0.4296875 0.43125 0.07578125 0.215625
1 0.33828125 0.609375 0.06796875 0.08046875
1 0.72578125 0.8265625 0.09609375 0.221875
1 0.68984375 0.20078125 0.028125 0.0421875
1 0.35703125 0.3984375 0.0703125 0.20390625
1 0.84375 0.3875 0.03203125 0.04453125
1 0.0328125 0.25859375 0.0296875 0.05078125
1 0.625 0.3265625 0.034375 0.06015625
1 0.540625 0.20390625 0.0296875 0.04765625
1 0.93671875 0.80546875 0.10234375 0.37109375
1 0.81796875 0.4 0.03203125 0.05703125
1 0.91796875 0.30078125 0.03203125 0.05703125
1 0.140625 0.31875 0.065625 0.15859375
1 0.17265625 0.40703125 0.08203125 0.14375
1 0.728125 0.3578125 0.05625 0.15234375
1 0.83828125 0.30234375 0.028125 0.06015625
1 0.64921875 0.45078125 0.03828125 0.05703125
1 0.04921875 0.19140625 0.0296875 0.04765625
1 0.3078125 0.3171875 0.05625 0.13203125
1 0.6671875 0.35 0.065625 0.11953125
1 0.97109375 0.396875 0.034375 0.0625
1 0.45625 0.184375 0.028125 0.04453125
1 0.8546875 0.25625 0.0296875 0.05078125
1 0.20625 0.44609375 0.0359375 0.065625
1 0.33828125 0.66328125 0.07578125 0.18828125
1 0.38203125 0.565625 0.06796875 0.1734375
1 0.384375 0.278125 0.03203125 0.05390625
1 0.5359375 0.45078125 0.05625 0.20625
1 0.90234375 0.5359375 0.04375 0.071875
1 0.78828125 0.33984375 0.06015625 0.15234375
1 0.6828125 0.41171875 0.034375 0.05703125
1 0.48671875 0.2484375 0.0296875 0.05390625
1 0.75 0.12890625 0.04765625 0.13203125
1 0.065625 0.93984375 0.0640625 0.1078125
1 0.740625 0.25 0.0296875 0.05078125
1 0.075 0.103125 0.0296875 0.04453125
1 0.596875 0.22890625 0.0296875 0.04453125
1 0.4171875 0.2859375 0.0296875 0.05078125
1 0.275 0.821875 0.08203125 0.12890625
1 0.859375 0.20546875 0.02578125 0.04453125
1 0.9453125 0.4671875 0.03828125 0.065625
1 0.40078125 0.16328125 0.06171875 0.15859375
1 0.409375 0.1046875 0.02578125 0.0421875
1 0.284375 0.46875 0.084375 0.1703125
1 0.51796875 0.33828125 0.03203125 0.05390625
1 0.2171875 0.325 0.065625 0.22421875
1 0.70234375 0.4625 0.0359375 0.075
1 0.88671875 0.80703125 0.08984375 0.12890625
1 0.1109375 0.18828125 0.02578125 0.04765625
1 0.10234375 0.43984375 0.0640625 0.29375
1 0.20703125 0.19453125 0.0296875 0.04765625
1 0.596875 0.30078125 0.034375 0.05703125
1 0.54921875 0.31015625 0.034375 0.05703125
1 0.484375 0.36640625 0.06796875 0.15859375
1 0.31015625 0.5765625 0.04765625 0.0625
1 0.18203125 0.103125 0.028125 0.04453125
1 0.76171875 0.646875 0.07578125 0.1796875
1 0.03828125 0.353125 0.06015625 0.23984375
1 0.2640625 0.1859375 0.028125 0.04765625
1 0.9546875 0.59609375 0.0421875 0.06015625
1 0.46484375 0.5296875 0.08203125 0.16796875
1 0.48671875 0.040625 0.0296875 0.04453125
1 0.6453125 0.37890625 0.02578125 0.05078125
1 0.89609375 0.6015625 0.03984375 0.065625
1 0.85703125 0.2453125 0.07421875 0.13203125
1 0.61328125 0.434375 0.06171875 0.1796875
1 0.078125 0.215625 0.028125 0.05390625
1 0.76796875 0.70390625 0.03984375 0.071875
1 0.89375 0.8203125 0.03984375 0.05390625
1 0.0421875 0.5 0.028125 0.04765625
1 0.8609375 0.62109375 0.0421875 0.06875
1 0.675 0.6125 0.10234375 0.21875