0 0.95 0.46953125 0.0390625 0.05859375
0 0.27421875 0.48671875 0.0421875 0.0625
0 0.54921875 0.4046875 0.03203125 0.0484375
0 0.5484375 0.34765625 0.02734375 0.04453125
0 0.60625 0.1234375 0.01953125 0.0296875
0 0.646875 0.30546875 0.03125 0.05078125
0 0.5609375 0.24375 0.025 0.0390625
0 0.83671875 0.55703125 0.0421875 0.0625
0 0.44609375 0.08125 0.0171875 0.02734375
0 0.8046875 0.21328125 0.0234375 0.03671875
0 0.7140625 0.40625 0.03203125 0.0546875
0 0.4953125 0.4359375 0.0359375 0.05703125
0 0.690625 0.2234375 0.0265625 0.0375
0 0.95234375 0.025 0.0203125 0.02578125
0 0.8359375 0.39140625 0.0375 0.05625
0 0.721875 0.3015625 0.03203125 0.0484375
0 0.8796875 0.1625 0.0234375 0.03671875
0 0.6546875 0.0453125 0.01875 0.02734375
0 0.665625 0.1703125 0.02265625 0.03515625
0 0.53828125 0.0171875 0.01484375 0.0234375
0 0.759375 0.12265625 0.02265625 0.03125
0 0.43671875 0.1796875 0.0203125 0.03671875
0 0.2296875 0.61328125 0.053125 0.07578125
0 0.80234375 0.26796875 0.03203125 0.04453125
0 0.64140625 0.1234375 0.021875 0.0296875
0 0.76953125 0.5390625 0.040625 0.06484375
0 0.809375 0.0703125 0.01875 0.03125
0 0.878125 0.2390625 0.03203125 0.0484375
0 0.37265625 0.14140625 0.02265625 0.0328125
0 0.4640625 0.04765625 0.015625 0.025
0 0.61328125 0.17421875 0.0234375 0.03671875
0 0.85703125 0.096875 0.0203125 0.0328125
0 0.45234375 0.02421875 0.01484375 0.01953125
0 0.36875 0.4984375 0.05 0.0609375
0 0.915625 0.16875 0.028125 0.0375
0 0.7171875 0.11875 0.021875 0.0296875
0 0.88984375 0.096875 0.0234375 0.0328125
0 0.5015625 0.0734375 0.0171875 0.025
0 0.9875 0.25546875 0.0234375 0.04453125
0 0.49375 0.0421875 0.01484375 0.025
0 0.428125 0.01875 0.0125 0.01953125
0 0.05625 0.65 0.05859375 0.07421875
0 0.575 0.1015625 0.01953125 0.02890625
0 0.53515625 0.10390625 0.0171875 0.0234375
0 0.5890625 0.00859375 0.01953125 0.0171875
0 0.38203125 0.5515625 0.04296875 0.053125
0 0.696875 0.08046875 0.021875 0.03125
0 0.3734375 0.06875 0.015625 0.025
0 0.34765625 0.021875 0.0171875 0.0234375
0 0.5078125 0.11640625 0.021875 0.0296875
0 0.409375 0.0375 0.01484375 0.0234375
0 0.41875 0.1125 0.01953125 0.0296875
0 0.94453125 0.12890625 0.02734375 0.0390625
0 0.33125 0.00625 0.015625 0.0125
0 0.9140625 0.0171875 0.021875 0.0296875
0 0.6109375 0.0484375 0.0171875 0.0234375
0 0.53046875 0.06171875 0.01875 0.025
0 0.7125 0.88046875 0.0703125 0.11484375
0 0.31640625 0.01640625 0.0140625 0.021875
0 0.7140625 0.02890625 0.01875 0.02578125
0 0.7796875 0.00625 0.0171875 0.01171875
0 0.39921875 0.06640625 0.01484375 0.0234375
0 0.7765625 0.04296875 0.0203125 0.02578125
0 0.7484375 0.04296875 0.01875 0.02578125
0 0.509375 0.02421875 0.015625 0.01953125
0 0.3734375 0.0125 0.01484375 0.025
0 0.63671875 0.06328125 0.01953125 0.0296875
0 0.3921875 0.00546875 0.0140625 0.01015625
0 0.78828125 0.13046875 0.02265625 0.03125
0 0.678125 0.07265625 0.01875 0.02578125
0 0.828125 0.0703125 0.01953125 0.02890625
0 0.41328125 0.06875 0.01484375 0.0234375
0 0.990625 0.04765625 0.0171875 0.02734375
0 0.86953125 0.00625 0.0171875 0.0125
0 0.0046875 0.1 0.00859375 0.02578125
0 0.82734375 0.00625 0.01875 0.01171875
0 0.7234375 0.0078125 0.01640625 0.015625
0 0.571875 0.0125 0.015625 0.025
0 0.00390625 0.0640625 0.0078125 0.0234375
0 0.54375 0.1328125 0.02265625 0.03125
0 0.9109375 0.37578125 0.0328125 0.053125
0 0.3015625 0.0078125 0.01484375 0.015625
0 0.91953125 0.925 0.0828125 0.09765625
0 0.753125 0.00703125 0.01640625 0.0140625
0 0.1453125 0.025 0.01484375 0.0234375
0 0.79609375 0.0078125 0.01875 0.015625
0 0.0609375 0.0546875 0.01640625 0.02578125
0 0.42421875 0.04296875 0.01484375 0.0234375
0 0.69453125 0.0421875 0.01953125 0.02734375
0 0.5046875 0.15 0.021875 0.0296875
0 0.228125 0.0078125 0.01484375 0.015625
0 0.9890625 0.21328125 0.01953125 0.04140625
0 0.290625 0.0265625 0.0140625 0.021875
0 0.91875 0.0625 0.0203125 0.02578125
0 0.99296875 0.125 0.0125 0.02578125
0 0.8375 0.73046875 0.0671875 0.09375
0 0.44375 0.00546875 0.0125 0.01015625
0 0.38359375 0.046875 0.0140625 0.02109375
0 0.99453125 0.16875 0.00859375 0.0375
0 0.6671875 0.44453125 0.05078125 0.059375
0 0.78359375 0.2046875 0.0234375 0.04375