0 0.91171875 0.30390625 0.03203125 0.0484375
0 0.4015625 0.31328125 0.028125 0.0484375
0 0.78203125 0.1546875 0.02421875 0.0375
0 0.63046875 0.4578125 0.03828125 0.0609375
0 0.7421875 0.1625 0.0234375 0.03671875
0 0.7578125 0.06796875 0.021875 0.03125
0 0.859375 0.13671875 0.0234375 0.0390625
0 0.23125 0.19140625 0.0234375 0.03671875
0 0.83515625 0.23515625 0.028125 0.04296875
0 0.49140625 0.10546875 0.0171875 0.02578125
0 0.98359375 0.1625 0.03046875 0.0484375
0 0.55078125 0.08125 0.021875 0.0296875
0 0.2796875 0.31875 0.0390625 0.0546875
0 0.49296875 0.56796875 0.04765625 0.06796875
0 0.3078125 0.259375 0.03046875 0.0453125
0 0.184375 0.2125 0.0265625 0.0328125
0 0.46171875 0.36328125 0.0359375 0.0546875
0 0.4296875 0.33125 0.0328125 0.0484375
0 0.22578125 0.30703125 0.0328125 0.04921875
0 0.425 0.8640625 0.0765625 0.1109375
0 0.4046875 0.5453125 0.0484375 0.071875
0 0.90859375 0.06875 0.02421875 0.0328125
0 0.45625 0.1125 0.01953125 0.02734375
0 0.071875 0.23125 0.02734375 0.0375
0 0.29375 0.46328125 0.0375 0.05234375
0 0.2046875 0.7203125 0.06640625 0.11171875
0 0.065625 0.32890625 0.03046875 0.0453125
0 0.5640625 0.69765625 0.0515625 0.09921875
0 0.1375 0.3203125 0.0359375 0.04921875
0 0.03203125 0.259375 0.0265625 0.0375
0 0.31484375 0.0609375 0.0203125 0.0296875
0 0.99296875 0.084375 0.0125 0.03359375
0 0.85 0.0546875 0.01953125 0.02578125
0 0.25859375 0.25 0.025 0.04140625
0 0.22578125 0.24375 0.03125 0.04453125
0 0.81328125 0.04375 0.0171875 0.025
0 0.759375 0.0328125 0.01640625 0.0234375
0 0.03203125 0.14453125 0.01953125 0.02890625
0 0.31328125 0.525 0.03515625 0.04921875
0 0.0125 0.11015625 0.0234375 0.0296875
0 0.10078125 0.2484375 0.02734375 0.03515625
0 0.9328125 0.7671875 0.0953125 0.11953125
0 0.728125 0.01328125 0.01484375 0.02109375
0 0.73359375 0.065625 0.01640625 0.01953125
0 0.0078125 0.00859375 0.015625 0.0171875
0 0.8109375 0.00859375 0.015625 0.0171875
0 0.3171875 0.01640625 0.01640625 0.021875