0 0.1765625 0.16171875 0.02734375 0.0390625
0 0.4546875 0.52265625 0.0421875 0.06640625
0 0.10234375 0.2296875 0.03125 0.0453125
0 0.2796875 0.4515625 0.04375 0.06796875
0 0.2875 0.29453125 0.028125 0.04140625
0 0.69375 0.1484375 0.028125 0.04140625
0 0.1546875 0.13671875 0.021875 0.03671875
0 0.5125 0.11171875 0.0265625 0.03671875
0 0.06328125 0.15 0.02734375 0.0390625
0 0.4328125 0.1859375 0.028125 0.04453125
0 0.665625 0.0265625 0.02265625 0.0328125
0 0.58046875 0.2296875 0.028125 0.04296875
0 0.13125 0.31953125 0.03203125 0.05078125
0 0.13203125 0.01953125 0.021875 0.02890625
0 0.46953125 0.1328125 0.0265625 0.0390625
0 0.23125 0.2640625 0.03203125 0.046875
0 0.1046875 0.0296875 0.021875 0.02734375
0 0.42890625 0.065625 0.0171875 0.02734375
0 0.346875 0.11640625 0.02421875 0.03515625
0 0.62578125 0.3234375 0.0359375 0.05078125
0 0.13828125 0.2171875 0.0265625 0.0484375
0 0.7421875 0.159375 0.02734375 0.040625
0 0.9359375 0.2125 0.03125 0.05078125
0 0.59453125 0.19296875 0.0296875 0.04453125
0 0.38984375 0.290625 0.03046875 0.0453125
0 0.34453125 0.29296875 0.034375 0.04921875
0 0.86015625 0.29765625 0.0421875 0.0609375
0 0.43046875 0.1 0.02421875 0.0375
0 0.01484375 0.08046875 0.028125 0.03671875
0 0.05625 0.02578125 0.01875 0.02578125
0 0.37890625 0.95 0.0640625 0.0953125
0 0.7328125 0.0140625 0.0171875 0.02734375
0 0.0125 0.15390625 0.025 0.046875
0 0.821875 0.00703125 0.01875 0.0140625
0 0.55078125 0.034375 0.0171875 0.02734375
0 0.8609375 0.00859375 0.01953125 0.0171875
0 0.4578125 0.18671875 0.025 0.04296875
0 0.6203125 0.1703125 0.0234375 0.03515625
0 0.8984375 0.07265625 0.0171875 0.0234375
0 0.54609375 0.07421875 0.0203125 0.03125
0 0.08125 0.0234375 0.01953125 0.02890625
0 0.45390625 0.06875 0.015625 0.025
0 0.89765625 0.09921875 0.02265625 0.03125
0 0.39140625 0.0265625 0.0203125 0.0296875
0 0.33046875 0.19140625 0.0265625 0.03671875
0 0.93671875 0.0109375 0.01875 0.021875
0 0.83515625 0.04296875 0.021875 0.03125
0 0.753125 0.00625 0.01640625 0.01171875
0 0.634375 0.1421875 0.0234375 0.0328125
0 0.4359375 0.0125 0.0171875 0.025
0 0.83046875 0.11875 0.01875 0.021875
0 0.41328125 0.01171875 0.0171875 0.0234375