0 0.56640625 0.5078125 0.015625 0.0265625
0 0.21796875 0.81328125 0.01875 0.0265625
0 0.55546875 0.8515625 0.01875 0.03203125
0 0.29375 0.5953125 0.015625 0.028125
0 0.253125 0.83046875 0.0171875 0.0265625
0 0.134375 0.321875 0.0140625 0.0234375
0 0.53046875 0.27109375 0.01484375 0.025
0 0.7328125 0.909375 0.0203125 0.03046875
0 0.7796875 0.8671875 0.01875 0.028125
0 0.79375 0.81328125 0.01953125 0.0296875
0 0.59765625 0.40546875 0.015625 0.0265625
0 0.62890625 0.88671875 0.0171875 0.03046875
0 0.4296875 0.6265625 0.0171875 0.0296875
0 0.9328125 0.81875 0.0171875 0.028125
0 0.09296875 0.50703125 0.01484375 0.028125
0 0.2859375 0.3796875 0.01484375 0.025
0 0.3078125 0.340625 0.01484375 0.02265625
0 0.48125 0.29296875 0.01640625 0.025
0 0.1546875 0.61484375 0.01640625 0.025
0 0.42109375 0.55390625 0.0171875 0.0265625
0 0.440625 0.1140625 0.01484375 0.0265625
0 0.90703125 0.4828125 0.0140625 0.0234375
0 0.278125 0.64375 0.01484375 0.025
0 0.54765625 0.55703125 0.015625 0.02265625
0 0.39609375 0.596875 0.01640625 0.0265625
0 0.5953125 0.14765625 0.01640625 0.0234375
0 0.59609375 0.45703125 0.01484375 0.0234375
0 0.51484375 0.890625 0.01875 0.0265625
0 0.13359375 0.659375 0.01484375 0.025
0 0.52890625 0.315625 0.01484375 0.02265625
0 0.85390625 0.5515625 0.01484375 0.025
0 0.13203125 0.809375 0.01953125 0.0296875
0 0.2546875 0.45546875 0.01484375 0.025
0 0.9640625 0.44375 0.0140625 0.0234375
0 0.1953125 0.6296875 0.015625 0.025
0 0.6515625 0.503125 0.015625 0.028125
0 0.52890625 0.721875 0.0203125 0.03359375
0 0.14453125 0.54296875 0.015625 0.0296875
0 0.19140625 0.07578125 0.015625 0.0265625
0 0.21953125 0.3515625 0.01484375 0.0234375
0 0.521875 0.58203125 0.01484375 0.02265625
0 0.62890625 0.44140625 0.015625 0.028125
0 0.9359375 0.934375 0.0203125 0.028125
0 0.27578125 0.73984375 0.01640625 0.028125
0 0.4484375 0.6453125 0.015625 0.028125
0 0.2203125 0.03046875 0.01484375 0.025
0 0.89609375 0.91796875 0.01875 0.0296875
0 0.61953125 0.521875 0.01484375 0.0234375
0 0.2546875 0.609375 0.0171875 0.0265625
0 0.621875 0.565625 0.01484375 0.02265625
0 0.665625 0.42578125 0.01640625 0.025
0 0.0875 0.3921875 0.01484375 0.025
0 0.44296875 0.69296875 0.01875 0.028125
0 0.190625 0.52421875 0.01640625 0.0265625
0 0.09609375 0.309375 0.0125 0.0234375
0 0.00859375 0.49296875 0.0171875 0.03046875
0 0.84765625 0.6609375 0.0171875 0.025
0 0.1828125 0.321875 0.01484375 0.0234375
0 0.3921875 0.67421875 0.015625 0.028125
0 0.96171875 0.90078125 0.01875 0.03046875
0 0.70546875 0.30546875 0.01484375 0.0234375
0 0.60625 0.55546875 0.015625 0.0234375
0 0.1453125 0.390625 0.0140625 0.0234375
0 0.23359375 0.8796875 0.0203125 0.028125
0 0.8328125 0.53046875 0.0140625 0.02265625
0 0.92109375 0.64296875 0.01484375 0.0234375
0 0.06015625 0.3890625 0.01484375 0.0265625
0 0.7421875 0.0171875 0.015625 0.0265625
0 0.30234375 0.78671875 0.01875 0.0265625
0 0.07109375 0.48046875 0.0171875 0.028125
0 0.7453125 0.69765625 0.015625 0.0265625
0 0.21953125 0.63828125 0.015625 0.025
0 0.59140625 0.27578125 0.01640625 0.0265625
0 0.60546875 0.6703125 0.0140625 0.02265625
0 0.65703125 0.8890625 0.01875 0.0296875
0 0.6109375 0.446875 0.01484375 0.025
0 0.4203125 0.29609375 0.01484375 0.025
0 0.89140625 0.27109375 0.01484375 0.025
0 0.253125 0.40078125 0.01484375 0.025
0 0.60390625 0.6171875 0.01484375 0.025
0 0.46953125 0.3890625 0.01484375 0.0234375
0 0.92265625 0.78671875 0.0171875 0.0265625
0 0.4359375 0.30546875 0.015625 0.0234375
0 0.45859375 0.421875 0.01484375 0.02265625
0 0.1234375 0.36171875 0.015625 0.028125
0 0.27265625 0.35234375 0.01484375 0.02265625
0 0.06640625 0.43046875 0.015625 0.025
0 0.30234375 0.1203125 0.01484375 0.02265625
0 0.3578125 0.59765625 0.01484375 0.025
0 0.865625 0.4890625 0.01484375 0.025
0 0.8078125 0.54765625 0.0140625 0.025
0 0.5296875 0.9390625 0.01875 0.0234375
0 0.20703125 0.3765625 0.015625 0.0234375
0 0.27890625 0.496875 0.01484375 0.02265625
0 0.2921875 0.05625 0.015625 0.025
0 0.68515625 0.45546875 0.01484375 0.025
0 0.30859375 0.9109375 0.0171875 0.0265625
0 0.8828125 0.859375 0.0171875 0.03203125
0 0.86796875 0.6421875 0.01640625 0.028125
0 0.2171875 0.76796875 0.01640625 0.025
0 0.2421875 0.34765625 0.015625 0.025
0 0.51015625 0.42890625 0.01484375 0.028125
0 0.31875 0.49609375 0.01640625 0.028125
0 0.4265625 0.78671875 0.01953125 0.0265625
0 0.31640625 0.75546875 0.0171875 0.028125
0 0.546875 0.66796875 0.015625 0.025
0 0.58359375 0.36796875 0.01484375 0.0234375
0 0.240625 0.5546875 0.01875 0.025
0 0.8421875 0.7265625 0.0171875 0.028125
0 0.696875 0.121875 0.015625 0.0265625
0 0.56328125 0.77578125 0.0171875 0.0265625
0 0.45234375 0.91796875 0.01875 0.0265625
0 0.42109375 0.41015625 0.01640625 0.0265625
0 0.19609375 0.48515625 0.0171875 0.0296875
0 0.4640625 0.82265625 0.01953125 0.028125
0 0.4390625 0.85859375 0.0171875 0.0265625
0 0.0640625 0.534375 0.01640625 0.0265625
0 0.10859375 0.42578125 0.01640625 0.025
0 0.4078125 0.621875 0.01640625 0.0265625
0 0.4125 0.83125 0.01640625 0.025
0 0.69375 0.43046875 0.01484375 0.025
0 0.6984375 0.484375 0.015625 0.025
0 0.1578125 0.47890625 0.01484375 0.028125
0 0.21796875 0.2796875 0.01484375 0.0265625
0 0.66328125 0.60859375 0.01484375 0.025
0 0.11328125 0.1890625 0.015625 0.0296875
0 0.171875 0.18828125 0.015625 0.025
0 0.51640625 0.53828125 0.015625 0.02109375
0 0.8578125 0.27265625 0.01484375 0.0296875
0 0.86875 0.3515625 0.0125 0.0234375
0 0.50390625 0.48046875 0.0171875 0.025
0 0.6828125 0.903125 0.01953125 0.0265625
0 0.0828125 0.67578125 0.01953125 0.028125
0 0.6546875 0.21953125 0.015625 0.025
0 0.2171875 0.5296875 0.01640625 0.0265625
0 0.634375 0.546875 0.01484375 0.0234375
0 0.93515625 0.59609375 0.01484375 0.025
0 0.32890625 0.04296875 0.015625 0.02265625
0 0.815625 0.91328125 0.0203125 0.03046875
0 0.79453125 0.396875 0.01484375 0.028125
0 0.909375 0.1828125 0.01484375 0.028125
0 0.5828125 0.10234375 0.015625 0.025
0 0.96953125 0.70078125 0.0171875 0.03046875
0 0.4890625 0.8515625 0.0171875 0.0265625
0 0.83359375 0.621875 0.01484375 0.02109375
0 0.5578125 0.396875 0.01484375 0.025
0 0.8421875 0.2015625 0.01484375 0.0265625
0 0.6265625 0.17578125 0.01640625 0.028125
0 0.45859375 0.265625 0.01484375 0.02265625
0 0.628125 0.8375 0.01875 0.03203125
0 0.8640625 0.92578125 0.01953125 0.028125
0 0.4984375 0.925 0.0203125 0.0296875
0 0.5109375 0.33046875 0.01484375 0.0265625
0 0.04609375 0.74765625 0.01875 0.0296875
0 0.23125 0.47109375 0.0171875 0.0296875
0 0.65546875 0.45625 0.01484375 0.0265625
0 0.91484375 0.66796875 0.01484375 0.0265625
0 0.9875 0.29296875 0.0171875 0.0296875
0 0.23984375 0.72265625 0.01640625 0.0296875
0 0.159375 0.41640625 0.01640625 0.028125
0 0.7078125 0.6578125 0.015625 0.02265625
0 0.31640625 0.36953125 0.0140625 0.0234375
0 0.92109375 0.046875 0.01484375 0.0234375
0 0.16875 0.521875 0.015625 0.0234375
0 0.34140625 0.73046875 0.01640625 0.025
0 0.54609375 0.76640625 0.01640625 0.025
0 0.2375 0.58046875 0.01484375 0.0265625
0 0.25078125 0.3140625 0.01484375 0.025
0 0.56015625 0.28046875 0.01484375 0.025
0 0.034375 0.6 0.0171875 0.0265625
0 0.80625 0.71171875 0.0171875 0.03203125
0 0.41875 0.11796875 0.0140625 0.0234375
0 0.48515625 0.565625 0.015625 0.028125
0 0.36328125 0.1765625 0.015625 0.0265625
0 0.50390625 0.040625 0.015625 0.028125
0 0.44453125 0.23984375 0.0171875 0.028125
0 0.96875 0.93828125 0.0234375 0.025
0 0.10546875 0.54921875 0.0171875 0.02265625
0 0.66171875 0.31328125 0.01484375 0.0234375
0 0.77109375 0.81953125 0.01875 0.03046875
0 0.7640625 0.76015625 0.0171875 0.0296875
0 0.6859375 0.3890625 0.01484375 0.0265625
0 0.89453125 0.44375 0.015625 0.0234375
0 0.00859375 0.44765625 0.0171875 0.03203125
0 0.04765625 0.6875 0.0171875 0.0296875
0 0.06328125 0.35625 0.01640625 0.025
0 0.290625 0.35078125 0.0140625 0.025
0 0.284375 0.846875 0.0171875 0.0296875
0 0.67890625 0.0890625 0.01484375 0.02265625
0 0.94765625 0.621875 0.01484375 0.025
0 0.45546875 0.29296875 0.01484375 0.0234375
0 0.409375 0.7125 0.01875 0.028125
0 0.7453125 0.5078125 0.01484375 0.0234375
0 0.07734375 0.259375 0.01640625 0.0265625
0 0.1296875 0.07265625 0.01484375 0.025
0 0.71796875 0.01015625 0.01875 0.01953125
0 0.47578125 0.61484375 0.0171875 0.028125
0 0.71953125 0.3828125 0.0140625 0.02265625
0 0.5765625 0.6640625 0.01484375 0.0234375
0 0.96640625 0.6546875 0.01640625 0.025
0 0.478125 0.31875 0.015625 0.025
0 0.6421875 0.62265625 0.0171875 0.028125
0 0.5265625 0.8265625 0.01640625 0.028125
0 0.38515625 0.4328125 0.01484375 0.028125
0 0.009375 0.58046875 0.01875 0.03203125
0 0.915625 0.61875 0.0140625 0.02265625
0 0.88125 0.61640625 0.01484375 0.0234375
0 0.11796875 0.05078125 0.01484375 0.0234375
0 0.5796875 0.31796875 0.015625 0.0234375
0 0.3109375 0.14140625 0.01484375 0.02265625
0 0.37890625 0.80390625 0.01953125 0.0265625
0 0.4125 0.92734375 0.01875 0.025
0 0.94375 0.22109375 0.01640625 0.0296875
0 0.92734375 0.06875 0.01484375 0.025
0 0.81640625 0.5140625 0.0140625 0.02265625
0 0.79609375 0.25625 0.01640625 0.0234375
0 0.49453125 0.17890625 0.01640625 0.028125
0 0.65703125 0.10625 0.01484375 0.025
0 0.2421875 0.42578125 0.015625 0.025
0 0.23671875 0.28828125 0.01484375 0.0265625
0 0.40859375 0.05546875 0.01484375 0.0234375
0 0.803125 0.1421875 0.0125 0.02265625
0 0.809375 0.20625 0.01484375 0.0265625
0 0.91875 0.45625 0.01484375 0.0234375
0 0.1203125 0.1046875 0.01484375 0.025
0 0.2859375 0.55546875 0.0171875 0.0265625
0 0.97109375 0.83125 0.01875 0.028125
0 0.709375 0.8390625 0.01875 0.028125
0 0.0046875 0.08359375 0.009375 0.025
0 0.55234375 0.934375 0.0203125 0.028125
0 0.27109375 0.51953125 0.01484375 0.02265625
0 0.98984375 0.1875 0.01640625 0.0296875
0 0.25625 0.2890625 0.01484375 0.02265625
0 0.0203125 0.40234375 0.0171875 0.025
0 0.69140625 0.51796875 0.015625 0.025
0 0.84453125 0.35859375 0.01484375 0.0234375
0 0.9578125 0.11875 0.0140625 0.02265625
0 0.51640625 0.38046875 0.01484375 0.0265625
0 0.8921875 0.6515625 0.0140625 0.02109375
0 0.03515625 0.36015625 0.015625 0.028125
0 0.6265625 0.9265625 0.0203125 0.03203125
0 0.32265625 0.10625 0.01484375 0.025
0 0.0359375 0.04296875 0.01640625 0.028125
0 0.3515625 0.62578125 0.015625 0.025
0 0.5125 0.70390625 0.0171875 0.028125
0 0.1921875 0.5640625 0.01640625 0.03046875
0 0.465625 0.48125 0.01484375 0.0234375
0 0.63984375 0.00703125 0.015625 0.0140625
0 0.51796875 0.640625 0.01640625 0.0265625
0 0.6296875 0.04296875 0.01484375 0.02265625
0 0.09296875 0.16640625 0.01484375 0.028125
0 0.3875 0.5546875 0.01640625 0.025
0 0.7765625 0.33046875 0.01640625 0.0265625
0 0.48828125 0.73046875 0.015625 0.025
0 0.68984375 0.23984375 0.01484375 0.0265625
0 0.95390625 0.33125 0.01484375 0.025
0 0.1421875 0.77265625 0.0171875 0.028125
0 0.509375 0.66640625 0.015625 0.02265625
0 0.16328125 0.059375 0.015625 0.0265625
0 0.09453125 0.23046875 0.01640625 0.028125
0 0.77421875 0.69375 0.01640625 0.0265625
0 0.3828125 0.4640625 0.015625 0.0234375
0 0.35 0.3515625 0.01484375 0.0265625
0 0.3578125 0.14296875 0.015625 0.0234375
0 0.31328125 0.44140625 0.015625 0.02265625
0 0.27109375 0.58046875 0.01484375 0.0234375
0 0.434375 0.4890625 0.01484375 0.025
0 0.41484375 0.22734375 0.01484375 0.025
0 0.9015625 0.7015625 0.0171875 0.0265625
0 0.29375 0.46875 0.01484375 0.0265625
0 0.2109375 0.68828125 0.0171875 0.028125
0 0.4171875 0.2578125 0.01484375 0.0234375
0 0.9921875 0.62734375 0.0140625 0.025
0 0.70546875 0.16796875 0.01484375 0.02265625
0 0.446875 0.20546875 0.01484375 0.025
0 0.66875 0.3421875 0.01484375 0.025
0 0.76796875 0.66640625 0.01640625 0.02265625
0 0.72109375 0.53984375 0.01484375 0.02109375
0 0.78203125 0.6296875 0.015625 0.025
0 0.89375 0.18515625 0.01484375 0.0265625
0 0.440625 0.065625 0.01484375 0.02265625
0 0.19375 0.396875 0.01484375 0.02265625
0 0.21796875 0.13515625 0.01484375 0.0234375
0 0.665625 0.740625 0.01953125 0.03203125
0 0.921875 0.55546875 0.015625 0.0265625
0 0.67109375 0.11875 0.01484375 0.025
0 0.7171875 0.40703125 0.01484375 0.0234375
0 0.8453125 0.49375 0.01484375 0.0234375
0 0.4859375 0.7 0.0171875 0.02265625
0 0.35390625 0.01015625 0.01484375 0.01953125
0 0.53203125 0.48359375 0.015625 0.02265625
0 0.56875 0.0140625 0.01484375 0.025
0 0.759375 0.18046875 0.01484375 0.025
0 0.16875 0.67578125 0.0171875 0.025
0 0.48125 0.79921875 0.01875 0.0265625
0 0.60078125 0.328125 0.01484375 0.028125
0 0.4859375 0.40546875 0.01484375 0.0265625
0 0.70625 0.234375 0.01484375 0.025
0 0.7453125 0.63828125 0.01484375 0.025
0 0.64609375 0.746875 0.01875 0.028125