0 0.94609375 0.59921875 0.06171875 0.08359375
0 0.51484375 0.14140625 0.01953125 0.0296875
0 0.7828125 0.253125 0.0390625 0.053125
0 0.18828125 0.0796875 0.02265625 0.03359375
0 0.84453125 0.3125 0.0390625 0.05703125
0 0.7421875 0.4625 0.0546875 0.07578125
0 0.9515625 0.0796875 0.0234375 0.0375
0 0.0125 0.1484375 0.02421875 0.03671875
0 0.20859375 0.44765625 0.04375 0.06484375
0 0.04453125 0.1578125 0.0265625 0.03671875
0 0.3421875 0.0484375 0.0203125 0.0296875
0 0.2453125 0.05 0.0203125 0.02734375
0 0.06640625 0.87265625 0.084375 0.13515625
0 0.1203125 0.0359375 0.0234375 0.03515625
0 0.6109375 0.54453125 0.05625 0.08828125
0 0.17265625 0.0421875 0.0203125 0.0296875
0 0.34296875 0.1125 0.02421875 0.0328125
0 0.3109375 0.04375 0.01875 0.025
0 0.41015625 0.5671875 0.0546875 0.08203125
0 0.7828125 0.5703125 0.059375 0.09140625
0 0.8390625 0.3890625 0.04375 0.0640625
0 0.1984375 0.01640625 0.021875 0.0328125
0 0.58046875 0.15625 0.028125 0.04453125
0 0.8921875 0.04375 0.0234375 0.0375
0 0.5265625 0.23046875 0.028125 0.0390625
0 0.4734375 0.04765625 0.021875 0.0296875
0 0.7390625 0.03203125 0.0234375 0.0328125
0 0.38984375 0.05625 0.0203125 0.03125
0 0.590625 0.09375 0.01875 0.03671875
0 0.5390625 0.0640625 0.021875 0.03359375
0 0.690625 0.39375 0.05 0.07421875
0 0.165625 0.13046875 0.025 0.03671875
0 0.29609375 0.0671875 0.01875 0.0296875
0 0.94453125 0.00625 0.0234375 0.0125
0 0.45 0.49375 0.05 0.06875
0 0.67109375 0.2046875 0.0359375 0.05078125
0 0.3875 0.1609375 0.0296875 0.0453125
0 0.25625 0.29921875 0.03984375 0.05703125
0 0.534375 0.16015625 0.0203125 0.02890625
0 0.25625 0.096875 0.02265625 0.02734375
0 0.56484375 0.06875 0.02421875 0.03671875
0 0.03515625 0.2015625 0.0375 0.0484375
0 0.075 0.03046875 0.01953125 0.0328125
0 0.8828125 0.0125 0.021875 0.025
0 0.3703125 0.0296875 0.0171875 0.02578125
0 0.29375 0.09921875 0.0203125 0.03125
0 0.33359375 0.01640625 0.01875 0.021875
0 0.43046875 0.3546875 0.03046875 0.05078125
0 0.54609375 0.0375 0.01640625 0.01953125
0 0.03984375 0.025 0.01953125 0.0296875
0 0.37265625 0.07265625 0.01484375 0.02578125
0 0.23984375 0.02578125 0.01640625 0.02109375
0 0.2625 0.0359375 0.01953125 0.02734375
0 0.840625 0.0140625 0.01875 0.02734375
0 0.0921875 0.0609375 0.0171875 0.0234375
0 0.259375 0.0125 0.01953125 0.01953125
0 0.0546875 0.11328125 0.021875 0.02578125
0 0.36484375 0.14921875 0.01875 0.0328125