0 0.7234375 0.52578125 0.0328125 0.04921875
0 0.24921875 0.59453125 0.0453125 0.0640625
0 0.871875 0.31640625 0.0234375 0.03671875
0 0.4625 0.8578125 0.0546875 0.084375
0 0.9296875 0.35 0.02734375 0.0390625
0 0.41875 0.41875 0.03203125 0.05078125
0 0.15703125 0.80078125 0.0640625 0.08828125
0 0.5828125 0.24375 0.01953125 0.03125
0 0.8421875 0.4984375 0.0328125 0.05078125
0 0.8890625 0.49375 0.0359375 0.05078125
0 0.96875 0.25625 0.0234375 0.03359375
0 0.75625 0.18046875 0.01875 0.025
0 0.96953125 0.2234375 0.021875 0.0296875
0 0.95390625 0.7 0.053125 0.06875
0 0.87734375 0.19375 0.0203125 0.03125
0 0.17421875 0.50625 0.03984375 0.0609375
0 0.26640625 0.678125 0.0515625 0.0703125
0 0.65703125 0.196875 0.0171875 0.02734375
0 0.3046875 0.2984375 0.0171875 0.02734375
0 0.95390625 0.29921875 0.02734375 0.03671875
0 0.66171875 0.2671875 0.0203125 0.03125
0 0.6765625 0.20078125 0.01953125 0.02890625
0 0.92421875 0.23671875 0.02265625 0.03671875
0 0.85625 0.27265625 0.0234375 0.0328125
0 0.31328125 0.3890625 0.03046875 0.046875
0 0.028125 0.2125 0.01484375 0.025
0 0.56796875 0.7625 0.0515625 0.08203125
0 0.88046875 0.9671875 0.0671875 0.0640625
0 0.55703125 0.21171875 0.01640625 0.025
0 0.540625 0.24296875 0.01875 0.0296875
0 0.79375 0.3796875 0.03125 0.0484375
0 0.21953125 0.51796875 0.034375 0.04453125
0 0.071875 0.240625 0.0234375 0.03671875
0 0.71328125 0.29453125 0.0203125 0.03359375
0 0.48046875 0.25625 0.0171875 0.025
0 0.1625 0.26171875 0.01953125 0.03125
0 0.55625 0.5796875 0.04375 0.06015625
0 0.99140625 0.3921875 0.01484375 0.0390625
0 0.55 0.3015625 0.02421875 0.03515625
0 0.58671875 0.18125 0.01484375 0.0234375
0 0.8328125 0.225 0.025 0.0328125
0 0.58359375 0.51796875 0.04375 0.06796875
0 0.759375 0.2171875 0.02421875 0.0328125
0 0.4046875 0.3140625 0.01640625 0.0234375
0 0.96796875 0.76796875 0.04765625 0.06796875
0 0.9171875 0.190625 0.021875 0.0328125
0 0.0046875 0.240625 0.00859375 0.0234375
0 0.2265625 0.30078125 0.015625 0.02578125
0 0.70859375 0.2625 0.0203125 0.0296875
0 0.1453125 0.46953125 0.03515625 0.053125
0 0.67265625 0.1546875 0.015625 0.021875
0 0.0390625 0.234375 0.015625 0.02578125
0 0.99296875 0.3421875 0.0125 0.0375