0 0.44140625 0.2171875 0.0171875 0.0234375
0 0.9015625 0.7546875 0.05625 0.0796875
0 0.92734375 0.66953125 0.04609375 0.06796875
0 0.23984375 0.2984375 0.0203125 0.02890625
0 0.15703125 0.29453125 0.02265625 0.03125
0 0.06875 0.3875 0.03046875 0.04296875
0 0.603125 0.5125 0.034375 0.05078125
0 0.56796875 0.33671875 0.0265625 0.04296875
0 0.7453125 0.66015625 0.04375 0.06796875
0 0.24375 0.23046875 0.01875 0.02578125
0 0.34453125 0.1734375 0.0140625 0.01953125
0 0.62578125 0.66953125 0.0546875 0.0859375
0 0.65703125 0.425 0.03125 0.0453125
0 0.115625 0.31875 0.02421875 0.03671875
0 0.6125 0.34921875 0.0265625 0.04140625
0 0.28828125 0.33203125 0.025 0.03359375
0 0.5765625 0.23046875 0.021875 0.03125
0 0.34609375 0.6296875 0.02421875 0.040625
0 0.321875 0.1734375 0.01484375 0.01953125
0 0.2984375 0.2734375 0.01953125 0.02578125
0 0.3921875 0.41796875 0.0203125 0.03671875
0 0.803125 0.2984375 0.02421875 0.0328125
0 0.6390625 0.2546875 0.021875 0.0296875
0 0.1375 0.36796875 0.02421875 0.0296875
0 0.2453125 0.19375 0.015625 0.01953125
0 0.31875 0.1 0.01484375 0.0234375
0 0.3359375 0.2671875 0.0234375 0.0328125
0 0.0078125 0.2734375 0.015625 0.03359375
0 0.47734375 0.22421875 0.01953125 0.02578125
0 0.8078125 0.23203125 0.0265625 0.03359375
0 0.1421875 0.4015625 0.0296875 0.04296875
0 0.30625 0.5953125 0.0359375 0.0546875
0 0.9890625 0.234375 0.0171875 0.0234375
0 0.896875 0.48046875 0.0359375 0.04921875
0 0.1796875 0.175 0.0171875 0.025
0 0.9015625 0.24375 0.021875 0.03125
0 0.2546875 0.93671875 0.0765625 0.10546875
0 0.57109375 0.64453125 0.04765625 0.0703125
0 0.8421875 0.228125 0.0171875 0.02734375
0 0.26484375 0.15390625 0.0140625 0.02109375
0 0.40546875 0.26875 0.0203125 0.0328125
0 0.665625 0.3296875 0.01953125 0.0296875
0 0.47265625 0.2625 0.021875 0.0296875
0 0.21875 0.21796875 0.0171875 0.025
0 0.2921875 0.1546875 0.01484375 0.01953125
0 0.6921875 0.2609375 0.0171875 0.02734375
0 0.39140625 0.2421875 0.015625 0.0234375
0 0.23125 0.18203125 0.015625 0.01796875
0 0.89140625 0.95 0.0734375 0.0953125
0 0.44453125 0.3140625 0.0234375 0.03671875
0 0.27109375 0.24453125 0.01640625 0.0234375
0 0.48125 0.303125 0.02421875 0.03671875
0 0.3109375 0.29921875 0.0234375 0.03125
0 0.41875 0.3296875 0.0265625 0.04296875
0 0.728125 0.36171875 0.02265625 0.02578125
0 0.86875 0.2296875 0.01875 0.0296875
0 0.94375 0.2328125 0.01953125 0.025
0 0.20546875 0.18125 0.01640625 0.021875
0 0.01484375 0.38125 0.0265625 0.04296875
0 0.72421875 0.25703125 0.02421875 0.0328125
0 0.7984375 0.37421875 0.02734375 0.0375
0 0.33125 0.11875 0.0140625 0.01796875
0 0.20234375 0.43125 0.0234375 0.0375
0 0.73125 0.39765625 0.03046875 0.0453125
0 0.87265625 0.8515625 0.05390625 0.08359375
0 0.2046875 0.1546875 0.01484375 0.025
0 0.13203125 0.2796875 0.021875 0.02890625
0 0.22578125 0.096875 0.01484375 0.021875
0 0.778125 0.41328125 0.0359375 0.053125
0 0.334375 0.21171875 0.01875 0.025
0 0.159375 0.53046875 0.02265625 0.0328125
0 0.66484375 0.3890625 0.02421875 0.02890625