0 0.896875 0.59375 0.01328125 0.0234375
0 0.85 0.65546875 0.01796875 0.03515625
0 0.05703125 0.64140625 0.02734375 0.04296875
0 0.615625 0.5828125 0.015625 0.025
0 0.5796875 0.80703125 0.03125 0.05859375
0 0.684375 0.8359375 0.0328125 0.0546875
0 0.14375 0.64375 0.025 0.04453125
0 0.73671875 0.8546875 0.0359375 0.05703125
0 0.76171875 0.65078125 0.0203125 0.0375
0 0.3796875 0.78671875 0.0265625 0.04609375
0 0.1359375 0.7671875 0.0359375 0.06015625
0 0.86796875 0.85 0.03125 0.0546875
0 0.29921875 0.7625 0.03125 0.0515625
0 0.2015625 0.94921875 0.04453125 0.040625
0 0.759375 0.60625 0.0171875 0.03046875
0 0.4578125 0.6375 0.02421875 0.04296875
0 0.9109375 0.62734375 0.0171875 0.028125
0 0.871875 0.5671875 0.01328125 0.01953125
0 0.9234375 0.6609375 0.01796875 0.03203125
0 0.396875 0.65625 0.02265625 0.040625
0 0.6671875 0.59921875 0.0140625 0.03046875
0 0.709375 0.61796875 0.01796875 0.03203125
0 0.3421875 0.85625 0.0421875 0.07109375
0 0.2125 0.68828125 0.0265625 0.04453125
0 0.8140625 0.58984375 0.0140625 0.02109375
0 0.8734375 0.59375 0.015625 0.0234375
0 0.5125 0.93515625 0.0375 0.0625
0 0.3765625 0.54296875 0.01328125 0.0234375
0 0.19921875 0.89453125 0.04296875 0.0625
0 0.1046875 0.81015625 0.0359375 0.0640625
0 0.5140625 0.7421875 0.02890625 0.053125
0 0.803125 0.76796875 0.0296875 0.0515625
0 0.3359375 0.634375 0.02265625 0.0390625
0 0.309375 0.5390625 0.01328125 0.0234375
0 0.80078125 0.63046875 0.0171875 0.03203125
0 0.5140625 0.6484375 0.021875 0.0390625
0 0.7796875 0.54453125 0.0109375 0.01953125
0 0.14140625 0.8515625 0.0375 0.0625
0 0.5921875 0.58515625 0.01328125 0.0234375
0 0.88671875 0.6375 0.0140625 0.028125
0 0.85390625 0.5765625 0.01328125 0.01953125
0 0.10546875 0.68828125 0.0265625 0.04453125
0 0.76640625 0.565625 0.01328125 0.0234375
0 0.57265625 0.65625 0.02265625 0.040625
0 0.17578125 0.5296875 0.01328125 0.02109375
0 0.2015625 0.54296875 0.0140625 0.0265625
0 0.91796875 0.56328125 0.01171875 0.02109375
0 0.4203125 0.54296875 0.01328125 0.0234375
0 0.91328125 0.5953125 0.0140625 0.025
0 0.4953125 0.54765625 0.01171875 0.0234375
0 0.671875 0.9078125 0.03359375 0.053125
0 0.33203125 0.50625 0.0109375 0.01796875
0 0.5296875 0.51875 0.0109375 0.01796875
0 0.64453125 0.6640625 0.02421875 0.04296875
0 0.54296875 0.59375 0.01953125 0.0265625
0 0.61875 0.5546875 0.01171875 0.015625
0 0.8078125 0.5671875 0.01171875 0.01953125
0 0.89453125 0.53046875 0.0109375 0.015625
0 0.3546875 0.57734375 0.0140625 0.028125
0 0.89296875 0.56640625 0.01171875 0.01796875
0 0.06171875 0.9203125 0.0375 0.05703125
0 0.9046875 0.54375 0.0109375 0.01796875
0 0.3359375 0.59375 0.01796875 0.0265625
0 0.396875 0.54296875 0.01328125 0.01953125
0 0.84453125 0.61875 0.01796875 0.0265625
0 0.83515625 0.5578125 0.01171875 0.02109375
0 0.34140625 0.54296875 0.0140625 0.01953125
0 0.6703125 0.53046875 0.0109375 0.01953125
0 0.2359375 0.54296875 0.0140625 0.0234375
0 0.54296875 0.54453125 0.01171875 0.01953125
0 0.16796875 0.4921875 0.0109375 0.01796875
0 0.7515625 0.55703125 0.01171875 0.01953125
0 0.26796875 0.49296875 0.01171875 0.015625
0 0.29765625 0.89609375 0.0375 0.05859375
0 0.36640625 0.5203125 0.01171875 0.01796875
0 0.15390625 0.5015625 0.01171875 0.01953125
0 0.85546875 0.55234375 0.01171875 0.01796875
0 0.70546875 0.54375 0.01171875 0.02109375
0 0.96796875 0.5765625 0.01328125 0.01953125
0 0.0921875 0.54453125 0.01171875 0.01953125
0 0.2828125 0.4890625 0.0109375 0.015625
0 0.6921875 0.53203125 0.01171875 0.015625
0 0.3859375 0.571875 0.0140625 0.025
0 0.41640625 0.5203125 0.0109375 0.01796875
0 0.271875 0.5453125 0.01328125 0.025
0 0.4953125 0.50546875 0.009375 0.015625
0 0.39453125 0.51484375 0.0109375 0.01796875
0 0.6546875 0.5625 0.01171875 0.01953125
0 0.85625 0.53046875 0.0109375 0.015625
0 0.30625 0.48125 0.0109375 0.01796875
0 0.728125 0.571875 0.01171875 0.02109375
0 0.2890625 0.553125 0.01328125 0.0234375
0 0.59375 0.5390625 0.01171875 0.01953125
0 0.40625 0.56640625 0.0140625 0.025
0 0.23203125 0.5015625 0.01171875 0.01953125
0 0.95546875 0.70078125 0.01953125 0.03359375
0 0.33046875 0.57109375 0.01171875 0.0234375
0 0.9359375 0.609375 0.0140625 0.025
0 0.56953125 0.56640625 0.01171875 0.02109375
0 0.4921875 0.521875 0.0109375 0.01796875
0 0.9421875 0.6640625 0.01953125 0.028125
0 0.95078125 0.54921875 0.01171875 0.01796875
0 0.465625 0.51953125 0.0109375 0.015625
0 0.3796875 0.4953125 0.009375 0.0140625
0 0.13671875 0.48203125 0.0109375 0.015625
0 0.34375 0.48046875 0.00703125 0.015625
0 0.13828125 0.51953125 0.01171875 0.01953125
0 0.10546875 0.50390625 0.01171875 0.01953125
0 0.75625 0.53046875 0.00703125 0.015625
0 0.50625 0.52734375 0.0109375 0.01796875
0 0.21875 0.51953125 0.01171875 0.01953125
0 0.7828125 0.57109375 0.01171875 0.01953125
0 0.47890625 0.58046875 0.01328125 0.025
0 0.95625 0.51875 0.0109375 0.01796875
0 0.79453125 0.53984375 0.009375 0.0140625
0 0.81875 0.54375 0.01171875 0.0140625
0 0.5453125 0.49453125 0.0109375 0.015625
0 0.5296875 0.54375 0.01171875 0.01796875
0 0.653125 0.5203125 0.0109375 0.01796875
0 0.87890625 0.54296875 0.0109375 0.015625
0 0.40625 0.4921875 0.00703125 0.0140625
0 0.25390625 0.49296875 0.0109375 0.015625
0 0.84140625 0.5296875 0.009375 0.0140625
0 0.82265625 0.56484375 0.01328125 0.02109375
0 0.58046875 0.4921875 0.00703125 0.0140625
0 0.02578125 0.5296875 0.01328125 0.02109375
0 0.3171875 0.4828125 0.00703125 0.0140625
0 0.51796875 0.4921875 0.00703125 0.0140625
0 0.94140625 0.51796875 0.00859375 0.015625
0 0.59375 0.4953125 0.00703125 0.0140625
0 0.5625 0.540625 0.01171875 0.015625
0 0.39296875 0.4921875 0.00703125 0.0140625
0 0.06796875 0.4953125 0.0109375 0.0140625
0 0.8890625 0.66796875 0.01953125 0.03203125
0 0.2046875 0.51484375 0.01171875 0.01796875
0 0.78046875 0.5046875 0.00625 0.0109375
0 0.85703125 0.50546875 0.009375 0.015625
0 0.63203125 0.5015625 0.009375 0.015625
0 0.6578125 0.54375 0.01171875 0.01796875
0 0.19375 0.50390625 0.01171875 0.015625
0 0.31953125 0.4671875 0.009375 0.0109375
0 0.63828125 0.5546875 0.01171875 0.01953125
0 0.48125 0.54296875 0.0109375 0.01953125
0 0.5546875 0.51796875 0.0109375 0.015625
0 0.31875 0.51484375 0.0109375 0.01796875
0 0.0796875 0.51796875 0.0109375 0.015625
0 0.11640625 0.51953125 0.01171875 0.01953125
0 0.80625 0.50234375 0.00625 0.0140625
0 0.55625 0.57109375 0.01328125 0.0234375
0 0.9703125 0.5390625 0.009375 0.015625
0 0.71640625 0.51953125 0.009375 0.015625
0 0.5046875 0.478125 0.00703125 0.0140625
0 0.9734375 0.60390625 0.0140625 0.025
0 0.740625 0.54375 0.0109375 0.01796875
0 0.4796875 0.5203125 0.009375 0.01796875
0 0.95546875 0.4546875 0.00703125 0.0109375
0 0.66875 0.4828125 0.00859375 0.0140625
0 0.51171875 0.5625 0.01171875 0.0234375
0 0.64296875 0.48203125 0.00703125 0.0125
0 0.72890625 0.54375 0.0109375 0.01796875
0 0.6484375 0.62109375 0.015625 0.03046875
0 0.69140625 0.5640625 0.01171875 0.01953125
0 0.6734375 0.553125 0.01171875 0.01953125
0 0.91796875 0.5390625 0.01171875 0.015625
0 0.39375 0.478125 0.00625 0.0140625
0 0.36875 0.4671875 0.00625 0.0109375
0 0.8671875 0.54296875 0.0109375 0.015625
0 0.76796875 0.50546875 0.00703125 0.0125
0 0.7421875 0.51796875 0.00859375 0.015625
0 0.4390625 0.57578125 0.01328125 0.02109375
0 0.80703125 0.525 0.0109375 0.015625
0 0.48046875 0.4671875 0.00703125 0.0109375
0 0.41796875 0.50078125 0.01171875 0.01796875
0 0.51953125 0.53125 0.009375 0.01796875
0 0.81875 0.49296875 0.00859375 0.0125
0 0.76875 0.4546875 0.00625 0.0109375
0 0.04296875 0.4828125 0.0109375 0.0140625
0 0.33046875 0.4828125 0.00703125 0.0140625
0 0.4296875 0.5640625 0.01328125 0.01953125
0 0.63046875 0.58828125 0.01328125 0.02109375
0 0.24453125 0.46875 0.00859375 0.0140625
0 0.1796875 0.4703125 0.0109375 0.01796875
0 0.36796875 0.48828125 0.00703125 0.0140625
0 0.2453125 0.51328125 0.01171875 0.02109375
0 0.2765625 0.51484375 0.01171875 0.01796875
0 0.6265625 0.540625 0.0109375 0.015625
0 0.28515625 0.94921875 0.046875 0.0375
0 0.78125 0.4671875 0.00703125 0.0109375
0 0.6921875 0.47890625 0.00703125 0.0125
0 0.29296875 0.4453125 0.00703125 0.0125
0 0.2375 0.4359375 0.00625 0.0125
0 0.6546875 0.46875 0.00703125 0.0109375
0 0.0375 0.50546875 0.01171875 0.01953125
0 0.8 0.66015625 0.01796875 0.0265625
0 0.6421875 0.51875 0.0109375 0.01796875
0 0.6078125 0.540625 0.0109375 0.015625
0 0.609375 0.76796875 0.0265625 0.04765625
0 0.9671875 0.51484375 0.00703125 0.0140625
0 0.73828125 0.48671875 0.00703125 0.0140625
0 0.36328125 0.95 0.0359375 0.0390625
0 0.48046875 0.48203125 0.00703125 0.0125
0 0.0640625 0.53828125 0.01171875 0.02109375
0 0.86875 0.50234375 0.00703125 0.0140625
0 0.43203125 0.49296875 0.0109375 0.015625
0 0.79296875 0.5046875 0.00859375 0.0109375
0 0.57890625 0.540625 0.0109375 0.015625
0 0.88125 0.51796875 0.00859375 0.015625
0 0.30390625 0.45546875 0.00703125 0.0125
0 0.0546875 0.4921875 0.0109375 0.0140625
0 0.74375 0.46484375 0.00625 0.0125
0 0.94140625 0.5328125 0.009375 0.0140625
0 0.76953125 0.48203125 0.00703125 0.0125
0 0.61875 0.4546875 0.00625 0.0109375
0 0.61875 0.46875 0.00625 0.0109375
0 0.89296875 0.47890625 0.00703125 0.0125
0 0.1265625 0.49765625 0.0109375 0.01796875
0 0.26171875 0.43515625 0.00703125 0.0109375
0 0.9515625 0.59375 0.0140625 0.0234375
0 0.88671875 0.46015625 0.00703125 0.0109375
0 0.60546875 0.4953125 0.00859375 0.0140625
0 0.7796875 0.51796875 0.00703125 0.015625
0 0.38125 0.46796875 0.00859375 0.0125
0 0.44375 0.48046875 0.00703125 0.015625
0 0.68125 0.46875 0.00625 0.0109375
0 0.57578125 0.6125 0.0140625 0.025
0 0.43125 0.4671875 0.00625 0.0109375
0 0.8296875 0.53046875 0.009375 0.015625
0 0.43203125 0.5203125 0.0109375 0.01796875
0 0.89140625 0.54375 0.0109375 0.0140625
0 0.2125 0.4359375 0.00625 0.0125
0 0.44375 0.4546875 0.00703125 0.0109375
0 0.4515625 0.51953125 0.0109375 0.015625
0 0.3625 0.43515625 0.00625 0.0109375
0 0.86875 0.47890625 0.00703125 0.0125
0 0.48046875 0.44296875 0.00703125 0.0125
0 0.41796875 0.4828125 0.00859375 0.0140625
0 0.70625 0.4546875 0.00625 0.0109375
0 0.64375 0.4546875 0.00625 0.0109375
0 0.4453125 0.79375 0.025 0.04296875
0 0.85546875 0.46875 0.00703125 0.0109375
0 0.76796875 0.5296875 0.00703125 0.0140625
0 0.6046875 0.45625 0.00703125 0.0109375
0 0.70625 0.47890625 0.00625 0.0125
0 0.81875 0.45546875 0.00703125 0.0125
0 0.51171875 0.5109375 0.0109375 0.015625
0 0.29375 0.43046875 0.00859375 0.0125
0 0.46875 0.48046875 0.00703125 0.0125
0 0.70546875 0.58828125 0.0140625 0.02109375
0 0.65546875 0.45546875 0.00625 0.00859375
0 0.56875 0.49375 0.00703125 0.0109375
0 0.2125 0.48515625 0.0109375 0.01796875
0 0.5875 0.46015625 0.00625 0.0109375
0 0.80546875 0.47890625 0.00703125 0.0125
0 0.8921875 0.4953125 0.00859375 0.0140625
0 0.45546875 0.55078125 0.01171875 0.02109375
0 0.0921875 0.44296875 0.00859375 0.0125
0 0.4671875 0.4953125 0.00703125 0.0140625
0 0.78046875 0.44140625 0.00625 0.00859375
0 0.24140625 0.48203125 0.009375 0.015625
0 0.0921875 0.49375 0.01171875 0.01796875
0 0.08203125 0.478125 0.00703125 0.0140625
0 0.75546875 0.453125 0.00625 0.0109375
0 0.44140625 0.5015625 0.0109375 0.015625
0 0.30390625 0.5015625 0.009375 0.015625
0 0.64296875 0.46875 0.00703125 0.0109375
0 0.4578125 0.50625 0.009375 0.0140625
0 0.45625 0.4546875 0.00625 0.0109375
0 0.81171875 0.4359375 0.00625 0.00859375
0 0.92890625 0.5296875 0.009375 0.0140625
0 0.90625 0.46796875 0.00703125 0.0125
0 0.11171875 0.46171875 0.00703125 0.0109375
0 0.56875 0.47890625 0.00703125 0.0125
0 0.9546875 0.5046875 0.00859375 0.0109375
0 0.50390625 0.590625 0.015625 0.0265625
0 0.94140625 0.46875 0.00859375 0.0109375
0 0.68125 0.48046875 0.00625 0.015625
0 0.45703125 0.4921875 0.00703125 0.0140625
0 0.31875 0.43125 0.00703125 0.0109375
0 0.8421875 0.47890625 0.00703125 0.0125
0 0.55625 0.478125 0.00625 0.0140625
0 0.61875 0.4921875 0.00703125 0.0140625
0 0.4625 0.4359375 0.00625 0.00859375
0 0.165625 0.57734375 0.0140625 0.028125
0 0.66796875 0.4671875 0.00703125 0.0109375
0 0.7171875 0.4921875 0.00703125 0.0140625
0 0.2171875 0.4171875 0.00703125 0.0109375
0 0.275 0.42421875 0.00625 0.0109375
0 0.86953125 0.5203125 0.0109375 0.0140625
0 0.45625 0.46796875 0.00625 0.0125
0 0.4796875 0.50234375 0.00703125 0.0140625
0 0.66796875 0.4546875 0.00703125 0.0109375
0 0.16796875 0.46875 0.00859375 0.0140625
0 0.35546875 0.45546875 0.00703125 0.0125
0 0.75625 0.46796875 0.00859375 0.0125
0 0.1046875 0.48125 0.009375 0.01796875
0 0.29375 0.48125 0.00859375 0.01796875
0 0.53046875 0.4921875 0.00625 0.0140625
0 0.69296875 0.4546875 0.00625 0.0109375
0 0.95546875 0.4671875 0.00703125 0.0109375
0 0.41171875 0.4359375 0.00625 0.00859375