0 0.1109375 0.7875 0.05078125 0.0765625
0 0.4890625 0.75078125 0.0484375 0.071875
0 0.59453125 0.72890625 0.04609375 0.07421875
0 0.3703125 0.7671875 0.0625 0.0625
0 0.65703125 0.75625 0.05078125 0.06640625
0 0.20546875 0.74453125 0.05546875 0.08203125
0 0.0671875 0.68046875 0.02734375 0.0390625
0 0.9609375 0.80390625 0.0546875 0.08984375
0 0.83828125 0.7734375 0.059375 0.08984375
0 0.1890625 0.93671875 0.0828125 0.1234375
0 0.05703125 0.803125 0.059375 0.08984375
0 0.16875 0.6609375 0.0234375 0.03671875
0 0.0421875 0.71875 0.0453125 0.05078125
0 0.68671875 0.6796875 0.0265625 0.040625
0 0.42734375 0.95234375 0.075 0.0921875
0 0.09453125 0.665625 0.0234375 0.03359375
0 0.4359375 0.77265625 0.05859375 0.0546875
0 0.44296875 0.7140625 0.03203125 0.04921875
0 0.8984375 0.77421875 0.0484375 0.0765625
0 0.234375 0.6296875 0.025 0.0328125
0 0.496875 0.6890625 0.03828125 0.04140625
0 0.71796875 0.6703125 0.03828125 0.0609375
0 0.4046875 0.60625 0.0171875 0.02578125
0 0.2484375 0.69609375 0.0375 0.0546875
0 0.3703125 0.70703125 0.03046875 0.04140625
0 0.10625 0.71875 0.053125 0.04921875
0 0.53203125 0.7140625 0.034375 0.06484375
0 0.44140625 0.6609375 0.0234375 0.0375
0 0.15703125 0.61796875 0.01640625 0.01953125
0 0.70234375 0.734375 0.0359375 0.046875
0 0.3734375 0.6703125 0.02421875 0.025
0 0.4046875 0.70703125 0.04296875 0.04140625
0 0.8984375 0.64453125 0.03515625 0.053125
0 0.44375 0.62578125 0.0203125 0.02734375
0 0.4359375 0.83359375 0.07890625 0.06484375
0 0.19140625 0.675 0.0234375 0.03125
0 0.3453125 0.68046875 0.0296875 0.040625
0 0.86484375 0.6984375 0.03984375 0.04140625
0 0.02734375 0.6640625 0.0234375 0.0375
0 0.93125 0.66484375 0.03515625 0.03671875
0 0.59765625 0.64140625 0.021875 0.02890625
0 0.3609375 0.62265625 0.01953125 0.02578125
0 0.3921875 0.65234375 0.021875 0.03515625
0 0.41484375 0.67421875 0.03046875 0.02734375
0 0.728125 0.6203125 0.0234375 0.0234375
0 0.940625 0.62109375 0.0203125 0.025
0 0.9703125 0.60390625 0.01640625 0.021875
0 0.971875 0.6296875 0.02265625 0.02734375
0 0.26484375 0.6140625 0.021875 0.02890625
0 0.48984375 0.65390625 0.02421875 0.0234375
0 0.45546875 0.59609375 0.01640625 0.02734375
0 0.825 0.7 0.0359375 0.0375
0 0.0078125 0.646875 0.015625 0.04296875
0 0.6484375 0.6484375 0.021875 0.0296875
0 0.05546875 0.61328125 0.01640625 0.01953125
0 0.18984375 0.64453125 0.0203125 0.025
0 0.0296875 0.60390625 0.01484375 0.021875
0 0.92109375 0.7078125 0.04296875 0.05078125
0 0.05546875 0.64453125 0.0171875 0.01953125
0 0.86796875 0.603125 0.0125 0.01328125
0 0.52265625 0.6390625 0.02265625 0.0296875
0 0.2046875 0.59453125 0.01171875 0.01328125
0 0.1828125 0.621875 0.01640625 0.021875
0 0.9921875 0.6296875 0.0140625 0.02578125
0 0.2625 0.6453125 0.02421875 0.025
0 0.65234375 0.6203125 0.0171875 0.0234375
0 0.1796875 0.603125 0.0140625 0.01796875
0 0.91875 0.6046875 0.01484375 0.01796875
0 0.35234375 0.65 0.0265625 0.0234375
0 0.7546875 0.59296875 0.0140625 0.01796875
0 0.0890625 0.61484375 0.01640625 0.0234375
0 0.4671875 0.63984375 0.0203125 0.02578125
0 0.6171875 0.634375 0.01953125 0.02578125
0 0.88125 0.60546875 0.01171875 0.0140625
0 0.41875 0.59140625 0.0140625 0.02109375
0 0.8953125 0.60390625 0.0140625 0.0140625
0 0.1375 0.65546875 0.01953125 0.02890625
0 0.8671875 0.62578125 0.0171875 0.0234375
0 0.028125 0.88125 0.0515625 0.07421875
0 0.5609375 0.60703125 0.01640625 0.02578125
0 0.82734375 0.60625 0.01484375 0.021875
0 0.31953125 0.628125 0.0171875 0.02578125
0 0.4328125 0.578125 0.0125 0.01953125
0 0.59296875 0.59609375 0.0125 0.01953125
0 0.8609375 0.65625 0.03125 0.03515625
0 0.0890625 0.58359375 0.01484375 0.01796875
0 0.6421875 0.68046875 0.034375 0.03359375
0 0.34453125 0.5546875 0.009375 0.0140625
0 0.2078125 0.61796875 0.021875 0.02734375
0 0.63203125 0.59296875 0.0140625 0.02109375
0 0.3109375 0.65625 0.0171875 0.021875
0 0.2109375 0.6453125 0.01953125 0.02578125
0 0.0828125 0.640625 0.0171875 0.01953125
0 0.009375 0.61015625 0.01640625 0.021875
0 0.36484375 0.54375 0.0109375 0.015625
0 0.80234375 0.58046875 0.0125 0.01953125
0 0.315625 0.78515625 0.03828125 0.06796875
0 0.24453125 0.60390625 0.01484375 0.0140625
0 0.0609375 0.59453125 0.01484375 0.01796875
0 0.9859375 0.60625 0.015625 0.02109375
0 0.3359375 0.61328125 0.015625 0.021875
0 0.0234375 0.6296875 0.0171875 0.0234375
0 0.34453125 0.5765625 0.0125 0.01953125
0 0.7734375 0.6375 0.021875 0.0296875
0 0.23125 0.59453125 0.0109375 0.01328125
0 0.70234375 0.603125 0.01640625 0.0234375
0 0.5875 0.61796875 0.01875 0.025
0 0.31875 0.590625 0.0125 0.01796875
0 0.6828125 0.60234375 0.01484375 0.02109375
0 0.61484375 0.58046875 0.0125 0.01953125
0 0.00625 0.734375 0.0125 0.0484375
0 0.0359375 0.96015625 0.07109375 0.0765625
0 0.546875 0.59296875 0.0140625 0.02109375
0 0.165625 0.7140625 0.03046875 0.04453125
0 0.3046875 0.68359375 0.021875 0.0328125
0 0.42109375 0.6453125 0.01875 0.025
0 0.71953125 0.5796875 0.0109375 0.015625
0 0.73359375 0.5796875 0.0125 0.0171875
0 0.1828125 0.5796875 0.0109375 0.0140625
0 0.42421875 0.61953125 0.01875 0.02734375
0 0.2171875 0.59296875 0.0109375 0.01328125
0 0.6046875 0.6140625 0.0171875 0.02578125
0 0.5296875 0.6671875 0.0234375 0.02578125
0 0.81015625 0.60625 0.01484375 0.02109375
0 0.23125 0.578125 0.00859375 0.01171875
0 0.50859375 0.91328125 0.05546875 0.0953125
0 0.04375 0.59140625 0.0125 0.01953125
0 0.00703125 0.80546875 0.0140625 0.06875
0 0.3828125 0.62265625 0.0171875 0.0234375
0 0.30546875 0.59140625 0.0109375 0.0140625
0 0.365625 0.85859375 0.06171875 0.1015625
0 0.84375 0.59453125 0.0140625 0.02109375
0 0.19296875 0.56796875 0.00703125 0.009375
0 0.09453125 0.55625 0.0140625 0.0140625
0 0.20625 0.565625 0.00703125 0.01015625
0 0.4171875 0.56796875 0.0140625 0.02109375
0 0.21796875 0.578125 0.00703125 0.01171875
0 0.33046875 0.56875 0.0109375 0.0140625
0 0.12578125 0.5703125 0.01171875 0.01953125
0 0.00625 0.58046875 0.0125 0.01953125
0 0.7625 0.6125 0.01640625 0.01796875
0 0.3328125 0.59296875 0.0140625 0.02109375
0 0.27109375 0.59140625 0.0125 0.0140625
0 0.05546875 0.56953125 0.0125 0.01796875
0 0.571875 0.56640625 0.0125 0.01953125
0 0.70859375 0.628125 0.01484375 0.0234375
0 0.5859375 0.5796875 0.0140625 0.01953125
0 0.2796875 0.69140625 0.025 0.040625
0 0.3703125 0.56484375 0.01171875 0.01953125
0 0.23125 0.55546875 0.00703125 0.01015625
0 0.76484375 0.68046875 0.034375 0.05078125
0 0.790625 0.60625 0.0140625 0.01953125
0 0.21953125 0.55625 0.0078125 0.01015625
0 0.68515625 0.909375 0.08671875 0.15859375