1 0.2765625 0.771875 0.0421875 0.0703125
1 0.53203125 0.7296875 0.03515625 0.06328125
1 0.2484375 0.8921875 0.0484375 0.07734375
1 0.44609375 0.7703125 0.046875 0.0671875
1 0.71171875 0.884375 0.040625 0.07890625
1 0.2078125 0.8 0.0390625 0.075
1 0.9109375 0.7890625 0.0453125 0.07578125
1 0.4484375 0.5703125 0.0328125 0.06328125
1 0.6765625 0.7375 0.0359375 0.071875
1 0.71171875 0.92109375 0.096875 0.15234375
1 0.36796875 0.6296875 0.0296875 0.05
1 0.325 0.7109375 0.0359375 0.06328125
1 0.575 0.859375 0.0390625 0.07578125
1 0.6265625 0.79296875 0.03984375 0.065625
1 0.22734375 0.70859375 0.0421875 0.0703125
1 0.6 0.671875 0.0375 0.06171875
1 0.3515625 0.51796875 0.03125 0.05234375
1 0.75 0.7859375 0.040625 0.0734375
1 0.06171875 0.803125 0.0390625 0.071875
1 0.79765625 0.5265625 0.028125 0.0515625
1 0.5171875 0.66875 0.03515625 0.0640625
1 0.803125 0.79375 0.0359375 0.0671875
1 0.60234375 0.61328125 0.0390625 0.05546875
1 0.14375 0.8046875 0.0375 0.06875
1 0.50234375 0.9015625 0.05 0.07578125
1 0.453125 0.51328125 0.03125 0.0515625
1 0.5171875 0.5234375 0.028125 0.05703125
1 0.3734375 0.48046875 0.028125 0.05
1 0.27578125 0.50078125 0.0265625 0.05
1 0.68125 0.60703125 0.0296875 0.05390625
1 0.58125 0.54609375 0.03125 0.05859375
1 0.8421875 0.73359375 0.0375 0.0703125
1 0.08046875 0.5625 0.034375 0.05859375
1 0.028125 0.6453125 0.0375 0.0640625
1 0.871875 0.51015625 0.0265625 0.0453125
1 0.61171875 0.4890625 0.0265625 0.05234375
1 0.1078125 0.878125 0.0421875 0.0671875
1 0.69453125 0.53828125 0.0296875 0.05390625
1 0.2921875 0.9484375 0.05 0.07890625
1 0.88671875 0.67109375 0.03515625 0.06015625
1 0.315625 0.57578125 0.0296875 0.05234375
1 0.14765625 0.94296875 0.05859375 0.08203125
1 0.43359375 0.86640625 0.0875 0.2578125
1 0.76640625 0.49453125 0.02421875 0.0453125
1 0.9484375 0.53203125 0.028125 0.0515625
1 0.56875 0.45 0.02734375 0.0453125
1 0.48671875 0.9734375 0.05390625 0.046875
1 0.57265625 0.90859375 0.090625 0.17421875
1 0.753125 0.6140625 0.0375 0.06015625
1 0.5328125 0.7984375 0.084375 0.20078125
1 0.4734375 0.3734375 0.021875 0.040625
1 0.8078125 0.63359375 0.0359375 0.06328125
1 0.4875 0.8484375 0.04296875 0.071875
1 0.49453125 0.471875 0.0265625 0.0453125
1 0.88828125 0.6078125 0.03046875 0.05546875
1 0.60390625 0.74140625 0.08125 0.20078125
1 0.640625 0.303125 0.025 0.040625
1 0.2484375 0.36953125 0.021875 0.03984375
1 0.20859375 0.6078125 0.03203125 0.05859375
1 0.2171875 0.50390625 0.0265625 0.046875
1 0.84921875 0.225 0.0203125 0.03359375
1 0.63359375 0.9359375 0.04375 0.071875
1 0.26875 0.65390625 0.03515625 0.06328125
1 0.0953125 0.44765625 0.025 0.0515625
1 0.50390625 0.6203125 0.0328125 0.05703125
1 0.1078125 0.52421875 0.02734375 0.05234375
1 0.44609375 0.63828125 0.078125 0.19921875
1 0.55703125 0.49453125 0.0265625 0.04375
1 0.5171875 0.44453125 0.0234375 0.0421875
1 0.05625 0.46640625 0.02734375 0.0421875
1 0.1421875 0.45625 0.03046875 0.0515625
1 0.14140625 0.60703125 0.040625 0.065625
1 0.33125 0.8359375 0.06953125 0.31640625
1 0.715625 0.16640625 0.01875 0.03359375
1 0.36875 0.75859375 0.06875 0.3078125
1 0.6890625 0.70078125 0.0359375 0.065625
1 0.15234375 0.64375 0.0328125 0.0515625
1 0.4109375 0.503125 0.028125 0.0484375
1 0.44375 0.7921875 0.0609375 0.1109375
1 0.690625 0.47265625 0.0265625 0.046875
1 0.7234375 0.590625 0.03046875 0.0515625
1 0.9765625 0.96015625 0.04296875 0.0734375
1 0.25625 0.4453125 0.0234375 0.040625
1 0.84453125 0.4125 0.0234375 0.0453125
1 0.24921875 0.92421875 0.05859375 0.1421875
1 0.61171875 0.43515625 0.028125 0.05
1 0.74375 0.8671875 0.08125 0.23828125
1 0.978125 0.82421875 0.03984375 0.0671875
1 0.584375 0.96328125 0.05859375 0.0671875
1 0.184375 0.55390625 0.028125 0.0515625
1 0.67421875 0.43203125 0.02421875 0.04375
1 0.98046875 0.65234375 0.03125 0.05703125
1 0.48671875 0.31953125 0.02265625 0.03203125
1 0.67890625 0.81015625 0.0796875 0.21796875
1 0.31015625 0.378125 0.02421875 0.040625
1 0.2765625 0.5546875 0.06171875 0.1578125
1 0.3953125 0.31484375 0.0203125 0.040625
1 0.36796875 0.428125 0.0203125 0.03984375
1 0.66875 0.1671875 0.01875 0.03515625
1 0.85625 0.25078125 0.05078125 0.08671875
1 0.3078125 0.43359375 0.02421875 0.04375
1 0.41484375 0.34609375 0.02421875 0.0421875
1 0.54609375 0.30390625 0.0203125 0.0421875
1 0.3734375 0.109375 0.0171875 0.03046875
1 0.415625 0.6609375 0.03515625 0.05703125
1 0.62734375 0.84296875 0.06953125 0.16875
1 0.76015625 0.34765625 0.02421875 0.03984375
1 0.06796875 0.13671875 0.01875 0.03046875
1 0.70546875 0.44765625 0.028125 0.05390625
1 0.9046875 0.45703125 0.0296875 0.046875
1 0.253125 0.4046875 0.0625 0.11015625
1 0.1046875 0.25 0.01875 0.03671875
1 0.3359375 0.3953125 0.0234375 0.04375
1 0.43359375 0.30703125 0.01953125 0.03984375
1 0.8546875 0.16015625 0.0203125 0.03984375
1 0.7515625 0.684375 0.071875 0.20078125
1 0.2859375 0.834375 0.0765625 0.19609375
1 0.13515625 0.55078125 0.028125 0.05
1 0.85234375 0.9703125 0.05078125 0.05390625
1 0.928125 0.70703125 0.0375 0.05546875
1 0.75703125 0.1875 0.0171875 0.03203125
1 0.09296875 0.3625 0.021875 0.03671875
1 0.16953125 0.40546875 0.02265625 0.05
1 0.12734375 0.1484375 0.01640625 0.028125
1 0.03203125 0.92578125 0.03984375 0.075
1 0.58203125 0.61015625 0.078125 0.20078125
1 0.79375 0.559375 0.06953125 0.1171875
1 0.7046875 0.2484375 0.021875 0.03359375
1 0.56171875 0.315625 0.0203125 0.03984375
1 0.2484375 0.625 0.03046875 0.05234375
1 0.9015625 0.42265625 0.02734375 0.03984375
1 0.49921875 0.49921875 0.99375 0.98984375
1 0.18046875 0.29296875 0.0203125 0.03828125
1 0.21484375 0.875 0.071875 0.22421875
1 0.51015625 0.40078125 0.02421875 0.046875
1 0.72578125 0.2296875 0.02421875 0.02890625
1 0.35703125 0.3375 0.0203125 0.03671875
1 0.32109375 0.6125 0.05390625 0.13046875
1 0.571875 0.3921875 0.02265625 0.040625
1 0.190625 0.4234375 0.021875 0.040625
1 0.059375 0.346875 0.021875 0.03515625
1 0.9015625 0.871875 0.07734375 0.24453125
1 0.11328125 0.4390625 0.025 0.04375
1 0.66796875 0.3546875 0.0234375 0.0421875
1 0.59765625 0.33671875 0.025 0.040625
1 0.1359375 0.1921875 0.0515625 0.11875
1 0.05546875 0.4125 0.0234375 0.040625
1 0.6765625 0.65859375 0.0765625 0.1578125
1 0.22890625 0.3265625 0.0203125 0.03515625
1 0.13828125 0.2953125 0.0203125 0.03984375
1 0.30625 0.484375 0.028125 0.046875
1 0.225 0.47890625 0.02421875 0.040625
1 0.06171875 0.54140625 0.025 0.046875
1 0.4171875 0.3953125 0.01875 0.03828125
1 0.0125 0.38671875 0.0203125 0.040625
1 0.04375 0.69375 0.08515625 0.1640625
1 0.346875 0.2875 0.01953125 0.03359375
1 0.44921875 0.41328125 0.02734375 0.0453125
1 0.884375 0.63984375 0.0671875 0.1203125
1 0.36015625 0.55625 0.06171875 0.12890625
1 0.9328125 0.29609375 0.05625 0.17890625
1 0.0296875 0.7546875 0.0453125 0.065625
1 0.6421875 0.25390625 0.02265625 0.03671875
1 0.41640625 0.44140625 0.028125 0.0453125
1 0.75859375 0.40546875 0.05078125 0.15546875
1 0.94609375 0.41484375 0.0171875 0.0421875
1 0.840625 0.465625 0.0609375 0.15234375
1 0.93828125 0.22421875 0.02265625 0.03515625
1 0.51640625 0.5671875 0.0578125 0.1453125
1 0.6140625 0.3671875 0.021875 0.03515625
1 0.95 0.61328125 0.03125 0.05546875
1 0.98359375 0.50546875 0.028125 0.05390625
1 0.4953125 0.22265625 0.01875 0.03515625
1 0.6375 0.3921875 0.02421875 0.04375
1 0.221875 0.753125 0.08515625 0.159375
1 0.2046875 0.38125 0.0234375 0.0421875
1 0.72578125 0.340625 0.02265625 0.03671875
1 0.1140625 0.74453125 0.034375 0.0421875
1 0.8765625 0.91484375 0.04765625 0.0703125
1 0.73828125 0.9796875 0.04296875 0.03515625
1 0.85078125 0.55390625 0.0359375 0.05390625
1 0.62109375 0.5484375 0.0609375 0.17109375