0 0.865625 0.3421875 0.01875 0.025
0 0.28046875 0.45 0.01875 0.025
0 0.94453125 0.36328125 0.015625 0.0234375
0 0.89609375 0.428125 0.01640625 0.0234375
0 0.5359375 0.36640625 0.01484375 0.025
0 0.33125 0.48203125 0.01953125 0.02578125
0 0.7578125 0.49375 0.021875 0.0296875
0 0.4953125 0.61640625 0.021875 0.03515625
0 0.6328125 0.4171875 0.015625 0.02734375
0 0.9578125 0.22265625 0.01171875 0.01796875
0 0.79609375 0.3375 0.01484375 0.021875
0 0.65859375 0.51875 0.01875 0.02734375
0 0.5109375 0.36640625 0.01484375 0.025
0 0.321875 0.321875 0.0125 0.01953125
0 0.2703125 0.28515625 0.01171875 0.01796875
0 0.4859375 0.2796875 0.0140625 0.021875
0 0.6515625 0.31875 0.0140625 0.0234375
0 0.30625 0.5484375 0.0203125 0.03125
0 0.4265625 0.32265625 0.0140625 0.02109375
0 0.58203125 0.5234375 0.0171875 0.03125
0 0.93359375 0.20625 0.0140625 0.01953125
0 0.97265625 0.3640625 0.0171875 0.021875
0 0.846875 0.415625 0.01484375 0.025
0 0.70234375 0.3296875 0.0140625 0.01953125
0 0.07734375 0.40390625 0.0140625 0.01796875
0 0.8640625 0.225 0.0140625 0.0234375
0 0.8375 0.22421875 0.0140625 0.01796875
0 0.25390625 0.43125 0.015625 0.0234375
0 0.2875 0.68125 0.0265625 0.0390625
0 0.378125 0.2484375 0.0125 0.01796875
0 0.328125 0.56875 0.0171875 0.03359375
0 0.58203125 0.26015625 0.0140625 0.01796875
0 0.94375 0.1234375 0.01171875 0.0140625
0 0.303125 0.33203125 0.01171875 0.01796875
0 0.2671875 0.5484375 0.0171875 0.0328125
0 0.39609375 0.13203125 0.0109375 0.0140625
0 0.240625 0.36875 0.01171875 0.01796875
0 0.9671875 0.3015625 0.015625 0.021875
0 0.93203125 0.284375 0.01484375 0.021875
0 0.4140625 0.21171875 0.009375 0.0171875
0 0.2796875 0.35546875 0.0125 0.01796875
0 0.3515625 0.175 0.009375 0.0140625
0 0.26953125 0.4921875 0.015625 0.02578125
0 0.915625 0.13203125 0.0109375 0.0140625
0 0.85234375 0.31640625 0.0140625 0.02109375
0 0.62890625 0.22578125 0.009375 0.0171875
0 0.95390625 0.28671875 0.01484375 0.02109375
0 0.346875 0.3265625 0.0125 0.01796875
0 0.990625 0.15625 0.0125 0.01796875
0 0.7796875 0.209375 0.01171875 0.015625
0 0.39609375 0.18125 0.00859375 0.0140625
0 0.54609375 0.40703125 0.0125 0.021875
0 0.8359375 0.4828125 0.0171875 0.0328125
0 0.0859375 0.53671875 0.0140625 0.02109375
0 0.76484375 0.171875 0.0109375 0.015625
0 0.5375 0.44296875 0.01484375 0.0234375
0 0.2859375 0.646875 0.01640625 0.02578125
0 0.33671875 0.18671875 0.00859375 0.01171875
0 0.403125 0.16875 0.0109375 0.0140625
0 0.64609375 0.20625 0.0109375 0.0140625
0 0.15625 0.396875 0.0140625 0.015625
0 0.40546875 0.06875 0.00703125 0.01015625
0 0.52109375 0.44375 0.01484375 0.025
0 0.3671875 0.09375 0.0078125 0.01015625
0 0.84453125 0.3921875 0.0140625 0.02109375
0 0.41875 0.06875 0.0078125 0.01171875
0 0.31953125 0.06875 0.0078125 0.01171875
0 0.35625 0.06796875 0.00703125 0.0078125
0 0.06953125 0.5203125 0.0171875 0.025
0 0.37265625 0.1859375 0.0109375 0.0171875
0 0.44375 0.06875 0.00703125 0.01171875
0 0.3125 0.0875 0.0078125 0.01171875
0 0.38046875 0.09296875 0.00703125 0.01171875