0 0.3671875 0.13203125 0.015625 0.025
0 0.18828125 0.5265625 0.03515625 0.05625
0 0.6234375 0.13828125 0.015625 0.0234375
0 0.19296875 0.0828125 0.0125 0.01953125
0 0.090625 0.63515625 0.04375 0.06484375
0 0.2921875 0.23515625 0.0203125 0.0296875
0 0.540625 0.1875 0.01875 0.03125
0 0.478125 0.315625 0.0265625 0.04296875
0 0.271875 0.4359375 0.03046875 0.0484375
0 0.4421875 0.36953125 0.028125 0.046875
0 0.4359375 0.25625 0.02265625 0.0375
0 0.4921875 0.23671875 0.0234375 0.03671875
0 0.6 0.2546875 0.02421875 0.0375
0 0.6203125 0.16953125 0.0171875 0.02578125
0 0.47265625 0.11953125 0.0140625 0.0234375
0 0.60078125 0.33046875 0.0328125 0.04453125
0 0.7671875 0.05390625 0.0140625 0.021875
0 0.5796875 0.20703125 0.0203125 0.03125
0 0.41875 0.296875 0.025 0.04453125
0 0.49296875 0.128125 0.01484375 0.021875
0 0.7609375 0.4125 0.0296875 0.0484375
0 0.2390625 0.3546875 0.02734375 0.040625
0 0.79375 0.26171875 0.0234375 0.03671875
0 0.2203125 0.29375 0.02734375 0.0375
0 0.40390625 0.04296875 0.0109375 0.01796875
0 0.55234375 0.1234375 0.01484375 0.0234375
0 0.540625 0.3046875 0.03046875 0.04921875
0 0.1640625 0.21171875 0.021875 0.0328125
0 0.7890625 0.63671875 0.0640625 0.09375
0 0.48203125 0.1921875 0.01484375 0.025
0 0.7484375 0.35625 0.025 0.0375
0 0.59609375 0.05703125 0.0125 0.02109375
0 0.29375 0.09765625 0.0140625 0.02109375
0 0.03046875 0.36875 0.0328125 0.0453125
0 0.11015625 0.30625 0.0265625 0.04453125
0 0.58203125 0.103125 0.015625 0.01953125
0 0.3953125 0.378125 0.02734375 0.0484375
0 0.82890625 0.08125 0.01484375 0.025
0 0.2171875 0.096875 0.0140625 0.021875
0 0.0671875 0.53203125 0.03984375 0.053125
0 0.73984375 0.27265625 0.02265625 0.040625
0 0.4578125 0.20625 0.01953125 0.0296875
0 0.8390625 0.11328125 0.01484375 0.0234375
0 0.0296875 0.14375 0.0203125 0.02734375
0 0.853125 0.18515625 0.0203125 0.02890625
0 0.2453125 0.234375 0.02265625 0.03125
0 0.3703125 0.5828125 0.04765625 0.07421875
0 0.6515625 0.115625 0.015625 0.0234375
0 0.134375 0.53125 0.0421875 0.0625
0 0.95234375 0.3515625 0.034375 0.04453125
0 0.25703125 0.19921875 0.01953125 0.02578125
0 0.17109375 0.075 0.0140625 0.01953125
0 0.57578125 0.1453125 0.01484375 0.025
0 0.915625 0.0921875 0.01640625 0.021875
0 0.5265625 0.15 0.015625 0.025
0 0.89296875 0.1234375 0.01640625 0.021875
0 0.625 0.26015625 0.0234375 0.03359375
0 0.484375 0.0546875 0.01171875 0.02109375
0 0.61796875 0.06015625 0.0125 0.01796875
0 0.109375 0.17578125 0.0234375 0.03125
0 0.81640625 0.053125 0.0140625 0.01796875
0 0.87890625 0.0265625 0.0140625 0.01953125
0 0.01640625 0.2234375 0.0234375 0.0328125
0 0.62578125 0.1 0.01484375 0.0234375
0 0.796875 0.0515625 0.0140625 0.01953125
0 0.8640625 0.1109375 0.01484375 0.025
0 0.94609375 0.1984375 0.01953125 0.02734375
0 0.25078125 0.14453125 0.015625 0.0234375
0 0.0796875 0.7546875 0.05625 0.0796875
0 0.884375 0.20625 0.0203125 0.0296875
0 0.7171875 0.25546875 0.0203125 0.03125
0 0.584375 0.29453125 0.025 0.0390625
0 0.740625 0.025 0.01171875 0.01796875
0 0.3578125 0.07421875 0.0140625 0.01796875
0 0.2734375 0.1515625 0.0171875 0.02734375
0 0.6234375 0.20390625 0.021875 0.0328125
0 0.371875 0.08203125 0.0140625 0.02109375
0 0.60078125 0.0828125 0.0140625 0.021875
0 0.73828125 0.1046875 0.015625 0.025
0 0.49921875 0.17265625 0.01875 0.02734375
0 0.56328125 0.23125 0.0234375 0.0328125
0 0.71953125 0.025 0.01171875 0.01796875
0 0.81328125 0.49921875 0.0375 0.05078125
0 0.54609375 0.0453125 0.0125 0.01953125
0 0.415625 0.046875 0.01171875 0.015625
0 0.7765625 0.3078125 0.0265625 0.0375
0 0.1140625 0.10625 0.01484375 0.025
0 0.0171875 0.1890625 0.01953125 0.02890625
0 0.39296875 0.13828125 0.01484375 0.02109375
0 0.55390625 0.075 0.0140625 0.01953125
0 0.66484375 0.02890625 0.01171875 0.01796875
0 0.95 0.096875 0.01640625 0.021875
0 0.646875 0.0515625 0.01171875 0.01953125
0 0.63984375 0.0296875 0.0109375 0.0171875
0 0.5328125 0.0484375 0.0140625 0.01953125
0 0.653125 0.16015625 0.01875 0.0234375
0 0.484375 0.1484375 0.015625 0.0234375
0 0.51484375 0.0296875 0.0109375 0.0171875
0 0.84453125 0.053125 0.0125 0.01796875
0 0.39609375 0.06328125 0.0125 0.01953125
0 0.05390625 0.09453125 0.01640625 0.025
0 0.24765625 0.08671875 0.01484375 0.01953125
0 0.72265625 0.046875 0.0140625 0.02109375
0 0.44140625 0.0453125 0.01171875 0.0171875
0 0.37734375 0.03125 0.0125 0.01796875
0 0.6765625 0.06328125 0.0140625 0.01953125
0 0.29375 0.03125 0.0109375 0.01796875
0 0.9703125 0.009375 0.015625 0.01875
0 0.4984375 0.08671875 0.0125 0.01953125
0 0.67109375 0.046875 0.01171875 0.01796875
0 0.8328125 0.00859375 0.0140625 0.0171875
0 0.69140625 0.0484375 0.01171875 0.01796875
0 0.35625 0.03125 0.01171875 0.01796875
0 0.40703125 0.11875 0.015625 0.0234375
0 0.328125 0.04296875 0.01171875 0.01796875
0 0.284375 0.83828125 0.06328125 0.09375
0 0.2 0.64140625 0.0484375 0.071875
0 0.97109375 0.29921875 0.0359375 0.04453125
0 0.3140625 0.06328125 0.0140625 0.01953125
0 0.63203125 0.00625 0.01171875 0.01171875
0 0.8640625 0.05546875 0.015625 0.01953125
0 0.4671875 0.59375 0.02734375 0.04921875
0 0.878125 0.09375 0.01484375 0.0234375
0 0.778125 0.0765625 0.0125 0.02109375
0 0.728125 0.00625 0.01171875 0.01171875
0 0.56953125 0.00625 0.0140625 0.0125
0 0.1921875 0.1609375 0.01640625 0.021875
0 0.3421875 0.03515625 0.0109375 0.01796875
0 0.5921875 0.0296875 0.009375 0.01796875
0 0.821875 0.1359375 0.01875 0.02734375
0 0.50390625 0.03828125 0.01171875 0.0171875
0 0.33828125 0.0828125 0.01484375 0.021875
0 0.65703125 0.00625 0.01171875 0.01171875
0 0.3078125 0.03203125 0.01171875 0.0171875
0 0.68046875 0.00625 0.0109375 0.01171875
0 0.11171875 0.08515625 0.01484375 0.01953125
0 0.8953125 0.05546875 0.0140625 0.01953125
0 0.03828125 0.2109375 0.021875 0.03125
0 0.715625 0.14921875 0.0171875 0.0296875
0 0.57109375 0.03125 0.01171875 0.01796875
0 0.5921875 0.18125 0.01640625 0.02578125
0 0.02265625 0.79140625 0.0453125 0.0796875
0 0.2796875 0.0421875 0.0109375 0.0171875
0 0.85625 0.0796875 0.015625 0.025
0 0.4015625 0.09375 0.01484375 0.02109375
0 0.5765625 0.0625 0.0140625 0.01796875
0 0.01171875 0.275 0.0234375 0.0328125
0 0.853125 0.03203125 0.0125 0.0171875
0 0.31953125 0.1828125 0.0171875 0.025
0 0.42109375 0.065625 0.0125 0.01953125
0 0.05 0.1828125 0.0203125 0.025
0 0.6421875 0.0734375 0.01171875 0.01953125
0 0.26640625 0.084375 0.0140625 0.015625
0 0.6765625 0.1734375 0.0171875 0.0234375
0 0.62578125 0.02578125 0.0109375 0.015625
0 0.60625 0.00625 0.0109375 0.01171875
0 0.0171875 0.021875 0.015625 0.02109375
0 0.559375 0.040625 0.0125 0.01953125
0 0.61796875 0.00546875 0.0109375 0.01015625
0 0.6921875 0.02890625 0.009375 0.01796875
0 0.29375 0.15546875 0.01484375 0.01953125
0 0.74140625 0.00625 0.0140625 0.01171875
0 0.46015625 0.053125 0.0140625 0.01796875
0 0.50703125 0.00703125 0.01171875 0.0140625
0 0.5203125 0.2453125 0.015625 0.025
0 0.70859375 0.05625 0.01484375 0.021875
0 0.8046875 0.1375 0.0171875 0.025
0 0.7265625 0.0765625 0.015625 0.02109375
0 0.8328125 0.1765625 0.0171875 0.021875
0 0.34296875 0.0546875 0.0125 0.01796875
0 0.8046875 0.07890625 0.0140625 0.021875
0 0.68046875 0.02890625 0.0109375 0.01796875
0 0.5203125 0.05625 0.01171875 0.01796875
0 0.8296875 0.0328125 0.0140625 0.01796875
0 0.56953125 0.178125 0.01484375 0.02578125
0 0.45234375 0.06875 0.01171875 0.01953125
0 0.85546875 0.0171875 0.01171875 0.0140625
0 0.35078125 0.19375 0.0171875 0.025
0 0.94140625 0.47890625 0.0546875 0.09375
0 0.76484375 0.02890625 0.0125 0.01796875
0 0.87578125 0.0734375 0.015625 0.01953125