0 0.2640625 0.4875 0.021875 0.0328125
0 0.77109375 0.4140625 0.0203125 0.03125
0 0.65703125 0.54921875 0.0234375 0.03671875
0 0.33515625 0.69375 0.028125 0.04296875
0 0.50625 0.41796875 0.01953125 0.02578125
0 0.74453125 0.3703125 0.01640625 0.02734375
0 0.53828125 0.41875 0.01953125 0.025
0 0.64609375 0.61015625 0.028125 0.04296875
0 0.64609375 0.38046875 0.01640625 0.0234375
0 0.4578125 0.41875 0.0171875 0.025
0 0.27421875 0.56171875 0.02421875 0.0375
0 0.05 0.540625 0.0265625 0.0375
0 0.9796875 0.53828125 0.0359375 0.05078125
0 0.1046875 0.53671875 0.0234375 0.03125
0 0.69375 0.38828125 0.01875 0.02890625
0 0.2671875 0.67890625 0.0296875 0.0453125
0 0.91953125 0.5515625 0.0359375 0.04296875
0 0.54921875 0.5515625 0.028125 0.040625
0 0.2046875 0.93203125 0.0453125 0.07265625
0 0.9921875 0.375 0.0140625 0.03125
0 0.72265625 0.896875 0.05625 0.0859375
0 0.290625 0.3578125 0.01484375 0.021875
0 0.21640625 0.47265625 0.02265625 0.03359375
0 0.325 0.49296875 0.02421875 0.0328125
0 0.075 0.4546875 0.021875 0.02734375
0 0.29921875 0.82421875 0.01640625 0.02578125
0 0.075 0.49140625 0.0234375 0.03515625
0 0.534375 0.30546875 0.0140625 0.01953125
0 0.296875 0.4859375 0.0171875 0.0296875
0 0.2640625 0.37421875 0.0171875 0.025
0 0.73359375 0.2703125 0.0109375 0.0171875
0 0.1359375 0.4265625 0.021875 0.0296875
0 0.2765625 0.24375 0.0140625 0.01796875
0 0.81640625 0.26796875 0.009375 0.01328125
0 0.6828125 0.28828125 0.01171875 0.0171875
0 0.484375 0.35 0.015625 0.01953125
0 0.3984375 0.103125 0.01953125 0.0296875
0 0.15859375 0.2796875 0.01484375 0.0234375
0 0.62890625 0.31640625 0.01171875 0.01796875
0 0.096875 0.43125 0.01875 0.02578125
0 0.578125 0.3453125 0.0140625 0.02109375
0 0.071875 0.43046875 0.01953125 0.01953125
0 0.66015625 0.31953125 0.01171875 0.01953125
0 0.209375 0.39296875 0.01484375 0.02578125
0 0.6359375 0.6828125 0.03515625 0.053125
0 0.1359375 0.396875 0.0171875 0.02578125
0 0.21015625 0.28203125 0.01484375 0.01953125
0 0.67890625 0.34765625 0.0140625 0.01796875
0 0.7875 0.2109375 0.00703125 0.0078125
0 0.70703125 0.2703125 0.009375 0.0140625
0 0.1453125 0.484375 0.021875 0.02578125
0 0.00625 0.42890625 0.01171875 0.025
0 0.6671875 0.2796875 0.0109375 0.0140625
0 0.78203125 0.26796875 0.00859375 0.01328125
0 0.24296875 0.24375 0.0140625 0.01796875
0 0.80625 0.20625 0.0078125 0.01171875
0 0.8171875 0.20625 0.00859375 0.01171875
0 0.51875 0.30546875 0.01171875 0.0171875
0 0.80546875 0.24375 0.00859375 0.01328125
0 0.84453125 0.20546875 0.0078125 0.0078125
0 0.13125 0.45625 0.02265625 0.0296875
0 0.79375 0.2421875 0.0078125 0.01015625
0 0.7453125 0.25625 0.00859375 0.01328125
0 0.89296875 0.21796875 0.00859375 0.01171875
0 0.12734375 0.16171875 0.0125 0.0234375
0 0.2 0.3640625 0.0171875 0.025
0 0.14609375 0.51328125 0.02421875 0.03671875
0 0.7703125 0.2671875 0.00859375 0.01171875
0 0.75546875 0.2671875 0.00703125 0.01171875
0 0.8671875 0.21875 0.0078125 0.0078125
0 0.88125 0.21796875 0.00859375 0.01171875
0 0.64609375 0.29453125 0.0109375 0.015625
0 0.7796875 0.2421875 0.0078125 0.01015625
0 0.8421875 0.24296875 0.00859375 0.01171875
0 0.6796875 0.2671875 0.009375 0.01171875
0 0.75546875 0.24296875 0.00703125 0.01171875
0 0.540625 0.25625 0.0109375 0.0171875
0 0.7796875 0.25546875 0.0078125 0.01015625
0 0.8921875 0.20546875 0.0078125 0.0078125
0 0.76796875 0.23046875 0.00703125 0.0078125
0 0.45859375 0.39296875 0.01640625 0.02578125
0 0.85625 0.2171875 0.0078125 0.009375
0 0.4984375 0.25625 0.01171875 0.0171875
0 0.5953125 0.26953125 0.0109375 0.01328125
0 0.70859375 0.3265625 0.0125 0.01796875
0 0.89296875 0.19375 0.00703125 0.00625
0 0.86796875 0.2046875 0.00703125 0.00625