0 0.37421875 0.2578125 0.03203125 0.04921875
0 0.175 0.0625 0.02421875 0.03671875
0 0.28203125 0.0890625 0.02421875 0.0375
0 0.33828125 0.375 0.0421875 0.05703125
0 0.51171875 0.27890625 0.0390625 0.06015625
0 0.23046875 0.19140625 0.03125 0.04453125
0 0.55 0.5328125 0.0515625 0.078125
0 0.03515625 0.1875 0.0328125 0.04921875
0 0.090625 0.2125 0.0296875 0.0484375
0 0.0890625 0.134375 0.02734375 0.04296875
0 0.33671875 0.1375 0.0265625 0.0375
0 0.05 0.43828125 0.04765625 0.0484375
0 0.2140625 0.06875 0.021875 0.0328125
0 0.125 0.0796875 0.0234375 0.03359375
0 0.0078125 0.01953125 0.015625 0.03125
0 0.4234375 0.6421875 0.05859375 0.08359375
0 0.3515625 0.31171875 0.0390625 0.05625
0 0.0265625 0.0578125 0.0265625 0.0375
0 0.634375 0.55546875 0.053125 0.0765625
0 0.178125 0.71796875 0.06875 0.08203125
0 0.196875 0.26953125 0.03984375 0.0546875
0 0.3640625 0.00625 0.015625 0.0125
0 0.90703125 0.54765625 0.05625 0.0875
0 0.659375 0.0328125 0.01484375 0.0234375
0 0.11796875 0.63515625 0.06171875 0.07265625
0 0.7078125 0.0578125 0.015625 0.025
0 0.55078125 0.28671875 0.0328125 0.04921875
0 0.1234375 0.57265625 0.0421875 0.04453125
0 0.0515625 0.49375 0.03984375 0.04921875
0 0.71796875 0.00625 0.01484375 0.01171875
0 0.70234375 0.00625 0.015625 0.01171875