0 0.1421875 0.55546875 0.0171875 0.03125
0 0.615625 0.63671875 0.01875 0.0296875
0 0.61015625 0.71484375 0.0328125 0.05
0 0.53203125 0.7046875 0.03125 0.053125
0 0.38046875 0.81015625 0.0359375 0.053125
0 0.253125 0.728125 0.0375 0.05859375
0 0.9328125 0.940625 0.06875 0.11640625
0 0.72109375 0.57421875 0.01484375 0.025
0 0.46796875 0.65078125 0.0203125 0.03359375
0 0.48984375 0.709375 0.028125 0.0484375
0 0.87578125 0.81875 0.04296875 0.06875
0 0.85546875 0.74140625 0.025 0.04140625
0 0.1375 0.675 0.0296875 0.046875
0 0.3921875 0.7203125 0.0296875 0.04375
0 0.1515625 0.74765625 0.0375 0.06015625
0 0.23984375 0.67890625 0.02421875 0.03671875
0 0.56328125 0.546875 0.015625 0.0234375
0 0.22734375 0.5578125 0.0171875 0.028125
0 0.16171875 0.56484375 0.01875 0.03203125
0 0.9546875 0.70078125 0.025 0.03984375
0 0.66875 0.82890625 0.0484375 0.08125
0 0.2828125 0.57109375 0.0171875 0.028125
0 0.95 0.74140625 0.01953125 0.03828125
0 0.70546875 0.67265625 0.02421875 0.03671875
0 0.88984375 0.65859375 0.01953125 0.03515625
0 0.13125 0.60546875 0.0203125 0.03671875
0 0.55703125 0.78125 0.03984375 0.06015625
0 0.065625 0.68046875 0.028125 0.0453125
0 0.6453125 0.57578125 0.015625 0.025
0 0.10234375 0.64140625 0.02421875 0.03828125
0 0.3546875 0.71796875 0.02734375 0.04140625
0 0.603125 0.5921875 0.0171875 0.028125
0 0.3421875 0.609375 0.01484375 0.021875
0 0.4359375 0.63828125 0.01640625 0.0265625
0 0.9296875 0.59296875 0.0171875 0.03203125
0 0.4484375 0.5734375 0.01484375 0.0265625
0 0.07734375 0.7328125 0.0328125 0.0515625
0 0.85625 0.68671875 0.01953125 0.03515625
0 0.29609375 0.61640625 0.02265625 0.03203125
0 0.728125 0.72109375 0.0265625 0.0453125
0 0.55625 0.45234375 0.0140625 0.01875
0 0.771875 0.55625 0.01484375 0.0265625
0 0.471875 0.3546875 0.0140625 0.0234375
0 0.69609375 0.73984375 0.03203125 0.05625
0 0.0484375 0.57890625 0.0203125 0.03984375
0 0.171875 0.63828125 0.021875 0.03515625
0 0.33671875 0.63359375 0.0203125 0.0296875
0 0.5796875 0.91875 0.0796875 0.121875
0 0.32734375 0.77265625 0.03046875 0.0484375
0 0.48671875 0.59375 0.01875 0.028125
0 0.5890625 0.5765625 0.015625 0.0265625
0 0.67109375 0.54375 0.01484375 0.0234375
0 0.378125 0.58828125 0.01640625 0.0265625
0 0.909375 0.69453125 0.0265625 0.0453125
0 0.7328125 0.6515625 0.01484375 0.0265625
0 0.30234375 0.71015625 0.0265625 0.03828125
0 0.76875 0.65546875 0.0171875 0.028125
0 0.0046875 0.61328125 0.009375 0.04140625
0 0.01171875 0.72265625 0.0234375 0.06640625
0 0.62109375 0.4890625 0.0140625 0.021875
0 0.79375 0.73203125 0.028125 0.05
0 0.346875 0.578125 0.01640625 0.0234375
0 0.1828125 0.60078125 0.0203125 0.03125
0 0.64140625 0.51953125 0.0140625 0.01875
0 0.690625 0.35703125 0.0109375 0.01796875
0 0.825 0.63125 0.0171875 0.03125
0 0.6828125 0.5734375 0.01640625 0.0265625
0 0.75078125 0.5578125 0.0140625 0.021875
0 0.965625 0.53125 0.0125 0.0203125
0 0.89453125 0.58984375 0.0171875 0.0296875
0 0.728125 0.40703125 0.0109375 0.01796875
0 0.76484375 0.53203125 0.0125 0.01796875
0 0.2203125 0.72578125 0.02734375 0.0484375
0 0.81953125 0.559375 0.0140625 0.021875
0 0.9890625 0.67421875 0.0171875 0.03359375
0 0.48125 0.55546875 0.0140625 0.025
0 0.5828125 0.66328125 0.021875 0.03203125
0 0.26484375 0.65078125 0.02265625 0.03671875
0 0.66015625 0.515625 0.0140625 0.021875
0 0.68203125 0.49609375 0.0109375 0.01875
0 0.9671875 0.56875 0.01484375 0.0265625
0 0.815625 0.5171875 0.0109375 0.01640625
0 0.5171875 0.38984375 0.01171875 0.0203125
0 0.86796875 0.58046875 0.01640625 0.028125
0 0.253125 0.6046875 0.0203125 0.03203125
0 0.80859375 0.684375 0.0171875 0.028125
0 0.55703125 0.36796875 0.0109375 0.01796875
0 0.60859375 0.353125 0.0109375 0.01796875
0 0.21953125 0.60078125 0.021875 0.03359375
0 0.92890625 0.53984375 0.0140625 0.0203125
0 0.69453125 0.53125 0.01171875 0.0203125
0 0.63125 0.40390625 0.0109375 0.01875
0 0.86640625 0.55546875 0.0140625 0.01875
0 0.4171875 0.578125 0.015625 0.0265625
0 0.840625 0.54375 0.0125 0.01875
0 0.978125 0.53125 0.01171875 0.01875
0 0.89375 0.74765625 0.025 0.04296875
0 0.64453125 0.40625 0.009375 0.01796875
0 0.9046875 0.48125 0.009375 0.01640625
0 0.940625 0.51875 0.0109375 0.01796875
0 0.78203125 0.45703125 0.009375 0.01796875
0 0.9171875 0.48203125 0.0109375 0.01796875
0 0.91015625 0.58125 0.0140625 0.0265625
0 0.446875 0.3515625 0.0125 0.0203125
0 0.99296875 0.51875 0.0125 0.0203125
0 0.90546875 0.54453125 0.0140625 0.01875
0 0.48125 0.38984375 0.01171875 0.0203125
0 0.73671875 0.44140625 0.0109375 0.01796875
0 0.71640625 0.48203125 0.0109375 0.01796875
0 0.890625 0.55625 0.0140625 0.01875
0 0.82734375 0.48203125 0.0109375 0.01796875
0 0.6625 0.48828125 0.0109375 0.0203125
0 0.425 0.440625 0.0140625 0.021875
0 0.88203125 0.34453125 0.009375 0.01640625
0 0.7796875 0.35390625 0.0109375 0.01640625
0 0.53515625 0.35859375 0.01171875 0.0203125
0 0.471875 0.4796875 0.0125 0.0203125
0 0.6828125 0.38046875 0.00859375 0.01640625
0 0.65703125 0.37734375 0.009375 0.01640625
0 0.70234375 0.48359375 0.009375 0.01796875
0 0.39609375 0.55859375 0.01484375 0.0203125
0 0.4046875 0.29140625 0.01171875 0.01796875
0 0.94140625 0.56875 0.0140625 0.021875
0 0.9609375 0.65859375 0.0171875 0.03203125
0 0.80625 0.45625 0.0109375 0.01640625
0 0.76875 0.32109375 0.0109375 0.01640625
0 0.56875 0.42265625 0.0109375 0.01875
0 0.64375 0.4328125 0.01171875 0.01640625
0 0.7171875 0.53125 0.0125 0.01875
0 0.921875 0.5625 0.0140625 0.021875
0 0.88359375 0.48984375 0.0109375 0.01796875
0 0.98984375 0.3921875 0.01484375 0.01875
0 0.7796875 0.43046875 0.009375 0.01640625
0 0.6203125 0.33125 0.009375 0.01640625
0 0.70546875 0.50078125 0.0109375 0.01875
0 0.46796875 0.40859375 0.0140625 0.0203125
0 0.740625 0.53125 0.01171875 0.01796875
0 0.9015625 0.51953125 0.0109375 0.01875
0 0.7953125 0.5046875 0.0109375 0.01796875
0 0.4671875 0.31953125 0.0109375 0.021875
0 0.853125 0.5296875 0.01171875 0.01796875
0 0.71640625 0.36640625 0.0109375 0.01484375
0 0.7171875 0.31953125 0.009375 0.01640625
0 0.9484375 0.6015625 0.015625 0.0296875
0 0.81640625 0.584375 0.015625 0.025
0 0.49375 0.17890625 0.01875 0.03359375
0 0.8015625 0.546875 0.0140625 0.0203125
0 0.4359375 0.37265625 0.0140625 0.021875
0 0.728125 0.35390625 0.0109375 0.01640625
0 0.84296875 0.42890625 0.00703125 0.01640625
0 0.87734375 0.51015625 0.0109375 0.01796875
0 0.56484375 0.3296875 0.0109375 0.01484375
0 0.23828125 0.58203125 0.0171875 0.03203125
0 0.8078125 0.35546875 0.009375 0.01640625
0 0.4921875 0.44453125 0.01171875 0.01875
0 0.79609375 0.4328125 0.0109375 0.01640625
0 0.97578125 0.38046875 0.01171875 0.01875
0 0.7453125 0.38046875 0.009375 0.01640625
0 0.728125 0.51875 0.0109375 0.01640625
0 0.89296875 0.40625 0.00859375 0.01328125
0 0.9828125 0.4921875 0.0109375 0.01640625
0 0.85625 0.46953125 0.00859375 0.01640625
0 0.7453125 0.40234375 0.0109375 0.01875
0 0.6390625 0.48203125 0.0140625 0.0234375
0 0.26328125 0.290625 0.0109375 0.01875
0 0.6421875 0.37734375 0.01171875 0.01875
0 0.85859375 0.603125 0.01484375 0.0265625
0 0.76796875 0.4296875 0.00859375 0.01484375
0 0.9921875 0.76875 0.0140625 0.04296875
0 0.84453125 0.4546875 0.00859375 0.01484375
0 0.73671875 0.55703125 0.01484375 0.0234375
0 0.7421875 0.35234375 0.009375 0.01640625
0 0.9671875 0.49140625 0.00859375 0.01796875
0 0.43046875 0.3046875 0.0109375 0.01796875
0 0.61484375 0.42265625 0.0109375 0.01875
0 0.86796875 0.40546875 0.00859375 0.01328125
0 0.7859375 0.53828125 0.0140625 0.01796875
0 0.81953125 0.41796875 0.0078125 0.01484375
0 0.7421875 0.49296875 0.009375 0.01484375
0 0.4609375 0.70859375 0.0296875 0.04375
0 0.9078125 0.41875 0.00859375 0.01328125
0 0.8546875 0.50625 0.0109375 0.01796875
0 0.8421875 0.5921875 0.015625 0.028125
0 0.928125 0.4171875 0.0109375 0.01640625
0 0.8546875 0.43125 0.009375 0.01484375
0 0.9921875 0.81484375 0.0140625 0.04375
0 0.9203125 0.6484375 0.015625 0.0265625
0 0.7046875 0.45703125 0.0109375 0.01796875
0 0.69140625 0.45234375 0.009375 0.01640625
0 0.98359375 0.63046875 0.0171875 0.028125
0 0.7296875 0.47890625 0.0109375 0.01640625
0 0.81875 0.4546875 0.00859375 0.01484375
0 0.42265625 0.353125 0.0140625 0.0234375
0 0.6390625 0.54375 0.015625 0.0234375
0 0.8078125 0.41796875 0.0078125 0.01484375
0 0.6640625 0.40625 0.009375 0.01875
0 0.540625 0.4078125 0.01171875 0.01875
0 0.48125 0.43125 0.0125 0.021875
0 0.8703125 0.53125 0.0109375 0.01640625
0 0.75703125 0.46796875 0.009375 0.01484375
0 0.8421875 0.56796875 0.01484375 0.0203125
0 0.98125 0.4546875 0.00859375 0.01484375
0 0.88125 0.46953125 0.00859375 0.01640625
0 0.95234375 0.41796875 0.00859375 0.01484375
0 0.78046875 0.5078125 0.0109375 0.01640625
0 0.7078125 0.4171875 0.009375 0.01640625
0 0.64765625 0.66640625 0.021875 0.03515625
0 0.6828125 0.4046875 0.009375 0.01796875
0 0.90546875 0.4421875 0.00703125 0.01328125
0 0.728125 0.3296875 0.0109375 0.01484375
0 0.68046875 0.44453125 0.00859375 0.01640625
0 0.603125 0.48984375 0.0125 0.0203125
0 0.7921875 0.35078125 0.009375 0.01875
0 0.28359375 0.75546875 0.0359375 0.06640625
0 0.87890625 0.31875 0.009375 0.01484375
0 0.9546875 0.4921875 0.009375 0.01640625
0 0.5296875 0.453125 0.0125 0.01796875
0 0.69140625 0.48125 0.009375 0.01640625
0 0.665625 0.45546875 0.0109375 0.01640625
0 0.94140625 0.4796875 0.009375 0.01484375
0 0.60234375 0.4671875 0.01171875 0.01875
0 0.8421875 0.32734375 0.009375 0.01640625
0 0.48671875 0.31328125 0.0109375 0.0203125
0 0.6859375 0.515625 0.01171875 0.01875
0 0.04375 0.6453125 0.02421875 0.04375
0 0.69375 0.31875 0.00859375 0.01015625
0 0.68046875 0.32734375 0.00859375 0.01640625
0 0.87890625 0.44375 0.009375 0.01640625
0 0.82890625 0.4296875 0.009375 0.01484375
0 0.88203125 0.41875 0.00859375 0.01484375
0 0.9859375 0.58984375 0.0171875 0.0265625
0 0.83828125 0.40859375 0.00859375 0.01484375
0 0.81875 0.34296875 0.00859375 0.01484375
0 0.9203125 0.45390625 0.009375 0.01640625
0 0.9546875 0.44296875 0.0078125 0.01484375
0 0.99453125 0.55625 0.00859375 0.021875
0 0.946875 0.53984375 0.0109375 0.0203125
0 0.7796875 0.39296875 0.00859375 0.01484375
0 0.16328125 0.6046875 0.021875 0.03203125
0 0.69296875 0.6015625 0.01484375 0.0296875
0 0.70546875 0.54609375 0.0125 0.01875
0 0.58203125 0.42109375 0.009375 0.01875
0 0.82734375 0.31796875 0.00859375 0.01171875
0 0.99453125 0.44296875 0.00859375 0.01484375
0 0.94609375 0.49609375 0.0109375 0.01640625
0 0.30546875 0.66640625 0.02265625 0.03828125
0 0.8046875 0.33046875 0.0078125 0.01328125
0 0.70390625 0.33046875 0.0109375 0.01328125
0 0.803125 0.52578125 0.01171875 0.01875
0 0.6046875 0.53203125 0.01484375 0.0234375
0 0.45390625 0.33125 0.009375 0.01875
0 0.89296875 0.46796875 0.00859375 0.01484375
0 0.79375 0.33125 0.00859375 0.01484375
0 0.759375 0.50625 0.0109375 0.01796875
0 0.69453125 0.4296875 0.00859375 0.01484375
0 0.36875 0.2921875 0.0109375 0.01640625
0 0.9265625 0.50703125 0.01171875 0.01796875
0 0.8609375 0.48828125 0.009375 0.01796875
0 0.75625 0.49140625 0.0109375 0.01796875
0 0.953125 0.559375 0.01171875 0.01875
0 0.7875 0.5640625 0.01484375 0.025
0 0.8109375 0.48515625 0.009375 0.01796875
0 0.37734375 0.56171875 0.01875 0.0234375
0 0.86640625 0.42890625 0.00859375 0.01640625
0 0.09453125 0.68515625 0.03125 0.05
0 0.978125 0.50703125 0.0109375 0.01484375
0 0.86796875 0.44375 0.00859375 0.01328125
0 0.35625 0.27890625 0.00859375 0.01640625
0 0.9046875 0.50234375 0.009375 0.01640625
0 0.503125 0.378125 0.0109375 0.01796875
0 0.54296875 0.50390625 0.0140625 0.01875
0 0.9671875 0.45703125 0.00859375 0.01484375
0 0.9109375 0.33984375 0.00859375 0.01796875
0 0.91796875 0.41796875 0.0078125 0.01484375
0 0.85703125 0.34375 0.0109375 0.01640625
0 0.50625 0.45859375 0.01171875 0.0203125
0 0.80546875 0.39453125 0.00859375 0.01328125
0 0.72890625 0.39140625 0.0109375 0.01796875
0 0.915625 0.50625 0.009375 0.01640625
0 0.96953125 0.4421875 0.00703125 0.01328125
0 0.58671875 0.5015625 0.01484375 0.0234375
0 0.4328125 0.33046875 0.01171875 0.01875
0 0.5578125 0.40625 0.01171875 0.01640625
0 0.76640625 0.3546875 0.0109375 0.01484375
0 0.7703125 0.40625 0.00859375 0.01484375
0 0.5921875 0.34609375 0.009375 0.01875
0 0.5171875 0.36640625 0.009375 0.01796875
0 0.5828125 0.3421875 0.00859375 0.01640625
0 0.56875 0.3671875 0.00859375 0.01640625
0 0.79375 0.40390625 0.0078125 0.01328125
0 0.69296875 0.38125 0.0109375 0.01796875
0 0.134375 0.31875 0.0109375 0.01640625
0 0.85625 0.31953125 0.0078125 0.01015625
0 0.378125 0.29609375 0.0109375 0.01640625
0 0.8625 0.38359375 0.0109375 0.01484375
0 0.9578125 0.4671875 0.00859375 0.01328125
0 0.74375 0.46875 0.0109375 0.01640625
0 0.71796875 0.44375 0.00703125 0.01484375
0 0.74296875 0.31796875 0.00859375 0.01171875
0 0.4046875 0.36796875 0.0109375 0.01796875