1 0.2671875 0.62109375 0.08203125 0.17265625
1 0.646875 0.53984375 0.0703125 0.15
1 0.4953125 0.57265625 0.0765625 0.18984375
1 0.77578125 0.71015625 0.09375 0.18515625
1 0.4640625 0.89375 0.13359375 0.19765625
1 0.1 0.67109375 0.10234375 0.1875
1 0.19609375 0.8921875 0.14375 0.2
1 0.41953125 0.5203125 0.05546875 0.11484375
1 0.5890625 0.71015625 0.08828125 0.1703125
1 0.8828125 0.5671875 0.09375 0.18515625
1 0.28515625 0.7609375 0.18359375 0.4578125
1 0.434375 0.6296875 0.065625 0.15
1 0.11015625 0.3609375 0.03828125 0.07734375
1 0.47109375 0.3921875 0.03984375 0.08984375
1 0.19140625 0.5375 0.06328125 0.15
1 0.08125 0.78515625 0.16015625 0.41484375
1 0.65234375 0.65390625 0.15859375 0.3828125
1 0.4796875 0.6546875 0.1703125 0.3546875
1 0.65234375 0.4296875 0.04140625 0.0796875
1 0.81875 0.47265625 0.05390625 0.1
1 0.5171875 0.46875 0.065625 0.1125
1 0.49921875 0.5328125 0.971875 0.9046875
1 0.5546875 0.4 0.0453125 0.0796875
1 0.90234375 0.6453125 0.15078125 0.33984375
1 0.7953125 0.5875 0.08046875 0.1453125
1 0.1640625 0.3390625 0.03828125 0.0625
1 0.3046875 0.4359375 0.05546875 0.1171875
1 0.33125 0.51875 0.07890625 0.1375
1 0.65078125 0.21015625 0.0265625 0.05
1 0.58671875 0.50625 0.05859375 0.0921875
1 0.4109375 0.39765625 0.0671875 0.11484375
1 0.6578125 0.32265625 0.03046875 0.0546875
1 0.52421875 0.26015625 0.03046875 0.05
1 0.24609375 0.31484375 0.0265625 0.0546875
1 0.07890625 0.36015625 0.03515625 0.0796875
1 0.1484375 0.54609375 0.04140625 0.1078125
1 0.19375 0.21484375 0.0265625 0.0546875
1 0.30390625 0.2390625 0.0296875 0.0578125
1 0.93359375 0.49765625 0.06015625 0.08984375
1 0.76953125 0.80625 0.20859375 0.37265625
1 0.75625 0.39375 0.05 0.0875
1 0.35078125 0.2640625 0.0296875 0.0578125
1 0.065625 0.59609375 0.06875 0.12734375
1 0.740625 0.5703125 0.05859375 0.1296875
1 0.73046875 0.46015625 0.0734375 0.1046875
1 0.225 0.59375 0.06328125 0.17265625
1 0.57890625 0.25234375 0.03203125 0.0546875
1 0.5953125 0.80625 0.17265625 0.3625
1 0.33125 0.6015625 0.0765625 0.1671875
1 0.82109375 0.4046875 0.03828125 0.06015625
1 0.625 0.3375 0.03203125 0.06484375
1 0.65078125 0.26484375 0.0296875 0.0453125
1 0.3625 0.31484375 0.0296875 0.0546875
1 0.40078125 0.3828125 0.0421875 0.08515625
1 0.884375 0.44140625 0.0734375 0.1171875
1 0.5484375 0.58984375 0.05 0.1203125
1 0.69765625 0.4234375 0.03828125 0.07734375
1 0.665625 0.95390625 0.1671875 0.0828125
1 0.2671875 0.48984375 0.04140625 0.08515625
1 0.2890625 0.3125 0.0296875 0.05
1 0.33984375 0.40625 0.03203125 0.0578125
1 0.590625 0.3609375 0.03828125 0.0625
1 0.4953125 0.5203125 0.0765625 0.08984375
1 0.71328125 0.30625 0.03046875 0.07265625
1 0.60703125 0.2421875 0.0234375 0.05
1 0.8734375 0.35 0.028125 0.05
1 0.21171875 0.45859375 0.05703125 0.0875
1 0.55390625 0.3390625 0.03984375 0.05234375
1 0.81484375 0.33515625 0.03359375 0.0546875
1 0.25078125 0.25859375 0.0296875 0.05234375
1 0.9453125 0.57265625 0.0890625 0.23984375
1 0.48203125 0.25390625 0.0234375 0.04765625
1 0.6515625 0.25859375 0.065625 0.14765625
1 0.38671875 0.21640625 0.0234375 0.0421875
1 0.8921875 0.42109375 0.0484375 0.07734375
1 0.215625 0.3984375 0.05 0.0671875
1 0.45625 0.3109375 0.03203125 0.05234375
1 0.41875 0.23515625 0.025 0.0453125
1 0.2703125 0.31484375 0.021875 0.06015625
1 0.9875 0.52109375 0.021875 0.10234375
1 0.54140625 0.24375 0.025 0.04765625
1 0.18671875 0.27265625 0.03046875 0.05
1 0.615625 0.44765625 0.05 0.06484375
1 0.36171875 0.1828125 0.025 0.03984375
1 0.2453125 0.1640625 0.021875 0.0375
1 0.115625 0.4515625 0.096875 0.25234375
1 0.39140625 0.3203125 0.0296875 0.0546875
1 0.175 0.19765625 0.021875 0.0453125
1 0.16640625 0.3875 0.06328125 0.16015625
1 0.4625 0.24140625 0.028125 0.05234375
1 0.2234375 0.32734375 0.025 0.05
1 0.1609375 0.25859375 0.028125 0.04765625
1 0.5203125 0.3796875 0.03515625 0.0703125
1 0.4828125 0.2953125 0.028125 0.05
1 0.60625 0.4125 0.03671875 0.06015625
1 0.4015625 0.29609375 0.03828125 0.0578125
1 0.58359375 0.28359375 0.05 0.1171875
1 0.20625 0.6484375 0.10390625 0.2828125
1 0.51953125 0.3078125 0.03046875 0.06015625
1 0.1140625 0.2671875 0.03515625 0.0703125
1 0.5015625 0.73125 0.2609375 0.5125
1 0.6484375 0.6328125 0.07890625 0.33515625
1 0.26796875 0.2375 0.025 0.05
1 0.009375 0.4796875 0.01875 0.08984375
1 0.65234375 0.2671875 0.04140625 0.06484375