0 0.94296875 0.8625 0.03828125 0.0609375
0 0.7296875 0.55625 0.015625 0.0234375
0 0.55546875 0.771875 0.03046875 0.046875
0 0.01640625 0.69375 0.0265625 0.0390625
0 0.54375 0.71953125 0.0296875 0.04296875
0 0.075 0.74375 0.03046875 0.0453125
0 0.0328125 0.97421875 0.0515625 0.04921875
0 0.5984375 0.6 0.0171875 0.03125
0 0.196875 0.72421875 0.03046875 0.04453125
0 0.121875 0.5296875 0.0125 0.0234375
0 0.17890625 0.51796875 0.01484375 0.0234375
0 0.89609375 0.834375 0.0359375 0.05703125
0 0.10234375 0.77421875 0.03125 0.0484375
0 0.5765625 0.6046875 0.0171875 0.0328125
0 0.8078125 0.9125 0.046875 0.08203125
0 0.67890625 0.71640625 0.0328125 0.04453125
0 0.87578125 0.63671875 0.02734375 0.04453125
0 0.25625 0.9578125 0.0515625 0.07421875
0 0.46796875 0.584375 0.01875 0.03125
0 0.2546875 0.85078125 0.03984375 0.0640625
0 0.628125 0.84375 0.03203125 0.0546875
0 0.06875 0.534375 0.01484375 0.025
0 0.0296875 0.6171875 0.02265625 0.03671875
0 0.31171875 0.5828125 0.01875 0.02734375
0 0.14453125 0.8796875 0.040625 0.06640625
0 0.6234375 0.725 0.0265625 0.0375
0 0.78984375 0.59921875 0.01953125 0.03125
0 0.7921875 0.77421875 0.03203125 0.05078125
0 0.3 0.66796875 0.0359375 0.0546875
0 0.58359375 0.69921875 0.034375 0.04921875
0 0.73671875 0.6875 0.0265625 0.04140625
0 0.103125 0.615625 0.02265625 0.03671875
0 0.6828125 0.9640625 0.0546875 0.06640625
0 0.525 0.77890625 0.0265625 0.04140625
0 0.95234375 0.96171875 0.05078125 0.07421875
0 0.32109375 0.9609375 0.0484375 0.07265625
0 0.86171875 0.7171875 0.03046875 0.04453125
0 0.84296875 0.80546875 0.0359375 0.05625
0 0.81875 0.63671875 0.0203125 0.03671875
0 0.54765625 0.6234375 0.0203125 0.03671875
0 0.1859375 0.79375 0.0375 0.05625
0 0.14921875 0.5921875 0.0171875 0.03359375
0 0.853125 0.6 0.01953125 0.03359375
0 0.70703125 0.81875 0.0453125 0.06484375
0 0.934375 0.51953125 0.0140625 0.02109375
0 0.45234375 0.4859375 0.01640625 0.02578125
0 0.9203125 0.77890625 0.0328125 0.04921875
0 0.83046875 0.58125 0.01875 0.0296875
0 0.6296875 0.5796875 0.01640625 0.025
0 0.3390625 0.6578125 0.025 0.04453125
0 0.228125 0.58828125 0.0171875 0.02578125
0 0.30078125 0.54375 0.0171875 0.0296875
0 0.81171875 0.8328125 0.0390625 0.0375
0 0.52421875 0.88671875 0.0515625 0.0859375
0 0.03203125 0.8984375 0.04375 0.06015625
0 0.14140625 0.6765625 0.03046875 0.0328125
0 0.525 0.64765625 0.0234375 0.04296875
0 0.9046875 0.6859375 0.028125 0.04140625
0 0.13203125 0.49921875 0.0140625 0.025
0 0.60625 0.65546875 0.0296875 0.04296875
0 0.61796875 0.60390625 0.0171875 0.03125
0 0.87578125 0.77421875 0.03046875 0.0484375
0 0.84375 0.68125 0.03125 0.0390625
0 0.1046875 0.7265625 0.0265625 0.03671875
0 0.728125 0.5328125 0.01171875 0.02109375
0 0.39921875 0.7796875 0.0375 0.04921875
0 0.2546875 0.625 0.02265625 0.03671875
0 0.85859375 0.5015625 0.0125 0.02109375
0 0.7921875 0.7203125 0.0296875 0.03671875
0 0.19375 0.55 0.01640625 0.025
0 0.73671875 0.91796875 0.059375 0.07578125
0 0.275 0.5921875 0.0171875 0.0296875
0 0.24296875 0.6859375 0.0265625 0.04453125
0 0.2234375 0.6484375 0.021875 0.03359375
0 0.6984375 0.628125 0.0234375 0.040625
0 0.253125 0.5296875 0.01484375 0.0234375
0 0.01484375 0.78828125 0.0296875 0.0390625
0 0.98984375 0.6640625 0.01875 0.04140625
0 0.0125 0.7484375 0.025 0.0375
0 0.03828125 0.734375 0.0296875 0.046875
0 0.5890625 0.81875 0.0375 0.04140625
0 0.1546875 0.53125 0.01484375 0.02109375
0 0.621875 0.78515625 0.0328125 0.04140625
0 0.71953125 0.59921875 0.01953125 0.03125
0 0.39296875 0.5921875 0.02421875 0.0390625
0 0.6515625 0.6859375 0.02734375 0.0390625
0 0.1234375 0.9765625 0.053125 0.04453125
0 0.8984375 0.5984375 0.01953125 0.0328125
0 0.23125 0.79375 0.03125 0.0484375
0 0.42421875 0.71953125 0.03203125 0.0453125
0 0.6515625 0.61171875 0.0203125 0.03125
0 0.8015625 0.53203125 0.0140625 0.021875
0 0.103125 0.93125 0.0453125 0.0546875
0 0.721875 0.75390625 0.03046875 0.04453125
0 0.20234375 0.9765625 0.05078125 0.04453125
0 0.546875 0.5859375 0.01953125 0.02578125
0 0.1453125 0.73203125 0.0328125 0.0546875
0 0.084375 0.50703125 0.0125 0.021875
0 0.690625 0.5140625 0.0125 0.021875
0 0.87890625 0.57890625 0.01953125 0.0296875
0 0.18046875 0.59453125 0.0203125 0.0328125
0 0.81875 0.75 0.02265625 0.03671875
0 0.1453125 0.80078125 0.034375 0.0390625
0 0.2671875 0.7875 0.03515625 0.0375
0 0.040625 0.5546875 0.015625 0.0234375
0 0.7625 0.53828125 0.01484375 0.021875
0 0.7625 0.565625 0.0171875 0.025
0 0.9125 0.63828125 0.0203125 0.03359375
0 0.08671875 0.53671875 0.01484375 0.0234375
0 0.0640625 0.4875 0.01484375 0.01953125
0 0.46015625 0.9765625 0.053125 0.04453125
0 0.17109375 0.46953125 0.0109375 0.0171875
0 0.371875 0.8609375 0.03828125 0.05703125
0 0.196875 0.8890625 0.0453125 0.071875
0 0.67109375 0.8265625 0.028125 0.05078125
0 0.1921875 0.5046875 0.0140625 0.01953125
0 0.2296875 0.4890625 0.0140625 0.01953125
0 0.7515625 0.50703125 0.0140625 0.01953125
0 0.484375 0.475 0.015625 0.02578125
0 0.22890625 0.54296875 0.01484375 0.02578125
0 0.809375 0.56875 0.01875 0.02890625
0 0.53046875 0.56953125 0.01875 0.02734375
0 0.07734375 0.6875 0.0234375 0.03671875
0 0.0234375 0.58046875 0.0171875 0.02578125
0 0.36171875 0.93671875 0.0359375 0.07421875
0 0.5828125 0.75625 0.03515625 0.05078125
0 0.47578125 0.8296875 0.034375 0.0375
0 0.1828125 0.690625 0.0234375 0.0296875
0 0.4328125 0.57890625 0.0171875 0.0328125
0 0.3390625 0.54765625 0.015625 0.021875
0 0.00703125 0.66171875 0.0140625 0.03125
0 0.96953125 0.7015625 0.02734375 0.0390625
0 0.0609375 0.8046875 0.0328125 0.046875
0 0.89296875 0.7375 0.02421875 0.0328125
0 0.36171875 0.55625 0.01875 0.0296875
0 0.1421875 0.6453125 0.0203125 0.02734375
0 0.16875 0.49296875 0.0125 0.01953125
0 0.03203125 0.4921875 0.0140625 0.02109375
0 0.80703125 0.49375 0.0109375 0.01796875
0 0.665625 0.9125 0.05 0.0390625
0 0.96953125 0.57578125 0.0203125 0.02578125
0 0.15390625 0.4640625 0.0109375 0.0171875
0 0.671875 0.49375 0.01171875 0.01796875
0 0.2671875 0.52578125 0.0140625 0.02109375
0 0.0515625 0.5140625 0.015625 0.021875
0 0.67890625 0.55625 0.01640625 0.021875
0 0.82890625 0.50703125 0.0140625 0.0171875
0 0.446875 0.921875 0.0421875 0.046875
0 0.05234375 0.61328125 0.0203125 0.0390625
0 0.66328125 0.78515625 0.03125 0.0390625
0 0.64921875 0.57421875 0.01875 0.02578125
0 0.0515625 0.67265625 0.0296875 0.0484375
0 0.88828125 0.525 0.01484375 0.021875
0 0.1796875 0.6546875 0.021875 0.03671875
0 0.60859375 0.9671875 0.05390625 0.04921875
0 0.4625 0.7875 0.0390625 0.0484375
0 0.221875 0.61640625 0.0203125 0.025
0 0.01953125 0.50546875 0.015625 0.02109375
0 0.75234375 0.9859375 0.06328125 0.025
0 0.12734375 0.5546875 0.0125 0.0234375
0 0.04609375 0.44375 0.01171875 0.0140625
0 0.3421875 0.61796875 0.01640625 0.025
0 0.1046875 0.4453125 0.0109375 0.015625
0 0.77109375 0.503125 0.0109375 0.01953125
0 0.86484375 0.43046875 0.0109375 0.0171875
0 0.05625 0.5765625 0.0171875 0.0296875
0 0.10546875 0.575 0.0171875 0.025
0 0.13125 0.471875 0.0109375 0.0171875
0 0.134375 0.5765625 0.01484375 0.02578125
0 0.41875 0.86640625 0.0390625 0.0453125
0 0.68203125 0.59921875 0.01640625 0.02578125
0 0.4578125 0.64921875 0.02734375 0.0375
0 0.840625 0.540625 0.01484375 0.021875
0 0.8796875 0.54921875 0.01640625 0.0234375
0 0.59453125 0.56328125 0.0171875 0.02734375
0 0.97421875 0.5296875 0.01875 0.02578125
0 0.2171875 0.48515625 0.01171875 0.0171875
0 0.321875 0.7609375 0.03828125 0.05625
0 0.08359375 0.48125 0.0125 0.01953125
0 0.109375 0.49375 0.01171875 0.01796875
0 0.70859375 0.709375 0.0265625 0.0390625
0 0.71953125 0.48046875 0.0109375 0.01796875
0 0.215625 0.6875 0.0234375 0.03671875
0 0.1453125 0.48125 0.01171875 0.01953125
0 0.4921875 0.6109375 0.025 0.03671875
0 0.7625 0.61953125 0.02265625 0.03359375
0 0.36796875 0.734375 0.02421875 0.04140625
0 0.95234375 0.5390625 0.01484375 0.02109375
0 0.0171875 0.8421875 0.034375 0.05625
0 0.9890625 0.790625 0.0203125 0.0328125
0 0.15546875 0.5109375 0.0125 0.0171875
0 0.00703125 0.4796875 0.0140625 0.01953125
0 0.98125 0.4984375 0.0125 0.0171875
0 0.08359375 0.65078125 0.028125 0.03671875
0 0.18359375 0.4859375 0.0140625 0.01796875
0 0.01796875 0.41953125 0.0109375 0.015625
0 0.19375 0.4625 0.0109375 0.0171875
0 0.2171875 0.51328125 0.0140625 0.02109375
0 0.21953125 0.44453125 0.009375 0.0140625
0 0.9640625 0.49296875 0.01171875 0.0171875
0 0.90546875 0.49375 0.0109375 0.0140625
0 0.13125 0.44375 0.00859375 0.0140625
0 0.01484375 0.4421875 0.0109375 0.0140625
0 0.20546875 0.4453125 0.00859375 0.015625
0 0.84453125 0.4421875 0.009375 0.0140625
0 0.38984375 0.55625 0.01640625 0.0234375
0 0.9921875 0.54375 0.0140625 0.025
0 0.2921875 0.48046875 0.009375 0.01328125
0 0.75546875 0.40703125 0.0109375 0.0140625
0 0.946875 0.49375 0.01171875 0.0171875
0 0.0796875 0.41796875 0.0078125 0.01328125
0 0.915625 0.51875 0.0125 0.01953125
0 0.16875 0.44453125 0.00859375 0.0140625
0 0.8171875 0.38125 0.00859375 0.01328125
0 0.53828125 0.8203125 0.0390625 0.04140625
0 0.79375 0.43125 0.00859375 0.0140625
0 0.934375 0.4953125 0.0125 0.0171875
0 0.8421875 0.3921875 0.00859375 0.0140625
0 0.7296875 0.4421875 0.0109375 0.0140625
0 0.75390625 0.4421875 0.009375 0.0140625
0 0.3421875 0.58046875 0.01640625 0.03125
0 0.7453125 0.4859375 0.01171875 0.0171875
0 0.1546875 0.43125 0.00859375 0.01328125
0 0.4640625 0.87421875 0.040625 0.05625
0 0.26953125 0.49296875 0.009375 0.0171875
0 0.2859375 0.51171875 0.0140625 0.01796875
0 0.00390625 0.39375 0.0078125 0.0140625
0 0.790625 0.50625 0.0109375 0.01328125
0 0.25390625 0.49453125 0.01171875 0.01796875
0 0.321875 0.62265625 0.021875 0.02890625
0 0.70234375 0.45625 0.0109375 0.0140625
0 0.87890625 0.4046875 0.009375 0.01328125
0 0.1078125 0.46875 0.009375 0.01796875
0 0.0546875 0.38046875 0.0078125 0.01328125
0 0.81875 0.52890625 0.01171875 0.01796875
0 0.01875 0.3296875 0.00703125 0.01171875
0 0.3953125 0.7171875 0.0234375 0.04140625
0 0.878125 0.49375 0.0109375 0.0140625
0 0.1203125 0.4421875 0.0078125 0.0140625
0 0.0296875 0.39296875 0.009375 0.01328125
0 0.89296875 0.48046875 0.00859375 0.01328125
0 0.0171875 0.3921875 0.0078125 0.01328125
0 0.103125 0.40546875 0.00859375 0.01171875
0 0.0421875 0.38125 0.009375 0.01328125
0 0.7421875 0.53046875 0.01171875 0.01953125
0 0.99375 0.61875 0.009375 0.03671875
0 0.8921875 0.4953125 0.009375 0.0171875
0 0.08359375 0.4578125 0.0109375 0.0171875
0 0.14296875 0.44296875 0.00859375 0.01328125
0 0.91953125 0.48125 0.0109375 0.0140625
0 0.2046875 0.43046875 0.0078125 0.01171875
0 0.89375 0.4171875 0.0109375 0.0140625
0 0.0765625 0.56875 0.015625 0.0234375
0 0.040625 0.36796875 0.0078125 0.01171875
0 0.0296875 0.46953125 0.01171875 0.0171875
0 0.28515625 0.53671875 0.0140625 0.02578125
0 0.7875 0.52890625 0.01484375 0.02109375
0 0.1921875 0.44296875 0.00859375 0.01328125
0 0.15546875 0.40546875 0.00703125 0.01171875
0 0.09296875 0.35625 0.0078125 0.01171875
0 0.74296875 0.4515625 0.00859375 0.0140625
0 0.1171875 0.40546875 0.0078125 0.01171875
0 0.0296875 0.4390625 0.009375 0.015625
0 0.0671875 0.45546875 0.009375 0.01328125
0 0.70234375 0.43125 0.009375 0.0140625
0 0.00390625 0.33046875 0.0078125 0.01328125
0 0.01875 0.36796875 0.00703125 0.01171875
0 0.80546875 0.38125 0.00703125 0.01171875
0 0.18046875 0.446875 0.00859375 0.0140625
0 0.13125 0.41953125 0.00859375 0.01328125
0 0.78203125 0.36953125 0.0078125 0.01328125
0 0.19296875 0.41796875 0.00703125 0.01328125
0 0.08671875 0.596875 0.01640625 0.0296875
0 0.70703125 0.56875 0.015625 0.025
0 0.40703125 0.92578125 0.034375 0.0625
0 0.74765625 0.83671875 0.0359375 0.05625
0 0.840625 0.49375 0.0125 0.01796875
0 0.6828125 0.4203125 0.0109375 0.0171875
0 0.08046875 0.3796875 0.00703125 0.01171875
0 0.18046875 0.4171875 0.00703125 0.01171875
0 0.24375 0.428125 0.00703125 0.01328125
0 0.10625 0.35390625 0.00703125 0.01015625
0 0.21796875 0.41875 0.00703125 0.01171875
0 0.21953125 0.3921875 0.0078125 0.01171875
0 0.23125 0.43046875 0.0078125 0.01171875
0 0.15625 0.3921875 0.0078125 0.01171875
0 0.77890625 0.39375 0.00859375 0.0140625
0 0.24296875 0.39296875 0.00703125 0.01328125
0 0.87734375 0.96171875 0.04375 0.07421875
0 0.1703125 0.43125 0.009375 0.01328125
0 0.096875 0.5015625 0.0125 0.02109375
0 0.13984375 0.52421875 0.01484375 0.01953125
0 0.19375 0.3921875 0.00703125 0.01171875
0 0.85703125 0.40546875 0.0109375 0.0140625
0 0.2546875 0.3921875 0.0078125 0.01171875
0 0.18125 0.43125 0.00703125 0.01328125
0 0.16875 0.4046875 0.00703125 0.01328125
0 0.15546875 0.38125 0.00703125 0.0078125
0 0.484375 0.68828125 0.04609375 0.046875