0 0.85 0.4203125 0.03828125 0.05078125
0 0.5140625 0.53125 0.0421875 0.0625
0 0.9859375 0.12578125 0.0234375 0.0375
0 0.7578125 0.4546875 0.040625 0.06015625
0 0.6046875 0.26171875 0.0203125 0.03125
0 0.63125 0.24375 0.02421875 0.03515625
0 0.64296875 0.1046875 0.0125 0.01953125
0 0.16015625 0.30390625 0.0234375 0.03515625
0 0.815625 0.15 0.0171875 0.02734375
0 0.78828125 0.13828125 0.01484375 0.02578125
0 0.05625 0.221875 0.0125 0.01953125
0 0.20703125 0.39375 0.0234375 0.03515625
0 0.9203125 0.1109375 0.01484375 0.025
0 0.909375 0.16015625 0.0171875 0.02578125
0 0.634375 0.07265625 0.0109375 0.01796875
0 0.9921875 0.303125 0.0140625 0.046875
0 0.590625 0.1203125 0.0140625 0.01953125
0 0.059375 0.18125 0.0125 0.01796875
0 0.68046875 0.1421875 0.0140625 0.025
0 0.009375 0.35078125 0.01875 0.040625
0 0.84453125 0.0671875 0.01171875 0.0171875
0 0.365625 0.1421875 0.01171875 0.0171875
0 0.00390625 0.19140625 0.0078125 0.02109375
0 0.765625 0.0515625 0.01171875 0.0171875
0 0.659375 0.1 0.01484375 0.0234375
0 0.73125 0.04296875 0.0109375 0.01796875
0 0.04375 0.3609375 0.02265625 0.0328125
0 0.2875 0.39375 0.0265625 0.04296875
0 0.57890625 0.0921875 0.009375 0.01796875
0 0.07890625 0.471875 0.015625 0.021875
0 0.15234375 0.16640625 0.0140625 0.015625
0 0.8765625 0.0265625 0.0109375 0.0171875
0 0.21953125 0.16640625 0.0140625 0.01796875
0 0.559375 0.09375 0.0125 0.01796875
0 0.76953125 0.0953125 0.009375 0.01796875
0 0.93046875 0.0296875 0.0109375 0.01796875
0 0.8578125 0.0171875 0.009375 0.0171875
0 0.90546875 0.0234375 0.0140625 0.015625
0 0.1171875 0.19453125 0.01171875 0.0140625
0 0.78203125 0.06796875 0.0109375 0.01796875
0 0.82734375 0.025 0.0109375 0.0171875
0 0.45390625 0.11171875 0.009375 0.01796875
0 0.228125 0.14296875 0.01171875 0.01796875
0 0.32734375 0.525 0.0171875 0.03125
0 0.0953125 0.19140625 0.0140625 0.015625
0 0.91875 0.00625 0.0109375 0.01171875
0 0.5921875 0.0921875 0.01171875 0.01796875
0 0.509375 0.175 0.0140625 0.01953125
0 0.66328125 0.0734375 0.01171875 0.0171875
0 0.70625 0.0390625 0.0109375 0.015625
0 0.7953125 0.0296875 0.009375 0.01796875
0 0.61796875 0.08203125 0.0109375 0.015625
0 0.43046875 0.18671875 0.0140625 0.01953125
0 0.17109375 0.18125 0.0125 0.0140625
0 0.190625 0.178125 0.0109375 0.015625
0 0.0375 0.1625 0.0125 0.01796875
0 0.94453125 0.0078125 0.01171875 0.015625
0 0.7390625 0.0875 0.0140625 0.01796875
0 0.25390625 0.1546875 0.01171875 0.01328125
0 0.09453125 0.2078125 0.0125 0.0171875
0 0.053125 0.159375 0.01171875 0.0171875
0 0.71953125 0.04140625 0.00859375 0.01328125
0 0.33046875 0.13046875 0.00859375 0.01328125
0 0.8015625 0.0765625 0.01171875 0.01796875
0 0.10703125 0.14296875 0.0109375 0.01328125
0 0.865625 0.0609375 0.01171875 0.0171875
0 0.5453125 0.0828125 0.009375 0.0171875
0 0.5171875 0.09921875 0.01171875 0.01796875
0 0.81640625 0.053125 0.01171875 0.01796875
0 0.72265625 0.08515625 0.01171875 0.01953125
0 0.028125 0.1890625 0.0140625 0.015625
0 0.753125 0.0140625 0.0109375 0.015625
0 0.1328125 0.17890625 0.009375 0.0140625
0 0.1203125 0.1640625 0.009375 0.015625
0 0.853125 0.03203125 0.0109375 0.0140625
0 0.5265625 0.1234375 0.01171875 0.01953125
0 0.7796875 0.0046875 0.0109375 0.009375
0 0.753125 0.03125 0.0109375 0.01796875
0 0.79375 0.00625 0.01171875 0.01171875
0 0.13828125 0.1359375 0.0109375 0.0140625
0 0.08046875 0.16875 0.0109375 0.0140625
0 0.69296875 0.0328125 0.00703125 0.01328125
0 0.80703125 0.0171875 0.0109375 0.0140625
0 0.73125 0.00703125 0.01171875 0.0140625
0 0.9046875 0.00546875 0.0109375 0.01015625
0 0.60625 0.0671875 0.01171875 0.0140625
0 0.10625 0.171875 0.0109375 0.01328125
0 0.95546875 0.00625 0.0109375 0.0125
0 0.84453125 0.00625 0.009375 0.01171875
0 0.31484375 0.15546875 0.0125 0.01953125
0 0.0234375 0.21796875 0.0140625 0.01953125
0 0.296875 0.17734375 0.01875 0.0265625
0 0.009375 0.4 0.01875 0.0296875
0 0.01953125 0.8875 0.0390625 0.0625