0 0.6328125 0.04296875 0.0140625 0.0234375
0 0.225 0.2484375 0.0203125 0.0328125
0 0.4953125 0.73828125 0.0609375 0.08828125
0 0.5921875 0.42265625 0.03203125 0.05625
0 0.49296875 0.18828125 0.0203125 0.0328125
0 0.5296875 0.21328125 0.021875 0.03359375
0 0.75078125 0.2234375 0.02421875 0.0375
0 0.70390625 0.0296875 0.015625 0.025
0 0.75078125 0.33515625 0.034375 0.0484375
0 0.56328125 0.2296875 0.0203125 0.0328125
0 0.2015625 0.3484375 0.0265625 0.0453125
0 0.54375 0.3109375 0.0265625 0.0484375
0 0.62890625 0.546875 0.04296875 0.06484375
0 0.56796875 0.16953125 0.01875 0.03125
0 0.825 0.19140625 0.02734375 0.0390625
0 0.13046875 0.34296875 0.03046875 0.04296875
0 0.6484375 0.89296875 0.08203125 0.11953125
0 0.66328125 0.6046875 0.053125 0.08203125
0 0.6484375 0.3015625 0.02734375 0.0453125
0 0.61171875 0.31953125 0.0265625 0.0484375
0 0.44453125 0.04765625 0.0140625 0.021875
0 0.7765625 0.2421875 0.03046875 0.04453125
0 0.58359375 0.32421875 0.028125 0.04921875
0 0.90546875 0.1546875 0.0265625 0.0390625
0 0.78359375 0.0328125 0.01875 0.02578125
0 0.10078125 0.58828125 0.0453125 0.0703125
0 0.696875 0.17890625 0.02265625 0.0328125
0 0.45 0.27265625 0.0296875 0.04296875
0 0.725 0.18125 0.02421875 0.03671875
0 0.5515625 0.12578125 0.0171875 0.0296875
0 0.76484375 0.171875 0.021875 0.03359375
0 0.63125 0.19765625 0.02265625 0.03359375
0 0.28984375 0.23515625 0.0203125 0.0375
0 0.7703125 0.1390625 0.021875 0.0328125
0 0.2453125 0.25625 0.02265625 0.0375
0 0.115625 0.41015625 0.0359375 0.04921875
0 0.43984375 0.1625 0.01875 0.0328125
0 0.95234375 0.1875 0.0296875 0.04921875
0 0.48359375 0.0296875 0.0140625 0.02109375
0 0.25234375 0.4625 0.03828125 0.05703125
0 0.10625 0.0890625 0.015625 0.021875
0 0.81640625 0.26875 0.03125 0.04296875
0 0.4 0.18125 0.01875 0.03125
0 0.53359375 0.01640625 0.0125 0.021875
0 0.17734375 0.4 0.03203125 0.04921875
0 0.4046875 0.440625 0.0390625 0.0609375
0 0.94921875 0.0890625 0.01953125 0.0328125
0 0.75859375 0.0171875 0.01484375 0.025
0 0.47109375 0.0546875 0.0125 0.02109375
0 0.165625 0.2234375 0.02265625 0.0328125
0 0.86640625 0.3890625 0.03984375 0.05703125
0 0.69140625 0.12421875 0.01953125 0.0296875
0 0.753125 0.06953125 0.0171875 0.02734375
0 0.55625 0.08046875 0.01875 0.02578125
0 0.0859375 0.8203125 0.06640625 0.09375
0 0.14296875 0.14140625 0.01640625 0.025
0 0.0296875 0.31015625 0.028125 0.04453125
0 0.40546875 0.26796875 0.0203125 0.03671875
0 0.446875 0.13125 0.01640625 0.025
0 0.5921875 0.0140625 0.0140625 0.02109375
0 0.27265625 0.21171875 0.021875 0.0296875
0 0.61640625 0.0171875 0.0140625 0.01953125
0 0.759375 0.5375 0.03984375 0.0625
0 0.79375 0.08828125 0.01875 0.03125
0 0.1203125 0.240625 0.021875 0.03125
0 0.1046875 0.125 0.0171875 0.02578125
0 0.54375 0.04140625 0.01484375 0.02109375
0 0.57109375 0.04453125 0.0140625 0.0234375
0 0.403125 0.1109375 0.01875 0.02890625
0 0.2359375 0.725 0.0609375 0.0859375
0 0.49921875 0.4046875 0.0359375 0.06015625
0 0.5796875 0.07421875 0.01484375 0.02578125
0 0.4671875 0.31875 0.03046875 0.04921875
0 0.30234375 0.14296875 0.01875 0.02578125
0 0.6609375 0.09296875 0.0171875 0.0296875
0 0.1234375 0.2046875 0.0203125 0.03125
0 0.8046875 0.0125 0.015625 0.025
0 0.6234375 0.1046875 0.01640625 0.0296875
0 0.3890625 0.14375 0.0171875 0.0328125
0 0.3390625 0.1234375 0.01640625 0.02578125
0 0.15 0.17578125 0.0171875 0.02890625
0 0.00703125 0.29140625 0.0140625 0.0421875
0 0.4734375 0.16171875 0.0171875 0.03125
0 0.5203125 0.15546875 0.0171875 0.025
0 0.321875 0.43515625 0.0328125 0.04921875
0 0.3484375 0.20078125 0.0234375 0.03671875
0 0.15703125 0.06640625 0.0140625 0.02109375
0 0.17265625 0.62265625 0.04765625 0.0703125
0 0.0078125 0.18515625 0.015625 0.02890625
0 0.1640625 0.3359375 0.02734375 0.03671875
0 0.20234375 0.09453125 0.01484375 0.021875
0 0.38984375 0.040625 0.01484375 0.021875
0 0.090625 0.15625 0.0171875 0.02578125
0 0.2046875 0.16171875 0.01953125 0.03125
0 0.221875 0.1359375 0.01640625 0.025
0 0.0890625 0.225 0.02265625 0.0328125
0 0.16875 0.09296875 0.01484375 0.01953125
0 0.58515625 0.1875 0.02265625 0.03671875
0 0.5890625 0.11875 0.01875 0.03125
0 0.26484375 0.35078125 0.03203125 0.0484375
0 0.32890625 0.51953125 0.04765625 0.0703125
0 0.31484375 0.35 0.03046875 0.04296875
0 0.94140625 0.12421875 0.021875 0.0328125
0 0.57734375 0.0171875 0.0140625 0.01796875
0 0.1890625 0.11796875 0.0171875 0.025
0 0.22578125 0.3921875 0.02734375 0.0484375
0 0.51484375 0.03515625 0.0125 0.02109375
0 0.48125 0.0796875 0.0140625 0.0234375
0 0.50703125 0.0171875 0.0140625 0.01953125
0 0.775 0.2015625 0.0234375 0.0296875
0 0.50078125 0.15390625 0.01640625 0.02578125
0 0.1390625 0.103125 0.01484375 0.021875
0 0.025 0.0921875 0.01875 0.025
0 0.10625 0.1859375 0.0203125 0.03125
0 0.67734375 0.0140625 0.0125 0.02109375
0 0.66328125 0.0375 0.01484375 0.0234375
0 0.33671875 0.3953125 0.03125 0.0328125
0 0.690625 0.00703125 0.0125 0.0140625
0 0.8296875 0.02421875 0.0171875 0.025
0 0.309375 0.17421875 0.0203125 0.03125
0 0.2171875 0.11015625 0.01484375 0.021875
0 0.8828125 0.0828125 0.0171875 0.0296875
0 0.17421875 0.17421875 0.01875 0.02578125
0 0.03515625 0.05625 0.015625 0.0234375
0 0.6546875 0.0078125 0.0125 0.015625
0 0.26484375 0.11875 0.0171875 0.021875
0 0.196875 0.06875 0.0140625 0.0234375
0 0.715625 0.00625 0.0125 0.01171875
0 0.97109375 0.0875 0.0203125 0.03125
0 0.36953125 0.0515625 0.01484375 0.021875
0 0.41875 0.0125 0.0140625 0.01953125
0 0.2390625 0.1234375 0.0171875 0.025
0 0.81328125 0.0609375 0.0171875 0.025
0 0.07578125 0.0890625 0.01484375 0.021875
0 0.0609375 0.2921875 0.025 0.04296875
0 0.0859375 0.1109375 0.015625 0.025
0 0.7203125 0.02578125 0.01484375 0.0234375
0 0.51875 0.08203125 0.01484375 0.0234375
0 0.7734375 0.08515625 0.021875 0.0328125
0 0.825 0.3546875 0.0390625 0.0609375
0 0.63203125 0.01875 0.0140625 0.01953125
0 0.44375 0.0171875 0.0125 0.0171875
0 0.4296875 0.33828125 0.0296875 0.05234375
0 0.284375 0.0671875 0.01484375 0.021875
0 0.5609375 0.021875 0.0140625 0.01796875
0 0.04921875 0.19453125 0.0203125 0.0296875
0 0.74375 0.01015625 0.0125 0.0203125
0 0.040625 0.2625 0.0203125 0.0296875
0 0.0078125 0.08671875 0.015625 0.025
0 0.553125 0.00625 0.0125 0.01171875
0 0.115625 0.15 0.01875 0.0234375
0 0.03203125 0.12578125 0.0171875 0.02734375
0 0.11171875 0.06171875 0.01484375 0.01953125
0 0.2359375 0.16875 0.01953125 0.0296875
0 0.25703125 0.0859375 0.0140625 0.01796875
0 0.42734375 0.08203125 0.01484375 0.0234375
0 0.284375 0.12421875 0.0171875 0.025
0 0.290625 0.0875 0.01640625 0.0234375
0 0.04609375 0.2265625 0.01875 0.02578125
0 0.8515625 0.00625 0.015625 0.01171875
0 0.353125 0.14296875 0.0171875 0.02578125
0 0.9640625 0.396875 0.034375 0.0546875
0 0.2078125 0.22421875 0.0171875 0.03125
0 0.4078125 0.075 0.01484375 0.025
0 0.23125 0.0796875 0.0125 0.01796875
0 0.0484375 0.075 0.01484375 0.01953125
0 0.07734375 0.196875 0.01875 0.021875
0 0.3421875 0.075 0.01484375 0.01953125
0 0.4296875 0.1265625 0.015625 0.0234375
0 0.0921875 0.06796875 0.01484375 0.01796875
0 0.00859375 0.11875 0.0171875 0.0296875
0 0.45078125 0.0859375 0.01484375 0.02109375
0 0.91015625 0.43125 0.03515625 0.0625
0 0.89765625 0.05625 0.0171875 0.0328125
0 0.6078125 0.09296875 0.015625 0.025
0 0.321875 0.05546875 0.01640625 0.025
0 0.35859375 0.025 0.01484375 0.01953125
0 0.3234375 0.0921875 0.01484375 0.025
0 0.4703125 0.00625 0.0125 0.0125
0 0.44453125 0.1109375 0.01484375 0.01953125
0 0.05546875 0.1546875 0.01875 0.02578125
0 0.415625 0.046875 0.0125 0.02109375
0 0.1546875 0.0921875 0.0140625 0.01796875
0 0.08515625 0.28515625 0.0234375 0.0390625
0 0.26484375 0.4046875 0.0328125 0.04296875
0 0.340625 0.04296875 0.0125 0.01796875
0 0.3703125 0.1171875 0.01953125 0.02578125
0 0.82890625 0.00625 0.015625 0.01171875
0 0.34765625 0.29921875 0.025 0.03671875
0 0.4046875 0.0265625 0.0125 0.021875
0 0.3625 0.2296875 0.01953125 0.02734375
0 0.1421875 0.0796875 0.0140625 0.01796875
0 0.5125 0.18125 0.0171875 0.03125
0 0.021875 0.2078125 0.01953125 0.025
0 0.5171875 0.0609375 0.015625 0.021875
0 0.878125 0.128125 0.0203125 0.0328125
0 0.6484375 0.034375 0.0140625 0.021875
0 0.8359375 0.125 0.021875 0.03125
0 0.7890625 0.0078125 0.015625 0.015625