0 0.0234375 0.20703125 0.0234375 0.03671875
0 0.946875 0.09140625 0.0328125 0.04921875
0 0.3671875 0.2671875 0.03125 0.0484375
0 0.0390625 0.09453125 0.0234375 0.03515625
0 0.3140625 0.0171875 0.0203125 0.02890625
0 0.4671875 0.8375 0.0859375 0.15078125
0 0.325 0.05703125 0.0203125 0.03125
0 0.2109375 0.06171875 0.0234375 0.0328125
0 0.86484375 0.0265625 0.02265625 0.03515625
0 0.503125 0.17421875 0.0265625 0.0390625
0 0.42734375 0.0140625 0.0203125 0.028125
0 0.25859375 0.0515625 0.0203125 0.0328125
0 0.0515625 0.00625 0.01875 0.0125
0 0.0921875 0.06328125 0.02265625 0.0328125
0 0.259375 0.12421875 0.02421875 0.0375
0 0.153125 0.065625 0.0171875 0.02734375
0 0.18046875 0.0546875 0.0171875 0.02578125
0 0.0203125 0.0421875 0.0171875 0.021875
0 0.14609375 0.1109375 0.02265625 0.0328125
0 0.06015625 0.03515625 0.0203125 0.02578125
0 0.7015625 0.00703125 0.015625 0.0140625
0 0.75703125 0.12421875 0.01953125 0.0375
0 0.12578125 0.009375 0.0171875 0.01875
0 0.9796875 0.1 0.0234375 0.04296875
0 0.45 0.175 0.028125 0.0484375
0 0.0203125 0.0671875 0.0171875 0.02734375
0 0.3703125 0.54453125 0.0578125 0.08828125
0 0.6828125 0.00625 0.015625 0.01171875
0 0.34609375 0.4234375 0.0125 0.02734375
0 0.75703125 0.43125 0.021875 0.03125
0 0.65546875 0.00625 0.0125 0.01171875
0 0.384375 0.02265625 0.01953125 0.025