0 0.7046875 0.5015625 0.0421875 0.06328125
0 0.54609375 0.521875 0.04375 0.06875
0 0.29375 0.4296875 0.01953125 0.03046875
0 0.11171875 0.60390625 0.059375 0.10546875
0 0.54609375 0.69609375 0.10546875 0.15546875
0 0.4703125 0.42109375 0.01484375 0.021875
0 0.8390625 0.49765625 0.034375 0.05
0 0.346875 0.47109375 0.028125 0.04375
0 0.275 0.66796875 0.09296875 0.15
0 0.80390625 0.40546875 0.01484375 0.0234375
0 0.34453125 0.5703125 0.06640625 0.0984375
0 0.20390625 0.40703125 0.015625 0.0234375
0 0.2078125 0.52578125 0.0640625 0.10546875
0 0.14296875 0.45390625 0.02421875 0.04140625
0 0.70390625 0.4484375 0.0234375 0.021875
0 0.17734375 0.39296875 0.01484375 0.021875
0 0.575 0.43515625 0.01953125 0.028125
0 0.7171875 0.41015625 0.01484375 0.025
0 0.3875 0.78359375 0.09453125 0.125
0 0.63046875 0.41328125 0.01484375 0.028125
0 0.90859375 0.41796875 0.0203125 0.03671875
0 0.7796875 0.3875 0.0125 0.0234375
0 0.54609375 0.4296875 0.0203125 0.03671875
0 0.06953125 0.446875 0.034375 0.0546875
0 0.86953125 0.4015625 0.01640625 0.025
0 0.340625 0.41328125 0.01875 0.028125
0 0.6703125 0.44375 0.021875 0.03203125
0 0.03359375 0.475 0.0359375 0.05703125
0 0.50078125 0.4296875 0.0171875 0.03359375
0 0.53046875 0.4015625 0.01484375 0.021875
0 0.23125 0.40859375 0.01640625 0.021875
0 0.734375 0.40546875 0.0140625 0.0203125
0 0.753125 0.39140625 0.0140625 0.01875
0 0.3859375 0.4296875 0.0171875 0.028125
0 0.64453125 0.4453125 0.0171875 0.03671875
0 0.78515625 0.4171875 0.0140625 0.0265625
0 0.43359375 0.40546875 0.0171875 0.0296875
0 0.35859375 0.40546875 0.0125 0.0203125
0 0.93515625 0.43125 0.01484375 0.025
0 0.04609375 0.3953125 0.01640625 0.0234375
0 0.89375 0.48359375 0.03203125 0.0515625
0 0.24140625 0.4421875 0.040625 0.046875
0 0.12890625 0.38984375 0.0140625 0.021875
0 0.8390625 0.44375 0.02265625 0.03515625
0 0.0265625 0.38984375 0.01484375 0.021875
0 0.67109375 0.41640625 0.01484375 0.01875
0 0.5921875 0.4140625 0.0171875 0.0265625
0 0.0796875 0.36875 0.01171875 0.01796875
0 0.8109375 0.43984375 0.0203125 0.03359375
0 0.8203125 0.41015625 0.015625 0.021875
0 0.478125 0.3875 0.01171875 0.01796875
0 0.13203125 0.4140625 0.0171875 0.0234375
0 0.37890625 0.39140625 0.009375 0.01328125
0 0.31953125 0.3953125 0.01171875 0.0203125
0 0.27109375 0.41796875 0.01484375 0.025
0 0.39609375 0.39609375 0.0109375 0.01796875
0 0.09296875 0.36640625 0.0125 0.01640625
0 0.97578125 0.42421875 0.0171875 0.0265625
0 0.0515625 0.3671875 0.0140625 0.0203125
0 0.8421875 0.40859375 0.01484375 0.021875
0 0.4953125 0.39296875 0.009375 0.01640625
0 0.75390625 0.41015625 0.0140625 0.01875
0 0.3421875 0.3875 0.0109375 0.01484375
0 0.70390625 0.39140625 0.0109375 0.01640625
0 0.11875 0.45 0.0234375 0.03984375
0 0.40703125 0.39453125 0.009375 0.01640625
0 0.41875 0.37890625 0.00859375 0.01484375
0 0.35546875 0.38125 0.0078125 0.01328125
0 0.678125 0.3828125 0.0109375 0.01328125
0 0.1 0.39375 0.01640625 0.0265625
0 0.57109375 0.403125 0.0140625 0.01640625
0 0.50703125 0.39609375 0.009375 0.01796875
0 0.45625 0.37890625 0.00703125 0.01171875
0 0.29375 0.4015625 0.0125 0.01640625
0 0.0125 0.4328125 0.0234375 0.04140625
0 0.234375 0.37734375 0.0140625 0.0203125
0 0.36640625 0.38125 0.00859375 0.01328125
0 0.44453125 0.37890625 0.0078125 0.01171875
0 0.2625 0.521875 0.0265625 0.0515625
0 0.40546875 0.38125 0.00703125 0.01015625
0 0.071875 0.3953125 0.0125 0.0203125
0 0.0046875 0.3953125 0.00859375 0.0203125
0 0.71953125 0.39140625 0.0109375 0.01328125
0 0.54453125 0.39140625 0.0109375 0.01328125
0 0.7328125 0.37890625 0.0109375 0.01171875
0 0.43125 0.37734375 0.00703125 0.01171875
0 0.3921875 0.38125 0.0078125 0.01015625
0 0.5203125 0.37890625 0.00859375 0.01171875
0 0.5171875 0.39296875 0.0109375 0.01328125
0 0.50625 0.37734375 0.00703125 0.01171875
0 0.040625 0.42578125 0.02265625 0.03203125
0 0.46796875 0.37890625 0.00703125 0.01171875
0 0.696875 0.41953125 0.0125 0.021875
0 0.68984375 0.39140625 0.0125 0.01640625
0 0.39296875 0.36875 0.00703125 0.00859375
0 0.48125 0.36875 0.00703125 0.01171875
0 0.64609375 0.40390625 0.0125 0.01796875
0 0.49296875 0.36875 0.00703125 0.01171875
0 0.1546875 0.40546875 0.015625 0.0234375
0 0.11484375 0.38125 0.0125 0.01875
0 0.959375 0.42109375 0.0125 0.021875
0 0.57734375 0.48046875 0.03203125 0.053125
0 0.0109375 0.36171875 0.0109375 0.01328125
0 0.25625 0.39140625 0.01171875 0.01875