0 0.75078125 0.55 0.03046875 0.0375
0 0.7953125 0.6859375 0.040625 0.0625
0 0.46796875 0.609375 0.03203125 0.0546875
0 0.43046875 0.6984375 0.0453125 0.06875
0 0.8328125 0.59765625 0.0328125 0.0546875
0 0.425 0.40625 0.01953125 0.03125
0 0.50078125 0.65 0.0375 0.05859375
0 0.28828125 0.59140625 0.0390625 0.06015625
0 0.19609375 0.51171875 0.0265625 0.04453125
0 0.440625 0.56015625 0.028125 0.046875
0 0.6703125 0.56171875 0.03515625 0.05625
0 0.3390625 0.4 0.0171875 0.02578125
0 0.80234375 0.54453125 0.03046875 0.04921875
0 0.9515625 0.51796875 0.0265625 0.04453125
0 0.20859375 0.6546875 0.04375 0.07265625
0 0.73203125 0.51796875 0.0265625 0.04453125
0 0.53828125 0.56875 0.03125 0.0546875
0 0.6765625 0.74140625 0.04296875 0.071875
0 0.334375 0.721875 0.04375 0.071875
0 0.0515625 0.6234375 0.0484375 0.07265625
0 0.98046875 0.50625 0.025 0.04140625
0 0.2796875 0.51875 0.03125 0.05078125
0 0.915625 0.63671875 0.0390625 0.0625
0 0.53671875 0.50625 0.0265625 0.04140625
0 0.3734375 0.63671875 0.0375 0.0546875
0 0.49375 0.5203125 0.0265625 0.04296875
0 0.31953125 0.3953125 0.0140625 0.021875
0 0.56484375 0.5046875 0.02421875 0.0375
0 0.89296875 0.48125 0.02265625 0.0375
0 0.4546875 0.44296875 0.021875 0.03671875
0 0.19140625 0.41640625 0.01953125 0.03359375
0 0.015625 0.44921875 0.0234375 0.03671875
0 0.50078125 0.44921875 0.01953125 0.03125
0 0.78828125 0.4828125 0.0234375 0.0375
0 0.13984375 0.40703125 0.01953125 0.0296875
0 0.3421875 0.490625 0.0296875 0.04921875
0 0.6453125 0.41171875 0.0171875 0.02578125
0 0.37890625 0.58203125 0.03515625 0.0390625
0 0.8734375 0.6125 0.03515625 0.0609375
0 0.91875 0.5296875 0.03046875 0.04921875
0 0.484375 0.4796875 0.0234375 0.0328125
0 0.93828125 0.4234375 0.0171875 0.025
0 0.6078125 0.4734375 0.0203125 0.0328125
0 0.9859375 0.4625 0.0234375 0.0328125
0 0.6828125 0.66796875 0.03984375 0.04921875
0 0.05546875 0.46953125 0.0265625 0.04296875
0 0.0921875 0.4234375 0.0234375 0.0328125
0 0.6703125 0.50625 0.02734375 0.0375
0 0.2578125 0.425 0.0171875 0.0296875
0 0.2359375 0.4546875 0.0234375 0.0375
0 0.590625 0.44296875 0.01875 0.03671875
0 0.6375 0.4546875 0.01953125 0.0328125
0 0.92265625 0.4625 0.0171875 0.03125
0 0.10703125 0.59453125 0.0359375 0.05625
0 0.7 0.46875 0.02265625 0.03671875
0 0.8609375 0.5046875 0.025 0.0453125
0 0.22265625 0.37890625 0.015625 0.0234375
0 0.73125 0.47265625 0.0203125 0.02890625
0 0.57734375 0.7171875 0.04609375 0.08203125
0 0.94453125 0.475 0.021875 0.0328125
0 0.525 0.43125 0.01875 0.0296875
0 0.2453125 0.525 0.03046875 0.05078125
0 0.5921875 0.4078125 0.0140625 0.02109375
0 0.86171875 0.4609375 0.0203125 0.03125
0 0.3703125 0.41015625 0.01953125 0.02578125
0 0.7296875 0.41953125 0.01484375 0.02578125
0 0.153125 0.36875 0.01484375 0.025
0 0.03203125 0.51015625 0.0296875 0.046875
0 0.3109375 0.47421875 0.0234375 0.03671875
0 0.1203125 0.53046875 0.025 0.0484375
0 0.11171875 0.48828125 0.028125 0.03671875
0 0.1765625 0.45546875 0.0296875 0.0390625
0 0.621875 0.44140625 0.01875 0.02890625
0 0.56484375 0.45 0.0203125 0.0375
0 0.8140625 0.41640625 0.01484375 0.02109375
0 0.4109375 0.53671875 0.0328125 0.04921875
0 0.378125 0.44296875 0.0203125 0.03125
0 0.22734375 0.42421875 0.01953125 0.02578125
0 0.7390625 0.6046875 0.04296875 0.05859375
0 0.4671875 0.3875 0.015625 0.025
0 0.29453125 0.39765625 0.01484375 0.021875
0 0.4015625 0.48125 0.028125 0.0484375
0 0.8296875 0.44375 0.0171875 0.02578125
0 0.31875 0.43125 0.01953125 0.0296875
0 0.6921875 0.4046875 0.01484375 0.0234375
0 0.91875 0.3890625 0.0140625 0.01953125
0 0.6828125 0.38125 0.0140625 0.01796875
0 0.60859375 0.5859375 0.04296875 0.0625
0 0.80625 0.39453125 0.0140625 0.01796875
0 0.3703125 0.47421875 0.0234375 0.0390625
0 0.4828125 0.39453125 0.01484375 0.0234375
0 0.39375 0.4046875 0.01953125 0.02578125
0 0.853125 0.8703125 0.05859375 0.084375
0 0.71953125 0.39453125 0.01484375 0.02109375
0 0.61015625 0.53203125 0.0359375 0.0375
0 0.75390625 0.38125 0.01171875 0.01796875
0 0.82109375 0.47578125 0.02421875 0.0375
0 0.6953125 0.43125 0.0171875 0.02578125
0 0.7515625 0.40078125 0.01484375 0.01796875
0 0.79765625 0.41640625 0.01484375 0.02109375
0 0.8953125 0.3921875 0.0140625 0.01953125
0 0.65703125 0.4421875 0.01875 0.02734375
0 0.98203125 0.4234375 0.01484375 0.0234375
0 0.18046875 0.38125 0.01640625 0.025
0 0.884375 0.42578125 0.0171875 0.0234375
0 0.77265625 0.4125 0.01484375 0.0234375
0 0.45 0.3953125 0.01640625 0.02734375
0 0.7984375 0.44140625 0.0171875 0.02578125
0 0.03515625 0.4140625 0.021875 0.02578125
0 0.5265625 0.3875 0.015625 0.025
0 0.990625 0.3921875 0.01484375 0.02109375
0 0.753125 0.43125 0.01875 0.03125
0 0.5921875 0.38125 0.0125 0.01953125
0 0.609375 0.378125 0.0140625 0.01953125
0 0.2015625 0.39140625 0.01484375 0.021875
0 0.884375 0.45078125 0.01953125 0.0234375
0 0.82890625 0.41875 0.015625 0.01953125
0 0.9546875 0.44453125 0.015625 0.021875
0 0.634375 0.3890625 0.0140625 0.02109375
0 0.24765625 0.3921875 0.01484375 0.025
0 0.82890625 0.39453125 0.0140625 0.01796875
0 0.271875 0.46875 0.0203125 0.03671875
0 0.853125 0.4125 0.01484375 0.0234375
0 0.79375 0.38203125 0.0125 0.0171875
0 0.4734375 0.4234375 0.0171875 0.02734375
0 0.55 0.41640625 0.01484375 0.02578125
0 0.9546875 0.4 0.0140625 0.01953125
0 0.553125 0.39296875 0.0125 0.01796875
0 0.54375 0.3734375 0.0125 0.0171875
0 0.859375 0.38828125 0.01171875 0.01796875
0 0.609375 0.41953125 0.0140625 0.0234375
0 0.6640625 0.4171875 0.015625 0.021875
0 0.76640625 0.3921875 0.0140625 0.0140625
0 0.56875 0.378125 0.01171875 0.0171875
0 0.6515625 0.38515625 0.0140625 0.01796875
0 0.496875 0.37890625 0.0125 0.02109375
0 0.9328125 0.39296875 0.0140625 0.01796875
0 0.88359375 0.384375 0.01171875 0.0171875
0 0.50546875 0.41640625 0.01484375 0.02890625
0 0.534375 0.409375 0.01484375 0.01953125
0 0.7328125 0.3921875 0.0140625 0.0171875
0 0.26484375 0.39296875 0.01484375 0.0234375
0 0.840625 0.384375 0.0125 0.0171875
0 0.6703125 0.46796875 0.0234375 0.0296875
0 0.703125 0.38203125 0.01171875 0.0140625
0 0.1203125 0.39296875 0.01484375 0.0234375
0 0.78203125 0.3953125 0.01171875 0.0171875
0 0.73359375 0.3703125 0.01171875 0.0171875
0 0.2765625 0.41875 0.015625 0.0296875
0 0.778125 0.3796875 0.0125 0.0140625
0 0.28203125 0.37265625 0.015625 0.0234375
0 0.9890625 0.54921875 0.01953125 0.04453125
0 0.515625 0.3703125 0.01171875 0.0171875
0 0.9921875 0.64375 0.0140625 0.05078125
0 0.58671875 0.49375 0.0203125 0.03125
0 0.0921875 0.5375 0.0390625 0.05234375
0 0.23515625 0.95390625 0.046875 0.07421875
0 0.2109375 0.46328125 0.025 0.0390625
0 0.88046875 0.7625 0.05546875 0.0875
0 0.621875 0.40390625 0.0125 0.0234375
0 0.48125 0.5625 0.0234375 0.0390625
0 0.66796875 0.39296875 0.01171875 0.01796875