0 0.76484375 0.1421875 0.01875 0.02734375
0 0.946875 0.2015625 0.02421875 0.03515625
0 0.6515625 0.15546875 0.01640625 0.0296875
0 0.79296875 0.1859375 0.01953125 0.02734375
0 0.9796875 0.26953125 0.03046875 0.0390625
0 0.5171875 0.21015625 0.0203125 0.0328125
0 0.709375 0.17421875 0.01953125 0.02578125
0 0.8796875 0.23046875 0.02734375 0.0390625
0 0.66640625 0.615625 0.0421875 0.05703125
0 0.540625 0.0703125 0.0125 0.02109375
0 0.6515625 0.5078125 0.040625 0.06796875
0 0.825 0.225 0.025 0.0375
0 0.5234375 0.25546875 0.025 0.03671875
0 0.6296875 0.1234375 0.01640625 0.02578125
0 0.5296875 0.31328125 0.0265625 0.0375
0 0.540625 0.19375 0.01875 0.02578125
0 0.54609375 0.4359375 0.03828125 0.05078125
0 0.51640625 0.13828125 0.0171875 0.02578125
0 0.740625 0.20546875 0.02421875 0.03671875
0 0.54609375 0.04296875 0.0125 0.01796875
0 0.546875 0.2265625 0.01953125 0.03125
0 0.509375 0.0921875 0.0140625 0.0234375
0 0.61796875 0.06640625 0.0125 0.02109375
0 0.84453125 0.27421875 0.0265625 0.0375
0 0.5328125 0.04375 0.0140625 0.01953125
0 0.54375 0.38125 0.03515625 0.04296875
0 0.934375 0.25625 0.03046875 0.04140625
0 0.4859375 0.0984375 0.01484375 0.025
0 0.67890625 0.07890625 0.0140625 0.01953125
0 0.44453125 0.125 0.0171875 0.0234375
0 0.56640625 0.040625 0.01171875 0.01953125
0 0.8078125 0.03515625 0.0125 0.01796875
0 0.76484375 0.0421875 0.0109375 0.01953125
0 0.2453125 0.0671875 0.0140625 0.01953125
0 0.56875 0.01640625 0.0109375 0.0171875
0 0.6453125 0.04296875 0.01171875 0.01796875
0 0.74296875 0.01640625 0.0109375 0.0171875
0 0.92109375 0.046875 0.01484375 0.0234375
0 0.51484375 0.065625 0.0125 0.01953125
0 0.49765625 0.1546875 0.01484375 0.02578125
0 0.8328125 0.02265625 0.01171875 0.0171875
0 0.7390625 0.0421875 0.01171875 0.0171875
0 0.68046875 0.00625 0.0109375 0.0125
0 0.21953125 0.0421875 0.01171875 0.0140625
0 0.6171875 0.0171875 0.009375 0.015625
0 0.30390625 0.08125 0.0140625 0.01953125
0 0.253125 0.04375 0.0140625 0.01953125
0 0.83359375 0.053125 0.0125 0.02109375
0 0.4875 0.0375 0.01171875 0.01953125
0 0.62890625 0.0203125 0.009375 0.0171875
0 0.62421875 0.18515625 0.0171875 0.03125
0 0.66328125 0.01015625 0.01171875 0.015625
0 0.784375 0.21796875 0.0203125 0.0328125
0 0.66875 0.03125 0.0109375 0.01796875
0 0.35625 0.0328125 0.01171875 0.01796875
0 0.7796875 0.0296875 0.01171875 0.01796875
0 0.69453125 0.23046875 0.021875 0.03125
0 0.18828125 0.0359375 0.009375 0.0140625
0 0.6015625 0.115625 0.015625 0.02109375
0 0.2828125 0.0734375 0.0140625 0.01953125
0 0.5578125 0.00625 0.009375 0.01171875
0 0.415625 0.1171875 0.015625 0.02109375
0 0.59140625 0.0140625 0.0109375 0.015625
0 0.5546875 0.01953125 0.009375 0.015625
0 0.31640625 0.04140625 0.01171875 0.02109375
0 0.6796875 0.02890625 0.01171875 0.01796875
0 0.27109375 0.0546875 0.0125 0.015625
0 0.50390625 0.0421875 0.009375 0.0171875
0 0.54375 0.00625 0.009375 0.01171875
0 0.16875 0.03515625 0.01171875 0.015625
0 0.6703125 0.1203125 0.01484375 0.025
0 0.85625 0.025 0.01171875 0.01796875
0 0.52109375 0.0296875 0.0109375 0.0140625
0 0.71171875 0.04296875 0.0109375 0.01796875
0 0.66484375 0.0640625 0.0140625 0.01796875
0 0.64296875 0.06640625 0.0125 0.01796875
0 0.215625 0.065625 0.0125 0.0171875
0 0.728125 0.00546875 0.01171875 0.01015625
0 0.69375 0.00546875 0.01171875 0.01015625
0 0.884375 0.021875 0.0125 0.02109375
0 0.70390625 0.0171875 0.0109375 0.015625
0 0.3703125 0.07578125 0.0125 0.02109375
0 0.603125 0.0421875 0.01171875 0.0171875
0 0.54140625 0.01953125 0.0109375 0.015625
0 0.4953125 0.0171875 0.0109375 0.0171875
0 0.53203125 0.00546875 0.0109375 0.01015625