0 0.38125 0.06796875 0.01484375 0.0234375
0 0.6203125 0.06875 0.01640625 0.02578125
0 0.11328125 0.4765625 0.0390625 0.05703125
0 0.6703125 0.1125 0.021875 0.0328125
0 0.98671875 0.10390625 0.02265625 0.03359375
0 0.87109375 0.0484375 0.0171875 0.02734375
0 0.078125 0.03203125 0.0140625 0.01953125
0 0.87890625 0.18046875 0.025 0.0375
0 0.18125 0.59296875 0.0453125 0.0640625
0 0.35078125 0.06875 0.01484375 0.0234375
0 0.27109375 0.28203125 0.03046875 0.0375
0 0.3140625 0.415625 0.0296875 0.0453125
0 0.81640625 0.01171875 0.015625 0.0234375
0 0.74375 0.08203125 0.01875 0.03125
0 0.821875 0.04921875 0.01640625 0.02578125
0 0.990625 0.18046875 0.0171875 0.0375
0 0.05078125 0.18828125 0.021875 0.0328125
0 0.034375 0.16171875 0.0203125 0.02578125
0 0.05625 0.2328125 0.02734375 0.0375
0 0.18828125 0.2046875 0.025 0.03515625
0 0.1234375 0.28515625 0.03125 0.04140625
0 0.609375 0.3734375 0.0296875 0.0453125
0 0.80234375 0.01875 0.01484375 0.01953125
0 0.7953125 0.16171875 0.021875 0.03671875
0 0.71953125 0.09765625 0.021875 0.03359375
0 0.11484375 0.0515625 0.01484375 0.021875
0 0.040625 0.09296875 0.01640625 0.025
0 0.06875 0.1546875 0.01875 0.02578125
0 0.915625 0.09765625 0.02265625 0.03359375
0 0.790625 0.0375 0.015625 0.025
0 0.35625 0.17578125 0.01953125 0.02890625
0 0.921875 0.03671875 0.01953125 0.02578125
0 0.690625 0.709375 0.0671875 0.09140625
0 0.0078125 0.1171875 0.015625 0.02578125
0 0.728125 0.0515625 0.01875 0.02734375
0 0.0609375 0.0484375 0.01484375 0.01953125
0 0.4109375 0.159375 0.0171875 0.02734375
0 0.9046875 0.05390625 0.01953125 0.0296875
0 0.15 0.16953125 0.0171875 0.02890625
0 0.26875 0.44453125 0.03046875 0.04296875
0 0.7625 0.04140625 0.01640625 0.02890625
0 0.2171875 0.0484375 0.0140625 0.02109375
0 0.0953125 0.05546875 0.01484375 0.025
0 0.8453125 0.00703125 0.0171875 0.0140625
0 0.4671875 0.02421875 0.0140625 0.025
0 0.0921875 0.1453125 0.01640625 0.025
0 0.825 0.4421875 0.0421875 0.05859375
0 0.00625 0.0515625 0.0125 0.021875
0 0.69609375 0.0953125 0.0203125 0.03359375
0 0.45859375 0.1234375 0.01875 0.0296875
0 0.28203125 0.35 0.028125 0.0390625
0 0.46796875 0.31640625 0.0203125 0.03125
0 0.11796875 0.15390625 0.01875 0.02578125
0 0.103125 0.021875 0.0140625 0.01796875
0 0.18984375 0.0515625 0.01484375 0.021875
0 0.634375 0.0328125 0.01640625 0.02890625
0 0.98828125 0.14375 0.021875 0.0328125
0 0.12890625 0.84921875 0.071875 0.10703125
0 0.07109375 0.0765625 0.01484375 0.021875
0 0.77109375 0.0078125 0.01484375 0.015625
0 0.13203125 0.24375 0.028125 0.0328125
0 0.0921875 0.24765625 0.01875 0.02578125
0 0.9171875 0.81171875 0.0796875 0.11328125
0 0.046875 0.0171875 0.0140625 0.01796875
0 0.6765625 0.6140625 0.053125 0.06875
0 0.6359375 0.18046875 0.0171875 0.0296875
0 0.84140625 0.1421875 0.02265625 0.0375
0 0.2078125 0.07578125 0.0171875 0.02109375
0 0.9328125 0.06875 0.021875 0.0328125
0 0.19375 0.14375 0.01875 0.0296875
0 0.140625 0.03125 0.0140625 0.0234375
0 0.53984375 0.01796875 0.0140625 0.0234375
0 0.3140625 0.084375 0.01640625 0.02578125
0 0.28515625 0.08203125 0.015625 0.0234375
0 0.70390625 0.00703125 0.015625 0.0140625
0 0.9375 0.009375 0.01875 0.01875
0 0.21640625 0.00625 0.01484375 0.01171875
0 0.00703125 0.2046875 0.0140625 0.0328125
0 0.44765625 0.3109375 0.0203125 0.03125
0 0.3265625 0.165625 0.0171875 0.025
0 0.16875 0.03046875 0.0140625 0.01953125
0 0.8640625 0.0875 0.02265625 0.03671875
0 0.665625 0.00625 0.01484375 0.01171875
0 0.990625 0.03671875 0.01484375 0.03125
0 0.040625 0.1296875 0.01640625 0.025
0 0.21484375 0.15390625 0.0171875 0.02578125
0 0.146875 0.05625 0.01484375 0.021875
0 0.0265625 0.03671875 0.0140625 0.02109375
0 0.5765625 0.07265625 0.015625 0.02890625
0 0.25390625 0.00625 0.0140625 0.01171875
0 0.6828125 0.00625 0.01484375 0.01171875
0 0.17734375 0.09140625 0.01640625 0.0234375
0 0.7453125 0.00859375 0.01484375 0.0171875
0 0.840625 0.0890625 0.01875 0.025
0 0.43203125 0.03125 0.01484375 0.0234375
0 0.61875 0.00625 0.01484375 0.01171875
0 0.32734375 0.00859375 0.015625 0.0171875
0 0.0796875 0.00625 0.0140625 0.01171875
0 0.009375 0.24296875 0.01875 0.0375
0 0.0046875 0.0171875 0.00859375 0.01953125
0 0.196875 0.02890625 0.01484375 0.02109375
0 0.73984375 0.1671875 0.01875 0.0328125
0 0.87734375 0.3765625 0.02421875 0.03359375
0 0.0140625 0.00625 0.0125 0.0125
0 0.759375 0.13125 0.0171875 0.0296875
0 0.0265625 0.28515625 0.0265625 0.04140625
0 0.6828125 0.5625 0.01953125 0.03125
0 0.03203125 0.00859375 0.0140625 0.0171875
0 0.43046875 0.13515625 0.0171875 0.02890625
0 0.2 0.29765625 0.02421875 0.0375
0 0.28125 0.0140625 0.0140625 0.01796875
0 0.10859375 0.08203125 0.0171875 0.0234375
0 0.0046875 0.16171875 0.009375 0.02578125
0 0.940625 0.2796875 0.025 0.0390625
0 0.5640625 0.0484375 0.01484375 0.0234375
0 0.6796875 0.03125 0.015625 0.0234375
0 0.75625 0.97421875 0.075 0.04921875
0 0.24609375 0.01953125 0.0140625 0.01796875
0 0.4484375 0.234375 0.021875 0.02578125
0 0.96953125 0.00546875 0.0171875 0.01015625
0 0.7078125 0.04296875 0.01484375 0.0234375
0 0.15703125 0.0796875 0.01640625 0.025
0 0.2765625 0.05703125 0.015625 0.02109375
0 0.30546875 0.06171875 0.01484375 0.01953125
0 0.9328125 0.18828125 0.0265625 0.0296875
0 0.5578125 0.02578125 0.0140625 0.02109375
0 0.30390625 0.00625 0.0140625 0.01171875
0 0.1859375 0.009375 0.0125 0.01875
0 0.58203125 0.11796875 0.015625 0.025
0 0.17109375 0.06015625 0.01484375 0.02109375
0 0.9421875 0.23671875 0.034375 0.0546875
0 0.71953125 0.00625 0.0140625 0.01171875
0 0.95390625 0.04375 0.0171875 0.025