0 0.728125 0.703125 0.01875 0.03203125
0 0.49296875 0.915625 0.06171875 0.11328125
0 0.6453125 0.7671875 0.0234375 0.03984375
0 0.60234375 0.72890625 0.02421875 0.04296875
0 0.4328125 0.8078125 0.0359375 0.06171875
0 0.76640625 0.78984375 0.03046875 0.053125
0 0.73671875 0.77421875 0.02421875 0.04296875
0 0.659375 0.70859375 0.0171875 0.03671875
0 0.10078125 0.7734375 0.0453125 0.06875
0 0.78515625 0.853125 0.0375 0.05546875
0 0.3109375 0.81640625 0.040625 0.0765625
0 0.27109375 0.79375 0.03203125 0.05703125
0 0.946875 0.71875 0.01875 0.03046875
0 0.23125 0.9 0.04765625 0.07890625
0 0.62578125 0.8109375 0.0328125 0.0515625
0 0.0140625 0.7671875 0.02734375 0.06875
0 0.4640625 0.72265625 0.03125 0.05546875
0 0.603125 0.89140625 0.0453125 0.0734375
0 0.70625 0.8734375 0.03203125 0.06171875
0 0.55546875 0.7390625 0.028125 0.0484375
0 0.1015625 0.69609375 0.02734375 0.03828125
0 0.690625 0.69609375 0.01640625 0.0296875
0 0.2 0.7015625 0.025 0.03359375
0 0.3796875 0.73984375 0.028125 0.053125
0 0.36875 0.89765625 0.05 0.08671875
0 0.18046875 0.84453125 0.0515625 0.08203125
0 0.59453125 0.6875 0.0171875 0.0234375
0 0.853125 0.95390625 0.06328125 0.08984375
0 0.9234375 0.77421875 0.02734375 0.0515625
0 0.1875 0.96796875 0.0703125 0.06171875
0 0.69453125 0.78515625 0.0296875 0.03046875
0 0.896875 0.79375 0.03125 0.06015625
0 0.17421875 0.70625 0.02421875 0.03203125
0 0.728125 0.96640625 0.0671875 0.06484375
0 0.2765625 0.7265625 0.034375 0.046875
0 0.228125 0.69609375 0.01875 0.03515625
0 0.24921875 0.7015625 0.02421875 0.0453125
0 0.4234375 0.93828125 0.0546875 0.1
0 0.7671875 0.7171875 0.021875 0.03359375
0 0.425 0.74296875 0.0265625 0.03203125
0 0.22578125 0.79765625 0.0453125 0.06171875
0 0.1953125 0.75 0.0390625 0.053125
0 0.6390625 0.71484375 0.0171875 0.03203125
0 0.759375 0.9 0.0546875 0.0703125
0 0.0578125 0.65546875 0.01484375 0.01875
0 0.82734375 0.77421875 0.0265625 0.04296875
0 0.33046875 0.66640625 0.01640625 0.0203125
0 0.85078125 0.71328125 0.01953125 0.0296875
0 0.56875 0.6859375 0.02421875 0.03203125
0 0.5203125 0.734375 0.028125 0.046875
0 0.3453125 0.75 0.028125 0.0296875
0 0.52421875 0.8109375 0.04375 0.0484375
0 0.0515625 0.69453125 0.01953125 0.03203125
0 0.63984375 0.68203125 0.0140625 0.025
0 0.009375 0.7078125 0.01875 0.03125
0 0.2421875 0.66328125 0.0140625 0.01875
0 0.678125 0.6703125 0.01171875 0.01875
0 0.065625 0.8734375 0.05625 0.10546875
0 0.8421875 0.6765625 0.0125 0.0234375
0 0.6953125 0.66484375 0.009375 0.01640625
0 0.76484375 0.66640625 0.01171875 0.01796875
0 0.98359375 0.79375 0.03046875 0.06640625
0 0.19140625 0.66796875 0.0140625 0.0203125
0 0.353125 0.68359375 0.0203125 0.03359375
0 0.07421875 0.7 0.01953125 0.03359375
0 0.61328125 0.67578125 0.015625 0.0234375
0 0.29375 0.665625 0.01875 0.01875
0 0.99140625 0.73125 0.015625 0.03515625
0 0.7078125 0.6765625 0.01171875 0.0203125
0 0.54375 0.65390625 0.01171875 0.01640625
0 0.4640625 0.66328125 0.015625 0.021875
0 0.965625 0.6984375 0.0125 0.021875
0 0.31328125 0.69453125 0.01953125 0.03203125
0 0.61328125 0.96953125 0.0703125 0.05859375
0 0.71171875 0.81328125 0.03203125 0.03828125
0 0.85625 0.66796875 0.0109375 0.01484375
0 0.44296875 0.66796875 0.01484375 0.0234375
0 0.89609375 0.66796875 0.0109375 0.01484375
0 0.7796875 0.66640625 0.009375 0.01484375
0 0.1328125 0.74453125 0.0234375 0.05859375
0 0.92578125 0.72109375 0.0171875 0.0265625
0 0.12890625 0.65546875 0.0140625 0.01640625
0 0.1421875 0.69609375 0.0234375 0.0296875
0 0.7203125 0.675 0.0140625 0.01875
0 0.290625 0.6921875 0.02265625 0.025
0 0.79609375 0.68046875 0.0125 0.01875
0 0.8203125 0.671875 0.009375 0.01640625
0 0.92734375 0.69375 0.0125 0.01875
0 0.9328125 0.6578125 0.00859375 0.01484375
0 0.38125 0.6875 0.01953125 0.0234375
0 0.41875 0.65546875 0.01171875 0.01640625
0 0.4046875 0.71640625 0.02421875 0.046875
0 0.88125 0.66640625 0.0109375 0.01484375
0 0.84296875 0.65234375 0.00703125 0.01328125
0 0.82734375 0.690625 0.01484375 0.025
0 0.5375 0.6859375 0.01640625 0.0234375
0 0.38125 0.64375 0.0109375 0.01328125
0 0.91953125 0.66796875 0.0109375 0.01484375
0 0.315625 0.65234375 0.0125 0.01796875
0 0.51484375 0.68359375 0.01484375 0.021875
0 0.34140625 0.6453125 0.0109375 0.01328125
0 0.49296875 0.65390625 0.0109375 0.01328125
0 0.3578125 0.64375 0.009375 0.01328125
0 0.49375 0.67578125 0.01484375 0.0234375
0 0.78828125 0.7078125 0.01484375 0.0265625
0 0.4328125 0.64375 0.0109375 0.01328125
0 0.39609375 0.640625 0.0109375 0.01484375
0 0.5578125 0.79765625 0.02734375 0.04140625
0 0.5578125 0.65234375 0.0125 0.01796875
0 0.88125 0.6890625 0.01484375 0.021875
0 0.8078125 0.66796875 0.009375 0.01484375
0 0.65703125 0.6765625 0.0140625 0.01796875
0 0.63125 0.65390625 0.00859375 0.01328125
0 0.57890625 0.6578125 0.0140625 0.01796875
0 0.59453125 0.65390625 0.0109375 0.01640625
0 0.4703125 0.64375 0.0109375 0.01328125
0 0.90703125 0.66796875 0.00859375 0.01171875
0 0.17734375 0.64375 0.0109375 0.01640625
0 0.7828125 0.68359375 0.0140625 0.01875
0 0.11796875 0.6421875 0.0109375 0.01640625
0 0.0796875 0.65234375 0.0140625 0.01875
0 0.403125 0.6703125 0.0140625 0.01875
0 0.70546875 0.64375 0.00703125 0.01328125
0 0.5203125 0.66484375 0.01171875 0.01328125
0 0.82734375 0.65390625 0.00859375 0.01328125
0 0.97890625 0.66796875 0.0109375 0.01484375
0 0.20859375 0.65390625 0.0125 0.01640625
0 0.95546875 0.678125 0.0125 0.01796875
0 0.9578125 0.6578125 0.009375 0.01484375
0 0.03203125 0.68359375 0.015625 0.025
0 0.0203125 0.89765625 0.03984375 0.1015625
0 0.7453125 0.64375 0.009375 0.01328125
0 0.65703125 0.65390625 0.009375 0.01328125
0 0.390625 0.66328125 0.01171875 0.01875
0 0.153125 0.65390625 0.0125 0.01640625
0 0.0359375 0.66015625 0.0140625 0.01875
0 0.48046875 0.66484375 0.01171875 0.01640625
0 0.45703125 0.64375 0.009375 0.01328125
0 0.7171875 0.64375 0.0078125 0.01328125
0 0.7328125 0.66640625 0.009375 0.01796875
0 0.98359375 0.690625 0.0140625 0.01640625
0 0.0078125 0.68046875 0.015625 0.021875
0 0.6203125 0.65390625 0.009375 0.01328125
0 0.1390625 0.671875 0.015625 0.021875
0 0.94375 0.65625 0.00859375 0.01484375
0 0.96796875 0.66640625 0.00703125 0.01484375
0 0.4828125 0.64375 0.0109375 0.01328125
0 0.73125 0.64375 0.00859375 0.01328125
0 0.25625 0.65234375 0.0109375 0.01796875
0 0.90546875 0.65390625 0.00703125 0.01015625
0 0.68125 0.64375 0.00703125 0.01328125
0 0.88203125 0.64375 0.0078125 0.01015625
0 0.99453125 0.66796875 0.00859375 0.01484375
0 0.26875 0.66796875 0.01484375 0.0234375
0 0.10625 0.66328125 0.015625 0.01640625
0 0.69375 0.64375 0.00703125 0.01328125
0 0.28046875 0.65234375 0.0125 0.01328125
0 0.81796875 0.65390625 0.00703125 0.01328125
0 0.21328125 0.67578125 0.01484375 0.0234375
0 0.07265625 0.66953125 0.01484375 0.0203125
0 0.98125 0.8875 0.0359375 0.0984375
0 0.85625 0.64375 0.00703125 0.01015625
0 0.90625 0.64375 0.0078125 0.01015625
0 0.86953125 0.6703125 0.0109375 0.01328125
0 0.89296875 0.65390625 0.00703125 0.01328125
0 0.5171875 0.64375 0.0109375 0.01328125
0 0.71953125 0.65625 0.009375 0.01484375
0 0.50390625 0.65390625 0.009375 0.01328125
0 0.86796875 0.6421875 0.00703125 0.01015625
0 0.93046875 0.64140625 0.00625 0.00859375
0 0.79375 0.64375 0.00703125 0.01015625
0 0.6078125 0.65390625 0.009375 0.01328125
0 0.36953125 0.64375 0.00859375 0.01328125
0 0.64296875 0.6578125 0.00859375 0.01484375
0 0.91875 0.64140625 0.00703125 0.00859375
0 0.1234375 0.678125 0.01640625 0.0203125
0 0.7625 0.690625 0.0125 0.01875
0 0.70546875 0.65625 0.00859375 0.01484375
0 0.79375 0.65625 0.0078125 0.01171875
0 0.94375 0.64375 0.00703125 0.01015625
0 0.0046875 0.65234375 0.00859375 0.021875
0 0.74765625 0.71328125 0.01484375 0.0234375
0 0.76796875 0.64375 0.00703125 0.01328125
0 0.9046875 0.7375 0.0171875 0.025
0 0.9046875 0.6890625 0.01171875 0.01875
0 0.7796875 0.64375 0.0078125 0.01015625
0 0.93984375 0.68046875 0.0125 0.01640625
0 0.684375 0.72265625 0.01484375 0.0265625
0 0.80546875 0.6421875 0.00703125 0.01015625
0 0.0703125 0.978125 0.103125 0.04140625
0 0.8375 0.6375 0.0078125 0.00859375
0 0.890625 0.71875 0.01953125 0.025
0 0.16328125 0.7515625 0.025 0.046875
0 0.95546875 0.64375 0.00703125 0.00703125
0 0.90859375 0.71015625 0.0125 0.021875
0 0.96796875 0.64140625 0.00703125 0.00859375
0 0.99375 0.64375 0.00703125 0.01328125
0 0.33046875 0.6453125 0.00859375 0.01328125
0 0.040625 0.64375 0.01171875 0.01328125
0 0.98125 0.64375 0.00703125 0.01015625
0 0.86796875 0.6296875 0.00625 0.00625
0 0.1640625 0.67578125 0.021875 0.0234375
0 0.2921875 0.64765625 0.0109375 0.01484375
0 0.3109375 0.74296875 0.0265625 0.03203125
0 0.934375 0.96015625 0.0484375 0.0765625
0 0.865625 0.77421875 0.0203125 0.046875
0 0.1046875 0.6453125 0.0109375 0.01328125
0 0.746875 0.6765625 0.01484375 0.0203125
0 0.57734375 0.83515625 0.03203125 0.05859375
0 0.353125 0.78828125 0.03046875 0.053125
0 0.665625 0.64375 0.0078125 0.01015625
0 0.88203125 0.6296875 0.00625 0.00625
0 0.196875 0.64375 0.0109375 0.01328125