0 0.49296875 0.2015625 0.02265625 0.0390625
0 0.17421875 0.5921875 0.04765625 0.07265625
0 0.378125 0.346875 0.03984375 0.0640625
0 0.07734375 0.0625 0.01953125 0.02578125
0 0.5546875 0.07890625 0.021875 0.03515625
0 0.10859375 0.18515625 0.025 0.0390625
0 0.78125 0.18125 0.0234375 0.0390625
0 0.7421875 0.0875 0.0234375 0.03515625
0 0.59921875 0.178125 0.0203125 0.03359375
0 0.228125 0.0875 0.01953125 0.03125
0 0.42109375 0.075 0.01875 0.025
0 0.065625 0.25546875 0.034375 0.04453125
0 0.496875 0.15625 0.02421875 0.03671875
0 0.21953125 0.66328125 0.0625 0.0921875
0 0.63359375 0.1109375 0.0203125 0.0328125
0 0.87890625 0.7875 0.07421875 0.10546875
0 0.73125 0.01171875 0.0171875 0.0234375
0 0.5328125 0.20625 0.02734375 0.04296875
0 0.80703125 0.0765625 0.02265625 0.0328125
0 0.178125 0.0796875 0.0203125 0.0328125
0 0.57734375 0.25625 0.028125 0.04296875
0 0.3796875 0.0984375 0.02265625 0.0296875
0 0.41796875 0.04453125 0.0171875 0.02578125
0 0.9625 0.03203125 0.01875 0.0296875
0 0.8390625 0.2421875 0.0265625 0.0390625
0 0.56484375 0.0125 0.01875 0.025
0 0.284375 0.11796875 0.02421875 0.0375
0 0.146875 0.08046875 0.01875 0.02578125
0 0.1390625 0.11875 0.0234375 0.0375
0 0.4890625 0.0109375 0.0171875 0.021875
0 0.61328125 0.021875 0.0171875 0.03125
0 0.4453125 0.06171875 0.021875 0.0328125
0 0.37578125 0.034375 0.0171875 0.02734375
0 0.52421875 0.03203125 0.01640625 0.02734375
0 0.7046875 0.7015625 0.06875 0.09765625
0 0.30234375 0.00625 0.01640625 0.01171875
0 0.446875 0.02265625 0.01953125 0.02734375
0 0.6453125 0.046875 0.01953125 0.02890625
0 0.11171875 0.14765625 0.02265625 0.025
0 0.690625 0.125 0.02265625 0.03125
0 0.3546875 0.0421875 0.01484375 0.025
0 0.26640625 0.01796875 0.01484375 0.0234375
0 0.71953125 0.171875 0.02265625 0.03671875
0 0.21953125 0.1375 0.0234375 0.0375
0 0.00703125 0.1203125 0.0140625 0.03515625
0 0.0796875 0.115625 0.01953125 0.03359375
0 0.5296875 0.0078125 0.015625 0.015625
0 0.321875 0.00625 0.01640625 0.01171875
0 0.19765625 0.11875 0.0203125 0.0328125
0 0.08671875 0.0328125 0.01640625 0.0234375
0 0.7 0.0875 0.0203125 0.03125
0 0.21171875 0.06640625 0.01640625 0.02578125
0 0.4796875 0.0796875 0.015625 0.02578125
0 0.63046875 0.009375 0.0171875 0.01875
0 0.734375 0.04453125 0.0171875 0.0234375
0 0.65859375 0.14453125 0.0203125 0.03125
0 0.2453125 0.01328125 0.01484375 0.0234375
0 0.009375 0.3234375 0.01875 0.075
0 0.259375 0.1015625 0.01875 0.03125
0 0.2265625 0.00625 0.015625 0.01171875
0 0.69140625 0.046875 0.0171875 0.02578125
0 0.16171875 0.12421875 0.0203125 0.0328125
0 0.98046875 0.16875 0.0375 0.07421875