0 0.69453125 0.25625 0.015625 0.0234375
0 0.728125 0.30625 0.01640625 0.025
0 0.365625 0.21796875 0.01171875 0.01953125
0 0.54453125 0.36171875 0.0203125 0.03125
0 0.03828125 0.3078125 0.0171875 0.025
0 0.9015625 0.2109375 0.0140625 0.02109375
0 0.8796875 0.2015625 0.0140625 0.02109375
0 0.9390625 0.30546875 0.02265625 0.0328125
0 0.8640625 0.15546875 0.0140625 0.01953125
0 0.9609375 0.2921875 0.021875 0.0328125
0 0.84453125 0.15078125 0.01171875 0.01796875
0 0.1703125 0.35078125 0.0171875 0.0296875
0 0.17265625 0.2671875 0.015625 0.01953125
0 0.1390625 0.28046875 0.015625 0.025
0 0.103125 0.3609375 0.01953125 0.02734375
0 0.6234375 0.3234375 0.0203125 0.0296875
0 0.8078125 0.3453125 0.02265625 0.03359375
0 0.6515625 0.16796875 0.0109375 0.01796875
0 0.40859375 0.36171875 0.01875 0.02578125
0 0.6703125 0.3 0.021875 0.0296875
0 0.44375 0.26640625 0.01484375 0.021875
0 0.7796875 0.18828125 0.01171875 0.01953125
0 0.84921875 0.31953125 0.0203125 0.0328125
0 0.659375 0.21796875 0.0140625 0.01953125
0 0.3421875 0.34296875 0.015625 0.025
0 0.00625 0.31171875 0.01171875 0.025
0 0.1625 0.3234375 0.01640625 0.021875
0 0.859375 0.18203125 0.01171875 0.01796875
0 0.5890625 0.36171875 0.01953125 0.03125
0 0.3875 0.2140625 0.0125 0.01953125
0 0.91484375 0.1734375 0.01171875 0.01796875
0 0.5578125 0.196875 0.0125 0.0171875
0 0.81640625 0.21640625 0.01171875 0.02109375
0 0.70703125 0.16875 0.0140625 0.0171875
0 0.50546875 0.22890625 0.0125 0.01796875
0 0.2875 0.33203125 0.01640625 0.02578125
0 0.33046875 0.3171875 0.01484375 0.021875
0 0.35078125 0.25625 0.0140625 0.0234375
0 0.1203125 0.29453125 0.01640625 0.02578125
0 0.58046875 0.23828125 0.01484375 0.01796875
0 0.915625 0.2375 0.01484375 0.01953125
0 0.853125 0.21953125 0.0125 0.01953125
0 0.5078125 0.2671875 0.015625 0.01953125
0 0.88984375 0.9625 0.0953125 0.071875
0 0.415625 0.2015625 0.01171875 0.01953125
0 0.721875 0.23828125 0.01484375 0.02109375
0 0.665625 0.32890625 0.01640625 0.025
0 0.3390625 0.2109375 0.01171875 0.015625
0 0.44375 0.38125 0.01875 0.0296875
0 0.78203125 0.1296875 0.0109375 0.0171875
0 0.71953125 0.11796875 0.009375 0.0140625
0 0.95703125 0.14296875 0.009375 0.01328125
0 0.73359375 0.2703125 0.01484375 0.021875
0 0.66875 0.13125 0.0109375 0.01328125
0 0.35078125 0.29140625 0.01484375 0.0234375
0 0.621875 0.17421875 0.0140625 0.01796875
0 0.43828125 0.19921875 0.01171875 0.01796875
0 0.46953125 0.25 0.0140625 0.0234375
0 0.4640625 0.37578125 0.0171875 0.0296875
0 0.903125 0.259375 0.01484375 0.025
0 0.34453125 0.23046875 0.0140625 0.01796875
0 0.73125 0.1609375 0.0109375 0.0171875
0 0.1953125 0.31796875 0.015625 0.02578125
0 0.5296875 0.2015625 0.01171875 0.01796875
0 0.75390625 0.11875 0.009375 0.01328125
0 0.4828125 0.1953125 0.0140625 0.01796875
0 0.9265625 0.26640625 0.0171875 0.0296875
0 0.67734375 0.1625 0.0125 0.01796875
0 0.08125 0.29921875 0.01484375 0.01796875
0 0.41328125 0.25390625 0.0140625 0.02109375
0 0.515625 0.20703125 0.0140625 0.01796875
0 0.765625 0.17265625 0.01171875 0.0171875
0 0.790625 0.1484375 0.0109375 0.015625
0 0.884375 0.17265625 0.01171875 0.01953125
0 0.3609375 0.44453125 0.0171875 0.025
0 0.846875 0.18203125 0.0140625 0.01796875
0 0.4296875 0.271875 0.0140625 0.0234375
0 0.490625 0.2609375 0.0125 0.021875
0 0.984375 0.1546875 0.01171875 0.01796875
0 0.8703125 0.3265625 0.01953125 0.0328125
0 0.99296875 0.1296875 0.0109375 0.0140625
0 0.98125 0.13125 0.00859375 0.01328125
0 0.8046875 0.128125 0.009375 0.0140625
0 0.4703125 0.225 0.0140625 0.01796875
0 0.415625 0.225 0.0125 0.01953125
0 0.9328125 0.14765625 0.0109375 0.0171875
0 0.7453125 0.18125 0.01171875 0.0171875
0 0.3671875 0.2453125 0.0140625 0.021875
0 0.5296875 0.259375 0.015625 0.021875
0 0.29765625 0.25625 0.015625 0.01953125
0 0.5234375 0.2328125 0.0140625 0.01953125
0 0.70546875 0.19296875 0.0125 0.01796875
0 0.98125 0.0921875 0.00703125 0.0078125
0 0.3109375 0.21328125 0.01171875 0.01796875
0 0.55546875 0.2140625 0.0140625 0.01953125
0 0.65703125 0.13203125 0.009375 0.0140625
0 0.33125 0.2296875 0.01171875 0.0171875
0 0.7828125 0.165625 0.0109375 0.0171875
0 0.46015625 0.1828125 0.0140625 0.01953125
0 0.94453125 0.13046875 0.009375 0.01328125
0 0.4421875 0.3109375 0.01484375 0.01953125
0 0.8921875 0.0921875 0.00625 0.0078125
0 0.91875 0.0921875 0.00703125 0.0078125
0 0.6546875 0.0953125 0.00859375 0.01328125
0 0.88125 0.0921875 0.00703125 0.0078125
0 0.6703125 0.09453125 0.009375 0.01171875
0 0.79375 0.10703125 0.0078125 0.01328125
0 0.4953125 0.2046875 0.0125 0.0171875
0 0.6828125 0.10546875 0.009375 0.01328125
0 0.48671875 0.3421875 0.01875 0.02734375
0 0.69453125 0.13046875 0.009375 0.01328125
0 0.49296875 0.18125 0.0109375 0.01328125
0 0.0125 0.43125 0.01953125 0.0296875
0 0.7078125 0.11875 0.00859375 0.01328125
0 0.2953125 0.2171875 0.0140625 0.0171875
0 0.94375 0.0796875 0.00703125 0.00625
0 0.6453125 0.10390625 0.00859375 0.01328125
0 0.99296875 0.09296875 0.00859375 0.01171875
0 0.90625 0.09296875 0.0078125 0.00625
0 0.315625 0.240625 0.0125 0.01796875
0 0.7421875 0.14453125 0.01171875 0.01328125
0 0.95546875 0.09296875 0.00703125 0.01171875
0 0.95546875 0.0796875 0.00703125 0.0078125
0 0.8515625 0.2375 0.015625 0.0171875
0 0.446875 0.40546875 0.0171875 0.025
0 0.94375 0.09375 0.00703125 0.0078125
0 0.92265625 0.21171875 0.0140625 0.01953125
0 0.89296875 0.15078125 0.0109375 0.01796875
0 0.99296875 0.10625 0.00859375 0.01171875
0 0.3328125 0.2671875 0.0140625 0.01953125
0 0.38984375 0.25390625 0.0140625 0.02109375