0 0.48359375 0.59765625 0.02734375 0.0484375
0 0.94609375 0.61796875 0.02734375 0.05234375
0 0.2234375 0.01875 0.0171875 0.0375
0 0.7453125 0.3015625 0.0203125 0.04140625
0 0.91015625 0.70234375 0.0296875 0.0484375
0 0.2890625 0.5109375 0.02734375 0.0484375
0 0.5671875 0.1609375 0.01484375 0.0375
0 0.1359375 0.27890625 0.02734375 0.04140625
0 0.60390625 0.0765625 0.0171875 0.04140625
0 0.5046875 0.7171875 0.025 0.0484375
0 0.46640625 0.01484375 0.0171875 0.0296875
0 0.84140625 0.08203125 0.02265625 0.0375
0 0.0609375 0.575 0.0328125 0.05625
0 0.82734375 0.03359375 0.0203125 0.0453125
0 0.38359375 0.159375 0.02265625 0.03359375
0 0.0578125 0.4984375 0.025 0.05234375
0 0.3640625 0.51328125 0.02734375 0.05234375
0 0.1 0.69453125 0.0296875 0.06328125
0 0.67734375 0.16640625 0.0203125 0.04140625
0 0.3765625 0.6796875 0.0328125 0.05625
0 0.8890625 0.61796875 0.02734375 0.05234375
0 0.7296875 0.0765625 0.0203125 0.04140625
0 0.36640625 0.39921875 0.02265625 0.04140625
0 0.2625 0.67421875 0.03515625 0.06015625
0 0.41484375 0.5546875 0.0296875 0.05234375
0 0.18359375 0.265625 0.02734375 0.0453125
0 0.08125 0.2171875 0.02265625 0.0453125
0 0.46484375 0.29375 0.0203125 0.04140625
0 0.1703125 0.4984375 0.0296875 0.05234375
0 0.5671875 0.24375 0.0203125 0.0453125
0 0.4875 0.90625 0.0296875 0.06015625
0 0.8171875 0.36484375 0.0203125 0.0484375
0 0.84765625 0.8015625 0.03515625 0.05234375
0 0.51640625 0.8 0.0328125 0.05625
0 0.43125 0.11796875 0.0171875 0.04140625
0 0.27734375 0.603125 0.0296875 0.05234375
0 0.55234375 0.51875 0.0203125 0.0484375
0 0.23515625 0.42890625 0.0296875 0.04140625
0 0.4671875 0.79375 0.03515625 0.05234375
0 0.34375 0.35 0.02265625 0.0484375
0 0.1953125 0.140625 0.0203125 0.04140625
0 0.42890625 0.0546875 0.02265625 0.04140625
0 0.44765625 0.6875 0.0296875 0.05625
0 0.225 0.50546875 0.03515625 0.05234375
0 0.42109375 0.309375 0.02734375 0.04140625
0 0.82890625 0.8859375 0.0328125 0.05625
0 0.58359375 0.11796875 0.02265625 0.04140625
0 0.43125 0.61015625 0.02734375 0.05234375
0 0.76015625 0.66640625 0.0296875 0.06015625
0 0.6453125 0.215625 0.025 0.04140625
0 0.30859375 0.35546875 0.02265625 0.0453125
0 0.5875 0.01875 0.0203125 0.0375
0 0.7875 0.3578125 0.025 0.0484375
0 0.55 0.01484375 0.0203125 0.0296875
0 0.61015625 0.42109375 0.025 0.0484375
0 0.4671875 0.12578125 0.01484375 0.04140625
0 0.4203125 0.90078125 0.03515625 0.06328125
0 0.03515625 0.0203125 0.0203125 0.040625
0 0.43515625 0.23046875 0.0203125 0.04140625
0 0.8921875 0.06953125 0.0203125 0.04140625
0 0.4890625 0.16640625 0.02265625 0.04140625
0 0.3953125 0.06171875 0.0203125 0.03359375
0 0.6203125 0.79375 0.025 0.05234375
0 0.3296875 0.103125 0.025 0.03359375
0 0.9203125 0.1328125 0.0203125 0.04140625
0 0.2484375 0.34296875 0.02734375 0.0484375
0 0.9359375 0.91171875 0.0328125 0.05625
0 0.06015625 0.27890625 0.0296875 0.0484375
0 0.91640625 0.06015625 0.0171875 0.0375
0 0.53125 0.25078125 0.02265625 0.0375
0 0.96015625 0.38359375 0.025 0.0484375
0 0.63984375 0.11796875 0.0203125 0.04140625
0 0.82890625 0.6875 0.0328125 0.05625
0 0.8984375 0.4421875 0.02734375 0.05234375
0 0.62734375 0.58984375 0.025 0.0484375
0 0.11484375 0.490625 0.0296875 0.06015625
0 0.45625 0.56171875 0.02265625 0.0453125
0 0.5328125 0.36484375 0.025 0.04140625
0 0.3578125 0.90078125 0.0296875 0.05625
0 0.50625 0.103125 0.0171875 0.04140625
0 0.45859375 0.50390625 0.02734375 0.0484375
0 0.6359375 0.3578125 0.02265625 0.0484375
0 0.4859375 0.22265625 0.02265625 0.04140625
0 0.2625 0.09765625 0.025 0.0375
0 0.9875 0.44921875 0.0203125 0.0453125
0 0.38515625 0.0203125 0.0203125 0.03359375
0 0.23125 0.3015625 0.02734375 0.04140625
0 0.1234375 0.575 0.0328125 0.06328125
0 0.3484375 0.59765625 0.0328125 0.05625
0 0.35234375 0.046875 0.0203125 0.03359375
0 0.75625 0.59765625 0.02734375 0.0484375
0 0.9640625 0.2375 0.02734375 0.04140625
0 0.4578125 0.34296875 0.025 0.04140625
0 0.65 0.309375 0.025 0.04140625
0 0.87734375 0.1890625 0.0203125 0.04140625
0 0.1671875 0.709375 0.0296875 0.05625
0 0.5046875 0.31484375 0.0203125 0.0453125
0 0.65859375 0.0765625 0.02265625 0.04140625
0 0.5265625 0.16640625 0.02265625 0.04140625
0 0.6484375 0.03359375 0.02265625 0.0375
0 0.7328125 0.12578125 0.0203125 0.03359375
0 0.94140625 0.0265625 0.0171875 0.0375
0 0.6015625 0.17421875 0.02734375 0.04140625
0 0.71015625 0.90078125 0.0296875 0.05625
0 0.69609375 0.075 0.0171875 0.0375
0 0.2796875 0.14609375 0.0203125 0.0375
0 0.81484375 0.5953125 0.025 0.05234375
0 0.93359375 0.378125 0.0171875 0.0453125
0 0.1296875 0.196875 0.025 0.0484375
0 0.2125 0.0953125 0.0203125 0.04140625
0 0.3265625 0.6875 0.0328125 0.05625
0 0.9546875 0.19453125 0.0203125 0.0375
0 0.91015625 0.26015625 0.0203125 0.04140625
0 0.5578125 0.6796875 0.025 0.0484375
0 0.80625 0.0765625 0.0171875 0.04140625
0 0.79140625 0.0265625 0.0171875 0.0375
0 0.8 0.2375 0.0203125 0.04140625
0 0.92734375 0.196875 0.0203125 0.04140625
0 0.39765625 0.78828125 0.03515625 0.06328125
0 0.7609375 0.03359375 0.0171875 0.0453125
0 0.5578125 0.434375 0.025 0.05234375
0 0.9671875 0.12578125 0.0203125 0.03359375
0 0.325 0.2734375 0.025 0.0453125
0 0.8453125 0.42890625 0.025 0.0484375
0 0.8640625 0.12578125 0.02265625 0.04140625
0 0.90234375 0.5109375 0.0296875 0.0484375
0 0.0140625 0.25078125 0.02734375 0.05234375
0 0.3328125 0.50546875 0.025 0.05234375
0 0.42734375 0.01328125 0.0203125 0.0265625
0 0.5578125 0.91171875 0.025 0.06328125
0 0.1375 0.140625 0.025 0.04140625
0 0.3875 0.11796875 0.025 0.03359375
0 0.95390625 0.6875 0.0328125 0.0484375
0 0.325 0.209375 0.025 0.0453125
0 0.27734375 0.209375 0.0203125 0.0453125
0 0.5078125 0.37265625 0.0203125 0.04140625
0 0.52265625 0.06171875 0.0203125 0.04140625
0 0.7578125 0.90078125 0.0296875 0.05625
0 0.21484375 0.196875 0.025 0.04140625
0 0.63125 0.6875 0.02734375 0.0484375
0 0.21015625 0.5671875 0.03984375 0.05625
0 0.29765625 0.271875 0.025 0.0484375
0 0.9875 0.321875 0.0203125 0.0453125
0 0.4125 0.2375 0.025 0.0484375
0 0.74375 0.18203125 0.0171875 0.04140625
0 0.3828125 0.23046875 0.0203125 0.03359375
0 0.62109375 0.0203125 0.0171875 0.040625
0 0.05 0.39921875 0.025 0.0484375
0 0.02734375 0.89296875 0.0453125 0.07109375
0 0.675 0.2453125 0.0203125 0.04140625
0 0.6140625 0.25859375 0.02265625 0.0453125
0 0.6890625 0.3859375 0.02265625 0.0453125
0 0.72109375 0.03359375 0.02265625 0.0375
0 0.0875 0.90625 0.03984375 0.075
0 0.24140625 0.1890625 0.0171875 0.04140625
0 0.45390625 0.209375 0.02265625 0.0453125
0 0.2953125 0.78125 0.03515625 0.07109375
0 0.94765625 0.32734375 0.0203125 0.0484375
0 0.2015625 0.80703125 0.0328125 0.06328125
0 0.2765625 0.06171875 0.0171875 0.03359375
0 0.04140625 0.82734375 0.0328125 0.05234375
0 0.75234375 0.42890625 0.025 0.0484375
0 0.8625 0.37265625 0.025 0.0484375
0 0.3875 0.3578125 0.025 0.0484375
0 0.5890625 0.31484375 0.02265625 0.0453125
0 0.59140625 0.89921875 0.0375 0.06015625
0 0.5953125 0.37265625 0.0296875 0.0484375
0 0.0890625 0.28671875 0.02265625 0.0484375
0 0.57109375 0.59765625 0.02734375 0.0484375
0 0.171875 0.0203125 0.025 0.040625
0 0.43359375 0.4140625 0.02265625 0.0484375
0 0.67265625 0.78125 0.0296875 0.05625
0 0.61484375 0.309375 0.0203125 0.0484375
0 0.9890625 0.06953125 0.0171875 0.03359375
0 0.8015625 0.42109375 0.02265625 0.04140625
0 0.5140625 0.22265625 0.0171875 0.04140625
0 0.9890625 0.821875 0.0171875 0.06328125
0 0.69609375 0.1234375 0.0171875 0.0375
0 0.20234375 0.709375 0.0296875 0.05625
0 0.29609375 0.9421875 0.0328125 0.05625
0 0.9546875 0.075 0.0203125 0.0375
0 0.18125 0.33515625 0.02265625 0.0484375
0 0.35625 0.3 0.02734375 0.0453125
0 0.4828125 0.06171875 0.0203125 0.04140625
0 0.7796875 0.13828125 0.0203125 0.0375
0 0.87265625 0.00546875 0.0203125 0.0109375
0 0.6921875 0.0265625 0.01484375 0.0375
0 0.57109375 0.0671875 0.0171875 0.0375
0 0.83359375 0.2171875 0.02265625 0.05234375
0 0.8234375 0.140625 0.0171875 0.03359375
0 0.08125 0.1796875 0.02265625 0.0375
0 0.6296875 0.0765625 0.01484375 0.03359375
0 0.6921875 0.61015625 0.0296875 0.05234375
0 0.6828125 0.29375 0.0203125 0.03359375
0 0.8875 0.309375 0.0203125 0.04140625
0 0.08125 0.0265625 0.02265625 0.0453125
0 0.24765625 0.92734375 0.03984375 0.07109375
0 0.85859375 0.28828125 0.02265625 0.0453125
0 0.0921875 0.13828125 0.0203125 0.0453125
0 0.5375 0.1328125 0.0203125 0.03359375
0 0.3578125 0.0078125 0.025 0.01484375
0 0.91015625 0.98125 0.03984375 0.0296875
0 0.85 0.98515625 0.03984375 0.02265625
0 0.00625 0.4625 0.0125 0.04140625
0 0.66015625 0.90078125 0.0296875 0.06328125
0 0.6421875 0.18203125 0.0203125 0.03359375
0 0.9375 0.06953125 0.01484375 0.04140625
0 0.33515625 0.159375 0.025 0.03359375
0 0.44765625 0.878125 0.025 0.05625
0 0.7109375 0.79375 0.0328125 0.06015625
0 0.94609375 0.5109375 0.02265625 0.04140625
0 0.99140625 0.2359375 0.0125 0.0453125
0 0.7046875 0.23046875 0.0296875 0.04140625
0 0.5375 0.3015625 0.025 0.0484375
0 0.8046875 0.13125 0.01484375 0.0375
0 0.9921875 0.1890625 0.01015625 0.03359375
0 0.5078125 0.00546875 0.0203125 0.0109375
0 0.4953125 0.41953125 0.0203125 0.0453125
0 0.99140625 0.103125 0.0125 0.03359375
0 0.1765625 0.58984375 0.0328125 0.0484375
0 0.55390625 0.3578125 0.0171875 0.04140625
0 0.3859375 0.309375 0.02265625 0.03359375
0 0.32265625 0.01328125 0.0203125 0.0265625
0 0.03984375 0.13125 0.025 0.0453125
0 0.1484375 0.821875 0.0421875 0.07109375
0 0.3203125 0.046875 0.0203125 0.03359375
0 0.40234375 0.6125 0.0296875 0.05625
0 0.9359375 0.24375 0.0171875 0.0375
0 0.2078125 0.91171875 0.0296875 0.06328125
0 0.7140625 0.434375 0.02265625 0.0453125
0 0.2875 0.40625 0.0296875 0.0484375
0 0.7859375 0.78828125 0.0375 0.06328125
0 0.88125 0.225 0.0171875 0.0375
0 0.94140625 0.27890625 0.0171875 0.04140625
0 0.35234375 0.9640625 0.03515625 0.06328125
0 0.29375 0.00546875 0.02265625 0.0109375
0 0.0375 0.2171875 0.025 0.0453125
0 0.0125 0.696875 0.025 0.06015625
0 0.53125 0.5109375 0.02265625 0.03359375
0 0.89375 0.92734375 0.0375 0.05625
0 0.61015625 0.9828125 0.025 0.0265625
0 0.49609375 0.65390625 0.0328125 0.0484375
0 0.2203125 0.2375 0.025 0.04140625
0 0.76640625 0.23046875 0.0171875 0.04140625
0 0.3109375 0.39921875 0.0171875 0.04140625
0 0.9390625 0.15390625 0.0171875 0.0375
0 0.3578125 0.44765625 0.0296875 0.0484375
0 0.1796875 0.9703125 0.03984375 0.05234375
0 0.00390625 0.17421875 0.0078125 0.04140625
0 0.58359375 0.8015625 0.02734375 0.0453125
0 0.6375 0.97734375 0.0296875 0.0375
0 0.0375 0.08203125 0.025 0.0453125
0 0.6828125 0.33515625 0.01484375 0.03359375
0 0.83984375 0.3859375 0.0203125 0.0296875
0 0.9921875 0.53359375 0.01015625 0.05625
0 0.00390625 0.39140625 0.0078125 0.04140625
0 0.55234375 0.0546875 0.01484375 0.03359375
0 0.00625 0.546875 0.0125 0.0453125
0 0.00390625 0.01875 0.0078125 0.0375
0 0.10390625 0.84453125 0.0375 0.0484375
0 0.70625 0.00546875 0.0171875 0.0109375
0 0.0953125 0.42109375 0.025 0.04140625
0 0.42109375 0.1890625 0.02265625 0.0265625
0 0.2671875 0.0203125 0.025 0.040625
0 0.7453125 0.0078125 0.01484375 0.01484375
0 0.31640625 0.13828125 0.0171875 0.0453125
0 0.2640625 0.490625 0.02265625 0.0453125
0 0.35390625 0.72265625 0.02734375 0.05234375
0 0.66640625 0.64609375 0.02734375 0.04140625
0 0.46484375 0.06015625 0.01484375 0.0375
0 0.9921875 0.28671875 0.01015625 0.03359375
0 0.8921875 0.40625 0.0203125 0.01875
0 0.5578125 0.2078125 0.01484375 0.03359375
0 0.64375 0.79375 0.0171875 0.0453125
0 0.8296875 0.1796875 0.0203125 0.0375
0 0.2875 0.103125 0.0203125 0.03359375