0 0.44609375 0.4765625 0.01953125 0.03359375
0 0.046875 0.45234375 0.021875 0.03203125
0 0.53515625 0.7484375 0.0375 0.06328125
0 0.596875 0.6078125 0.02265625 0.03828125
0 0.4828125 0.81640625 0.040625 0.07890625
0 0.66875 0.565625 0.02265625 0.04140625
0 0.909375 0.5640625 0.0265625 0.04140625
0 0.784375 0.7390625 0.03203125 0.06328125
0 0.3765625 0.53203125 0.0171875 0.03046875
0 0.40703125 0.521875 0.0234375 0.03984375
0 0.04921875 0.69296875 0.03984375 0.0671875
0 0.45234375 0.54765625 0.02265625 0.04140625
0 0.1140625 0.9453125 0.05078125 0.08984375
0 0.6625 0.47265625 0.01875 0.03203125
0 0.23125 0.340625 0.0140625 0.0234375
0 0.31953125 0.4515625 0.0171875 0.028125
0 0.2046875 0.353125 0.0140625 0.021875
0 0.0609375 0.42421875 0.01875 0.0265625
0 0.50234375 0.4890625 0.01875 0.0296875
0 0.0921875 0.72265625 0.04375 0.0703125
0 0.30234375 0.746875 0.03828125 0.06640625
0 0.6234375 0.77734375 0.0375 0.06328125
0 0.9140625 0.415625 0.021875 0.04140625
0 0.73125 0.615625 0.0234375 0.04296875
0 0.52265625 0.53046875 0.02265625 0.03828125
0 0.5921875 0.55390625 0.025 0.04140625
0 0.93984375 0.490625 0.0265625 0.04375
0 0.0671875 0.45234375 0.0171875 0.03203125
0 0.56484375 0.44375 0.01875 0.0296875
0 0.30625 0.48359375 0.0203125 0.03046875
0 0.203125 0.7390625 0.0375 0.06640625
0 0.48046875 0.45078125 0.0171875 0.0265625
0 0.3671875 0.46484375 0.01953125 0.03359375
0 0.63359375 0.3828125 0.0140625 0.021875
0 0.4 0.57421875 0.0234375 0.03828125
0 0.29140625 0.88515625 0.04765625 0.0765625
0 0.45859375 0.40859375 0.01484375 0.025
0 0.9171875 0.85625 0.046875 0.08515625
0 0.82265625 0.90234375 0.0515625 0.0921875
0 0.3203125 0.58828125 0.0234375 0.04296875
0 0.65390625 0.4015625 0.01640625 0.028125
0 0.271875 0.34453125 0.0125 0.01875
0 0.596875 0.40859375 0.01640625 0.0265625
0 0.73984375 0.4453125 0.0203125 0.03515625
0 0.7171875 0.565625 0.0234375 0.04375
0 0.08671875 0.44375 0.0203125 0.03203125
0 0.63828125 0.54375 0.0203125 0.03984375
0 0.69453125 0.46640625 0.0171875 0.03359375
0 0.296875 0.684375 0.03125 0.05
0 0.95390625 0.5828125 0.03203125 0.05
0 0.4140625 0.64375 0.0328125 0.0515625
0 0.6203125 0.46484375 0.01953125 0.03046875
0 0.8859375 0.321875 0.015625 0.0296875
0 0.715625 0.2796875 0.0140625 0.021875
0 0.49296875 0.52734375 0.02265625 0.04140625
0 0.0921875 0.34296875 0.015625 0.021875
0 0.85703125 0.65390625 0.0359375 0.06875
0 0.2671875 0.38984375 0.0171875 0.028125
0 0.95390625 0.340625 0.0171875 0.03203125
0 0.20078125 0.6578125 0.0359375 0.05859375
0 0.653125 0.6296875 0.02421875 0.046875
0 0.82734375 0.2203125 0.0125 0.0234375
0 0.12890625 0.4421875 0.01953125 0.03515625
0 0.71953125 0.965625 0.0546875 0.06640625
0 0.77109375 0.259375 0.0125 0.021875
0 0.5046875 0.3953125 0.01484375 0.0234375
0 0.59140625 0.4421875 0.01640625 0.0296875
0 0.8515625 0.39140625 0.0171875 0.03046875
0 0.21328125 0.41015625 0.01640625 0.025
0 0.48125 0.4078125 0.01640625 0.028125
0 0.4578125 0.31875 0.01171875 0.01796875
0 0.571875 0.36015625 0.0125 0.01875
0 0.3921875 0.46953125 0.01953125 0.03515625
0 0.88984375 0.37734375 0.021875 0.03203125
0 0.11796875 0.51328125 0.02421875 0.03984375
0 0.17421875 0.4328125 0.01640625 0.0234375
0 0.46640625 0.35234375 0.01484375 0.0203125
0 0.45859375 0.446875 0.01875 0.028125
0 0.38046875 0.3875 0.01484375 0.0234375
0 0.153125 0.7515625 0.04765625 0.07890625
0 0.815625 0.5171875 0.02265625 0.03203125
0 0.61796875 0.4296875 0.01640625 0.03046875
0 0.00859375 0.4140625 0.0171875 0.0296875
0 0.34453125 0.39140625 0.01484375 0.021875
0 0.81953125 0.41796875 0.01953125 0.028125
0 0.9328125 0.38125 0.02265625 0.03046875
0 0.696875 0.4296875 0.01875 0.028125
0 0.37890625 0.35078125 0.0140625 0.0203125
0 0.61015625 0.521875 0.0203125 0.03046875
0 0.51484375 0.31875 0.01171875 0.01796875
0 0.23125 0.5765625 0.028125 0.0453125
0 0.55 0.42109375 0.01484375 0.0265625
0 0.7734375 0.55 0.0234375 0.03984375
0 0.8015625 0.25703125 0.0140625 0.0203125
0 0.309375 0.40859375 0.01875 0.021875
0 0.53203125 0.4296875 0.015625 0.025
0 0.634375 0.90390625 0.04765625 0.0953125
0 0.315625 0.36328125 0.01484375 0.021875
0 0.696875 0.3203125 0.0125 0.0203125
0 0.67890625 0.3671875 0.01484375 0.0234375
0 0.58046875 0.5171875 0.02265625 0.03203125
0 0.840625 0.35078125 0.01875 0.03203125
0 0.60859375 0.38984375 0.01484375 0.021875
0 0.42890625 0.315625 0.0140625 0.01796875
0 0.72578125 0.403125 0.01953125 0.03359375
0 0.765625 0.34453125 0.0140625 0.021875
0 0.6203125 0.2828125 0.01171875 0.01875
0 0.41328125 0.375 0.01484375 0.021875
0 0.98515625 0.6109375 0.02734375 0.05859375
0 0.8109375 0.48046875 0.01953125 0.03203125
0 0.196875 0.3875 0.01484375 0.0203125
0 0.93671875 0.43203125 0.02421875 0.03828125
0 0.4796875 0.31953125 0.009375 0.01640625
0 0.7625 0.2375 0.0140625 0.0203125
0 0.4953125 0.28984375 0.0109375 0.01640625
0 0.5921875 0.24296875 0.0109375 0.01640625
0 0.4796875 0.37734375 0.015625 0.0234375
0 0.05 0.54140625 0.0265625 0.04296875
0 0.80546875 0.296875 0.01484375 0.0265625
0 0.6265625 0.35078125 0.0140625 0.0203125
0 0.584375 0.34296875 0.0125 0.01875
0 0.02578125 0.46640625 0.02265625 0.03359375
0 0.43671875 0.4421875 0.0171875 0.03203125
0 0.81640625 0.265625 0.0140625 0.0203125
0 0.60859375 0.49296875 0.01875 0.028125
0 0.56640625 0.25546875 0.009375 0.01484375
0 0.4953125 0.3546875 0.0140625 0.01875
0 0.58828125 0.37734375 0.01484375 0.0234375
0 0.3953125 0.29375 0.01171875 0.01484375
0 0.296875 0.37734375 0.015625 0.0234375
0 0.7421875 0.33203125 0.0140625 0.0234375
0 0.93828125 0.28828125 0.01640625 0.025
0 0.92734375 0.3375 0.01875 0.0296875
0 0.15 0.64921875 0.0328125 0.06171875
0 0.64453125 0.24453125 0.009375 0.01640625
0 0.2484375 0.39609375 0.01640625 0.0234375
0 0.3953125 0.34453125 0.0140625 0.01875
0 0.565625 0.39296875 0.01640625 0.025
0 0.3703125 0.4296875 0.0171875 0.025
0 0.55390625 0.321875 0.009375 0.01796875
0 0.740625 0.5359375 0.02421875 0.04375
0 0.5296875 0.37734375 0.0125 0.0234375
0 0.546875 0.3953125 0.0140625 0.0234375
0 0.30625 0.28984375 0.0109375 0.01640625
0 0.4125 0.28828125 0.0109375 0.01640625
0 0.315625 0.33046875 0.0140625 0.01796875
0 0.559375 0.48046875 0.01875 0.0296875
0 0.58359375 0.321875 0.0109375 0.01796875
0 0.196875 0.84921875 0.03828125 0.06328125
0 0.440625 0.3203125 0.0109375 0.01796875
0 0.9328125 0.21875 0.0140625 0.0203125
0 0.6578125 0.3265625 0.0140625 0.01875
0 0.6046875 0.28515625 0.009375 0.01796875
0 0.5296875 0.29140625 0.009375 0.01640625
0 0.2796875 0.41640625 0.01640625 0.028125
0 0.36328125 0.3546875 0.015625 0.021875
0 0.6546875 0.3703125 0.0125 0.0203125
0 0.4171875 0.40546875 0.015625 0.0265625
0 0.6703125 0.26796875 0.009375 0.01875
0 0.8953125 0.28671875 0.0171875 0.0265625
0 0.30546875 0.54140625 0.01875 0.028125
0 0.709375 0.38125 0.0125 0.025
0 0.86171875 0.503125 0.0203125 0.03359375
0 0.5421875 0.2953125 0.009375 0.01796875
0 0.4796875 0.28984375 0.0109375 0.01328125
0 0.33125 0.34453125 0.0140625 0.021875
0 0.33046875 0.31953125 0.0109375 0.01640625
0 0.34453125 0.5203125 0.0171875 0.03046875
0 0.00703125 0.578125 0.0140625 0.0515625
0 0.3421875 0.31640625 0.01171875 0.01875
0 0.55390625 0.2796875 0.00859375 0.01328125
0 0.7890625 0.83046875 0.0453125 0.071875
0 0.29609375 0.4421875 0.0171875 0.0296875
0 0.45546875 0.24140625 0.00859375 0.01328125
0 0.51171875 0.42734375 0.0171875 0.0265625
0 0.3421875 0.2796875 0.0109375 0.01875
0 0.44453125 0.24140625 0.0078125 0.01328125
0 0.38203125 0.29140625 0.009375 0.01640625
0 0.9546875 0.403125 0.01953125 0.03046875
0 0.77421875 0.5015625 0.0203125 0.03984375
0 0.7140625 0.23671875 0.01171875 0.01796875
0 0.55078125 0.353125 0.0140625 0.01875
0 0.4171875 0.24140625 0.009375 0.01015625
0 0.67109375 0.3203125 0.0125 0.0203125
0 0.46953125 0.24140625 0.00859375 0.01328125
0 0.53203125 0.26953125 0.009375 0.01328125
0 0.4953125 0.25703125 0.009375 0.01484375
0 0.20859375 0.51953125 0.02265625 0.03515625
0 0.4109375 0.3375 0.0140625 0.01796875
0 0.00625 0.44375 0.0125 0.0296875
0 0.2625 0.43828125 0.01640625 0.028125
0 0.56875 0.28359375 0.00859375 0.01484375
0 0.478125 0.35078125 0.01171875 0.01796875
0 0.63046875 0.246875 0.0109375 0.01484375
0 0.38359375 0.24140625 0.0109375 0.01328125
0 0.43125 0.36328125 0.0125 0.01875
0 0.21953125 0.3859375 0.015625 0.0203125
0 0.6203125 0.24296875 0.009375 0.01328125
0 0.346875 0.34453125 0.0125 0.01875
0 0.603125 0.35703125 0.0125 0.0203125
0 0.54375 0.278125 0.00859375 0.01328125
0 0.36953125 0.2453125 0.00859375 0.01484375
0 0.53203125 0.48046875 0.015625 0.0265625
0 0.44140625 0.37734375 0.0140625 0.0234375
0 0.36015625 0.38984375 0.015625 0.021875
0 0.5546875 0.3 0.009375 0.01640625
0 0.540625 0.25546875 0.009375 0.01484375
0 0.6421875 0.28203125 0.01171875 0.01796875
0 0.5203125 0.3578125 0.0140625 0.01875
0 0.5828125 0.30234375 0.009375 0.01796875
0 0.4578125 0.26328125 0.009375 0.01640625
0 0.48125 0.25703125 0.00859375 0.01484375
0 0.35625 0.29765625 0.01171875 0.01640625
0 0.51796875 0.22890625 0.00859375 0.01484375
0 0.3984375 0.4015625 0.015625 0.021875
0 0.5390625 0.3265625 0.0140625 0.01875
0 0.54609375 0.2046875 0.0109375 0.01640625
0 0.70234375 0.265625 0.01171875 0.0234375
0 0.3703125 0.31484375 0.01171875 0.01640625
0 0.4328125 0.25546875 0.0109375 0.01796875
0 0.74140625 0.3109375 0.0140625 0.0203125
0 0.95546875 0.2203125 0.0125 0.0203125
0 0.60625 0.253125 0.00859375 0.01328125
0 0.603125 0.33203125 0.01171875 0.01796875
0 0.51484375 0.34140625 0.0125 0.01875
0 0.56953125 0.32890625 0.01171875 0.01796875
0 0.40703125 0.25703125 0.00859375 0.01484375
0 0.603125 0.3078125 0.0109375 0.01640625
0 0.5109375 0.21015625 0.009375 0.01484375
0 0.93828125 0.3140625 0.01640625 0.0265625
0 0.75234375 0.2640625 0.0125 0.0203125
0 0.61796875 0.30625 0.0109375 0.01875
0 0.47421875 0.27421875 0.0109375 0.01484375
0 0.64375 0.3015625 0.01171875 0.01875
0 0.56953125 0.30234375 0.009375 0.01484375
0 0.278125 0.36484375 0.01484375 0.021875
0 0.690625 0.34453125 0.0125 0.021875
0 0.50546875 0.28828125 0.0109375 0.01640625
0 0.42734375 0.47421875 0.01875 0.0296875
0 0.2875 0.2796875 0.01171875 0.01875
0 0.46171875 0.3828125 0.01484375 0.021875
0 0.8140625 0.21875 0.0140625 0.0203125
0 0.3703125 0.2640625 0.0109375 0.01796875
0 0.81796875 0.2375 0.0125 0.0203125
0 0.278125 0.5828125 0.0171875 0.03203125
0 0.34453125 0.25703125 0.009375 0.01484375
0 0.62890625 0.3265625 0.01171875 0.01640625
0 0.35625 0.27734375 0.0109375 0.01796875
0 0.22265625 0.4765625 0.021875 0.03046875
0 0.321875 0.52890625 0.02265625 0.03203125
0 0.64296875 0.3546875 0.0125 0.01875
0 0.628125 0.265625 0.0109375 0.01484375
0 0.23984375 0.5046875 0.01875 0.03359375
0 0.99375 0.55703125 0.009375 0.0484375
0 0.32734375 0.28984375 0.0109375 0.01640625
0 0.4953125 0.33203125 0.009375 0.01484375
0 0.84453125 0.3234375 0.01484375 0.0203125
0 0.7953125 0.51484375 0.021875 0.03359375
0 0.3875 0.2625 0.009375 0.01640625
0 0.246875 0.46640625 0.0234375 0.03359375
0 0.70234375 0.0484375 0.01171875 0.01796875
0 0.77109375 0.28984375 0.0125 0.01875
0 0.50546875 0.27109375 0.00703125 0.01328125
0 0.46953125 0.29375 0.00859375 0.01484375
0 0.54609375 0.45390625 0.01953125 0.03203125
0 0.678125 0.29140625 0.01171875 0.01875
0 0.67109375 0.3421875 0.0125 0.01796875
0 0.43671875 0.33515625 0.0125 0.01640625
0 0.31953125 0.265625 0.009375 0.01484375
0 0.90546875 0.340625 0.0171875 0.03203125
0 0.503125 0.23125 0.00859375 0.01328125
0 0.71953125 0.3265625 0.0109375 0.021875
0 0.7421875 0.28828125 0.01171875 0.021875
0 0.5734375 0.9484375 0.0421875 0.0765625
0 0.98046875 0.72578125 0.02890625 0.0484375
0 0.91328125 0.675 0.03203125 0.04609375
0 0.97890625 0.946875 0.0375 0.08359375
0 0.54140625 0.6734375 0.03828125 0.04296875
0 0.325 0.82734375 0.046875 0.05234375