1 0.5 0.5015625 0.99296875 0.978125
1 0.2875 0.94453125 0.02265625 0.040625
1 0.43671875 0.9265625 0.02421875 0.0390625
1 0.865625 0.909375 0.02421875 0.040625
1 0.4140625 0.671875 0.021875 0.03671875
1 0.26796875 0.74609375 0.021875 0.03671875
1 0.7765625 0.92578125 0.0265625 0.04453125
1 0.2140625 0.95078125 0.0265625 0.04609375
1 0.590625 0.690625 0.021875 0.040625
1 0.6078125 0.9046875 0.02265625 0.04296875
1 0.57265625 0.90703125 0.02421875 0.040625
1 0.23125 0.91875 0.0296875 0.04453125
1 0.62109375 0.70625 0.01796875 0.03125
1 0.41015625 0.75546875 0.025 0.040625
1 0.8140625 0.92421875 0.021875 0.03671875
1 0.66328125 0.64609375 0.0203125 0.03359375
1 0.628125 0.953125 0.0265625 0.04296875
1 0.56328125 0.96640625 0.02890625 0.04453125
1 0.49296875 0.95625 0.02265625 0.04296875
1 0.9703125 0.93984375 0.02890625 0.04296875
1 0.5265625 0.5140625 0.0203125 0.03515625
1 0.409375 0.8 0.02421875 0.040625
1 0.3171875 0.921875 0.02265625 0.04453125
1 0.47265625 0.90625 0.0203125 0.0390625
1 0.11171875 0.93828125 0.0265625 0.04296875
1 0.28828125 0.95859375 0.04765625 0.071875
1 0.47890625 0.73359375 0.01953125 0.03671875
1 0.51640625 0.6953125 0.021875 0.03515625
1 0.184375 0.8265625 0.025 0.04296875
1 0.85 0.68203125 0.02421875 0.03515625
1 0.36171875 0.7359375 0.0171875 0.03125
1 0.6078125 0.85546875 0.0296875 0.04453125
1 0.9546875 0.7765625 0.025 0.0390625
1 0.58828125 0.721875 0.0453125 0.10390625
1 0.8203125 0.59453125 0.01796875 0.03359375
1 0.39765625 0.89140625 0.025 0.04296875
1 0.31484375 0.69375 0.021875 0.03515625
1 0.3875 0.52890625 0.0171875 0.028125
1 0.4859375 0.68984375 0.01953125 0.03515625
1 0.3953125 0.97109375 0.02890625 0.04609375
1 0.30546875 0.634375 0.02265625 0.04296875
1 0.17734375 0.70390625 0.021875 0.03671875
1 0.14609375 0.9734375 0.02421875 0.0390625
1 0.3921875 0.7265625 0.0203125 0.03515625
1 0.86640625 0.94140625 0.05546875 0.10546875
1 0.56015625 0.53203125 0.015625 0.02421875
1 0.14921875 0.725 0.02421875 0.04296875
1 0.3234375 0.7265625 0.025 0.04296875
1 0.17265625 0.7765625 0.021875 0.03515625
1 0.88828125 0.7765625 0.02421875 0.04296875
1 0.53046875 0.9734375 0.02421875 0.0390625
1 0.54296875 0.653125 0.01796875 0.03515625
1 0.69296875 0.690625 0.021875 0.03359375
1 0.39921875 0.465625 0.015625 0.02421875
1 0.66953125 0.7546875 0.0203125 0.03125
1 0.48046875 0.8453125 0.025 0.04609375
1 0.4515625 0.71015625 0.01953125 0.03515625
1 0.128125 0.759375 0.0265625 0.03671875
1 0.353125 0.79140625 0.021875 0.0390625
1 0.36875 0.78671875 0.01953125 0.03359375
1 0.6234375 0.61640625 0.02265625 0.0296875
1 0.90625 0.8609375 0.02421875 0.040625
1 0.76328125 0.8765625 0.01953125 0.03515625
1 0.9625 0.7140625 0.021875 0.0390625
1 0.38828125 0.39921875 0.015625 0.02421875
1 0.7734375 0.9453125 0.05078125 0.08671875
1 0.11953125 0.684375 0.01796875 0.03515625
1 0.31953125 0.8859375 0.0265625 0.0390625
1 0.465625 0.7 0.01953125 0.03359375
1 0.1890625 0.88359375 0.025 0.040625
1 0.35390625 0.84453125 0.0265625 0.040625
1 0.71640625 0.834375 0.0265625 0.04296875
1 0.7453125 0.7453125 0.01953125 0.03515625
1 0.7984375 0.66328125 0.021875 0.03671875
1 0.23984375 0.76484375 0.021875 0.040625
1 0.390625 0.6484375 0.02265625 0.040625
1 0.25703125 0.55390625 0.01953125 0.03359375
1 0.2078125 0.86171875 0.02421875 0.04296875
1 0.2859375 0.640625 0.021875 0.03671875
1 0.35234375 0.715625 0.0203125 0.03515625
1 0.39765625 0.921875 0.06015625 0.10390625
1 0.35546875 0.63203125 0.01953125 0.03515625
1 0.12734375 0.85703125 0.0265625 0.03671875
1 0.3703125 0.66640625 0.02265625 0.03671875
1 0.84609375 0.57578125 0.0203125 0.03671875
1 0.928125 0.91171875 0.02421875 0.04296875
1 0.53984375 0.75703125 0.01953125 0.03671875
1 0.209375 0.96015625 0.0421875 0.06875
1 0.65234375 0.8640625 0.02734375 0.0390625
1 0.14453125 0.81328125 0.025 0.04453125
1 0.7046875 0.60078125 0.01953125 0.03125
1 0.51640625 0.72109375 0.05078125 0.09453125
1 0.559375 0.534375 0.021875 0.03515625
1 0.29140625 0.70078125 0.01953125 0.03515625
1 0.609375 0.7640625 0.02265625 0.03515625
1 0.24765625 0.5 0.01796875 0.0296875
1 0.67890625 0.89140625 0.02265625 0.04296875
1 0.096875 0.8046875 0.021875 0.03515625
1 0.4390625 0.75078125 0.0265625 0.04296875
1 0.796875 0.84296875 0.02890625 0.04453125
1 0.24375 0.64609375 0.0171875 0.03671875
1 0.203125 0.4640625 0.02421875 0.03125
1 0.05390625 0.809375 0.02890625 0.04453125
1 0.28984375 0.77421875 0.02265625 0.040625
1 0.36171875 0.6984375 0.02265625 0.03671875
1 0.35625 0.9265625 0.0265625 0.03515625
1 0.05390625 0.91796875 0.02421875 0.04296875
1 0.44296875 0.65625 0.02421875 0.03515625
1 0.54375 0.93203125 0.021875 0.0390625
1 0.58359375 0.8390625 0.021875 0.03671875
1 0.728125 0.93203125 0.0296875 0.04296875
1 0.1234375 0.97890625 0.02734375 0.03515625
1 0.71875 0.88125 0.025 0.040625
1 0.8171875 0.875 0.021875 0.028125
1 0.1953125 0.928125 0.02890625 0.0484375
1 0.3921875 0.728125 0.0296875 0.0484375
1 0.096875 0.7484375 0.02421875 0.03359375
1 0.51796875 0.92578125 0.02734375 0.04453125
1 0.64453125 0.703125 0.01953125 0.03515625
1 0.6796875 0.80859375 0.02734375 0.04296875
1 0.6390625 0.9 0.02265625 0.040625
1 0.15703125 0.76484375 0.0203125 0.03671875
1 0.946875 0.88671875 0.02421875 0.04453125
1 0.0328125 0.86328125 0.02265625 0.03671875
1 0.525 0.55546875 0.04453125 0.11875
1 0.33125 0.7984375 0.021875 0.03671875
1 0.62734375 0.96171875 0.04453125 0.06484375
1 0.3640625 0.98125 0.0265625 0.0296875
1 0.81328125 0.9484375 0.05625 0.0890625
1 0.15234375 0.928125 0.02421875 0.03671875
1 0.90859375 0.76875 0.02421875 0.040625
1 0.6859375 0.85546875 0.025 0.03671875
1 0.2875 0.9453125 0.03515625 0.05703125
1 0.90625 0.90625 0.02421875 0.0390625
1 0.4859375 0.68984375 0.02890625 0.05
1 0.45703125 0.89296875 0.02265625 0.040625
1 0.128125 0.7296875 0.02421875 0.03671875
1 0.93828125 0.83515625 0.02265625 0.03671875
1 0.7140625 0.7703125 0.021875 0.03671875
1 0.53359375 0.84921875 0.02265625 0.04296875
1 0.42421875 0.83828125 0.02265625 0.04296875
1 0.3140625 0.79921875 0.0203125 0.03515625
1 0.7015625 0.95703125 0.025 0.040625
1 0.86953125 0.86953125 0.02421875 0.03515625
1 0.315625 0.84296875 0.02421875 0.03671875
1 0.76328125 0.83359375 0.0203125 0.04453125
1 0.571875 0.90625 0.0375 0.0609375
1 0.30234375 0.81953125 0.0265625 0.04296875
1 0.65625 0.96875 0.025 0.040625
1 0.05 0.86328125 0.0203125 0.03671875
1 0.08984375 0.90546875 0.0265625 0.040625
1 0.97421875 0.88984375 0.02734375 0.04609375
1 0.59140625 0.68125 0.01796875 0.02578125
1 0.26328125 0.85859375 0.0203125 0.0390625
1 0.3296875 0.975 0.02734375 0.0390625
1 0.78984375 0.70078125 0.01953125 0.0390625
1 0.44609375 0.86015625 0.025 0.0390625
1 0.49296875 0.96328125 0.03515625 0.06328125
1 0.775 0.56484375 0.10234375 0.15546875
1 0.04453125 0.975 0.02421875 0.04296875
1 0.47890625 0.7359375 0.03125 0.05390625
1 0.41484375 0.68203125 0.0375 0.06875
1 0.521875 0.7796875 0.02421875 0.040625
1 0.02421875 0.9703125 0.0265625 0.0484375