0 0.9796875 0.0171875 0.01484375 0.02578125
0 0.1828125 0.29375 0.02734375 0.04296875
0 0.34296875 0.01875 0.0125 0.01953125
0 0.68046875 0.709375 0.0671875 0.10390625
0 0.05234375 0.5703125 0.05 0.07265625
0 0.978125 0.2046875 0.0328125 0.046875
0 0.50078125 0.3484375 0.0328125 0.05078125
0 0.7515625 0.14296875 0.0171875 0.03125
0 0.82734375 0.025 0.01484375 0.0234375
0 0.90859375 0.39765625 0.04375 0.0640625
0 0.45 0.4140625 0.03984375 0.0546875
0 0.296875 0.1921875 0.0234375 0.0328125
0 0.5703125 0.24453125 0.0234375 0.03671875
0 0.6390625 0.9359375 0.0953125 0.1234375
0 0.86953125 0.4375 0.0421875 0.0625
0 0.090625 0.06953125 0.01484375 0.021875
0 0.11484375 0.3234375 0.034375 0.0484375
0 0.33046875 0.0671875 0.01484375 0.021875
0 0.540625 0.05625 0.0140625 0.021875
0 0.86796875 0.03125 0.01484375 0.0234375
0 0.79453125 0.11328125 0.0203125 0.03359375
0 0.85 0.35546875 0.0375 0.04921875
0 0.35859375 0.1578125 0.02265625 0.02890625
0 0.62109375 0.2453125 0.0171875 0.025
0 0.7484375 0.06953125 0.0171875 0.02734375
0 0.215625 0.25390625 0.02421875 0.0390625
0 0.05390625 0.1046875 0.0171875 0.025
0 0.94375 0.00625 0.015625 0.0125
0 0.6453125 0.21015625 0.01953125 0.0296875
0 0.471875 0.15390625 0.01640625 0.02578125
0 0.3890625 0.03203125 0.0140625 0.01953125
0 0.15390625 0.0296875 0.01484375 0.021875
0 0.17734375 0.03203125 0.0125 0.01953125
0 0.69375 0.05625 0.01484375 0.021875
0 0.2421875 0.06796875 0.015625 0.0234375
0 0.16875 0.11875 0.01953125 0.02578125
0 0.21953125 0.01875 0.0140625 0.0171875
0 0.9046875 0.01796875 0.0140625 0.01796875
0 0.2703125 0.0265625 0.0140625 0.01953125
0 0.2671875 0.06171875 0.0140625 0.01953125
0 0.11796875 0.05703125 0.01640625 0.02578125
0 0.35859375 0.03046875 0.0125 0.01953125
0 0.3015625 0.05 0.0140625 0.01953125
0 0.290625 0.0171875 0.01171875 0.01796875
0 0.25859375 0.00703125 0.0140625 0.0140625
0 0.5578125 0.01796875 0.0125 0.01796875
0 0.45859375 0.02890625 0.0125 0.01796875
0 0.06015625 0.0171875 0.01484375 0.01953125
0 0.26796875 0.1859375 0.0265625 0.0375
0 0.2328125 0.0171875 0.0140625 0.0171875
0 0.58046875 0.275 0.01875 0.021875
0 0.44375 0.03515625 0.0109375 0.01796875
0 0.09609375 0.0234375 0.01484375 0.02109375
0 0.32890625 0.2046875 0.0265625 0.0390625
0 0.41171875 0.1109375 0.01484375 0.0234375
0 0.37578125 0.07421875 0.01484375 0.01796875
0 0.36796875 0.0125 0.0125 0.01953125
0 0.92890625 0.00625 0.01484375 0.01171875
0 0.321875 0.0359375 0.0125 0.01953125
0 0.15546875 0.146875 0.0203125 0.02890625
0 0.121875 0.00703125 0.0125 0.0140625
0 0.465625 0.00546875 0.0140625 0.01015625
0 0.48046875 0.0375 0.01171875 0.01796875
0 0.6828125 0.01953125 0.0140625 0.02109375
0 0.52734375 0.0203125 0.0140625 0.01953125
0 0.25625 0.0328125 0.0125 0.01796875
0 0.2671875 0.23125 0.021875 0.0296875
0 0.353125 0.05390625 0.0140625 0.01953125
0 0.978125 0.0515625 0.01640625 0.02734375
0 0.9875 0.1078125 0.01953125 0.02734375
0 0.290625 0.06953125 0.01484375 0.021875
0 0.715625 0.0265625 0.0140625 0.01953125
0 0.415625 0.03125 0.01171875 0.01796875
0 0.13984375 0.0125 0.01484375 0.01953125
0 0.5796875 0.00625 0.01171875 0.01171875
0 0.0296875 0.0921875 0.01953125 0.02578125