0 0.31875 0.89765625 0.06953125 0.0875
0 0.77265625 0.77734375 0.03984375 0.06484375
0 0.92109375 0.63203125 0.01484375 0.02109375
0 0.1875 0.75546875 0.03203125 0.0484375
0 0.19765625 0.884375 0.05625 0.06796875
0 0.59140625 0.89765625 0.0625 0.090625
0 0.6765625 0.82109375 0.053125 0.10078125
0 0.0859375 0.8265625 0.03984375 0.0515625
0 0.36640625 0.715625 0.02421875 0.040625
0 0.61171875 0.71796875 0.021875 0.0359375
0 0.66875 0.68984375 0.01484375 0.02578125
0 0.4375 0.79765625 0.03203125 0.06015625
0 0.49140625 0.7453125 0.025 0.0453125
0 0.22734375 0.728125 0.028125 0.0421875
0 0.05078125 0.7921875 0.03515625 0.0484375
0 0.5265625 0.75703125 0.028125 0.0484375
0 0.06640625 0.67578125 0.01484375 0.02109375
0 0.63125 0.76875 0.028125 0.053125
0 0.10078125 0.7703125 0.03125 0.05
0 0.2640625 0.80625 0.03359375 0.05859375
0 0.19375 0.70078125 0.01796875 0.02890625
0 0.82265625 0.71171875 0.02421875 0.0421875
0 0.4359375 0.74296875 0.01640625 0.0375
0 0.734375 0.75703125 0.03046875 0.0515625
0 0.35703125 0.78671875 0.03203125 0.046875
0 0.95390625 0.71015625 0.01953125 0.0390625
0 0.8328125 0.61953125 0.01171875 0.01640625
0 0.8796875 0.68984375 0.02421875 0.02890625
0 0.38046875 0.934375 0.06640625 0.034375
0 0.828125 0.64375 0.01015625 0.01796875
0 0.15625 0.69375 0.01796875 0.02734375
0 0.26796875 0.665625 0.01171875 0.01640625
0 0.25234375 0.715625 0.01953125 0.034375
0 0.79453125 0.89375 0.053125 0.0859375
0 0.040625 0.703125 0.01640625 0.0328125
0 0.12890625 0.6640625 0.01015625 0.01953125
0 0.140625 0.81875 0.03828125 0.06640625
0 0.11875 0.6953125 0.01484375 0.02109375
0 0.128125 0.73359375 0.025 0.040625
0 0.8890625 0.653125 0.01328125 0.01796875
0 0.6421875 0.6796875 0.0125 0.02265625
0 0.09453125 0.671875 0.0125 0.01953125
0 0.09375 0.65546875 0.009375 0.01328125
0 0.19140625 0.665625 0.01171875 0.01640625
0 0.67109375 0.6578125 0.01171875 0.01796875
0 0.8328125 0.6703125 0.0125 0.02265625
0 0.20625 0.66328125 0.01171875 0.01953125
0 0.15546875 0.746875 0.02578125 0.0484375
0 0.08125 0.66640625 0.01015625 0.01796875
0 0.95859375 0.62265625 0.01171875 0.02109375
0 0.95390625 0.6796875 0.015625 0.01953125
0 0.15703125 0.6640625 0.01015625 0.01640625
0 0.28125 0.728125 0.01953125 0.034375
0 0.10703125 0.65546875 0.01015625 0.01328125
0 0.3078125 0.678125 0.01015625 0.01640625
0 0.69609375 0.66640625 0.01171875 0.02109375
0 0.70703125 0.6421875 0.01015625 0.01484375
0 0.50234375 0.70078125 0.01484375 0.02578125
0 0.65703125 0.7453125 0.025 0.0421875
0 0.3859375 0.7671875 0.02109375 0.0375
0 0.0765625 0.73984375 0.02421875 0.04375
0 0.1671875 0.64140625 0.00859375 0.01171875
0 0.80625 0.61796875 0.009375 0.01328125
0 0.3671875 0.66640625 0.009375 0.01171875
0 0.06875 0.6515625 0.009375 0.01484375
0 0.22109375 0.69140625 0.015625 0.01953125
0 0.72734375 0.6640625 0.01015625 0.02265625
0 0.50859375 0.84453125 0.04453125 0.07265625
0 0.79140625 0.60859375 0.01015625 0.01328125
0 0.1921875 0.6421875 0.00859375 0.01171875
0 0.73984375 0.63203125 0.009375 0.01171875
0 0.15546875 0.6421875 0.00703125 0.01171875
0 0.446875 0.66640625 0.01015625 0.01484375
0 0.47421875 0.88828125 0.03828125 0.05703125
0 0.140625 0.68515625 0.01328125 0.02109375
0 0.853125 0.615625 0.01171875 0.01484375
0 0.390625 0.66640625 0.01171875 0.01796875
0 0.11953125 0.64140625 0.00859375 0.01171875
0 0.771875 0.65546875 0.01328125 0.02265625
0 0.76953125 0.63203125 0.01015625 0.01484375
0 0.3546875 0.66328125 0.01015625 0.01328125
0 0.415625 0.6421875 0.009375 0.01171875
0 0.80390625 0.64140625 0.01015625 0.01484375
0 0.30703125 0.78515625 0.02421875 0.040625
0 0.20546875 0.64140625 0.00859375 0.01171875
0 0.23046875 0.6640625 0.01015625 0.01328125
0 0.45625 0.65390625 0.00859375 0.01328125
0 0.29453125 0.64140625 0.00859375 0.01171875
0 0.34375 0.66328125 0.009375 0.01328125
0 0.92734375 0.65546875 0.01640625 0.02578125
0 0.04921875 0.671875 0.01328125 0.01953125
0 0.43125 0.65390625 0.00859375 0.01328125
0 0.57265625 0.74921875 0.01640625 0.02890625
0 0.74296875 0.65546875 0.01015625 0.01328125
0 0.14453125 0.6421875 0.00859375 0.01171875
0 0.05703125 0.65390625 0.009375 0.01328125
0 0.1796875 0.64140625 0.00703125 0.01171875
0 0.46796875 0.64296875 0.00625 0.0109375
0 0.1015625 0.68984375 0.01484375 0.01953125
0 0.31875 0.65546875 0.00703125 0.01328125
0 0.28203125 0.66640625 0.009375 0.01171875
0 0.58671875 0.79921875 0.03203125 0.05703125
0 0.81484375 0.64140625 0.01015625 0.01484375
0 0.790625 0.6421875 0.01171875 0.01484375
0 0.85703125 0.64609375 0.01171875 0.01953125
0 0.23046875 0.64140625 0.00859375 0.01171875
0 0.878125 0.61796875 0.01015625 0.01328125
0 0.39296875 0.64453125 0.00859375 0.0109375
0 0.1765625 0.68515625 0.01484375 0.02109375
0 0.33046875 0.64296875 0.00859375 0.0109375
0 0.55625 0.66796875 0.00859375 0.01171875
0 0.36796875 0.6515625 0.00859375 0.01171875
0 0.51796875 0.64296875 0.00703125 0.0109375
0 0.640625 0.65390625 0.00859375 0.01328125
0 0.2671875 0.64453125 0.00859375 0.01328125
0 0.25546875 0.66640625 0.01015625 0.01484375
0 0.759375 0.68359375 0.01953125 0.0359375
0 0.39453125 0.7234375 0.01328125 0.02265625
0 0.60625 0.66484375 0.01015625 0.01484375
0 0.25546875 0.64453125 0.00703125 0.0109375
0 0.48046875 0.63046875 0.00703125 0.009375
0 0.5484375 0.73359375 0.01796875 0.03203125
0 0.4921875 0.64453125 0.00703125 0.0109375
0 0.28046875 0.64453125 0.00625 0.0109375
0 0.40625 0.64453125 0.00703125 0.0109375
0 0.09296875 0.64140625 0.00703125 0.009375
0 0.3796875 0.6640625 0.009375 0.01640625
0 0.44296875 0.64296875 0.00625 0.0109375
0 0.79296875 0.659375 0.01015625 0.01796875
0 0.95390625 0.64453125 0.0125 0.02265625
0 0.86796875 0.628125 0.01015625 0.01640625
0 0.4328125 0.70078125 0.015625 0.02890625
0 0.50546875 0.6421875 0.00703125 0.01171875
0 0.14296875 0.66328125 0.01171875 0.01328125
0 0.13046875 0.64296875 0.00703125 0.0109375
0 0.29609375 0.66328125 0.01171875 0.01640625
0 0.31875 0.63046875 0.00546875 0.009375
0 0.21953125 0.671875 0.01015625 0.01953125
0 0.51796875 0.65546875 0.00859375 0.01328125
0 0.115625 0.6640625 0.01015625 0.01640625
0 0.54375 0.64296875 0.00859375 0.0109375
0 0.46953125 0.7265625 0.01953125 0.03203125
0 0.56875 0.64296875 0.00625 0.0109375
0 0.30546875 0.63046875 0.00625 0.009375
0 0.60546875 0.64296875 0.00703125 0.0109375
0 0.38046875 0.64296875 0.00625 0.0109375
0 0.28046875 0.63046875 0.00625 0.009375
0 0.7828125 0.69375 0.025 0.0390625
0 0.48046875 0.64296875 0.00859375 0.0109375
0 0.72890625 0.64140625 0.009375 0.01171875
0 0.53125 0.64296875 0.00625 0.0109375
0 0.4296875 0.671875 0.009375 0.01953125
0 0.6921875 0.63203125 0.00859375 0.01171875
0 0.24375 0.64296875 0.00703125 0.0109375
0 0.88203125 0.63203125 0.01171875 0.01796875
0 0.84375 0.63203125 0.009375 0.01484375
0 0.21796875 0.64140625 0.00703125 0.01171875
0 0.61640625 0.659375 0.00859375 0.01484375
0 0.56875 0.65546875 0.00859375 0.01328125
0 0.35625 0.6421875 0.00703125 0.009375
0 0.24375 0.66640625 0.009375 0.01171875
0 0.55546875 0.64140625 0.00625 0.009375
0 0.24296875 0.63046875 0.00546875 0.009375
0 0.32890625 0.65546875 0.009375 0.01328125
0 0.34375 0.6421875 0.00703125 0.009375
0 0.39375 0.63046875 0.00703125 0.009375
0 0.4078125 0.67578125 0.01171875 0.02109375
0 0.6171875 0.6421875 0.00625 0.009375
0 0.63046875 0.64140625 0.00703125 0.01171875
0 0.34296875 0.63046875 0.00625 0.009375
0 0.31875 0.64296875 0.00625 0.0109375
0 0.46796875 0.6296875 0.00625 0.0078125
0 0.88515625 0.8140625 0.04296875 0.07421875
0 0.08125 0.64296875 0.00859375 0.0109375
0 0.58671875 0.7234375 0.01796875 0.03203125
0 0.58125 0.63046875 0.00703125 0.009375
0 0.63125 0.65546875 0.00859375 0.01328125
0 0.30546875 0.64453125 0.00703125 0.0109375
0 0.59296875 0.64453125 0.00703125 0.0109375
0 0.35546875 0.63046875 0.00625 0.009375
0 0.28671875 0.6359375 0.00703125 0.0109375
0 0.65546875 0.64296875 0.00703125 0.0109375
0 0.54296875 0.65390625 0.00859375 0.0109375
0 0.45546875 0.6296875 0.00703125 0.0078125
0 0.85625 0.70546875 0.021875 0.0375
0 0.23046875 0.63046875 0.00703125 0.009375
0 0.25546875 0.63046875 0.00625 0.009375
0 0.36796875 0.6296875 0.00625 0.0078125
0 0.71953125 0.64140625 0.00859375 0.01171875
0 0.53125 0.715625 0.01484375 0.02265625
0 0.19453125 0.63203125 0.00625 0.009375
0 0.56875 0.6296875 0.00625 0.0078125
0 0.16796875 0.6578125 0.009375 0.01171875
0 0.43046875 0.63203125 0.00625 0.009375
0 0.68125 0.63203125 0.00703125 0.01171875
0 0.08046875 0.69375 0.01796875 0.02421875
0 0.66796875 0.64140625 0.009375 0.01171875
0 0.29375 0.6296875 0.00703125 0.0078125
0 0.50625 0.6296875 0.00625 0.0078125
0 0.64375 0.63203125 0.00703125 0.009375
0 0.26796875 0.6296875 0.00703125 0.0078125
0 0.5171875 0.6296875 0.00546875 0.0078125
0 0.3625 0.63828125 0.00625 0.009375
0 0.3390625 0.68125 0.01328125 0.02265625
0 0.1125 0.63828125 0.00625 0.009375
0 0.41875 0.6296875 0.00703125 0.0078125
0 0.38125 0.6296875 0.00546875 0.0078125
0 0.21796875 0.63203125 0.00625 0.009375
0 0.44375 0.6296875 0.00625 0.0078125
0 0.58125 0.65390625 0.009375 0.01328125
0 0.04140625 0.64453125 0.01015625 0.01328125
0 0.2203125 0.7953125 0.03984375 0.06484375
0 0.33046875 0.6296875 0.00625 0.0078125
0 0.6359375 0.6375 0.00625 0.01328125
0 0.65546875 0.6296875 0.00703125 0.0109375
0 0.48671875 0.70625 0.01328125 0.01953125
0 0.03515625 0.6703125 0.01171875 0.02265625
0 0.4921875 0.66796875 0.009375 0.01484375
0 0.50234375 0.66640625 0.01171875 0.01484375
0 0.6171875 0.63203125 0.00625 0.009375
0 0.38515625 0.69921875 0.01328125 0.02265625
0 0.60546875 0.63203125 0.00703125 0.009375
0 0.53203125 0.66640625 0.00859375 0.01484375
0 0.7578125 0.63046875 0.00859375 0.01171875
0 0.49296875 0.6296875 0.00625 0.0078125
0 0.9234375 0.6796875 0.015625 0.02265625
0 0.53046875 0.6296875 0.00546875 0.0078125
0 0.59375 0.6296875 0.00625 0.0078125
0 0.26015625 0.6875 0.01328125 0.01796875
0 0.68125 0.64453125 0.00703125 0.0109375
0 0.53046875 0.65390625 0.00703125 0.0109375
0 0.40546875 0.6296875 0.00625 0.0078125
0 0.52421875 0.62421875 0.00859375 0.009375
0 0.60859375 0.68359375 0.015625 0.02109375
0 0.81015625 0.6703125 0.0125 0.02265625
0 0.79296875 0.628125 0.009375 0.01328125
0 0.65546875 0.6578125 0.009375 0.01484375
0 0.30234375 0.7234375 0.01953125 0.03203125
0 0.290625 0.67890625 0.01171875 0.01796875
0 0.55546875 0.6296875 0.00625 0.0078125