1 0.478125 0.59609375 0.0328125 0.05546875
1 0.45078125 0.72890625 0.0359375 0.0515625
1 0.4671875 0.35 0.0390625 0.06640625
1 0.91875 0.38515625 0.03515625 0.0484375
1 0.30625 0.3984375 0.03125 0.04296875
1 0.565625 0.565625 0.03515625 0.053125
1 0.396875 0.59921875 0.034375 0.04375
1 0.36796875 0.4875 0.03203125 0.05
1 0.26796875 0.659375 0.03046875 0.053125
1 0.4546875 0.48203125 0.0265625 0.0484375
1 0.51953125 0.75 0.03125 0.04375
1 0.7625 0.7515625 0.0359375 0.05546875
1 0.7796875 0.68671875 0.03515625 0.05703125
1 0.47109375 0.43125 0.0265625 0.0484375
1 0.19609375 0.465625 0.03125 0.046875
1 0.40625 0.821875 0.0375 0.0515625
1 0.26328125 0.88671875 0.034375 0.05546875
1 0.50703125 0.284375 0.02421875 0.03671875
1 0.54140625 0.6625 0.03046875 0.04375
1 0.646875 0.53046875 0.03515625 0.0453125
1 0.16484375 0.5765625 0.03515625 0.0453125
1 0.6109375 0.49765625 0.03046875 0.04375
1 0.6984375 0.1078125 0.02421875 0.03984375
1 0.8171875 0.21953125 0.0265625 0.03984375
1 0.30859375 0.76640625 0.0328125 0.053125
1 0.35234375 0.86640625 0.03203125 0.053125
1 0.421875 0.2875 0.02734375 0.04140625
1 0.24296875 0.40546875 0.034375 0.04375
1 0.4 0.35234375 0.03515625 0.046875
1 0.2203125 0.51796875 0.03203125 0.03984375
1 0.0859375 0.85546875 0.0375 0.0546875
1 0.6125 0.128125 0.025 0.03671875
1 0.49453125 0.70859375 0.0265625 0.04296875
1 0.53984375 0.48203125 0.028125 0.0453125
1 0.69453125 0.86484375 0.03046875 0.046875
1 0.4765625 0.63984375 0.0625 0.1421875
1 0.8625 0.69375 0.034375 0.0515625
1 0.7484375 0.5875 0.0328125 0.046875
1 0.34609375 0.42890625 0.028125 0.04375
1 0.2703125 0.928125 0.09453125 0.13828125
1 0.78125 0.61875 0.03125 0.0515625
1 0.70078125 0.26328125 0.0265625 0.03671875
1 0.684375 0.80234375 0.0359375 0.0484375
1 0.1796875 0.40390625 0.0328125 0.05
1 0.55390625 0.146875 0.021875 0.03203125
1 0.57109375 0.8953125 0.078125 0.1421875
1 0.60625 0.634375 0.02734375 0.046875
1 0.65703125 0.6546875 0.03203125 0.05859375
1 0.31640625 0.2484375 0.02734375 0.04140625
1 0.50546875 0.2359375 0.0265625 0.03984375
1 0.59921875 0.2765625 0.03046875 0.03984375
1 0.0296875 0.8046875 0.0328125 0.046875
1 0.878125 0.51015625 0.0328125 0.0453125
1 0.40546875 0.54375 0.03046875 0.04296875
1 0.29609375 0.7984375 0.02734375 0.03984375
1 0.15703125 0.33359375 0.0328125 0.046875
1 0.9640625 0.68125 0.0359375 0.05
1 0.45 0.7984375 0.05390625 0.19375
1 0.4125 0.884375 0.06171875 0.17734375
1 0.2328125 0.7265625 0.03515625 0.046875
1 0.50546875 0.840625 0.03203125 0.0453125
1 0.1453125 0.8390625 0.0390625 0.06015625
1 0.7078125 0.4921875 0.03125 0.05
1 0.2578125 0.4734375 0.0703125 0.18046875
1 0.15 0.9265625 0.0359375 0.046875
1 0.2078125 0.2171875 0.0296875 0.04140625
1 0.921875 0.8546875 0.0390625 0.06171875
1 0.60390625 0.3671875 0.028125 0.05
1 0.2390625 0.57890625 0.03828125 0.04375
1 0.91953125 0.77421875 0.03203125 0.046875
1 0.2828125 0.10078125 0.0265625 0.03984375
1 0.8859375 0.08203125 0.025 0.04375
1 0.659375 0.96171875 0.0359375 0.05
1 0.8609375 0.57890625 0.03203125 0.04140625
1 0.58515625 0.8453125 0.0390625 0.04296875
1 0.12578125 0.69921875 0.03046875 0.03828125
1 0.35546875 0.63203125 0.0328125 0.0484375
1 0.76015625 0.53046875 0.02421875 0.05
1 0.3234375 0.346875 0.028125 0.04140625
1 0.66484375 0.1984375 0.0265625 0.03828125
1 0.05546875 0.23828125 0.02734375 0.04296875
1 0.5796875 0.76875 0.034375 0.0453125
1 0.30546875 0.5671875 0.02421875 0.04140625
1 0.4046875 0.1546875 0.0234375 0.03671875
1 0.84296875 0.628125 0.0328125 0.05
1 0.30703125 0.36015625 0.065625 0.11875
1 0.17421875 0.76640625 0.0359375 0.046875
1 0.85625 0.40859375 0.03203125 0.04296875
1 0.67578125 0.41171875 0.0296875 0.04296875
1 0.40234375 0.66328125 0.05625 0.175
1 0.3125 0.140625 0.025 0.04140625
1 0.60234375 0.2109375 0.02265625 0.03671875
1 0.3953125 0.7640625 0.03125 0.0453125
1 0.36328125 0.528125 0.0609375 0.13046875
1 0.4578125 0.56015625 0.05390625 0.20390625
1 0.7453125 0.80390625 0.071875 0.16015625
1 0.80390625 0.85859375 0.03203125 0.04296875
1 0.7953125 0.49296875 0.03203125 0.0484375
1 0.271875 0.1890625 0.02421875 0.03671875
1 0.12421875 0.23125 0.0296875 0.0453125
1 0.61171875 0.44375 0.028125 0.03828125
1 0.48125 0.090625 0.0234375 0.03984375
1 0.3625 0.33515625 0.03125 0.04375
1 0.32890625 0.16796875 0.0265625 0.04296875
1 0.2203125 0.1546875 0.03046875 0.03984375
1 0.31484375 0.71171875 0.03046875 0.04296875
1 0.31953125 0.52109375 0.0328125 0.046875
1 0.24296875 0.359375 0.03046875 0.04375
1 0.4953125 0.15234375 0.025 0.03828125
1 0.75859375 0.08203125 0.02734375 0.04140625
1 0.65625 0.2359375 0.025 0.03984375
1 0.45078125 0.4046875 0.0265625 0.04296875
1 0.6515625 0.5796875 0.05859375 0.14375
1 0.8390625 0.4984375 0.03203125 0.04296875
1 0.08125 0.19453125 0.0265625 0.04296875
1 0.371875 0.29765625 0.02421875 0.03984375
1 0.49921875 0.4984375 0.99375 0.99140625
1 0.5515625 0.6078125 0.06640625 0.13828125
1 0.603125 0.17109375 0.04765625 0.13046875
1 0.4703125 0.175 0.0265625 0.04140625
1 0.91796875 0.2875 0.025 0.04375
1 0.21015625 0.2640625 0.028125 0.04140625
1 0.49375 0.26875 0.06640625 0.10546875
1 0.93671875 0.625 0.03125 0.0484375
1 0.13515625 0.409375 0.02421875 0.03515625
1 0.3390625 0.09140625 0.02734375 0.03828125
1 0.54375 0.24609375 0.04375 0.1890625
1 0.77578125 0.2625 0.03046875 0.04375
1 0.82109375 0.90859375 0.03125 0.0453125
1 0.30703125 0.82421875 0.06171875 0.165625
1 0.85703125 0.18203125 0.03046875 0.05
1 0.0921875 0.325 0.03203125 0.0484375
1 0.98046875 0.28359375 0.0296875 0.046875
1 0.85 0.78515625 0.03203125 0.0484375
1 0.275 0.6890625 0.0578125 0.11484375
1 0.06953125 0.709375 0.07421875 0.1703125
1 0.15234375 0.153125 0.0328125 0.03671875
1 0.91328125 0.60078125 0.0265625 0.03828125
1 0.1609375 0.61796875 0.10078125 0.13203125
1 0.0765625 0.95625 0.03984375 0.05546875
1 0.66171875 0.33828125 0.02265625 0.03671875
1 0.72734375 0.64921875 0.0765625 0.1703125
1 0.690625 0.5453125 0.065625 0.15703125
1 0.51875 0.81953125 0.0296875 0.04140625
1 0.25078125 0.21796875 0.0296875 0.04296875
1 0.64375 0.6859375 0.0640625 0.1234375
1 0.196875 0.83515625 0.08203125 0.18828125
1 0.9359375 0.08046875 0.0265625 0.03515625
1 0.53203125 0.36640625 0.025 0.0546875
1 0.134375 0.66640625 0.0359375 0.046875
1 0.1765625 0.18984375 0.02734375 0.03984375
1 0.82890625 0.6609375 0.0609375 0.11484375
1 0.253125 0.60859375 0.06875 0.10703125
1 0.690625 0.9109375 0.05859375 0.13984375
1 0.5296875 0.42109375 0.02734375 0.04375
1 0.6015625 0.6765625 0.0484375 0.13359375
1 0.66796875 0.85234375 0.0703125 0.1484375
1 0.21953125 0.665625 0.028125 0.0484375
1 0.53515625 0.715625 0.05625 0.1515625
1 0.4984375 0.90390625 0.07421875 0.18359375
1 0.8328125 0.55546875 0.03125 0.0515625
1 0.36484375 0.02578125 0.02265625 0.03671875
1 0.7390625 0.3265625 0.0296875 0.03984375
1 0.78203125 0.37421875 0.03203125 0.03828125
1 0.8296875 0.81015625 0.03046875 0.0515625
1 0.62890625 0.73515625 0.025 0.04296875
1 0.09140625 0.1265625 0.028125 0.04375
1 0.38984375 0.725 0.03046875 0.04296875
1 0.03671875 0.875 0.03203125 0.05
1 0.71171875 0.31328125 0.028125 0.0484375
1 0.128125 0.75546875 0.06875 0.1484375
1 0.553125 0.09609375 0.02734375 0.04296875
1 0.7625 0.3234375 0.025 0.04375
1 0.50546875 0.36171875 0.0421875 0.1890625
1 0.74453125 0.15 0.05546875 0.1765625
1 0.025 0.1921875 0.03046875 0.04375
1 0.759375 0.396875 0.02421875 0.04296875
1 0.103125 0.36484375 0.05625 0.13046875
1 0.93125 0.134375 0.0265625 0.03359375
1 0.3609375 0.67421875 0.05 0.13515625
1 0.79765625 0.01796875 0.0265625 0.0359375
1 0.246875 0.115625 0.02734375 0.03984375
1 0.11796875 0.44765625 0.02734375 0.04375
1 0.74921875 0.2015625 0.0234375 0.03828125
1 0.4 0.44296875 0.04375 0.1453125
1 0.721875 0.2546875 0.021875 0.03984375
1 0.5515625 0.60625 0.0296875 0.04375
1 0.05078125 0.64921875 0.0328125 0.05
1 0.89765625 0.44296875 0.07734375 0.16328125
1 0.44375 0.1640625 0.034375 0.1984375
1 0.8421875 0.94921875 0.03828125 0.0484375
1 0.6859375 0.73984375 0.0328125 0.04140625
1 0.31015625 0.4421875 0.05 0.12890625
1 0.1078125 0.57109375 0.08671875 0.15546875
1 0.878125 0.45 0.034375 0.0515625
1 0.3171875 0.59296875 0.0625 0.18515625
1 0.67578125 0.14375 0.0234375 0.03515625
1 0.696875 0.165625 0.0390625 0.15546875
1 0.096875 0.515625 0.0265625 0.046875
1 0.21640625 0.309375 0.04765625 0.13046875
1 0.0796875 0.4 0.03046875 0.04296875
1 0.146875 0.45703125 0.03515625 0.053125
1 0.5890625 0.309375 0.025 0.04296875
1 0.58671875 0.88203125 0.04765625 0.115625
1 0.96640625 0.18203125 0.03046875 0.04140625
1 0.92890625 0.225 0.0296875 0.04375
1 0.6640625 0.45078125 0.05078125 0.1234375
1 0.175 0.10390625 0.028125 0.04140625
1 0.38046875 0.22890625 0.03046875 0.03515625
1 0.4046875 0.39140625 0.025 0.03984375
1 0.440625 0.0828125 0.0234375 0.03671875
1 0.00625 0.46015625 0.01171875 0.04296875
1 0.50859375 0.8875 0.034375 0.0515625
1 0.13125 0.09453125 0.028125 0.03359375
1 0.16328125 0.65546875 0.0265625 0.03359375
1 0.9875 0.5109375 0.021875 0.053125
1 0.72734375 0.38984375 0.05625 0.165625