0 0.7171875 0.2953125 0.0203125 0.0328125
0 0.45234375 0.42265625 0.02421875 0.040625
0 0.76484375 0.3734375 0.03046875 0.0484375
0 0.61796875 0.334375 0.02421875 0.03671875
0 0.51953125 0.38046875 0.02734375 0.0390625
0 0.428125 0.16328125 0.0125 0.021875
0 0.721875 0.7625 0.05390625 0.0921875
0 0.8828125 0.62421875 0.046875 0.07421875
0 0.50234375 0.8859375 0.05 0.08984375
0 0.58125 0.29140625 0.0203125 0.03359375
0 0.1046875 0.3359375 0.0234375 0.03671875
0 0.446875 0.3421875 0.02421875 0.0390625
0 0.8265625 0.1171875 0.015625 0.0234375
0 0.675 0.38125 0.03046875 0.04296875
0 0.9265625 0.5109375 0.04296875 0.06875
0 0.95234375 0.1640625 0.01640625 0.02890625
0 0.2953125 0.33515625 0.0234375 0.0328125
0 0.790625 0.18828125 0.01875 0.0296875
0 0.36484375 0.36171875 0.02421875 0.03671875
0 0.91484375 0.134375 0.0140625 0.021875
0 0.415625 0.2875 0.01953125 0.025
0 0.20546875 0.69375 0.05390625 0.08359375
0 0.66875 0.19921875 0.0140625 0.0234375
0 0.1546875 0.25625 0.0171875 0.025
0 0.8015625 0.146875 0.01484375 0.0234375
0 0.60078125 0.75625 0.053125 0.08203125
0 0.81875 0.14765625 0.01484375 0.021875
0 0.9734375 0.23203125 0.021875 0.03671875
0 0.134375 0.3671875 0.02421875 0.0390625
0 0.35625 0.24921875 0.01640625 0.025
0 0.6765625 0.31875 0.021875 0.03671875
0 0.38984375 0.225 0.015625 0.0234375
0 0.21796875 0.30546875 0.01875 0.025
0 0.93984375 0.1265625 0.0125 0.02109375
0 0.0578125 0.44375 0.03046875 0.04921875
0 0.12265625 0.64140625 0.04765625 0.071875
0 0.7765625 0.2796875 0.02265625 0.03671875
0 0.53203125 0.2109375 0.0140625 0.02109375
0 0.9921875 0.06953125 0.0140625 0.01953125
0 0.69375 0.18203125 0.01484375 0.0234375
0 0.2484375 0.24296875 0.01640625 0.025
0 0.540625 0.60546875 0.04296875 0.07578125
0 0.75390625 0.16640625 0.0140625 0.02109375
0 0.4921875 0.3234375 0.0234375 0.03515625
0 0.534375 0.2828125 0.02265625 0.03125
0 0.24765625 0.27578125 0.01640625 0.0234375
0 0.321875 0.14296875 0.0109375 0.01796875
0 0.5765625 0.24296875 0.015625 0.025
0 0.8171875 0.0984375 0.0140625 0.01953125
0 0.3984375 0.2640625 0.0171875 0.02734375
0 0.02890625 0.34765625 0.0203125 0.03359375
0 0.2 0.36796875 0.025 0.0375
0 0.63125 0.2265625 0.01875 0.02890625
0 0.61796875 0.16796875 0.0125 0.01796875
0 0.2671875 0.32578125 0.0234375 0.03671875
0 0.87265625 0.2015625 0.02265625 0.03359375
0 0.296875 0.3 0.021875 0.0296875
0 0.39453125 0.3796875 0.0234375 0.040625
0 0.87578125 0.50625 0.04375 0.06875
0 0.47578125 0.28125 0.0171875 0.02578125
0 0.6 0.28125 0.01875 0.03125
0 0.73359375 0.13125 0.0140625 0.02109375
0 0.36796875 0.16015625 0.0140625 0.01796875
0 0.0796875 0.21015625 0.0140625 0.01953125
0 0.78046875 0.13671875 0.0140625 0.01796875
0 0.025 0.8921875 0.05 0.10703125
0 0.9234375 0.10625 0.0140625 0.01953125
0 0.359375 0.3234375 0.0234375 0.0328125
0 0.57109375 0.1953125 0.0140625 0.0234375
0 0.6015625 0.1828125 0.015625 0.021875
0 0.1734375 0.29921875 0.0203125 0.03125
0 0.6828125 0.26875 0.02265625 0.0328125
0 0.1796875 0.90703125 0.053125 0.0765625
0 0.95859375 0.0875 0.0125 0.01796875
0 0.646875 0.18828125 0.0125 0.01953125
0 0.9265625 0.08046875 0.0140625 0.01796875
0 0.6859375 0.14140625 0.0140625 0.021875
0 0.20390625 0.23046875 0.015625 0.0234375
0 0.63984375 0.1171875 0.0125 0.02109375
0 0.878125 0.1125 0.0140625 0.01953125
0 0.34453125 0.14765625 0.0109375 0.0171875
0 0.9 0.1 0.0125 0.0234375
0 0.48359375 0.16796875 0.0125 0.01796875
0 0.6484375 0.28125 0.01953125 0.03125
0 0.19375 0.253125 0.01640625 0.025
0 0.54375 0.1375 0.01171875 0.0171875
0 0.5703125 0.165625 0.0140625 0.021875
0 0.9921875 0.1 0.0140625 0.01953125
0 0.40859375 0.20625 0.0125 0.025
0 0.25703125 0.15390625 0.01171875 0.01796875
0 0.41875 0.24921875 0.01640625 0.025
0 0.853125 0.0921875 0.0125 0.01796875
0 0.97265625 0.10546875 0.0140625 0.01796875
0 0.00625 0.33828125 0.0125 0.03125
0 0.840625 0.1671875 0.01875 0.0296875
0 0.84765625 0.12578125 0.0140625 0.01953125
0 0.7390625 0.1015625 0.01171875 0.01796875
0 0.246875 0.1859375 0.0125 0.01796875
0 0.2 0.97578125 0.07890625 0.0453125
0 0.17890625 0.19296875 0.0140625 0.01796875
0 0.9265625 0.1625 0.01484375 0.025
0 0.97734375 0.128125 0.0140625 0.021875
0 0.15703125 0.1671875 0.0109375 0.0140625
0 0.38125 0.17265625 0.0125 0.0171875
0 0.09453125 0.1546875 0.009375 0.01328125
0 0.77265625 0.178125 0.01484375 0.0234375
0 0.259375 0.2953125 0.01875 0.021875
0 0.478125 0.128125 0.01171875 0.0171875
0 0.35078125 0.20625 0.0140625 0.01953125
0 0.09296875 0.9203125 0.0609375 0.1
0 0.55546875 0.196875 0.0140625 0.021875
0 0.97109375 0.1625 0.01875 0.02578125
0 0.1453125 0.209375 0.0140625 0.01796875
0 0.221875 0.17890625 0.0140625 0.0171875
0 0.565625 0.134375 0.0109375 0.01953125
0 0.14375 0.16796875 0.0109375 0.01328125
0 0.1203125 0.16875 0.0109375 0.0140625
0 0.11875 0.15546875 0.0109375 0.01171875
0 0.16953125 0.1703125 0.0109375 0.0140625
0 0.384375 0.29296875 0.01484375 0.0234375
0 0.228125 0.14375 0.0109375 0.0171875
0 0.2421875 0.1515625 0.01171875 0.0171875
0 0.465625 0.18515625 0.0140625 0.02109375
0 0.67109375 0.14453125 0.0125 0.02109375
0 0.18671875 0.2078125 0.0125 0.021875
0 0.10625 0.15703125 0.009375 0.0140625
0 0.946875 0.10625 0.0140625 0.01953125
0 0.0921875 0.1859375 0.0125 0.0171875
0 0.2765625 0.2609375 0.015625 0.025
0 0.2734375 0.178125 0.0140625 0.01796875
0 0.1203125 0.2203125 0.01484375 0.01796875
0 0.496875 0.19140625 0.0140625 0.02109375
0 0.06796875 0.14296875 0.00703125 0.0078125
0 0.1828125 0.14296875 0.009375 0.01328125
0 0.4515625 0.178125 0.015625 0.02109375
0 0.48984375 0.12265625 0.0109375 0.015625
0 0.9859375 0.18828125 0.0171875 0.0296875
0 0.10625 0.14375 0.00859375 0.01171875
0 0.88125 0.08828125 0.0109375 0.01796875
0 0.16015625 0.19375 0.0140625 0.01953125
0 0.9953125 0.13203125 0.0078125 0.021875
0 0.19375 0.18046875 0.0109375 0.0140625
0 0.0546875 0.14375 0.0078125 0.01171875
0 0.5 0.2921875 0.0171875 0.02734375
0 0.08046875 0.15546875 0.00859375 0.01171875
0 0.0046875 0.1421875 0.00859375 0.01328125
0 0.53203125 0.11875 0.0109375 0.0140625
0 0.1859375 0.1625 0.0109375 0.01796875
0 0.88125 0.1734375 0.01640625 0.0234375
0 0.19375 0.14375 0.00859375 0.0140625
0 0.73125 0.22578125 0.01953125 0.02734375
0 0.20390625 0.13828125 0.009375 0.015625
0 0.13203125 0.15546875 0.009375 0.01171875
0 0.33671875 0.1890625 0.0140625 0.02109375
0 0.25390625 0.13203125 0.01171875 0.0140625
0 0.04375 0.15546875 0.00859375 0.01171875
0 0.53203125 0.14296875 0.01171875 0.01796875
0 0.340625 0.1703125 0.0140625 0.01953125
0 0.81953125 0.19140625 0.01484375 0.0234375
0 0.24296875 0.13203125 0.00859375 0.0140625
0 0.06640625 0.1546875 0.009375 0.01328125
0 0.2515625 0.9046875 0.04765625 0.08828125
0 0.48125 0.1453125 0.0125 0.01953125