0 0.55546875 0.02265625 0.01484375 0.021875
0 0.32734375 0.36875 0.03046875 0.04453125
0 0.60625 0.1765625 0.0234375 0.03515625
0 0.6171875 0.42578125 0.03515625 0.0546875
0 0.5828125 0.0578125 0.015625 0.021875
0 0.5734375 0.28203125 0.0296875 0.040625
0 0.309375 0.1 0.01484375 0.025
0 0.37890625 0.5734375 0.04296875 0.05859375
0 0.5078125 0.28515625 0.0328125 0.04453125
0 0.15703125 0.3890625 0.0296875 0.04453125
0 0.2125 0.25625 0.02734375 0.0375
0 0.25859375 0.36875 0.03203125 0.04921875
0 0.8078125 0.4859375 0.0421875 0.05625
0 0.14296875 0.29453125 0.03203125 0.0390625
0 0.165625 0.07265625 0.01484375 0.02109375
0 0.28203125 0.11171875 0.015625 0.02578125
0 0.540625 0.19453125 0.02421875 0.03515625
0 0.7796875 0.56953125 0.040625 0.053125
0 0.878125 0.6515625 0.0484375 0.06875
0 0.34453125 0.06875 0.0140625 0.025
0 0.465625 0.5796875 0.05 0.0609375
0 0.6578125 0.0484375 0.01640625 0.02578125
0 0.36484375 0.06171875 0.01484375 0.025
0 0.03828125 0.18125 0.0234375 0.03125
0 0.396875 0.071875 0.0125 0.021875
0 0.41875 0.0375 0.01484375 0.0234375
0 0.315625 0.175 0.0203125 0.0296875
0 0.44921875 0.04765625 0.0140625 0.021875
0 0.51640625 0.04453125 0.01484375 0.0234375
0 0.13125 0.0765625 0.01484375 0.01953125
0 0.08359375 0.06640625 0.0125 0.02109375
0 0.0046875 0.18828125 0.009375 0.0296875
0 0.5546875 0.09921875 0.0171875 0.02578125
0 0.5671875 0.05546875 0.01484375 0.01953125
0 0.61875 0.31875 0.0296875 0.04296875
0 0.08046875 0.04375 0.0125 0.0171875
0 0.7484375 0.04296875 0.01640625 0.0234375
0 0.0546875 0.00625 0.01171875 0.01171875
0 0.05859375 0.0671875 0.0140625 0.0171875
0 0.77109375 0.046875 0.01640625 0.02109375
0 0.72734375 0.1421875 0.0203125 0.03125
0 0.25390625 0.025 0.01171875 0.0171875
0 0.5921875 0.10625 0.0171875 0.01953125
0 0.98359375 0.0171875 0.01875 0.025
0 0.23125 0.0625 0.0125 0.01796875
0 0.8546875 0.59921875 0.053125 0.0546875
0 0.9609375 0.0984375 0.015625 0.025
0 0.4046875 0.00625 0.0140625 0.01171875
0 0.64609375 0.00625 0.01484375 0.01171875
0 0.6625 0.0078125 0.01484375 0.015625
0 0.02734375 0.07265625 0.0140625 0.01796875
0 0.76484375 0.12421875 0.0203125 0.0296875
0 0.89609375 0.1265625 0.0359375 0.05703125
0 0.684375 0.0078125 0.0125 0.015625
0 0.4015625 0.05078125 0.0140625 0.02109375
0 0.0296875 0.00625 0.0125 0.0125
0 0.70234375 0.0046875 0.015625 0.009375
0 0.571875 0.11015625 0.01640625 0.021875
0 0.75703125 0.0796875 0.01953125 0.0234375
0 0.13984375 0.01640625 0.0109375 0.0171875
0 0.16640625 0.00625 0.0140625 0.0125
0 0.1125 0.01171875 0.01171875 0.01796875
0 0.42109375 0.0828125 0.01171875 0.021875
0 0.0328125 0.0296875 0.0140625 0.0171875
0 0.97734375 0.0890625 0.0140625 0.021875
0 0.01640625 0.00625 0.0140625 0.01171875
0 0.128125 0.00546875 0.0109375 0.01015625
0 0.00703125 0.01796875 0.01171875 0.01796875
0 0.0125 0.06171875 0.0140625 0.01953125
0 0.128125 0.01796875 0.0109375 0.01796875
0 0.5203125 0.0203125 0.0140625 0.021875