0 0.2734375 0.34296875 0.0234375 0.0375
0 0.378125 0.05625 0.01484375 0.021875
0 0.540625 0.2671875 0.0234375 0.0375
0 0.03203125 0.2546875 0.0296875 0.040625
0 0.1375 0.1890625 0.02265625 0.03671875
0 0.55234375 0.39921875 0.028125 0.0453125
0 0.134375 0.12578125 0.01875 0.02734375
0 0.27890625 0.74375 0.0578125 0.08046875
0 0.08046875 0.17265625 0.0203125 0.0296875
0 0.62578125 0.27265625 0.028125 0.040625
0 0.2984375 0.225 0.025 0.03671875
0 0.696875 0.32421875 0.03125 0.04453125
0 0.415625 0.35078125 0.03046875 0.0484375
0 0.9640625 0.4359375 0.03125 0.0484375
0 0.36484375 0.096875 0.01484375 0.021875
0 0.26796875 0.18046875 0.01875 0.0296875
0 0.35546875 0.1296875 0.0171875 0.02734375
0 0.825 0.43125 0.03203125 0.0484375
0 0.0875 0.0671875 0.01484375 0.021875
0 0.175 0.3671875 0.0265625 0.04140625
0 0.38359375 0.5140625 0.04765625 0.071875
0 0.1921875 0.1921875 0.02265625 0.03515625
0 0.3421875 0.0890625 0.0140625 0.021875
0 0.228125 0.43046875 0.02734375 0.04296875
0 0.7109375 0.38125 0.0296875 0.04296875
0 0.9640625 0.3421875 0.03203125 0.0453125
0 0.128125 0.0609375 0.01484375 0.021875
0 0.42734375 0.11171875 0.01640625 0.02578125
0 0.90703125 0.1875 0.02265625 0.03125
0 0.0453125 0.11171875 0.021875 0.03125
0 0.1625 0.18828125 0.02265625 0.0328125
0 0.834375 0.09296875 0.0125 0.01953125
0 0.434375 0.1671875 0.01875 0.02734375
0 0.9046875 0.228125 0.025 0.0375
0 0.94453125 0.51953125 0.03515625 0.0546875
0 0.94921875 0.14296875 0.0171875 0.02578125
0 0.096875 0.2359375 0.025 0.03359375
0 0.8078125 0.1390625 0.01640625 0.025
0 0.8703125 0.26796875 0.0296875 0.0546875
0 0.83359375 0.34296875 0.0265625 0.0375
0 0.98359375 0.20546875 0.02265625 0.03671875
0 0.5125 0.13046875 0.0171875 0.02578125
0 0.95234375 0.2296875 0.025 0.03515625
0 0.25546875 0.11015625 0.01484375 0.02734375
0 0.15859375 0.14375 0.01875 0.0296875
0 0.35078125 0.05625 0.0140625 0.0234375
0 0.5046875 0.0765625 0.0140625 0.02109375
0 0.978125 0.1609375 0.01875 0.02734375
0 0.7453125 0.3734375 0.02734375 0.04296875
0 0.2984375 0.12421875 0.0171875 0.025
0 0.11875 0.1671875 0.0171875 0.0296875
0 0.115625 0.11796875 0.01875 0.025
0 0.046875 0.04296875 0.0140625 0.01796875
0 0.10859375 0.0203125 0.0125 0.01953125
0 0.3984375 0.1296875 0.0171875 0.025
0 0.040625 0.0140625 0.0125 0.02109375
0 0.159375 0.0328125 0.0140625 0.02109375
0 0.225 0.13828125 0.01875 0.02578125
0 0.778125 0.09140625 0.0140625 0.01796875
0 0.4046875 0.0875 0.015625 0.01953125
0 0.0046875 0.07578125 0.009375 0.02578125
0 0.5921875 0.01796875 0.01171875 0.01796875
0 0.809375 0.31796875 0.02421875 0.03671875
0 0.42109375 0.0296875 0.0125 0.01796875
0 0.84609375 0.13671875 0.01875 0.02578125
0 0.30703125 0.08046875 0.01484375 0.01796875
0 0.23125 0.03515625 0.0125 0.01796875
0 0.74140625 0.0171875 0.009375 0.015625
0 0.80703125 0.05625 0.0109375 0.0171875
0 0.27421875 0.109375 0.01484375 0.0234375
0 0.9453125 0.071875 0.0140625 0.01953125
0 0.31796875 0.04375 0.0125 0.01953125
0 0.66796875 0.05625 0.01171875 0.0171875
0 0.92734375 0.11875 0.01640625 0.025
0 0.56328125 0.31796875 0.02265625 0.03671875
0 0.5328125 0.13046875 0.01484375 0.0234375
0 0.2140625 0.06171875 0.015625 0.025
0 0.134375 0.01328125 0.0140625 0.02109375
0 0.9515625 0.09453125 0.01484375 0.021875
0 0.2484375 0.06171875 0.01640625 0.01953125
0 0.75078125 0.0875 0.0140625 0.021875
0 0.45234375 0.0640625 0.0140625 0.02109375
0 0.1234375 0.03046875 0.0140625 0.01953125
0 0.86953125 0.09375 0.01484375 0.02109375
0 0.90859375 0.46171875 0.02421875 0.0375
0 0.0109375 0.5296875 0.021875 0.0375
0 0.646875 0.05546875 0.01171875 0.01953125
0 0.68828125 0.08671875 0.0140625 0.01953125
0 0.078125 0.00703125 0.0140625 0.0140625
0 0.75703125 0.0484375 0.01171875 0.0171875
0 0.88984375 0.11328125 0.01484375 0.0234375
0 0.43046875 0.00625 0.0140625 0.01171875
0 0.98125 0.01953125 0.01171875 0.015625
0 0.85859375 0.0703125 0.0125 0.01796875
0 0.66875 0.00625 0.0109375 0.01171875
0 0.9328125 0.0421875 0.0109375 0.0171875
0 0.715625 0.0296875 0.0109375 0.0171875
0 0.540625 0.025 0.0109375 0.01796875
0 0.7171875 0.13125 0.015625 0.025
0 0.790625 0.11796875 0.01484375 0.025
0 0.39140625 0.00703125 0.0140625 0.0140625
0 0.95234375 0.0375 0.01171875 0.01796875
0 0.1453125 0.03671875 0.0140625 0.02109375
0 0.840625 0.01875 0.0109375 0.0140625
0 0.23671875 0.08515625 0.01640625 0.021875
0 0.60625 0.0140625 0.0109375 0.01953125
0 0.578125 0.05625 0.01171875 0.01953125
0 0.6578125 0.040625 0.0109375 0.0171875
0 0.14921875 0.1109375 0.01640625 0.02734375
0 0.2796875 0.03125 0.0125 0.01796875
0 0.096875 0.04296875 0.0140625 0.01796875
0 0.9328125 0.0890625 0.0140625 0.021875
0 0.4984375 0.14921875 0.01640625 0.025
0 0.97265625 0.12890625 0.0171875 0.02578125
0 0.903125 0.5171875 0.0359375 0.05859375
0 0.36171875 0.01015625 0.0125 0.01796875
0 0.45859375 0.00625 0.0109375 0.01171875
0 0.2984375 0.0984375 0.01484375 0.01953125
0 0.30859375 0.00625 0.0140625 0.0125
0 0.98125 0.0609375 0.0125 0.01796875
0 0.603125 0.05625 0.01171875 0.01953125
0 0.92109375 0.04453125 0.0109375 0.015625
0 0.24296875 0.025 0.0140625 0.01796875
0 0.68828125 0.04140625 0.01171875 0.015625
0 0.33046875 0.0125 0.0125 0.01953125
0 0.8828125 0.02890625 0.009375 0.015625
0 0.7171875 0.00625 0.009375 0.01171875
0 0.55546875 0.00625 0.0109375 0.01171875
0 0.43984375 0.0171875 0.0125 0.0171875
0 0.80234375 0.09140625 0.0125 0.01796875
0 0.4609375 0.04140625 0.01171875 0.01796875
0 0.50625 0.00625 0.0109375 0.01171875
0 0.00390625 0.034375 0.0078125 0.021875
0 0.84296875 0.04140625 0.0109375 0.015625
0 0.86796875 0.18046875 0.01640625 0.025
0 0.7046875 0.00625 0.0109375 0.01171875
0 0.065625 0.046875 0.01484375 0.02109375
0 0.49375 0.03203125 0.0109375 0.0171875
0 0.4671875 0.01875 0.01171875 0.0171875
0 0.51484375 0.01875 0.0109375 0.0171875
0 0.86171875 0.0109375 0.00859375 0.0140625
0 0.73359375 0.0609375 0.01171875 0.0171875
0 0.365625 0.23203125 0.01875 0.02890625
0 0.85625 0.04140625 0.00859375 0.01328125
0 0.99375 0.1234375 0.009375 0.021875
0 0.57109375 0.02890625 0.0109375 0.015625
0 0.99375 0.04296875 0.009375 0.01796875
0 0.98359375 0.103125 0.01484375 0.021875
0 0.48125 0.0234375 0.0109375 0.015625
0 0.89453125 0.09140625 0.009375 0.01796875
0 0.6703125 0.0390625 0.0109375 0.015625
0 0.90546875 0.04375 0.0109375 0.0171875
0 0.825 0.025 0.00859375 0.01328125
0 0.478125 0.00625 0.0109375 0.01171875
0 0.628125 0.0375 0.0109375 0.01796875
0 0.51875 0.040625 0.01171875 0.01953125
0 0.80625 0.0203125 0.0109375 0.0140625
0 0.8703125 0.05546875 0.009375 0.0140625
0 0.79375 0.0265625 0.009375 0.0171875
0 0.89375 0.01875 0.0109375 0.0140625
0 0.95234375 0.01796875 0.0109375 0.01796875
0 0.50703125 0.0515625 0.0140625 0.01953125
0 0.6546875 0.00625 0.009375 0.01171875
0 0.34296875 0.03125 0.0140625 0.01796875
0 0.00625 0.00625 0.0125 0.0125
0 0.821875 0.04375 0.0109375 0.0171875
0 0.69375 0.01640625 0.00859375 0.0140625
0 0.68125 0.00625 0.0109375 0.01171875
0 0.80703125 0.00625 0.00859375 0.01171875
0 0.71953125 0.1046875 0.0140625 0.01953125
0 0.40546875 0.00546875 0.0140625 0.01015625
0 0.95 0.3 0.03125 0.0328125
0 0.8421875 0.06796875 0.0109375 0.01796875
0 0.603125 0.03203125 0.0109375 0.0171875
0 0.06953125 0.02578125 0.0140625 0.01796875
0 0.88125 0.00625 0.0109375 0.01171875
0 0.48671875 0.06171875 0.0125 0.01953125
0 0.634375 0.0546875 0.0125 0.01796875
0 0.5375 0.06328125 0.01171875 0.01953125
0 0.89140625 0.04296875 0.0109375 0.01328125
0 0.75546875 0.00546875 0.0109375 0.01015625
0 0.19296875 0.05078125 0.0125 0.01796875
0 0.40234375 0.0203125 0.0140625 0.021875
0 0.98125 0.04296875 0.0109375 0.01796875
0 0.8296875 0.00546875 0.009375 0.01015625
0 0.0203125 0.00625 0.01171875 0.01171875
0 0.653125 0.07421875 0.0125 0.01796875
0 0.315625 0.01875 0.0125 0.0171875
0 0.86796875 0.03125 0.00859375 0.01328125
0 0.7296875 0.00546875 0.009375 0.01015625
0 0.9046875 0.02890625 0.009375 0.015625
0 0.28828125 0.0796875 0.01484375 0.02109375
0 0.290625 0.00625 0.0125 0.0125
0 0.746875 0.19375 0.01875 0.0296875
0 0.878125 0.06953125 0.0109375 0.0140625
0 0.0921875 0.1390625 0.021875 0.0328125
0 0.81484375 0.08203125 0.0125 0.02109375
0 0.87265625 0.11796875 0.01484375 0.025
0 0.6546875 0.01953125 0.00859375 0.015625
0 0.484375 0.04296875 0.01171875 0.01796875
0 0.81796875 0.00625 0.0109375 0.01171875
0 0.821875 0.11875 0.0140625 0.01796875
0 0.171875 0.0375 0.0140625 0.01953125
0 0.7671875 0.00625 0.0109375 0.01171875
0 0.05625 0.00625 0.0125 0.01171875
0 0.79375 0.05390625 0.0109375 0.0171875
0 0.78515625 0.06796875 0.01171875 0.01796875
0 0.7421875 0.1671875 0.0171875 0.025
0 0.90703125 0.0671875 0.009375 0.0140625
0 0.78671875 0.0109375 0.0109375 0.0140625
0 0.0859375 0.02578125 0.0140625 0.01796875