0 0.1453125 0.7375 0.0390625 0.0609375
0 0.4234375 0.5984375 0.034375 0.05078125
0 0.23125 0.9 0.0484375 0.07578125
0 0.1734375 0.46015625 0.03125 0.04296875
0 0.846875 0.20546875 0.0171875 0.02578125
0 0.38046875 0.42578125 0.0265625 0.0390625
0 0.6828125 0.39140625 0.03125 0.04296875
0 0.53828125 0.37421875 0.025 0.0375
0 0.51484375 0.24140625 0.01640625 0.021875
0 0.79296875 0.24921875 0.01953125 0.0296875
0 0.4046875 0.171875 0.01484375 0.0234375
0 0.83359375 0.17578125 0.0203125 0.03125
0 0.6703125 0.2671875 0.0171875 0.02578125
0 0.196875 0.65390625 0.0359375 0.0546875
0 0.51171875 0.4546875 0.03125 0.04296875
0 0.4015625 0.3890625 0.0296875 0.0375
0 0.59765625 0.6796875 0.0390625 0.0546875
0 0.096875 0.8375 0.05 0.0625
0 0.69453125 0.17265625 0.01484375 0.025
0 0.06328125 0.5625 0.0375 0.04453125
0 0.3828125 0.18515625 0.015625 0.02578125
0 0.28984375 0.78671875 0.0453125 0.0625
0 0.5015625 0.3421875 0.02265625 0.03359375
0 0.06875 0.2296875 0.01875 0.0296875
0 0.74296875 0.16171875 0.01640625 0.0234375
0 0.0296875 0.4234375 0.0296875 0.04296875
0 0.6171875 0.21171875 0.0171875 0.025
0 0.26484375 0.20703125 0.01640625 0.0234375
0 0.30390625 0.20390625 0.01640625 0.021875
0 0.85390625 0.0828125 0.01484375 0.025
0 0.946875 0.13671875 0.01875 0.02578125
0 0.35859375 0.1171875 0.0140625 0.02109375
0 0.77421875 0.2609375 0.01640625 0.0296875
0 0.43828125 0.15546875 0.0140625 0.01953125
0 0.04609375 0.2359375 0.01875 0.0296875
0 0.26640625 0.5140625 0.03046875 0.0390625
0 0.4859375 0.18125 0.0140625 0.021875
0 0.97109375 0.20703125 0.0203125 0.02890625
0 0.2125 0.5078125 0.03046875 0.04453125
0 0.1375 0.22421875 0.01640625 0.0234375
0 0.2984375 0.159375 0.015625 0.021875
0 0.46953125 0.16796875 0.0140625 0.01796875
0 0.5578125 0.58671875 0.02421875 0.0296875
0 0.55546875 0.2484375 0.01640625 0.02109375
0 0.29609375 0.0875 0.0140625 0.01953125
0 0.421875 0.2046875 0.0140625 0.01953125
0 0.203125 0.1109375 0.0140625 0.0234375
0 0.55 0.1859375 0.01484375 0.021875
0 0.40703125 0.03125 0.01171875 0.01796875
0 0.478125 0.0484375 0.01171875 0.01796875
0 0.45859375 0.01796875 0.0109375 0.01796875
0 0.2359375 0.2171875 0.01484375 0.0234375
0 0.93828125 0.2390625 0.015625 0.025
0 0.25703125 0.3359375 0.021875 0.02890625
0 0.85625 0.30546875 0.01875 0.0296875
0 0.7234375 0.11328125 0.01484375 0.02578125
0 0.65 0.1390625 0.01484375 0.02578125
0 0.253125 0.06953125 0.0125 0.01953125
0 0.93046875 0.196875 0.01640625 0.021875
0 0.18203125 0.13203125 0.01484375 0.021875
0 0.26640625 0.0671875 0.009375 0.0171875
0 0.46640625 0.0328125 0.0109375 0.015625
0 0.2359375 0.04140625 0.01171875 0.01796875
0 0.3875 0.0140625 0.0109375 0.01796875
0 0.48359375 0.30390625 0.01640625 0.021875
0 0.34453125 0.08046875 0.0140625 0.01796875
0 0.20859375 0.04453125 0.0125 0.02109375
0 0.01875 0.05078125 0.0171875 0.0234375
0 0.1796875 0.11015625 0.0140625 0.01953125
0 0.21875 0.11875 0.0140625 0.0140625
0 0.41171875 0.0125 0.0109375 0.0140625
0 0.20703125 0.071875 0.015625 0.01953125
0 0.25546875 0.1015625 0.0125 0.01796875
0 0.8546875 0.12578125 0.015625 0.021875
0 0.4921875 0.05 0.01171875 0.0171875
0 0.2984375 0.4921875 0.025 0.03671875
0 0.89921875 0.271875 0.0171875 0.01796875
0 0.2546875 0.00625 0.0140625 0.01171875
0 0.70234375 0.28125 0.0203125 0.03125
0 0.45546875 0.06875 0.0125 0.01953125
0 0.4796875 0.00625 0.009375 0.01171875
0 0.4328125 0.17890625 0.01484375 0.01953125