0 0.16328125 0.75546875 0.05078125 0.06796875
0 0.62578125 0.4671875 0.0296875 0.0453125
0 0.88125 0.41875 0.028125 0.04296875
0 0.46875 0.51328125 0.03125 0.04921875
0 0.63125 0.4125 0.0265625 0.0375
0 0.278125 0.4828125 0.0265625 0.0453125
0 0.4421875 0.58671875 0.034375 0.0484375
0 0.7921875 0.6734375 0.046875 0.05234375
0 0.61796875 0.93046875 0.06171875 0.1
0 0.66484375 0.38125 0.0203125 0.0328125
0 0.3078125 0.50703125 0.0375 0.053125
0 0.8046875 0.74453125 0.0640625 0.0859375
0 0.6625 0.53671875 0.03828125 0.04921875
0 0.43359375 0.29921875 0.0171875 0.02578125
0 0.48203125 0.78828125 0.0515625 0.0875
0 0.3078125 0.27421875 0.0234375 0.0328125
0 0.75390625 0.43515625 0.03125 0.0390625
0 0.16328125 0.1421875 0.0140625 0.02109375
0 0.35859375 0.303125 0.0234375 0.03125
0 0.159375 0.24453125 0.02421875 0.03359375
0 0.55546875 0.2796875 0.01640625 0.02578125
0 0.56640625 0.38046875 0.025 0.03125
0 0.2671875 0.13828125 0.0140625 0.01796875
0 0.7625 0.5171875 0.03828125 0.05078125
0 0.1859375 0.13515625 0.01484375 0.02109375
0 0.9546875 0.525 0.0328125 0.04453125
0 0.3953125 0.15546875 0.01171875 0.01953125
0 0.26640625 0.178125 0.01484375 0.0234375
0 0.6390625 0.3234375 0.0203125 0.0296875
0 0.3703125 0.23515625 0.01640625 0.02734375
0 0.11796875 0.1171875 0.0140625 0.01796875
0 0.825 0.24375 0.0140625 0.01796875
0 0.540625 0.2046875 0.01171875 0.0171875
0 0.3453125 0.1921875 0.01640625 0.025
0 0.921875 0.61953125 0.0484375 0.0703125
0 0.50234375 0.18515625 0.0125 0.01796875
0 0.43984375 0.21953125 0.0125 0.021875
0 0.82578125 0.4125 0.0265625 0.0390625
0 0.60234375 0.2828125 0.0171875 0.02578125
0 0.2953125 0.13125 0.0140625 0.01953125
0 0.2890625 0.23828125 0.021875 0.03125
0 0.1203125 0.165625 0.01484375 0.021875
0 0.203125 0.1453125 0.0140625 0.021875
0 0.32890625 0.09453125 0.009375 0.0140625
0 0.640625 0.2 0.01171875 0.0171875
0 0.45859375 0.18046875 0.0125 0.01953125
0 0.6375 0.58125 0.0453125 0.05859375
0 0.853125 0.24453125 0.0140625 0.015625
0 0.1046875 0.04296875 0.009375 0.01796875
0 0.2171875 0.12578125 0.01171875 0.0171875
0 0.3671875 0.271875 0.015625 0.0234375
0 0.509375 0.20546875 0.0125 0.01796875
0 0.91640625 0.19375 0.0109375 0.01328125
0 0.1046875 0.11015625 0.0140625 0.01953125
0 0.440625 0.1265625 0.0109375 0.015625
0 0.50703125 0.134375 0.009375 0.0140625
0 0.796875 0.19375 0.01171875 0.0140625
0 0.37734375 0.16875 0.0125 0.0171875
0 0.38984375 0.065625 0.0109375 0.0171875
0 0.7015625 0.28046875 0.015625 0.01953125
0 0.4953125 0.14296875 0.009375 0.01328125
0 0.24296875 0.146875 0.0140625 0.01796875
0 0.6078125 0.2546875 0.0140625 0.01953125
0 0.64609375 0.16953125 0.0109375 0.015625
0 0.2625 0.084375 0.0109375 0.015625
0 0.6765625 0.19453125 0.01171875 0.0140625
0 0.490625 0.1625 0.01171875 0.01796875
0 0.53046875 0.12890625 0.0109375 0.01328125
0 0.60703125 0.13125 0.0109375 0.01171875
0 0.415625 0.1203125 0.0109375 0.0171875
0 0.58359375 0.18203125 0.0109375 0.015625
0 0.29609375 0.3578125 0.02421875 0.0328125
0 0.26484375 0.10625 0.01171875 0.01953125
0 0.85859375 0.190625 0.0109375 0.0140625
0 0.5203125 0.16796875 0.01171875 0.01328125
0 0.603125 0.2125 0.0125 0.01796875
0 0.69375 0.2046875 0.01171875 0.0171875
0 0.48203125 0.14140625 0.0109375 0.0140625
0 0.128125 0.053125 0.0109375 0.01796875
0 0.55234375 0.33203125 0.01875 0.0234375
0 0.9296875 0.19296875 0.009375 0.01328125
0 0.74453125 0.23125 0.0109375 0.0140625
0 0.57734375 0.2203125 0.01171875 0.01796875
0 0.21953125 0.15 0.0140625 0.01953125
0 0.55625 0.14453125 0.0109375 0.01328125
0 0.19140625 0.25390625 0.015625 0.02578125
0 0.7578125 0.2296875 0.0140625 0.0171875
0 0.77109375 0.2328125 0.0125 0.0171875
0 0.6578125 0.20625 0.0109375 0.0140625
0 0.3296875 0.18125 0.015625 0.025
0 0.50703125 0.29140625 0.01484375 0.02109375
0 0.5203125 0.13046875 0.00859375 0.01328125
0 0.14296875 0.1390625 0.01484375 0.02109375
0 0.54375 0.13046875 0.00859375 0.01328125
0 0.94609375 0.2046875 0.0109375 0.01328125
0 0.89140625 0.19296875 0.0109375 0.01328125
0 0.53828125 0.240625 0.0140625 0.02109375
0 0.89609375 0.24296875 0.0125 0.0140625
0 0.5375 0.1109375 0.00859375 0.01171875
0 0.99453125 0.56953125 0.00859375 0.0484375
0 0.94140625 0.15546875 0.0078125 0.01171875
0 0.48125 0.11640625 0.00859375 0.0140625
0 0.91875 0.1546875 0.00703125 0.01015625
0 0.61796875 0.1671875 0.00859375 0.0140625
0 0.8171875 0.196875 0.009375 0.0140625
0 0.67890625 0.2671875 0.01484375 0.0171875
0 0.1140625 0.065625 0.01171875 0.0171875
0 0.36875 0.14296875 0.0140625 0.01796875
0 0.04375 0.103125 0.01171875 0.0171875
0 0.98515625 0.25390625 0.0171875 0.0234375
0 0.40703125 0.09453125 0.00859375 0.0140625
0 0.6546875 0.12890625 0.0078125 0.01015625
0 0.64140625 0.14140625 0.009375 0.0140625
0 0.55625 0.10625 0.00703125 0.01171875
0 0.66328125 0.1640625 0.009375 0.015625
0 0.66484375 0.2234375 0.01171875 0.0171875
0 0.9296875 0.16875 0.0078125 0.01171875
0 0.8359375 0.3796875 0.025 0.0296875
0 0.55546875 0.0796875 0.00625 0.0078125
0 0.55546875 0.09375 0.00703125 0.0078125
0 0.81640625 0.16640625 0.009375 0.01328125
0 0.58671875 0.31171875 0.01640625 0.025
0 0.29765625 0.3265625 0.0234375 0.02578125
0 0.53359375 0.33203125 0.01484375 0.0234375
0 0.8921875 0.15546875 0.0078125 0.01171875
0 0.6296875 0.1640625 0.00859375 0.01328125
0 0.44375 0.19296875 0.0125 0.01796875
0 0.5125 0.23671875 0.0125 0.01796875
0 0.5375 0.08671875 0.00703125 0.01171875
0 0.70234375 0.21953125 0.01171875 0.0140625
0 0.93125 0.15625 0.0078125 0.0078125
0 0.3046875 0.14296875 0.01171875 0.01796875
0 0.56875 0.0796875 0.00703125 0.01171875
0 0.9921875 0.2296875 0.01171875 0.0171875