0 0.91640625 0.25859375 0.0125 0.01953125
0 0.23046875 0.92109375 0.015625 0.02421875
0 0.10625 0.0203125 0.0125 0.02109375
0 0.7296875 0.23984375 0.0140625 0.02109375
0 0.28046875 0.56953125 0.01640625 0.02734375
0 0.77890625 0.72890625 0.01328125 0.02421875
0 0.79296875 0.35859375 0.01328125 0.02109375
0 0.6640625 0.68046875 0.015625 0.02421875
0 0.70390625 0.68046875 0.0140625 0.02109375
0 0.63125 0.0828125 0.0140625 0.02265625
0 0.74609375 0.63671875 0.015625 0.02421875
0 0.54453125 0.16640625 0.01328125 0.02109375
0 0.05625 0.7203125 0.015625 0.02265625
0 0.284375 0.8640625 0.0140625 0.02109375
0 0.89609375 0.5875 0.0140625 0.02421875
0 0.13359375 0.85859375 0.01328125 0.02265625
0 0.39453125 0.31796875 0.0140625 0.02421875
0 0.69296875 0.8640625 0.0140625 0.02421875
0 0.10859375 0.86875 0.0140625 0.02109375
0 0.29609375 0.096875 0.0125 0.02109375
0 0.40859375 0.0640625 0.01328125 0.02109375
0 0.51953125 0.04453125 0.0140625 0.02421875
0 0.61640625 0.9046875 0.0140625 0.02734375
0 0.496875 0.6640625 0.0140625 0.02109375
0 0.82109375 0.6828125 0.01328125 0.02265625
0 0.95703125 0.14453125 0.01328125 0.02265625
0 0.7578125 0.31796875 0.0140625 0.02109375
0 0.85703125 0.12109375 0.01328125 0.02109375
0 0.45859375 0.896875 0.015625 0.02421875
0 0.56015625 0.35859375 0.0140625 0.02421875
0 0.2203125 0.7859375 0.015625 0.02109375
0 0.1796875 0.81796875 0.0140625 0.02265625
0 0.3515625 0.60234375 0.0140625 0.02109375
0 0.8671875 0.675 0.01328125 0.02265625
0 0.71796875 0.3828125 0.015625 0.02421875
0 0.5390625 0.74453125 0.0140625 0.02265625
0 0.65546875 0.234375 0.01328125 0.02265625
0 0.32109375 0.79453125 0.01328125 0.02109375
0 0.096875 0.82578125 0.0140625 0.02265625
0 0.6421875 0.73203125 0.0140625 0.02265625
0 0.31328125 0.74765625 0.0140625 0.02265625
0 0.184375 0.2515625 0.0140625 0.02421875
0 0.38125 0.72890625 0.0140625 0.02421875
0 0.29296875 0.95859375 0.01640625 0.02109375
0 0.4515625 0.97734375 0.0140625 0.02578125
0 0.13984375 0.109375 0.01328125 0.02109375
0 0.4828125 0.1421875 0.0125 0.02109375
0 0.20546875 0.82109375 0.0140625 0.02578125
0 0.58125 0.14765625 0.01328125 0.02265625
0 0.240625 0.053125 0.01328125 0.02109375
0 0.2765625 0.1421875 0.01171875 0.02109375
0 0.484375 0.02890625 0.0140625 0.02265625
0 0.5921875 0.015625 0.015625 0.02109375
0 0.61640625 0.68515625 0.0140625 0.02734375
0 0.26328125 0.1859375 0.015625 0.02109375
0 0.79140625 0.52890625 0.01328125 0.02109375
0 0.0703125 0.26875 0.01328125 0.02109375
0 0.8203125 0.18515625 0.01328125 0.02265625
0 0.85625 0.17734375 0.01328125 0.02265625
0 0.359375 0.85859375 0.01328125 0.02265625
0 0.228125 0.03203125 0.01171875 0.02109375
0 0.1125 0.7859375 0.015625 0.02109375
0 0.15859375 0.2234375 0.0125 0.02109375
0 0.6859375 0.81796875 0.015625 0.02578125
0 0.4796875 0.81796875 0.01328125 0.02578125
0 0.1890625 0.89375 0.015625 0.02421875
0 0.4828125 0.8609375 0.0140625 0.02734375
0 0.259375 0.1046875 0.01328125 0.02109375
0 0.2140625 0.7375 0.015625 0.02421875
0 0.00390625 0.3203125 0.00703125 0.02265625
0 0.828125 0.015625 0.0140625 0.02421875
0 0.18125 0.11796875 0.01328125 0.02109375
0 0.36015625 0.28046875 0.0140625 0.02421875
0 0.22109375 0.96953125 0.015625 0.02734375
0 0.36328125 0.77265625 0.01328125 0.02265625
0 0.69453125 0.7421875 0.0140625 0.02421875
0 0.55703125 0.0078125 0.0140625 0.015625
0 0.40390625 0.7203125 0.0140625 0.02265625
0 0.2390625 0.178125 0.0125 0.02109375
0 0.44765625 0.86640625 0.0140625 0.02578125
0 0.50625 0.76640625 0.0140625 0.02421875
0 0.41875 0.734375 0.0140625 0.02421875
0 0.45234375 0.8203125 0.0140625 0.02421875
0 0.76484375 0.75859375 0.0125 0.02109375
0 0.5359375 0.696875 0.01328125 0.02109375
0 0.34453125 0.25390625 0.015625 0.02265625
0 0.7296875 0.178125 0.0140625 0.02109375
0 0.58515625 0.05625 0.015625 0.02421875
0 0.77578125 0.79453125 0.01328125 0.02421875
0 0.6390625 0.79453125 0.0140625 0.02421875
0 0.3640625 0.0609375 0.01328125 0.02109375
0 0.40390625 0.12109375 0.01328125 0.02109375
0 0.9078125 0.8125 0.015625 0.02421875
0 0.45703125 0.715625 0.0140625 0.02265625
0 0.325 0.85625 0.015625 0.02734375
0 0.49140625 0.30390625 0.0140625 0.02265625
0 0.49609375 0.80234375 0.01328125 0.02109375
0 0.93359375 0.01328125 0.01328125 0.02265625
0 0.365625 0.15625 0.01328125 0.02265625
0 0.9125 0.12890625 0.0140625 0.02421875
0 0.72109375 0.09375 0.01328125 0.02109375
0 0.55625 0.678125 0.01328125 0.01953125
0 0.93203125 0.19609375 0.0125 0.02109375
0 0.17578125 0.05859375 0.01328125 0.01953125
0 0.46953125 0.79609375 0.01328125 0.02109375
0 0.45859375 0.01796875 0.01328125 0.02265625
0 0.33046875 0.3375 0.015625 0.02734375
0 0.178125 0.1609375 0.01328125 0.02265625
0 0.78984375 0.296875 0.0140625 0.02109375
0 0.00546875 0.68828125 0.01015625 0.02734375
0 0.69609375 0.13203125 0.0125 0.02265625
0 0.65859375 0.05390625 0.01328125 0.02265625
0 0.02109375 0.19140625 0.01328125 0.02109375
0 0.9078125 0.0828125 0.01328125 0.01953125
0 0.90859375 0.778125 0.0125 0.02109375
0 0.04609375 0.21875 0.01328125 0.02421875
0 0.890625 0.87265625 0.0140625 0.02109375
0 0.7859375 0.67734375 0.0140625 0.02109375
0 0.35703125 0.971875 0.015625 0.02421875
0 0.034375 0.31796875 0.01328125 0.02109375
0 0.80859375 0.24765625 0.01328125 0.02109375
0 0.47890625 0.20703125 0.01328125 0.02109375
0 0.8890625 0.64453125 0.01328125 0.02421875
0 0.71328125 0.7859375 0.0140625 0.02421875
0 0.5125 0.91796875 0.0140625 0.02421875
0 0.4203125 0.89375 0.015625 0.02734375
0 0.025 0.878125 0.01640625 0.02265625
0 0.6578125 0.17265625 0.0140625 0.02265625
0 0.95703125 0.64453125 0.015625 0.02421875
0 0.49765625 0.95859375 0.015625 0.02734375
0 0.66015625 0.128125 0.0125 0.02265625
0 0.70859375 0.8234375 0.015625 0.02734375
0 0.6890625 0.76953125 0.015625 0.02734375
0 0.60234375 0.76640625 0.0140625 0.02109375
0 0.078125 0.13984375 0.0125 0.02265625
0 0.71328125 0.00703125 0.0140625 0.0140625
0 0.915625 0.02109375 0.0140625 0.02265625
0 0.77890625 0.64765625 0.015625 0.02734375
0 0.86484375 0.309375 0.0140625 0.02109375
0 0.77109375 0.2203125 0.0140625 0.02109375
0 0.42578125 0.3125 0.0140625 0.02265625
0 0.90859375 0.95078125 0.0171875 0.02421875
0 0.1328125 0.02109375 0.0125 0.01953125
0 0.14765625 0.834375 0.0125 0.02265625
0 0.21640625 0.16875 0.0125 0.02265625
0 0.70703125 0.22890625 0.01328125 0.02265625
0 0.9015625 0.75078125 0.01328125 0.01796875
0 0.50859375 0.72109375 0.01328125 0.02109375
0 0.92578125 0.83671875 0.0140625 0.02734375
0 0.39453125 0.1015625 0.0125 0.02109375
0 0.84765625 0.9609375 0.0140625 0.02578125
0 0.32890625 0.934375 0.0140625 0.02734375
0 0.6640625 0.75390625 0.0140625 0.02421875
0 0.4484375 0.6265625 0.0140625 0.02421875
0 0.4390625 0.69375 0.0125 0.02109375
0 0.95390625 0.8203125 0.015625 0.02421875
0 0.1640625 0.88515625 0.01640625 0.02109375
0 0.8828125 0.20390625 0.0125 0.02109375
0 0.8375 0.7796875 0.0140625 0.02421875
0 0.7375 0.86640625 0.0140625 0.02578125
0 0.42109375 0.034375 0.01328125 0.02265625
0 0.671875 0.9015625 0.0140625 0.02734375
0 0.165625 0.853125 0.01328125 0.02109375
0 0.3984375 0.16953125 0.01328125 0.02421875
0 0.16328125 0.07734375 0.01328125 0.02109375
0 0.0234375 0.253125 0.01328125 0.02734375
0 0.44609375 0.18515625 0.0140625 0.02265625
0 0.28515625 0.05625 0.01328125 0.02109375
0 0.8828125 0.76875 0.0125 0.02578125
0 0.20703125 0.22109375 0.0140625 0.02265625
0 0.48359375 0.7125 0.0140625 0.02265625
0 0.15859375 0.26875 0.01328125 0.02421875
0 0.17890625 0.3421875 0.01328125 0.02421875
0 0.5515625 0.1015625 0.0140625 0.02421875
0 0.2390625 0.875 0.01640625 0.02578125
0 0.8453125 0.89140625 0.0140625 0.02578125
0 0.409375 0.28046875 0.0140625 0.02109375
0 0.015625 0.815625 0.0140625 0.02109375
0 0.38125 0.834375 0.0140625 0.02265625
0 0.7671875 0.178125 0.01328125 0.02421875
0 0.440625 0.7421875 0.01328125 0.02421875
0 0.5359375 0.05625 0.015625 0.02421875
0 0.1203125 0.20390625 0.0125 0.02109375
0 0.728125 0.96640625 0.0140625 0.02109375
0 0.97109375 0.696875 0.0140625 0.02421875
0 0.5375 0.79140625 0.0140625 0.02109375
0 0.0703125 0.03203125 0.01328125 0.02109375
0 0.34609375 0.03203125 0.01328125 0.02109375
0 0.7765625 0.9421875 0.015625 0.02734375
0 0.94609375 0.88359375 0.015625 0.02421875
0 0.409375 0.80703125 0.0140625 0.02109375
0 0.07109375 0.86875 0.0140625 0.02421875
0 0.0890625 0.92109375 0.015625 0.02734375
0 0.98984375 0.14765625 0.0140625 0.02265625
0 0.7953125 0.03203125 0.01328125 0.02109375
0 0.86171875 0.23671875 0.01328125 0.02109375
0 0.5015625 0.09375 0.015625 0.02734375
0 0.88359375 0.69140625 0.0125 0.02265625
0 0.2546875 0.27734375 0.0125 0.02109375
0 0.52421875 0.8640625 0.015625 0.02734375
0 0.234375 0.134375 0.0140625 0.02109375
0 0.090625 0.86875 0.0140625 0.02109375
0 0.99140625 0.2125 0.0140625 0.02109375
0 0.11953125 0.24453125 0.0140625 0.02109375
0 0.1375 0.1640625 0.01328125 0.02265625
0 0.2859375 0.16640625 0.01328125 0.01796875
0 0.1734375 0.27734375 0.015625 0.02421875
0 0.009375 0.853125 0.0140625 0.02109375
0 0.67578125 0.73203125 0.01328125 0.02265625
0 0.61875 0.17265625 0.0140625 0.02265625
0 0.04140625 0.75625 0.0140625 0.02265625
0 0.06484375 0.82578125 0.0140625 0.02265625
0 0.3578125 0.009375 0.0125 0.01875
0 0.31015625 0.03203125 0.01328125 0.02421875
0 0.1828125 0.009375 0.0125 0.01875
0 0.75078125 0.76640625 0.0125 0.02109375
0 0.58984375 0.09140625 0.0140625 0.01953125
0 0.40703125 0.87734375 0.0140625 0.02109375
0 0.00859375 0.9453125 0.0140625 0.02734375
0 0.38359375 0.79140625 0.0140625 0.02109375
0 0.67890625 0.07734375 0.01328125 0.02421875
0 0.065625 0.32578125 0.01328125 0.02109375
0 0.284375 0.23984375 0.01328125 0.02109375
0 0.80546875 0.71796875 0.0125 0.02421875
0 0.60234375 0.72890625 0.0140625 0.02109375
0 0.56875 0.7046875 0.015625 0.02109375
0 0.6390625 0.00703125 0.0125 0.0140625
0 0.8078125 0.89921875 0.0171875 0.02578125
0 0.97109375 0.03671875 0.0140625 0.02109375
0 0.20703125 0.19140625 0.01328125 0.02109375
0 0.9671875 0.11328125 0.01328125 0.02109375
0 0.34140625 0.09140625 0.01328125 0.01953125
0 0.6890625 0.9828125 0.015625 0.02734375
0 0.71015625 0.896875 0.015625 0.02421875
0 0.89453125 0.1828125 0.0125 0.02109375
0 0.278125 0.734375 0.015625 0.02421875
0 0.065625 0.05390625 0.01328125 0.01953125
0 0.5140625 0.25625 0.0140625 0.02421875
0 0.11328125 0.04453125 0.0125 0.02421875
0 0.47109375 0.5859375 0.0140625 0.02109375
0 0.38359375 0.59140625 0.0140625 0.02109375
0 0.24765625 0.83203125 0.0140625 0.02421875
0 0.95546875 0.03203125 0.01171875 0.02421875
0 0.10859375 0.35859375 0.01640625 0.02421875
0 0.084375 0.2203125 0.01328125 0.02109375
0 0.2609375 0.14765625 0.0125 0.02265625
0 0.30859375 0.215625 0.01328125 0.02421875
0 0.0390625 0.8421875 0.0125 0.02265625
0 0.228125 0.209375 0.01328125 0.01953125
0 0.54140625 0.08046875 0.015625 0.02421875
0 0.86015625 0.06875 0.0125 0.02109375
0 0.71171875 0.95625 0.0171875 0.02890625
0 0.38984375 0.853125 0.0140625 0.02109375
0 0.596875 0.11328125 0.0140625 0.02109375
0 0.7578125 0.28046875 0.0140625 0.02109375
0 0.8453125 0.7609375 0.0140625 0.01953125
0 0.31484375 0.16953125 0.01328125 0.02109375
0 0.9703125 0.29375 0.01328125 0.02421875
0 0.6625 0.95859375 0.01875 0.03125
0 0.0671875 0.23203125 0.01328125 0.01796875
0 0.30703125 0.88515625 0.0140625 0.02109375
0 0.6203125 0.03515625 0.01328125 0.02421875
0 0.99453125 0.75625 0.009375 0.02265625
0 0.7796875 0.05859375 0.01328125 0.01953125
0 0.96484375 0.72578125 0.0140625 0.02109375
0 0.78125 0.03984375 0.01328125 0.01796875
0 0.85234375 0.80390625 0.0140625 0.02109375
0 0.21015625 0.115625 0.01328125 0.02265625
0 0.553125 0.96640625 0.015625 0.02421875
0 0.88359375 0.11796875 0.0125 0.01796875
0 0.9125 0.7046875 0.015625 0.02421875
0 0.13046875 0.9421875 0.015625 0.02109375
0 0.278125 0.76953125 0.015625 0.02109375
0 0.74453125 0.70703125 0.01328125 0.02578125
0 0.87109375 0.1015625 0.0140625 0.02109375
0 0.303125 0.25859375 0.0140625 0.02265625
0 0.86875 0.8046875 0.0140625 0.02265625
0 0.3796875 0.115625 0.0125 0.02265625
0 0.21171875 0.0125 0.01328125 0.02109375
0 0.79765625 0.76640625 0.0140625 0.02421875
0 0.903125 0.00703125 0.0125 0.0140625
0 0.27421875 0.06640625 0.0140625 0.01953125
0 0.0046875 0.75859375 0.009375 0.02421875
0 0.89765625 0.03203125 0.0140625 0.02109375
0 0.26484375 0.971875 0.0140625 0.02421875
0 0.34296875 0.7640625 0.01328125 0.01953125
0 0.38984375 0.04453125 0.01328125 0.02109375
0 0.9453125 0.69140625 0.0140625 0.02265625
0 0.7671875 0.01875 0.015625 0.02421875
0 0.34609375 0.12890625 0.01328125 0.02109375
0 0.26171875 0.03984375 0.01328125 0.02109375
0 0.94453125 0.3015625 0.01328125 0.02109375
0 0.31171875 0.83671875 0.01328125 0.02421875
0 0.83359375 0.29140625 0.01328125 0.01953125
0 0.08359375 0.27265625 0.0125 0.02109375
0 0.59609375 0.296875 0.01328125 0.02109375
0 0.6296875 0.9640625 0.01640625 0.02265625
0 0.94140625 0.096875 0.01328125 0.02109375
0 0.778125 0.08046875 0.01171875 0.02109375
0 0.75078125 0.79140625 0.0125 0.02421875