0 0.22734375 0.43515625 0.03828125 0.05234375
0 0.978125 0.2390625 0.028125 0.040625
0 0.4265625 0.2484375 0.0234375 0.03671875
0 0.9203125 0.72421875 0.0421875 0.0625
0 0.240625 0.53828125 0.0359375 0.05078125
0 0.475 0.77421875 0.04765625 0.06875
0 0.4671875 0.10625 0.01953125 0.0296875
0 0.09296875 0.34921875 0.03828125 0.0546875
0 0.86796875 0.61328125 0.03984375 0.05234375
0 0.2234375 0.29140625 0.034375 0.04453125
0 0.74453125 0.2859375 0.028125 0.04296875
0 0.51796875 0.17890625 0.02265625 0.0296875
0 0.4359375 0.13046875 0.01953125 0.02578125
0 0.80859375 0.5671875 0.0453125 0.05078125
0 0.8328125 0.1484375 0.01953125 0.02578125
0 0.4890625 0.28046875 0.034375 0.05078125
0 0.85625 0.109375 0.01640625 0.02109375
0 0.4046875 0.23671875 0.0203125 0.03671875
0 0.32890625 0.21796875 0.0296875 0.0375
0 0.3609375 0.23046875 0.025 0.0390625
0 0.9796875 0.7484375 0.0390625 0.06640625
0 0.2171875 0.1484375 0.02265625 0.03359375
0 0.634375 0.1140625 0.01953125 0.02734375
0 0.665625 0.28515625 0.03046875 0.04453125
0 0.39921875 0.8453125 0.05546875 0.08828125
0 0.69296875 0.9421875 0.06171875 0.084375
0 0.17109375 0.1484375 0.02421875 0.03671875
0 0.53203125 0.3390625 0.03515625 0.053125
0 0.6453125 0.25078125 0.02265625 0.0328125
0 0.9484375 0.09296875 0.01484375 0.025
0 0.60078125 0.8734375 0.059375 0.0921875
0 0.540625 0.16171875 0.02265625 0.03125
0 0.70078125 0.1109375 0.01484375 0.0234375
0 0.86484375 0.15078125 0.01640625 0.0234375
0 0.8296875 0.11796875 0.0171875 0.025
0 0.04921875 0.165625 0.02265625 0.0328125
0 0.88359375 0.09765625 0.01484375 0.02109375
0 0.9765625 0.10703125 0.015625 0.02578125
0 0.19375 0.14296875 0.02265625 0.03671875
0 0.7046875 0.1390625 0.01953125 0.02578125
0 0.99375 0.06875 0.009375 0.01953125
0 0.7296875 0.10078125 0.015625 0.025
0 0.878125 0.00625 0.0125 0.01171875
0 0.43125 0.209375 0.02421875 0.02890625