1 0.78828125 0.92109375 0.040625 0.14609375
1 0.8390625 0.871875 0.034375 0.14453125
1 0.79296875 0.8640625 0.01484375 0.028125
1 0.6796875 0.73671875 0.015625 0.02578125
1 0.7234375 0.76796875 0.03046875 0.13125
1 0.73359375 0.87578125 0.03046875 0.13359375
1 0.4984375 0.57109375 0.74296875 0.83125
1 0.23984375 0.3140625 0.01328125 0.0203125
1 0.68984375 0.84609375 0.03046875 0.121875
1 0.23984375 0.3546875 0.02890625 0.109375
1 0.840625 0.81328125 0.01484375 0.02578125
1 0.80703125 0.77578125 0.034375 0.14453125
1 0.61015625 0.78515625 0.03046875 0.11484375
1 0.67734375 0.78203125 0.03203125 0.1203125
1 0.72578125 0.71484375 0.01484375 0.02578125
1 0.80546875 0.36328125 0.02890625 0.1109375
1 0.8078125 0.71640625 0.015625 0.021875
1 0.80703125 0.32421875 0.015625 0.0296875
1 0.18671875 0.82109375 0.04765625 0.13125
1 0.14765625 0.61640625 0.01328125 0.021875
1 0.73671875 0.821875 0.01328125 0.021875
1 0.81171875 0.63984375 0.0125 0.0203125
1 0.75859375 0.709375 0.028125 0.13359375
1 0.37578125 0.75859375 0.0125 0.02421875
1 0.71484375 0.9203125 0.02578125 0.05546875
1 0.84296875 0.4890625 0.021875 0.1109375
1 0.38046875 0.796875 0.028125 0.1015625
1 0.15234375 0.58828125 0.01328125 0.02421875
1 0.7140625 0.94375 0.04453125 0.1015625
1 0.61640625 0.44140625 0.01875 0.04296875
1 0.6078125 0.12109375 0.01953125 0.09453125
1 0.28203125 0.596875 0.01328125 0.0203125
1 0.61015625 0.74453125 0.01796875 0.0296875
1 0.140625 0.68125 0.01484375 0.021875
1 0.24765625 0.45859375 0.01328125 0.02421875
1 0.23515625 0.834375 0.02890625 0.1203125
1 0.184375 0.50546875 0.01640625 0.02578125
1 0.18515625 0.55 0.03125 0.11875
1 0.80703125 0.259375 0.034375 0.1
1 0.21328125 0.46171875 0.01328125 0.0203125
1 0.16640625 0.72421875 0.01484375 0.02578125
1 0.84140625 0.5640625 0.01328125 0.0203125
1 0.45390625 0.2984375 0.01328125 0.021875
1 0.8109375 0.2234375 0.01328125 0.02421875
1 0.8453125 0.4453125 0.01171875 0.0203125
1 0.33046875 0.45390625 0.02265625 0.03671875
1 0.2109375 0.67421875 0.01328125 0.02578125
1 0.71640625 0.9046875 0.015625 0.02421875
1 0.34296875 0.63671875 0.02890625 0.12578125
1 0.6921875 0.79609375 0.01328125 0.02578125
1 0.18046875 0.771875 0.01875 0.02578125
1 0.7609375 0.6546875 0.01328125 0.02421875
1 0.14296875 0.7296875 0.03671875 0.11875
1 0.80546875 0.11328125 0.02109375 0.08515625
1 0.40078125 0.66171875 0.03359375 0.171875
1 0.86484375 0.62421875 0.01328125 0.02578125
1 0.23203125 0.521875 0.01171875 0.021875
1 0.3984375 0.584375 0.015625 0.0203125
1 0.31171875 0.696875 0.03203125 0.11640625
1 0.83203125 0.40859375 0.0125 0.02421875
1 0.25234375 0.1046875 0.01875 0.08359375
1 0.13828125 0.28984375 0.01875 0.03515625
1 0.28515625 0.7484375 0.01484375 0.02578125
1 0.240625 0.31484375 0.01875 0.03359375
1 0.340625 0.36328125 0.0125 0.021875
1 0.59921875 0.58359375 0.01640625 0.03359375
1 0.83046875 0.4484375 0.01953125 0.10390625
1 0.21953125 0.74375 0.01328125 0.02421875
1 0.17578125 0.21484375 0.025 0.09296875
1 0.478125 0.9515625 0.02890625 0.08515625
1 0.23203125 0.78671875 0.015625 0.02578125
1 0.86015625 0.54609375 0.0125 0.021875
1 0.51171875 0.27578125 0.01953125 0.0890625
1 0.27890625 0.63984375 0.03359375 0.109375
1 0.31640625 0.77421875 0.01328125 0.021875
1 0.64453125 0.496875 0.015625 0.028125
1 0.31875 0.8109375 0.02890625 0.09609375
1 0.76328125 0.27890625 0.01640625 0.028125
1 0.74140625 0.49453125 0.015625 0.02578125
1 0.32890625 0.33828125 0.021875 0.09453125
1 0.42578125 0.890625 0.04375 0.1484375
1 0.7859375 0.540625 0.01328125 0.021875
1 0.21640625 0.6359375 0.015625 0.028125
1 0.80625 0.31875 0.0125 0.01875
1 0.30703125 0.65546875 0.015625 0.0296875
1 0.2171875 0.09140625 0.01953125 0.07578125
1 0.24921875 0.50078125 0.02421875 0.109375
1 0.7921875 0.86484375 0.021875 0.040625
1 0.80234375 0.08046875 0.01171875 0.0203125
1 0.28203125 0.6 0.01796875 0.03671875
1 0.1484375 0.6640625 0.03046875 0.11640625
1 0.42734375 0.365625 0.02109375 0.03515625
1 0.30390625 0.3703125 0.01171875 0.01875
1 0.42265625 0.28515625 0.01171875 0.01875
1 0.703125 0.53125 0.02734375 0.11875
1 0.18203125 0.75625 0.01328125 0.0203125
1 0.34140625 0.5890625 0.01640625 0.03359375
1 0.21328125 0.4609375 0.01796875 0.03359375
1 0.47578125 0.92421875 0.015625 0.02578125
1 0.4515625 0.57890625 0.015625 0.03125
1 0.4140625 0.834375 0.015625 0.03125
1 0.21953125 0.78984375 0.02578125 0.11640625
1 0.79609375 0.5234375 0.0125 0.0203125
1 0.60625 0.08125 0.01015625 0.01484375
1 0.15625 0.63125 0.025 0.1109375
1 0.76796875 0.25546875 0.0125 0.021875
1 0.734375 0.41640625 0.01484375 0.02578125
1 0.61328125 0.234375 0.0125 0.0203125
1 0.64765625 0.19609375 0.01171875 0.021875
1 0.140625 0.68125 0.02109375 0.03671875
1 0.57265625 0.56875 0.01484375 0.021875
1 0.20703125 0.7140625 0.03359375 0.10546875
1 0.215625 0.50390625 0.025 0.10390625
1 0.20859375 0.4046875 0.0125 0.02421875
1 0.36953125 0.36953125 0.02265625 0.10546875
1 0.26640625 0.78046875 0.01640625 0.03125
1 0.18046875 0.59140625 0.01796875 0.03515625
1 0.2078125 0.46015625 0.02421875 0.128125
1 0.84453125 0.6546875 0.01328125 0.02421875
1 0.21171875 0.67578125 0.01875 0.03671875
1 0.77109375 0.415625 0.02109375 0.08671875
1 0.7703125 0.56484375 0.01171875 0.01875
1 0.24765625 0.45859375 0.01796875 0.03515625
1 0.62578125 0.696875 0.02734375 0.12421875
1 0.6265625 0.6453125 0.01328125 0.02421875
1 0.45546875 0.24140625 0.01484375 0.02421875
1 0.79453125 0.64921875 0.0125 0.0203125
1 0.84140625 0.60703125 0.028125 0.10703125
1 0.7609375 0.58125 0.01328125 0.02578125
1 0.271875 0.671875 0.0125 0.021875
1 0.29609375 0.76875 0.01484375 0.03359375
1 0.31640625 0.775 0.01953125 0.03515625
1 0.3421875 0.59375 0.01171875 0.0203125
1 0.4515625 0.69453125 0.03203125 0.1296875
1 0.7609375 0.6546875 0.01953125 0.03515625
1 0.73671875 0.8234375 0.021875 0.04296875
1 0.6046875 0.63125 0.01328125 0.02578125
1 0.23984375 0.81015625 0.01171875 0.02421875
1 0.1671875 0.765625 0.02421875 0.11328125
1 0.27265625 0.81953125 0.03203125 0.1203125
1 0.81171875 0.67890625 0.02890625 0.0984375