0 0.0765625 0.5109375 0.046875 0.0609375
0 0.61171875 0.284375 0.0265625 0.040625
0 0.6796875 0.08828125 0.01953125 0.03125
0 0.65546875 0.0921875 0.01875 0.02578125
0 0.53203125 0.27265625 0.0265625 0.040625
0 0.6421875 0.05625 0.01953125 0.0296875
0 0.940625 0.10703125 0.02265625 0.02890625
0 0.846875 0.19765625 0.02265625 0.03125
0 0.69375 0.034375 0.01640625 0.025
0 0.68984375 0.1578125 0.0203125 0.03125
0 0.6015625 0.1421875 0.021875 0.02890625
0 0.4984375 0.0859375 0.01875 0.02578125
0 0.75078125 0.17421875 0.02265625 0.03671875
0 0.9671875 0.33046875 0.03515625 0.04921875
0 0.28359375 0.17265625 0.02421875 0.03515625
0 0.64375 0.15 0.0203125 0.03125
0 0.8046875 0.16953125 0.0234375 0.03359375
0 0.5203125 0.15703125 0.021875 0.0296875
0 0.76796875 0.03515625 0.01484375 0.0234375
0 0.9640625 0.13125 0.02421875 0.03671875
0 0.9046875 0.1109375 0.0203125 0.02578125
0 0.91796875 0.225 0.025 0.0375
0 0.4984375 0.21953125 0.0203125 0.0328125
0 0.45859375 0.1703125 0.0203125 0.0296875
0 0.04609375 0.43203125 0.04296875 0.0625
0 0.73125 0.31953125 0.0296875 0.0453125
0 0.8515625 0.3296875 0.0234375 0.03671875
0 0.83046875 0.11953125 0.0203125 0.03125
0 0.20234375 0.62578125 0.0484375 0.0640625
0 0.53359375 0.09453125 0.01875 0.0296875
0 0.96640625 0.09765625 0.02265625 0.02890625
0 0.728125 0.0296875 0.0125 0.01796875
0 0.52109375 0.19375 0.02421875 0.0375
0 0.46953125 0.08125 0.01875 0.0296875
0 0.3671875 0.09453125 0.0171875 0.0296875
0 0.28203125 0.6796875 0.05390625 0.0859375
0 0.45234375 0.13046875 0.0203125 0.03125
0 0.66484375 0.06875 0.0171875 0.025
0 0.6375 0.21796875 0.025 0.0375
0 0.72734375 0.05390625 0.01484375 0.025
0 0.8046875 0.0515625 0.0171875 0.021875
0 0.4046875 0.06328125 0.01953125 0.0296875
0 0.72109375 0.09140625 0.01875 0.02578125
0 0.56328125 0.0234375 0.01640625 0.0234375
0 0.23671875 0.15 0.03828125 0.04921875
0 0.85625 0.01328125 0.0140625 0.0234375
0 0.8875 0.16328125 0.025 0.040625
0 0.115625 0.4546875 0.04375 0.05703125
0 0.86796875 0.225 0.025 0.0375
0 0.834375 0.00859375 0.0125 0.0171875
0 0.790625 0.00625 0.01484375 0.01171875
0 0.99296875 0.10625 0.0125 0.025
0 0.70703125 0.1953125 0.021875 0.03359375
0 0.80625 0.021875 0.01484375 0.02109375
0 0.7953125 0.1390625 0.0171875 0.0234375
0 0.5765625 0.040625 0.01484375 0.021875
0 0.78359375 0.16640625 0.01875 0.03359375
0 0.4171875 0.15 0.021875 0.0328125
0 0.8078125 0.00625 0.015625 0.01171875
0 0.603125 0.0328125 0.01484375 0.02109375
0 0.57890625 0.01796875 0.015625 0.01796875