0 0.6078125 0.525 0.040625 0.05625
0 0.484375 0.490625 0.0328125 0.04921875
0 0.9171875 0.384375 0.021875 0.0328125
0 0.97734375 0.5578125 0.04296875 0.06875
0 0.8921875 0.3046875 0.01953125 0.0234375
0 0.51171875 0.878125 0.06875 0.10546875
0 0.85859375 0.3859375 0.025 0.0375
0 0.5265625 0.50078125 0.034375 0.0453125
0 0.93984375 0.3265625 0.01875 0.03125
0 0.565625 0.4625 0.028125 0.04453125
0 0.665625 0.57890625 0.0421875 0.0640625
0 0.415625 0.54453125 0.03046875 0.046875
0 0.45546875 0.33125 0.0125 0.01953125
0 0.85859375 0.4625 0.0328125 0.04921875
0 0.72421875 0.3671875 0.02421875 0.03359375
0 0.39296875 0.43828125 0.0265625 0.0375
0 0.9125 0.57421875 0.04609375 0.0703125
0 0.696875 0.3875 0.02265625 0.0375
0 0.35859375 0.46015625 0.028125 0.03515625
0 0.978125 0.2921875 0.01484375 0.01953125
0 0.3421875 0.32265625 0.0125 0.015625
0 0.32109375 0.3359375 0.01171875 0.01796875
0 0.64609375 0.28125 0.0109375 0.01796875
0 0.2546875 0.4 0.021875 0.02578125
0 0.115625 0.3484375 0.0125 0.0171875
0 0.42890625 0.32421875 0.0140625 0.01796875
0 0.09453125 0.35390625 0.0125 0.015625
0 0.37734375 0.35390625 0.0125 0.02109375
0 0.19375 0.35703125 0.01484375 0.01796875
0 0.17109375 0.35546875 0.0125 0.01796875
0 0.42109375 0.259375 0.0109375 0.0171875
0 0.53984375 0.29296875 0.01171875 0.01796875
0 0.56640625 0.24375 0.009375 0.01328125
0 0.378125 0.3140625 0.0109375 0.015625
0 0.44453125 0.284375 0.01171875 0.0171875
0 0.70234375 0.2796875 0.01171875 0.0140625
0 0.271875 0.3390625 0.01171875 0.0171875
0 0.76484375 0.26796875 0.01171875 0.01796875
0 0.7171875 0.2546875 0.009375 0.0140625
0 0.5171875 0.25078125 0.0109375 0.0140625
0 0.06875 0.30625 0.0125 0.01796875
0 0.6203125 0.28125 0.0109375 0.01328125
0 0.52421875 0.3015625 0.0125 0.01953125
0 0.5921875 0.24375 0.0109375 0.0140625
0 0.49453125 0.2828125 0.0109375 0.015625
0 0.13984375 0.3765625 0.0125 0.01796875
0 0.940625 0.25546875 0.0109375 0.01796875
0 0.784375 0.25546875 0.0109375 0.01328125
0 0.9796875 0.2046875 0.009375 0.01171875
0 0.03046875 0.2921875 0.0109375 0.0140625
0 0.359375 0.34296875 0.01171875 0.01953125
0 0.68671875 0.2625 0.0109375 0.0140625
0 0.4125 0.3171875 0.0125 0.0171875
0 0.44375 0.31875 0.0125 0.01953125
0 0.82890625 0.2296875 0.009375 0.01171875
0 0.46953125 0.2890625 0.0109375 0.01796875
0 0.76796875 0.24296875 0.00859375 0.01171875
0 0.81640625 0.2546875 0.009375 0.0140625
0 0.6078125 0.2640625 0.0109375 0.015625
0 0.9921875 0.24140625 0.01171875 0.0171875
0 0.83359375 0.25703125 0.0109375 0.0140625
0 0.9578125 0.19453125 0.009375 0.0140625
0 0.853125 0.240625 0.0109375 0.01328125
0 0.74375 0.24375 0.00703125 0.01328125
0 0.80234375 0.26875 0.0109375 0.0171875
0 0.78046875 0.2171875 0.00703125 0.0078125
0 0.39296875 0.3109375 0.0109375 0.0171875
0 0.76796875 0.2171875 0.00703125 0.0078125
0 0.8875 0.21171875 0.0078125 0.01171875
0 0.5453125 0.2546875 0.0109375 0.0140625
0 0.028125 0.3484375 0.0140625 0.0140625
0 0.79375 0.2296875 0.0078125 0.01171875
0 0.590625 0.2625 0.0109375 0.0140625
0 0.7328125 0.24375 0.009375 0.01328125
0 0.5546875 0.24375 0.0078125 0.01328125
0 0.53203125 0.2671875 0.009375 0.0140625
0 0.3078125 0.33203125 0.01171875 0.015625
0 0.4671875 0.2640625 0.009375 0.01328125
0 0.75625 0.2171875 0.00703125 0.0078125
0 0.06640625 0.3640625 0.01171875 0.0140625
0 0.5578125 0.271875 0.009375 0.015625
0 0.45625 0.25546875 0.0109375 0.01328125
0 0.81171875 0.2375 0.00703125 0.01171875
0 0.68046875 0.24375 0.00859375 0.01171875
0 0.15703125 0.3671875 0.0140625 0.015625
0 0.69296875 0.23125 0.00703125 0.01171875
0 0.36875 0.25703125 0.00703125 0.01171875
0 0.3671875 0.31953125 0.01171875 0.0140625
0 0.753125 0.24765625 0.00859375 0.01328125
0 0.01484375 0.321875 0.0109375 0.0140625
0 0.0046875 0.32890625 0.009375 0.0140625
0 0.878125 0.23046875 0.00859375 0.01328125
0 0.30390625 0.30625 0.009375 0.01328125
0 0.7421875 0.21875 0.0078125 0.0078125
0 0.69296875 0.24375 0.00703125 0.01328125
0 0.99375 0.21953125 0.0109375 0.0140625
0 0.9125 0.21171875 0.00703125 0.01171875
0 0.8046875 0.23046875 0.0078125 0.0078125
0 0.48125 0.25625 0.00859375 0.01171875
0 0.70546875 0.23125 0.00703125 0.01171875
0 0.44375 0.25390625 0.00859375 0.01328125
0 0.4953125 0.24453125 0.00859375 0.01328125
0 0.5125 0.2875 0.0109375 0.01796875
0 0.6828125 0.2828125 0.01171875 0.015625
0 0.79296875 0.24375 0.0078125 0.01328125
0 0.11875 0.3796875 0.0125 0.0140625
0 0.8796875 0.2171875 0.0078125 0.0078125
0 0.8046875 0.21875 0.0078125 0.01015625
0 0.41328125 0.4625 0.021875 0.02578125
0 0.01640625 0.28125 0.009375 0.01328125
0 0.78046875 0.23046875 0.00703125 0.01328125
0 0.9421875 0.21796875 0.0078125 0.01171875
0 0.01796875 0.30390625 0.0109375 0.0140625
0 0.2765625 0.359375 0.0140625 0.02109375
0 0.66328125 0.2359375 0.0078125 0.01171875
0 0.84609375 0.2140625 0.0109375 0.0140625
0 0.06953125 0.33046875 0.0140625 0.01796875
0 0.73125 0.2296875 0.00859375 0.01171875
0 0.35703125 0.25625 0.0109375 0.01171875
0 0.228125 0.34765625 0.0140625 0.015625
0 0.93203125 0.20703125 0.00859375 0.0078125
0 0.81328125 0.21171875 0.0078125 0.01171875
0 0.73125 0.2796875 0.0109375 0.0140625
0 0.36328125 0.43125 0.0171875 0.0234375
0 0.08125 0.353125 0.01171875 0.0140625