0 0.96796875 0.7265625 0.03828125 0.06953125
0 0.8125 0.83828125 0.0484375 0.0828125
0 0.06640625 0.6859375 0.02734375 0.059375
0 0.93828125 0.871875 0.0546875 0.08984375
0 0.27109375 0.72109375 0.034375 0.06640625
0 0.171875 0.6859375 0.0296875 0.05234375
0 0.7953125 0.66640625 0.021875 0.040625
0 0.3734375 0.70078125 0.03515625 0.04921875
0 0.2453125 0.6625 0.028125 0.05078125
0 0.48984375 0.67734375 0.03046875 0.05625
0 0.33828125 0.640625 0.0203125 0.0375
0 0.9328125 0.72421875 0.0265625 0.059375
0 0.87890625 0.69453125 0.01953125 0.04765625
0 0.134375 0.68046875 0.02421875 0.0421875
0 0.67734375 0.83671875 0.05390625 0.096875
0 0.24375 0.85078125 0.0359375 0.06796875
0 0.171875 0.62578125 0.0234375 0.0375
0 0.07734375 0.9421875 0.06328125 0.0609375
0 0.63203125 0.640625 0.01953125 0.03359375
0 0.43046875 0.72265625 0.03203125 0.059375
0 0.19453125 0.65390625 0.025 0.05078125
0 0.2421875 0.60625 0.015625 0.0359375
0 0.84453125 0.70625 0.02421875 0.05625
0 0.01875 0.64921875 0.02421875 0.04765625
0 0.58671875 0.80703125 0.03984375 0.08125
0 0.29375 0.65078125 0.0234375 0.04375
0 0.53046875 0.7140625 0.03203125 0.059375
0 0.10625 0.72734375 0.0296875 0.04765625
0 0.5125 0.60078125 0.0203125 0.0359375
0 0.35859375 0.86328125 0.0640625 0.096875
0 0.16171875 0.75390625 0.03203125 0.0578125
0 0.0578125 0.7859375 0.0375 0.0796875
0 0.73125 0.734375 0.03125 0.05234375
0 0.909375 0.65390625 0.0171875 0.03359375
0 0.3640625 0.65625 0.0234375 0.03046875
0 0.81640625 0.740625 0.03125 0.07421875
0 0.87265625 0.59375 0.01484375 0.02890625
0 0.47265625 0.78828125 0.0390625 0.08125
0 0.821875 0.59375 0.0125 0.02578125
0 0.31484375 0.590625 0.0125 0.021875
0 0.59609375 0.640625 0.01484375 0.03359375
0 0.66875 0.64765625 0.01953125 0.03359375
0 0.4453125 0.5765625 0.009375 0.0171875
0 0.7109375 0.6171875 0.0140625 0.0234375
0 0.48984375 0.590625 0.01484375 0.02890625
0 0.215625 0.6 0.01875 0.03046875
0 0.471875 0.60078125 0.01484375 0.021875
0 0.0234375 0.59375 0.0171875 0.03203125
0 0.7546875 0.57109375 0.009375 0.0171875
0 0.3953125 0.6640625 0.0234375 0.0375
0 0.95234375 0.55390625 0.01484375 0.03046875
0 0.6796875 0.709375 0.0296875 0.059375
0 0.56953125 0.64375 0.0171875 0.03046875
0 0.79375 0.61875 0.01640625 0.03046875
0 0.26796875 0.6203125 0.01640625 0.0234375
0 0.54375 0.64921875 0.0171875 0.03046875
0 0.9359375 0.67109375 0.01953125 0.0375
0 0.0234375 0.70703125 0.0296875 0.0609375
0 0.74765625 0.6078125 0.01484375 0.03203125
0 0.3296875 0.60390625 0.0140625 0.02578125
0 0.11875 0.621875 0.0171875 0.03046875
0 0.4921875 0.56328125 0.009375 0.015625
0 0.04375 0.56640625 0.01171875 0.0171875
0 0.69453125 0.6375 0.0171875 0.03046875
0 0.09765625 0.6171875 0.01953125 0.03046875
0 0.1578125 0.5890625 0.01640625 0.03203125
0 0.678125 0.9671875 0.06328125 0.05234375
0 0.3546875 0.603125 0.0140625 0.0203125
0 0.96796875 0.56796875 0.0140625 0.0234375
0 0.8546875 0.60390625 0.015625 0.03203125
0 0.65703125 0.59140625 0.0109375 0.0203125
0 0.4609375 0.64765625 0.0171875 0.03359375
0 0.5546875 0.60625 0.0140625 0.02890625
0 0.15546875 0.5421875 0.00703125 0.01328125
0 0.11796875 0.54140625 0.00859375 0.015625
0 0.51640625 0.56796875 0.0109375 0.0171875
0 0.64609375 0.60625 0.0125 0.021875
0 0.353125 0.5671875 0.01171875 0.01875
0 0.01875 0.52734375 0.0109375 0.0171875
0 0.1171875 0.559375 0.009375 0.0171875
0 0.2328125 0.73828125 0.0328125 0.059375
0 0.27109375 0.590625 0.0125 0.02578125
0 0.72109375 0.59375 0.0125 0.021875
0 0.1046875 0.55390625 0.0109375 0.0203125
0 0.68125 0.61328125 0.0125 0.0234375
0 0.46953125 0.5671875 0.009375 0.015625
0 0.64921875 0.7171875 0.0265625 0.05078125
0 0.78515625 0.590625 0.015625 0.02890625
0 0.06875 0.553125 0.01171875 0.021875
0 0.38125 0.5703125 0.0109375 0.01875
0 0.1828125 0.57109375 0.0109375 0.0171875
0 0.50625 0.5640625 0.00859375 0.0171875
0 0.103125 0.79140625 0.0421875 0.07421875
0 0.70546875 0.54609375 0.00859375 0.01328125
0 0.94375 0.6140625 0.01484375 0.0421875
0 0.2421875 0.54453125 0.009375 0.015625
0 0.42890625 0.57109375 0.00859375 0.0171875
0 0.38984375 0.603125 0.01484375 0.02734375
0 0.2703125 0.65078125 0.0171875 0.0375
0 0.071875 0.58828125 0.01484375 0.02734375
0 0.7078125 0.5671875 0.01171875 0.01875
0 0.86640625 0.5578125 0.009375 0.0171875
0 0.04765625 0.590625 0.015625 0.02578125
0 0.48203125 0.5671875 0.0109375 0.015625
0 0.39375 0.78828125 0.04296875 0.07421875
0 0.6828125 0.58125 0.01171875 0.0234375
0 0.13984375 0.578125 0.0140625 0.0234375
0 0.89453125 0.55234375 0.009375 0.0171875
0 0.5375 0.5875 0.01171875 0.01875
0 0.20625 0.53046875 0.00703125 0.01328125
0 0.07421875 0.61875 0.0171875 0.03046875
0 0.83515625 0.59453125 0.0140625 0.02734375
0 0.14140625 0.53046875 0.009375 0.01328125
0 0.5265625 0.634375 0.01875 0.02578125
0 0.1796875 0.540625 0.0078125 0.01328125
0 0.72578125 0.80390625 0.040625 0.08671875
0 0.4578125 0.56640625 0.00859375 0.01328125
0 0.23125 0.54453125 0.0078125 0.015625
0 0.0796875 0.53046875 0.0078125 0.01328125
0 0.0921875 0.5640625 0.01171875 0.0203125
0 0.2671875 0.5671875 0.0109375 0.015625
0 0.72265625 0.690625 0.021875 0.0359375
0 0.37265625 0.6234375 0.01640625 0.02734375
0 0.88203125 0.55234375 0.009375 0.01328125
0 0.13359375 0.54765625 0.0109375 0.0171875
0 0.53046875 0.5640625 0.0109375 0.0171875
0 0.19296875 0.53046875 0.00703125 0.01328125
0 0.76953125 0.5796875 0.009375 0.0203125
0 0.36875 0.540625 0.00703125 0.01328125
0 0.44375 0.60078125 0.01484375 0.02578125
0 0.16875 0.54140625 0.0078125 0.01171875
0 0.09453125 0.53046875 0.0078125 0.01328125
0 0.33359375 0.57734375 0.0109375 0.01875
0 0.228125 0.56953125 0.01171875 0.0203125
0 0.24296875 0.5703125 0.0109375 0.01875
0 0.18046875 0.59140625 0.01640625 0.0234375
0 0.61875 0.59375 0.0125 0.021875
0 0.69140625 0.54609375 0.0078125 0.01328125
0 0.89296875 0.5890625 0.0125 0.021875
0 0.30390625 0.5640625 0.009375 0.0171875
0 0.9046875 0.54375 0.009375 0.01328125
0 0.92109375 0.57109375 0.0125 0.0203125
0 0.0546875 0.53203125 0.0078125 0.01328125
0 0.65703125 0.5640625 0.00859375 0.0171875
0 0.36796875 0.55625 0.00859375 0.01328125
0 0.64296875 0.54453125 0.00859375 0.015625
0 0.2796875 0.5671875 0.00859375 0.015625
0 0.05078125 0.865625 0.03515625 0.0765625
0 0.06796875 0.50703125 0.00703125 0.01015625
0 0.353125 0.54375 0.009375 0.01328125
0 0.0796875 0.54765625 0.009375 0.0171875
0 0.25625 0.51875 0.00703125 0.01015625
0 0.21953125 0.54140625 0.0078125 0.015625
0 0.66875 0.55390625 0.0109375 0.0171875
0 0.06953125 0.53125 0.0078125 0.015625
0 0.19375 0.59375 0.01484375 0.02578125
0 0.1921875 0.5171875 0.0078125 0.01015625
0 0.16875 0.5203125 0.00625 0.01015625
0 0.04296875 0.53046875 0.0078125 0.01328125
0 0.2875 0.5875 0.0109375 0.01875
0 0.63203125 0.60703125 0.01171875 0.0203125
0 0.63125 0.503125 0.00703125 0.01015625
0 0.1625 0.5578125 0.0109375 0.0171875
0 0.3328125 0.54453125 0.00859375 0.015625
0 0.33046875 0.53125 0.00703125 0.01171875
0 0.9328125 0.5640625 0.01484375 0.02734375
0 0.29296875 0.5421875 0.0078125 0.01328125
0 0.43046875 0.53046875 0.00625 0.01015625
0 0.6796875 0.540625 0.0078125 0.01328125
0 0.60234375 0.58125 0.01171875 0.0171875
0 0.25546875 0.57109375 0.0109375 0.0171875
0 0.5546875 0.58125 0.009375 0.0171875
0 0.45546875 0.53046875 0.00703125 0.01015625
0 0.54453125 0.56796875 0.0109375 0.0171875
0 0.44375 0.53046875 0.00703125 0.01015625
0 0.8515625 0.6609375 0.015625 0.03046875
0 0.41875 0.53046875 0.00703125 0.01015625
0 0.2921875 0.5171875 0.0078125 0.01015625
0 0.19140625 0.55390625 0.009375 0.0171875
0 0.05546875 0.5171875 0.00703125 0.01015625
0 0.37890625 0.54375 0.0078125 0.01328125
0 0.95234375 0.66796875 0.015625 0.0375
0 0.94375 0.53046875 0.00859375 0.01328125
0 0.44296875 0.553125 0.00703125 0.01171875
0 0.05625 0.56328125 0.0109375 0.01875
0 0.69140625 0.6671875 0.01953125 0.03203125
0 0.43046875 0.5171875 0.00703125 0.01015625
0 0.96796875 0.53046875 0.0078125 0.01328125
0 0.58671875 0.5609375 0.00859375 0.0171875
0 0.3046875 0.54375 0.0078125 0.01328125
0 0.68671875 0.51015625 0.00703125 0.01015625
0 0.71171875 0.51015625 0.00625 0.01015625
0 0.24296875 0.503125 0.00703125 0.01015625
0 0.61875 0.70234375 0.0203125 0.04609375
0 0.803125 0.58046875 0.0125 0.021875
0 0.228125 0.51875 0.0078125 0.01015625
0 0.10625 0.53046875 0.00703125 0.01328125
0 0.76875 0.5609375 0.0109375 0.0171875
0 0.11796875 0.51875 0.00703125 0.01015625
0 0.56953125 0.57109375 0.009375 0.0171875
0 0.0375 0.5109375 0.00703125 0.01171875
0 0.1421875 0.55 0.0078125 0.01875
0 0.6453125 0.56328125 0.009375 0.01875
0 0.31875 0.53125 0.00703125 0.01171875
0 0.37578125 0.59765625 0.0140625 0.021875
0 0.5765625 0.60078125 0.01484375 0.02578125
0 0.14609375 0.621875 0.02265625 0.03359375
0 0.8609375 0.81328125 0.03125 0.078125
0 0.64296875 0.50546875 0.00703125 0.01015625
0 0.58046875 0.53046875 0.00703125 0.01015625
0 0.26796875 0.503125 0.00703125 0.01015625
0 0.06875 0.5171875 0.00703125 0.01015625
0 0.46875 0.53046875 0.0078125 0.01015625
0 0.7140625 0.65390625 0.01953125 0.040625
0 0.3015625 0.60390625 0.01484375 0.021875
0 0.98125 0.53046875 0.00859375 0.01328125
0 0.0375 0.61875 0.01484375 0.03359375
0 0.46796875 0.51796875 0.00703125 0.00859375
0 0.0171875 0.5078125 0.0078125 0.01171875
0 0.0171875 0.490625 0.0078125 0.01171875
0 0.85625 0.53203125 0.0078125 0.01328125
0 0.4828125 0.62734375 0.015625 0.03046875
0 0.71875 0.49140625 0.0078125 0.01015625
0 0.05546875 0.50703125 0.00625 0.01015625
0 0.51796875 0.5171875 0.00703125 0.01015625
0 0.34296875 0.51875 0.0078125 0.01015625
0 0.35625 0.52109375 0.00703125 0.01171875
0 0.65546875 0.52890625 0.0078125 0.01015625
0 0.59375 0.51875 0.0078125 0.01015625
0 0.2078125 0.54609375 0.00859375 0.01328125
0 0.21953125 0.5203125 0.00703125 0.01015625
0 0.40703125 0.5171875 0.00703125 0.01015625
0 0.28046875 0.52890625 0.0078125 0.01015625
0 0.10625 0.51875 0.00703125 0.01015625
0 0.80234375 0.5578125 0.0109375 0.0171875
0 0.56640625 0.55234375 0.009375 0.01328125
0 0.28046875 0.503125 0.00703125 0.01015625
0 0.66875 0.53125 0.0078125 0.01171875
0 0.39296875 0.53125 0.00703125 0.01171875
0 0.69453125 0.50703125 0.00625 0.01015625
0 0.53046875 0.5171875 0.00703125 0.01015625
0 0.6625 0.51015625 0.00703125 0.01015625
0 0.09296875 0.49296875 0.00703125 0.00703125
0 0.109375 0.67578125 0.025 0.05234375
0 0.45625 0.51875 0.00625 0.00703125
0 0.4859375 0.53828125 0.00625 0.01171875
0 0.50625 0.54375 0.00703125 0.01015625
0 0.5125 0.53828125 0.00703125 0.01171875
0 0.14375 0.50703125 0.00625 0.01015625
0 0.31875 0.64609375 0.01640625 0.02734375
0 0.2421875 0.52890625 0.0078125 0.01015625
0 0.40625 0.53046875 0.0078125 0.01015625
0 0.26796875 0.5203125 0.00703125 0.01015625
0 0.31875 0.51875 0.00625 0.00703125
0 0.8390625 0.56953125 0.0109375 0.0171875
0 0.59375 0.50703125 0.0078125 0.01015625
0 0.0796875 0.49140625 0.00625 0.01015625
0 0.60625 0.503125 0.00703125 0.01015625
0 0.6703125 0.59453125 0.009375 0.0203125
0 0.50625 0.53125 0.00625 0.00859375
0 0.54375 0.50703125 0.00625 0.01015625
0 0.43046875 0.55390625 0.00703125 0.01328125
0 0.0125 0.56328125 0.009375 0.01875
0 0.41875 0.54375 0.00703125 0.01328125
0 0.25703125 0.50703125 0.00625 0.01015625
0 0.11796875 0.5828125 0.01484375 0.02734375
0 0.09296875 0.50546875 0.00703125 0.01015625
0 0.7046875 0.503125 0.00625 0.01015625
0 0.9578125 0.53046875 0.00859375 0.01328125
0 0.11796875 0.50703125 0.00703125 0.01015625
0 0.6296875 0.51875 0.0078125 0.01015625
0 0.84296875 0.54453125 0.00703125 0.015625
0 0.56171875 0.51015625 0.00703125 0.01015625
0 0.73125 0.51875 0.00703125 0.01015625
0 0.1796875 0.5203125 0.00625 0.01015625
0 0.31171875 0.51171875 0.00703125 0.01015625
0 0.71875 0.52890625 0.0078125 0.01015625
0 0.49296875 0.53125 0.00625 0.00859375
0 0.5859375 0.51015625 0.00625 0.01015625
0 0.43046875 0.59140625 0.0109375 0.0203125
0 0.63046875 0.53046875 0.00703125 0.01328125
0 0.13125 0.50703125 0.00703125 0.01015625
0 0.89765625 0.6796875 0.01640625 0.02734375
0 0.15546875 0.50546875 0.00703125 0.00703125
0 0.4046875 0.54375 0.0078125 0.01328125
0 0.45546875 0.54375 0.00703125 0.01015625
0 0.10625 0.49140625 0.00703125 0.01015625
0 0.09296875 0.5171875 0.0078125 0.01015625
0 0.08046875 0.50703125 0.00703125 0.01015625
0 0.2546875 0.54375 0.00859375 0.01328125
0 0.37421875 0.52421875 0.00703125 0.01171875
0 0.853125 0.5703125 0.01171875 0.01875
0 0.43046875 0.5421875 0.00625 0.01015625
0 0.3046875 0.50703125 0.00625 0.01015625
0 0.41875 0.63046875 0.01875 0.03046875
0 0.44453125 0.51875 0.00625 0.00703125
0 0.70546875 0.53125 0.00703125 0.01171875
0 0.02890625 0.54140625 0.00859375 0.015625
0 0.6546875 0.49140625 0.00625 0.01015625
0 0.46171875 0.51171875 0.00625 0.00703125