1 0.6359375 0.9453125 0.07421875 0.103125
1 0.7609375 0.86484375 0.0515625 0.0875
1 0.8734375 0.765625 0.06328125 0.08984375
1 0.17109375 0.78203125 0.05078125 0.0875
1 0.2765625 0.8171875 0.05546875 0.09609375
1 0.2640625 0.95234375 0.07109375 0.0875
1 0.4828125 0.75859375 0.05078125 0.078125
1 0.340625 0.86640625 0.0578125 0.09921875
1 0.16328125 0.609375 0.03125 0.0578125
1 0.6015625 0.8265625 0.0609375 0.1234375
1 0.58125 0.6765625 0.0390625 0.059375
1 0.5828125 0.74453125 0.0578125 0.0796875
1 0.771875 0.69609375 0.03828125 0.07265625
1 0.75859375 0.7671875 0.046875 0.084375
1 0.3953125 0.9484375 0.05859375 0.09453125
1 0.3375 0.653125 0.0328125 0.065625
1 0.9 0.9078125 0.065625 0.11171875
1 0.478125 0.69140625 0.03828125 0.065625
1 0.384375 0.70703125 0.04375 0.06796875
1 0.66875 0.78203125 0.05390625 0.06953125
1 0.24765625 0.38828125 0.0203125 0.03515625
1 0.60078125 0.32578125 0.02265625 0.03515625
1 0.81875 0.6015625 0.03203125 0.05546875
1 0.41953125 0.6421875 0.0359375 0.0640625
1 0.5 0.65546875 0.99375 0.671875
1 0.4234375 0.90234375 0.0625 0.1015625
1 0.28046875 0.60703125 0.0328125 0.059375
1 0.12421875 0.721875 0.046875 0.07109375
1 0.83671875 0.82734375 0.04765625 0.084375
1 0.4671875 0.42890625 0.025 0.040625
1 0.21640625 0.74140625 0.03828125 0.0671875
1 0.528125 0.715625 0.0421875 0.06796875
1 0.35 0.78515625 0.0390625 0.0640625
1 0.88828125 0.646875 0.03828125 0.06953125
1 0.39140625 0.61015625 0.0359375 0.0609375
1 0.103125 0.634375 0.0453125 0.05703125
1 0.6765625 0.73046875 0.0453125 0.065625
1 0.89609375 0.975 0.065625 0.04375
1 0.68359375 0.8796875 0.071875 0.13984375
1 0.5140625 0.96796875 0.1015625 0.0578125
1 0.2828125 0.6796875 0.04765625 0.0625
1 0.83125 0.67265625 0.0390625 0.06953125
1 0.49296875 0.5765625 0.03125 0.0421875
1 0.0453125 0.95 0.06640625 0.09140625
1 0.66015625 0.60546875 0.03125 0.05390625
1 0.22265625 0.69296875 0.0375 0.05546875
1 0.5265625 0.12109375 0.07109375 0.184375
1 0.61875 0.7375 0.03203125 0.07109375
1 0.86875 0.36640625 0.0203125 0.02578125
1 0.20234375 0.871875 0.05625 0.0578125
1 0.7859375 0.62421875 0.03125 0.05703125
1 0.503125 0.515625 0.02265625 0.0421875
1 0.228125 0.61015625 0.03125 0.0578125
1 0.4484375 0.63046875 0.03046875 0.0578125
1 0.60234375 0.61953125 0.03125 0.059375
1 0.50625 0.44375 0.021875 0.03671875
1 0.96484375 0.7671875 0.05078125 0.084375
1 0.978125 0.45390625 0.025 0.0390625
1 0.28984375 0.43203125 0.01953125 0.03671875
1 0.103125 0.6890625 0.046875 0.0671875
1 0.33359375 0.90625 0.07734375 0.17890625
1 0.165625 0.6546875 0.0828125 0.15234375
1 0.6515625 0.67890625 0.0375 0.0671875
1 0.6234375 0.6765625 0.03125 0.065625
1 0.0578125 0.35390625 0.0171875 0.03046875
1 0.52265625 0.0421875 0.01640625 0.02578125
1 0.03046875 0.80625 0.05859375 0.1
1 0.58515625 0.8765625 0.096875 0.2265625
1 0.40859375 0.790625 0.05 0.06953125
1 0.2890625 0.74140625 0.053125 0.06953125
1 0.32109375 0.44453125 0.01875 0.03515625
1 0.6 0.359375 0.05859375 0.10625
1 0.38828125 0.83984375 0.059375 0.09609375
1 0.9453125 0.425 0.021875 0.03671875
1 0.7796875 0.984375 0.059375 0.02734375
1 0.525 0.57109375 0.02734375 0.040625
1 0.15 0.75625 0.0546875 0.07734375
1 0.31640625 0.3984375 0.025 0.03515625
1 0.46484375 0.3578125 0.015625 0.0234375
1 0.49921875 0.940625 0.084375 0.09921875
1 0.75625 0.64140625 0.034375 0.04765625
1 0.1625 0.47109375 0.01953125 0.03515625
1 0.753125 0.5890625 0.03203125 0.0421875
1 0.4828125 0.8609375 0.0671875 0.0828125
1 0.48515625 0.59921875 0.04765625 0.0859375
1 0.10625 0.54140625 0.02265625 0.0453125
1 0.20703125 0.534375 0.025 0.0390625
1 0.440625 0.43515625 0.025 0.0390625
1 0.053125 0.7921875 0.04296875 0.08125
1 0.9421875 0.70234375 0.0375 0.0671875
1 0.475 0.796875 0.09375 0.15703125
1 0.4515625 0.690625 0.02734375 0.0609375
1 0.46875 0.47421875 0.0484375 0.13046875
1 0.8265625 0.871875 0.09375 0.17734375
1 0.9640625 0.4171875 0.02265625 0.0375
1 0.62578125 0.4234375 0.0171875 0.02734375
1 0.2890625 0.465625 0.040625 0.109375
1 0.5875 0.55390625 0.0265625 0.0375
1 0.553125 0.3859375 0.01875 0.025
1 0.1078125 0.45703125 0.01875 0.03046875
1 0.91875 0.4125 0.0203125 0.02578125
1 0.303125 0.375 0.01875 0.03203125
1 0.37421875 0.65859375 0.03203125 0.05234375
1 0.5265625 0.675 0.034375 0.0390625
1 0.9421875 0.48203125 0.05078125 0.15234375
1 0.43515625 0.40234375 0.0203125 0.03203125
1 0.8703125 0.43671875 0.05078125 0.1640625
1 0.9734375 0.6359375 0.0375 0.059375
1 0.2546875 0.528125 0.0328125 0.0453125
1 0.70859375 0.625 0.028125 0.040625
1 0.76484375 0.90625 0.07421875 0.17265625
1 0.1625 0.57421875 0.0328125 0.0375
1 0.25234375 0.440625 0.04765625 0.13984375
1 0.54609375 0.4234375 0.01875 0.02734375
1 0.821875 0.4671875 0.03828125 0.16171875
1 0.4671875 0.559375 0.0296875 0.040625
1 0.8328125 0.5671875 0.02734375 0.040625
1 0.8359375 0.96640625 0.0609375 0.0578125
1 0.63984375 0.3984375 0.0203125 0.02890625
1 0.27265625 0.8453125 0.08671875 0.15859375
1 0.68671875 0.37265625 0.01875 0.025
1 0.2765625 0.55546875 0.025 0.0375
1 0.42578125 0.60078125 0.02734375 0.0390625
1 0.515625 0.61171875 0.0328125 0.04375
1 0.2265625 0.58359375 0.0375 0.04765625
1 0.83046875 0.74375 0.0421875 0.07109375
1 0.7796875 0.571875 0.02265625 0.0390625
1 0.5984375 0.4078125 0.0625 0.19921875
1 0.1640625 0.82734375 0.071875 0.17421875
1 0.33828125 0.6828125 0.06171875 0.125
1 0.06171875 0.4078125 0.0390625 0.13828125
1 0.090625 0.36796875 0.0171875 0.02578125
1 0.028125 0.43203125 0.025 0.04765625
1 0.815625 0.43359375 0.0234375 0.0625
1 0.10703125 0.36328125 0.01484375 0.02578125
1 0.74296875 0.690625 0.03125 0.0640625
1 0.009375 0.43359375 0.01875 0.05703125
1 0.3921875 0.36953125 0.02265625 0.02578125
1 0.14140625 0.54453125 0.02265625 0.0390625
1 0.978125 0.57890625 0.03125 0.04765625
1 0.52265625 0.3984375 0.0171875 0.03515625
1 0.19453125 0.453125 0.0234375 0.040625
1 0.77421875 0.75 0.08515625 0.18046875
1 0.903125 0.4078125 0.01875 0.025
1 0.7640625 0.428125 0.01953125 0.03046875
1 0.07578125 0.44296875 0.01640625 0.02890625
1 0.68515625 0.4109375 0.0203125 0.03046875
1 0.01640625 0.65546875 0.028125 0.0609375
1 0.94375 0.57578125 0.0296875 0.046875
1 0.36328125 0.3609375 0.021875 0.03671875
1 0.309375 0.75703125 0.0390625 0.04921875
1 0.1171875 0.60390625 0.0296875 0.0453125
1 0.29375 0.52734375 0.01875 0.03515625
1 0.33125 0.58359375 0.0296875 0.0390625
1 0.615625 0.57734375 0.028125 0.04375
1 0.72421875 0.64453125 0.034375 0.05078125
1 0.60546875 0.85078125 0.0453125 0.07421875
1 0.18359375 0.53984375 0.01953125 0.03359375
1 0.053125 0.67109375 0.0375 0.05390625
1 0.9171875 0.640625 0.028125 0.05390625
1 0.54921875 0.46640625 0.05546875 0.11640625
1 0.85859375 0.62890625 0.03203125 0.05390625
1 0.56953125 0.4140625 0.021875 0.03515625
1 0.684375 0.60859375 0.0296875 0.05390625
1 0.17421875 0.95859375 0.07109375 0.07421875
1 0.0453125 0.72890625 0.0578125 0.065625
1 0.0734375 0.60390625 0.021875 0.0453125
1 0.98515625 0.83984375 0.025 0.1015625