0 0.7 0.446875 0.0265625 0.040625
0 0.63671875 0.409375 0.025 0.0375
0 0.88203125 0.2703125 0.0171875 0.02734375
0 0.728125 0.45703125 0.025 0.03671875
0 0.7484375 0.20546875 0.0140625 0.01796875
0 0.39296875 0.3546875 0.01875 0.0296875
0 0.21953125 0.1703125 0.0125 0.0171875
0 0.8953125 0.4234375 0.025 0.03359375
0 0.4234375 0.30625 0.0171875 0.025
0 0.36171875 0.36875 0.0203125 0.0296875
0 0.790625 0.25546875 0.01953125 0.03125
0 0.70390625 0.2171875 0.015625 0.02109375
0 0.3953125 0.2375 0.0140625 0.025
0 0.946875 0.4 0.02421875 0.03515625
0 0.47265625 0.2328125 0.015625 0.021875
0 0.88046875 0.2078125 0.0125 0.01953125
0 0.08125 0.5078125 0.0265625 0.03671875
0 0.1515625 0.46640625 0.0265625 0.0390625
0 0.66875 0.16875 0.01171875 0.0171875
0 0.84609375 0.3890625 0.03046875 0.04140625
0 0.5609375 0.221875 0.0140625 0.021875
0 0.8421875 0.26796875 0.021875 0.02578125
0 0.84765625 0.2046875 0.015625 0.0234375
0 0.71953125 0.196875 0.01484375 0.01953125
0 0.95859375 0.17265625 0.0125 0.01953125
0 0.23359375 0.83125 0.05078125 0.0796875
0 0.259375 0.41171875 0.0203125 0.03671875
0 0.45234375 0.178125 0.01171875 0.02109375
0 0.7328125 0.1828125 0.0140625 0.01953125
0 0.609375 0.1734375 0.01171875 0.01796875
0 0.5828125 0.171875 0.0140625 0.01796875
0 0.23125 0.4421875 0.01875 0.0296875
0 0.3296875 0.38515625 0.0171875 0.02578125
0 0.97265625 0.43125 0.0296875 0.04453125
0 0.29375 0.4109375 0.0203125 0.0296875
0 0.29765625 0.178125 0.0140625 0.01796875
0 0.0046875 0.2125 0.009375 0.0296875
0 0.47578125 0.1828125 0.01171875 0.01953125
0 0.66015625 0.23125 0.0140625 0.025
0 0.540625 0.1703125 0.0109375 0.0140625
0 0.59609375 0.21640625 0.0125 0.02109375
0 0.50859375 0.16796875 0.0109375 0.01328125
0 0.25390625 0.190625 0.0140625 0.01953125
0 0.190625 0.18046875 0.0109375 0.0140625
0 0.41328125 0.35546875 0.0171875 0.02578125
0 0.53515625 0.24375 0.0140625 0.0234375
0 0.5296875 0.19375 0.0125 0.01796875
0 0.20859375 0.4984375 0.02265625 0.02578125
0 0.3203125 0.1546875 0.009375 0.01796875
0 0.5890625 0.1515625 0.0109375 0.0171875
0 0.91875 0.11328125 0.009375 0.015625
0 0.440625 0.165625 0.0109375 0.0171875
0 0.171875 0.18125 0.01171875 0.0140625
0 0.6109375 0.23515625 0.0140625 0.01953125
0 0.2421875 0.17265625 0.009375 0.0140625
0 0.94140625 0.11328125 0.009375 0.015625
0 0.9671875 0.09296875 0.009375 0.01171875
0 0.4359375 0.33046875 0.0171875 0.02578125
0 0.20234375 0.1796875 0.01171875 0.015625
0 0.3046875 0.15703125 0.009375 0.0140625
0 0.503125 0.1875 0.0140625 0.01796875
0 0.9578125 0.14140625 0.01171875 0.0171875
0 0.2625 0.16015625 0.0109375 0.015625
0 0.765625 0.18125 0.01171875 0.01796875
0 0.26796875 0.178125 0.0109375 0.01796875
0 0.1046875 0.1921875 0.0140625 0.0171875
0 0.7109375 0.11171875 0.0078125 0.01328125
0 0.45546875 0.128125 0.00859375 0.0140625
0 0.9296875 0.09375 0.0078125 0.01328125
0 0.22109375 0.2046875 0.0125 0.0140625
0 0.6421875 0.0796875 0.00625 0.00625
0 0.9921875 0.0796875 0.009375 0.0140625
0 0.58046875 0.0921875 0.00703125 0.0078125
0 0.99296875 0.11796875 0.0109375 0.0171875
0 0.76796875 0.1046875 0.00703125 0.009375
0 0.63125 0.0796875 0.00625 0.00625
0 0.30625 0.446875 0.0203125 0.0328125
0 0.39609375 0.14453125 0.0109375 0.015625
0 0.7703125 0.20625 0.01171875 0.01953125
0 0.75625 0.10546875 0.00703125 0.0078125
0 0.3421875 0.15390625 0.0109375 0.01328125
0 0.75625 0.09296875 0.00703125 0.00625
0 0.440625 0.30625 0.01484375 0.0171875
0 0.6375 0.08671875 0.00625 0.00625
0 0.56953125 0.1703125 0.009375 0.0140625
0 0.77421875 0.12421875 0.00703125 0.01171875
0 0.79375 0.1046875 0.00703125 0.009375
0 0.65546875 0.09296875 0.0078125 0.00625
0 0.78046875 0.10546875 0.00703125 0.0078125
0 0.86796875 0.1171875 0.00703125 0.01015625
0 0.7671875 0.09296875 0.00625 0.00625
0 0.65546875 0.08046875 0.00703125 0.00546875
0 0.85625 0.10390625 0.00703125 0.01015625
0 0.71796875 0.05546875 0.00703125 0.00625
0 0.66875 0.0796875 0.00625 0.00625
0 0.73125 0.10546875 0.00625 0.0078125
0 0.478125 0.13125 0.00859375 0.01171875
0 0.26484375 0.4984375 0.01953125 0.0296875
0 0.74296875 0.09296875 0.00625 0.00625
0 0.5671875 0.09296875 0.0078125 0.00625
0 0.8125 0.11171875 0.0078125 0.01328125
0 0.4796875 0.31953125 0.015625 0.025
0 0.15703125 0.16796875 0.0109375 0.01328125