0 0.46171875 0.221875 0.028125 0.040625
0 0.5375 0.51328125 0.0421875 0.0625
0 0.49375 0.30703125 0.0328125 0.046875
0 0.32734375 0.2578125 0.025 0.04140625
0 0.165625 0.3015625 0.03046875 0.04296875
0 0.52109375 0.240625 0.03046875 0.04453125
0 0.23359375 0.484375 0.0390625 0.06015625
0 0.634375 0.1875 0.02265625 0.03125
0 0.28515625 0.275 0.025 0.0375
0 0.67734375 0.1796875 0.02421875 0.03671875
0 0.21953125 0.2984375 0.0265625 0.0375
0 0.55 0.19765625 0.025 0.03671875
0 0.26640625 0.4484375 0.040625 0.05625
0 0.09296875 0.31640625 0.03203125 0.04453125
0 0.02109375 0.8421875 0.0421875 0.0875
0 0.01796875 0.4671875 0.0359375 0.05625
0 0.8875 0.10546875 0.0234375 0.03125
0 0.30234375 0.35546875 0.034375 0.04921875
0 0.25703125 0.3921875 0.0375 0.0484375
0 0.6375 0.35 0.034375 0.04296875
0 0.97734375 0.08828125 0.01953125 0.02890625
0 0.603125 0.5234375 0.03203125 0.04921875
0 0.959375 0.2421875 0.025 0.03359375