0 0.43828125 0.16171875 0.02265625 0.03125
0 0.89921875 0.30546875 0.03125 0.0484375
0 0.79609375 0.3546875 0.03046875 0.05078125
0 0.69140625 0.18671875 0.021875 0.0328125
0 0.80234375 0.4984375 0.03984375 0.0625
0 0.59609375 0.10625 0.01875 0.0296875
0 0.9515625 0.2125 0.0296875 0.0390625
0 0.6703125 0.22265625 0.021875 0.03671875
0 0.46171875 0.2578125 0.028125 0.0390625
0 0.84296875 0.175 0.02421875 0.03515625
0 0.734375 0.34296875 0.03125 0.0484375
0 0.97578125 0.3109375 0.03125 0.04296875
0 0.70546875 0.23046875 0.02265625 0.03671875
0 0.4796875 0.3796875 0.0328125 0.0484375
0 0.55390625 0.08828125 0.0171875 0.02890625
0 0.6109375 0.15 0.01953125 0.0296875
0 0.36640625 0.07578125 0.01640625 0.0234375
0 0.571875 0.14921875 0.0203125 0.0328125
0 0.8484375 0.30625 0.0296875 0.04453125
0 0.725 0.46953125 0.03828125 0.0640625
0 0.4796875 0.32421875 0.03203125 0.04453125
0 0.63125 0.225 0.02265625 0.03671875
0 0.4578125 0.01953125 0.0140625 0.0234375
0 0.60078125 0.06171875 0.0171875 0.025
0 0.496875 0.025 0.01484375 0.021875
0 0.58359375 0.03671875 0.01484375 0.0234375
0 0.4359375 0.09453125 0.01953125 0.02734375
0 0.1578125 0.0171875 0.01484375 0.02109375
0 0.46171875 0.14296875 0.0203125 0.02578125
0 0.75390625 0.0796875 0.0171875 0.02734375
0 0.62265625 0.0078125 0.01484375 0.015625
0 0.4140625 0.0109375 0.015625 0.01953125
0 0.21640625 0.0296875 0.01484375 0.0234375
0 0.46875 0.2015625 0.0234375 0.03125
0 0.196875 0.025 0.01640625 0.0234375
0 0.75625 0.0125 0.0125 0.025
0 0.9921875 0.1984375 0.0140625 0.04296875
0 0.5609375 0.06015625 0.015625 0.0234375
0 0.70234375 0.01328125 0.0125 0.02109375
0 0.6484375 0.0375 0.0140625 0.025
0 0.56484375 0.01171875 0.01484375 0.0234375
0 0.6765625 0.0390625 0.0140625 0.0234375
0 0.70390625 0.0890625 0.015625 0.021875
0 0.678125 0.07578125 0.01875 0.02578125
0 0.98203125 0.55625 0.034375 0.07578125
0 0.465625 0.1734375 0.0265625 0.02890625
0 0.60078125 0.0171875 0.0140625 0.01953125
0 0.6828125 0.0140625 0.0140625 0.01953125
0 0.60859375 0.19375 0.02265625 0.0328125
0 0.7265625 0.00859375 0.015625 0.0171875
0 0.48359375 0.0140625 0.0125 0.02109375
0 0.4703125 0.0078125 0.0140625 0.015625
0 0.2171875 0.00625 0.01484375 0.01171875
0 0.10234375 0.01171875 0.01484375 0.0234375
0 0.2796875 0.05 0.01484375 0.01953125
0 0.665625 0.00546875 0.0125 0.01015625
0 0.50234375 0.41953125 0.02421875 0.03359375
0 0.1203125 0.0140625 0.01484375 0.021875
0 0.56875 0.18125 0.01953125 0.02578125
0 0.665625 0.1 0.0171875 0.025
0 0.45390625 0.09296875 0.01484375 0.025
0 0.5421875 0.01328125 0.01484375 0.0234375