0 0.2296875 0.47265625 0.0171875 0.0265625
0 0.23125 0.3296875 0.01640625 0.02734375
0 0.246875 0.3671875 0.01875 0.025
0 0.7140625 0.12734375 0.0203125 0.03046875
0 0.1046875 0.22734375 0.015625 0.025
0 0.14765625 0.7671875 0.01640625 0.025
0 0.33359375 0.059375 0.01640625 0.025
0 0.0171875 0.5015625 0.0171875 0.025
0 0.54609375 0.25703125 0.01640625 0.025
0 0.71953125 0.6390625 0.01953125 0.025
0 0.221875 0.546875 0.01875 0.0265625
0 0.53203125 0.08984375 0.01640625 0.02734375
0 0.68828125 0.796875 0.01953125 0.02265625
0 0.1421875 0.6265625 0.0171875 0.0265625
0 0.4671875 0.1921875 0.01640625 0.025
0 0.58046875 0.4765625 0.01875 0.025
0 0.3328125 0.57890625 0.0171875 0.02734375
0 0.315625 0.334375 0.0171875 0.03046875
0 0.3921875 0.5484375 0.0171875 0.02265625
0 0.409375 0.59453125 0.01640625 0.025
0 0.29765625 0.09453125 0.01484375 0.025
0 0.08046875 0.26484375 0.01640625 0.025
0 0.2046875 0.3828125 0.0171875 0.025
0 0.603125 0.9671875 0.0171875 0.02421875
0 0.390625 0.346875 0.0171875 0.02421875
0 0.4359375 0.72265625 0.0171875 0.03046875
0 0.5953125 0.259375 0.0171875 0.02890625
0 0.41875 0.0640625 0.0171875 0.02890625
0 0.634375 0.84921875 0.01953125 0.0265625
0 0.50703125 0.65625 0.01953125 0.0265625
0 0.68828125 0.6171875 0.01953125 0.02265625
0 0.7765625 0.73125 0.01953125 0.02421875
0 0.23125 0.12421875 0.0171875 0.0265625
0 0.4515625 0.6140625 0.0171875 0.025
0 0.478125 0.56953125 0.01640625 0.025
0 0.67421875 0.8484375 0.0203125 0.025
0 0.64453125 0.22890625 0.0171875 0.02421875
0 0.1015625 0.1671875 0.015625 0.0265625
0 0.4125 0.4328125 0.01640625 0.02421875
0 0.34453125 0.3390625 0.015625 0.025
0 0.69375 0.28515625 0.01953125 0.02734375
0 0.509375 0.6015625 0.01953125 0.02734375
0 0.04375 0.19453125 0.01640625 0.02734375
0 0.8015625 0.49140625 0.01953125 0.02890625
0 0.09609375 0.359375 0.01875 0.02265625
0 0.528125 0.45 0.0171875 0.025
0 0.353125 0.11953125 0.01875 0.02734375
0 0.10625 0.109375 0.01640625 0.02734375
0 0.29375 0.44453125 0.01953125 0.0265625
0 0.571875 0.1546875 0.01875 0.03046875
0 0.33203125 0.4015625 0.0171875 0.02734375
0 0.18125 0.72265625 0.0171875 0.025
0 0.884375 0.13203125 0.015625 0.025
0 0.1921875 0.4140625 0.01640625 0.025
0 0.31328125 0.234375 0.0171875 0.02734375
0 0.28203125 0.20703125 0.0171875 0.0265625
0 0.17109375 0.40234375 0.01640625 0.02421875
0 0.29375 0.5765625 0.01875 0.025
0 0.5796875 0.62265625 0.0171875 0.025
0 0.10078125 0.77421875 0.0171875 0.025
0 0.34453125 0.47421875 0.0171875 0.02734375
0 0.54609375 0.4921875 0.01875 0.02734375
0 0.6078125 0.46171875 0.01484375 0.02265625
0 0.14140625 0.27890625 0.0171875 0.025
0 0.94140625 0.3515625 0.021875 0.0265625
0 0.61328125 0.63203125 0.0171875 0.02734375
0 0.31953125 0.146875 0.0171875 0.0265625
0 0.071875 0.87734375 0.01875 0.02421875
0 0.040625 0.04921875 0.01640625 0.0265625
0 0.5953125 0.78203125 0.0171875 0.021875
0 0.75390625 0.64453125 0.01953125 0.021875
0 0.796875 0.8296875 0.01953125 0.02265625
0 0.503125 0.6921875 0.01875 0.02734375
0 0.48359375 0.41484375 0.01640625 0.02421875
0 0.5171875 0.93984375 0.01484375 0.021875
0 0.0609375 0.71640625 0.01875 0.02265625
0 0.06875 0.74375 0.01640625 0.02734375
0 0.42890625 0.46953125 0.01640625 0.025
0 0.63359375 0.81171875 0.01953125 0.021875
0 0.85703125 0.1390625 0.01484375 0.02265625
0 0.2625 0.06171875 0.01640625 0.025
0 0.2953125 0.17734375 0.015625 0.0265625
0 0.21953125 0.22890625 0.0171875 0.02890625
0 0.7875 0.64375 0.01875 0.025
0 0.81640625 0.19140625 0.0171875 0.02421875
0 0.753125 0.82265625 0.0203125 0.03046875
0 0.81953125 0.73125 0.0171875 0.02421875
0 0.38984375 0.23125 0.0171875 0.0265625
0 0.1015625 0.0265625 0.015625 0.02890625
0 0.4328125 0.6828125 0.01640625 0.025
0 0.09453125 0.409375 0.01875 0.025
0 0.18125 0.81953125 0.0171875 0.02890625
0 0.36171875 0.68203125 0.01640625 0.02421875
0 0.7765625 0.684375 0.0171875 0.021875
0 0.4953125 0.0390625 0.0203125 0.0328125
0 0.2203125 0.0796875 0.0171875 0.0265625
0 0.58671875 0.0796875 0.01640625 0.0265625
0 0.37890625 0.0328125 0.0171875 0.02421875
0 0.4328125 0.56640625 0.0171875 0.0265625
0 0.20390625 0.28203125 0.0171875 0.0265625
0 0.2203125 0.81640625 0.0171875 0.025
0 0.253125 0.58515625 0.0171875 0.025
0 0.15546875 0.23125 0.0171875 0.02890625
0 0.0734375 0.12421875 0.015625 0.0265625
0 0.3703125 0.30390625 0.0171875 0.025
0 0.89296875 0.52734375 0.01875 0.025
0 0.45859375 0.7875 0.01875 0.025
0 0.19609375 0.50234375 0.0171875 0.0265625
0 0.659375 0.41484375 0.01875 0.0265625
0 0.0484375 0.10625 0.0171875 0.03046875
0 0.634375 0.95703125 0.0171875 0.02265625
0 0.6859375 0.94140625 0.0171875 0.025
0 0.5890625 0.396875 0.01875 0.02265625
0 0.13359375 0.8171875 0.01484375 0.025
0 0.028125 0.7796875 0.01875 0.02421875
0 0.86328125 0.16484375 0.015625 0.02265625
0 0.1828125 0.37890625 0.0171875 0.025
0 0.3609375 0.58203125 0.01953125 0.0265625
0 0.14609375 0.4171875 0.01875 0.0265625
0 0.4015625 0.48515625 0.015625 0.02265625
0 0.471875 0.74140625 0.01875 0.02734375
0 0.75546875 0.7015625 0.01484375 0.02265625
0 0.55546875 0.6328125 0.0171875 0.0265625
0 0.70703125 0.82421875 0.021875 0.0265625
0 0.8171875 0.7671875 0.0171875 0.02265625
0 0.55390625 0.80625 0.01640625 0.02265625
0 0.0171875 0.00625 0.015625 0.0125
0 0.603125 0.17734375 0.01875 0.02421875
0 0.22109375 0.01953125 0.01484375 0.02265625
0 0.64140625 0.74375 0.0171875 0.0203125
0 0.36171875 0.1671875 0.01875 0.025
0 0.46953125 0.46171875 0.0171875 0.025
0 0.7484375 0.49453125 0.0171875 0.025
0 0.3578125 0.4390625 0.015625 0.02265625
0 0.45234375 0.3921875 0.01640625 0.02265625
0 0.37265625 0.48203125 0.01640625 0.02421875
0 0.10625 0.4390625 0.01875 0.025
0 0.1234375 0.33671875 0.01875 0.02734375
0 0.83046875 0.69453125 0.01640625 0.02265625
0 0.50390625 0.2421875 0.0171875 0.0265625
0 0.3921875 0.68984375 0.01953125 0.02734375
0 0.446875 0.8484375 0.01640625 0.025
0 0.853125 0.7796875 0.0171875 0.02421875
0 0.26640625 0.346875 0.0171875 0.02421875
0 0.66484375 0.78984375 0.0171875 0.02265625
0 0.471875 0.50625 0.01640625 0.025
0 0.43828125 0.30234375 0.01640625 0.0265625
0 0.06953125 0.5015625 0.01953125 0.02734375
0 0.93671875 0.66953125 0.01875 0.0265625
0 0.0734375 0.05390625 0.01484375 0.02421875
0 0.50546875 0.20390625 0.01875 0.02734375
0 0.5046875 0.14921875 0.01640625 0.02421875
0 0.5734375 0.82734375 0.0171875 0.025
0 0.36953125 0.23203125 0.01640625 0.03046875
0 0.06875 0.35390625 0.01640625 0.02421875
0 0.828125 0.64921875 0.0171875 0.021875
0 0.3703125 0.5265625 0.01875 0.02421875
0 0.8046875 0.8671875 0.0171875 0.02265625
0 0.05234375 0.36953125 0.0203125 0.03046875
0 0.99140625 0.85390625 0.01484375 0.02890625
0 0.08203125 0.03203125 0.015625 0.025
0 0.796875 0.43203125 0.0171875 0.025
0 0.2484375 0.08203125 0.015625 0.02421875
0 0.1234375 0.14140625 0.01640625 0.02734375
0 0.5390625 0.68984375 0.015625 0.02265625
0 0.478125 0.6015625 0.0171875 0.03046875
0 0.79609375 0.2671875 0.01875 0.02734375
0 0.1546875 0.325 0.015625 0.02265625
0 0.40703125 0.40625 0.01640625 0.0203125
0 0.4296875 0.25390625 0.0171875 0.0265625
0 0.73125 0.721875 0.01640625 0.021875
0 0.27578125 0.6765625 0.01640625 0.02265625
0 0.17109375 0.2546875 0.0171875 0.025
0 0.3296875 0.925 0.0171875 0.025
0 0.3046875 0.50390625 0.0171875 0.025
0 0.834375 0.29921875 0.01875 0.025
0 0.96171875 0.8671875 0.0171875 0.02734375
0 0.40703125 0.75 0.0171875 0.02734375
0 0.80234375 0.54609375 0.01640625 0.02265625
0 0.94453125 0.08203125 0.015625 0.021875
0 0.246875 0.46171875 0.0171875 0.0265625
0 0.584375 0.659375 0.01484375 0.02421875
0 0.3671875 0.4171875 0.0171875 0.025
0 0.82734375 0.82265625 0.01875 0.02265625
0 0.225 0.509375 0.01953125 0.02734375
0 0.24140625 0.69140625 0.01640625 0.02890625
0 0.7390625 0.925 0.01953125 0.025
0 0.6828125 0.709375 0.0171875 0.0203125
0 0.5515625 0.184375 0.01484375 0.02421875
0 0.96171875 0.67421875 0.01640625 0.025
0 0.10234375 0.0671875 0.01484375 0.02421875
0 0.0640625 0.209375 0.01640625 0.02734375
0 0.559375 0.1046875 0.01484375 0.0265625
0 0.165625 0.0828125 0.0171875 0.025
0 0.71953125 0.87734375 0.01953125 0.02421875
0 0.57890625 0.046875 0.021875 0.0265625
0 0.89609375 0.8546875 0.01875 0.025
0 0.3875 0.2671875 0.01875 0.02734375
0 0.03515625 0.984375 0.0171875 0.0265625
0 0.290625 0.4921875 0.01640625 0.02734375
0 0.25 0.00703125 0.015625 0.0140625
0 0.97734375 0.00703125 0.0171875 0.0140625
0 0.634375 0.6765625 0.01875 0.025
0 0.20703125 0.44140625 0.015625 0.025
0 0.4046875 0.1328125 0.01640625 0.02421875
0 0.9640625 0.03203125 0.01640625 0.025
0 0.334375 0.84375 0.01953125 0.02734375
0 0.725 0.66953125 0.01875 0.025
0 0.3203125 0.44453125 0.015625 0.021875
0 0.80234375 0.7390625 0.01640625 0.0203125
0 0.15703125 0.55234375 0.0171875 0.02265625
0 0.19140625 0.12265625 0.0171875 0.025
0 0.6171875 0.56484375 0.015625 0.025
0 0.096875 0.31484375 0.01640625 0.02421875
0 0.190625 0.54453125 0.0171875 0.03125
0 0.3109375 0.70390625 0.01953125 0.02734375
0 0.30234375 0.62421875 0.01875 0.0265625
0 0.253125 0.15390625 0.01484375 0.02421875
0 0.6125 0.51171875 0.0171875 0.025
0 0.11484375 0.46171875 0.01875 0.025
0 0.4640625 0.66484375 0.0171875 0.02265625
0 0.4609375 0.10703125 0.015625 0.02421875
0 0.7875 0.09453125 0.01875 0.02734375
0 0.49375 0.825 0.0171875 0.025
0 0.87890625 0.20234375 0.015625 0.02421875
0 0.7140625 0.759375 0.01875 0.02421875
0 0.68828125 0.746875 0.0171875 0.02421875
0 0.603125 0.896875 0.01875 0.02265625
0 0.06484375 0.4546875 0.01484375 0.02734375
0 0.9171875 0.834375 0.0171875 0.025
0 0.50390625 0.5015625 0.015625 0.02265625
0 0.6765625 0.67421875 0.01953125 0.02265625
0 0.571875 0.98203125 0.01484375 0.01953125
0 0.3078125 0.84140625 0.01953125 0.03046875
0 0.16953125 0.00625 0.0140625 0.0125
0 0.9125 0.9171875 0.01640625 0.021875
0 0.51171875 0.31484375 0.0171875 0.02421875
0 0.6703125 0.76640625 0.0171875 0.02421875
0 0.5265625 0.559375 0.01640625 0.02265625
0 0.5484375 0.88984375 0.01953125 0.025
0 0.72890625 0.25234375 0.0203125 0.0328125
0 0.33984375 0.20625 0.0171875 0.02734375
0 0.35234375 0.62265625 0.01953125 0.02734375
0 0.08046875 0.3171875 0.01640625 0.02421875
0 0.3078125 0.3765625 0.0171875 0.025
0 0.8453125 0.54140625 0.0171875 0.02265625
0 0.87890625 0.70625 0.0171875 0.0203125
0 0.48984375 0.95390625 0.01875 0.021875
0 0.58671875 0.52421875 0.0171875 0.0265625
0 0.26875 0.4046875 0.01484375 0.02421875
0 0.5546875 0.9265625 0.015625 0.01953125
0 0.871875 0.7671875 0.01484375 0.0203125
0 0.2 0.3515625 0.01953125 0.0265625
0 0.971875 0.484375 0.01640625 0.02421875
0 0.4078125 0.646875 0.01640625 0.0265625
0 0.4546875 0.26484375 0.01484375 0.025
0 0.67109375 0.175 0.01640625 0.02421875
0 0.81328125 0.66484375 0.01640625 0.02265625
0 0.540625 0.96484375 0.01484375 0.0203125
0 0.96796875 0.10625 0.01484375 0.025
0 0.0546875 0.43203125 0.0171875 0.02734375
0 0.7390625 0.684375 0.0171875 0.02421875
0 0.5359375 0.73671875 0.01640625 0.025
0 0.7625 0.559375 0.0203125 0.025
0 0.99375 0.45703125 0.009375 0.025
0 0.16015625 0.746875 0.015625 0.02421875
0 0.95234375 0.7046875 0.0171875 0.02421875
0 0.42578125 0.97734375 0.015625 0.02421875
0 0.28359375 0.3171875 0.01875 0.025
0 0.63125 0.78984375 0.01875 0.02265625
0 0.12109375 0.49921875 0.0171875 0.025
0 0.7453125 0.60390625 0.0203125 0.02734375
0 0.2671875 0.72265625 0.0171875 0.03046875
0 0.91328125 0.4390625 0.01953125 0.02734375
0 0.753125 0.7796875 0.0171875 0.0265625
0 0.165625 0.4921875 0.01640625 0.02734375
0 0.415625 0.61953125 0.01640625 0.025
0 0.478125 0.371875 0.0171875 0.0203125
0 0.8421875 0.9390625 0.01640625 0.02265625
0 0.5375 0.81953125 0.01875 0.025
0 0.5921875 0.359375 0.01640625 0.02265625
0 0.99375 0.084375 0.009375 0.0265625
0 0.30625 0.4171875 0.01875 0.021875
0 0.484375 0.25 0.0171875 0.02734375
0 0.3734375 0.75703125 0.01875 0.02734375
0 0.478125 0.8140625 0.0171875 0.025
0 0.37578125 0.95703125 0.015625 0.02734375
0 0.01640625 0.98203125 0.01484375 0.02421875
0 0.040625 0.53203125 0.01484375 0.02265625
0 0.27109375 0.125 0.01640625 0.025
0 0.3078125 0.296875 0.015625 0.02265625
0 0.96953125 0.5515625 0.0171875 0.02421875
0 0.88203125 0.98515625 0.015625 0.02265625
0 0.85859375 0.74375 0.01484375 0.0203125
0 0.45546875 0.9796875 0.0125 0.0171875
0 0.75703125 0.51953125 0.0171875 0.0265625
0 0.19609375 0.0546875 0.0171875 0.025
0 0.76953125 0.3015625 0.015625 0.02265625
0 0.509375 0.98203125 0.01484375 0.01953125
0 0.00390625 0.1171875 0.0078125 0.0265625