0 0.0171875 0.47421875 0.03125 0.04921875
0 0.60859375 0.54453125 0.0703125 0.10390625
0 0.14921875 0.6109375 0.06875 0.09140625
0 0.8578125 0.67265625 0.12109375 0.1625
0 0.47890625 0.4625 0.028125 0.04453125
0 0.3140625 0.55546875 0.059375 0.08203125
0 0.66328125 0.5140625 0.0375 0.06640625
0 0.4171875 0.91015625 0.1171875 0.17734375
0 0.96953125 0.64375 0.059375 0.1109375
0 0.2640625 0.4984375 0.0390625 0.0546875
0 0.90390625 0.4234375 0.01640625 0.0234375
0 0.8703125 0.4828125 0.03125 0.0484375
0 0.3890625 0.50078125 0.02734375 0.0484375
0 0.3734375 0.56875 0.046875 0.08203125
0 0.6625 0.41953125 0.01484375 0.02578125
0 0.3109375 0.4578125 0.021875 0.03515625
0 0.29375 0.659375 0.065625 0.0953125
0 0.5296875 0.4546875 0.0234375 0.03359375
0 0.3953125 0.45546875 0.02265625 0.03125
0 0.478125 0.7671875 0.09296875 0.15
0 0.071875 0.5109375 0.0421875 0.05625
0 0.7703125 0.5296875 0.053125 0.06484375
0 0.56328125 0.4390625 0.01953125 0.03125
0 0.53984375 0.54375 0.0515625 0.0796875
0 0.7359375 0.425 0.0171875 0.025
0 0.96171875 0.45703125 0.028125 0.04453125
0 0.603125 0.4453125 0.02265625 0.02890625
0 0.7921875 0.41640625 0.015625 0.02109375
0 0.6421875 0.4203125 0.0140625 0.025
0 0.2171875 0.440625 0.021875 0.0296875
0 0.2546875 0.45546875 0.0234375 0.02578125
0 0.7125 0.4609375 0.0203125 0.0390625
0 0.353125 0.45625 0.025 0.04296875
0 0.546875 0.48125 0.0296875 0.0328125
0 0.4328125 0.446875 0.01875 0.0296875
0 0.803125 0.44296875 0.0203125 0.03125
0 0.05234375 0.5640625 0.05546875 0.06796875
0 0.8359375 0.4546875 0.021875 0.03671875
0 0.690625 0.42578125 0.01640625 0.02109375
0 0.33046875 0.475 0.02265625 0.0375
0 0.8625 0.43125 0.0171875 0.02734375
0 0.9046875 0.4734375 0.01953125 0.0328125
0 0.1859375 0.44140625 0.0234375 0.0234375
0 0.79609375 0.48046875 0.0375 0.04453125
0 0.45546875 0.54375 0.05546875 0.0875
0 0.225 0.4078125 0.02265625 0.02890625
0 0.5046875 0.4359375 0.01640625 0.025
0 0.40546875 0.428125 0.01484375 0.0234375
0 0.98671875 0.42421875 0.0203125 0.03125
0 0.8078125 0.415625 0.01484375 0.01953125
0 0.571875 0.40625 0.01171875 0.01796875
0 0.7765625 0.3953125 0.0109375 0.0171875
0 0.7390625 0.4625 0.02265625 0.0296875
0 0.79609375 0.396875 0.0109375 0.015625
0 0.25625 0.3953125 0.0125 0.01953125
0 0.6671875 0.39375 0.009375 0.0140625
0 0.92265625 0.425 0.0171875 0.025
0 0.29765625 0.43046875 0.01484375 0.025
0 0.7671875 0.43125 0.01484375 0.0234375
0 0.590625 0.4140625 0.0125 0.02109375
0 0.9265625 0.4546875 0.021875 0.0328125
0 0.634375 0.4625 0.02421875 0.0328125
0 0.53203125 0.42265625 0.01484375 0.01953125
0 0.3890625 0.42578125 0.01484375 0.0234375
0 0.9640625 0.4140625 0.0171875 0.0234375
0 0.9921875 0.46328125 0.0140625 0.03359375
0 0.5515625 0.4140625 0.01171875 0.01796875
0 0.1234375 0.48671875 0.03125 0.04921875
0 0.428125 0.4140625 0.01171875 0.01796875
0 0.884375 0.44453125 0.01953125 0.025
0 0.44375 0.4046875 0.0109375 0.0140625
0 0.18515625 0.49375 0.03984375 0.06796875
0 0.70546875 0.3921875 0.0109375 0.0140625
0 0.37578125 0.4046875 0.01171875 0.01796875
0 0.6171875 0.40546875 0.01171875 0.01953125
0 0.62578125 0.43203125 0.0171875 0.02578125
0 0.4609375 0.43515625 0.015625 0.02109375
0 0.46171875 0.4109375 0.0109375 0.0171875
0 0.290625 0.40546875 0.0125 0.01953125
0 0.54140625 0.40546875 0.0109375 0.0140625
0 0.4046875 0.4046875 0.009375 0.0140625
0 0.3234375 0.4296875 0.015625 0.02109375
0 0.5296875 0.4015625 0.0109375 0.0140625
0 0.5828125 0.475 0.034375 0.04296875
0 0.75703125 0.409375 0.01171875 0.0171875
0 0.8875 0.41015625 0.01640625 0.0234375
0 0.49296875 0.39453125 0.00859375 0.01328125
0 0.01484375 0.68046875 0.0296875 0.0921875
0 0.69140625 0.3921875 0.009375 0.0140625
0 0.9109375 0.55625 0.04765625 0.06796875
0 0.55703125 0.39296875 0.00859375 0.01328125
0 0.60390625 0.4046875 0.0109375 0.0171875
0 0.3046875 0.4078125 0.01171875 0.01796875
0 0.51796875 0.39375 0.00859375 0.01171875
0 0.58046875 0.39296875 0.00859375 0.01328125
0 0.33671875 0.415625 0.0125 0.01953125
0 0.70859375 0.42578125 0.01484375 0.02109375
0 0.48046875 0.3921875 0.0078125 0.01015625
0 0.50546875 0.39296875 0.00703125 0.01328125
0 0.3421875 0.38125 0.0078125 0.01171875
0 0.3578125 0.39296875 0.009375 0.01328125
0 0.6796875 0.3921875 0.009375 0.0140625
0 0.3921875 0.39296875 0.0078125 0.01328125
0 0.43046875 0.3921875 0.00703125 0.01171875
0 0.3515625 0.4125 0.0140625 0.01796875
0 0.53046875 0.38046875 0.00703125 0.0078125
0 0.503125 0.4125 0.0125 0.01796875
0 0.4546875 0.3921875 0.0078125 0.01171875
0 0.7453125 0.40390625 0.01171875 0.015625
0 0.4796875 0.40703125 0.0109375 0.0140625
0 0.73125 0.39453125 0.0109375 0.015625
0 0.60625 0.38125 0.00703125 0.01171875
0 0.56875 0.38125 0.00703125 0.01171875
0 0.44453125 0.38125 0.00625 0.01171875
0 0.50625 0.38046875 0.00625 0.0078125
0 0.0125 0.6 0.025 0.06484375
0 0.41875 0.38046875 0.00703125 0.0078125
0 0.47890625 0.42578125 0.01484375 0.01796875
0 0.67265625 0.4515625 0.0171875 0.025
0 0.4546875 0.38125 0.00625 0.01171875
0 0.35625 0.38046875 0.00703125 0.01015625
0 0.59296875 0.39296875 0.00703125 0.01328125
0 0.3421875 0.39296875 0.00859375 0.01328125
0 0.54375 0.38046875 0.00625 0.0078125
0 0.41875 0.39375 0.00703125 0.01171875
0 0.63984375 0.39453125 0.0109375 0.015625
0 0.49296875 0.38125 0.00625 0.01171875
0 0.3328125 0.38125 0.0078125 0.01171875
0 0.3015625 0.49375 0.028125 0.0296875
0 0.58203125 0.4359375 0.0171875 0.025
0 0.4125 0.3875 0.00703125 0.01171875
0 0.46953125 0.3921875 0.0078125 0.01015625
0 0.628125 0.39296875 0.00859375 0.01328125
0 0.58046875 0.38125 0.00703125 0.01171875
0 0.38125 0.38046875 0.00703125 0.0078125
0 0.5171875 0.38125 0.00625 0.0078125
0 0.59296875 0.38046875 0.00703125 0.01015625
0 0.9125 0.39921875 0.01484375 0.025
0 0.39296875 0.38046875 0.00703125 0.0078125
0 0.55546875 0.38046875 0.00625 0.0078125
0 0.31640625 0.39296875 0.009375 0.01328125
0 0.49609375 0.525 0.03125 0.0609375
0 0.0859375 0.46875 0.025 0.03125
0 0.5375 0.3875 0.00703125 0.01171875
0 0.2546875 0.43125 0.021875 0.0234375
0 0.36796875 0.38125 0.00703125 0.01171875
0 0.475 0.375 0.00625 0.0078125
0 0.39375 0.36796875 0.00625 0.00625
0 0.28203125 0.384375 0.01171875 0.0171875
0 0.65703125 0.46875 0.0171875 0.0234375
0 0.43046875 0.36796875 0.00625 0.00625
0 0.82734375 0.5203125 0.0328125 0.0484375