0 0.8359375 0.3734375 0.0328125 0.0484375
0 0.21953125 0.25 0.015625 0.02578125
0 0.38125 0.64453125 0.05 0.0703125
0 0.2046875 0.2203125 0.01484375 0.0234375
0 0.509375 0.3296875 0.02421875 0.0390625
0 0.66875 0.36796875 0.0328125 0.0484375
0 0.7140625 0.56640625 0.04765625 0.0703125
0 0.3109375 0.34453125 0.01953125 0.0328125
0 0.353125 0.43515625 0.0296875 0.04453125
0 0.228125 0.50546875 0.0359375 0.0546875
0 0.47578125 0.37421875 0.02734375 0.04296875
0 0.18828125 0.33203125 0.0234375 0.03671875
0 0.18046875 0.83671875 0.0578125 0.1
0 0.75625 0.30546875 0.0265625 0.0375
0 0.64296875 0.14296875 0.0125 0.01796875
0 0.540625 0.26953125 0.01640625 0.02578125
0 0.0796875 0.334375 0.01953125 0.03125
0 0.80234375 0.1546875 0.0125 0.02109375
0 0.25703125 0.2984375 0.021875 0.03359375
0 0.96953125 0.15625 0.0140625 0.01796875
0 0.103125 0.2046875 0.0140625 0.02109375
0 0.48125 0.51171875 0.0390625 0.05703125
0 0.61484375 0.28046875 0.02265625 0.0328125
0 0.7109375 0.228125 0.0171875 0.02734375
0 0.8015625 0.646875 0.053125 0.08359375
0 0.1828125 0.1828125 0.0140625 0.01953125
0 0.8640625 0.40625 0.0328125 0.04921875
0 0.34296875 0.31171875 0.0203125 0.0328125
0 0.55546875 0.3234375 0.01875 0.0328125
0 0.428125 0.44453125 0.03203125 0.0640625
0 0.75625 0.353125 0.03203125 0.0484375
0 0.6828125 0.31875 0.025 0.03671875
0 0.30625 0.2046875 0.0125 0.01953125
0 0.946875 0.3703125 0.03203125 0.0484375
0 0.98671875 0.1984375 0.01875 0.0296875
0 0.9578125 0.23671875 0.025 0.03671875
0 0.97109375 0.3359375 0.0265625 0.04453125
0 0.20390625 0.4671875 0.03203125 0.04453125
0 0.39609375 0.17890625 0.0109375 0.01953125
0 0.565625 0.19765625 0.0125 0.01796875
0 0.94609375 0.14140625 0.0140625 0.01953125
0 0.20234375 0.17265625 0.01171875 0.0171875
0 0.2453125 0.16796875 0.01171875 0.01796875
0 0.78203125 0.178125 0.0140625 0.02109375
0 0.4953125 0.1421875 0.0109375 0.0140625
0 0.290625 0.20625 0.0140625 0.01953125
0 0.16875 0.18125 0.0125 0.01796875
0 0.91875 0.1203125 0.0125 0.01953125
0 0.2546875 0.2140625 0.01484375 0.021875
0 0.3421875 0.2453125 0.015625 0.021875
0 0.78125 0.14453125 0.0140625 0.02109375
0 0.67734375 0.1421875 0.0125 0.01796875
0 0.37578125 0.234375 0.01484375 0.02578125
0 0.8453125 0.11875 0.0109375 0.01796875
0 0.88203125 0.11640625 0.01171875 0.0140625
0 0.05546875 0.2359375 0.01484375 0.0234375
0 0.265625 0.16796875 0.01171875 0.01796875
0 0.421875 0.19296875 0.01171875 0.01796875
0 0.1515625 0.225 0.015625 0.025
0 0.97734375 0.51875 0.0421875 0.05859375
0 0.16015625 0.33515625 0.0234375 0.040625
0 0.1859375 0.38203125 0.02734375 0.0484375
0 0.615625 0.1078125 0.0109375 0.0140625
0 0.3671875 0.1453125 0.009375 0.0140625
0 0.73359375 0.1484375 0.0140625 0.02109375
0 0.09765625 0.27421875 0.015625 0.025
0 0.11484375 0.34921875 0.0203125 0.03671875
0 0.575 0.321875 0.02265625 0.03515625
0 0.01953125 0.3015625 0.0234375 0.0375
0 0.6171875 0.13046875 0.01171875 0.01796875
0 0.10703125 0.22890625 0.01484375 0.0234375
0 0.5265625 0.16875 0.01171875 0.0171875
0 0.3328125 0.18515625 0.01171875 0.01796875
0 0.23359375 0.2046875 0.0125 0.01953125
0 0.03203125 0.21953125 0.0140625 0.01953125
0 0.9015625 0.41796875 0.0375 0.05703125
0 0.5328125 0.14765625 0.0109375 0.0171875
0 0.47734375 0.16328125 0.01171875 0.0171875
0 0.590625 0.19375 0.0140625 0.0234375
0 0.99296875 0.31953125 0.01171875 0.0375
0 0.45546875 0.146875 0.0109375 0.015625
0 0.1421875 0.19453125 0.0140625 0.01953125
0 0.61171875 0.40546875 0.03046875 0.05078125
0 0.759375 0.1453125 0.0125 0.01953125
0 0.90390625 0.10078125 0.0109375 0.0171875
0 0.29296875 0.1640625 0.01171875 0.01796875
0 0.83203125 0.1171875 0.009375 0.015625
0 0.58515625 0.1515625 0.0140625 0.01953125
0 0.6703125 0.11875 0.009375 0.01796875
0 0.8671875 0.11328125 0.009375 0.015625
0 0.6109375 0.1625 0.01171875 0.01796875
0 0.7921875 0.4546875 0.03046875 0.04921875
0 0.74296875 0.09375 0.0109375 0.01796875
0 0.40703125 0.13125 0.00859375 0.01328125
0 0.6890625 0.1765625 0.01484375 0.021875
0 0.3609375 0.2125 0.0140625 0.01953125
0 0.95234375 0.06953125 0.009375 0.0140625
0 0.0046875 0.209375 0.009375 0.02109375
0 0.6453125 0.10546875 0.00859375 0.01328125
0 0.56875 0.2875 0.01875 0.0234375
0 0.96796875 0.06875 0.00703125 0.01171875
0 0.80625 0.103125 0.0109375 0.0140625
0 0.9953125 0.15390625 0.0078125 0.02109375
0 0.4015625 0.2265625 0.0109375 0.01796875
0 0.3703125 0.190625 0.01171875 0.0171875
0 0.83046875 0.09296875 0.00859375 0.01171875
0 0.00703125 0.44453125 0.0140625 0.0484375
0 0.065625 0.1890625 0.0140625 0.01796875
0 0.7921875 0.103125 0.0109375 0.0140625
0 0.7796875 0.11640625 0.01171875 0.0171875
0 0.196875 0.19296875 0.0140625 0.02109375
0 0.9421875 0.0796875 0.00859375 0.0140625
0 0.096875 0.1734375 0.0125 0.01953125
0 0.31640625 0.1546875 0.01171875 0.0140625
0 0.55390625 0.1390625 0.009375 0.0171875
0 0.5578125 0.11796875 0.00859375 0.0140625
0 0.59453125 0.10703125 0.009375 0.01328125
0 0.90703125 0.06875 0.009375 0.01171875
0 0.9125 0.1390625 0.0125 0.01796875
0 0.98125 0.06796875 0.00859375 0.01328125
0 0.7671875 0.103125 0.0109375 0.0140625
0 0.63984375 0.6984375 0.04765625 0.0765625
0 0.9296875 0.07890625 0.009375 0.0140625
0 0.39140625 0.1390625 0.009375 0.01328125
0 0.1140625 0.25625 0.0171875 0.02578125
0 0.92109375 0.09765625 0.0109375 0.01796875
0 0.7609375 0.08671875 0.0109375 0.0140625
0 0.40703125 0.165625 0.009375 0.0171875
0 0.98125 0.08046875 0.009375 0.01328125
0 0.98125 0.11953125 0.0109375 0.015625
0 0.021875 0.23671875 0.01484375 0.0234375
0 0.6546875 0.10546875 0.00859375 0.01328125
0 0.75703125 0.1046875 0.009375 0.0140625
0 0.78203125 0.09375 0.00859375 0.01328125
0 0.08984375 0.19296875 0.0140625 0.02109375
0 0.68125 0.0953125 0.00703125 0.01328125
0 0.72109375 0.1203125 0.0125 0.0171875
0 0.31328125 0.22578125 0.015625 0.021875
0 0.3421875 0.1421875 0.00859375 0.015625
0 0.075 0.1734375 0.0125 0.01953125
0 0.1765625 0.21328125 0.01484375 0.0234375
0 0.8078125 0.3421875 0.03515625 0.05625
0 0.13125 0.29765625 0.01875 0.0296875
0 0.07734375 0.20390625 0.0140625 0.021875
0 0.70390625 0.17890625 0.0140625 0.01953125
0 0.3421875 0.1640625 0.0109375 0.01796875
0 0.08203125 0.225 0.015625 0.01953125
0 0.13203125 0.2390625 0.015625 0.025
0 0.16015625 0.20546875 0.0140625 0.01796875
0 0.4421875 0.128125 0.00859375 0.0140625
0 0.99375 0.10546875 0.0109375 0.01796875
0 0.85390625 0.09375 0.0109375 0.01328125
0 0.6671875 0.103125 0.009375 0.01171875
0 0.3109375 0.1796875 0.01171875 0.01796875
0 0.23359375 0.15625 0.01171875 0.01796875
0 0.17109375 0.2421875 0.01484375 0.0234375
0 0.2796875 0.1671875 0.0109375 0.0171875
0 0.58046875 0.10546875 0.00859375 0.01328125
0 0.54609375 0.1078125 0.00859375 0.01171875
0 0.8421875 0.0953125 0.00859375 0.01328125
0 0.753125 0.175 0.0125 0.01953125
0 0.021875 0.19765625 0.0125 0.01796875
0 0.99453125 0.13046875 0.00859375 0.01796875
0 0.33046875 0.14140625 0.00859375 0.0140625
0 0.44296875 0.06796875 0.0109375 0.01328125
0 0.74296875 0.0796875 0.00859375 0.01328125
0 0.93046875 0.125 0.0109375 0.01796875
0 0.3546875 0.14375 0.009375 0.0140625
0 0.3953125 0.06875 0.009375 0.0171875
0 0.440625 0.1546875 0.0109375 0.01796875
0 0.56875 0.1546875 0.0109375 0.0171875
0 0.73125 0.10625 0.009375 0.0140625
0 0.26796875 0.146875 0.0125 0.01796875
0 0.67421875 0.54375 0.034375 0.05625
0 0.1140625 0.18125 0.0140625 0.01953125
0 0.26796875 0.18828125 0.0125 0.01953125
0 0.83359375 0.1421875 0.0125 0.01953125
0 0.5171875 0.128125 0.0109375 0.0140625
0 0.22265625 0.18046875 0.01171875 0.0171875
0 0.42890625 0.14296875 0.00859375 0.01328125
0 0.13125 0.18671875 0.01171875 0.01953125
0 0.6625 0.13671875 0.0109375 0.01796875
0 0.0921875 0.30625 0.0203125 0.0296875
0 0.55546875 0.16796875 0.0125 0.01796875
0 0.46328125 0.1640625 0.0109375 0.01796875
0 0.60625 0.09296875 0.0078125 0.01171875
0 0.040625 0.25625 0.01875 0.0296875
0 0.84453125 0.08046875 0.009375 0.01328125
0 0.63203125 0.10546875 0.00859375 0.01328125
0 0.4171875 0.13125 0.009375 0.01328125
0 0.75625 0.12265625 0.0109375 0.015625
0 0.58046875 0.11875 0.00859375 0.0140625
0 0.40703125 0.11796875 0.0078125 0.01171875
0 0.8109375 0.11875 0.01171875 0.01796875
0 0.97265625 0.1359375 0.01171875 0.0171875