0 0.88359375 0.8328125 0.04375 0.059375
0 0.9359375 0.875 0.04765625 0.06796875
0 0.76328125 0.68984375 0.03046875 0.0421875
0 0.59765625 0.73828125 0.03046875 0.0484375
0 0.18671875 0.7203125 0.03046875 0.0421875
0 0.934375 0.68828125 0.03046875 0.0359375
0 0.52421875 0.7125 0.028125 0.0390625
0 0.13671875 0.79921875 0.04375 0.06171875
0 0.21953125 0.94375 0.04296875 0.06328125
0 0.765625 0.78984375 0.04296875 0.0578125
0 0.46875 0.8671875 0.04921875 0.06953125
0 0.5859375 0.6703125 0.028125 0.0421875
0 0.7296875 0.71171875 0.03671875 0.05
0 0.7671875 0.7375 0.040625 0.046875
0 0.56953125 0.871875 0.05234375 0.06796875
0 0.3890625 0.78125 0.04375 0.05625
0 0.1921875 0.7875 0.0390625 0.053125
0 0.34296875 0.7546875 0.03515625 0.0484375
0 0.453125 0.6953125 0.03203125 0.040625
0 0.0859375 0.57890625 0.02421875 0.0375
0 0.24453125 0.725 0.0328125 0.0453125
0 0.5515625 0.69765625 0.03046875 0.0359375
0 0.09375 0.81015625 0.03828125 0.046875
0 0.98359375 0.70390625 0.028125 0.040625
0 0.45703125 0.77265625 0.0328125 0.053125
0 0.85546875 0.74375 0.03671875 0.05
0 0.85234375 0.55625 0.01875 0.02578125
0 0.159375 0.6109375 0.02421875 0.0390625
0 0.30546875 0.75703125 0.03515625 0.04375
0 0.3578125 0.9640625 0.0625 0.06796875
0 0.41953125 0.85234375 0.04921875 0.06796875
0 0.0890625 0.8796875 0.0453125 0.06484375
0 0.96796875 0.58203125 0.02421875 0.03203125
0 0.56953125 0.76640625 0.03828125 0.053125
0 0.36484375 0.55390625 0.01953125 0.03046875
0 0.0390625 0.67578125 0.0265625 0.03515625
0 0.7046875 0.8046875 0.04375 0.06640625
0 0.92890625 0.63984375 0.02421875 0.03359375
0 0.8703125 0.696875 0.03671875 0.046875
0 0.88671875 0.7875 0.04296875 0.03203125
0 0.70234375 0.6703125 0.034375 0.0390625
0 0.93515625 0.77109375 0.04140625 0.046875
0 0.11953125 0.696875 0.03046875 0.046875
0 0.0171875 0.79609375 0.034375 0.0421875
0 0.3796875 0.728125 0.03203125 0.04375
0 0.56953125 0.93828125 0.05546875 0.06328125
0 0.80078125 0.63828125 0.0296875 0.03046875
0 0.42265625 0.74296875 0.0328125 0.0484375
0 0.03984375 0.76015625 0.03515625 0.03515625
0 0.65 0.759375 0.03671875 0.0359375
0 0.9625 0.73515625 0.0328125 0.0484375
0 0.07578125 0.67578125 0.0265625 0.03203125
0 0.759375 0.6421875 0.02578125 0.03203125
0 0.44765625 0.6453125 0.028125 0.03203125
0 0.7390625 0.96015625 0.05546875 0.06796875
0 0.328125 0.5859375 0.01953125 0.03203125
0 0.309375 0.59296875 0.02109375 0.03359375
0 0.3953125 0.5765625 0.01953125 0.03046875
0 0.41640625 0.69765625 0.03046875 0.03359375
0 0.95 0.8140625 0.04375 0.0484375
0 0.621875 0.82421875 0.04921875 0.07265625
0 0.675 0.7125 0.03515625 0.0421875
0 0.490625 0.7640625 0.03671875 0.0359375
0 0.803125 0.66953125 0.03203125 0.03515625
0 0.290625 0.81640625 0.05234375 0.07421875
0 0.54921875 0.653125 0.028125 0.0375
0 0.9015625 0.70234375 0.02578125 0.0390625
0 0.23203125 0.8859375 0.0453125 0.053125
0 0.9296875 0.72890625 0.028125 0.0359375
0 0.29609375 0.68984375 0.0296875 0.0359375
0 0.56953125 0.5859375 0.02109375 0.03203125
0 0.66171875 0.6390625 0.028125 0.03203125
0 0.80625 0.7109375 0.03515625 0.0421875
0 0.71796875 0.57578125 0.01875 0.02578125
0 0.52421875 0.6609375 0.02421875 0.0390625
0 0.665625 0.553125 0.01875 0.02578125
0 0.41015625 0.60703125 0.02421875 0.03046875
0 0.278125 0.65625 0.028125 0.03359375
0 0.4390625 0.5484375 0.01875 0.02578125
0 0.23515625 0.65625 0.02421875 0.02734375
0 0.45625 0.73359375 0.03046875 0.02734375
0 0.61953125 0.52109375 0.021875 0.02890625
0 0.75625 0.5234375 0.01953125 0.02734375
0 0.66796875 0.675 0.03046875 0.03359375
0 0.69921875 0.63828125 0.0265625 0.02734375
0 0.07265625 0.7109375 0.028125 0.0359375
0 0.7390625 0.58671875 0.02421875 0.03046875
0 0.484375 0.6125 0.02109375 0.02734375
0 0.0515625 0.81015625 0.03671875 0.04375
0 0.9421875 0.5421875 0.01875 0.01953125
0 0.278125 0.58203125 0.01875 0.03203125
0 0.40703125 0.54296875 0.01875 0.02734375
0 0.09765625 0.640625 0.028125 0.03515625
0 0.34609375 0.56484375 0.01875 0.02578125
0 0.48125 0.64609375 0.02421875 0.03359375
0 0.8640625 0.65703125 0.02421875 0.02578125
0 0.85234375 0.58984375 0.0234375 0.02734375
0 0.253125 0.59765625 0.021875 0.03359375
0 0.009375 0.84140625 0.01875 0.0484375
0 0.13984375 0.9640625 0.05234375 0.06953125
0 0.2328125 0.54921875 0.01953125 0.03046875
0 0.98671875 0.83984375 0.02421875 0.06953125
0 0.6828125 0.57734375 0.021875 0.02578125
0 0.87109375 0.5359375 0.01875 0.02578125
0 0.603125 0.56953125 0.021875 0.02265625
0 0.65625 0.59609375 0.01953125 0.02734375
0 0.8 0.7609375 0.03046875 0.0359375
0 0.109375 0.75703125 0.03046875 0.040625
0 0.3578125 0.69609375 0.0234375 0.0359375
0 0.678125 0.528125 0.01953125 0.03046875
0 0.89453125 0.65234375 0.02421875 0.02734375
0 0.65703125 0.51875 0.01875 0.02734375
0 0.44453125 0.60234375 0.02109375 0.02734375
0 0.0140625 0.6546875 0.0234375 0.03046875
0 0.140625 0.665625 0.02421875 0.03359375
0 0.69296875 0.60390625 0.0265625 0.02734375
0 0.83046875 0.609375 0.0234375 0.02734375
0 0.31484375 0.721875 0.03046875 0.02734375
0 0.80390625 0.55 0.01875 0.02578125
0 0.5796875 0.9890625 0.0671875 0.01796875
0 0.33125 0.6828125 0.02578125 0.03203125
0 0.02421875 0.728125 0.028125 0.040625
0 0.90390625 0.55703125 0.02109375 0.02734375
0 0.8953125 0.60078125 0.028125 0.03046875
0 0.85859375 0.96640625 0.05546875 0.06328125
0 0.34296875 0.83125 0.0390625 0.059375
0 0.0296875 0.92890625 0.05546875 0.07578125
0 0.61484375 0.61953125 0.02578125 0.03203125
0 0.8375 0.6578125 0.0296875 0.0421875
0 0.7015625 0.56484375 0.01953125 0.03203125
0 0.5265625 0.85078125 0.04296875 0.07421875
0 0.93125 0.52421875 0.01953125 0.02578125
0 0.98984375 0.528125 0.0171875 0.02109375
0 0.628125 0.5890625 0.021875 0.02265625
0 0.2140625 0.6953125 0.02421875 0.03203125
0 0.56953125 0.55078125 0.01875 0.02734375
0 0.94453125 0.56796875 0.02109375 0.02578125
0 0.278125 0.92890625 0.05234375 0.07578125
0 0.465625 0.5703125 0.01875 0.02734375
0 0.7328125 0.63984375 0.02578125 0.02734375
0 0.68984375 0.971875 0.05234375 0.053125
0 0.82421875 0.81640625 0.04296875 0.06171875
0 0.5578125 0.621875 0.02421875 0.02421875
0 0.97890625 0.91484375 0.03828125 0.059375
0 0.4171875 0.56875 0.01953125 0.02734375
0 0.5484375 0.5953125 0.021875 0.02578125
0 0.8578125 0.628125 0.02421875 0.03046875
0 0.2046875 0.665625 0.028125 0.0359375
0 0.5265625 0.60078125 0.0234375 0.03359375
0 0.46953125 0.5453125 0.015625 0.01953125
0 0.5828125 0.6328125 0.021875 0.02578125
0 0.52109375 0.97265625 0.05625 0.0484375
0 0.45625 0.5296875 0.01484375 0.02109375
0 0.84921875 0.5234375 0.01875 0.02421875
0 0.5015625 0.68515625 0.0296875 0.02734375
0 0.49375 0.79921875 0.03828125 0.03203125
0 0.32421875 0.559375 0.01953125 0.02578125
0 0.5390625 0.56328125 0.01875 0.02265625
0 0.31796875 0.63984375 0.021875 0.03046875
0 0.82734375 0.58359375 0.01953125 0.02109375
0 0.3828125 0.68828125 0.02421875 0.03046875
0 0.634375 0.684375 0.028125 0.0375
0 0.809375 0.96171875 0.04921875 0.06796875
0 0.37421875 0.64296875 0.021875 0.0359375
0 0.96171875 0.67421875 0.0296875 0.0375
0 0.92265625 0.559375 0.01953125 0.02578125
0 0.7359375 0.66796875 0.03046875 0.03203125
0 0.18984375 0.62578125 0.02421875 0.0375
0 0.64296875 0.97421875 0.04296875 0.0484375
0 0.953125 0.971875 0.06953125 0.053125
0 0.296875 0.625 0.02578125 0.03359375
0 0.96171875 0.55390625 0.0171875 0.02421875
0 0.26875 0.98828125 0.04765625 0.01953125
0 0.53671875 0.76328125 0.03046875 0.046875
0 0.7328125 0.6140625 0.0234375 0.02734375
0 0.7453125 0.5546875 0.021875 0.02578125
0 0.175 0.65859375 0.02421875 0.03203125
0 0.83125 0.5328125 0.0171875 0.02109375
0 0.37734375 0.6109375 0.021875 0.02421875
0 0.48671875 0.58671875 0.01875 0.02109375
0 0.9015625 0.51875 0.01875 0.02421875
0 0.475 0.5203125 0.01484375 0.02109375
0 0.98984375 0.5578125 0.01875 0.03203125
0 0.00703125 0.68828125 0.01328125 0.0359375
0 0.790625 0.5734375 0.02421875 0.02734375
0 0.40546875 0.65625 0.0296875 0.0359375
0 0.00859375 0.76015625 0.0171875 0.02890625
0 0.2171875 0.6359375 0.0234375 0.02265625
0 0.0578125 0.6515625 0.0265625 0.03203125
0 0.765625 0.58046875 0.02109375 0.02890625
0 0.51484375 0.55625 0.01875 0.01953125
0 0.759375 0.61171875 0.0234375 0.02578125
0 0.3515625 0.59453125 0.02109375 0.0359375
0 0.14921875 0.69765625 0.02421875 0.0359375
0 0.17109375 0.84140625 0.034375 0.0359375
0 0.640625 0.7265625 0.03046875 0.03203125
0 0.25703125 0.690625 0.02421875 0.02890625
0 0.98984375 0.66875 0.01875 0.02734375
0 0.4984375 0.521875 0.015625 0.02109375
0 0.05234375 0.56796875 0.02109375 0.03203125
0 0.99375 0.63046875 0.01015625 0.0375
0 0.78359375 0.60078125 0.0234375 0.02421875
0 0.63984375 0.56875 0.01953125 0.02734375
0 0.70546875 0.5015625 0.01875 0.02578125
0 0.49375 0.55390625 0.01875 0.02109375
0 0.60859375 0.546875 0.01875 0.02578125
0 0.20859375 0.5625 0.01875 0.02734375
0 0.38828125 0.54609375 0.01875 0.02109375
0 0.7171875 0.5515625 0.0171875 0.02265625
0 0.8859375 0.5671875 0.01875 0.02109375
0 0.490625 0.71953125 0.03203125 0.0375
0 0.83984375 0.9078125 0.046875 0.0484375
0 0.2421875 0.7734375 0.034375 0.0453125
0 0.72421875 0.88984375 0.05546875 0.07578125
0 0.99296875 0.7671875 0.0109375 0.0421875
0 0.3453125 0.5390625 0.0171875 0.02578125
0 0.42578125 0.53046875 0.01484375 0.01953125