0 0.64296875 0.55703125 0.03828125 0.05703125
0 0.86328125 0.19296875 0.021875 0.03125
0 0.75390625 0.26640625 0.0234375 0.03515625
0 0.56640625 0.2765625 0.021875 0.03515625
0 0.48515625 0.65703125 0.0453125 0.06640625
0 0.6953125 0.23046875 0.015625 0.02578125
0 0.30546875 0.275 0.02421875 0.0390625
0 0.53984375 0.2828125 0.025 0.03671875
0 0.4296875 0.6109375 0.0390625 0.05703125
0 0.65703125 0.2125 0.01953125 0.0296875
0 0.540625 0.4234375 0.0296875 0.046875
0 0.7109375 0.25703125 0.0234375 0.03515625
0 0.7671875 0.334375 0.025 0.0390625
0 0.0796875 0.16953125 0.01484375 0.0234375
0 0.540625 0.14765625 0.015625 0.025
0 0.69140625 0.10546875 0.01171875 0.01796875
0 0.103125 0.1234375 0.01484375 0.02109375
0 0.559375 0.10546875 0.0140625 0.01796875
0 0.72890625 0.1421875 0.01484375 0.02578125
0 0.32734375 0.8921875 0.05078125 0.0859375
0 0.51875 0.1734375 0.0171875 0.02578125
0 0.97265625 0.16953125 0.01953125 0.02890625
0 0.07734375 0.20703125 0.01640625 0.0234375
0 0.1203125 0.21171875 0.021875 0.025
0 0.9390625 0.1671875 0.0171875 0.02734375
0 0.5921875 0.06875 0.01171875 0.01796875
0 0.01484375 0.23671875 0.01640625 0.02578125
0 0.04609375 0.1703125 0.01953125 0.02734375
0 0.790625 0.1140625 0.0140625 0.021875
0 0.39296875 0.1203125 0.0125 0.01953125
0 0.5171875 0.13125 0.0140625 0.0234375
0 0.15703125 0.1421875 0.0140625 0.01796875
0 0.1421875 0.0828125 0.01171875 0.0171875
0 0.54375 0.08828125 0.0125 0.02109375
0 0.57734375 0.0921875 0.01171875 0.01796875
0 0.4265625 0.12265625 0.0140625 0.02109375
0 0.6171875 0.0875 0.01171875 0.01953125
0 0.6578125 0.07265625 0.0140625 0.01796875
0 0.665625 0.12421875 0.01171875 0.01953125
0 0.921875 0.0796875 0.0140625 0.0234375
0 0.5859375 0.28203125 0.021875 0.0375
0 0.21171875 0.1359375 0.01484375 0.01953125
0 0.54765625 0.24765625 0.0171875 0.02578125
0 0.31640625 0.05625 0.01171875 0.01796875
0 0.82734375 0.0453125 0.0109375 0.0171875
0 0.75703125 0.0953125 0.01171875 0.01796875
0 0.6671875 0.0390625 0.0109375 0.015625
0 0.94609375 0.0328125 0.01171875 0.01796875
0 0.7203125 0.053125 0.0109375 0.015625
0 0.42734375 0.01796875 0.0109375 0.01796875
0 0.75390625 0.11953125 0.0140625 0.02109375
0 0.5578125 0.065625 0.0109375 0.0171875
0 0.46875 0.51015625 0.0234375 0.03671875
0 0.70234375 0.0515625 0.0109375 0.0171875
0 0.57734375 0.06015625 0.0109375 0.015625
0 0.08203125 0.1421875 0.015625 0.01953125
0 0.640625 0.0765625 0.01171875 0.01796875
0 0.7203125 0.11640625 0.0140625 0.01953125
0 0.41328125 0.0875 0.01171875 0.01796875
0 0.1625 0.084375 0.0109375 0.015625
0 0.63359375 0.01796875 0.0109375 0.01796875
0 0.2796875 0.0640625 0.0109375 0.01796875
0 0.29609375 0.00859375 0.0125 0.0171875
0 0.6828125 0.0453125 0.0109375 0.0171875
0 0.8046875 0.04375 0.009375 0.0140625
0 0.59453125 0.03046875 0.0078125 0.01171875
0 0.66875 0.0171875 0.00859375 0.0140625
0 0.5296875 0.03125 0.00859375 0.01328125
0 0.69453125 0.01875 0.009375 0.0140625
0 0.56875 0.01796875 0.00859375 0.01328125
0 0.7453125 0.0453125 0.009375 0.0171875
0 0.7328125 0.00625 0.009375 0.01171875
0 0.6984375 0.146875 0.015625 0.02109375
0 0.57734375 0.04296875 0.009375 0.01328125
0 0.67421875 0.2890625 0.0203125 0.03359375
0 0.7921875 0.0203125 0.0109375 0.0140625
0 0.6046875 0.03125 0.009375 0.01328125
0 0.78203125 0.04140625 0.00859375 0.015625
0 0.28203125 0.11015625 0.01171875 0.0171875
0 0.6546875 0.0171875 0.00859375 0.0140625
0 0.97109375 0.01640625 0.0125 0.0171875
0 0.54375 0.01796875 0.0078125 0.01328125
0 0.37734375 0.04765625 0.0109375 0.0171875
0 0.7921875 0.04296875 0.009375 0.01796875
0 0.69375 0.00546875 0.00859375 0.01015625
0 0.4421875 0.02578125 0.00859375 0.015625
0 0.20625 0.0734375 0.01171875 0.0140625
0 0.6796875 0.01640625 0.0078125 0.0140625
0 0.40703125 0.0421875 0.009375 0.0140625
0 0.190625 0.0875 0.0140625 0.0140625
0 0.3015625 0.05625 0.01171875 0.01796875
0 0.75703125 0.03203125 0.00859375 0.0171875
0 0.44375 0.0671875 0.00859375 0.0140625
0 0.4546875 0.0140625 0.0109375 0.0171875
0 0.5421875 0.040625 0.009375 0.0140625
0 0.7421875 0.0921875 0.01171875 0.01796875
0 0.6171875 0.04296875 0.009375 0.01328125
0 0.7671875 0.0171875 0.0109375 0.0140625
0 0.24140625 0.08203125 0.009375 0.015625
0 0.503125 0.034375 0.00859375 0.0140625
0 0.98828125 0.03203125 0.0140625 0.01953125
0 0.52109375 0.0921875 0.0109375 0.0171875
0 0.628125 0.05625 0.0109375 0.0171875
0 0.071875 0.01875 0.01171875 0.0140625
0 0.446875 0.09453125 0.0109375 0.0171875
0 0.78046875 0.01796875 0.00703125 0.01328125
0 0.4671875 0.04453125 0.00859375 0.01328125
0 0.478125 0.04453125 0.0078125 0.01328125
0 0.55625 0.03046875 0.00703125 0.01171875
0 0.8390625 0.065625 0.01171875 0.0171875
0 0.60625 0.00546875 0.009375 0.01015625
0 0.41875 0.0671875 0.0109375 0.0140625
0 0.94453125 0.0078125 0.01171875 0.015625
0 0.05234375 0.03125 0.0109375 0.01328125
0 0.55625 0.04765625 0.00703125 0.0140625
0 0.56875 0.03046875 0.00859375 0.01171875
0 0.57890625 0.50625 0.0328125 0.04296875
0 0.3578125 0.68515625 0.0328125 0.04453125
0 0.53125 0.61875 0.0453125 0.0640625
0 0.6421875 0.00546875 0.0109375 0.01015625
0 0.53046875 0.01796875 0.00703125 0.01328125
0 0.725 0.025 0.00859375 0.01328125
0 0.98359375 0.0546875 0.0140625 0.02109375
0 0.59296875 0.00546875 0.00703125 0.01015625
0 0.853125 0.053125 0.01171875 0.01796875
0 0.70390625 0.00546875 0.009375 0.01015625
0 0.4421875 0.04296875 0.00859375 0.01328125
0 0.93046875 0.00625 0.0109375 0.01171875
0 0.99140625 0.00625 0.0109375 0.0125
0 0.09375 0.00546875 0.0140625 0.01015625
0 0.49296875 0.04140625 0.00859375 0.01328125
0 0.75390625 0.00546875 0.009375 0.01015625
0 0.54375 0.00546875 0.00859375 0.0078125
0 0.4578125 0.0546875 0.00859375 0.01328125
0 0.4328125 0.0671875 0.009375 0.0140625
0 0.6859375 0.1265625 0.01484375 0.02109375