0 0.240625 0.01796875 0.028125 0.0359375
0 0.3609375 0.2125 0.0390625 0.05625
0 0.1234375 0.13671875 0.03046875 0.04921875
0 0.56875 0.0921875 0.03046875 0.04921875
0 0.446875 0.08671875 0.03125 0.0484375
0 0.38203125 0.0828125 0.0328125 0.05078125
0 0.2875 0.0796875 0.03046875 0.04453125
0 0.6671875 0.39921875 0.0390625 0.0640625
0 0.24921875 0.09765625 0.0328125 0.046875
0 0.10078125 0.0375 0.025 0.03671875
0 0.11328125 0.365625 0.046875 0.05234375
0 0.290625 0.31171875 0.04296875 0.06875
0 0.36640625 0.02265625 0.028125 0.0375
0 0.36328125 0.31796875 0.03515625 0.05703125
0 0.10625 0.0734375 0.02265625 0.0328125
0 0.2171875 0.1453125 0.03125 0.0484375
0 0.6203125 0.2171875 0.0390625 0.0609375
0 0.465625 0.04375 0.0203125 0.0375
0 0.440625 0.04296875 0.02421875 0.0390625
0 0.89765625 0.0890625 0.0296875 0.040625
0 0.04375 0.8609375 0.065625 0.09921875
0 0.16875 0.56328125 0.05078125 0.0765625
0 0.234375 0.6671875 0.0703125 0.0765625
0 0.1 0.29921875 0.03828125 0.05703125
0 0.81484375 0.11796875 0.03046875 0.0375
0 0.69609375 0.2265625 0.0421875 0.0625
0 0.10625 0.415625 0.05 0.05859375
0 0.1078125 0.85625 0.015625 0.025
0 0.7109375 0.10078125 0.0296875 0.0484375
0 0.99375 0.29296875 0.009375 0.0390625
0 0.22109375 0.0796875 0.0265625 0.0375
0 0.88984375 0.16015625 0.0484375 0.07265625