0 0.4625 0.74375 0.02421875 0.0421875
0 0.97109375 0.7046875 0.02421875 0.03515625
0 0.4953125 0.68359375 0.01875 0.03046875
0 0.48828125 0.765625 0.0296875 0.0453125
0 0.790625 0.80859375 0.025 0.04375
0 0.3875 0.6875 0.0171875 0.03046875
0 0.634375 0.68046875 0.01875 0.03046875
0 0.91875 0.89453125 0.040625 0.05859375
0 0.79609375 0.890625 0.034375 0.05859375
0 0.23671875 0.71796875 0.02421875 0.03828125
0 0.671875 0.84453125 0.0328125 0.05078125
0 0.91328125 0.68046875 0.01953125 0.03046875
0 0.9125 0.7515625 0.025 0.040625
0 0.48984375 0.625 0.01640625 0.028125
0 0.07734375 0.6640625 0.02265625 0.03203125
0 0.39375 0.75 0.0265625 0.03828125
0 0.50625 0.58515625 0.01484375 0.0203125
0 0.9796875 0.7890625 0.03046875 0.0421875
0 0.3546875 0.59453125 0.015625 0.021875
0 0.709375 0.71015625 0.0203125 0.028125
0 0.5453125 0.6046875 0.01484375 0.025
0 0.7140625 0.76328125 0.0234375 0.03828125
0 0.66171875 0.7671875 0.0265625 0.0453125
0 0.81484375 0.6734375 0.01484375 0.025
0 0.41015625 0.66796875 0.015625 0.02890625
0 0.9578125 0.7578125 0.02734375 0.0421875
0 0.18828125 0.75078125 0.02421875 0.03984375
0 0.784375 0.703125 0.0203125 0.03203125
0 0.53203125 0.67578125 0.01875 0.03671875
0 0.8078125 0.6078125 0.0140625 0.0234375
0 0.5515625 0.8515625 0.0328125 0.05078125
0 0.43828125 0.6765625 0.01953125 0.03203125
0 0.0578125 0.528125 0.01171875 0.0203125
0 0.20390625 0.67109375 0.021875 0.03515625
0 0.409375 0.61015625 0.01484375 0.025
0 0.39296875 0.60234375 0.01484375 0.0234375
0 0.384375 0.64921875 0.01875 0.02890625
0 0.45625 0.640625 0.0171875 0.0265625
0 0.73984375 0.7984375 0.028125 0.04375
0 0.0234375 0.5671875 0.015625 0.0234375
0 0.24140625 0.6625 0.0171875 0.03203125
0 0.5796875 0.81796875 0.028125 0.0484375
0 0.62265625 0.63046875 0.01640625 0.025
0 0.5171875 0.65546875 0.01484375 0.028125
0 0.6515625 0.653125 0.0171875 0.02890625
0 0.18359375 0.5203125 0.0140625 0.0203125
0 0.603125 0.60390625 0.01484375 0.0234375
0 0.20234375 0.56640625 0.0140625 0.025
0 0.115625 0.68828125 0.01953125 0.0265625
0 0.76875 0.61875 0.01484375 0.0265625
0 0.38984375 0.55234375 0.0140625 0.0203125
0 0.128125 0.51875 0.0125 0.0234375
0 0.859375 0.7203125 0.01953125 0.03046875
0 0.06484375 0.55546875 0.01484375 0.0265625
0 0.7046875 0.84453125 0.02734375 0.0453125
0 0.321875 0.528125 0.0125 0.0203125
0 0.87109375 0.59453125 0.0140625 0.021875
0 0.94140625 0.6015625 0.0140625 0.021875
0 0.02421875 0.540625 0.01484375 0.0234375
0 0.67890625 0.64140625 0.01640625 0.025
0 0.5515625 0.6640625 0.0171875 0.0265625
0 0.1140625 0.5453125 0.0140625 0.0203125
0 0.3046875 0.47421875 0.01171875 0.01640625
0 0.603125 0.57265625 0.0140625 0.021875
0 0.5546875 0.80078125 0.02734375 0.0421875
0 0.99296875 0.6828125 0.0125 0.02890625
0 0.5875 0.61953125 0.01484375 0.025
0 0.56484375 0.57265625 0.0125 0.021875
0 0.1515625 0.51875 0.0140625 0.0203125
0 0.0578125 0.446875 0.01171875 0.01875
0 0.153125 0.61953125 0.01875 0.028125
0 0.73984375 0.62265625 0.01484375 0.0234375
0 0.27421875 0.61875 0.01484375 0.0234375
0 0.84609375 0.59453125 0.0125 0.021875
0 0.859375 0.63359375 0.0140625 0.021875
0 0.928125 0.64609375 0.01484375 0.0234375
0 0.109375 0.5171875 0.01171875 0.01875
0 0.75078125 0.75703125 0.0234375 0.03203125
0 0.35859375 0.6703125 0.0203125 0.03359375
0 0.99375 0.75078125 0.009375 0.03984375
0 0.84453125 0.68203125 0.01640625 0.025
0 0.95703125 0.66171875 0.0171875 0.028125
0 0.16484375 0.55625 0.0140625 0.01875
0 0.6953125 0.67109375 0.015625 0.0234375
0 0.2421875 0.6296875 0.0171875 0.021875
0 0.9796875 0.5828125 0.0140625 0.01875
0 0.63984375 0.57734375 0.0125 0.0203125
0 0.21953125 0.42421875 0.0109375 0.01484375
0 0.9171875 0.6234375 0.01484375 0.025
0 0.58203125 0.58203125 0.0140625 0.0203125
0 0.971875 0.6453125 0.01875 0.028125
0 0.99375 0.5671875 0.009375 0.0203125
0 0.92578125 0.60234375 0.015625 0.0203125
0 0.0125 0.51484375 0.01171875 0.0203125
0 0.15390625 0.6828125 0.02265625 0.02890625
0 0.7703125 0.75 0.021875 0.03203125
0 0.8796875 0.61953125 0.0140625 0.021875
0 0.40078125 0.63359375 0.01640625 0.025
0 0.2875 0.50859375 0.0125 0.0203125
0 0.91015625 0.571875 0.01171875 0.0171875
0 0.68515625 0.6171875 0.01484375 0.0234375
0 0.3921875 0.51171875 0.01171875 0.0171875
0 0.62578125 0.50546875 0.01171875 0.0203125
0 0.42109375 0.43359375 0.0109375 0.01640625
0 0.5078125 0.6171875 0.015625 0.0234375
0 0.43984375 0.38046875 0.0109375 0.01484375
0 0.671875 0.4921875 0.0140625 0.021875
0 0.71171875 0.64609375 0.01484375 0.0234375
0 0.75390625 0.60703125 0.0140625 0.0203125
0 0.45234375 0.38125 0.0109375 0.01484375
0 0.4078125 0.3828125 0.0109375 0.01484375
0 0.921875 0.79453125 0.0296875 0.0453125
0 0.58203125 0.51875 0.009375 0.0171875
0 0.8265625 0.79140625 0.02734375 0.0421875
0 0.67265625 0.66875 0.0171875 0.03046875
0 0.62734375 0.778125 0.0203125 0.03046875
0 0.7 0.80546875 0.0265625 0.03828125
0 0.56484375 0.5203125 0.0125 0.0171875
0 0.44609375 0.44140625 0.0109375 0.01484375
0 0.94375 0.5828125 0.0109375 0.01640625
0 0.4171875 0.40859375 0.009375 0.01640625
0 0.43125 0.4171875 0.00703125 0.01640625
0 0.05546875 0.46953125 0.0109375 0.01484375
0 0.00625 0.5359375 0.01171875 0.021875
0 0.2328125 0.4796875 0.0109375 0.01484375
0 0.82734375 0.61796875 0.0140625 0.021875
0 0.8578125 0.6609375 0.015625 0.0234375
0 0.1453125 0.54375 0.0140625 0.0234375
0 0.04609375 0.4828125 0.0109375 0.01640625
0 0.02890625 0.49609375 0.0109375 0.01875
0 0.4546875 0.43203125 0.0078125 0.01328125
0 0.41875 0.37109375 0.00859375 0.01484375
0 0.2859375 0.43828125 0.009375 0.0171875
0 0.1421875 0.74375 0.02734375 0.0421875