0 0.87578125 0.16796875 0.02421875 0.03671875
0 0.18125 0.5296875 0.0390625 0.05703125
0 0.9296875 0.175 0.025 0.0375
0 0.09453125 0.3234375 0.02734375 0.04296875
0 0.7046875 0.0953125 0.015625 0.02578125
0 0.98828125 0.1484375 0.021875 0.03671875
0 0.70390625 0.1421875 0.0171875 0.02734375
0 0.6171875 0.1671875 0.0234375 0.03515625
0 0.446875 0.1375 0.01953125 0.0296875
0 0.565625 0.1484375 0.01875 0.03125
0 0.665625 0.1421875 0.01953125 0.02890625
0 0.94140625 0.32421875 0.0328125 0.04921875
0 0.6859375 0.5140625 0.0484375 0.07265625
0 0.4984375 0.1 0.0171875 0.02578125
0 0.86171875 0.11328125 0.01875 0.03125
0 0.046875 0.44375 0.04296875 0.05625
0 0.4046875 0.06796875 0.0140625 0.02109375
0 0.66328125 0.19140625 0.021875 0.03359375
0 0.340625 0.07265625 0.0125 0.01796875
0 0.30390625 0.07265625 0.0140625 0.01796875
0 0.059375 0.86875 0.0671875 0.08984375
0 0.96953125 0.11796875 0.0171875 0.0296875
0 0.93046875 0.13125 0.01640625 0.02890625
0 0.8890625 0.0859375 0.015625 0.02578125
0 0.0984375 0.51015625 0.040625 0.0625
0 0.59140625 0.0921875 0.01640625 0.0234375
0 0.62578125 0.128125 0.01953125 0.0296875
0 0.725 0.10703125 0.01484375 0.02109375
0 0.7640625 0.06328125 0.015625 0.01953125
0 0.25703125 0.2171875 0.021875 0.0328125
0 0.60234375 0.05546875 0.0140625 0.01953125
0 0.6515625 0.0421875 0.0140625 0.01953125
0 0.38203125 0.0875 0.0140625 0.021875
0 0.2546875 0.0796875 0.01484375 0.01953125
0 0.4859375 0.66640625 0.05625 0.08359375
0 0.50625 0.01796875 0.01171875 0.01796875
0 0.99296875 0.0453125 0.01171875 0.01953125
0 0.403125 0.103125 0.01484375 0.025
0 0.81328125 0.00625 0.0140625 0.0125
0 0.23203125 0.14140625 0.01484375 0.021875
0 0.6203125 0.05625 0.0140625 0.021875
0 0.74609375 0.0453125 0.0140625 0.021875
0 0.7796875 0.0234375 0.01171875 0.015625
0 0.915625 0.00703125 0.0140625 0.0140625
0 0.23125 0.21640625 0.021875 0.02890625
0 0.4890625 0.2125 0.0171875 0.03125
0 0.325 0.06875 0.0140625 0.01796875
0 0.6375 0.01171875 0.01171875 0.01796875
0 0.1640625 0.1015625 0.015625 0.02109375
0 0.80390625 0.03046875 0.0140625 0.01953125
0 0.5546875 0.06875 0.0140625 0.0234375
0 0.37109375 0.07578125 0.0140625 0.02109375
0 0.4625 0.55546875 0.0484375 0.07421875
0 0.65703125 0.0828125 0.0140625 0.01953125
0 0.4578125 0.10625 0.01484375 0.025
0 0.21875 0.071875 0.0140625 0.01953125
0 0.51875 0.0078125 0.01171875 0.015625
0 0.95390625 0.1328125 0.01484375 0.0234375
0 0.61875 0.00703125 0.0125 0.0140625
0 0.19609375 0.19765625 0.0171875 0.02109375
0 0.0921875 0.18046875 0.01640625 0.025
0 0.58828125 0.05703125 0.01484375 0.02109375
0 0.67578125 0.0546875 0.015625 0.02109375
0 0.8859375 0.71171875 0.084375 0.11875
0 0.28125 0.0703125 0.0140625 0.02109375
0 0.940625 0.00546875 0.0125 0.01015625
0 0.11171875 0.1359375 0.01484375 0.01953125
0 0.11796875 0.1078125 0.0125 0.0171875
0 0.109375 0.1828125 0.0171875 0.025
0 0.96328125 0.00625 0.0140625 0.0125
0 0.4921875 0.00703125 0.01171875 0.0140625
0 0.7359375 0.0921875 0.0140625 0.021875
0 0.00703125 0.246875 0.0140625 0.028125
0 0.546875 0.02890625 0.01171875 0.01796875
0 0.7625 0.01015625 0.01171875 0.01796875
0 0.36796875 0.05390625 0.0125 0.01953125
0 0.5953125 0.021875 0.0140625 0.01796875
0 0.98359375 0.00859375 0.0125 0.0171875
0 0.7234375 0.07421875 0.01484375 0.01796875
0 0.4578125 0.04296875 0.01171875 0.01796875
0 0.14609375 0.1234375 0.01484375 0.02109375
0 0.1703125 0.21640625 0.01484375 0.0234375
0 0.8328125 0.00625 0.01171875 0.01171875
0 0.08046875 0.2453125 0.0203125 0.02734375
0 0.54375 0.00625 0.01171875 0.01171875
0 0.1296875 0.21796875 0.0171875 0.025
0 0.1828125 0.15703125 0.015625 0.021875
0 0.98125 0.03515625 0.0125 0.02109375
0 0.78046875 0.00625 0.0125 0.01171875