0 0.61484375 0.62578125 0.03203125 0.053125
0 0.88984375 0.48828125 0.025 0.0390625
0 0.35 0.6140625 0.034375 0.05078125
0 0.5265625 0.45625 0.0234375 0.0328125
0 0.30390625 0.56875 0.028125 0.03671875
0 0.1203125 0.6875 0.0296875 0.0390625
0 0.04375 0.60078125 0.028125 0.0375
0 0.940625 0.6046875 0.0421875 0.053125
0 0.21640625 0.63125 0.0359375 0.04453125
0 0.2765625 0.43046875 0.01640625 0.025
0 0.08671875 0.74453125 0.03828125 0.05234375
0 0.315625 0.42421875 0.01640625 0.02578125
0 0.43828125 0.43125 0.01953125 0.02578125
0 0.44921875 0.634375 0.03125 0.0375
0 0.084375 0.46328125 0.01953125 0.02890625
0 0.715625 0.4125 0.01875 0.0296875
0 0.68828125 0.51796875 0.0234375 0.03125
0 0.67578125 0.85625 0.0234375 0.0375
0 0.21953125 0.3984375 0.0140625 0.02109375
0 0.4015625 0.3890625 0.01484375 0.02109375
0 0.759375 0.74140625 0.03828125 0.05625
0 0.3671875 0.40546875 0.015625 0.01953125
0 0.5578125 0.30625 0.0109375 0.0140625
0 0.90703125 0.41953125 0.0203125 0.02578125
0 0.04375 0.43125 0.01484375 0.02578125
0 0.8953125 0.30625 0.009375 0.01328125
0 0.38125 0.3859375 0.01484375 0.01953125
0 0.9046875 0.45078125 0.025 0.03671875
0 0.0765625 0.61875 0.0328125 0.04296875
0 0.08671875 0.43671875 0.01640625 0.01953125
0 0.31796875 0.39296875 0.0125 0.01796875
0 0.0609375 0.4984375 0.01953125 0.02890625
0 0.603125 0.2984375 0.0109375 0.015625
0 0.6734375 0.821875 0.0171875 0.021875
0 0.728125 0.43671875 0.01484375 0.0296875
0 0.1734375 0.7828125 0.03125 0.04140625
0 0.84453125 0.36796875 0.015625 0.0328125
0 0.96953125 0.353125 0.0109375 0.01953125
0 0.71953125 0.50703125 0.01875 0.02734375
0 0.665625 0.4234375 0.0140625 0.01953125
0 0.40390625 0.29453125 0.0109375 0.01328125
0 0.9296875 0.31796875 0.009375 0.01796875
0 0.53828125 0.3125 0.009375 0.01328125
0 0.528125 0.30625 0.0109375 0.01171875
0 0.4171875 0.284375 0.009375 0.01171875
0 0.1078125 0.5 0.015625 0.0234375
0 0.93046875 0.3796875 0.01484375 0.021875
0 0.66875 0.3171875 0.009375 0.0140625
0 0.57734375 0.28828125 0.009375 0.0171875
0 0.9515625 0.34296875 0.0140625 0.01953125
0 0.40390625 0.28046875 0.00859375 0.01171875
0 0.35625 0.3171875 0.00859375 0.009375
0 0.28203125 0.63125 0.021875 0.0328125
0 0.55546875 0.28125 0.00859375 0.01328125
0 0.3453125 0.56875 0.0171875 0.025
0 0.68125 0.23125 0.00703125 0.01171875
0 0.66640625 0.29296875 0.0109375 0.01328125
0 0.30625 0.31875 0.00703125 0.01171875
0 0.28046875 0.3296875 0.0078125 0.0078125
0 0.3296875 0.3078125 0.0078125 0.01171875
0 0.34453125 0.33125 0.0109375 0.0140625
0 0.2390625 0.39296875 0.01171875 0.01796875
0 0.43125 0.2796875 0.00703125 0.01171875
0 0.94140625 0.31953125 0.01171875 0.0171875
0 0.34296875 0.31640625 0.00703125 0.01015625