0 0.61484375 0.846875 0.059375 0.0953125
0 0.4609375 0.59921875 0.03515625 0.05234375
0 0.78515625 0.88671875 0.0640625 0.09375
0 0.91875 0.5546875 0.03515625 0.0546875
0 0.1765625 0.74296875 0.03984375 0.05625
0 0.1234375 0.78515625 0.04609375 0.06796875
0 0.396875 0.73671875 0.05078125 0.07578125
0 0.74296875 0.5765625 0.03046875 0.04453125
0 0.67109375 0.71640625 0.04375 0.07578125
0 0.975 0.56875 0.03984375 0.05625
0 0.8359375 0.575 0.0375 0.05625
0 0.6984375 0.553125 0.0359375 0.046875
0 0.86171875 0.79296875 0.059375 0.09375
0 0.50390625 0.6375 0.0328125 0.05078125
0 0.47265625 0.7671875 0.0484375 0.0796875
0 0.94375 0.63828125 0.04296875 0.0703125
0 0.73671875 0.62578125 0.0359375 0.053125
0 0.75625 0.5390625 0.03203125 0.04140625
0 0.24375 0.7234375 0.0546875 0.071875
0 0.9234375 0.46796875 0.02734375 0.04296875
0 0.0265625 0.75390625 0.04375 0.05234375
0 0.29375 0.6734375 0.0375 0.05859375
0 0.95 0.4640625 0.0265625 0.03515625
0 0.35859375 0.65390625 0.0421875 0.06796875
0 0.6375 0.55703125 0.03125 0.05234375
0 0.01640625 0.84375 0.03203125 0.08046875
0 0.55546875 0.825 0.0453125 0.06875
0 0.575 0.56875 0.02734375 0.04296875
0 0.58046875 0.665625 0.0421875 0.05625
0 0.99140625 0.5109375 0.01484375 0.05078125
0 0.9921875 0.4453125 0.0140625 0.03671875
0 0.884375 0.48125 0.03046875 0.0296875
0 0.8046875 0.54921875 0.03125 0.04453125
0 0.7984375 0.59296875 0.0296875 0.0375
0 0.040625 0.93125 0.04296875 0.07578125
0 0.94140625 0.5171875 0.0296875 0.04453125
0 0.44609375 0.67578125 0.0421875 0.0625
0 0.6234375 0.7640625 0.0359375 0.05703125
0 0.5125 0.59921875 0.021875 0.03125
0 0.27265625 0.83515625 0.059375 0.08203125
0 0.3421875 0.93125 0.06875 0.11171875
0 0.70546875 0.65390625 0.03828125 0.0625
0 0.86796875 0.5609375 0.028125 0.04453125
0 0.3921875 0.6515625 0.02734375 0.0484375
0 0.88203125 0.5171875 0.028125 0.0375
0 0.909375 0.51171875 0.0265625 0.03125