0 0.10625 0.6125 0.028125 0.0453125
0 0.93515625 0.44375 0.0203125 0.0296875
0 0.07734375 0.3578125 0.01484375 0.01953125
0 0.25078125 0.790625 0.05 0.071875
0 0.9671875 0.28125 0.0140625 0.02109375
0 0.93046875 0.271875 0.01484375 0.01796875
0 0.01875 0.71796875 0.0359375 0.05078125
0 0.20234375 0.52421875 0.0265625 0.0375
0 0.06328125 0.60390625 0.03515625 0.04453125
0 0.73359375 0.39140625 0.01875 0.02734375
0 0.465625 0.4890625 0.0234375 0.0296875
0 0.909375 0.29453125 0.01484375 0.02109375
0 0.03828125 0.4484375 0.02265625 0.0328125
0 0.915625 0.4234375 0.0171875 0.0296875
0 0.23984375 0.4609375 0.02421875 0.03359375
0 0.9515625 0.4046875 0.021875 0.0296875
0 0.81640625 0.30625 0.01171875 0.01796875
0 0.1375 0.4125 0.0140625 0.01953125
0 0.88984375 0.40546875 0.0171875 0.025
0 0.2640625 0.43046875 0.015625 0.025
0 0.77734375 0.31171875 0.0140625 0.01953125
0 0.6546875 0.26640625 0.0109375 0.0140625
0 0.075 0.44375 0.0171875 0.02578125
0 0.059375 0.4640625 0.0203125 0.0296875
0 0.10625 0.3234375 0.01171875 0.0140625
0 0.60234375 0.35078125 0.01484375 0.025
0 0.1140625 0.4078125 0.0140625 0.02109375
0 0.66875 0.2671875 0.00859375 0.0140625
0 0.24453125 0.3078125 0.0109375 0.0140625
0 0.30625 0.41796875 0.01484375 0.01796875
0 0.99296875 0.28046875 0.0125 0.01953125
0 0.690625 0.25625 0.00859375 0.01171875
0 0.61796875 0.2296875 0.00859375 0.0140625
0 0.7578125 0.41875 0.021875 0.0328125
0 0.6421875 0.27890625 0.009375 0.015625
0 0.2171875 0.303125 0.009375 0.01328125
0 0.1765625 0.5203125 0.021875 0.03515625
0 0.08671875 0.79375 0.02421875 0.0375
0 0.85625 0.4078125 0.01953125 0.03125
0 0.0921875 0.33125 0.01171875 0.0140625
0 0.03515625 0.34765625 0.0140625 0.02109375
0 0.40546875 0.2015625 0.0109375 0.0140625
0 0.28203125 0.296875 0.01171875 0.015625
0 0.15703125 0.2953125 0.009375 0.01171875
0 0.4046875 0.3171875 0.01171875 0.0171875
0 0.4953125 0.26796875 0.009375 0.01328125
0 0.73125 0.4234375 0.021875 0.0296875
0 0.26875 0.2640625 0.0109375 0.0140625
0 0.26328125 0.31015625 0.0109375 0.015625
0 0.94375 0.19375 0.00859375 0.01171875
0 0.9 0.44296875 0.01875 0.03125
0 0.13046875 0.31796875 0.0109375 0.01328125
0 0.4203125 0.2140625 0.009375 0.0140625
0 0.91875 0.190625 0.00859375 0.01171875
0 0.41875 0.1921875 0.0109375 0.0140625
0 0.290625 0.25625 0.0109375 0.01796875
0 0.246875 0.34765625 0.0125 0.015625
0 0.90546875 0.1921875 0.0109375 0.009375
0 0.86875 0.19375 0.0109375 0.01015625
0 0.80546875 0.19375 0.00859375 0.01328125
0 0.46328125 0.2125 0.00859375 0.01328125
0 0.57890625 0.2296875 0.0109375 0.01171875
0 0.7171875 0.25625 0.009375 0.01171875
0 0.95546875 0.18125 0.00703125 0.01171875
0 0.69140625 0.26796875 0.009375 0.01328125
0 0.63125 0.25625 0.00859375 0.01171875
0 0.46796875 0.2703125 0.0109375 0.0140625
0 0.2078125 0.2828125 0.009375 0.015625
0 0.74375 0.19375 0.00703125 0.01171875
0 0.79375 0.2046875 0.00859375 0.01015625
0 0.28203125 0.26796875 0.00859375 0.01328125