0 0.42890625 0.2765625 0.01484375 0.021875
0 0.39140625 0.2796875 0.015625 0.021875
0 0.378125 0.5609375 0.01640625 0.02734375
0 0.5609375 0.7546875 0.028125 0.040625
0 0.5828125 0.56640625 0.0171875 0.02578125
0 0.63359375 0.86875 0.0359375 0.05078125
0 0.06953125 0.85546875 0.034375 0.0546875
0 0.47890625 0.64296875 0.0203125 0.03125
0 0.478125 0.753125 0.02734375 0.0375
0 0.228125 0.5671875 0.01875 0.0296875
0 0.16796875 0.584375 0.0171875 0.02578125
0 0.3921875 0.49296875 0.0140625 0.01953125
0 0.4578125 0.27421875 0.0140625 0.01953125
0 0.7140625 0.5890625 0.01953125 0.02734375
0 0.28359375 0.50390625 0.01484375 0.0234375
0 0.6828125 0.78671875 0.0296875 0.04453125
0 0.08671875 0.70625 0.028125 0.04296875
0 0.1828125 0.8109375 0.0328125 0.04453125
0 0.71953125 0.83125 0.0328125 0.0484375
0 0.05234375 0.6390625 0.02421875 0.03515625
0 0.27109375 0.78203125 0.028125 0.0484375
0 0.4328125 0.48515625 0.0140625 0.021875
0 0.11640625 0.74140625 0.028125 0.0453125
0 0.503125 0.94296875 0.03984375 0.0546875
0 0.68828125 0.6859375 0.01953125 0.03359375
0 0.38125 0.7375 0.025 0.0375
0 0.309375 0.7859375 0.0265625 0.04296875
0 0.0265625 0.61328125 0.021875 0.03359375
0 0.475 0.58046875 0.01875 0.02578125
0 0.48125 0.490625 0.0140625 0.02578125
0 0.36875 0.49375 0.0140625 0.021875
0 0.48671875 0.70078125 0.02265625 0.03359375
0 0.3765625 0.5984375 0.0171875 0.02734375
0 0.609375 0.92421875 0.0375 0.05703125
0 0.16484375 0.93125 0.0359375 0.05703125
0 0.41796875 0.69375 0.0234375 0.0328125
0 0.453125 0.615625 0.0171875 0.03125
0 0.06640625 0.55625 0.0171875 0.02734375
0 0.04609375 0.57578125 0.01875 0.02578125
0 0.42109375 0.56875 0.0171875 0.025
0 0.34921875 0.6125 0.01875 0.0296875
0 0.20234375 0.5765625 0.0171875 0.02578125
0 0.31796875 0.74140625 0.0265625 0.040625
0 0.525 0.6796875 0.02421875 0.03671875
0 0.51640625 0.63046875 0.0203125 0.03125
0 0.4296875 0.8890625 0.03515625 0.05625
0 0.640625 0.51328125 0.0140625 0.0234375
0 0.41875 0.8046875 0.034375 0.04921875
0 0.33671875 0.709375 0.02421875 0.03359375
0 0.36640625 0.81328125 0.0296875 0.03515625
0 0.284375 0.5515625 0.01640625 0.025
0 0.2609375 0.8359375 0.03046875 0.046875
0 0.30078125 0.9171875 0.0296875 0.05078125
0 0.7875 0.81640625 0.028125 0.046875
0 0.45 0.6890625 0.02265625 0.03359375
0 0.109375 0.65 0.0234375 0.0328125
0 0.53515625 0.2640625 0.015625 0.0234375
0 0.14609375 0.5765625 0.01640625 0.025
0 0.478125 0.84921875 0.0375 0.04921875
0 0.6828125 0.609375 0.0171875 0.02890625
0 0.7109375 0.7046875 0.0234375 0.03515625
0 0.36328125 0.6484375 0.021875 0.02890625
0 0.31796875 0.55546875 0.01484375 0.025
0 0.23828125 0.5203125 0.015625 0.021875
0 0.384375 0.5171875 0.01484375 0.0234375
0 0.353125 0.85546875 0.034375 0.04921875
0 0.50703125 0.4890625 0.0140625 0.021875
0 0.51875 0.59453125 0.0171875 0.02734375
0 0.38125 0.6671875 0.02265625 0.0328125
0 0.66484375 0.50390625 0.0140625 0.02109375
0 0.5890625 0.671875 0.02265625 0.03359375
0 0.00859375 0.58125 0.0171875 0.0296875
0 0.04765625 0.540625 0.015625 0.025
0 0.41875 0.96171875 0.03984375 0.0609375
0 0.31015625 0.50625 0.01484375 0.0234375
0 0.60625 0.5171875 0.0140625 0.01953125
0 0.51875 0.5078125 0.0140625 0.02109375
0 0.44140625 0.56875 0.015625 0.0234375
0 0.121875 0.6046875 0.01875 0.0296875
0 0.1203125 0.8328125 0.028125 0.0453125
0 0.215625 0.61640625 0.0203125 0.0328125
0 0.28984375 0.70390625 0.025 0.03515625
0 0.24921875 0.59375 0.0171875 0.02578125
0 0.6625 0.58671875 0.01953125 0.025
0 0.6765625 0.65078125 0.02265625 0.03359375
0 0.1515625 0.6578125 0.02265625 0.0390625
0 0.1765625 0.62421875 0.01953125 0.0328125
0 0.59140625 0.97421875 0.0421875 0.04921875
0 0.5015625 0.5484375 0.01484375 0.0234375
0 0.19375 0.51015625 0.01484375 0.02109375
0 0.79765625 0.7703125 0.0203125 0.03515625
0 0.30234375 0.6234375 0.0203125 0.02578125
0 0.2765625 0.5921875 0.01875 0.02578125
0 0.73515625 0.66640625 0.0203125 0.03671875
0 0.6109375 0.81796875 0.02734375 0.0390625
0 0.7171875 0.503125 0.01484375 0.021875
0 0.321875 0.65546875 0.02265625 0.0328125
0 0.603125 0.5875 0.0171875 0.0234375
0 0.0140625 0.775 0.02734375 0.0453125
0 0.3359375 0.5171875 0.015625 0.0234375
0 0.5546875 0.82578125 0.03515625 0.04921875
0 0.26484375 0.915625 0.034375 0.05078125
0 0.42109375 0.50546875 0.0140625 0.02109375
0 0.06875 0.5078125 0.01875 0.02890625
0 0.2609375 0.5484375 0.015625 0.025
0 0.55078125 0.64296875 0.0171875 0.02578125
0 0.23671875 0.7390625 0.028125 0.0453125
0 0.09140625 0.5296875 0.01484375 0.021875
0 0.60078125 0.7015625 0.025 0.0390625
0 0.1609375 0.55390625 0.01640625 0.025
0 0.1828125 0.68828125 0.0203125 0.03515625
0 0.315625 0.53046875 0.01484375 0.025
0 0.5609375 0.6796875 0.021875 0.03359375
0 0.4046875 0.59765625 0.0171875 0.02578125
0 0.55234375 0.5265625 0.01484375 0.021875
0 0.265625 0.5234375 0.0140625 0.02109375
0 0.5609375 0.50546875 0.0140625 0.02109375
0 0.34453125 0.49140625 0.01484375 0.01953125
0 0.4671875 0.49375 0.0125 0.01953125
0 0.08359375 0.5921875 0.01875 0.0328125
0 0.1171875 0.509375 0.015625 0.021875
0 0.29609375 0.66875 0.02421875 0.0328125
0 0.20859375 0.50703125 0.01484375 0.01953125
0 0.0234375 0.82890625 0.03515625 0.05078125
0 0.1390625 0.5375 0.015625 0.025
0 0.4859375 0.5546875 0.01484375 0.0234375
0 0.621875 0.521875 0.0125 0.01796875
0 0.60625 0.53828125 0.01484375 0.01953125
0 0.328125 0.5765625 0.0171875 0.021875
0 0.5359375 0.59296875 0.01640625 0.025
0 0.571875 0.59296875 0.01953125 0.0296875
0 0.0265625 0.5671875 0.01953125 0.0296875
0 0.40625 0.73515625 0.0234375 0.04296875
0 0.31484375 0.60078125 0.01875 0.02734375
0 0.35859375 0.51015625 0.0125 0.02109375
0 0.253125 0.5703125 0.01640625 0.02109375
0 0.146875 0.82578125 0.025 0.04453125
0 0.79375 0.56875 0.01640625 0.0234375
0 0.603125 0.61640625 0.0203125 0.0328125
0 0.20546875 0.5484375 0.01640625 0.0234375
0 0.63203125 0.6546875 0.01953125 0.02890625
0 0.42734375 0.5484375 0.01484375 0.02109375
0 0.253125 0.696875 0.02265625 0.03515625
0 0.10625 0.58515625 0.0171875 0.02734375
0 0.41875 0.5265625 0.01484375 0.021875
0 0.5859375 0.75 0.021875 0.03125
0 0.1796875 0.52265625 0.015625 0.01953125
0 0.53515625 0.553125 0.0171875 0.0234375
0 0.7765625 0.571875 0.01640625 0.025
0 0.53515625 0.5265625 0.0140625 0.021875
0 0.5015625 0.5171875 0.01484375 0.02109375
0 0.26875 0.6578125 0.0203125 0.03359375
0 0.2484375 0.63125 0.0203125 0.0328125
0 0.49921875 0.57421875 0.01875 0.02578125
0 0.503125 0.89296875 0.03203125 0.0390625
0 0.18125 0.72890625 0.01875 0.03359375
0 0.5546875 0.61171875 0.021875 0.03125
0 0.575 0.5109375 0.0140625 0.021875
0 0.61015625 0.65 0.021875 0.03125
0 0.1953125 0.609375 0.0171875 0.03125
0 0.71640625 0.54765625 0.01640625 0.021875
0 0.94296875 0.2890625 0.01875 0.03359375
0 0.7765625 0.5171875 0.01640625 0.02578125
0 0.6328125 0.6921875 0.0234375 0.0375
0 0.43984375 0.31953125 0.0125 0.021875
0 0.3328125 0.94296875 0.0328125 0.04921875
0 0.10859375 0.79375 0.03203125 0.0375
0 0.37890625 0.30078125 0.0140625 0.02109375
0 0.5703125 0.5328125 0.015625 0.0234375
0 0.44140625 0.5265625 0.015625 0.021875
0 0.18828125 0.56171875 0.01484375 0.025
0 0.35859375 0.56875 0.0171875 0.025
0 0.61484375 0.56796875 0.01640625 0.0234375