0 0.259375 0.6171875 0.03828125 0.05703125
0 0.5734375 0.77265625 0.040625 0.07421875
0 0.3421875 0.775 0.0390625 0.0625
0 0.6640625 0.8953125 0.05859375 0.08203125
0 0.77421875 0.69296875 0.0359375 0.05703125
0 0.1203125 0.74765625 0.04765625 0.06796875
0 0.815625 0.54375 0.02421875 0.0375
0 0.04921875 0.5203125 0.034375 0.0484375
0 0.63984375 0.5375 0.03125 0.04453125
0 0.440625 0.4828125 0.03125 0.04296875
0 0.47265625 0.6734375 0.0375 0.0609375
0 0.665625 0.6984375 0.0390625 0.0609375
0 0.8234375 0.878125 0.0546875 0.08203125
0 0.4890625 0.78203125 0.04296875 0.06640625
0 0.96015625 0.39296875 0.021875 0.03125
0 0.284375 0.5125 0.0265625 0.0375
0 0.93828125 0.59453125 0.03203125 0.0453125
0 0.3234375 0.45546875 0.02734375 0.03671875
0 0.79375 0.553125 0.01953125 0.02890625
0 0.9015625 0.3765625 0.0203125 0.02890625
0 0.93046875 0.44296875 0.02421875 0.0390625
0 0.94609375 0.65703125 0.04296875 0.0609375
0 0.990625 0.4046875 0.0171875 0.02890625
0 0.9328125 0.31796875 0.01484375 0.02109375
0 0.965625 0.29765625 0.01875 0.021875
0 0.796875 0.35625 0.01953125 0.025
0 0.7171875 0.5328125 0.02265625 0.0390625
0 0.2625 0.3703125 0.021875 0.0296875
0 0.396875 0.4921875 0.0265625 0.04453125
0 0.33359375 0.3671875 0.01640625 0.02578125
0 0.946875 0.2890625 0.01484375 0.0234375
0 0.859375 0.3328125 0.015625 0.021875
0 0.984375 0.2859375 0.015625 0.021875
0 0.83359375 0.33046875 0.01640625 0.0234375
0 0.1859375 0.3359375 0.01953125 0.02578125
0 0.91328125 0.32265625 0.015625 0.02109375
0 0.9890625 0.59296875 0.01953125 0.0484375
0 0.59765625 0.4015625 0.01953125 0.025
0 0.99296875 0.30625 0.0125 0.0234375
0 0.86484375 0.3015625 0.01484375 0.01953125
0 0.94140625 0.3375 0.0171875 0.0234375
0 0.2171875 0.44921875 0.028125 0.03671875
0 0.7453125 0.346875 0.01640625 0.021875
0 0.9046875 0.303125 0.0140625 0.015625