1 0.4984375 0.49765625 0.990625 0.990625
1 0.334375 0.35546875 0.059375 0.171875
1 0.33984375 0.29375 0.03203125 0.0484375
1 0.19921875 0.20625 0.03359375 0.04609375
1 0.38125 0.73125 0.03515625 0.05234375
1 0.2703125 0.303125 0.059375 0.153125
1 0.6484375 0.55234375 0.03359375 0.05234375
1 0.3359375 0.7953125 0.03046875 0.04375
1 0.153125 0.47578125 0.03046875 0.03671875
1 0.2140625 0.27421875 0.065625 0.1828125
1 0.159375 0.75859375 0.071875 0.13984375
1 0.4796875 0.5859375 0.03671875 0.0546875
1 0.259375 0.6828125 0.03515625 0.0484375
1 0.38671875 0.54140625 0.02734375 0.0390625
1 0.79453125 0.57890625 0.02890625 0.04609375
1 0.33046875 0.684375 0.03828125 0.04609375
1 0.59375 0.68203125 0.03671875 0.04609375
1 0.434375 0.60859375 0.03828125 0.05
1 0.3890625 0.62890625 0.03515625 0.04609375
1 0.58359375 0.52421875 0.03203125 0.04609375
1 0.34609375 0.8109375 0.0703125 0.084375
1 0.17265625 0.53203125 0.071875 0.153125
1 0.121875 0.43359375 0.03203125 0.04375
1 0.4421875 0.3671875 0.02890625 0.0390625
1 0.3953125 0.58125 0.03046875 0.04140625
1 0.34140625 0.57421875 0.03828125 0.05
1 0.396875 0.42578125 0.02734375 0.04140625
1 0.78359375 0.65546875 0.03515625 0.04375
1 0.75859375 0.89921875 0.04296875 0.078125
1 0.5734375 0.1375 0.02578125 0.03671875
1 0.05625 0.26328125 0.03515625 0.04609375
1 0.4859375 0.85234375 0.03828125 0.05234375
1 0.2640625 0.453125 0.02890625 0.03671875
1 0.04140625 0.66484375 0.03828125 0.05234375
1 0.675 0.90390625 0.03828125 0.059375
1 0.18984375 0.94296875 0.03359375 0.04609375
1 0.11953125 0.6140625 0.02734375 0.0390625
1 0.26796875 0.73125 0.0609375 0.1484375
1 0.5921875 0.9046875 0.04609375 0.06171875
1 0.103125 0.51015625 0.03359375 0.04140625
1 0.79765625 0.4484375 0.03359375 0.0546875
1 0.20546875 0.14765625 0.03203125 0.04375
1 0.41875 0.29296875 0.03359375 0.04609375
1 0.4734375 0.3078125 0.03046875 0.04375
1 0.64921875 0.84296875 0.03828125 0.05703125
1 0.3484375 0.93046875 0.03671875 0.05234375
1 0.45859375 0.1328125 0.02578125 0.04140625
1 0.67109375 0.27265625 0.02890625 0.04140625
1 0.58359375 0.38359375 0.03515625 0.04375
1 0.2546875 0.24921875 0.02890625 0.04140625
1 0.325 0.71953125 0.0703125 0.11640625
1 0.0984375 0.184375 0.03359375 0.0484375
1 0.528125 0.46484375 0.03359375 0.04140625
1 0.61796875 0.4625 0.03359375 0.04140625
1 0.04140625 0.15546875 0.02890625 0.03671875
1 0.55390625 0.421875 0.02734375 0.0390625
1 0.35 0.95 0.05625 0.09140625
1 0.81796875 0.2875 0.03046875 0.04375
1 0.3875 0.65703125 0.0484375 0.10078125
1 0.85703125 0.54609375 0.03515625 0.06640625
1 0.79453125 0.77578125 0.03203125 0.0546875
1 0.58984375 0.7234375 0.0515625 0.128125
1 0.55625 0.26875 0.03203125 0.04375
1 0.0828125 0.36015625 0.03359375 0.0484375
1 0.4140625 0.21484375 0.02734375 0.03671875
1 0.0921875 0.65078125 0.03359375 0.04375
1 0.115625 0.371875 0.02890625 0.04375
1 0.884375 0.5140625 0.03203125 0.04375
1 0.03359375 0.78515625 0.0484375 0.08203125
1 0.38671875 0.1890625 0.03359375 0.04375
1 0.27734375 0.52421875 0.0609375 0.178125
1 0.3859375 0.76875 0.0640625 0.128125
1 0.8296875 0.1125 0.03359375 0.05
1 0.01796875 0.3375 0.03515625 0.0484375
1 0.065625 0.8890625 0.03203125 0.0484375
1 0.48671875 0.640625 0.03671875 0.04609375
1 0.51640625 0.26328125 0.03203125 0.04609375
1 0.5953125 0.74453125 0.03671875 0.04375
1 0.11875 0.25546875 0.0765625 0.18984375
1 0.034375 0.490625 0.03359375 0.04375
1 0.69140625 0.35 0.03671875 0.05
1 0.64765625 0.23671875 0.02890625 0.0390625
1 0.11953125 0.559375 0.071875 0.14453125
1 0.08359375 0.9484375 0.03828125 0.05234375
1 0.53203125 0.8640625 0.0515625 0.06171875
1 0.146875 0.71640625 0.03984375 0.05
1 0.5453125 0.91171875 0.03359375 0.0484375
1 0.63359375 0.321875 0.03359375 0.04375
1 0.04765625 0.36953125 0.03359375 0.0390625
1 0.62890625 0.15 0.02734375 0.034375
1 0.11171875 0.12578125 0.03359375 0.04140625
1 0.4859375 0.68984375 0.0578125 0.153125
1 0.64453125 0.60625 0.0671875 0.16015625
1 0.603125 0.7828125 0.03046875 0.04140625
1 0.290625 0.9265625 0.03671875 0.05
1 0.71171875 0.72421875 0.04140625 0.06640625
1 0.5515625 0.68984375 0.0609375 0.14453125
1 0.45078125 0.5046875 0.03359375 0.0484375
1 0.26875 0.89140625 0.04609375 0.05234375
1 0.44453125 0.39609375 0.04609375 0.09609375
1 0.39140625 0.56328125 0.04140625 0.08671875
1 0.08359375 0.590625 0.02890625 0.03671875
1 0.77265625 0.31015625 0.03515625 0.05234375
1 0.1703125 0.90625 0.03359375 0.04609375
1 0.928125 0.97734375 0.03203125 0.04140625
1 0.85546875 0.696875 0.03515625 0.0484375
1 0.6671875 0.9609375 0.03671875 0.05
1 0.7875 0.596875 0.053125 0.08671875
1 0.5296875 0.1359375 0.02734375 0.0390625
1 0.7390625 0.84921875 0.03828125 0.05
1 0.5078125 0.97578125 0.04140625 0.0390625
1 0.7265625 0.52734375 0.03359375 0.05234375
1 0.3578125 0.0984375 0.02734375 0.03671875
1 0.39375 0.6875 0.0625 0.1625
1 0.66171875 0.78046875 0.03515625 0.0546875
1 0.28671875 0.62734375 0.02890625 0.04140625
1 0.4921875 0.503125 0.03515625 0.05
1 0.55703125 0.81328125 0.03671875 0.05234375
1 0.56484375 0.965625 0.04609375 0.0546875
1 0.76171875 0.1765625 0.03046875 0.03671875
1 0.88984375 0.24453125 0.03046875 0.04609375
1 0.26171875 0.10625 0.03046875 0.04375
1 0.159375 0.48828125 0.04609375 0.06640625
1 0.48203125 0.359375 0.0515625 0.15078125
1 0.68671875 0.13046875 0.03359375 0.04140625
1 0.98203125 0.95078125 0.02890625 0.0484375
1 0.6140625 0.3578125 0.03203125 0.0484375
1 0.82578125 0.0390625 0.03359375 0.04609375
1 0.33046875 0.13984375 0.02578125 0.03671875
1 0.1890625 0.95625 0.0546875 0.078125
1 0.6140625 0.05234375 0.03203125 0.04140625
1 0.5640625 0.64296875 0.03515625 0.04609375
1 0.5875 0.8171875 0.03359375 0.0546875
1 0.3 0.5328125 0.03515625 0.05
1 0.1734375 0.05703125 0.02578125 0.03671875
1 0.82421875 0.63984375 0.03984375 0.05234375
1 0.06953125 0.90078125 0.05 0.07109375
1 0.33828125 0.6125 0.0578125 0.13046875
1 0.71875 0.96015625 0.03671875 0.0484375
1 0.38984375 0.921875 0.03984375 0.04609375
1 0.10078125 0.70703125 0.0609375 0.16015625
1 0.1296875 0.64609375 0.0515625 0.103125
1 0.0296875 0.0484375 0.03046875 0.04140625
1 0.33984375 0.19765625 0.0515625 0.153125
1 0.6609375 0.43828125 0.03359375 0.04375
1 0.95703125 0.4625 0.08046875 0.15078125