0 0.97578125 0.165625 0.0375 0.0453125
0 0.1453125 0.38203125 0.0453125 0.06875
0 0.35625 0.5015625 0.05078125 0.07578125
0 0.64453125 0.19375 0.0328125 0.04921875
0 0.45234375 0.22265625 0.034375 0.04921875
0 0.50078125 0.0578125 0.0234375 0.03515625
0 0.34140625 0.18828125 0.028125 0.04296875
0 0.57734375 0.40546875 0.04609375 0.0609375
0 0.60234375 0.15703125 0.03125 0.0484375
0 0.2265625 0.40078125 0.046875 0.0625
0 0.534375 0.5484375 0.04765625 0.06875
0 0.821875 0.1765625 0.0375 0.0484375
0 0.25546875 0.04921875 0.02421875 0.03671875
0 0.31328125 0.0609375 0.0265625 0.040625
0 0.53984375 0.05625 0.025 0.040625
0 0.8609375 0.134375 0.0328125 0.0453125
0 0.353125 0.09921875 0.02734375 0.04453125
0 0.40703125 0.11640625 0.025 0.040625
0 0.2578125 0.12578125 0.0234375 0.04296875
0 0.421875 0.19296875 0.0296875 0.04453125
0 0.796875 0.48671875 0.046875 0.0703125
0 0.090625 0.16328125 0.0296875 0.0484375
0 0.1046875 0.7125 0.06328125 0.0921875
0 0.01484375 0.0421875 0.0296875 0.04375
0 0.1078125 0.0140625 0.028125 0.028125
0 0.1046875 0.06953125 0.02734375 0.0375
0 0.3421875 0.34921875 0.040625 0.0625
0 0.00703125 0.24375 0.0140625 0.04453125
0 0.4640625 0.84296875 0.0734375 0.10546875
0 0.5171875 0.01796875 0.021875 0.0359375
0 0.39765625 0.08125 0.0171875 0.025