0 0.68515625 0.25625 0.01484375 0.01953125
0 0.7390625 0.2671875 0.015625 0.025
0 0.8515625 0.4046875 0.021875 0.0328125
0 0.55859375 0.346875 0.0171875 0.02734375
0 0.7515625 0.56875 0.02734375 0.04296875
0 0.471875 0.46953125 0.0203125 0.0328125
0 0.85625 0.2484375 0.01484375 0.01953125
0 0.61171875 0.4 0.02265625 0.0328125
0 0.84453125 0.30703125 0.01640625 0.0234375
0 0.14453125 0.40390625 0.02734375 0.03671875
0 0.821875 0.3953125 0.01875 0.0296875
0 0.9390625 0.3375 0.0203125 0.03125
0 0.45234375 0.3609375 0.01953125 0.0296875
0 0.68671875 0.53671875 0.0265625 0.04140625
0 0.903125 0.39296875 0.0203125 0.03125
0 0.5296875 0.26328125 0.0140625 0.02109375
0 0.59921875 0.4546875 0.0265625 0.0390625
0 0.7796875 0.41171875 0.0203125 0.03125
0 0.95 0.37578125 0.02265625 0.02734375
0 0.9890625 0.30625 0.0171875 0.02578125
0 0.3734375 0.24296875 0.0140625 0.01953125
0 0.4328125 0.25703125 0.0140625 0.021875
0 0.86796875 0.31875 0.01640625 0.025
0 0.63984375 0.375 0.021875 0.03125
0 0.59453125 0.35703125 0.0203125 0.02578125
0 0.659375 0.4125 0.0203125 0.02890625
0 0.7828125 0.30078125 0.0171875 0.0234375
0 0.34609375 0.23046875 0.0125 0.01796875
0 0.66171875 0.4640625 0.0265625 0.03515625
0 0.46953125 0.2734375 0.0140625 0.02109375
0 0.5765625 0.2703125 0.015625 0.01953125
0 0.71953125 0.365625 0.021875 0.02890625
0 0.2296875 0.3703125 0.0234375 0.0328125
0 0.140625 0.44921875 0.025 0.03125
0 0.4578125 0.2453125 0.01171875 0.01953125
0 0.5171875 0.38828125 0.0234375 0.03125
0 0.5296875 0.3140625 0.0171875 0.02578125
0 0.0125 0.4 0.025 0.03671875
0 0.32890625 0.19921875 0.0140625 0.01796875
0 0.91875 0.2890625 0.01640625 0.0234375
0 0.20625 0.3609375 0.0203125 0.02890625
0 0.82265625 0.3109375 0.01484375 0.0234375
0 0.290625 0.1859375 0.01171875 0.0140625
0 0.21640625 0.27421875 0.01640625 0.025
0 0.47109375 0.22265625 0.0125 0.01796875
0 0.90703125 0.334375 0.0171875 0.0234375
0 0.475 0.38671875 0.0203125 0.03125
0 0.9890625 0.346875 0.0171875 0.02734375
0 0.66328125 0.2671875 0.0140625 0.02109375
0 0.89765625 0.2515625 0.01484375 0.02109375
0 0.48984375 0.25625 0.0125 0.01953125
0 0.259375 0.1921875 0.01171875 0.0140625
0 0.68671875 0.30078125 0.01484375 0.0234375
0 0.7390625 0.29453125 0.015625 0.0234375
0 0.8640625 0.2671875 0.01484375 0.01953125
0 0.509375 0.29296875 0.01640625 0.0234375
0 0.10859375 0.18125 0.01171875 0.01328125
0 0.2078125 0.20625 0.01171875 0.0140625
0 0.86796875 0.28828125 0.01484375 0.021875
0 0.290625 0.946875 0.06953125 0.1
0 0.15703125 0.178125 0.00859375 0.01328125
0 0.5015625 0.23125 0.0140625 0.01953125
0 0.43046875 0.3265625 0.01875 0.02578125
0 0.509375 0.359375 0.0171875 0.0234375
0 0.2328125 0.17890625 0.0109375 0.0140625
0 0.47578125 0.334375 0.0171875 0.02578125
0 0.14140625 0.18046875 0.009375 0.01171875
0 0.2453125 0.16796875 0.009375 0.01328125
0 0.1171875 0.16875 0.009375 0.01171875
0 0.228125 0.19453125 0.0109375 0.0140625
0 0.24296875 0.19453125 0.0109375 0.0140625
0 0.884375 0.26953125 0.01640625 0.02578125
0 0.80546875 0.2984375 0.01640625 0.01953125
0 0.51484375 0.334375 0.01875 0.0234375
0 0.68828125 0.2046875 0.0140625 0.02109375
0 0.55078125 0.28203125 0.015625 0.025
0 0.1796875 0.16953125 0.009375 0.01328125
0 0.1828125 0.19140625 0.009375 0.01328125
0 0.67734375 0.43515625 0.02421875 0.03359375
0 0.2140625 0.1875 0.009375 0.01328125
0 0.3421875 0.19375 0.01171875 0.01796875
0 0.1796875 0.15625 0.009375 0.01328125
0 0.228125 0.21796875 0.0125 0.01953125
0 0.5078125 0.2703125 0.015625 0.01953125