1 0.51171875 0.5984375 0.0640625 0.115625
1 0.6859375 0.640625 0.0734375 0.115625
1 0.67109375 0.78984375 0.225 0.41171875
1 0.2296875 0.4578125 0.06953125 0.0921875
1 0.10078125 0.48125 0.0546875 0.0984375
1 0.540625 0.42109375 0.0453125 0.07734375
1 0.80703125 0.47109375 0.04375 0.0890625
1 0.1265625 0.7546875 0.0734375 0.11015625
1 0.28984375 0.8453125 0.06875 0.1390625
1 0.34921875 0.4125 0.04375 0.06875
1 0.8796875 0.5796875 0.0703125 0.1140625
1 0.9640625 0.5015625 0.053125 0.0921875
1 0.665625 0.5171875 0.05078125 0.1109375
1 0.7375 0.3953125 0.03828125 0.0734375
1 0.340625 0.56796875 0.06953125 0.10859375
1 0.50859375 0.68515625 0.18828125 0.61484375
1 0.9 0.434375 0.04375 0.08359375
1 0.3609375 0.33828125 0.0359375 0.05859375
1 0.96015625 0.76796875 0.0765625 0.16875
1 0.61796875 0.33125 0.03203125 0.05234375
1 0.8015625 0.35859375 0.0359375 0.0671875
1 0.653125 0.42890625 0.0453125 0.090625
1 0.16171875 0.33828125 0.0359375 0.0640625
1 0.54296875 0.3625 0.0390625 0.05703125
1 0.4265625 0.4734375 0.03984375 0.08671875
1 0.49921875 0.5515625 0.99296875 0.8796875
1 0.25625 0.38671875 0.046875 0.06171875
1 0.196875 0.35703125 0.034375 0.06171875
1 0.43828125 0.3703125 0.0390625 0.0640625
1 0.67421875 0.3609375 0.034375 0.06328125
1 0.2546875 0.8859375 0.21953125 0.21953125
1 0.43125 0.3125 0.03125 0.06328125
1 0.01640625 0.4390625 0.0328125 0.090625
1 0.6328125 0.3890625 0.03515625 0.071875
1 0.51484375 0.315625 0.03046875 0.05390625
1 0.8828125 0.83984375 0.23046875 0.31171875
1 0.11796875 0.315625 0.03125 0.05390625
1 0.29609375 0.6734375 0.19140625 0.31953125
1 0.728125 0.30546875 0.03984375 0.075
1 0.615625 0.2734375 0.025 0.0515625
1 0.21796875 0.75390625 0.34453125 0.4828125
1 0.28203125 0.32421875 0.0265625 0.05390625
1 0.42265625 0.26875 0.025 0.03671875
1 0.08515625 0.2984375 0.0296875 0.046875
1 0.965625 0.721875 0.065625 0.07890625
1 0.42890625 0.35703125 0.096875 0.17578125
1 0.5953125 0.34140625 0.103125 0.1875
1 0.74609375 0.4453125 0.09765625 0.17265625
1 0.6625 0.48671875 0.1296875 0.20625
1 0.1078125 0.8453125 0.1765625 0.29453125
1 0.5734375 0.246875 0.02421875 0.0453125
1 0.78984375 0.56171875 0.13203125 0.27109375
1 0.84453125 0.28515625 0.02421875 0.0453125
1 0.8421875 0.71328125 0.18046875 0.38046875
1 0.2625 0.25625 0.0203125 0.03828125
1 0.23359375 0.5875 0.1359375 0.3546875
1 0.44375 0.20703125 0.03828125 0.1125
1 0.91796875 0.365625 0.040625 0.06015625
1 0.01875 0.39296875 0.0375 0.06875
1 0.31015625 0.2671875 0.02265625 0.0421875
1 0.67109375 0.27890625 0.02734375 0.0515625
1 0.7921875 0.31171875 0.03046875 0.046875
1 0.09296875 0.578125 0.14375 0.29296875
1 0.4421875 0.16875 0.0171875 0.03203125
1 0.4625 0.25234375 0.02265625 0.0421875
1 0.946875 0.55546875 0.10234375 0.20078125
1 0.35234375 0.378125 0.0828125 0.1375
1 0.5375 0.47109375 0.12109375 0.17578125
1 0.8078125 0.28984375 0.028125 0.04375
1 0.946875 0.31328125 0.03515625 0.06171875
1 0.3671875 0.228125 0.021875 0.040625
1 0.0234375 0.3015625 0.0296875 0.04375
1 0.63359375 0.246875 0.02265625 0.03984375
1 0.62265625 0.42109375 0.06171875 0.1359375
1 0.878125 0.4671875 0.1078125 0.14921875
1 0.71875 0.31640625 0.025 0.05546875
1 0.559375 0.265625 0.0265625 0.0421875
1 0.34375 0.4453125 0.09765625 0.134375
1 0.521875 0.246875 0.021875 0.0421875
1 0.2734375 0.3078125 0.02734375 0.0484375
1 0.09296875 0.25 0.02421875 0.040625
1 0.4421875 0.16875 0.02734375 0.04375
1 0.36171875 0.27421875 0.0265625 0.0484375
1 0.346875 0.3109375 0.028125 0.0484375
1 0.50625 0.33828125 0.0578125 0.10546875
1 0.0328125 0.52734375 0.065625 0.26328125
1 0.259375 0.33046875 0.11640625 0.1828125
1 0.89375 0.284375 0.03046875 0.05
1 0.72578125 0.32734375 0.0734375 0.12734375
1 0.14921875 0.384375 0.1234375 0.15390625
1 0.803125 0.3859375 0.078125 0.121875
1 0.70390625 0.26484375 0.02265625 0.046875
1 0.96328125 0.46328125 0.06953125 0.165625
1 0.62578125 0.56484375 0.1546875 0.2109375
1 0.91328125 0.2640625 0.02265625 0.0421875
1 0.3265625 0.24609375 0.021875 0.040625
1 0.15 0.284375 0.03125 0.046875
1 0.2296875 0.25390625 0.02265625 0.03671875
1 0.13046875 0.23828125 0.0203125 0.03515625
1 0.9859375 0.42265625 0.0234375 0.08671875
1 0.8765625 0.3359375 0.03125 0.07734375
1 0.40859375 0.575 0.15703125 0.38515625
1 0.084375 0.70625 0.1609375 0.5546875
1 0.49921875 0.3140625 0.99140625 0.390625