0 0.74296875 0.0859375 0.01640625 0.0234375
0 0.30546875 0.61875 0.04765625 0.071875
0 0.4421875 0.1890625 0.02265625 0.03359375
0 0.5140625 0.33125 0.02734375 0.04296875
0 0.31875 0.14296875 0.01875 0.03125
0 0.96015625 0.63046875 0.0640625 0.07578125
0 0.2453125 0.2625 0.02421875 0.0375
0 0.865625 0.03515625 0.0125 0.02109375
0 0.56484375 0.13203125 0.01875 0.02734375
0 0.6296875 0.5484375 0.03984375 0.06640625
0 0.73125 0.01796875 0.01484375 0.0234375
0 0.134375 0.1 0.01640625 0.025
0 0.1796875 0.75703125 0.0640625 0.09765625
0 0.603125 0.1265625 0.01875 0.03125
0 0.1359375 0.15703125 0.021875 0.0296875
0 0.90078125 0.01875 0.01640625 0.025
0 0.64296875 0.06171875 0.01640625 0.0296875
0 0.81875 0.18515625 0.02421875 0.03671875
0 0.8328125 0.13671875 0.021875 0.03125
0 0.72265625 0.353125 0.0328125 0.05078125
0 0.4703125 0.36640625 0.028125 0.04296875
0 0.69140625 0.05078125 0.015625 0.0234375
0 0.86484375 0.2515625 0.028125 0.04453125
0 0.06953125 0.14765625 0.0171875 0.025
0 0.196875 0.2890625 0.028125 0.04140625
0 0.775 0.14375 0.0171875 0.0296875
0 0.92890625 0.0078125 0.01484375 0.015625
0 0.20390625 0.16875 0.021875 0.0296875
0 0.33046875 0.22265625 0.0203125 0.03359375
0 0.63125 0.6859375 0.05546875 0.08984375
0 0.96015625 0.1015625 0.021875 0.03125
0 0.159375 0.11953125 0.0203125 0.02890625
0 0.3109375 0.73828125 0.0625 0.09921875
0 0.7171875 0.06015625 0.015625 0.0234375
0 0.9921875 0.0796875 0.0140625 0.0296875
0 0.36484375 0.1703125 0.01875 0.0296875
0 0.5078125 0.13046875 0.0171875 0.02578125
0 0.56484375 0.06953125 0.01484375 0.025
0 0.2078125 0.2171875 0.0234375 0.03359375
0 0.5125 0.0796875 0.01640625 0.02578125
0 0.1515625 0.2265625 0.021875 0.03671875
0 0.79765625 0.12578125 0.0171875 0.02734375
0 0.06328125 0.0765625 0.015625 0.0234375
0 0.65703125 0.0140625 0.01484375 0.0234375
0 0.02109375 0.28671875 0.03203125 0.04453125
0 0.8703125 0.2046875 0.02734375 0.0375
0 0.04453125 0.25546875 0.0265625 0.0390625
0 0.1140625 0.38125 0.028125 0.0375
0 0.2203125 0.1 0.0171875 0.025
0 0.40546875 0.18125 0.0171875 0.0296875
0 0.3359375 0.1359375 0.0171875 0.0296875
0 0.04375 0.0390625 0.0125 0.02109375
0 0.9046875 0.2046875 0.0265625 0.0390625
0 0.1578125 0.2828125 0.0234375 0.03359375
0 0.9359375 0.0484375 0.0171875 0.025
0 0.38984375 0.2125 0.02421875 0.0375
0 0.778125 0.040625 0.01484375 0.021875
0 0.0515625 0.1203125 0.0171875 0.025
0 0.290625 0.3234375 0.02734375 0.04296875
0 0.32734375 0.08515625 0.01484375 0.021875
0 0.79765625 0.02265625 0.01484375 0.021875
0 0.0921875 0.05625 0.01484375 0.01953125
0 0.3421875 0.09453125 0.01484375 0.025
0 0.90703125 0.0515625 0.0171875 0.025
0 0.034375 0.7921875 0.06875 0.125
0 0.00625 0.1578125 0.01171875 0.02890625
0 0.36484375 0.0796875 0.01484375 0.0234375
0 0.571875 0.6796875 0.040625 0.06796875
0 0.1203125 0.4265625 0.03515625 0.05625
0 0.175 0.1890625 0.02421875 0.03359375
0 0.2984375 0.240625 0.0203125 0.02890625
0 0.7734375 0.07265625 0.0171875 0.02890625
0 0.065625 0.20390625 0.0265625 0.0375
0 0.29375 0.16171875 0.01953125 0.03125
0 0.1171875 0.31328125 0.025 0.0375
0 0.28828125 0.190625 0.01953125 0.02734375
0 0.215625 0.2546875 0.0234375 0.040625
0 0.66484375 0.2296875 0.01953125 0.0296875
0 0.81328125 0.4578125 0.0328125 0.053125
0 0.0203125 0.06796875 0.0140625 0.02109375
0 0.034375 0.14140625 0.0203125 0.02734375
0 0.353125 0.04296875 0.01171875 0.01796875
0 0.40234375 0.0359375 0.0140625 0.01953125
0 0.29375 0.27578125 0.02421875 0.03671875
0 0.046875 0.4421875 0.021875 0.0328125
0 0.00625 0.0890625 0.0125 0.021875
0 0.203125 0.04375 0.0140625 0.01953125
0 0.4296875 0.08046875 0.015625 0.02578125
0 0.84765625 0.04765625 0.015625 0.025
0 0.3484375 0.24375 0.0234375 0.03671875
0 0.7625 0.43125 0.03828125 0.04921875
0 0.4359375 0.11796875 0.01875 0.0296875
0 0.00390625 0.04765625 0.0078125 0.021875
0 0.91640625 0.2609375 0.0203125 0.0375
0 0.0828125 0.109375 0.015625 0.0234375
0 0.1671875 0.00625 0.0140625 0.01171875
0 0.7953125 0.053125 0.015625 0.0234375
0 0.1015625 0.1140625 0.015625 0.021875
0 0.38125 0.359375 0.02421875 0.03671875
0 0.83046875 0.0265625 0.01484375 0.01953125
0 0.4046875 0.6390625 0.04609375 0.08203125
0 0.23671875 0.1765625 0.0203125 0.02734375
0 0.10234375 0.21171875 0.02421875 0.0328125
0 0.5265625 0.15625 0.0171875 0.02578125
0 0.540625 0.05390625 0.01484375 0.021875
0 0.26796875 0.00625 0.0125 0.01171875
0 0.1546875 0.43515625 0.0328125 0.04921875
0 0.01171875 0.41796875 0.0234375 0.04453125
0 0.0296875 0.1046875 0.0171875 0.021875
0 0.08203125 0.38671875 0.02734375 0.03671875
0 0.03671875 0.22265625 0.02421875 0.02890625
0 0.28984375 0.0140625 0.01171875 0.01953125
0 0.978125 0.06015625 0.0171875 0.02578125
0 0.9546875 0.03046875 0.01484375 0.025
0 0.78203125 0.0171875 0.015625 0.0234375
0 0.36796875 0.0171875 0.0125 0.01953125
0 0.21875 0.0296875 0.0140625 0.01796875
0 0.9546875 0.0046875 0.01484375 0.009375
0 0.09609375 0.08046875 0.01484375 0.0234375
0 0.6859375 0.009375 0.015625 0.01875
0 0.81328125 0.0375 0.01484375 0.025
0 0.11640625 0.00625 0.0140625 0.0125
0 0.384375 0.05546875 0.0125 0.01953125