0 0.615625 0.4109375 0.0265625 0.04296875
0 0.1265625 0.17421875 0.02265625 0.03125
0 0.32890625 0.2578125 0.0265625 0.0390625
0 0.56875 0.2296875 0.02265625 0.0328125
0 0.27109375 0.26953125 0.02421875 0.0390625
0 0.271875 0.2046875 0.02421875 0.0328125
0 0.46875 0.26796875 0.0234375 0.03671875
0 0.62578125 0.25546875 0.02265625 0.03671875
0 0.10078125 0.18203125 0.025 0.0390625
0 0.87578125 0.45 0.03125 0.0484375
0 0.66875 0.1984375 0.021875 0.0328125
0 0.55546875 0.1625 0.0203125 0.02578125
0 0.17578125 0.175 0.0234375 0.0328125
0 0.3921875 0.375 0.03515625 0.04921875
0 0.228125 0.16953125 0.0234375 0.03671875
0 0.821875 0.42421875 0.03203125 0.04453125
0 0.9671875 0.7390625 0.04765625 0.06875
0 0.75703125 0.16875 0.021875 0.0296875
0 0.6203125 0.19140625 0.021875 0.03125
0 0.0234375 0.18046875 0.025 0.04296875
0 0.49921875 0.33671875 0.0296875 0.04296875
0 0.06171875 0.1734375 0.02421875 0.0390625
0 0.8421875 0.56875 0.04609375 0.05625
0 0.796875 0.3296875 0.0296875 0.04140625
0 0.25078125 0.18125 0.0234375 0.0328125
0 0.2390625 0.34921875 0.040625 0.0546875
0 0.5921875 0.16328125 0.01875 0.02734375
0 0.11875 0.38828125 0.03828125 0.0546875
0 0.60625 0.075 0.01640625 0.025
0 0.821875 0.20625 0.0234375 0.0296875
0 0.3015625 0.8296875 0.0328125 0.0484375
0 0.3359375 0.41875 0.0296875 0.0375
0 0.5125 0.396875 0.03203125 0.046875
0 0.87578125 0.16796875 0.021875 0.02578125
0 0.47265625 0.20546875 0.0234375 0.03125
0 0.56328125 0.0796875 0.01875 0.02734375
0 0.5046875 0.26171875 0.02734375 0.02578125
0 0.609375 0.15625 0.0171875 0.02578125
0 0.6828125 0.17421875 0.0203125 0.03125
0 0.91953125 0.196875 0.0203125 0.0296875
0 0.275 0.33828125 0.0328125 0.04453125
0 0.628125 0.09453125 0.01640625 0.025
0 0.56171875 0.13203125 0.0171875 0.02734375
0 0.71953125 0.43671875 0.0375 0.05078125
0 0.071875 0.3234375 0.0328125 0.0484375
0 0.95546875 0.18203125 0.0203125 0.02890625
0 0.75859375 0.24453125 0.025 0.03671875
0 0.3828125 0.29921875 0.0296875 0.04921875
0 0.128125 0.7015625 0.059375 0.07578125
0 0.53828125 0.36875 0.02265625 0.03671875
0 0.6421875 0.39375 0.028125 0.0484375
0 0.2109375 0.38828125 0.0390625 0.0546875
0 0.8296875 0.1625 0.0234375 0.025
0 0.58359375 0.3296875 0.02421875 0.0328125
0 0.51484375 0.175 0.0203125 0.02734375
0 0.86796875 0.525 0.04609375 0.0484375
0 0.81171875 0.26015625 0.0265625 0.0390625
0 0.80625 0.14296875 0.0171875 0.02578125
0 0.6015625 0.1265625 0.015625 0.0234375
0 0.871875 0.1421875 0.01875 0.0234375
0 0.5296875 0.0765625 0.015625 0.021875
0 0.90546875 0.15 0.0171875 0.02578125
0 0.940625 0.50625 0.03984375 0.05625
0 0.8421875 0.30078125 0.03046875 0.0390625
0 0.14296875 0.1484375 0.02265625 0.03125
0 0.0046875 0.38203125 0.009375 0.0484375
0 0.57890625 0.14296875 0.0171875 0.02578125
0 0.94453125 0.10546875 0.0171875 0.01796875
0 0.978125 0.18203125 0.0234375 0.03125
0 0.8078125 0.08125 0.01640625 0.01953125
0 0.9921875 0.56328125 0.0140625 0.0609375
0 0.8890625 0.10390625 0.015625 0.02109375
0 0.5296875 0.1390625 0.01640625 0.025
0 0.20234375 0.446875 0.028125 0.0296875
0 0.84453125 0.09296875 0.01953125 0.025
0 0.66015625 0.1515625 0.01953125 0.02734375
0 0.91328125 0.1140625 0.0171875 0.021875
0 0.18046875 0.10078125 0.0203125 0.025
0 0.86640625 0.103125 0.021875 0.021875
0 0.49140625 0.14140625 0.0171875 0.025
0 0.5578125 0.10703125 0.01640625 0.0234375
0 0.88046875 0.5765625 0.0359375 0.05078125
0 0.8125 0.103125 0.0171875 0.025
0 0.6515625 0.0921875 0.01484375 0.02109375