0 0.52265625 0.2984375 0.034375 0.0640625
0 0.60234375 0.21484375 0.0359375 0.0640625
0 0.1671875 0.1828125 0.0265625 0.04453125
0 0.95 0.76171875 0.096875 0.2546875
0 0.121875 0.628125 0.0921875 0.15078125
0 0.59609375 0.01875 0.0265625 0.03671875
0 0.26484375 0.29375 0.04140625 0.0640625
0 0.5640625 0.28046875 0.04765625 0.071875
0 0.33828125 0.01640625 0.0265625 0.03203125
0 0.30546875 0.21484375 0.0328125 0.0546875
0 0.49140625 0.65078125 0.08671875 0.15546875
0 0.01640625 0.134375 0.0265625 0.046875
0 0.3859375 0.01875 0.0265625 0.03671875
0 0.65234375 0.47421875 0.0640625 0.10390625
0 0.82109375 0.128125 0.0328125 0.0546875
0 0.41953125 0.46640625 0.0640625 0.10390625
0 0.15078125 0.26015625 0.0359375 0.06171875
0 0.45703125 0.2453125 0.04140625 0.06171875
0 0.5640625 0.48515625 0.0640625 0.10625
0 0.6515625 0.12109375 0.0328125 0.0546875
0 0.8046875 0.06640625 0.0265625 0.04453125
0 0.11875 0.328125 0.03125 0.0546875
0 0.69375 0.10625 0.03125 0.0546875
0 0.2140625 0.28046875 0.04140625 0.06171875
0 0.7953125 0.19296875 0.0375 0.0640625
0 0.70625 0.2125 0.04296875 0.06875
0 0.6796875 0.36875 0.05546875 0.08125
0 0.1984375 0.35546875 0.0390625 0.06875
0 0.34453125 0.52578125 0.065625 0.10390625
0 0.90546875 0.346875 0.0609375 0.09140625
0 0.1421875 0.18515625 0.028125 0.04921875
0 0.36484375 0.2984375 0.0390625 0.059375
0 0.46484375 0.371875 0.04921875 0.0765625
0 0.28984375 0.371875 0.04140625 0.071875
0 0.56484375 0.1890625 0.0390625 0.06171875
0 0.39296875 0.36015625 0.04765625 0.06875
0 0.4453125 0.30703125 0.04296875 0.06171875
0 0.0453125 0.23125 0.034375 0.046875
0 0.97265625 0.41953125 0.05078125 0.0640625
0 0.61328125 0.66640625 0.090625 0.17265625
0 0.34296875 0.16015625 0.0328125 0.0546875
0 0.0140625 0.22109375 0.028125 0.05703125
0 0.38125 0.20859375 0.0359375 0.05703125
0 0.4125 0.09375 0.0328125 0.0546875
0 0.034375 0.7125 0.06875 0.1703125
0 0.23046875 0.03984375 0.025 0.03984375
0 0.34453125 0.41015625 0.05546875 0.07421875
0 0.178125 0.2296875 0.034375 0.059375
0 0.30390625 0.13671875 0.0265625 0.046875
0 0.32265625 0.07421875 0.025 0.04453125
0 0.375 0.08515625 0.03125 0.046875
0 0.2296875 0.2125 0.0296875 0.04453125
0 0.103125 0.12578125 0.0265625 0.04453125
0 0.96640625 0.52578125 0.0640625 0.10859375
0 0.09296875 0.21953125 0.03125 0.0546875
0 0.771875 0.0234375 0.0296875 0.046875
0 0.65078125 0.03984375 0.03125 0.04921875
0 0.42578125 0.2015625 0.0375 0.06640625
0 0.2578125 0.234375 0.0390625 0.04921875
0 0.53125 0.06875 0.03125 0.04921875
0 0.48828125 0.16171875 0.034375 0.0515625
0 0.2234375 0.16640625 0.0265625 0.0421875
0 0.4734375 0.028125 0.03125 0.0421875
0 0.54765625 0.12109375 0.03125 0.04921875
0 0.05546875 0.128125 0.02265625 0.04453125
0 0.07109375 0.371875 0.04765625 0.06171875
0 0.6203125 0.1125 0.0296875 0.046875
0 0.13359375 0.434375 0.0578125 0.08359375
0 0.25703125 0.01875 0.01796875 0.03203125
0 0.56328125 0.02109375 0.0265625 0.03671875
0 0.81328125 0.4765625 0.07421875 0.1234375
0 0.134375 0.10390625 0.0265625 0.04453125
0 0.4671875 0.06328125 0.025 0.03203125
0 0.08046875 0.51640625 0.07890625 0.0890625
0 0.07734375 0.09609375 0.02265625 0.04453125
0 0.06640625 0.271875 0.034375 0.04453125
0 0.07734375 0.32109375 0.04296875 0.04453125
0 0.68671875 0.02109375 0.0296875 0.0421875
0 0.15859375 0.08046875 0.025 0.0421875
0 0.63359375 0.178125 0.0359375 0.0640625
0 0.1828125 0.0421875 0.02109375 0.034375
0 0.50703125 0.12109375 0.0265625 0.04453125
0 0.00859375 0.36875 0.01640625 0.06171875
0 0.9046875 0.0984375 0.0359375 0.0640625
0 0.7921875 0.3875 0.04453125 0.04453125
0 0.00703125 0.47578125 0.0140625 0.0984375
0 0.41953125 0.046875 0.025 0.034375
0 0.52890625 0.1578125 0.0265625 0.04921875
0 0.10546875 0.1765625 0.0265625 0.046875
0 0.03203125 0.171875 0.03125 0.046875
0 0.72421875 0.00703125 0.0296875 0.0140625
0 0.20859375 0.8953125 0.1875 0.2046875
0 0.07890625 0.04453125 0.02265625 0.0296875
0 0.21484375 0.10625 0.0265625 0.03984375
0 0.86484375 0.08515625 0.028125 0.03671875
0 0.84453125 0.01640625 0.025 0.03203125
0 0.80390625 0.01328125 0.0265625 0.0265625
0 0.3125 0.02109375 0.03125 0.0421875
0 0.98984375 0.06015625 0.01640625 0.0421875
0 0.203125 0.03984375 0.02109375 0.0296875
0 0.6546875 0.0046875 0.028125 0.009375
0 0.52265625 0.0296875 0.025 0.0296875
0 0.88671875 0.27265625 0.05546875 0.05703125
0 0.58125 0.1421875 0.0265625 0.0421875
0 0.19375 0.16015625 0.0265625 0.04921875
0 0.87265625 0.01015625 0.03125 0.01953125
0 0.57421875 0.0765625 0.03125 0.04453125
0 0.83203125 0.0828125 0.03125 0.03671875
0 0.0546875 0.06171875 0.01796875 0.0296875
0 0.27890625 0.05546875 0.0328125 0.0515625
0 0.5296875 0.00703125 0.028125 0.0140625
0 0.3203125 0.27890625 0.0390625 0.0640625
0 0.95 0.01640625 0.025 0.03203125
0 0.33125 0.34453125 0.0375 0.046875
0 0.684375 0.28984375 0.0390625 0.05703125
0 0.1015625 0.09140625 0.02265625 0.0296875
0 0.703125 0.05546875 0.0265625 0.0421875
0 0.24296875 0.08984375 0.02265625 0.03671875
0 0.89609375 0.0421875 0.03125 0.04453125
0 0.9453125 0.078125 0.028125 0.046875
0 0.1875 0.1125 0.0265625 0.0421875