0 0.80234375 0.30625 0.02421875 0.03515625
0 0.6140625 0.5125 0.02734375 0.04140625
0 0.7765625 0.0875 0.021875 0.028125
0 0.7859375 0.1515625 0.02265625 0.02890625
0 0.040625 0.0578125 0.015625 0.021875
0 0.31953125 0.03125 0.0171875 0.02265625
0 0.54609375 0.2578125 0.0234375 0.0328125
0 0.321875 0.49609375 0.02421875 0.03671875
0 0.38359375 0.7578125 0.03125 0.0421875
0 0.315625 0.8828125 0.03125 0.04140625
0 0.271875 0.8234375 0.03046875 0.04765625
0 0.2234375 0.8234375 0.0296875 0.05
0 0.1703125 0.684375 0.0296875 0.04453125
0 0.46953125 0.54140625 0.0265625 0.04453125
0 0.14375 0.43828125 0.02421875 0.03515625
0 0.725 0.5265625 0.0265625 0.03984375
0 0.759375 0.11953125 0.0203125 0.028125
0 0.08671875 0.72265625 0.028125 0.03984375
0 0.50703125 0.49140625 0.025 0.03984375
0 0.60859375 0.5859375 0.03046875 0.04765625
0 0.81875 0.278125 0.0265625 0.0328125
0 0.4015625 0.27265625 0.021875 0.03125
0 0.45 0.72421875 0.0265625 0.04453125
0 0.4484375 0.26640625 0.021875 0.0328125
0 0.18828125 0.7546875 0.03046875 0.04453125
0 0.77421875 0.2890625 0.02421875 0.03515625
0 0.36015625 0.6078125 0.0265625 0.03984375
0 0.5578125 0.1765625 0.0203125 0.0328125
0 0.6234375 0.25 0.0234375 0.03359375
0 0.6859375 0.43359375 0.0296875 0.0390625
0 0.6453125 0.328125 0.025 0.03515625
0 0.4296875 0.11875 0.01953125 0.0265625
0 0.03984375 0.1625 0.01953125 0.02890625
0 0.85625 0.01640625 0.0203125 0.028125
0 0.1640625 0.9671875 0.03515625 0.04609375
0 0.634375 0.40078125 0.02734375 0.03984375
0 0.8109375 0.0390625 0.021875 0.028125
0 0.4921875 0.61953125 0.0296875 0.04609375
0 0.3796875 0.37734375 0.0234375 0.03359375
0 0.28515625 0.63515625 0.02734375 0.04375
0 0.65703125 0.59609375 0.0296875 0.04140625
0 0.20625 0.55078125 0.025 0.03984375
0 0.596875 0.17734375 0.02421875 0.02890625
0 0.98515625 0.4015625 0.02734375 0.03984375
0 0.1703125 0.25 0.021875 0.0328125
0 0.421875 0.696875 0.0296875 0.04609375
0 0.10625 0.184375 0.01875 0.0265625
0 0.384375 0.53125 0.02734375 0.03984375
0 0.36796875 0.1046875 0.0171875 0.028125
0 0.196875 0.6125 0.03046875 0.03984375
0 0.2671875 0.58359375 0.02734375 0.03984375
0 0.70234375 0.3984375 0.028125 0.03515625
0 0.64921875 0.75234375 0.03125 0.0484375
0 0.23125 0.540625 0.02734375 0.0390625
0 0.21953125 0.4109375 0.021875 0.02890625
0 0.7015625 0.0875 0.021875 0.02421875
0 0.1671875 0.30703125 0.021875 0.02890625
0 0.27421875 0.71484375 0.028125 0.04609375
0 0.73671875 0.35 0.0265625 0.0390625
0 0.06015625 0.0953125 0.01640625 0.02578125
0 0.68828125 0.47421875 0.02734375 0.04140625
0 0.3 0.3609375 0.02421875 0.0328125
0 0.81875 0.228125 0.0265625 0.03359375
0 0.4203125 0.0578125 0.01484375 0.02265625
0 0.7765625 0.05546875 0.021875 0.02890625
0 0.52734375 0.5765625 0.03125 0.04453125
0 0.4703125 0.02265625 0.01640625 0.02265625
0 0.98515625 0.3421875 0.0265625 0.03984375
0 0.8703125 0.4578125 0.02734375 0.04375
0 0.37890625 0.23125 0.01953125 0.02890625
0 0.12890625 0.56640625 0.025 0.03515625
0 0.37578125 0.040625 0.015625 0.02578125
0 0.70546875 0.203125 0.02265625 0.0328125
0 0.321875 0.58671875 0.0296875 0.04375
0 0.1484375 0.171875 0.01953125 0.028125
0 0.721875 0.12890625 0.0203125 0.03046875
0 0.103125 0.40078125 0.02265625 0.03046875
0 0.86796875 0.184375 0.0265625 0.03359375
0 0.6453125 0.97734375 0.040625 0.04375
0 0.803125 0.88984375 0.0375 0.053125
0 0.7484375 0.87578125 0.0375 0.0546875
0 0.73125 0.69609375 0.0328125 0.04765625
0 0.6109375 0.38359375 0.025 0.0375
0 0.01875 0.228125 0.0203125 0.03359375
0 0.2140625 0.2640625 0.021875 0.02890625
0 0.4015625 0.615625 0.03046875 0.04375
0 0.290625 0.409375 0.02265625 0.03515625
0 0.27421875 0.265625 0.02265625 0.02890625
0 0.3921875 0.57421875 0.0296875 0.03671875
0 0.01953125 0.284375 0.021875 0.03046875
0 0.109375 0.13828125 0.0171875 0.02421875
0 0.50390625 0.40546875 0.0234375 0.03515625
0 0.4359375 0.59609375 0.0296875 0.04453125
0 0.22578125 0.134375 0.0171875 0.02421875
0 0.7453125 0.21484375 0.0234375 0.0328125
0 0.6734375 0.528125 0.0296875 0.04453125
0 0.68046875 0.07734375 0.01640625 0.028125
0 0.546875 0.35703125 0.0234375 0.03515625
0 0.6703125 0.1171875 0.0203125 0.03046875
0 0.2515625 0.1515625 0.0171875 0.02890625
0 0.6203125 0.09296875 0.021875 0.03359375
0 0.25703125 0.9125 0.03515625 0.04453125
0 0.42890625 0.38671875 0.02734375 0.03359375
0 0.52265625 0.1734375 0.021875 0.02421875
0 0.71953125 0.578125 0.03046875 0.04375
0 0.78359375 0.48984375 0.03046875 0.04609375
0 0.50625 0.3359375 0.02421875 0.03359375
0 0.96953125 0.1953125 0.02734375 0.0390625
0 0.0671875 0.1296875 0.01640625 0.02421875
0 0.509375 0.11796875 0.01953125 0.028125
0 0.05625 0.9125 0.0359375 0.04609375
0 0.165625 0.4515625 0.0234375 0.03046875
0 0.53984375 0.81796875 0.0359375 0.053125
0 0.509375 0.7125 0.03046875 0.0390625
0 0.32734375 0.16953125 0.0171875 0.0265625
0 0.5953125 0.309375 0.02265625 0.0328125
0 0.0296875 0.48046875 0.02265625 0.03515625
0 0.75703125 0.425 0.02734375 0.03984375
0 0.60078125 0.696875 0.0328125 0.04609375
0 0.7703125 0.71328125 0.0296875 0.03984375
0 0.3421875 0.42578125 0.0265625 0.0328125
0 0.0921875 0.0578125 0.015625 0.02265625
0 0.90390625 0.45546875 0.028125 0.04375
0 0.5890625 0.35390625 0.0234375 0.03359375
0 0.325 0.36171875 0.02265625 0.03046875
0 0.8265625 0.08359375 0.0203125 0.03125
0 0.5234375 0.4484375 0.02734375 0.0390625
0 0.53359375 0.51484375 0.0265625 0.03984375
0 0.6828125 0.275 0.02265625 0.03671875
0 0.8625 0.634375 0.03203125 0.04765625
0 0.8921875 0.3359375 0.025 0.0390625
0 0.6859375 0.36953125 0.02734375 0.03125
0 0.9359375 0.29296875 0.0296875 0.0375
0 0.134375 0.2609375 0.0203125 0.0265625
0 0.4859375 0.196875 0.0203125 0.028125
0 0.54375 0.0796875 0.0203125 0.028125
0 0.19453125 0.04296875 0.01484375 0.0203125
0 0.45546875 0.6859375 0.03046875 0.03671875
0 0.68125 0.1578125 0.02421875 0.03359375
0 0.9125 0.278125 0.02421875 0.0328125
0 0.6234375 0.31015625 0.0234375 0.03359375
0 0.5328125 0.13125 0.0171875 0.028125
0 0.90078125 0.0546875 0.02265625 0.03125
0 0.5828125 0.11796875 0.021875 0.028125
0 0.85625 0.09140625 0.02265625 0.028125
0 0.409375 0.2265625 0.02265625 0.03125
0 0.95859375 0.021875 0.02265625 0.03359375
0 0.7109375 0.0203125 0.01953125 0.03125
0 0.384375 0.190625 0.0203125 0.02890625
0 0.4125 0.18671875 0.0203125 0.0265625
0 0.29921875 0.4671875 0.02421875 0.0328125
0 0.11484375 0.8296875 0.03203125 0.04765625
0 0.39765625 0.80390625 0.03515625 0.04453125
0 0.22265625 0.45234375 0.025 0.03359375
0 0.35625 0.7328125 0.0296875 0.03984375
0 0.24296875 0.11484375 0.0171875 0.02578125
0 0.28203125 0.053125 0.01640625 0.02421875
0 0.17734375 0.109375 0.01640625 0.02265625
0 0.0515625 0.6609375 0.02734375 0.0390625
0 0.0125 0.5390625 0.025 0.03515625
0 0.7296875 0.1765625 0.0203125 0.03515625
0 0.34765625 0.3734375 0.021875 0.03359375
0 0.6765625 0.6625 0.0328125 0.05234375
0 0.4953125 0.8578125 0.034375 0.05546875
0 0.04921875 0.80703125 0.028125 0.04140625
0 0.23359375 0.1625 0.01875 0.02890625
0 0.3015625 0.159375 0.01953125 0.028125
0 0.3171875 0.23671875 0.02265625 0.02890625
0 0.3828125 0.13671875 0.0171875 0.0265625
0 0.71484375 0.33125 0.0234375 0.03515625
0 0.259375 0.18828125 0.0203125 0.0328125
0 0.34453125 0.23671875 0.0203125 0.03046875
0 0.08046875 0.09140625 0.01640625 0.02578125
0 0.2140625 0.16484375 0.01953125 0.02890625
0 0.8875 0.84140625 0.0390625 0.05546875
0 0.1109375 0.49921875 0.025 0.0390625
0 0.17109375 0.49375 0.0265625 0.03984375
0 0.68828125 0.015625 0.01953125 0.0265625
0 0.68046875 0.740625 0.028125 0.053125
0 0.50078125 0.234375 0.0234375 0.03515625
0 0.25625 0.43984375 0.02421875 0.03359375
0 0.1984375 0.31015625 0.021875 0.03359375
0 0.3703125 0.01484375 0.015625 0.02265625
0 0.446875 0.32421875 0.02421875 0.03046875
0 0.2515625 0.41015625 0.0234375 0.028125
0 0.55234375 0.621875 0.03203125 0.04609375
0 0.88125 0.10390625 0.02265625 0.021875
0 0.09296875 0.7734375 0.0234375 0.0390625
0 0.24296875 0.6921875 0.03046875 0.04609375
0 0.428125 0.15234375 0.01953125 0.02890625
0 0.221875 0.09296875 0.01640625 0.02265625
0 0.565625 0.09296875 0.01875 0.02890625
0 0.190625 0.02109375 0.01484375 0.0203125
0 0.1375 0.86015625 0.03046875 0.03515625
0 0.7625 0.15078125 0.0203125 0.028125
0 0.821875 0.36328125 0.0265625 0.03984375
0 0.603125 0.23125 0.02265625 0.02890625
0 0.1578125 0.2171875 0.0203125 0.03046875
0 0.85078125 0.58515625 0.034375 0.05
0 0.7484375 0.0609375 0.0234375 0.0328125
0 0.0375 0.1171875 0.01640625 0.02421875
0 0.2796875 0.5125 0.028125 0.03515625
0 0.8578125 0.05 0.021875 0.02890625
0 0.653125 0.05625 0.0171875 0.02265625
0 0.73125 0.02734375 0.0203125 0.028125
0 0.11484375 0.3578125 0.0203125 0.0328125
0 0.165625 0.134375 0.0171875 0.02421875
0 0.95 0.1171875 0.0234375 0.03515625
0 0.575 0.46953125 0.0265625 0.0375
0 0.0921875 0.12890625 0.01640625 0.02578125
0 0.7421875 0.1421875 0.01953125 0.0265625
0 0.28984375 0.08671875 0.0171875 0.02578125
0 0.7109375 0.65546875 0.02734375 0.04453125
0 0.15859375 0.0796875 0.01875 0.028125
0 0.1328125 0.0296875 0.0140625 0.01796875
0 0.13203125 0.765625 0.0296875 0.03984375
0 0.93828125 0.0625 0.02265625 0.028125
0 0.959375 0.57109375 0.03125 0.04609375
0 0.7890625 0.2234375 0.0234375 0.03515625
0 0.32578125 0.73359375 0.0265625 0.04140625
0 0.05546875 0.4875 0.0265625 0.03671875
0 0.49453125 0.15234375 0.0203125 0.028125
0 0.146875 0.0296875 0.0125 0.0203125
0 0.29921875 0.04921875 0.01640625 0.02578125
0 0.9796875 0.7828125 0.0359375 0.05078125
0 0.409375 0.48203125 0.0265625 0.03046875
0 0.3453125 0.04140625 0.01640625 0.021875
0 0.29140625 0.0265625 0.01484375 0.021875
0 0.4890625 0.0328125 0.01484375 0.02421875
0 0.5375 0.02890625 0.01640625 0.0265625
0 0.36796875 0.8609375 0.03203125 0.04375
0 0.45703125 0.44609375 0.0234375 0.0390625
0 0.0890625 0.5890625 0.02734375 0.03359375
0 0.0109375 0.325 0.021875 0.02890625
0 0.06640625 0.1609375 0.0171875 0.02578125
0 0.62734375 0.2015625 0.0203125 0.03046875
0 0.61171875 0.45390625 0.028125 0.0328125
0 0.0265625 0.3796875 0.0234375 0.0328125
0 0.95234375 0.47421875 0.03203125 0.04453125
0 0.825 0.01640625 0.01953125 0.028125
0 0.93828125 0.3875 0.03046875 0.04453125
0 0.8421875 0.44765625 0.0296875 0.04375
0 0.06328125 0.34453125 0.0234375 0.0328125
0 0.3078125 0.19609375 0.0203125 0.028125
0 0.14375 0.8234375 0.025 0.03984375
0 0.359375 0.2125 0.01953125 0.02890625
0 0.6515625 0.14375 0.02265625 0.03046875
0 0.6640625 0.4078125 0.0234375 0.03515625
0 0.26484375 0.0578125 0.0171875 0.02421875
0 0.321875 0.12578125 0.01953125 0.0265625
0 0.77109375 0.9578125 0.03828125 0.05546875
0 0.228125 0.19453125 0.0203125 0.028125
0 0.19921875 0.4046875 0.0234375 0.03359375
0 0.3109375 0.9359375 0.02734375 0.03359375
0 0.33203125 0.0796875 0.0171875 0.02265625
0 0.1890625 0.15546875 0.0171875 0.028125
0 0.8015625 0.0671875 0.021875 0.02578125
0 0.5765625 0.42265625 0.0265625 0.03125
0 0.10546875 0.44296875 0.025 0.0375
0 0.17578125 0.009375 0.0140625 0.01875
0 0.03984375 0.203125 0.01953125 0.02578125
0 0.1921875 0.08984375 0.0171875 0.0265625
0 0.253125 0.33046875 0.02265625 0.028125
0 0.44453125 0.22109375 0.021875 0.028125
0 0.1140625 0.21484375 0.021875 0.028125
0 0.13984375 0.37890625 0.025 0.0328125
0 0.3203125 0.059375 0.0171875 0.02421875
0 0.40703125 0.01953125 0.01640625 0.021875
0 0.52265625 0.0453125 0.01640625 0.02265625
0 0.15625 0.890625 0.03125 0.03984375
0 0.91875 0.7671875 0.0359375 0.0484375
0 0.53984375 0.215625 0.01953125 0.03125
0 0.50078125 0.05546875 0.01875 0.0265625
0 0.04609375 0.08125 0.01484375 0.021875
0 0.35859375 0.0609375 0.01875 0.02421875
0 0.753125 0.1796875 0.02421875 0.0328125
0 0.44765625 0.6484375 0.028125 0.0390625
0 0.35078125 0.31796875 0.0234375 0.0328125
0 0.06953125 0.0265625 0.01484375 0.021875
0 0.353125 0.01484375 0.015625 0.021875
0 0.56640625 0.01640625 0.01953125 0.028125
0 0.4671875 0.22734375 0.0171875 0.02265625
0 0.14375 0.609375 0.03046875 0.0421875
0 0.27421875 0.309375 0.0203125 0.03046875
0 0.9234375 0.52578125 0.028125 0.04453125
0 0.09765625 0.2828125 0.021875 0.028125
0 0.478125 0.07734375 0.0203125 0.02421875
0 0.921875 0.87578125 0.0390625 0.0375
0 0.73984375 0.2546875 0.02421875 0.03359375
0 0.41328125 0.08515625 0.0171875 0.028125
0 0.82421875 0.16875 0.025 0.03359375
0 0.4015625 0.06171875 0.0171875 0.02421875
0 0.90390625 0.2421875 0.0265625 0.0328125
0 0.9234375 0.83359375 0.0328125 0.04609375
0 0.17734375 0.06640625 0.01484375 0.02578125
0 0.82734375 0.3171875 0.0234375 0.03046875
0 0.446875 0.01484375 0.01640625 0.02421875
0 0.090625 0.35625 0.0203125 0.02890625
0 0.51484375 0.146875 0.01875 0.02421875
0 0.6265625 0.06328125 0.0171875 0.02421875