1 0.49921875 0.5484375 0.9984375 0.8828125
1 0.56953125 0.86484375 0.0484375 0.075
1 0.44140625 0.6078125 0.0296875 0.0546875
1 0.4734375 0.75859375 0.03671875 0.0578125
1 0.66015625 0.7890625 0.03984375 0.0625
1 0.73828125 0.74375 0.03671875 0.0578125
1 0.30859375 0.83984375 0.03671875 0.0703125
1 0.39609375 0.8921875 0.0453125 0.0796875
1 0.2796875 0.72890625 0.03671875 0.0625
1 0.18203125 0.6671875 0.03359375 0.0546875
1 0.2046875 0.79765625 0.03359375 0.06015625
1 0.83359375 0.71640625 0.03671875 0.0578125
1 0.634375 0.62734375 0.03203125 0.0546875
1 0.25390625 0.6546875 0.03515625 0.06015625
1 0.87890625 0.62734375 0.03203125 0.05
1 0.34609375 0.66015625 0.03203125 0.0546875
1 0.565625 0.9109375 0.1046875 0.1671875
1 0.41796875 0.7140625 0.03359375 0.04765625
1 0.14140625 0.7984375 0.03671875 0.0625
1 0.3125 0.9 0.071875 0.18984375
1 0.884375 0.8875 0.0453125 0.08984375
1 0.10234375 0.9 0.04140625 0.06484375
1 0.72578125 0.86484375 0.03828125 0.0703125
1 0.20703125 0.88125 0.06328125 0.22734375
1 0.596875 0.775 0.03671875 0.06015625
1 0.51796875 0.8453125 0.03671875 0.06484375
1 0.7109375 0.94765625 0.03828125 0.06484375
1 0.82734375 0.625 0.03203125 0.05
1 0.778125 0.59375 0.0296875 0.05234375
1 0.48515625 0.6828125 0.0296875 0.0453125
1 0.38359375 0.8125 0.03984375 0.06484375
1 0.6671875 0.8765625 0.075 0.2375
1 0.1296875 0.6046875 0.0296875 0.0453125
1 0.29921875 0.66484375 0.03515625 0.06015625
1 0.33671875 0.42109375 0.0265625 0.0421875
1 0.37578125 0.63359375 0.03203125 0.04765625
1 0.5421875 0.6046875 0.028125 0.05
1 0.396875 0.46875 0.0296875 0.0421875
1 0.3453125 0.58125 0.0296875 0.05234375
1 0.8875 0.51640625 0.028125 0.0421875
1 0.05078125 0.60390625 0.028125 0.05234375
1 0.70703125 0.57734375 0.0296875 0.0546875
1 0.284375 0.84609375 0.08203125 0.29765625
1 0.1671875 0.34375 0.021875 0.0375
1 0.57734375 0.6125 0.03203125 0.05
1 0.34921875 0.775 0.0546875 0.28515625
1 0.87578125 0.7515625 0.06796875 0.30234375
1 0.7875 0.4515625 0.025 0.0375
1 0.87890625 0.91875 0.078125 0.15234375
1 0.44609375 0.6671875 0.05859375 0.1796875
1 0.81640625 0.5765625 0.0296875 0.04765625
1 0.26171875 0.3953125 0.0265625 0.03984375
1 0.7109375 0.4875 0.028125 0.0453125
1 0.9265625 0.67734375 0.0296875 0.05
1 0.5359375 0.7046875 0.0515625 0.25
1 0.62890625 0.73984375 0.05859375 0.2796875
1 0.05234375 0.7203125 0.071875 0.28515625
1 0.47265625 0.8609375 0.06171875 0.2625
1 0.590625 0.48984375 0.03515625 0.0453125
1 0.49140625 0.53359375 0.0296875 0.04765625
1 0.18203125 0.50859375 0.05 0.2171875
1 0.396875 0.9234375 0.06328125 0.1421875
1 0.2546875 0.5234375 0.0265625 0.0421875
1 0.7796875 0.7109375 0.05703125 0.2921875
1 0.14453125 0.8796875 0.06171875 0.2296875
1 0.6734375 0.67109375 0.03359375 0.0578125
1 0.45703125 0.96875 0.03984375 0.05234375
1 0.96171875 0.5609375 0.0296875 0.04765625
1 0.2828125 0.5453125 0.028125 0.0453125
1 0.10703125 0.9328125 0.06328125 0.1296875
1 0.17890625 0.75625 0.078125 0.2328125
1 0.22734375 0.73515625 0.03515625 0.06015625
1 0.65546875 0.5453125 0.025 0.0453125
1 0.74140625 0.80390625 0.06640625 0.1828125
1 0.09140625 0.56875 0.0296875 0.04765625
1 0.11328125 0.41484375 0.0234375 0.03515625
1 0.82421875 0.83515625 0.06796875 0.2953125
1 0.3375 0.48515625 0.0453125 0.175
1 0.015625 0.6125 0.028125 0.05
1 0.06484375 0.87265625 0.03359375 0.0546875
1 0.7328125 0.9125 0.08515625 0.16484375
1 0.78359375 0.5453125 0.0265625 0.0453125
1 0.49296875 0.60625 0.05 0.19765625
1 0.71015625 0.64375 0.05 0.1875
1 0.20234375 0.3578125 0.025 0.03515625
1 0.421875 0.80234375 0.06640625 0.2296875
1 0.578125 0.6984375 0.053125 0.22734375
1 0.521875 0.90390625 0.06640625 0.1828125
1 0.8421875 0.4265625 0.028125 0.0375
1 0.8828125 0.57265625 0.06171875 0.1546875
1 0.12578125 0.71015625 0.06484375 0.26015625
1 0.4 0.5484375 0.05 0.20234375
1 0.590625 0.57109375 0.028125 0.0421875
1 0.54296875 0.30859375 0.0234375 0.0328125
1 0.1859375 0.4203125 0.025 0.03984375
1 0.20546875 0.3984375 0.021875 0.0375
1 0.2609375 0.44140625 0.04140625 0.1328125
1 0.59140625 0.5234375 0.053125 0.1171875
1 0.309375 0.3390625 0.021875 0.0375
1 0.2296875 0.61875 0.0296875 0.05234375
1 0.7125 0.43984375 0.025 0.03984375
1 0.925 0.79140625 0.053125 0.2828125
1 0.28515625 0.3265625 0.0203125 0.0328125
1 0.0671875 0.4453125 0.028125 0.03984375
1 0.2640625 0.6984375 0.06171875 0.14765625
1 0.7328125 0.5734375 0.028125 0.04765625
1 0.11796875 0.49609375 0.05 0.19765625
1 0.503125 0.3046875 0.0203125 0.03515625
1 0.4734375 0.4359375 0.0265625 0.0375
1 0.93515625 0.46640625 0.0265625 0.0421875
1 0.51328125 0.3703125 0.0203125 0.03515625
1 0.59296875 0.82734375 0.0734375 0.1703125
1 0.36171875 0.41640625 0.03984375 0.17265625
1 0.6125 0.45234375 0.025 0.03515625
1 0.96015625 0.6578125 0.053125 0.23984375
1 0.83828125 0.5203125 0.0265625 0.03984375
1 0.284375 0.4609375 0.025 0.0421875
1 0.3921875 0.85625 0.06484375 0.15234375
1 0.63046875 0.5359375 0.028125 0.04765625
1 0.34453125 0.62265625 0.0546875 0.13515625
1 0.78046875 0.50234375 0.0484375 0.13984375
1 0.1078125 0.36015625 0.021875 0.0296875
1 0.23203125 0.47265625 0.0265625 0.0453125
1 0.05234375 0.5359375 0.028125 0.0421875
1 0.31171875 0.4 0.03671875 0.16015625
1 0.234375 0.57890625 0.028125 0.0421875
1 0.81796875 0.46875 0.0296875 0.04765625
1 0.54296875 0.45859375 0.0265625 0.0421875
1 0.490625 0.7296875 0.0453125 0.1453125
1 0.95234375 0.44765625 0.028125 0.0453125
1 0.89921875 0.46875 0.025 0.0421875
1 0.47421875 0.52734375 0.021875 0.0453125
1 0.278125 0.6140625 0.03359375 0.05234375
1 0.51796875 0.4234375 0.0265625 0.0421875
1 0.0125 0.5 0.025 0.05
1 0.6875 0.56015625 0.025 0.0453125
1 0.37890625 0.69765625 0.0453125 0.175
1 0.44140625 0.6109375 0.05 0.0828125