0 0.2484375 0.2765625 0.02265625 0.0375
0 0.26640625 0.3984375 0.03046875 0.04453125
0 0.071875 0.42578125 0.034375 0.0546875
0 0.53984375 0.4265625 0.0265625 0.0453125
0 0.34453125 0.1 0.01484375 0.0234375
0 0.38125 0.2796875 0.0265625 0.04296875
0 0.82890625 0.4671875 0.040625 0.0546875
0 0.85859375 0.5171875 0.04609375 0.06640625
0 0.3328125 0.234375 0.021875 0.03671875
0 0.1828125 0.3734375 0.028125 0.0484375
0 0.49140625 0.44375 0.0296875 0.0484375
0 0.34453125 0.05546875 0.0125 0.01953125
0 0.365625 0.0921875 0.0125 0.021875
0 0.2171875 0.28671875 0.028125 0.04140625
0 0.321875 0.08671875 0.01484375 0.025
0 0.41875 0.31875 0.025 0.0375
0 0.7421875 0.2171875 0.01953125 0.0296875
0 0.2421875 0.0578125 0.0140625 0.01953125
0 0.878125 0.43203125 0.03828125 0.0546875
0 0.4171875 0.0875 0.015625 0.021875
0 0.42109375 0.24296875 0.0234375 0.0328125
0 0.7765625 0.2203125 0.02265625 0.03359375
0 0.62734375 0.10703125 0.0125 0.0234375
0 0.534375 0.28828125 0.02421875 0.0375
0 0.49609375 0.06875 0.0140625 0.02109375
0 0.68671875 0.3125 0.02421875 0.04140625
0 0.45625 0.071875 0.01171875 0.01953125
0 0.6515625 0.23828125 0.02265625 0.03359375
0 0.13984375 0.21796875 0.02421875 0.0375
0 0.8625 0.3421875 0.025 0.040625
0 0.5265625 0.2546875 0.021875 0.0296875
0 0.41015625 0.275 0.0234375 0.03671875
0 0.55625 0.2640625 0.0203125 0.0328125
0 0.384375 0.1140625 0.01484375 0.021875
0 0.5859375 0.29453125 0.021875 0.03125
0 0.9046875 0.3234375 0.021875 0.03515625
0 0.0265625 0.10625 0.01875 0.0296875
0 0.57734375 0.26328125 0.021875 0.03125
0 0.31328125 0.1296875 0.0171875 0.02734375
0 0.08046875 0.08671875 0.01640625 0.025
0 0.884375 0.26015625 0.01953125 0.03125
0 0.77265625 0.11640625 0.01484375 0.021875
0 0.67109375 0.0703125 0.0125 0.02109375
0 0.16875 0.0234375 0.0125 0.01796875
0 0.60078125 0.1 0.0140625 0.02109375
0 0.64296875 0.13046875 0.01484375 0.0234375
0 0.478125 0.075 0.01171875 0.01953125
0 0.096875 0.08125 0.01484375 0.025
0 0.0546875 0.040625 0.0140625 0.01953125
0 0.7328125 0.115625 0.015625 0.02109375
0 0.06875 0.01015625 0.0125 0.01796875
0 0.48984375 0.21640625 0.02265625 0.03671875
0 0.75078125 0.08828125 0.01484375 0.02109375
0 0.04296875 0.009375 0.0140625 0.01875
0 0.18828125 0.03828125 0.0140625 0.01953125
0 0.6515625 0.1875 0.01953125 0.02578125
0 0.09765625 0.03125 0.0140625 0.01796875
0 0.13984375 0.00859375 0.0125 0.0171875
0 0.92265625 0.1421875 0.015625 0.02109375
0 0.278125 0.046875 0.0140625 0.01796875
0 0.8421875 0.14140625 0.01484375 0.021875
0 0.49609375 0.11875 0.0140625 0.01953125
0 0.440625 0.0859375 0.0140625 0.01796875
0 0.00625 0.00859375 0.01171875 0.0171875
0 0.1515625 0.0609375 0.0140625 0.01953125
0 0.521875 0.075 0.01171875 0.01953125
0 0.2296875 0.04140625 0.0140625 0.02109375
0 0.25703125 0.47578125 0.0375 0.053125
0 0.978125 0.0859375 0.01171875 0.01796875
0 0.73125 0.0859375 0.0140625 0.0234375
0 0.7453125 0.15390625 0.015625 0.02109375
0 0.5703125 0.00625 0.0125 0.0125
0 0.0828125 0.01953125 0.01171875 0.01796875
0 0.61015625 0.04296875 0.0140625 0.01796875
0 0.11875 0.00625 0.0125 0.01171875
0 0.44453125 0.15546875 0.0171875 0.0296875
0 0.13125 0.03828125 0.0125 0.01953125
0 0.540625 0.009375 0.01171875 0.0171875
0 0.03046875 0.0375 0.0140625 0.02109375
0 0.83359375 0.0296875 0.0109375 0.0140625
0 0.01796875 0.06953125 0.01640625 0.02734375
0 0.5296875 0.03046875 0.0109375 0.01953125
0 0.5703125 0.103125 0.0140625 0.01953125
0 0.80625 0.1390625 0.0125 0.021875
0 0.478125 0.0171875 0.0109375 0.0171875
0 0.49375 0.0078125 0.0125 0.015625
0 0.98046875 0.13828125 0.0140625 0.02109375
0 0.5421875 0.1 0.0140625 0.01953125
0 0.20234375 0.08046875 0.0140625 0.0234375
0 0.509375 0.0203125 0.01171875 0.0171875
0 0.4078125 0.06875 0.0109375 0.01796875
0 0.4640625 0.2 0.0203125 0.0328125
0 0.5828125 0.0296875 0.01171875 0.01796875
0 0.63203125 0.009375 0.01171875 0.0171875
0 0.6328125 0.21875 0.015625 0.02578125
0 0.5140625 0.09375 0.0140625 0.0234375
0 0.5921875 0.0140625 0.0109375 0.01953125
0 0.49140625 0.0484375 0.009375 0.0171875
0 0.8578125 0.2953125 0.0171875 0.021875
0 0.93984375 0.06015625 0.0125 0.01796875
0 0.2671875 0.115625 0.015625 0.0234375
0 0.73125 0.2890625 0.0203125 0.02890625
0 0.9125 0.0609375 0.01171875 0.01953125
0 0.44296875 0.11796875 0.0125 0.025
0 0.99140625 0.9671875 0.015625 0.0296875
0 0.97890625 0.19140625 0.01484375 0.0234375
0 0.85625 0.0296875 0.009375 0.0140625
0 0.75703125 0.00625 0.009375 0.01171875
0 0.678125 0.00625 0.01171875 0.01171875
0 0.2109375 0.01015625 0.01171875 0.01796875
0 0.13125 0.07890625 0.0125 0.0171875
0 0.99375 0.0828125 0.009375 0.0171875
0 0.48125 0.1 0.0125 0.02109375
0 0.56640625 0.0765625 0.0140625 0.01953125
0 0.1953125 0.00625 0.0140625 0.01171875
0 0.79375 0.04453125 0.01171875 0.02109375
0 0.12890625 0.01875 0.01171875 0.0140625
0 0.6859375 0.0609375 0.0109375 0.01953125
0 0.8578125 0.04765625 0.009375 0.0171875
0 0.796875 0.1078125 0.01171875 0.01953125
0 0.18046875 0.00625 0.0140625 0.01171875
0 0.84453125 0.04296875 0.0109375 0.01796875
0 0.03046875 0.01875 0.0125 0.0171875
0 0.2703125 0.00546875 0.01171875 0.01015625
0 0.1453125 0.0390625 0.01171875 0.01796875
0 0.94375 0.0296875 0.0109375 0.0140625
0 0.5546875 0.00703125 0.01171875 0.0140625
0 0.93984375 0.13828125 0.01484375 0.02109375
0 0.446875 0.2484375 0.01640625 0.02890625
0 0.4078125 0.4234375 0.02734375 0.0390625
0 0.25390625 0.0171875 0.01171875 0.0171875
0 0.74375 0.01875 0.0109375 0.0140625
0 0.11171875 0.03515625 0.0125 0.01796875
0 0.3921875 0.0703125 0.0140625 0.02109375
0 0.52734375 0.053125 0.0140625 0.02109375
0 0.69375 0.109375 0.01484375 0.02109375
0 0.9640625 0.13828125 0.01484375 0.015625
0 0.01640625 0.021875 0.0140625 0.01796875
0 0.41875 0.0171875 0.0109375 0.0140625
0 0.63125 0.1484375 0.01484375 0.02578125
0 0.40703125 0.03046875 0.00859375 0.0140625
0 0.8046875 0.03203125 0.009375 0.0171875
0 0.696875 0.0328125 0.01171875 0.02109375
0 0.9921875 0.15625 0.0140625 0.01796875