0 0.88671875 0.78125 0.03515625 0.0328125
0 0.74921875 0.87734375 0.0421875 0.0328125
0 0.64609375 0.55234375 0.03046875 0.02109375
0 0.7421875 0.38828125 0.025 0.02265625
0 0.85546875 0.215625 0.021875 0.01875
0 0.9625 0.6 0.03203125 0.0234375
0 0.45703125 0.9359375 0.03359375 0.02890625
0 0.890625 0.3015625 0.02578125 0.02109375
0 0.79765625 0.52734375 0.03515625 0.02109375
0 0.703125 0.80859375 0.03359375 0.02890625
0 0.57578125 0.5078125 0.02890625 0.02265625
0 0.721875 0.77265625 0.03359375 0.02734375
0 0.72421875 0.546875 0.03359375 0.02734375
0 0.65390625 0.746875 0.03515625 0.03515625
0 0.6 0.9859375 0.03203125 0.0265625
0 0.890625 0.5328125 0.03203125 0.0234375
0 0.5515625 0.77890625 0.03359375 0.025
0 0.52890625 0.3171875 0.0203125 0.01484375
0 0.95390625 0.846875 0.0421875 0.03359375
0 0.73984375 0.23125 0.0203125 0.01640625
0 0.8734375 0.47265625 0.0375 0.03125
0 0.79921875 0.63125 0.03515625 0.02890625
0 0.85546875 0.34375 0.025 0.02109375
0 0.85078125 0.5125 0.03046875 0.02109375
0 0.1609375 0.97109375 0.03359375 0.0296875
0 0.65234375 0.2375 0.0203125 0.0171875
0 0.71796875 0.203125 0.0203125 0.01484375
0 0.3953125 0.34375 0.0203125 0.0140625
0 0.63046875 0.8546875 0.03359375 0.02890625
0 0.82421875 0.42734375 0.02890625 0.02265625
0 0.65546875 0.278125 0.0203125 0.01640625
0 0.5203125 0.67421875 0.03515625 0.0203125
0 0.55 0.4109375 0.025 0.0203125
0 0.6203125 0.4953125 0.02578125 0.02109375
0 0.27578125 0.6796875 0.0375 0.0265625
0 0.6203125 0.35546875 0.02578125 0.0171875
0 0.39921875 0.7078125 0.03359375 0.0203125
0 0.803125 0.71953125 0.0421875 0.03125
0 0.8015625 0.22265625 0.025 0.01875
0 0.4296875 0.875 0.03359375 0.02734375
0 0.21953125 0.709375 0.02890625 0.0234375
0 0.19765625 0.5703125 0.02890625 0.0203125
0 0.6546875 0.89609375 0.03046875 0.0265625
0 0.40703125 0.24375 0.0203125 0.0125
0 0.7921875 0.93359375 0.04375 0.03359375
0 0.10390625 0.19140625 0.025 0.0109375
0 0.603125 0.0171875 0.0171875 0.01484375
0 0.83125 0.05546875 0.0234375 0.0140625
0 0.86640625 0.00703125 0.0171875 0.0140625
0 0.859375 0.575 0.03671875 0.0265625
0 0.015625 0.2296875 0.0171875 0.01484375
0 0.96875 0.2875 0.02734375 0.02109375
0 0.56640625 0.88828125 0.025 0.01875
0 0.3671875 0.16953125 0.01875 0.01484375
0 0.91015625 0.35859375 0.02890625 0.0265625
0 0.79921875 0.8484375 0.0375 0.02890625
0 0.19921875 0.44296875 0.0234375 0.0203125
0 0.3609375 0.5734375 0.03359375 0.02109375
0 0.44609375 0.22890625 0.0203125 0.01640625
0 0.53046875 0.9015625 0.02890625 0.02265625
0 0.70078125 0.30703125 0.0234375 0.0171875
0 0.65703125 0.0296875 0.0234375 0.0140625
0 0.44921875 0.4828125 0.02890625 0.02265625
0 0.0671875 0.06875 0.0171875 0.0125
0 0.75859375 0.23125 0.0203125 0.01875
0 0.2015625 0.8828125 0.02734375 0.02734375
0 0.6046875 0.0421875 0.0171875 0.0125
0 0.66484375 0.98203125 0.03671875 0.03125
0 0.390625 0.97265625 0.040625 0.0296875
0 0.925 0.40234375 0.03046875 0.02265625
0 0.89375 0.0546875 0.0203125 0.0140625
0 0.70703125 0.27890625 0.025 0.0140625
0 0.47421875 0.215625 0.0203125 0.01640625
0 0.28515625 0.83984375 0.02890625 0.0265625
0 0.61171875 0.796875 0.0375 0.0265625
0 0.8671875 0.103125 0.021875 0.01640625
0 0.50859375 0.93984375 0.0375 0.0296875
0 0.9421875 0.4484375 0.03203125 0.02890625
0 0.7796875 0.08515625 0.01875 0.0140625
0 0.9796875 0.571875 0.03515625 0.0296875
0 0.01328125 0.2953125 0.0171875 0.0140625
0 0.75703125 0.28359375 0.02578125 0.0171875
0 0.678125 0.18984375 0.025 0.01484375
0 0.140625 0.9359375 0.0375 0.02890625
0 0.35859375 0.3546875 0.025 0.01484375
0 0.3890625 0.91953125 0.03671875 0.03125
0 0.1265625 0.52890625 0.02890625 0.01875
0 0.6890625 0.2390625 0.02578125 0.01640625
0 0.8265625 0.47578125 0.03359375 0.0296875
0 0.159375 0.815625 0.02734375 0.01875
0 0.2484375 0.06875 0.0171875 0.01484375
0 0.2296875 0.9078125 0.0234375 0.0203125
0 0.66953125 0.596875 0.03359375 0.025
0 0.80234375 0.11328125 0.0234375 0.01640625
0 0.68359375 0.91953125 0.0421875 0.03359375
0 0.36796875 0.265625 0.0203125 0.0140625
0 0.65 0.34296875 0.0234375 0.01640625
0 0.88671875 0.94140625 0.04921875 0.0375
0 0.88828125 0.1046875 0.0203125 0.01484375
0 0.50546875 0.13984375 0.025 0.0125
0 0.36796875 0.23046875 0.0203125 0.0109375
0 0.34453125 0.2421875 0.0203125 0.0125
0 0.65 0.4578125 0.02890625 0.02265625
0 0.98046875 0.2265625 0.021875 0.01640625
0 0.57890625 0.06640625 0.01875 0.0125
0 0.23203125 0.08046875 0.01875 0.0140625
0 0.72109375 0.36875 0.0234375 0.01875
0 0.51171875 0.80703125 0.03203125 0.0234375
0 0.26015625 0.2703125 0.0203125 0.0140625
0 0.63515625 0.10546875 0.0203125 0.0140625
0 0.8890625 0.20390625 0.021875 0.01640625
0 0.7234375 0.0265625 0.021875 0.0203125
0 0.93203125 0.06640625 0.021875 0.01484375
0 0.70078125 0.02890625 0.0203125 0.01484375
0 0.5625 0.290625 0.0234375 0.0171875
0 0.63046875 0.00546875 0.0203125 0.0109375
0 0.35546875 0.30703125 0.021875 0.0125
0 0.06953125 0.11796875 0.0203125 0.0109375
0 0.540625 0.1796875 0.0203125 0.0125
0 0.46484375 0.14140625 0.0203125 0.0140625
0 0.159375 0.74375 0.03359375 0.02890625
0 0.96328125 0.63203125 0.04921875 0.0359375
0 0.3109375 0.50234375 0.02890625 0.02109375
0 0.52734375 0.2140625 0.0234375 0.01640625
0 0.359375 0.5265625 0.025 0.02109375
0 0.5625 0.08203125 0.0203125 0.01484375
0 0.70546875 0.00546875 0.021875 0.0109375
0 0.09296875 0.06640625 0.0203125 0.0125
0 0.31796875 0.34375 0.021875 0.0109375
0 0.9328125 0.0296875 0.0171875 0.01484375
0 0.3390625 0.39609375 0.025 0.0171875
0 0.85703125 0.30703125 0.025 0.0203125
0 0.825 0.3828125 0.025 0.01875
0 0.990625 0.2703125 0.015625 0.02109375
0 0.98671875 0.24453125 0.0203125 0.0203125
0 0.8828125 0.22578125 0.025 0.0171875
0 0.45625 0.8 0.02890625 0.02109375
0 0.4671875 0.5171875 0.025 0.01640625
0 0.3859375 0.08515625 0.01875 0.0140625
0 0.671875 0.571875 0.03671875 0.02734375
0 0.00546875 0.08046875 0.01015625 0.0109375
0 0.29296875 0.815625 0.03359375 0.02109375
0 0.60078125 0.13125 0.01875 0.0125
0 0.3890625 0.20625 0.021875 0.0109375
0 0.6125 0.58671875 0.03671875 0.025
0 0.4828125 0.91171875 0.02890625 0.0265625
0 0.5875 0.39140625 0.02890625 0.01640625
0 0.0796875 0.05390625 0.0203125 0.01015625
0 0.9390625 0.209375 0.02578125 0.0140625
0 0.11796875 0.28125 0.0203125 0.0140625
0 0.225 0.39296875 0.0234375 0.01640625
0 0.37890625 0.2953125 0.021875 0.0140625
0 0.6140625 0.2140625 0.021875 0.01640625
0 0.521875 0.36796875 0.02890625 0.01640625
0 0.56796875 0.0171875 0.0203125 0.0140625
0 0.30703125 0.63515625 0.02890625 0.02265625
0 0.6640625 0.00546875 0.0203125 0.0109375
0 0.11640625 0.07890625 0.0171875 0.0109375
0 0.49375 0.11640625 0.025 0.0125
0 0.66875 0.5140625 0.02890625 0.02734375
0 0.6765625 0.33828125 0.025 0.0171875
0 0.05 0.75625 0.03046875 0.02734375
0 0.55703125 0.33828125 0.02890625 0.0171875
0 0.1703125 0.14453125 0.0203125 0.0109375
0 0.35078125 0.96484375 0.03359375 0.0328125
0 0.1484375 0.0953125 0.0171875 0.0140625
0 0.43359375 0.28359375 0.021875 0.0125
0 0.47265625 0.1234375 0.0203125 0.01484375
0 0.02890625 0.09453125 0.0171875 0.0109375
0 0.0453125 0.0671875 0.0171875 0.0125
0 0.2 0.82734375 0.03359375 0.0296875
0 0.86171875 0.0671875 0.0203125 0.0171875
0 0.57734375 0.14140625 0.0203125 0.01484375
0 0.46328125 0.36796875 0.0203125 0.01640625
0 0.921875 0.2953125 0.03046875 0.0265625
0 0.13046875 0.03203125 0.0171875 0.0109375
0 0.06796875 0.01875 0.0171875 0.0125
0 0.48203125 0.19453125 0.01875 0.01484375
0 0.240625 0.65703125 0.03359375 0.0234375
0 0.19609375 0.08125 0.0171875 0.01484375
0 0.50390625 0.53203125 0.025 0.0171875
0 0.60703125 0.1828125 0.01875 0.0140625
0 0.27109375 0.31796875 0.01875 0.0109375
0 0.0578125 0.09453125 0.0171875 0.0109375
0 0.040625 0.07890625 0.0203125 0.0109375
0 0.30859375 0.60625 0.0390625 0.0265625
0 0.19921875 0.41953125 0.0203125 0.01484375
0 0.190625 0.27890625 0.0203125 0.0109375
0 0.40703125 0.13984375 0.0203125 0.0125
0 0.45546875 0.2046875 0.021875 0.0125
0 0.41796875 0.16640625 0.025 0.0109375
0 0.49453125 0.0953125 0.021875 0.0140625
0 0.3265625 0.30703125 0.025 0.0125
0 0.71171875 0.67109375 0.0421875 0.02890625
0 0.528125 0.55859375 0.025 0.02109375
0 0.7953125 0.06640625 0.0203125 0.0125
0 0.4171875 0.340625 0.0203125 0.0125
0 0.16015625 0.07890625 0.0203125 0.0140625
0 0.18984375 0.14296875 0.01875 0.0109375
0 0.078125 0.27890625 0.0203125 0.0109375
0 0.56796875 0.21328125 0.0203125 0.01484375
0 0.12734375 0.77734375 0.03359375 0.0234375
0 0.07890625 0.0953125 0.01875 0.0109375
0 0.896875 0.0296875 0.0203125 0.01640625
0 0.753125 0.20625 0.0234375 0.01640625
0 0.3390625 0.271875 0.025 0.0140625
0 0.390625 0.315625 0.0203125 0.0125
0 0.8328125 0.2078125 0.0171875 0.0140625
0 0.69140625 0.128125 0.025 0.0140625
0 0.09140625 0.08125 0.0203125 0.01015625
0 0.32421875 0.7671875 0.02890625 0.02109375
0 0.54296875 0.13125 0.021875 0.0125
0 0.446875 0.40625 0.025 0.01640625
0 0.0796875 0.1796875 0.0203125 0.0125
0 0.56328125 0.571875 0.03359375 0.02734375
0 0.48046875 0.4703125 0.02734375 0.01875
0 0.578125 0.19453125 0.0171875 0.01484375
0 0.02109375 0.11953125 0.01875 0.0140625
0 0.221875 0.0546875 0.01875 0.0109375
0 0.1546875 0.17890625 0.01875 0.0125
0 0.11953125 0.0203125 0.0171875 0.0125
0 0.39375 0.25546875 0.0203125 0.0109375
0 0.340625 0.11484375 0.015625 0.0125
0 0.34765625 0.453125 0.02890625 0.0171875
0 0.74609375 0.33515625 0.02734375 0.01875
0 0.078125 0.19609375 0.0203125 0.0125
0 0.21328125 0.77890625 0.0390625 0.02734375
0 0.78359375 0.2625 0.0234375 0.01875
0 0.49375 0.32734375 0.025 0.01640625
0 0.38125 0.19296875 0.021875 0.0109375
0 0.6 0.41171875 0.02890625 0.0203125
0 0.24609375 0.14296875 0.01875 0.0140625
0 0.340625 0.340625 0.021875 0.0125
0 0.4796875 0.16640625 0.0203125 0.0140625
0 0.68828125 0.11171875 0.025 0.0140625
0 0.41171875 0.378125 0.0234375 0.0171875
0 0.61875 0.0953125 0.021875 0.0109375
0 0.4890625 0.03203125 0.015625 0.0140625
0 0.7796875 0.21796875 0.021875 0.01640625
0 0.64765625 0.8140625 0.03359375 0.025
0 0.6546875 0.41171875 0.02734375 0.0203125
0 0.30234375 0.33046875 0.0203125 0.0125
0 0.17578125 0.13125 0.0203125 0.0125
0 0.82734375 0.27890625 0.02890625 0.02109375
0 0.5640625 0.096875 0.02890625 0.0140625
0 0.04453125 0.0421875 0.015625 0.0125
0 0.4921875 0.515625 0.025 0.0203125
0 0.3078125 0.25546875 0.0171875 0.0140625
0 0.590625 0.27890625 0.025 0.01875
0 0.66171875 0.13515625 0.0234375 0.0140625
0 0.53125 0.11484375 0.021875 0.0171875
0 0.46953125 0.89140625 0.02890625 0.0203125
0 0.40234375 0.8171875 0.03515625 0.0265625
0 0.33046875 0.13125 0.021875 0.0125
0 0.746875 0.4609375 0.0375 0.025
0 0.04375 0.11953125 0.0203125 0.0140625
0 0.278125 0.02890625 0.015625 0.0125
0 0.38046875 0.33359375 0.01875 0.0140625
0 0.065625 0.5734375 0.02890625 0.02109375
0 0.33359375 0.9296875 0.03359375 0.0265625
0 0.00546875 0.15625 0.01015625 0.0171875
0 0.228125 0.515625 0.02890625 0.01484375
0 0.9375 0.2296875 0.03203125 0.02265625
0 0.5671875 0.26640625 0.02578125 0.01640625
0 0.41875 0.0375 0.0203125 0.01484375
0 0.13046875 0.0671875 0.0203125 0.0125
0 0.37890625 0.24375 0.021875 0.0125
0 0.2546875 0.02890625 0.0171875 0.0125
0 0.74453125 0.103125 0.021875 0.01640625
0 0.678125 0.4484375 0.03359375 0.02109375
0 0.421875 0.2078125 0.0203125 0.0140625
0 0.2265625 0.4171875 0.02890625 0.01484375
0 0.93359375 0.421875 0.03046875 0.02265625
0 0.9015625 0.00546875 0.01875 0.0109375
0 0.58125 0.35546875 0.0234375 0.01484375
0 0.21953125 0.4640625 0.02578125 0.01875
0 0.55625 0.53203125 0.02734375 0.02265625
0 0.91328125 0.08671875 0.021875 0.0140625
0 0.5265625 0.16484375 0.01875 0.01484375
0 0.846875 0.00546875 0.021875 0.0109375
0 0.99375 0.10390625 0.01015625 0.01640625
0 0.11015625 0.66640625 0.02578125 0.01640625
0 0.80078125 0.78671875 0.02890625 0.0296875
0 0.234375 0.5359375 0.03046875 0.01875
0 0.66328125 0.16015625 0.021875 0.01640625
0 0.1078125 0.04375 0.0171875 0.0125
0 0.1046875 0.02890625 0.0171875 0.01015625
0 0.5640625 0.1296875 0.0203125 0.0125
0 0.19921875 0.67890625 0.02890625 0.02109375
0 0.12734375 0.19296875 0.01875 0.0140625
0 0.62890625 0.3125 0.025 0.01875
0 0.31640625 0.43125 0.025 0.0109375
0 0.2953125 0.00546875 0.0171875 0.0109375
0 0.13046875 0.909375 0.02890625 0.02109375
0 0.71796875 0.25 0.02890625 0.01640625
0 0.18984375 0.103125 0.01875 0.0109375
0 0.515625 0.01875 0.025 0.01484375
0 0.0515625 0.228125 0.021875 0.0125
0 0.2390625 0.28203125 0.021875 0.0125
0 0.15390625 0.1546875 0.0171875 0.01015625