0 0.603125 0.0796875 0.01484375 0.02109375
0 0.440625 0.25625 0.02421875 0.0375
0 0.54375 0.2796875 0.0265625 0.03671875
0 0.34765625 0.60390625 0.046875 0.07265625
0 0.5421875 0.24140625 0.021875 0.0328125
0 0.6203125 0.1171875 0.01640625 0.0234375
0 0.6484375 0.2 0.01953125 0.0296875
0 0.8671875 0.1578125 0.01953125 0.02890625
0 0.98125 0.44921875 0.0359375 0.0625
0 0.46796875 0.38671875 0.0328125 0.04453125
0 0.5328125 0.06796875 0.0140625 0.02109375
0 0.75859375 0.4203125 0.03203125 0.05625
0 0.184375 0.1875 0.02421875 0.03125
0 0.3625 0.21640625 0.02421875 0.03359375
0 0.5890625 0.18046875 0.01875 0.0296875
0 0.66015625 0.284375 0.025 0.0375
0 0.76953125 0.6359375 0.053125 0.07421875
0 0.8140625 0.0578125 0.0140625 0.01953125
0 0.165625 0.2359375 0.025 0.03515625
0 0.2078125 0.2546875 0.028125 0.040625
0 0.9875 0.134375 0.01953125 0.02734375
0 0.66328125 0.34921875 0.0296875 0.04921875
0 0.603125 0.2765625 0.025 0.0375
0 0.43671875 0.85546875 0.05546875 0.08828125
0 0.203125 0.18046875 0.0171875 0.025
0 0.2875 0.29921875 0.028125 0.0390625
0 0.63046875 0.56875 0.05 0.0640625
0 0.484375 0.20546875 0.01953125 0.03125
0 0.24375 0.2890625 0.02734375 0.03671875
0 0.8765625 0.04453125 0.0140625 0.0234375
0 0.20546875 0.89375 0.0734375 0.1
0 0.8984375 0.16875 0.021875 0.0296875
0 0.2484375 0.38046875 0.03203125 0.04453125
0 0.73515625 0.7484375 0.0546875 0.08046875
0 0.32578125 0.13671875 0.0203125 0.03125
0 0.3609375 0.4625 0.0375 0.05703125
0 0.63359375 0.01953125 0.01171875 0.01796875
0 0.23671875 0.175 0.0203125 0.0296875
0 0.31171875 0.18125 0.02421875 0.0296875
0 0.903125 0.03046875 0.0125 0.025
0 0.134375 0.2125 0.02421875 0.03125
0 0.246875 0.13046875 0.0171875 0.02578125
0 0.98515625 0.3265625 0.02734375 0.04921875
0 0.51484375 0.6484375 0.0453125 0.06796875
0 0.8390625 0.53828125 0.04296875 0.05859375
0 0.06328125 0.2265625 0.025 0.0390625
0 0.7140625 0.128125 0.01640625 0.02734375
0 0.31171875 0.1046875 0.0171875 0.0296875
0 0.54609375 0.2109375 0.0203125 0.0234375
0 0.8015625 0.14375 0.021875 0.0296875
0 0.67578125 0.12890625 0.0171875 0.02578125
0 0.7828125 0.0171875 0.0140625 0.01796875
0 0.93828125 0.134375 0.0203125 0.0296875
0 0.64140625 0.0828125 0.015625 0.021875
0 0.43984375 0.11328125 0.01484375 0.02578125
0 0.9296875 0.040625 0.0140625 0.01953125
0 0.7140625 0.92578125 0.07109375 0.1015625
0 0.0296875 0.2359375 0.02734375 0.04296875
0 0.74375 0.01328125 0.0140625 0.01796875
0 0.6546875 0.01796875 0.0125 0.01796875
0 0.65703125 0.03828125 0.0140625 0.01953125
0 0.17421875 0.40390625 0.03203125 0.04453125
0 0.84453125 0.046875 0.015625 0.0234375
0 0.34140625 0.19296875 0.0203125 0.03125
0 0.98671875 0.23125 0.02265625 0.0328125
0 0.80703125 0.00625 0.0140625 0.0125
0 0.0046875 0.2484375 0.009375 0.0296875
0 0.684375 0.04140625 0.0125 0.015625
0 0.75078125 0.0390625 0.015625 0.02109375
0 0.884375 0.02265625 0.0140625 0.01953125
0 0.69375 0.0203125 0.0109375 0.0171875
0 0.7171875 0.00625 0.0109375 0.01171875
0 0.5828125 0.7 0.03125 0.05078125
0 0.9546875 0.0375 0.0140625 0.01953125
0 0.575 0.08515625 0.0140625 0.021875
0 0.5125 0.1078125 0.01640625 0.021875
0 0.67890625 0.01875 0.009375 0.0171875
0 0.68046875 0.06015625 0.01484375 0.02109375
0 0.73125 0.03828125 0.0140625 0.01953125
0 0.73046875 0.0140625 0.01171875 0.015625
0 0.69140625 0.00625 0.01171875 0.01171875
0 0.94296875 0.00625 0.0125 0.01171875
0 0.99375 0.1046875 0.009375 0.025
0 0.42578125 0.6921875 0.03515625 0.0484375
0 0.70234375 0.04765625 0.0125 0.01953125
0 0.82734375 0.00546875 0.0125 0.01015625
0 0.5578125 0.05390625 0.0125 0.01953125
0 0.215625 0.1109375 0.01875 0.02578125
0 0.5125 0.065625 0.0125 0.01953125
0 0.85625 0.00625 0.0140625 0.01171875
0 0.7875 0.0609375 0.0125 0.01953125
0 0.96953125 0.01875 0.0125 0.01953125
0 0.84609375 0.01796875 0.0125 0.01796875
0 0.8796875 0.00546875 0.0140625 0.01015625
0 0.7171875 0.0265625 0.01171875 0.0171875
0 0.409375 0.084375 0.01484375 0.0234375
0 0.91875 0.01796875 0.0140625 0.01796875
0 0.90703125 0.00625 0.0140625 0.01171875
0 0.73125 0.1203125 0.0171875 0.02734375
0 0.86796875 0.01953125 0.0125 0.01796875
0 0.4953125 0.08515625 0.015625 0.01953125