0 0.54140625 0.0828125 0.01484375 0.025
0 0.5796875 0.0921875 0.015625 0.025
0 0.56875 0.13125 0.01953125 0.02578125
0 0.3734375 0.23671875 0.0234375 0.03671875
0 0.6328125 0.13125 0.0171875 0.0296875
0 0.1796875 0.13828125 0.01953125 0.02890625
0 0.7125 0.12890625 0.0203125 0.03125
0 0.1515625 0.1421875 0.0171875 0.02578125
0 0.26875 0.16953125 0.0171875 0.02578125
0 0.73046875 0.1828125 0.025 0.0375
0 0.63984375 0.1828125 0.0234375 0.03515625
0 0.33125 0.2015625 0.0203125 0.03359375
0 0.5171875 0.02421875 0.0140625 0.01953125
0 0.053125 0.3890625 0.03125 0.04453125
0 0.3296875 0.14453125 0.0171875 0.0234375
0 0.815625 0.10703125 0.0203125 0.03125
0 0.35078125 0.26015625 0.0234375 0.0390625
0 0.7625 0.10703125 0.0203125 0.02890625
0 0.525 0.1703125 0.01875 0.02734375
0 0.50625 0.0421875 0.0125 0.01953125
0 0.0796875 0.11171875 0.0171875 0.02578125
0 0.4765625 0.0375 0.0140625 0.01953125
0 0.29375 0.14921875 0.01640625 0.025
0 0.23125 0.03125 0.01171875 0.01796875
0 0.21953125 0.08203125 0.01484375 0.02109375
0 0.384375 0.06796875 0.0140625 0.02109375
0 0.45390625 0.025 0.009375 0.01796875
0 0.28203125 0.04296875 0.01171875 0.01796875
0 0.55625 0.009375 0.0125 0.01875
0 0.778125 0.0828125 0.01875 0.025
0 0.25625 0.01796875 0.0109375 0.01796875
0 0.40859375 0.01953125 0.0125 0.01796875
0 0.1734375 0.08671875 0.0140625 0.025
0 0.29609375 0.0171875 0.0109375 0.0140625
0 0.19609375 0.10625 0.01484375 0.025
0 0.0515625 0.49375 0.015625 0.01953125
0 0.1203125 0.23828125 0.0265625 0.03359375
0 0.28828125 0.0609375 0.0140625 0.01796875
0 0.61796875 0.00625 0.0140625 0.01171875
0 0.2203125 0.159375 0.01640625 0.025
0 0.26796875 0.00625 0.0109375 0.01171875
0 0.578125 0.00546875 0.01171875 0.01015625
0 0.540625 0.01640625 0.0109375 0.01953125
0 0.3953125 0.01328125 0.01171875 0.01796875
0 0.3265625 0.01796875 0.009375 0.01796875
0 0.54375 0.1296875 0.01640625 0.01953125
0 0.00390625 0.39453125 0.0078125 0.03125
0 0.2796875 0.00625 0.01171875 0.01171875