0 0.0875 0.4546875 0.0421875 0.05703125
0 0.46015625 0.34921875 0.028125 0.04453125
0 0.2171875 0.36796875 0.0328125 0.0484375
0 0.3921875 0.17890625 0.0203125 0.03515625
0 0.87890625 0.56796875 0.0375 0.05703125
0 0.3328125 0.1984375 0.021875 0.0328125
0 0.4984375 0.1859375 0.0234375 0.03125
0 0.225 0.19453125 0.02265625 0.0375
0 0.1375 0.21875 0.025 0.0390625
0 0.8734375 0.3453125 0.03046875 0.04140625
0 0.83359375 0.5140625 0.034375 0.04921875
0 0.4640625 0.178125 0.02265625 0.03359375
0 0.87421875 0.1296875 0.0203125 0.0328125
0 0.39140625 0.0140625 0.01484375 0.02578125
0 0.5828125 0.134375 0.01953125 0.0328125
0 0.21328125 0.1328125 0.0203125 0.03359375
0 0.32109375 0.16171875 0.0171875 0.02578125
0 0.378125 0.07578125 0.01640625 0.02890625
0 0.9671875 0.2015625 0.0265625 0.040625
0 0.83046875 0.12890625 0.02265625 0.03359375
0 0.91875 0.1203125 0.0203125 0.0328125
0 0.2171875 0.2640625 0.0265625 0.04140625
0 0.09765625 0.67421875 0.0703125 0.08046875
0 0.6390625 0.046875 0.01484375 0.0234375
0 0.775 0.2625 0.0234375 0.0296875
0 0.09765625 0.8875 0.0859375 0.13125
0 0.6859375 0.0609375 0.01640625 0.021875
0 0.26796875 0.1203125 0.01875 0.0296875
0 0.83515625 0.44375 0.0328125 0.0484375
0 0.54375 0.134375 0.021875 0.0328125
0 0.575 0.0828125 0.0171875 0.025
0 0.27890625 0.1640625 0.02265625 0.03359375
0 0.57734375 0.00625 0.0140625 0.01171875
0 0.63125 0.1234375 0.01875 0.02890625
0 0.66171875 0.05546875 0.01484375 0.025
0 0.6859375 0.11875 0.0171875 0.02734375
0 0.51484375 0.06875 0.015625 0.025
0 0.603125 0.01328125 0.01484375 0.0234375
0 0.7046875 0.2578125 0.0234375 0.03125
0 0.91015625 0.0296875 0.0140625 0.0234375
0 0.859375 0.0171875 0.0140625 0.01953125
0 0.60625 0.79765625 0.04765625 0.0796875
0 0.2890625 0.29921875 0.02734375 0.03671875
0 0.83203125 0.0296875 0.015625 0.021875
0 0.88125 0.0265625 0.01640625 0.025
0 0.11640625 0.00703125 0.0171875 0.0140625
0 0.4640625 0.0171875 0.01484375 0.025
0 0.4125 0.0296875 0.01484375 0.021875
0 0.04375 0.14375 0.025 0.0296875
0 0.02421875 0.065625 0.02265625 0.03515625
0 0.64921875 0.12421875 0.01640625 0.0296875
0 0.6234375 0.04296875 0.01484375 0.0234375
0 0.4046875 0.0765625 0.01484375 0.0234375
0 0.6453125 0.021875 0.0140625 0.01796875
0 0.9265625 0.025 0.015625 0.0234375
0 0.53515625 0.00859375 0.0140625 0.0171875
0 0.6234375 0.3703125 0.0265625 0.0328125
0 0.88984375 0.0765625 0.01640625 0.02578125
0 0.44140625 0.0171875 0.0140625 0.02109375
0 0.6328125 0.07265625 0.015625 0.0234375
0 0.86484375 0.0390625 0.01640625 0.0234375
0 0.5546875 0.02265625 0.0140625 0.01953125
0 0.9359375 0.65625 0.05078125 0.05703125
0 0.47265625 0.08046875 0.0171875 0.02578125
0 0.69375 0.7484375 0.0515625 0.084375
0 0.58359375 0.4359375 0.03984375 0.05078125
0 0.2921875 0.00546875 0.01484375 0.01015625
0 0.84140625 0.00625 0.01484375 0.01171875
0 0.44140625 0.26953125 0.0171875 0.02890625