0 0.71796875 0.2578125 0.02421875 0.03671875
0 0.8953125 0.2359375 0.0234375 0.03515625
0 0.64140625 0.18828125 0.021875 0.0296875
0 0.1703125 0.16015625 0.01484375 0.02109375
0 0.89296875 0.2765625 0.03046875 0.04296875
0 0.54609375 0.23046875 0.0203125 0.02578125
0 0.20390625 0.14765625 0.01484375 0.021875
0 0.6 0.19921875 0.02265625 0.03125
0 0.7140625 0.21953125 0.0203125 0.02734375
0 0.61015625 0.3375 0.02734375 0.04453125
0 0.28203125 0.25625 0.021875 0.0296875
0 0.4578125 0.06953125 0.01171875 0.0171875
0 0.3078125 0.4671875 0.0359375 0.04921875
0 0.97109375 0.69921875 0.05546875 0.09921875
0 0.634375 0.3296875 0.021875 0.0375
0 0.9203125 0.45078125 0.0453125 0.06796875
0 0.8390625 0.3296875 0.03125 0.0484375
0 0.128125 0.10546875 0.0140625 0.01796875
0 0.55625 0.06875 0.0125 0.01796875
0 0.8421875 0.08515625 0.015625 0.021875
0 0.6765625 0.08125 0.0140625 0.01953125
0 0.78046875 0.21015625 0.0203125 0.0328125
0 0.1203125 0.41328125 0.04296875 0.05625
0 0.31640625 0.26015625 0.021875 0.03359375
0 0.22578125 0.1765625 0.01953125 0.025
0 0.77109375 0.0921875 0.01640625 0.021875
0 0.66015625 0.2453125 0.0234375 0.03515625
0 0.878125 0.08515625 0.01484375 0.01953125
0 0.83515625 0.11875 0.0171875 0.0296875
0 0.27109375 0.18046875 0.01640625 0.025
0 0.234375 0.31875 0.0234375 0.03671875
0 0.97734375 0.25703125 0.03125 0.04296875
0 0.91875 0.21171875 0.0265625 0.0375
0 0.1296875 0.17265625 0.01640625 0.025
0 0.446875 0.43671875 0.03828125 0.05625
0 0.68515625 0.28125 0.0265625 0.0390625
0 0.946875 0.1015625 0.0171875 0.02578125
0 0.23125 0.1078125 0.0125 0.01953125
0 0.75859375 0.26796875 0.025 0.03671875
0 0.58359375 0.1328125 0.01484375 0.0234375
0 0.56796875 0.24765625 0.02421875 0.03125
0 0.82734375 0.178125 0.02265625 0.03359375
0 0.4640625 0.096875 0.0125 0.01953125
0 0.665625 0.190625 0.01875 0.025
0 0.38359375 0.14765625 0.0140625 0.01953125
0 0.5546875 0.13515625 0.0140625 0.02109375
0 0.83046875 0.24375 0.0265625 0.040625
0 0.43828125 0.16640625 0.0171875 0.0234375
0 0.45 0.3890625 0.025 0.0296875
0 0.25625 0.06875 0.01171875 0.01796875
0 0.1453125 0.1671875 0.01484375 0.025
0 0.96875 0.15546875 0.0234375 0.0328125
0 0.26484375 0.31796875 0.025 0.03671875
0 0.7171875 0.0734375 0.0140625 0.01953125
0 0.3390625 0.43125 0.034375 0.05078125
0 0.08203125 0.10703125 0.0140625 0.02109375
0 0.61484375 0.24453125 0.0203125 0.03125
0 0.0765625 0.18046875 0.0171875 0.0296875
0 0.859375 0.1796875 0.01953125 0.03125
0 0.09296875 0.08828125 0.0140625 0.01796875
0 0.76640625 0.33046875 0.0265625 0.03671875
0 0.228125 0.06328125 0.0109375 0.0140625
0 0.05234375 0.11875 0.0125 0.01796875
0 0.87890625 0.196875 0.021875 0.0328125
0 0.41875 0.115625 0.01484375 0.02109375
0 0.1828125 0.0796875 0.01171875 0.0140625
0 0.0078125 0.09453125 0.0140625 0.0171875
0 0.00703125 0.1984375 0.0140625 0.0328125
0 0.2171875 0.1 0.01171875 0.01796875
0 0.9515625 0.2078125 0.02734375 0.04296875
0 0.5265625 0.1 0.0140625 0.01796875
0 0.2703125 0.08046875 0.01171875 0.01796875
0 0.36640625 0.14453125 0.0140625 0.01796875
0 0.5296875 0.1625 0.0140625 0.01953125
0 0.075 0.22421875 0.021875 0.03125
0 0.696875 0.13046875 0.015625 0.0234375
0 0.50078125 0.0796875 0.0125 0.01953125
0 0.453125 0.1359375 0.0140625 0.021875
0 0.3921875 0.0921875 0.01171875 0.0140625
0 0.29375 0.0765625 0.009375 0.015625
0 0.83203125 0.2859375 0.0296875 0.0328125
0 0.1546875 0.07578125 0.009375 0.015625
0 0.29296875 0.1421875 0.0140625 0.01953125
0 0.30546875 0.08203125 0.0109375 0.015625
0 0.6203125 0.0796875 0.01171875 0.0171875
0 0.14140625 0.05703125 0.009375 0.01328125
0 0.42734375 0.06875 0.0109375 0.01171875
0 0.5921875 0.07265625 0.0109375 0.015625
0 0.2046875 0.05625 0.0109375 0.01328125
0 0.378125 0.06796875 0.0109375 0.01328125
0 0.8078125 0.17421875 0.01640625 0.02578125
0 0.00703125 0.05546875 0.01171875 0.0140625
0 0.35625 0.06875 0.0109375 0.01171875
0 0.4046875 0.08203125 0.009375 0.015625
0 0.784375 0.178125 0.0203125 0.02890625
0 0.58046875 0.428125 0.02421875 0.04140625
0 0.03203125 0.11171875 0.0140625 0.01796875
0 0.3890625 0.1109375 0.0140625 0.01796875
0 0.79765625 0.1421875 0.0171875 0.02578125
0 0.2796875 0.06328125 0.009375 0.0140625
0 0.73515625 0.196875 0.0171875 0.0296875
0 0.0265625 0.2015625 0.021875 0.02890625
0 0.16875 0.06875 0.00859375 0.01171875
0 0.06875 0.09296875 0.0109375 0.01953125
0 0.60703125 0.0765625 0.0109375 0.015625
0 0.74140625 0.15390625 0.01640625 0.0234375
0 0.03203125 0.05625 0.009375 0.01328125
0 0.30546875 0.05078125 0.00859375 0.01328125
0 0.04375 0.05546875 0.0109375 0.0140625
0 0.50078125 0.11875 0.0125 0.021875
0 0.19453125 0.06796875 0.009375 0.01328125
0 0.41875 0.0953125 0.0109375 0.015625
0 0.48359375 0.09296875 0.01171875 0.01953125
0 0.56875 0.17890625 0.01640625 0.021875
0 0.77421875 0.375 0.0359375 0.05234375
0 0.034375 0.1765625 0.0203125 0.02734375
0 0.33359375 0.09140625 0.0109375 0.015625
0 0.040625 0.1515625 0.015625 0.021875
0 0.10625 0.05390625 0.009375 0.0140625
0 0.309375 0.18125 0.01875 0.021875
0 0.49609375 0.09765625 0.0140625 0.01796875
0 0.3296875 0.06796875 0.009375 0.01328125
0 0.93828125 0.1328125 0.0203125 0.03125
0 0.06484375 0.0421875 0.0109375 0.0140625
0 0.715625 0.16875 0.01875 0.025
0 0.5796875 0.0796875 0.01171875 0.0171875
0 0.7921875 0.01953125 0.0140625 0.01796875
0 0.13125 0.06875 0.00859375 0.01171875
0 0.84453125 0.2015625 0.0203125 0.0296875
0 0.18828125 0.24375 0.0203125 0.03125
0 0.9046875 0.178125 0.021875 0.02890625
0 0.27890625 0.0453125 0.00859375 0.01171875
0 0.1203125 0.0703125 0.0109375 0.015625
0 0.73671875 0.0609375 0.0125 0.01953125
0 0.2859375 0.34140625 0.02265625 0.03125
0 0.21953125 0.046875 0.00859375 0.01328125
0 0.38359375 0.04375 0.0109375 0.0140625
0 0.0421875 0.08203125 0.0140625 0.01796875
0 0.1796875 0.05625 0.0078125 0.01171875
0 0.1953125 0.1015625 0.009375 0.01796875
0 0.3921875 0.06953125 0.009375 0.0140625
0 0.60859375 0.10625 0.0125 0.01953125
0 0.5125 0.0609375 0.0109375 0.0171875
0 0.7171875 0.14296875 0.015625 0.02578125
0 0.15546875 0.09765625 0.0140625 0.01796875
0 0.3546875 0.0921875 0.009375 0.01328125
0 0.00625 0.1390625 0.01171875 0.02109375
0 0.15546875 0.1875 0.01484375 0.0234375
0 0.33828125 0.0375 0.00859375 0.01171875
0 0.1109375 0.0875 0.01171875 0.0171875
0 0.9046875 0.00703125 0.0140625 0.0140625
0 0.65 0.28515625 0.02421875 0.0390625
0 0.0796875 0.08203125 0.01171875 0.015625
0 0.2328125 0.4375 0.0265625 0.04140625
0 0.621875 0.2828125 0.02421875 0.03359375
0 0.15703125 0.05625 0.00859375 0.01171875
0 0.31875 0.05625 0.00859375 0.01328125
0 0.01953125 0.125 0.015625 0.01796875