1 0.49921875 0.5484375 0.9921875 0.88828125
1 0.37109375 0.659375 0.0390625 0.05859375
1 0.159375 0.8515625 0.0453125 0.07265625
1 0.5296875 0.671875 0.03671875 0.06328125
1 0.26171875 0.6875 0.03671875 0.065625
1 0.46640625 0.4765625 0.02890625 0.0484375
1 0.41640625 0.57890625 0.03203125 0.0484375
1 0.59375 0.58671875 0.0421875 0.06796875
1 0.6171875 0.83828125 0.03671875 0.065625
1 0.45859375 0.8640625 0.03671875 0.06796875
1 0.4203125 0.81015625 0.05 0.07265625
1 0.51328125 0.6109375 0.03515625 0.05859375
1 0.35234375 0.85625 0.04375 0.07265625
1 0.45859375 0.55078125 0.03359375 0.05625
1 0.2390625 0.59375 0.03203125 0.05390625
1 0.24296875 0.36640625 0.05 0.08515625
1 0.5453125 0.88828125 0.0515625 0.078125
1 0.65078125 0.75703125 0.03359375 0.05859375
1 0.71640625 0.77734375 0.03515625 0.065625
1 0.553125 0.7578125 0.03203125 0.0609375
1 0.60625 0.72421875 0.03515625 0.05625
1 0.38828125 0.921875 0.040625 0.06796875
1 0.809375 0.65234375 0.02890625 0.05859375
1 0.4546875 0.63359375 0.02890625 0.04609375
1 0.665625 0.54765625 0.02734375 0.04375
1 0.346875 0.50859375 0.02890625 0.05390625
1 0.49296875 0.68828125 0.03671875 0.05390625
1 0.55625 0.51484375 0.03203125 0.05078125
1 0.31796875 0.80625 0.0453125 0.065625
1 0.8703125 0.52421875 0.03671875 0.05625
1 0.059375 0.48515625 0.03515625 0.05625
1 0.74921875 0.86640625 0.03671875 0.06796875
1 0.05859375 0.6546875 0.03671875 0.05859375
1 0.05703125 0.7359375 0.040625 0.065625
1 0.19921875 0.63359375 0.03359375 0.05625
1 0.45625 0.91015625 0.090625 0.165625
1 0.7328125 0.71640625 0.03671875 0.0609375
1 0.54765625 0.3625 0.02734375 0.04375
1 0.8203125 0.85546875 0.03671875 0.07578125
1 0.23125 0.8234375 0.040625 0.0703125
1 0.33671875 0.3953125 0.02890625 0.04140625
1 0.56484375 0.83359375 0.0390625 0.065625
1 0.44453125 0.30625 0.02109375 0.0390625
1 0.921875 0.68828125 0.03046875 0.0484375
1 0.7359375 0.44375 0.02421875 0.04140625
1 0.66796875 0.65078125 0.0390625 0.0609375
1 0.06875 0.58046875 0.03671875 0.05625
1 0.3109375 0.54609375 0.03203125 0.05625
1 0.2109375 0.69453125 0.03515625 0.0609375
1 0.7203125 0.621875 0.03359375 0.05078125
1 0.309375 0.72734375 0.03515625 0.07265625
1 0.68203125 0.91640625 0.0390625 0.0703125
1 0.61953125 0.87578125 0.09375 0.15078125
1 0.653125 0.49140625 0.02890625 0.0484375
1 0.625 0.50859375 0.02734375 0.05390625
1 0.70703125 0.4984375 0.03046875 0.0484375
1 0.296875 0.653125 0.03203125 0.05625
1 0.446875 0.33671875 0.0515625 0.1046875
1 0.13046875 0.57265625 0.03515625 0.05625
1 0.13984375 0.73515625 0.03671875 0.06796875
1 0.6015625 0.9515625 0.06484375 0.0875
1 0.59296875 0.60703125 0.06640625 0.12421875
1 0.496875 0.73125 0.07109375 0.1390625
1 0.16015625 0.90234375 0.08203125 0.1796875
1 0.07890625 0.55390625 0.0421875 0.0609375
1 0.24921875 0.5 0.03046875 0.04140625
1 0.54453125 0.91953125 0.08203125 0.14609375
1 0.11640625 0.521875 0.02890625 0.05078125
1 0.3484375 0.7421875 0.0390625 0.07265625
1 0.59453125 0.47578125 0.02734375 0.04609375
1 0.84921875 0.78671875 0.06640625 0.12890625
1 0.70625 0.6796875 0.03203125 0.05078125
1 0.66171875 0.6046875 0.040625 0.05078125
1 0.95234375 0.83828125 0.040625 0.065625
1 0.27109375 0.95234375 0.0515625 0.08515625
1 0.12109375 0.64140625 0.0390625 0.065625
1 0.37265625 0.7078125 0.07734375 0.1609375
1 0.075 0.809375 0.04375 0.0609375
1 0.265625 0.45625 0.03671875 0.0609375
1 0.3453125 0.60234375 0.0390625 0.05625
1 0.7953125 0.5890625 0.03203125 0.04375
1 0.4265625 0.4765625 0.03046875 0.05390625
1 0.38828125 0.94140625 0.06328125 0.10703125
1 0.81796875 0.9390625 0.03515625 0.06796875
1 0.17734375 0.71875 0.03515625 0.07578125
1 0.52578125 0.4109375 0.03203125 0.0484375
1 0.49140625 0.52421875 0.02421875 0.04140625
1 0.91953125 0.490625 0.02578125 0.04140625
1 0.9234375 0.796875 0.03671875 0.05078125
1 0.76484375 0.77890625 0.0421875 0.07265625
1 0.4609375 0.57890625 0.0578125 0.11640625
1 0.2296875 0.76640625 0.03671875 0.06328125
1 0.1609375 0.3953125 0.02578125 0.05078125
1 0.165625 0.6375 0.03359375 0.05390625
1 0.68203125 0.93671875 0.096875 0.11640625
1 0.73828125 0.5609375 0.03046875 0.05078125
1 0.25390625 0.6421875 0.03359375 0.0484375
1 0.16171875 0.55859375 0.03046875 0.05625
1 0.340625 0.93203125 0.0390625 0.05859375
1 0.54765625 0.615625 0.02421875 0.05390625
1 0.928125 0.6265625 0.046875 0.05625
1 0.165625 0.80078125 0.04375 0.05859375
1 0.01796875 0.559375 0.03203125 0.05390625
1 0.509375 0.4546875 0.02578125 0.04375
1 0.078125 0.4234375 0.02734375 0.04375
1 0.85 0.66796875 0.0390625 0.0703125
1 0.403125 0.54296875 0.03515625 0.0484375
1 0.06640625 0.8890625 0.0515625 0.0703125
1 0.4984375 0.9765625 0.07421875 0.04140625
1 0.803125 0.50859375 0.02890625 0.05390625
1 0.26328125 0.7140625 0.06484375 0.11953125
1 0.640625 0.68984375 0.0390625 0.065625
1 0.42734375 0.72734375 0.03515625 0.06328125
1 0.053125 0.97109375 0.0609375 0.05390625
1 0.29140625 0.3859375 0.06953125 0.109375