1 0.46953125 0.915625 0.10859375 0.1625
1 0.57890625 0.7265625 0.05546875 0.12890625
1 0.26875 0.7640625 0.0703125 0.15546875
1 0.27265625 0.84140625 0.1765625 0.30859375
1 0.425 0.80859375 0.07734375 0.16875
1 0.78828125 0.7203125 0.0640625 0.13203125
1 0.63359375 0.51328125 0.040625 0.06875
1 0.0734375 0.621875 0.07734375 0.10546875
1 0.44296875 0.575 0.03984375 0.075
1 0.1609375 0.59765625 0.046875 0.07578125
1 0.4125 0.675 0.05859375 0.1109375
1 0.37578125 0.6140625 0.0484375 0.10390625
1 0.7796875 0.7671875 0.2140625 0.45703125
1 0.59140625 0.6453125 0.04765625 0.090625
1 0.8375 0.64609375 0.0625 0.10078125
1 0.584375 0.5640625 0.04296875 0.08515625
1 0.23828125 0.65859375 0.0796875 0.12578125
1 0.25859375 0.55859375 0.046875 0.08359375
1 0.70234375 0.50703125 0.0453125 0.08046875
1 0.83515625 0.4953125 0.040625 0.06875
1 0.4015625 0.86015625 0.12890625 0.27109375
1 0.33515625 0.54921875 0.04375 0.07578125
1 0.3890625 0.52421875 0.0375 0.06171875
1 0.12265625 0.52734375 0.0421875 0.0640625
1 0.4703125 0.56328125 0.03515625 0.071875
1 0.31875 0.4390625 0.03125 0.05546875
1 0.55 0.453125 0.0328125 0.0515625
1 0.7234375 0.6109375 0.0609375 0.0984375
1 0.4234375 0.74921875 0.13984375 0.259375
1 0.50546875 0.4921875 0.034375 0.0640625
1 0.16328125 0.521875 0.03203125 0.0515625
1 0.49921875 0.66015625 0.9953125 0.66171875
1 0.96484375 0.62578125 0.06640625 0.121875
1 0.021875 0.8359375 0.04296875 0.140625
1 0.7484375 0.56328125 0.071875 0.08671875
1 0.23359375 0.51171875 0.04375 0.071875
1 0.07109375 0.88046875 0.14140625 0.2296875
1 0.30546875 0.53984375 0.0296875 0.06328125
1 0.39140625 0.43984375 0.028125 0.0453125
1 0.45625 0.47109375 0.03203125 0.05859375
1 0.6125 0.475 0.03125 0.06328125
1 0.0609375 0.51015625 0.0375 0.05703125
1 0.89609375 0.49765625 0.0359375 0.05859375
1 0.428125 0.47109375 0.03203125 0.0515625
1 0.13359375 0.46484375 0.03046875 0.0484375
1 0.490625 0.45625 0.03828125 0.06328125
1 0.3625 0.4203125 0.0203125 0.03828125
1 0.8296875 0.45 0.03203125 0.03984375
1 0.57890625 0.7828125 0.1875 0.4234375
1 0.784375 0.44140625 0.028125 0.0421875
1 0.28671875 0.5140625 0.034375 0.0671875
1 0.209375 0.4796875 0.0390625 0.06875
1 0.70234375 0.4328125 0.02734375 0.0421875
1 0.553125 0.4765625 0.0515625 0.0984375
1 0.7609375 0.434375 0.0234375 0.0421875
1 0.11171875 0.775 0.15703125 0.4140625
1 0.74453125 0.4765625 0.028125 0.0484375
1 0.94765625 0.56640625 0.07734375 0.090625
1 0.27890625 0.603125 0.09296875 0.16953125
1 0.2859375 0.44921875 0.0375 0.05
1 0.7046875 0.68984375 0.1015625 0.2546875
1 0.3609375 0.68203125 0.08203125 0.24296875
1 0.16953125 0.63046875 0.0734375 0.1453125
1 0.63359375 0.5625 0.07734375 0.1671875
1 0.62421875 0.42734375 0.01875 0.03203125
1 0.684375 0.4359375 0.0203125 0.03671875
1 0.78359375 0.96953125 0.0890625 0.05546875
1 0.92890625 0.8359375 0.1375 0.31953125
1 0.0671875 0.4765625 0.03203125 0.0453125
1 0.525 0.43984375 0.0203125 0.03359375
1 0.26015625 0.72265625 0.1453125 0.253125
1 0.7296875 0.4359375 0.02421875 0.040625
1 0.52421875 0.55859375 0.04296875 0.075
1 0.946875 0.67578125 0.1015625 0.22421875
1 0.96796875 0.50703125 0.0421875 0.05390625
1 0.18046875 0.4453125 0.02421875 0.03828125
1 0.346875 0.5 0.02734375 0.0421875
1 0.88125 0.45703125 0.028125 0.046875
1 0.37109375 0.47421875 0.03515625 0.05
1 0.690625 0.56484375 0.07421875 0.19296875
1 0.45390625 0.4953125 0.0703125 0.10703125
1 0.3359375 0.5890625 0.05625 0.15703125
1 0.396875 0.55390625 0.0640625 0.12421875
1 0.05390625 0.4359375 0.0296875 0.04375
1 0.82578125 0.53125 0.09296875 0.140625
1 0.04375 0.9546875 0.08671875 0.08515625
1 0.49921875 0.48359375 0.9859375 0.3
1 0.459375 0.63984375 0.10078125 0.2109375
1 0.55546875 0.49921875 0.04296875 0.05859375
1 0.0828125 0.54296875 0.0328125 0.05
1 0.57890625 0.6140625 0.1109375 0.1828125
1 0.73984375 0.58984375 0.090625 0.140625
1 0.6609375 0.4765625 0.0328125 0.0515625
1 0.89765625 0.61015625 0.04375 0.06171875
1 0.85546875 0.665625 0.1 0.1390625
1 0.97421875 0.46015625 0.04375 0.0515625
1 0.62578125 0.5234375 0.0921875 0.296875