0 0.24453125 0.3578125 0.03828125 0.03125
0 0.19453125 0.50546875 0.05859375 0.04609375
0 0.821875 0.28359375 0.03984375 0.0328125
0 0.86171875 0.3625 0.04296875 0.0375
0 0.77421875 0.24921875 0.03828125 0.03125
0 0.5140625 0.43671875 0.0515625 0.04140625
0 0.80390625 0.55546875 0.05859375 0.0484375
0 0.6515625 0.3484375 0.03984375 0.03515625
0 0.25703125 0.4515625 0.05 0.0359375
0 0.2890625 0.1859375 0.021875 0.0234375
0 0.10703125 0.5359375 0.06015625 0.0484375
0 0.58671875 0.321875 0.04296875 0.0359375
0 0.440625 0.5390625 0.0546875 0.0546875
0 0.43671875 0.4796875 0.05 0.03984375
0 0.75390625 0.3515625 0.0453125 0.03515625
0 0.03203125 0.546875 0.053125 0.0484375
0 0.121875 0.6265625 0.05703125 0.0484375
0 0.1421875 0.446875 0.0546875 0.04375
0 0.61171875 0.16953125 0.0234375 0.0234375
0 0.46640625 0.4234375 0.04296875 0.03359375
0 0.31171875 0.4171875 0.053125 0.0390625
0 0.7640625 0.828125 0.08203125 0.0609375
0 0.184375 0.40078125 0.05859375 0.0359375
0 0.5890625 0.1921875 0.021875 0.02109375
0 0.03671875 0.603125 0.06328125 0.0484375
0 0.71640625 0.58828125 0.0734375 0.05625
0 0.44921875 0.259375 0.03828125 0.02890625
0 0.64140625 0.4265625 0.053125 0.04140625
0 0.9546875 0.4390625 0.0703125 0.04375
0 0.05703125 0.753125 0.0765625 0.0609375
0 0.68203125 0.13203125 0.0234375 0.01640625
0 0.6390625 0.534375 0.06171875 0.0515625
0 0.3640625 0.62421875 0.08203125 0.0609375
0 0.39140625 0.309375 0.04296875 0.03125
0 0.34453125 0.165625 0.025 0.01640625
0 0.50390625 0.15234375 0.021875 0.0171875
0 0.43671875 0.2234375 0.03671875 0.0234375
0 0.34140625 0.01796875 0.01640625 0.0140625
0 0.9265625 0.5859375 0.0703125 0.04609375
0 0.7765625 0.153125 0.0296875 0.01875
0 0.49453125 0.64921875 0.06796875 0.0609375
0 0.48203125 0.0890625 0.0234375 0.01640625
0 0.83671875 0.1828125 0.0296875 0.0234375
0 0.45390625 0.38125 0.0484375 0.03515625
0 0.334375 0.2578125 0.03828125 0.025
0 0.29140625 0.60703125 0.06640625 0.0484375
0 0.296875 0.55390625 0.06640625 0.05
0 0.4515625 0.06796875 0.01640625 0.0140625
0 0.296875 0.734375 0.09296875 0.06640625
0 0.86953125 0.640625 0.06796875 0.05390625
0 0.79453125 0.421875 0.0546875 0.0390625
0 0.41640625 0.05625 0.0203125 0.0125
0 0.28203125 0.33359375 0.03359375 0.0296875
0 0.94453125 0.21796875 0.03203125 0.0265625
0 0.884375 0.72734375 0.08203125 0.0625
0 0.97421875 0.3953125 0.0484375 0.03359375
0 0.53203125 0.3671875 0.04296875 0.0296875
0 0.359375 0.05703125 0.01796875 0.0140625
0 0.43203125 0.1984375 0.0265625 0.01875
0 0.4640625 0.809375 0.08203125 0.07109375
0 0.3671875 0.0265625 0.01484375 0.01640625
0 0.56640625 0.13125 0.0203125 0.0125
0 0.70390625 0.1609375 0.03203125 0.02109375
0 0.59453125 0.1515625 0.021875 0.0171875
0 0.14140625 0.796875 0.09296875 0.0515625
0 0.49140625 0.06796875 0.0234375 0.0140625
0 0.50703125 0.209375 0.03671875 0.0265625
0 0.64453125 0.1328125 0.028125 0.01640625
0 0.5765625 0.5078125 0.05703125 0.0421875
0 0.63203125 0.11484375 0.0234375 0.01484375
0 0.66171875 0.66328125 0.0703125 0.05859375
0 0.3390625 0.08046875 0.021875 0.01640625
0 0.51640625 0.13125 0.0203125 0.0125
0 0.29140625 0.153125 0.0234375 0.01640625
0 0.446875 0.1265625 0.0203125 0.01875
0 0.34453125 0.04453125 0.01796875 0.0140625
0 0.3171875 0.18046875 0.025 0.01875
0 0.6890625 0.428125 0.0453125 0.03359375
0 0.3765625 0.05703125 0.01640625 0.0140625
0 0.771875 0.3890625 0.046875 0.03125
0 0.32890625 0.05546875 0.021875 0.0140625
0 0.39453125 0.01875 0.01484375 0.0125
0 0.19921875 0.2703125 0.03203125 0.0265625
0 0.409375 0.03203125 0.01484375 0.0140625
0 0.10390625 0.69453125 0.08203125 0.0640625
0 0.571875 0.0921875 0.0234375 0.0140625
0 0.26640625 0.134375 0.0296875 0.01875
0 0.546875 0.09453125 0.0234375 0.0140625
0 0.58203125 0.1203125 0.0234375 0.01640625
0 0.5515625 0.16796875 0.0234375 0.01875
0 0.359375 0.22578125 0.03515625 0.02109375
0 0.609375 0.12890625 0.021875 0.01484375
0 0.3796875 0.1265625 0.0296875 0.0203125
0 0.41640625 0.11953125 0.0203125 0.01640625
0 0.16953125 0.7453125 0.08515625 0.0625
0 0.45703125 0.33359375 0.05 0.03984375
0 0.4390625 0.15078125 0.028125 0.01875
0 0.5140625 0.1796875 0.025 0.0171875
0 0.546875 0.2984375 0.0265625 0.02734375
0 0.54140625 0.1296875 0.0234375 0.0109375
0 0.409375 0.4484375 0.03515625 0.03515625
0 0.65703125 0.3015625 0.0296875 0.02109375
0 0.3265625 0.09375 0.0234375 0.01484375
0 0.7015625 0.51953125 0.05703125 0.04609375
0 0.2890625 0.11875 0.021875 0.01484375
0 0.24140625 0.11875 0.0234375 0.01484375
0 0.29140625 0.028125 0.0203125 0.0140625
0 0.26640625 0.51015625 0.06015625 0.0375
0 0.33671875 0.128125 0.0265625 0.01875
0 0.51953125 0.1171875 0.021875 0.0140625
0 0.75703125 0.503125 0.0703125 0.04609375
0 0.40703125 0.18046875 0.03359375 0.02109375
0 0.4515625 0.10625 0.0203125 0.01484375
0 0.49453125 0.10546875 0.021875 0.0109375
0 0.32890625 0.353125 0.0515625 0.03125
0 0.67890625 0.31796875 0.03828125 0.02890625
0 0.22890625 0.1390625 0.021875 0.01640625
0 0.49140625 0.13203125 0.0234375 0.0140625
0 0.30703125 0.00625 0.01640625 0.0125
0 0.6890625 0.08203125 0.01796875 0.0109375
0 0.709375 0.08046875 0.021875 0.0140625
0 0.40390625 0.0671875 0.021875 0.0109375
0 0.396875 0.0546875 0.0203125 0.0140625
0 0.471875 0.04140625 0.01640625 0.0125
0 0.36953125 0.0046875 0.01796875 0.00859375
0 0.596875 0.05390625 0.01640625 0.01484375
0 0.54140625 0.0671875 0.0203125 0.0109375
0 0.6765625 0.15546875 0.0265625 0.01875
0 0.35390625 0.19453125 0.028125 0.01640625
0 0.39375 0.0046875 0.01875 0.009375
0 0.6015625 0.10234375 0.0203125 0.0125
0 0.415625 0.0046875 0.015625 0.009375
0 0.384375 0.09375 0.025 0.0171875
0 0.28125 0.0046875 0.015625 0.009375
0 0.5390625 0.4 0.03828125 0.025
0 0.51953125 0.0921875 0.021875 0.0140625
0 0.33203125 0.0328125 0.01640625 0.0125
0 0.43203125 0.290625 0.04296875 0.02890625
0 0.3265625 0.0046875 0.01640625 0.00859375
0 0.26640625 0.384375 0.046875 0.0359375
0 0.54453125 0.1484375 0.025 0.01640625
0 0.259375 0.10546875 0.021875 0.0109375
0 0.54453125 0.0171875 0.01484375 0.0140625
0 0.97890625 0.16953125 0.028125 0.0234375
0 0.3015625 0.07734375 0.0234375 0.01484375
0 0.19453125 0.1078125 0.01796875 0.01484375
0 0.44140625 0.05546875 0.0203125 0.0109375
0 0.409375 0.7296875 0.0984375 0.05390625
0 0.45390625 0.03203125 0.021875 0.0109375
0 0.4453125 0.0046875 0.0203125 0.00859375
0 0.36640625 0.1453125 0.0296875 0.0203125
0 0.41640625 0.04296875 0.0203125 0.00859375
0 0.31640625 0.01875 0.0203125 0.0125
0 0.49140625 0.015625 0.01640625 0.0140625
0 0.67890625 0.10546875 0.01796875 0.0109375
0 0.46953125 0.15546875 0.021875 0.01875
0 0.43203125 0.01875 0.01640625 0.0125
0 0.5515625 0.8078125 0.096875 0.07265625
0 0.41640625 0.103125 0.01640625 0.0109375
0 0.8765625 0.17734375 0.0234375 0.0171875
0 0.784375 0.2125 0.03515625 0.0203125
0 0.57890625 0.10546875 0.021875 0.0109375
0 0.3015625 0.05625 0.0234375 0.0125
0 0.26640625 0.0578125 0.0203125 0.0140625
0 0.20390625 0.0640625 0.021875 0.01875
0 0.38671875 0.03671875 0.01640625 0.0109375
0 0.6890625 0.1796875 0.028125 0.01640625
0 0.35703125 0.103125 0.0265625 0.01640625
0 0.51171875 0.06171875 0.01640625 0.0140625
0 0.77890625 0.02890625 0.01796875 0.0125
0 0.56953125 0.15546875 0.021875 0.01640625
0 0.84140625 0.1609375 0.0265625 0.0171875
0 0.81171875 0.20546875 0.0265625 0.0265625
0 0.321875 0.0671875 0.0203125 0.0140625
0 0.471875 0.05546875 0.0203125 0.0109375