0 0.94140625 0.14453125 0.025 0.03671875
0 0.73359375 0.24375 0.0359375 0.05625
0 0.98984375 0.06328125 0.01875 0.0296875
0 0.878125 0.0453125 0.0203125 0.0296875
0 0.10546875 0.13125 0.025 0.03671875
0 0.17109375 0.11015625 0.02421875 0.0328125
0 0.821875 0.146875 0.0265625 0.0390625
0 0.8078125 0.2625 0.02734375 0.04296875
0 0.8359375 0.0265625 0.0171875 0.025
0 0.23125 0.03125 0.0234375 0.03125
0 0.87890625 0.15546875 0.02734375 0.0375
0 0.92109375 0.0484375 0.0234375 0.0296875
0 0.9140625 0.30703125 0.0390625 0.04921875
0 0.93828125 0.09453125 0.02265625 0.03515625
0 0.85078125 0.0859375 0.025 0.03359375
0 0.76484375 0.259375 0.0296875 0.04296875
0 0.55234375 0.0515625 0.01875 0.0296875
0 0.5890625 0.01328125 0.0171875 0.02578125
0 0.86875 0.00625 0.01875 0.01171875
0 0.509375 0.00625 0.0171875 0.01171875
0 0.84765625 0.05625 0.01953125 0.025
0 0.4203125 0.00625 0.021875 0.0125
0 0.0171875 0.0921875 0.02734375 0.03359375
0 0.46953125 0.00703125 0.0171875 0.0140625
0 0.2453125 0.08046875 0.02265625 0.03125
0 0.84140625 0.00625 0.01640625 0.01171875
0 0.00859375 0.0609375 0.0171875 0.02734375
0 0.978125 0.00625 0.01953125 0.01171875
0 0.73515625 0.0125 0.015625 0.025
0 0.071875 0.05625 0.02265625 0.03125
0 0.95859375 0.00859375 0.0203125 0.0171875