0 0.36171875 0.36875 0.028125 0.04765625
0 0.2796875 0.24609375 0.01484375 0.02578125
0 0.3296875 0.14609375 0.01171875 0.021875
0 0.01875 0.2828125 0.01484375 0.02734375
0 0.23125 0.3734375 0.01640625 0.03046875
0 0.171875 0.4078125 0.0171875 0.03046875
0 0.02109375 0.3203125 0.01484375 0.02734375
0 0.121875 0.2453125 0.0125 0.02421875
0 0.1703125 0.2765625 0.015625 0.02578125
0 0.059375 0.0828125 0.0140625 0.021875
0 0.228125 0.2515625 0.0125 0.02265625
0 0.840625 0.23203125 0.0140625 0.02421875
0 0.0296875 0.19296875 0.0125 0.02265625
0 0.93046875 0.25390625 0.01484375 0.02421875
0 0.4640625 0.05546875 0.0109375 0.01875
0 0.203125 0.0953125 0.0140625 0.021875
0 0.18984375 0.49765625 0.0203125 0.03203125
0 0.1296875 0.1296875 0.0140625 0.02265625
0 0.0421875 0.25390625 0.015625 0.02734375
0 0.5921875 0.13046875 0.01171875 0.021875
0 0.0515625 0.1671875 0.0140625 0.02578125
0 0.98203125 0.26796875 0.01484375 0.02421875
0 0.23359375 0.2046875 0.0140625 0.02265625
0 0.253125 0.11796875 0.0140625 0.0203125
0 0.2078125 0.15625 0.0140625 0.021875
0 0.0890625 0.26015625 0.01484375 0.02578125
0 0.0890625 0.02265625 0.01171875 0.0203125
0 0.65546875 0.21015625 0.0140625 0.0203125
0 0.278125 0.11796875 0.0125 0.0203125
0 0.18984375 0.1828125 0.0125 0.02265625
0 0.103125 0.10703125 0.0125 0.021875
0 0.9578125 0.16875 0.01171875 0.021875
0 0.753125 0.159375 0.0125 0.021875
0 0.884375 0.2421875 0.0140625 0.02421875
0 0.5578125 0.1796875 0.0125 0.02265625
0 0.06328125 0.20234375 0.0140625 0.02421875
0 0.58046875 0.16796875 0.0125 0.02265625
0 0.525 0.1796875 0.0140625 0.02265625
0 0.19375 0.078125 0.0125 0.021875
0 0.91875 0.7109375 0.034375 0.0546875
0 0.1796875 0.14296875 0.0140625 0.021875
0 0.8703125 0.06796875 0.0109375 0.01875
0 0.23359375 0.0078125 0.0125 0.015625
0 0.10546875 0.18203125 0.0140625 0.02421875
0 0.14375 0.16875 0.0140625 0.021875
0 0.253125 0.17109375 0.0125 0.02265625
0 0.959375 0.2671875 0.0125 0.02421875
0 0.1765625 0.21796875 0.01484375 0.02734375
0 0.84453125 0.05546875 0.01171875 0.01875
0 0.128125 0.03046875 0.0125 0.0203125
0 0.13203125 0.07265625 0.0140625 0.01875
0 0.68125 0.21875 0.0140625 0.02578125
0 0.70234375 0.1578125 0.01171875 0.021875
0 0.0703125 0.334375 0.015625 0.02421875
0 0.05859375 0.2421875 0.0140625 0.02421875
0 0.49140625 0.1703125 0.0140625 0.021875
0 0.83671875 0.671875 0.0359375 0.0515625
0 0.221875 0.17265625 0.0140625 0.0203125
0 0.165625 0.184375 0.0125 0.02265625
0 0.0515625 0.32421875 0.01484375 0.02734375
0 0.965625 0.19375 0.0140625 0.021875
0 0.43046875 0.18046875 0.0140625 0.01875
0 0.94453125 0.23046875 0.01171875 0.0203125
0 0.1265625 0.3046875 0.01484375 0.02265625
0 0.55703125 0.06796875 0.0109375 0.01875
0 0.02421875 0.159375 0.01484375 0.02265625
0 0.621875 0.140625 0.0140625 0.02265625
0 0.06796875 0.1171875 0.0125 0.021875
0 0.76875 0.11875 0.01171875 0.01875
0 0.0328125 0.1421875 0.0140625 0.02265625
0 0.14609375 0.21875 0.0125 0.02578125
0 0.08046875 0.14296875 0.0125 0.021875
0 0.75703125 0.07890625 0.01171875 0.0203125
0 0.01640625 0.25390625 0.015625 0.02421875
0 0.8953125 0.08046875 0.01171875 0.0203125
0 0.1140625 0.22109375 0.0140625 0.021875
0 0.3453125 0.0171875 0.0109375 0.0171875
0 0.91484375 0.21875 0.01171875 0.02265625
0 0.09765625 0.14375 0.0140625 0.02265625
0 0.38125 0.04140625 0.0109375 0.0171875
0 0.1625 0.08046875 0.01171875 0.0203125
0 0.1453125 0.1046875 0.01171875 0.0203125
0 0.665625 0.03046875 0.0109375 0.0171875
0 0.86796875 0.03125 0.0109375 0.015625
0 0.00390625 0.13203125 0.0078125 0.02265625
0 0.36875 0.00625 0.0125 0.0125
0 0.2484375 0.22734375 0.0140625 0.02265625
0 0.08203125 0.165625 0.0140625 0.0203125
0 0.821875 0.04375 0.0109375 0.01875
0 0.128125 0.1921875 0.0125 0.021875
0 0.4640625 0.115625 0.0109375 0.01875
0 0.22109375 0.0421875 0.0125 0.01875
0 0.12734375 0.2140625 0.0125 0.02265625
0 0.32734375 0.00859375 0.01171875 0.0171875
0 0.6828125 0.11640625 0.0109375 0.0203125
0 0.00703125 0.21484375 0.0140625 0.02421875
0 0.259375 0.08984375 0.01171875 0.021875
0 0.7921875 0.0578125 0.009375 0.0171875
0 0.609375 0.1578125 0.01171875 0.021875
0 0.53046875 0.15546875 0.0125 0.0203125
0 0.88984375 0.19375 0.0125 0.021875
0 0.19375 0.009375 0.0125 0.01875
0 0.4546875 0.16328125 0.01171875 0.01875
0 0.01484375 0.41875 0.0171875 0.02265625
0 0.78984375 0.18046875 0.01171875 0.01875
0 0.01328125 0.19140625 0.01484375 0.02265625
0 0.3703125 0.0921875 0.01171875 0.0203125
0 0.8078125 0.15625 0.01171875 0.01875
0 0.72109375 0.16953125 0.0125 0.0203125
0 0.45234375 0.13515625 0.0109375 0.0203125
0 0.70625 0.134375 0.01171875 0.01875
0 0.2796875 0.03515625 0.009375 0.01875
0 0.621875 0.19375 0.0140625 0.021875
0 0.071875 0.25546875 0.0125 0.021875
0 0.5828125 0.06875 0.009375 0.0171875
0 0.13203125 0.409375 0.0171875 0.02734375
0 0.50390625 0.13203125 0.01171875 0.01875
0 0.10859375 0.3875 0.01875 0.03046875
0 0.984375 0.24296875 0.0140625 0.0203125
0 0.77734375 0.22890625 0.0140625 0.02265625
0 0.1546875 0.04375 0.01171875 0.01875
0 0.5328125 0.05546875 0.0109375 0.01875
0 0.509375 0.04453125 0.0109375 0.0171875
0 0.540625 0.10078125 0.01171875 0.0203125
0 0.44296875 0.00625 0.0109375 0.0125
0 0.86796875 0.13203125 0.0109375 0.0171875
0 0.86796875 0.21796875 0.0140625 0.021875
0 0.16875 0.11875 0.0125 0.021875
0 0.98359375 0.2984375 0.0171875 0.03046875
0 0.746875 0.2125 0.0125 0.01875
0 0.946875 0.11875 0.0125 0.021875
0 0.9015625 0.2265625 0.0140625 0.02421875
0 0.23046875 0.06875 0.01171875 0.0203125
0 0.9015625 0.8015625 0.0296875 0.04296875
0 0.75703125 0.6296875 0.03125 0.04765625
0 0.29375 0.134375 0.0125 0.01875
0 0.67734375 0.1828125 0.0125 0.0203125
0 0.73046875 0.00625 0.0109375 0.0125
0 0.41796875 0.1203125 0.01171875 0.01875
0 0.75703125 0.0078125 0.01171875 0.015625
0 0.26484375 0.0671875 0.01171875 0.01875
0 0.0890625 0.215625 0.0140625 0.02265625
0 0.89375 0.16640625 0.01171875 0.021875
0 0.434375 0.0828125 0.0125 0.01875
0 0.78203125 0.03125 0.01171875 0.01875
0 0.83203125 0.12109375 0.009375 0.0171875
0 0.6203125 0.096875 0.01171875 0.01875
0 0.10859375 0.04296875 0.0109375 0.0203125
0 0.384375 0.09375 0.01171875 0.0203125
0 0.23359375 0.09375 0.0125 0.02265625
0 0.69375 0.0484375 0.0109375 0.01875
0 0.46875 0.00625 0.0125 0.0125
0 0.93046875 0.03125 0.0109375 0.015625
0 0.64296875 0.19296875 0.0109375 0.0203125
0 0.32734375 0.0828125 0.01171875 0.021875
0 0.815625 0.06796875 0.0109375 0.0171875
0 0.7796875 0.159375 0.01171875 0.0203125
0 0.40703125 0.04375 0.009375 0.01875
0 0.43046875 0.0203125 0.0109375 0.0171875
0 0.3703125 0.03046875 0.01171875 0.0203125
0 0.11015625 0.13203125 0.0140625 0.021875
0 0.78203125 0.1046875 0.0109375 0.01875
0 0.40390625 0.17109375 0.0109375 0.0203125
0 0.009375 0.0796875 0.0140625 0.021875
0 0.446875 0.06640625 0.01171875 0.0203125
0 0.6828125 0.04453125 0.009375 0.0171875
0 0.309375 0.08046875 0.0125 0.0203125
0 0.43046875 0.0453125 0.0109375 0.01875
0 0.66875 0.07421875 0.0109375 0.01875
0 0.30625 0.00546875 0.0125 0.0109375
0 0.08359375 0.08125 0.0125 0.021875
0 0.31484375 0.04296875 0.0109375 0.0171875
0 0.54609375 0.153125 0.0125 0.021875
0 0.55390625 0.13046875 0.009375 0.01875
0 0.82734375 0.0828125 0.0109375 0.01875
0 0.990625 0.11640625 0.0125 0.02265625
0 0.90703125 0.0546875 0.0109375 0.0171875
0 0.28515625 0.06796875 0.01171875 0.01875
0 0.41875 0.07734375 0.01171875 0.0203125
0 0.715625 0.2046875 0.0140625 0.02265625
0 0.18984375 0.04765625 0.0125 0.0203125
0 0.36484375 0.07265625 0.0109375 0.01875
0 0.09296875 0.06640625 0.0125 0.0203125
0 0.3109375 0.13203125 0.0109375 0.0203125
0 0.9296875 0.06796875 0.01171875 0.01875
0 0.51875 0.13203125 0.0109375 0.01875
0 0.4046875 0.071875 0.01171875 0.0203125
0 0.3546875 0.11875 0.009375 0.01875
0 0.80546875 0.13125 0.0109375 0.0171875
0 0.7171875 0.11484375 0.01171875 0.0203125
0 0.571875 0.090625 0.0109375 0.0203125
0 0.578125 0.00546875 0.009375 0.0109375
0 0.4953125 0.00859375 0.01171875 0.0171875
0 0.34140625 0.06796875 0.0109375 0.0203125
0 0.903125 0.19140625 0.0125 0.0203125
0 0.75390625 0.05546875 0.01171875 0.01875
0 0.378125 0.11640625 0.0109375 0.0203125
0 0.84453125 0.15546875 0.0109375 0.0203125
0 0.66484375 0.0546875 0.01171875 0.0203125
0 0.6171875 0.05390625 0.009375 0.01875
0 0.08359375 0.12109375 0.0125 0.0203125
0 0.98046875 0.06796875 0.01171875 0.01875
0 0.253125 0.00546875 0.0125 0.0109375
0 0.9046875 0.03125 0.0109375 0.015625
0 0.95546875 0.22109375 0.0125 0.021875
0 0.60546875 0.00546875 0.0109375 0.0109375
0 0.03203125 0.0453125 0.0125 0.02421875
0 0.65703125 0.14140625 0.0125 0.021875
0 0.51796875 0.02734375 0.00859375 0.0203125
0 0.27734375 0.1546875 0.0140625 0.01875
0 0.55390625 0.0203125 0.009375 0.0171875
0 0.63984375 0.0203125 0.0109375 0.0171875
0 0.3015625 0.2046875 0.01171875 0.0203125
0 0.1765625 0.00546875 0.0125 0.0109375
0 0.26484375 0.04609375 0.0109375 0.0171875
0 0.7296875 0.0546875 0.0109375 0.0171875
0 0.2046875 0.1953125 0.01171875 0.021875
0 0.0515625 0.015625 0.0140625 0.02265625
0 0.0046875 0.15703125 0.00859375 0.02578125
0 0.29140625 0.04140625 0.0109375 0.0171875
0 0.98046875 0.15625 0.01171875 0.021875
0 0.6546875 0.01875 0.009375 0.0171875
0 0.0203125 0.128125 0.0140625 0.02265625
0 0.39453125 0.13359375 0.009375 0.0203125
0 0.76640625 0.05703125 0.009375 0.021875
0 0.38203125 0.19453125 0.01171875 0.02265625
0 0.68984375 0.03046875 0.0109375 0.0171875
0 0.68828125 0.14609375 0.01171875 0.021875
0 0.8078125 0.01953125 0.0109375 0.015625
0 0.93046875 0.11328125 0.0109375 0.0203125
0 0.503125 0.0796875 0.0109375 0.01875
0 0.40390625 0.00546875 0.0109375 0.0109375
0 0.853125 0.03046875 0.0109375 0.0171875
0 0.2828125 0.17734375 0.0140625 0.021875
0 0.69375 0.00546875 0.0125 0.0109375
0 0.8078125 0.10625 0.0109375 0.0203125
0 0.5328125 0.07734375 0.0109375 0.0203125
0 0.13046875 0.00546875 0.0109375 0.0109375
0 0.89375 0.05546875 0.01171875 0.01875
0 0.646875 0.08359375 0.01171875 0.0203125
0 0.95234375 0.0921875 0.01171875 0.0203125
0 0.64453125 0.11796875 0.009375 0.0171875
0 0.853125 0.21875 0.0125 0.0203125
0 0.00703125 0.01796875 0.0140625 0.02421875
0 0.59453125 0.18984375 0.0140625 0.02265625
0 0.2171875 0.13125 0.01171875 0.0203125
0 0.99296875 0.21875 0.0125 0.0203125
0 0.88984375 0.13515625 0.0109375 0.0203125
0 0.48125 0.09296875 0.0109375 0.01875
0 0.86171875 0.08671875 0.0109375 0.0203125
0 0.86171875 0.1609375 0.0109375 0.0203125
0 0.81015625 0.25 0.01484375 0.021875
0 0.91875 0.1671875 0.01171875 0.0203125
0 0.740625 0.11796875 0.01171875 0.0203125
0 0.00703125 0.33984375 0.0140625 0.02578125
0 0.35625 0.0328125 0.009375 0.0171875
0 0.9671875 0.09609375 0.0109375 0.0203125
0 0.63984375 0.05703125 0.01171875 0.021875
0 0.4921875 0.115625 0.009375 0.015625
0 0.16484375 0.05546875 0.01171875 0.01875
0 0.7703125 0.140625 0.01171875 0.0203125
0 0.17734375 0.16796875 0.0125 0.021875
0 0.8421875 0.021875 0.0109375 0.0140625
0 0.47890625 0.03203125 0.0109375 0.0171875
0 0.040625 0.07890625 0.0140625 0.02265625
0 0.571875 0.14296875 0.0109375 0.01875
0 0.03359375 0.11171875 0.0125 0.01875
0 0.98359375 0.1953125 0.0140625 0.021875
0 0.93984375 0.05703125 0.0125 0.01875
0 0.70703125 0.0578125 0.009375 0.0171875
0 0.828125 0.16953125 0.01171875 0.0203125
0 0.7953125 0.09140625 0.009375 0.015625
0 0.29375 0.0828125 0.0109375 0.01875
0 0.81640625 0.215625 0.0140625 0.02265625
0 0.56953125 0.03203125 0.009375 0.0171875
0 0.046875 0.19765625 0.0140625 0.02421875
0 0.39296875 0.00546875 0.0109375 0.0109375
0 0.1671875 0.03125 0.009375 0.01875
0 0.8921875 0.115625 0.009375 0.01875
0 0.74296875 0.178125 0.0109375 0.0171875
0 0.10078125 0.2328125 0.0140625 0.02265625
0 0.6765625 0.26796875 0.0140625 0.02265625
0 0.88984375 0.03046875 0.0109375 0.0203125
0 0.228125 0.22734375 0.0125 0.0203125
0 0.10859375 0.26875 0.01484375 0.02890625
0 0.203125 0.13515625 0.01171875 0.0203125
0 0.84453125 0.08046875 0.009375 0.0171875
0 0.73984375 0.234375 0.0125 0.02265625
0 0.82890625 0.25625 0.0140625 0.02265625
0 0.5921875 0.10546875 0.0109375 0.01875
0 0.06953125 0.059375 0.01171875 0.01875
0 0.87890625 0.15234375 0.01171875 0.0203125
0 0.0875 0.18671875 0.0125 0.021875
0 0.8421875 0.13125 0.009375 0.0171875
0 0.665625 0.1953125 0.0109375 0.01875
0 0.0609375 0.271875 0.01484375 0.02578125
0 0.38203125 0.15234375 0.01171875 0.0203125
0 0.45234375 0.04140625 0.0109375 0.0171875
0 0.35625 0.1390625 0.01171875 0.01875
0 0.946875 0.19375 0.0109375 0.01875