1 0.390625 0.4125 0.06484375 0.175
1 0.8328125 0.840625 0.084375 0.30859375
1 0.66953125 0.66953125 0.025 0.0484375
1 0.6234375 0.67421875 0.02734375 0.0484375
1 0.8046875 0.70703125 0.02734375 0.05078125
1 0.575 0.34453125 0.021875 0.0390625
1 0.753125 0.65078125 0.03203125 0.0578125
1 0.58203125 0.6359375 0.02578125 0.04140625
1 0.93203125 0.7140625 0.02734375 0.05078125
1 0.45859375 0.39296875 0.021875 0.0390625
1 0.89375 0.66796875 0.025 0.04140625
1 0.8640625 0.71875 0.03203125 0.05546875
1 0.525 0.38515625 0.025 0.03671875
1 0.3421875 0.665625 0.02578125 0.04140625
1 0.5671875 0.73046875 0.03203125 0.05546875
1 0.6265625 0.32578125 0.0234375 0.034375
1 0.40078125 0.6265625 0.0234375 0.04140625
1 0.86015625 0.6546875 0.02734375 0.04609375
1 0.83359375 0.66796875 0.03046875 0.04609375
1 0.396875 0.3453125 0.021875 0.03671875
1 0.28359375 0.70390625 0.0234375 0.034375
1 0.403125 0.76484375 0.04921875 0.23515625
1 0.55546875 0.4078125 0.021875 0.03671875
1 0.49921875 0.64609375 0.9984375 0.665625
1 0.403125 0.66796875 0.025 0.04140625
1 0.82890625 0.709375 0.02734375 0.04609375
1 0.28828125 0.79140625 0.05390625 0.209375
1 0.0625 0.7140625 0.02890625 0.05546875
1 0.203125 0.475 0.06484375 0.12890625
1 0.45546875 0.4265625 0.05546875 0.10625
1 0.4609375 0.6265625 0.0203125 0.03671875
1 0.47421875 0.50078125 0.04609375 0.13125
1 0.3171875 0.64140625 0.021875 0.034375
1 0.93203125 0.5359375 0.025 0.04375
1 0.2015625 0.4265625 0.01875 0.03203125
1 0.1546875 0.6359375 0.02578125 0.04140625
1 0.28046875 0.653125 0.0203125 0.0390625
1 0.3390625 0.7671875 0.05078125 0.24453125
1 0.4828125 0.66015625 0.025 0.0390625
1 0.15 0.59453125 0.0234375 0.03671875
1 0.665625 0.79609375 0.07265625 0.3015625
1 0.33046875 0.48046875 0.01875 0.0296875
1 0.93125 0.64375 0.03828125 0.053125
1 0.5234375 0.5515625 0.021875 0.0296875
1 0.5234375 0.43984375 0.04296875 0.14765625
1 0.7140625 0.346875 0.01875 0.0390625
1 0.5921875 0.71640625 0.025 0.03671875
1 0.21796875 0.59921875 0.02578125 0.03671875
1 0.4265625 0.65703125 0.0234375 0.04140625
1 0.57109375 0.38359375 0.05234375 0.1171875
1 0.82109375 0.59453125 0.02578125 0.04609375
1 0.5078125 0.64296875 0.021875 0.03671875
1 0.86640625 0.5875 0.03046875 0.05078125
1 0.96796875 0.753125 0.02734375 0.05078125
1 0.71796875 0.6171875 0.02578125 0.04140625
1 0.121875 0.58203125 0.021875 0.034375
1 0.10859375 0.67734375 0.0234375 0.04140625
1 0.51875 0.71171875 0.03359375 0.0734375
1 0.5046875 0.3890625 0.01875 0.03671875
1 0.72734375 0.71328125 0.025 0.0390625
1 0.625 0.47109375 0.03828125 0.0578125
1 0.3140625 0.5734375 0.025 0.04609375
1 0.52421875 0.66015625 0.02890625 0.04375
1 0.67890625 0.628125 0.0234375 0.0390625
1 0.925 0.8296875 0.06953125 0.28125
1 0.62109375 0.60859375 0.0234375 0.03671875
1 0.2203125 0.465625 0.021875 0.03203125
1 0.5625 0.81796875 0.06328125 0.23046875
1 0.3640625 0.5140625 0.0171875 0.03671875
1 0.63046875 0.37421875 0.03359375 0.13125
1 0.32578125 0.5125 0.04921875 0.08984375
1 0.1859375 0.60625 0.025 0.03671875
1 0.484375 0.56015625 0.025 0.04140625
1 0.57890625 0.5265625 0.03828125 0.0484375
1 0.4921875 0.42421875 0.025 0.05078125
1 0.984375 0.66015625 0.025 0.0484375
1 0.45546875 0.55859375 0.01875 0.0296875
1 0.72265625 0.40546875 0.03515625 0.15703125
1 0.971875 0.84296875 0.02578125 0.04609375
1 0.059375 0.6328125 0.0234375 0.0296875
1 0.89609375 0.75078125 0.0234375 0.04609375
1 0.76171875 0.6046875 0.025 0.0390625
1 0.70625 0.715625 0.025 0.04375
1 0.6296875 0.34453125 0.03203125 0.07109375
1 0.4734375 0.4546875 0.0234375 0.0390625
1 0.6703125 0.72265625 0.02578125 0.04375
1 0.5578125 0.45625 0.03828125 0.13359375
1 0.51875 0.79921875 0.03046875 0.05546875
1 0.615625 0.78125 0.06171875 0.2625
1 0.9703125 0.5625 0.0234375 0.04609375
1 0.434375 0.56328125 0.02890625 0.0484375
1 0.22734375 0.67734375 0.03046875 0.04140625
1 0.98671875 0.57109375 0.0234375 0.04609375