1 0.228125 0.76640625 0.11015625 0.209375
1 0.32890625 0.64140625 0.09765625 0.19921875
1 0.75078125 0.58515625 0.090625 0.159375
1 0.44375 0.57734375 0.075 0.1390625
1 0.62734375 0.9234375 0.1296875 0.14765625
1 0.26640625 0.4984375 0.08984375 0.15390625
1 0.63046875 0.47265625 0.07734375 0.14921875
1 0.55625 0.68671875 0.1046875 0.2375
1 0.5609375 0.7828125 0.2671875 0.42578125
1 0.471875 0.421875 0.0640625 0.1203125
1 0.9578125 0.5796875 0.08125 0.2375
1 0.04453125 0.63125 0.0890625 0.1578125
1 0.13046875 0.42265625 0.059375 0.10703125
1 0.884375 0.4 0.05 0.0875
1 0.56640625 0.40078125 0.046875 0.07734375
1 0.25703125 0.82890625 0.2703125 0.33359375
1 0.0296875 0.79140625 0.05859375 0.209375
1 0.678125 0.42421875 0.0578125 0.115625
1 0.365625 0.38671875 0.05390625 0.096875
1 0.80625 0.340625 0.03515625 0.065625
1 0.82265625 0.6453125 0.0671875 0.12734375
1 0.32421875 0.39453125 0.0375 0.07734375
1 0.69453125 0.31484375 0.0359375 0.0671875
1 0.47734375 0.475 0.1875 0.353125
1 0.1265625 0.56171875 0.06953125 0.121875
1 0.72109375 0.40234375 0.04765625 0.09921875
1 0.77265625 0.36796875 0.03984375 0.075
1 0.1796875 0.4453125 0.0453125 0.0734375
1 0.065625 0.840625 0.13125 0.309375
1 0.91328125 0.72890625 0.16875 0.5359375
1 0.72734375 0.33125 0.028125 0.05
1 0.49921875 0.6125 0.9953125 0.75703125
1 0.7625 0.74921875 0.20703125 0.490625
1 0.45 0.66796875 0.1375 0.31953125
1 0.3625 0.7671875 0.178125 0.45390625
1 0.28046875 0.3953125 0.0359375 0.0640625
1 0.5484375 0.35 0.0453125 0.06171875
1 0.596875 0.37890625 0.0328125 0.0640625
1 0.05859375 0.459375 0.05078125 0.08515625
1 0.02734375 0.39296875 0.0328125 0.05703125
1 0.71796875 0.49453125 0.040625 0.05703125
1 0.09296875 0.59453125 0.065625 0.1171875
1 0.19453125 0.38984375 0.03515625 0.05859375
1 0.09453125 0.7484375 0.1875 0.3921875
1 0.65 0.61015625 0.159375 0.42578125
1 0.925 0.4125 0.04296875 0.07890625
1 0.25 0.38046875 0.0328125 0.06171875
1 0.1375 0.49921875 0.1 0.2578125
1 0.27421875 0.97578125 0.121875 0.0421875
1 0.846875 0.31015625 0.0265625 0.04375
1 0.01875 0.5109375 0.0375 0.1109375
1 0.23515625 0.5875 0.16015625 0.33125
1 0.38125 0.48671875 0.0328125 0.1125
1 0.64765625 0.36328125 0.0328125 0.05546875
1 0.8859375 0.3390625 0.0296875 0.0421875
1 0.23359375 0.41875 0.0328125 0.05546875
1 0.78046875 0.5296875 0.06171875 0.09921875
1 0.33515625 0.53984375 0.06953125 0.06015625
1 0.14765625 0.36640625 0.0328125 0.0515625
1 0.35234375 0.440625 0.090625 0.2109375
1 0.78671875 0.41640625 0.07890625 0.17421875
1 0.25 0.33359375 0.02734375 0.040625
1 0.22265625 0.34453125 0.0234375 0.03984375
1 0.053125 0.30859375 0.02265625 0.040625
1 0.5796875 0.340625 0.0234375 0.0484375
1 0.61015625 0.35 0.034375 0.0640625
1 0.9453125 0.46328125 0.06640625 0.06015625
1 0.56953125 0.44375 0.0625 0.1640625
1 0.74140625 0.43125 0.0921875 0.15703125
1 0.6859375 0.48125 0.08203125 0.2296875
1 0.93046875 0.33359375 0.028125 0.040625
1 0.8609375 0.50859375 0.11328125 0.30625
1 0.934375 0.3890625 0.040625 0.075
1 0.11953125 0.353125 0.0265625 0.04375
1 0.940625 0.25703125 0.02265625 0.03671875
1 0.33515625 0.33671875 0.02734375 0.03828125
1 0.90546875 0.3078125 0.0203125 0.03828125
1 0.59140625 0.3125 0.0203125 0.03671875
1 0.30625 0.38203125 0.021875 0.05546875
1 0.825 0.3859375 0.07421875 0.15703125
1 0.86484375 0.33671875 0.0265625 0.05
1 0.08515625 0.3453125 0.025 0.04375
1 0.9578125 0.359375 0.0375 0.05390625
1 0.17890625 0.3546875 0.02421875 0.0421875
1 0.9515625 0.31484375 0.028125 0.046875
1 0.9734375 0.2609375 0.0265625 0.040625
1 0.45234375 0.35234375 0.03046875 0.0453125
1 0.915625 0.55625 0.04609375 0.140625
1 0.10625 0.63984375 0.09453125 0.2046875
1 0.6546875 0.334375 0.0265625 0.03984375
1 0.18828125 0.53046875 0.02734375 0.065625
1 0.39453125 0.49140625 0.0609375 0.12421875