0 0.16640625 0.96953125 0.0125 0.01796875
0 0.2171875 0.78203125 0.0109375 0.01640625
0 0.19140625 0.86953125 0.0125 0.01796875
0 0.46953125 0.409375 0.00859375 0.01484375
0 0.3828125 0.59140625 0.01015625 0.01640625
0 0.70390625 0.42890625 0.01015625 0.01484375
0 0.50390625 0.46953125 0.01015625 0.01796875
0 0.28984375 0.746875 0.01015625 0.01640625
0 0.64609375 0.13203125 0.01015625 0.01328125
0 0.278125 0.659375 0.0109375 0.01796875
0 0.1484375 0.9015625 0.0140625 0.0234375
0 0.9046875 0.31953125 0.0109375 0.01484375
0 0.66484375 0.434375 0.01015625 0.01484375
0 0.3671875 0.346875 0.0109375 0.01328125
0 0.296875 0.64453125 0.0109375 0.01796875
0 0.30703125 0.1421875 0.0109375 0.01484375
0 0.6171875 0.47890625 0.01015625 0.01796875
0 0.25703125 0.79140625 0.0109375 0.01640625
0 0.246875 0.771875 0.0109375 0.01640625
0 0.5546875 0.121875 0.00859375 0.01328125
0 0.665625 0.134375 0.0109375 0.01484375
0 0.2703125 0.41640625 0.0109375 0.01640625
0 0.2390625 0.17265625 0.0109375 0.01484375
0 0.4078125 0.64140625 0.0109375 0.01640625
0 0.63203125 0.509375 0.0109375 0.01796875
0 0.42890625 0.41953125 0.01015625 0.01484375
0 0.4703125 0.43203125 0.00859375 0.01640625
0 0.7921875 0.2078125 0.01015625 0.01484375
0 0.2390625 0.8515625 0.0109375 0.01640625
0 0.6296875 0.46640625 0.00859375 0.01328125
0 0.45703125 0.334375 0.0109375 0.01484375
0 0.59296875 0.14140625 0.00859375 0.01328125
0 0.6796875 0.42890625 0.01015625 0.01796875
0 0.3203125 0.43203125 0.01015625 0.01328125
0 0.30625 0.74453125 0.01015625 0.01796875
0 0.71796875 0.409375 0.0109375 0.01796875
0 0.35703125 0.40703125 0.0109375 0.01640625
0 0.65546875 0.51640625 0.0109375 0.01640625
0 0.590625 0.48203125 0.00859375 0.01640625
0 0.46796875 0.109375 0.00625 0.01171875
0 0.59296875 0.25703125 0.00859375 0.01328125
0 0.6578125 0.471875 0.00859375 0.01640625
0 0.2453125 0.65703125 0.01015625 0.01640625
0 0.4828125 0.48203125 0.0109375 0.01640625
0 0.7921875 0.346875 0.01015625 0.01640625
0 0.3703125 0.61953125 0.00859375 0.01484375
0 0.53046875 0.46640625 0.00859375 0.01640625
0 0.82890625 0.30703125 0.01015625 0.01328125
0 0.378125 0.12890625 0.00859375 0.01484375
0 0.35546875 0.596875 0.0109375 0.01640625
0 0.30625 0.66640625 0.01015625 0.01640625
0 0.278125 0.7765625 0.00859375 0.01640625
0 0.48984375 0.30703125 0.01015625 0.01328125
0 0.25546875 0.76171875 0.0109375 0.01640625
0 0.5046875 0.30703125 0.00859375 0.01328125
0 0.13125 0.9515625 0.0125 0.0203125
0 0.26953125 0.15390625 0.0109375 0.01484375
0 0.3953125 0.11640625 0.00859375 0.01328125
0 0.1578125 0.91953125 0.00859375 0.01796875
0 0.49453125 0.11953125 0.00859375 0.01171875
0 0.53046875 0.30390625 0.00859375 0.01484375
0 0.29453125 0.78203125 0.0109375 0.01640625
0 0.6078125 0.35703125 0.01015625 0.01640625
0 0.44140625 0.20703125 0.0078125 0.01328125
0 0.5203125 0.20390625 0.00859375 0.01171875
0 0.55703125 0.209375 0.00859375 0.01484375
0 0.6078125 0.4640625 0.01015625 0.01796875
0 0.6671875 0.496875 0.01015625 0.01640625
0 0.2921875 0.14765625 0.0109375 0.01484375
0 0.1671875 0.84140625 0.0109375 0.01640625
0 0.3171875 0.709375 0.01015625 0.01796875
0 0.60703125 0.134375 0.00859375 0.01484375
0 0.7453125 0.39453125 0.0109375 0.01484375
0 0.2578125 0.66953125 0.01015625 0.01796875
0 0.40546875 0.59453125 0.00859375 0.01796875
0 0.6796875 0.471875 0.01015625 0.01640625
0 0.2421875 0.81640625 0.0109375 0.01640625
0 0.80703125 0.32890625 0.00859375 0.01484375
0 0.4390625 0.42890625 0.00859375 0.01484375
0 0.41796875 0.4921875 0.0109375 0.01484375
0 0.7609375 0.4140625 0.01015625 0.01796875
0 0.4453125 0.48203125 0.01015625 0.01640625
0 0.35234375 0.64140625 0.01015625 0.01640625
0 0.4828125 0.50390625 0.0109375 0.01796875
0 0.4421875 0.53203125 0.00859375 0.01640625
0 0.61484375 0.33203125 0.01015625 0.01640625
0 0.52109375 0.50703125 0.01015625 0.01640625
0 0.653125 0.259375 0.00859375 0.01484375
0 0.53203125 0.334375 0.0109375 0.01796875
0 0.2578125 0.63203125 0.01015625 0.01640625
0 0.60234375 0.2265625 0.01015625 0.01640625
0 0.5421875 0.1328125 0.00859375 0.01484375
0 0.6140625 0.5140625 0.0109375 0.01796875
0 0.3953125 0.23203125 0.0109375 0.01328125
0 0.571875 0.484375 0.00859375 0.01796875
0 0.55234375 0.5015625 0.01015625 0.01640625
0 0.61953125 0.134375 0.00859375 0.01484375
0 0.8546875 0.34140625 0.00859375 0.01328125
0 0.44375 0.584375 0.01015625 0.01796875
0 0.48984375 0.55390625 0.01015625 0.01796875
0 0.715625 0.18203125 0.00859375 0.01328125
0 0.33046875 0.671875 0.0109375 0.01640625
0 0.3375 0.13671875 0.01015625 0.01640625
0 0.65546875 0.44453125 0.00859375 0.01484375
0 0.540625 0.22890625 0.00859375 0.01484375
0 0.34453125 0.7265625 0.00859375 0.01640625
0 0.353125 0.70703125 0.0109375 0.01640625
0 0.85078125 0.28203125 0.0109375 0.01640625
0 0.621875 0.23203125 0.00859375 0.01640625
0 0.265625 0.82890625 0.0109375 0.01484375
0 0.603125 0.50703125 0.0109375 0.01640625
0 0.4546875 0.496875 0.0109375 0.01640625
0 0.4828125 0.459375 0.0109375 0.01484375
0 0.4421875 0.60703125 0.0109375 0.01640625
0 0.528125 0.11640625 0.00859375 0.01328125
0 0.5671875 0.5015625 0.0109375 0.01640625
0 0.55625 0.33203125 0.0078125 0.01640625
0 0.5265625 0.36640625 0.0109375 0.01640625
0 0.50625 0.3671875 0.01015625 0.01484375
0 0.5109375 0.11171875 0.00859375 0.01328125
0 0.315625 0.64140625 0.00859375 0.01640625
0 0.31796875 0.54140625 0.00859375 0.01328125
0 0.44453125 0.10390625 0.00859375 0.01171875
0 0.21796875 0.8515625 0.00859375 0.01640625
0 0.390625 0.61640625 0.0109375 0.01640625
0 0.56796875 0.11640625 0.00859375 0.01328125
0 0.34453125 0.515625 0.00625 0.01484375
0 0.7328125 0.434375 0.00859375 0.01484375
0 0.628125 0.29140625 0.00859375 0.01640625
0 0.6796875 0.496875 0.01015625 0.01640625
0 0.1796875 0.8515625 0.0109375 0.01640625
0 0.81171875 0.21640625 0.00859375 0.01640625
0 0.753125 0.44140625 0.0109375 0.01328125
0 0.50625 0.24609375 0.01015625 0.01484375
0 0.8671875 0.3265625 0.01015625 0.01640625
0 0.2078125 0.8140625 0.01015625 0.01796875
0 0.5796875 0.34453125 0.00859375 0.01484375
0 0.70703125 0.49140625 0.00859375 0.01640625
0 0.35703125 0.45390625 0.0109375 0.01484375
0 0.5578125 0.14453125 0.0109375 0.01484375
0 0.4203125 0.109375 0.00859375 0.01171875
0 0.83125 0.32890625 0.01015625 0.01484375
0 0.7546875 0.4640625 0.00859375 0.01484375
0 0.2921875 0.66640625 0.0109375 0.01640625
0 0.2921875 0.5640625 0.00859375 0.01484375
0 0.565625 0.24453125 0.0109375 0.01484375
0 0.59453125 0.29453125 0.00625 0.01171875
0 0.4515625 0.26953125 0.00859375 0.01796875
0 0.415625 0.27890625 0.00859375 0.01484375
0 0.50703125 0.26953125 0.00859375 0.01484375
0 0.453125 0.43203125 0.0109375 0.01328125
0 0.86015625 0.38671875 0.01015625 0.01640625
0 0.88359375 0.31953125 0.01015625 0.01484375
0 0.8171875 0.3765625 0.00859375 0.01328125
0 0.46953125 0.20390625 0.00625 0.01171875
0 0.4296875 0.546875 0.01015625 0.01640625
0 0.4203125 0.30703125 0.0109375 0.01640625
0 0.42890625 0.28203125 0.01015625 0.01328125
0 0.315625 0.59453125 0.00859375 0.01484375
0 0.4296875 0.10703125 0.0078125 0.01328125
0 0.74453125 0.4640625 0.00859375 0.01484375
0 0.36953125 0.45390625 0.00859375 0.01484375
0 0.4921875 0.5265625 0.01015625 0.01640625
0 0.69453125 0.459375 0.00859375 0.01796875
0 0.4734375 0.12421875 0.00859375 0.01484375
0 0.19453125 0.91171875 0.0109375 0.01640625
0 0.78046875 0.37890625 0.00859375 0.01796875
0 0.4515625 0.5515625 0.0109375 0.01640625
0 0.328125 0.51953125 0.00859375 0.01484375
0 0.40546875 0.34453125 0.00859375 0.01484375
0 0.40703125 0.4921875 0.00859375 0.01484375
0 0.4578125 0.45390625 0.00859375 0.01484375
0 0.69296875 0.146875 0.00859375 0.01328125
0 0.28046875 0.8390625 0.0109375 0.01796875
0 0.3796875 0.38203125 0.00859375 0.01328125
0 0.2953125 0.8015625 0.0109375 0.01640625
0 0.503125 0.20390625 0.00859375 0.01171875
0 0.53046875 0.23046875 0.00859375 0.01484375
0 0.47890625 0.20703125 0.0078125 0.01328125
0 0.8703125 0.28203125 0.0109375 0.01640625
0 0.4046875 0.54453125 0.00859375 0.01484375
0 0.21796875 0.7640625 0.00859375 0.01484375
0 0.53984375 0.31953125 0.01015625 0.01484375
0 0.7703125 0.43203125 0.00859375 0.01640625
0 0.46796875 0.54453125 0.00859375 0.01796875
0 0.39296875 0.51640625 0.00859375 0.01328125
0 0.56953125 0.2640625 0.00859375 0.01796875
0 0.41484375 0.44453125 0.01015625 0.01484375
0 0.39609375 0.36640625 0.01015625 0.01640625
0 0.4421875 0.27890625 0.0078125 0.01484375
0 0.7453125 0.16953125 0.0109375 0.01796875
0 0.8171875 0.35703125 0.0078125 0.01328125
0 0.76875 0.47890625 0.01015625 0.01484375
0 0.5453125 0.41953125 0.00859375 0.01796875
0 0.63046875 0.14453125 0.00859375 0.01171875
0 0.84296875 0.31640625 0.00859375 0.01328125
0 0.76640625 0.38203125 0.01015625 0.01640625
0 0.6421875 0.4515625 0.00859375 0.01640625
0 0.3671875 0.43203125 0.00859375 0.01328125
0 0.1796875 0.89140625 0.0109375 0.01640625
0 0.546875 0.35390625 0.00859375 0.01796875
0 0.6796875 0.18203125 0.01015625 0.01328125
0 0.3953125 0.42890625 0.00859375 0.01484375
0 0.7875 0.309375 0.01015625 0.01484375
0 0.4671875 0.29453125 0.00625 0.01484375
0 0.5703125 0.33203125 0.0078125 0.01640625
0 0.3296875 0.55703125 0.00859375 0.01328125
0 0.3390625 0.69140625 0.00859375 0.01640625
0 0.74296875 0.23203125 0.00859375 0.01328125
0 0.63046875 0.1640625 0.00859375 0.01484375
0 0.59296875 0.34453125 0.00859375 0.01484375
0 0.4296875 0.20703125 0.0078125 0.01328125
0 0.528125 0.14453125 0.00859375 0.01171875
0 0.42734375 0.471875 0.01015625 0.01640625
0 0.35546875 0.51640625 0.00859375 0.01328125
0 0.34296875 0.55703125 0.00859375 0.01328125
0 0.7421875 0.41953125 0.00859375 0.01484375
0 0.58359375 0.5265625 0.01015625 0.01640625
0 0.3296875 0.61640625 0.0109375 0.01640625
0 0.840625 0.39453125 0.00859375 0.01484375
0 0.33046875 0.59140625 0.00859375 0.01328125
0 0.484375 0.25390625 0.00859375 0.01484375
0 0.653125 0.15390625 0.00859375 0.01484375
0 0.78984375 0.2765625 0.01015625 0.01328125
0 0.57109375 0.52421875 0.01015625 0.01796875
0 0.5171875 0.1328125 0.0078125 0.01484375
0 0.5671875 0.20703125 0.00859375 0.01640625
0 0.71796875 0.15703125 0.00859375 0.01328125
0 0.3796875 0.5515625 0.00859375 0.01328125
0 0.31171875 0.609375 0.00859375 0.01484375
0 0.64375 0.49140625 0.01015625 0.01640625
0 0.653125 0.29453125 0.00859375 0.01171875
0 0.50625 0.34453125 0.01015625 0.01796875
0 0.44453125 0.2390625 0.00859375 0.01484375
0 0.8328125 0.38203125 0.00859375 0.01640625
0 0.65546875 0.17890625 0.00859375 0.01484375
0 0.01953125 0.834375 0.0109375 0.01484375
0 0.6421875 0.26640625 0.00859375 0.01640625
0 0.53046875 0.49453125 0.00859375 0.01484375
0 0.76875 0.45390625 0.01015625 0.01796875
0 0.3296875 0.46640625 0.00859375 0.01328125
0 0.42421875 0.121875 0.00859375 0.01640625
0 0.3953125 0.26953125 0.0078125 0.01171875
0 0.2828125 0.63203125 0.00859375 0.01640625
0 0.3671875 0.3765625 0.00859375 0.01328125
0 0.4046875 0.26640625 0.00859375 0.01328125
0 0.3953125 0.2515625 0.0078125 0.01328125
0 0.6171875 0.25390625 0.01015625 0.01484375
0 0.478125 0.2390625 0.00859375 0.01484375
0 0.53046875 0.27890625 0.00859375 0.01484375
0 0.39453125 0.39140625 0.00859375 0.01328125
0 0.653125 0.496875 0.00859375 0.01640625
0 0.3234375 0.57421875 0.00859375 0.01484375
0 0.36953125 0.64140625 0.00859375 0.01640625
0 0.3375 0.48671875 0.0078125 0.01640625
0 0.5796875 0.109375 0.00859375 0.01171875
0 0.7046875 0.46953125 0.00859375 0.01484375
0 0.315625 0.50390625 0.00859375 0.01484375
0 0.38671875 0.63671875 0.0109375 0.01640625
0 0.2390625 0.871875 0.0109375 0.01640625
0 0.23046875 0.70703125 0.0109375 0.01640625
0 0.55234375 0.5265625 0.01015625 0.01640625
0 0.7546875 0.17890625 0.00859375 0.01171875
0 0.5109375 0.484375 0.01015625 0.01796875
0 0.43671875 0.2640625 0.00625 0.01484375
0 0.4671875 0.5890625 0.00859375 0.01484375
0 0.28046875 0.6078125 0.00859375 0.01484375
0 0.4046875 0.40703125 0.00859375 0.01328125
0 0.27109375 0.76171875 0.01015625 0.01640625
0 0.3796875 0.40390625 0.00859375 0.01171875
0 0.5671875 0.29453125 0.0078125 0.01171875
0 0.3421875 0.45703125 0.00625 0.01328125
0 0.4921875 0.19453125 0.0078125 0.01171875
0 0.39296875 0.47890625 0.00859375 0.01484375
0 0.58125 0.1578125 0.01015625 0.01484375
0 0.34296875 0.4390625 0.00859375 0.01171875
0 0.49453125 0.34140625 0.00859375 0.01640625
0 0.3046875 0.53203125 0.00859375 0.01328125
0 0.81953125 0.34140625 0.00859375 0.01328125
0 0.765625 0.20078125 0.00859375 0.01484375
0 0.48046875 0.1390625 0.00859375 0.01484375
0 0.78046875 0.32890625 0.00859375 0.01484375
0 0.45546875 0.22890625 0.00859375 0.01484375
0 0.65546875 0.31640625 0.00859375 0.01328125
0 0.6296875 0.35390625 0.00859375 0.01484375
0 0.4171875 0.24453125 0.00859375 0.01171875
0 0.415625 0.515625 0.00859375 0.01484375
0 0.5671875 0.1890625 0.00859375 0.01484375
0 0.78046875 0.42890625 0.00859375 0.01484375
0 0.296875 0.6890625 0.0109375 0.01796875
0 0.23203125 0.6890625 0.00859375 0.01484375
0 0.76875 0.17890625 0.01015625 0.01484375
0 0.45703125 0.29140625 0.00859375 0.01640625
0 0.4734375 0.52421875 0.01015625 0.01796875
0 0.71796875 0.4640625 0.00859375 0.01484375
0 0.46328125 0.259375 0.00859375 0.01484375
0 0.49296875 0.22890625 0.00859375 0.01484375
0 0.3046875 0.56953125 0.00859375 0.01171875
0 0.3796875 0.53203125 0.0078125 0.01328125
0 0.39609375 0.596875 0.01015625 0.01640625