0 0.43046875 0.01875 0.01640625 0.02734375
0 0.396875 0.0125 0.01484375 0.025
0 0.70390625 0.0171875 0.015625 0.025
0 0.2171875 0.4390625 0.0546875 0.07265625
0 0.284375 0.4390625 0.04609375 0.07578125
0 0.5734375 0.0140625 0.015625 0.02734375
0 0.4203125 0.60625 0.0453125 0.06875
0 0.8546875 0.01328125 0.015625 0.0234375
0 0.3640625 0.31015625 0.0328125 0.04921875
0 0.47109375 0.05625 0.01875 0.0328125
0 0.575 0.30625 0.0203125 0.03125
0 0.64921875 0.16171875 0.02265625 0.03671875
0 0.934375 0.23671875 0.02421875 0.03671875
0 0.73984375 0.0109375 0.01640625 0.021875
0 0.64453125 0.00703125 0.015625 0.0140625
0 0.2765625 0.10078125 0.0265625 0.0375
0 0.5828125 0.1875 0.021875 0.03671875
0 0.93984375 0.0515625 0.01484375 0.025
0 0.86640625 0.8 0.0859375 0.13125
0 0.45 0.03515625 0.0171875 0.02890625
0 0.18671875 0.12578125 0.03046875 0.0484375
0 0.9203125 0.0609375 0.015625 0.0234375
0 0.76484375 0.909375 0.10078125 0.1234375
0 0.3796875 0.253125 0.034375 0.05078125
0 0.76953125 0.1390625 0.021875 0.0328125
0 0.434375 0.06640625 0.01875 0.02578125
0 0.73125 0.2234375 0.0171875 0.02734375
0 0.60078125 0.11015625 0.021875 0.0328125
0 0.409375 0.1 0.0171875 0.03359375
0 0.8578125 0.0609375 0.015625 0.0234375
0 0.79375 0.18203125 0.01953125 0.03125
0 0.0546875 0.06875 0.0171875 0.025
0 0.78125 0.2203125 0.0234375 0.03671875
0 0.3015625 0.01171875 0.021875 0.0234375
0 0.9578125 0.2453125 0.0234375 0.03515625
0 0.50078125 0.08125 0.01953125 0.0328125
0 0.98828125 0.09296875 0.015625 0.025
0 0.821875 0.02890625 0.0140625 0.02109375
0 0.98359375 0.55078125 0.03046875 0.0859375
0 0.4140625 0.05625 0.015625 0.02578125
0 0.7921875 0.00703125 0.01484375 0.0140625
0 0.0203125 0.0796875 0.01953125 0.02734375
0 0.4328125 0.1421875 0.01875 0.0296875
0 0.84453125 0.0453125 0.0140625 0.021875
0 0.55546875 0.0625 0.01875 0.03125
0 0.9609375 0.38671875 0.03515625 0.04921875
0 0.90546875 0.2640625 0.01875 0.025
0 0.61015625 0.00625 0.015625 0.01171875
0 0.00703125 0.00859375 0.0140625 0.0171875
0 0.61171875 0.2359375 0.02421875 0.0375
0 0.903125 0.3296875 0.01875 0.02734375
0 0.20859375 0.02421875 0.0203125 0.0296875
0 0.5234375 0.4109375 0.02734375 0.040625
0 0.73984375 0.18828125 0.01640625 0.025
0 0.15859375 0.0796875 0.01484375 0.01953125
0 0.61953125 0.04453125 0.01640625 0.02578125
0 0.36328125 0.009375 0.0140625 0.01875
0 0.9671875 0.046875 0.0140625 0.02109375
0 0.378125 0.08125 0.01640625 0.0296875
0 0.9296875 0.01328125 0.0140625 0.0234375
0 0.16015625 0.115625 0.025 0.04453125
0 0.54375 0.02578125 0.01640625 0.0234375