0 0.228125 0.80859375 0.01640625 0.01953125
0 0.04765625 0.728125 0.01640625 0.02109375
0 0.434375 0.7046875 0.0140625 0.0203125
0 0.01796875 0.49375 0.01328125 0.0171875
0 0.20703125 0.6171875 0.0140625 0.01796875
0 0.40859375 0.7171875 0.01484375 0.01953125
0 0.2703125 0.81953125 0.0171875 0.0203125
0 0.43984375 0.65859375 0.01328125 0.02109375
0 0.1328125 0.71953125 0.01484375 0.01953125
0 0.18203125 0.87109375 0.0203125 0.02421875
0 0.05859375 0.78515625 0.01953125 0.0234375
0 0.01953125 0.77734375 0.01953125 0.025
0 0.51484375 0.71484375 0.01328125 0.02109375
0 0.11796875 0.58125 0.0140625 0.0171875
0 0.3453125 0.60625 0.01328125 0.0171875
0 0.08984375 0.6796875 0.01484375 0.02109375
0 0.33359375 0.66875 0.01328125 0.0203125
0 0.43046875 0.9671875 0.0203125 0.0234375
0 0.38515625 0.6578125 0.01484375 0.0203125
0 0.7921875 0.7296875 0.01484375 0.01796875
0 0.20234375 0.82890625 0.0171875 0.0234375
0 0.11953125 0.740625 0.01640625 0.02109375
0 0.54296875 0.66015625 0.0140625 0.0171875
0 0.4015625 0.94296875 0.01953125 0.0234375
0 0.41953125 0.87109375 0.01953125 0.02421875
0 0.24609375 0.69609375 0.01484375 0.02265625
0 0.3703125 0.82109375 0.01484375 0.0234375
0 0.253125 0.58046875 0.0140625 0.0171875
0 0.1171875 0.8765625 0.01953125 0.025
0 0.3453125 0.73203125 0.01484375 0.02265625
0 0.01796875 0.709375 0.01484375 0.02109375
0 0.93515625 0.76796875 0.0140625 0.01953125
0 0.1546875 0.7921875 0.01484375 0.0234375
0 0.23828125 0.85390625 0.01796875 0.02421875
0 0.9328125 0.68203125 0.01328125 0.0171875
0 0.0765625 0.59375 0.01328125 0.0203125
0 0.628125 0.76875 0.01484375 0.01953125
0 0.021875 0.921875 0.01953125 0.02421875
0 0.2015625 0.64609375 0.01484375 0.0234375
0 0.28984375 0.6171875 0.01328125 0.01796875
0 0.13359375 0.93125 0.01953125 0.0296875
0 0.2359375 0.94296875 0.01953125 0.02421875
0 0.546875 0.82109375 0.0140625 0.01953125
0 0.353125 0.784375 0.01484375 0.0234375
0 0.4453125 0.60625 0.01328125 0.0171875
0 0.34140625 0.846875 0.01796875 0.0234375
0 0.115625 0.53046875 0.0140625 0.01953125
0 0.81953125 0.6921875 0.0140625 0.0171875
0 0.25390625 0.790625 0.01640625 0.01953125
0 0.0671875 0.9453125 0.01953125 0.0234375
0 0.709375 0.91796875 0.01484375 0.0203125
0 0.4671875 0.59375 0.0125 0.01640625
0 0.44453125 0.821875 0.01484375 0.02109375
0 0.6578125 0.85546875 0.0140625 0.0203125
0 0.7109375 0.953125 0.0171875 0.02265625
0 0.58359375 0.76484375 0.01328125 0.01953125
0 0.6671875 0.91171875 0.01640625 0.0203125
0 0.2859375 0.65859375 0.01484375 0.01953125
0 0.621875 0.66875 0.01328125 0.0171875
0 0.14296875 0.6921875 0.01484375 0.0234375
0 0.48046875 0.6171875 0.0140625 0.01796875
0 0.28359375 0.75859375 0.01484375 0.02265625
0 0.10703125 0.65390625 0.01484375 0.02265625
0 0.4703125 0.76171875 0.01484375 0.01953125
0 0.9921875 0.76328125 0.01328125 0.01953125
0 0.4171875 0.784375 0.01640625 0.0234375
0 0.37890625 0.75859375 0.01484375 0.01953125
0 0.18359375 0.9296875 0.02109375 0.0265625
0 0.39453125 0.61484375 0.01328125 0.0171875
0 0.01484375 0.64140625 0.01328125 0.02109375
0 0.315625 0.90234375 0.01796875 0.02421875
0 0.46640625 0.690625 0.01328125 0.0171875
0 0.66484375 0.6703125 0.01328125 0.01953125
0 0.22421875 0.67890625 0.01484375 0.01953125
0 0.25859375 0.9046875 0.01953125 0.0234375
0 0.85703125 0.8390625 0.01640625 0.01953125
0 0.1953125 0.51953125 0.0109375 0.01640625
0 0.2515625 0.6359375 0.01328125 0.0171875
0 0.39609375 0.78359375 0.01484375 0.02109375
0 0.50703125 0.68203125 0.01328125 0.0171875
0 0.321875 0.940625 0.01796875 0.025
0 0.66484375 0.9515625 0.01484375 0.0234375
0 0.45703125 0.62890625 0.0140625 0.0171875
0 0.1453125 0.4328125 0.0109375 0.01796875
0 0.46875 0.93984375 0.01796875 0.0234375
0 0.08046875 0.703125 0.01484375 0.02109375
0 0.1109375 0.7109375 0.0171875 0.01953125
0 0.16640625 0.71953125 0.01640625 0.0234375
0 0.2765625 0.94453125 0.02109375 0.0265625
0 0.03984375 0.60625 0.01328125 0.01953125
0 0.228125 0.48359375 0.0125 0.0171875
0 0.446875 0.690625 0.01328125 0.0203125
0 0.04140625 0.934375 0.01953125 0.0234375
0 0.0453125 0.665625 0.01484375 0.01953125
0 0.21953125 0.53828125 0.01328125 0.0171875
0 0.9046875 0.56875 0.0125 0.01484375
0 0.6046875 0.82265625 0.01484375 0.01953125
0 0.77890625 0.6734375 0.01328125 0.01796875
0 0.47890625 0.79375 0.0140625 0.0203125
0 0.8578125 0.73828125 0.0140625 0.01953125
0 0.27265625 0.58515625 0.01328125 0.01953125
0 0.09453125 0.50625 0.0140625 0.01796875
0 0.22578125 0.63984375 0.01484375 0.0234375
0 0.8625 0.78125 0.01328125 0.02109375
0 0.02265625 0.53046875 0.0140625 0.0171875
0 0.11953125 0.6796875 0.01484375 0.02109375
0 0.909375 0.6796875 0.01328125 0.01953125
0 0.35703125 0.7046875 0.01328125 0.01796875
0 0.7546875 0.72734375 0.01328125 0.0171875
0 0.4421875 0.74296875 0.01484375 0.0234375
0 0.19453125 0.696875 0.01484375 0.01953125
0 0.5046875 0.60546875 0.01328125 0.0171875
0 0.04765625 0.54296875 0.0140625 0.0203125
0 0.46875 0.728125 0.01484375 0.01953125
0 0.38203125 0.5796875 0.0125 0.01640625
0 0.36640625 0.57109375 0.0125 0.0171875
0 0.71796875 0.64296875 0.0125 0.0171875
0 0.2703125 0.5515625 0.01328125 0.0171875
0 0.540625 0.5796875 0.01328125 0.01640625
0 0.26640625 0.7265625 0.01484375 0.01953125
0 0.184375 0.721875 0.01484375 0.0203125
0 0.0875 0.7578125 0.0171875 0.02109375
0 0.571875 0.64296875 0.0109375 0.01953125
0 0.16875 0.49609375 0.01328125 0.01953125
0 0.3390625 0.96015625 0.0203125 0.025
0 0.446875 0.9875 0.02109375 0.0234375
0 0.95625 0.69453125 0.0125 0.01640625
0 0.17578125 0.78359375 0.01484375 0.0234375
0 0.30390625 0.81953125 0.01484375 0.02109375
0 0.2921875 0.571875 0.01328125 0.0171875
0 0.6453125 0.65703125 0.01328125 0.0171875
0 0.19140625 0.846875 0.0171875 0.0234375
0 0.85390625 0.5953125 0.0125 0.01484375
0 0.534375 0.69375 0.01328125 0.0171875
0 0.8453125 0.65859375 0.01328125 0.0171875
0 0.5875 0.84765625 0.0140625 0.02265625
0 0.7703125 0.821875 0.0140625 0.01953125
0 0.5734375 0.85546875 0.01484375 0.0203125
0 0.0703125 0.6328125 0.01484375 0.0203125
0 0.1453125 0.66640625 0.01484375 0.01953125
0 0.38203125 0.728125 0.0140625 0.01953125
0 0.17109375 0.5265625 0.01328125 0.0171875
0 0.60234375 0.746875 0.01484375 0.01796875
0 0.5265625 0.64140625 0.01328125 0.01953125
0 0.8796875 0.6765625 0.01328125 0.01953125
0 0.19765625 0.5453125 0.01328125 0.01953125
0 0.44296875 0.58125 0.01328125 0.0171875
0 0.265625 0.88203125 0.0171875 0.025
0 0.1546875 0.5984375 0.01328125 0.01953125
0 0.546875 0.9453125 0.01640625 0.02265625
0 0.74453125 0.65859375 0.0140625 0.0171875
0 0.0671875 0.4515625 0.0125 0.01640625
0 0.384375 0.696875 0.01328125 0.01953125
0 0.81484375 0.63203125 0.0125 0.01484375
0 0.12265625 0.6390625 0.01484375 0.02109375
0 0.60625 0.4296875 0.0109375 0.01484375
0 0.4671875 0.521875 0.0109375 0.01640625
0 0.58359375 0.59375 0.0125 0.01640625
0 0.59453125 0.61953125 0.01328125 0.0171875
0 0.70234375 0.58046875 0.0125 0.0171875
0 0.61953125 0.40625 0.0125 0.01484375
0 0.91796875 0.53984375 0.0125 0.01484375
0 0.10078125 0.6265625 0.01484375 0.0203125
0 0.4546875 0.5671875 0.0125 0.01640625
0 0.5671875 0.80234375 0.01484375 0.0234375
0 0.6109375 0.91328125 0.01640625 0.025
0 0.85625 0.71484375 0.01328125 0.0171875
0 0.71640625 0.81953125 0.01328125 0.01953125
0 0.4296875 0.50703125 0.01328125 0.0171875
0 0.8703125 0.45546875 0.0109375 0.01640625
0 0.8890625 0.76875 0.01328125 0.01953125
0 0.953125 0.58203125 0.0125 0.01640625
0 0.7921875 0.821875 0.0140625 0.01953125
0 0.8453125 0.45546875 0.0125 0.01640625
0 0.14453125 0.50078125 0.0140625 0.01796875
0 0.3453125 0.54765625 0.01328125 0.0171875
0 0.7046875 0.765625 0.0140625 0.0203125
0 0.00703125 0.55390625 0.0140625 0.01953125
0 0.91484375 0.71953125 0.01328125 0.01953125
0 0.6578125 0.58125 0.0125 0.01484375
0 0.0453125 0.82578125 0.01796875 0.0234375
0 0.74140625 0.75546875 0.0140625 0.0171875
0 0.01796875 0.67265625 0.01484375 0.01953125
0 0.16875 0.4703125 0.0125 0.0171875
0 0.315625 0.60234375 0.0140625 0.01953125
0 0.39765625 0.88984375 0.01484375 0.02109375
0 0.7921875 0.45859375 0.0125 0.01484375
0 0.53671875 0.71484375 0.01484375 0.02109375
0 0.3796875 0.503125 0.0125 0.01484375
0 0.828125 0.48125 0.0109375 0.01640625
0 0.70390625 0.69765625 0.01328125 0.01953125
0 0.546875 0.9875 0.0234375 0.0234375
0 0.44296875 0.4046875 0.01015625 0.01484375
0 0.78125 0.58125 0.01328125 0.0171875
0 0.6578125 0.62578125 0.0125 0.0171875
0 0.853125 0.48984375 0.0109375 0.01484375
0 0.00625 0.52734375 0.0125 0.0171875
0 0.86640625 0.6921875 0.01328125 0.0171875
0 0.79609375 0.4796875 0.01328125 0.0171875
0 0.02421875 0.8921875 0.0171875 0.02265625
0 0.54296875 0.903125 0.01640625 0.02109375
0 0.36875 0.60625 0.0125 0.01484375
0 0.53515625 0.96484375 0.0171875 0.02265625
0 0.290625 0.47890625 0.009375 0.0140625
0 0.33828125 0.890625 0.0171875 0.02265625
0 0.67109375 0.6328125 0.0125 0.01640625
0 0.0859375 0.78359375 0.0171875 0.025
0 0.95390625 0.553125 0.0109375 0.01484375
0 0.215625 0.94140625 0.01953125 0.0234375
0 0.46640625 0.38125 0.0109375 0.01484375
0 0.29609375 0.54140625 0.0125 0.01796875
0 0.98125 0.36953125 0.0109375 0.01640625
0 0.56171875 0.73125 0.01328125 0.01953125
0 0.80546875 0.82578125 0.0109375 0.0171875
0 0.91953125 0.81328125 0.01328125 0.01796875
0 0.3453125 0.584375 0.0125 0.0171875
0 0.97734375 0.68125 0.01328125 0.01796875
0 0.7703125 0.853125 0.0140625 0.02109375
0 0.49296875 0.71953125 0.01328125 0.02109375
0 0.99375 0.36640625 0.01015625 0.01640625
0 0.83984375 0.5171875 0.0109375 0.0171875
0 0.4125 0.60625 0.0140625 0.0171875
0 0.8453125 0.790625 0.01328125 0.01953125
0 0.52109375 0.61796875 0.0140625 0.0171875
0 0.778125 0.55546875 0.0109375 0.0171875
0 0.61640625 0.553125 0.0109375 0.01484375
0 0.13125 0.4546875 0.0109375 0.01640625
0 0.5515625 0.7515625 0.01484375 0.02109375
0 0.73359375 0.96875 0.01484375 0.0234375
0 0.81953125 0.59375 0.01328125 0.0171875
0 0.1296875 0.82109375 0.01484375 0.0234375
0 0.70703125 0.66015625 0.01328125 0.01796875
0 0.18203125 0.5421875 0.0140625 0.01796875
0 0.05546875 0.69609375 0.01640625 0.02109375
0 0.36640625 0.46875 0.0125 0.01484375
0 0.48203125 0.89375 0.01484375 0.0234375
0 0.9046875 0.7609375 0.01328125 0.0171875
0 0.19453125 0.67734375 0.01484375 0.0203125
0 0.4921875 0.51484375 0.0109375 0.01484375
0 0.1515625 0.88203125 0.0171875 0.02734375
0 0.08203125 0.47578125 0.01328125 0.01796875
0 0.71484375 0.609375 0.0109375 0.01796875
0 0.64296875 0.890625 0.01484375 0.0234375
0 0.46875 0.34296875 0.009375 0.0140625
0 0.78359375 0.8453125 0.0125 0.02109375
0 0.17109375 0.690625 0.01484375 0.0171875
0 0.6296875 0.74296875 0.0140625 0.01796875
0 0.753125 0.41875 0.0109375 0.01484375
0 0.73203125 0.50703125 0.0125 0.01484375
0 0.14140625 0.53984375 0.0140625 0.0171875
0 0.8828125 0.48125 0.0109375 0.01640625
0 0.92109375 0.64296875 0.0140625 0.0171875
0 0.390625 0.54296875 0.0140625 0.01640625
0 0.7046875 0.853125 0.01484375 0.02109375
0 0.49609375 0.7921875 0.01484375 0.0234375
0 0.4109375 0.67578125 0.0140625 0.01953125
0 0.46953125 0.55859375 0.0109375 0.01640625
0 0.78125 0.771875 0.01328125 0.0171875
0 0.68984375 0.75546875 0.01484375 0.01953125
0 0.60546875 0.58359375 0.0109375 0.01640625
0 0.215625 0.7328125 0.01484375 0.02109375
0 0.0046875 0.46875 0.009375 0.01953125
0 0.95546875 0.78046875 0.01328125 0.0171875
0 0.75625 0.64296875 0.0125 0.0171875
0 0.7703125 0.53828125 0.0125 0.0171875
0 0.47890625 0.4546875 0.01015625 0.01640625
0 0.64140625 0.57890625 0.0109375 0.01484375
0 0.8890625 0.81328125 0.01328125 0.01796875
0 0.8046875 0.53046875 0.0109375 0.01484375
0 0.2875 0.83515625 0.01640625 0.02109375
0 0.07734375 0.56484375 0.0140625 0.01796875
0 0.3921875 0.56875 0.0125 0.01640625
0 0.88203125 0.73515625 0.01328125 0.01796875
0 0.63203125 0.828125 0.01484375 0.02109375
0 0.64765625 0.49609375 0.0125 0.01640625
0 0.07578125 0.73515625 0.01640625 0.0203125
0 0.64140625 0.62890625 0.01328125 0.0171875
0 0.68984375 0.63515625 0.01328125 0.01953125
0 0.56875 0.35546875 0.01015625 0.01484375
0 0.61640625 0.46875 0.0109375 0.01484375
0 0.56328125 0.76875 0.0140625 0.0203125
0 0.2453125 0.553125 0.01328125 0.01484375
0 0.7609375 0.78203125 0.01328125 0.01796875
0 0.52734375 0.44609375 0.0109375 0.01484375
0 0.73046875 0.44296875 0.0109375 0.0140625
0 0.0046875 0.40703125 0.009375 0.0140625
0 0.22265625 0.58515625 0.01328125 0.01953125
0 0.26875 0.4890625 0.0109375 0.01484375
0 0.51484375 0.584375 0.01328125 0.0171875
0 0.48359375 0.86015625 0.01640625 0.0203125
0 0.19453125 0.57734375 0.01328125 0.01953125
0 0.009375 0.96875 0.01796875 0.028125
0 0.64765625 0.60546875 0.0125 0.01484375
0 0.1453125 0.57734375 0.0140625 0.01953125
0 0.109375 0.48046875 0.01328125 0.01484375
0 0.35390625 0.403125 0.0109375 0.0140625
0 0.2046875 0.71328125 0.01328125 0.01953125
0 0.6421875 0.47734375 0.0109375 0.01640625
0 0.48125 0.5921875 0.0125 0.01640625
0 0.5453125 0.609375 0.01328125 0.01640625