0 0.53203125 0.0875 0.01640625 0.02578125
0 0.77890625 0.075 0.01640625 0.025
0 0.66875 0.15546875 0.01875 0.025
0 0.7296875 0.1359375 0.015625 0.02734375
0 0.69140625 0.13671875 0.01953125 0.02578125
0 0.4953125 0.0640625 0.01484375 0.0234375
0 0.140625 0.1671875 0.01953125 0.025
0 0.56875 0.10390625 0.01484375 0.0234375
0 0.08828125 0.1734375 0.0203125 0.02734375
0 0.80390625 0.09453125 0.01484375 0.025
0 0.82265625 0.18203125 0.0203125 0.03125
0 0.96953125 0.15625 0.02265625 0.02578125
0 0.09140625 0.25625 0.02265625 0.03671875
0 0.92265625 0.4703125 0.0328125 0.046875
0 0.96953125 0.2609375 0.02734375 0.03515625
0 0.9375 0.3109375 0.0234375 0.03671875
0 0.5890625 0.23515625 0.02265625 0.0296875
0 0.02421875 0.16875 0.0203125 0.0296875
0 0.50390625 0.21953125 0.01953125 0.0296875
0 0.50078125 0.15 0.01640625 0.02578125
0 0.4984375 0.253125 0.0171875 0.02734375
0 0.9875 0.45546875 0.0234375 0.04921875
0 0.53203125 0.19296875 0.02265625 0.02578125
0 0.36328125 0.2671875 0.0171875 0.0296875
0 0.39921875 0.14296875 0.01640625 0.0234375
0 0.56484375 0.16875 0.01875 0.0296875
0 0.8625 0.01640625 0.0140625 0.021875
0 0.82734375 0.00859375 0.01484375 0.0171875
0 0.4359375 0.16328125 0.015625 0.025