0 0.06875 0.2046875 0.01640625 0.01953125
0 0.6078125 0.29296875 0.015625 0.0234375
0 0.73359375 0.23046875 0.0125 0.01796875
0 0.5921875 0.2484375 0.0140625 0.01953125
0 0.25859375 0.16015625 0.01171875 0.01796875
0 0.409375 0.41875 0.02421875 0.0328125
0 0.37734375 0.25625 0.01484375 0.0234375
0 0.45 0.46640625 0.021875 0.02890625
0 0.41484375 0.6671875 0.0375 0.05078125
0 0.74140625 0.60390625 0.03515625 0.0546875
0 0.0828125 0.30546875 0.021875 0.025
0 0.75390625 0.234375 0.01171875 0.01796875
0 0.6546875 0.21171875 0.01171875 0.0140625
0 0.6296875 0.315625 0.01484375 0.021875
0 0.096875 0.33046875 0.025 0.03125
0 0.490625 0.23046875 0.01171875 0.01796875
0 0.14609375 0.34140625 0.0265625 0.0390625
0 0.67890625 0.22421875 0.0140625 0.01796875
0 0.56484375 0.321875 0.01484375 0.025
0 0.70390625 0.2125 0.0140625 0.01953125
0 0.6921875 0.4234375 0.02265625 0.03359375
0 0.4265625 0.2484375 0.01171875 0.01796875
0 0.33046875 0.20625 0.01484375 0.01953125
0 0.27109375 0.62265625 0.028125 0.04140625
0 0.05390625 0.29140625 0.0234375 0.03125
0 0.62890625 0.2046875 0.01171875 0.01796875
0 0.159375 0.17890625 0.01484375 0.021875
0 0.45546875 0.2171875 0.0125 0.01796875
0 0.17109375 0.19921875 0.01640625 0.0234375
0 0.521875 0.3046875 0.0125 0.02109375
0 0.540625 0.23828125 0.01484375 0.02109375
0 0.59453125 0.2046875 0.0109375 0.0171875
0 0.434375 0.2171875 0.0125 0.01796875
0 0.5578125 0.2046875 0.0109375 0.0140625
0 0.00625 0.13046875 0.01171875 0.01796875
0 0.41796875 0.6046875 0.025 0.0328125
0 0.70703125 0.17890625 0.009375 0.0140625
0 0.88359375 0.20625 0.01171875 0.0140625
0 0.2578125 0.5859375 0.0296875 0.0390625
0 0.5296875 0.2015625 0.0109375 0.0171875
0 0.515625 0.2203125 0.01171875 0.01796875
0 0.9140625 0.30078125 0.015625 0.02109375
0 0.175 0.178125 0.01484375 0.02109375
0 0.4203125 0.1421875 0.0140625 0.0140625
0 0.396875 0.2390625 0.0125 0.01953125
0 0.92109375 0.2234375 0.0109375 0.0140625
0 0.8046875 0.17265625 0.009375 0.0140625
0 0.88515625 0.29375 0.01484375 0.01953125
0 0.49296875 0.1484375 0.0109375 0.015625
0 0.03359375 0.13203125 0.0125 0.0140625
0 0.30625 0.18125 0.0140625 0.01796875
0 0.99375 0.3109375 0.009375 0.01796875
0 0.5203125 0.14296875 0.009375 0.01328125
0 0.678125 0.128125 0.0109375 0.01171875
0 0.96953125 0.21640625 0.01171875 0.01796875
0 0.6796875 0.20390625 0.01171875 0.0140625
0 0.9171875 0.15546875 0.009375 0.01171875
0 0.38984375 0.2796875 0.01484375 0.021875
0 0.70625 0.14296875 0.0109375 0.01328125
0 0.503125 0.14296875 0.0109375 0.01328125
0 0.44453125 0.24375 0.01171875 0.01953125
0 0.76875 0.16796875 0.0109375 0.01328125
0 0.25234375 0.1 0.01484375 0.01796875
0 0.8546875 0.19375 0.009375 0.01328125
0 0.58046875 0.20546875 0.0109375 0.01328125
0 0.6171875 0.1453125 0.009375 0.0140625
0 0.93046875 0.0921875 0.00703125 0.0078125
0 0.503125 0.2234375 0.0140625 0.01953125
0 0.7828125 0.16875 0.0109375 0.0140625
0 0.059375 0.1421875 0.0140625 0.0171875
0 0.7421875 0.13125 0.0078125 0.01015625
0 0.7671875 0.13125 0.0078125 0.01171875
0 0.99296875 0.09296875 0.00859375 0.01171875
0 0.79140625 0.18125 0.0109375 0.01328125
0 0.8296875 0.1171875 0.0078125 0.01015625
0 0.4203125 0.50546875 0.0265625 0.0390625
0 0.9015625 0.2171875 0.01171875 0.0140625
0 0.6421875 0.11328125 0.009375 0.015625
0 0.93828125 0.16015625 0.0078125 0.01328125
0 0.75703125 0.1421875 0.0078125 0.01015625
0 0.97734375 0.25625 0.0140625 0.01953125
0 0.41875 0.11875 0.0125 0.01796875
0 0.89375 0.19375 0.0109375 0.01171875
0 0.28984375 0.4984375 0.03046875 0.0453125
0 0.86875 0.15546875 0.00703125 0.01171875
0 0.56953125 0.13125 0.00859375 0.01171875
0 0.740625 0.19296875 0.0109375 0.01328125
0 0.8640625 0.23046875 0.009375 0.01328125
0 0.9796875 0.09296875 0.0078125 0.01171875
0 0.69375 0.14140625 0.00859375 0.0140625
0 0.3328125 0.2421875 0.0140625 0.015625
0 0.7296875 0.44140625 0.0203125 0.03359375
0 0.4671875 0.240625 0.0109375 0.015625
0 0.53828125 0.13671875 0.0078125 0.01328125
0 0.2796875 0.2234375 0.0140625 0.0171875
0 0.95859375 0.2765625 0.01484375 0.021875
0 0.5578125 0.11875 0.0078125 0.01171875
0 0.7046875 0.11875 0.0078125 0.01171875
0 0.84453125 0.13046875 0.0078125 0.01015625
0 0.85703125 0.209375 0.0109375 0.015625
0 0.8921875 0.1546875 0.0078125 0.01171875
0 0.865625 0.19296875 0.0109375 0.01328125
0 0.96796875 0.11875 0.0078125 0.0078125
0 0.259375 0.18046875 0.0125 0.01953125
0 0.446875 0.18125 0.01171875 0.01328125
0 0.81875 0.11796875 0.00703125 0.01171875
0 0.6171875 0.19765625 0.01171875 0.015625
0 0.0171875 0.1421875 0.0140625 0.0171875
0 0.59296875 0.11875 0.00703125 0.01171875
0 0.81875 0.14296875 0.00703125 0.01328125
0 0.9234375 0.12421875 0.0078125 0.01171875
0 0.78828125 0.1359375 0.0078125 0.01171875
0 0.75546875 0.18125 0.0109375 0.01328125
0 0.9546875 0.13125 0.0078125 0.01015625
0 0.84375 0.11796875 0.0078125 0.01171875
0 0.2140625 0.17578125 0.01484375 0.01796875
0 0.32109375 0.10546875 0.0109375 0.01328125
0 0.90546875 0.11875 0.0078125 0.01171875
0 0.22265625 0.14375 0.0140625 0.01953125
0 0.23359375 0.16640625 0.01484375 0.02109375
0 0.5125 0.1640625 0.009375 0.015625
0 0.5296875 0.13046875 0.0078125 0.01015625
0 0.81640625 0.2046875 0.009375 0.0140625
0 0.5796875 0.14140625 0.0078125 0.01171875
0 0.7796875 0.15390625 0.00859375 0.01015625
0 0.421875 0.45703125 0.025 0.0390625
0 0.80546875 0.1421875 0.00703125 0.01015625
0 0.0890625 0.1859375 0.015625 0.0234375
0 0.62890625 0.29296875 0.01171875 0.01796875
0 0.19453125 0.20625 0.0140625 0.01953125
0 0.76875 0.15625 0.00703125 0.01015625
0 0.56875 0.11875 0.00703125 0.01171875
0 0.93046875 0.1421875 0.00703125 0.0078125
0 0.75546875 0.16875 0.00703125 0.01171875