0 0.5640625 0.1109375 0.028125 0.0390625
0 0.18046875 0.35703125 0.04609375 0.06015625
0 0.47578125 0.1296875 0.02734375 0.040625
0 0.66328125 0.63828125 0.06875 0.109375
0 0.06953125 0.13828125 0.03515625 0.03671875
0 0.78515625 0.05546875 0.02734375 0.0375
0 0.6390625 0.03671875 0.0265625 0.0390625
0 0.97265625 0.24921875 0.0296875 0.04296875
0 0.75625 0.046875 0.02421875 0.03671875
0 0.2796875 0.3546875 0.04296875 0.05625
0 0.43515625 0.1859375 0.028125 0.0390625
0 0.71328125 0.08203125 0.02265625 0.03125
0 0.60625 0.91640625 0.0796875 0.125
0 0.43671875 0.1546875 0.0203125 0.02578125
0 0.0546875 0.1734375 0.03515625 0.0390625
0 0.99140625 0.1828125 0.015625 0.040625
0 0.48125 0.35078125 0.03984375 0.0484375
0 0.59453125 0.6546875 0.0171875 0.0234375
0 0.459375 0.3984375 0.04296875 0.05703125
0 0.0140625 0.0375 0.02734375 0.0328125
0 0.6234375 0.1203125 0.0234375 0.02734375
0 0.5828125 0.08125 0.025 0.0296875