0 0.8984375 0.2609375 0.0328125 0.0484375
0 0.96796875 0.2421875 0.0265625 0.04140625
0 0.071875 0.16796875 0.028125 0.04453125
0 0.2953125 0.06875 0.0203125 0.03125
0 0.4265625 0.8875 0.0640625 0.1109375
0 0.571875 0.2421875 0.034375 0.046875
0 0.040625 0.040625 0.0203125 0.0296875
0 0.32890625 0.51640625 0.0484375 0.084375
0 0.28203125 0.5859375 0.0609375 0.09921875
0 0.76875 0.1546875 0.025 0.03671875
0 0.63359375 0.09140625 0.02421875 0.03359375
0 0.61796875 0.65 0.0484375 0.08828125
0 0.28203125 0.1359375 0.02265625 0.0328125
0 0.665625 0.12578125 0.0265625 0.0328125
0 0.15703125 0.49765625 0.0546875 0.09375
0 0.4140625 0.03125 0.015625 0.02578125
0 0.021875 0.1828125 0.0265625 0.040625
0 0.16171875 0.190625 0.03046875 0.0453125
0 0.228125 0.0734375 0.01953125 0.0296875
0 0.56953125 0.09765625 0.021875 0.03125
0 0.51796875 0.13203125 0.02265625 0.03515625
0 0.1 0.125 0.02421875 0.03125
0 0.75625 0.22578125 0.034375 0.05078125
0 0.6578125 0.05546875 0.0203125 0.0296875
0 0.0328125 0.1078125 0.028125 0.040625
0 0.2421875 0.02890625 0.0171875 0.0234375
0 0.43984375 0.0375 0.01875 0.02578125
0 0.3578125 0.021875 0.015625 0.0234375
0 0.196875 0.06796875 0.02265625 0.03125
0 0.86796875 0.296875 0.03828125 0.04921875
0 0.48984375 0.01796875 0.01640625 0.02578125
0 0.20234375 0.0171875 0.01875 0.02890625
0 0.3875 0.01875 0.015625 0.025
0 0.49375 0.3890625 0.03828125 0.0609375
0 0.1234375 0.025 0.0171875 0.025
0 0.6203125 0.02421875 0.0171875 0.025
0 0.5578125 0.00625 0.0171875 0.01171875
0 0.52890625 0.00625 0.01640625 0.01171875
0 0.33359375 0.01953125 0.01484375 0.0234375
0 0.28984375 0.0171875 0.01484375 0.025
0 0.66640625 0.009375 0.0203125 0.01875
0 0.68046875 0.0765625 0.0203125 0.02734375
0 0.3015625 0.03671875 0.0171875 0.0234375
0 0.11015625 0.05625 0.021875 0.0296875
0 0.5859375 0.009375 0.015625 0.01875
0 0.09453125 0.20625 0.0296875 0.04296875
0 0.83671875 0.2875 0.03046875 0.04453125
0 0.4171875 0.00625 0.01484375 0.01171875
0 0.259375 0.00625 0.01875 0.0125
0 0.16796875 0.00625 0.0171875 0.0125
0 0.78203125 0.9875 0.03203125 0.021875
0 0.5125 0.03828125 0.0171875 0.0296875
0 0.8703125 0.94375 0.1046875 0.10703125
0 0.115625 0.00625 0.01484375 0.01171875
0 0.159375 0.046875 0.0171875 0.0234375
0 0.0609375 0.08203125 0.02265625 0.03359375
0 0.0046875 0.0171875 0.00859375 0.02578125
0 0.4359375 0.01015625 0.015625 0.0203125
0 0.08984375 0.04921875 0.0171875 0.03125
0 0.0375 0.01328125 0.01875 0.0234375
0 0.01640625 0.06875 0.021875 0.0296875
0 0.071875 0.0140625 0.01875 0.025
0 0.0046875 0.125 0.009375 0.03671875
0 0.778125 0.0875 0.0171875 0.03125
0 0.2703125 0.02421875 0.015625 0.025
0 0.746875 0.15 0.0171875 0.03125
0 0.1734375 0.08125 0.0203125 0.0296875
0 0.4484375 0.12109375 0.03125 0.05078125
0 0.11015625 0.328125 0.0671875 0.08203125
0 0.07421875 0.303125 0.03671875 0.0796875
0 0.096875 0.74453125 0.11796875 0.13359375