1 0.6140625 0.796875 0.0421875 0.15
1 0.48828125 0.40078125 0.040625 0.13046875
1 0.6296875 0.625 0.03984375 0.13359375
1 0.428125 0.48203125 0.0390625 0.13046875
1 0.42109375 0.88828125 0.05390625 0.17421875
1 0.50859375 0.6078125 0.03984375 0.14140625
1 0.8265625 0.85546875 0.0578125 0.1796875
1 0.53125 0.8 0.0484375 0.1609375
1 0.49921875 0.49765625 0.98828125 0.97265625
1 0.5515625 0.25234375 0.0296875 0.11171875
1 0.61796875 0.47109375 0.040625 0.125
1 0.3484375 0.62421875 0.040625 0.15234375
1 0.721875 0.87734375 0.0453125 0.1578125
1 0.7640625 0.4484375 0.0453125 0.15
1 0.26015625 0.6671875 0.0421875 0.125
1 0.84765625 0.56015625 0.0375 0.13359375
1 0.3921875 0.509375 0.0421875 0.146875
1 0.7421875 0.2 0.03515625 0.12265625
1 0.1796875 0.5953125 0.0375 0.128125
1 0.71796875 0.54609375 0.0515625 0.1390625
1 0.29296875 0.6171875 0.040625 0.15
1 0.44609375 0.171875 0.03125 0.09296875
1 0.36875 0.23671875 0.03203125 0.109375
1 0.4953125 0.29453125 0.0328125 0.0984375
1 0.584375 0.2109375 0.02734375 0.10078125
1 0.43671875 0.36953125 0.034375 0.12265625
1 0.33046875 0.26875 0.034375 0.10078125
1 0.90546875 0.29140625 0.03125 0.1140625
1 0.4890625 0.1921875 0.03046875 0.0953125
1 0.69140625 0.44296875 0.03515625 0.12265625
1 0.61171875 0.78359375 0.10859375 0.4171875
1 0.3578125 0.43984375 0.0328125 0.12265625
1 0.2078125 0.88046875 0.05390625 0.16875
1 0.68828125 0.22109375 0.0359375 0.14140625
1 0.37578125 0.11328125 0.03125 0.10625
1 0.2328125 0.8921875 0.10546875 0.19921875
1 0.5921875 0.359375 0.03828125 0.13046875
1 0.90078125 0.82734375 0.04375 0.1609375
1 0.96640625 0.690625 0.0359375 0.15
1 0.715625 0.828125 0.096875 0.32734375
1 0.71171875 0.0953125 0.028125 0.0984375
1 0.63359375 0.18125 0.03046875 0.10078125
1 0.18125 0.47109375 0.03125 0.10390625
1 0.6140625 0.08984375 0.028125 0.10390625
1 0.571875 0.5828125 0.0484375 0.14140625
1 0.46953125 0.11953125 0.02734375 0.1140625
1 0.87421875 0.7 0.0421875 0.16328125
1 0.4234375 0.8953125 0.1265625 0.19375
1 0.2796875 0.29453125 0.0390625 0.11953125
1 0.21328125 0.62109375 0.03984375 0.15234375
1 0.14296875 0.465625 0.034375 0.1140625
1 0.80625 0.2890625 0.0328125 0.10390625
1 0.490625 0.65234375 0.09765625 0.23671875
1 0.16875 0.77109375 0.03984375 0.125
1 0.29765625 0.1078125 0.03046875 0.0953125
1 0.490625 0.24375 0.06171875 0.2046875
1 0.5515625 0.1609375 0.028125 0.08203125
1 0.81875 0.16875 0.025 0.09296875
1 0.378125 0.30078125 0.0609375 0.23671875
1 0.28984375 0.76953125 0.1046875 0.33515625
1 0.9828125 0.52734375 0.03125 0.1390625
1 0.975 0.33125 0.0359375 0.10078125
1 0.275 0.1921875 0.0296875 0.084375
1 0.103125 0.77890625 0.0421875 0.13046875
1 0.7359375 0.2640625 0.0765625 0.25625
1 0.196875 0.3421875 0.034375 0.10625
1 0.41328125 0.7328125 0.0484375 0.15234375
1 0.34921875 0.0546875 0.028125 0.08203125
1 0.68359375 0.4671875 0.06640625 0.384375
1 0.340625 0.190625 0.02734375 0.0984375
1 0.77890625 0.69765625 0.0421875 0.1359375
1 0.3078125 0.50703125 0.03515625 0.125
1 0.51796875 0.1625 0.02265625 0.084375
1 0.3546875 0.7015625 0.07890625 0.3078125
1 0.853125 0.30546875 0.034375 0.0984375
1 0.90546875 0.65 0.0359375 0.15
1 0.2921875 0.37734375 0.078125 0.29140625
1 0.153125 0.3109375 0.0265625 0.09296875
1 0.35 0.32734375 0.071875 0.2234375
1 0.24296875 0.18828125 0.02734375 0.09296875
1 0.221875 0.67578125 0.0625 0.26171875
1 0.78046875 0.2 0.028125 0.10078125
1 0.08125 0.29453125 0.02734375 0.0765625
1 0.66953125 0.1390625 0.03046875 0.09296875
1 0.64375 0.0546875 0.025 0.0875
1 0.521875 0.82421875 0.115625 0.3296875
1 0.83125 0.63515625 0.07421875 0.28359375
1 0.915625 0.178125 0.02734375 0.08984375
1 0.4359375 0.5296875 0.059375 0.22578125
1 0.88515625 0.26328125 0.02421875 0.08984375
1 0.11171875 0.38828125 0.0359375 0.1171875
1 0.4890625 0.425 0.09453125 0.34296875
1 0.84140625 0.478125 0.03828125 0.1171875
1 0.40234375 0.55703125 0.078125 0.24765625
1 0.9359375 0.39375 0.03828125 0.1171875
1 0.22109375 0.2234375 0.03203125 0.08203125
1 0.109375 0.53671875 0.040625 0.13046875
1 0.71015625 0.61171875 0.08984375 0.26953125
1 0.8078125 0.87890625 0.10078125 0.22578125
1 0.759375 0.04921875 0.03046875 0.08203125
1 0.3140625 0.9578125 0.0625 0.0734375
1 0.146875 0.2046875 0.0265625 0.0765625
1 0.55390625 0.28984375 0.04609375 0.19921875
1 0.19453125 0.128125 0.028125 0.09296875
1 0.615625 0.29296875 0.0296875 0.10625
1 0.8953125 0.33671875 0.053125 0.2046875
1 0.740625 0.10234375 0.02421875 0.0734375
1 0.1359375 0.328125 0.02421875 0.08984375
1 0.984375 0.215625 0.0234375 0.0875
1 0.01640625 0.42265625 0.03046875 0.1140625
1 0.2671875 0.71015625 0.0609375 0.21015625
1 0.89375 0.13046875 0.03125 0.0765625
1 0.2328125 0.0640625 0.0265625 0.07890625
1 0.21875 0.30546875 0.0296875 0.10390625
1 0.4390625 0.2421875 0.05546875 0.23984375
1 0.78359375 0.35703125 0.03984375 0.109375
1 0.8625 0.1703125 0.028125 0.084375
1 0.290625 0.26015625 0.03125 0.0953125