0 0.5375 0.53203125 0.04296875 0.0640625
0 0.01953125 0.2875 0.02734375 0.0375
0 0.665625 0.5875 0.04765625 0.06796875
0 0.253125 0.24296875 0.02421875 0.0375
0 0.17109375 0.29375 0.02265625 0.0375
0 0.31796875 0.18515625 0.0203125 0.03359375
0 0.184375 0.24375 0.02421875 0.03671875
0 0.3546875 0.3734375 0.0359375 0.053125
0 0.21640625 0.26875 0.0265625 0.04296875
0 0.0890625 0.18125 0.02421875 0.03125
0 0.0453125 0.4 0.0390625 0.05859375
0 0.35078125 0.1859375 0.0171875 0.02578125
0 0.01875 0.2359375 0.025 0.03515625
0 0.90546875 0.0203125 0.01484375 0.021875
0 0.5453125 0.209375 0.021875 0.03671875
0 0.16015625 0.1734375 0.0234375 0.03125
0 0.12578125 0.19375 0.021875 0.03359375
0 0.2390625 0.36875 0.03515625 0.04921875
0 0.075 0.2859375 0.025 0.03515625
0 0.29375 0.0671875 0.0125 0.021875
0 0.95859375 0.1203125 0.0203125 0.0328125
0 0.421875 0.09140625 0.0140625 0.02109375
0 0.40546875 0.13828125 0.01875 0.0234375
0 0.309375 0.0609375 0.0140625 0.021875
0 0.90078125 0.05703125 0.01640625 0.0234375
0 0.696875 0.6390625 0.0484375 0.071875
0 0.3703125 0.0921875 0.0140625 0.01796875
0 0.384375 0.04140625 0.01171875 0.02109375
0 0.984375 0.0875 0.01953125 0.0296875
0 0.946875 0.01328125 0.0140625 0.0234375
0 0.2703125 0.0796875 0.0140625 0.0234375
0 0.440625 0.13125 0.01484375 0.0234375
0 0.23125 0.10625 0.0203125 0.025
0 0.34375 0.01875 0.0140625 0.0171875
0 0.06328125 0.0875 0.01875 0.025
0 0.6828125 0.06875 0.0125 0.0171875
0 0.50625 0.06640625 0.01171875 0.01796875
0 0.265625 0.19765625 0.01953125 0.03125
0 0.44140625 0.0421875 0.01171875 0.0171875
0 0.346875 0.084375 0.01484375 0.02109375
0 0.04375 0.2109375 0.02265625 0.03125
0 0.4515625 0.08828125 0.015625 0.02109375
0 0.0046875 0.07578125 0.00859375 0.0234375
0 0.23828125 0.1984375 0.021875 0.0328125
0 0.6203125 0.08046875 0.01171875 0.01796875
0 0.83125 0.03203125 0.0140625 0.01953125
0 0.4390625 0.06953125 0.0140625 0.01953125
0 0.028125 0.10546875 0.01875 0.02578125
0 0.9921875 0.18046875 0.0140625 0.0296875
0 0.1546875 0.23203125 0.01953125 0.03125
0 0.40390625 0.01640625 0.0109375 0.0171875
0 0.3375 0.0375 0.0125 0.01953125
0 0.47578125 0.02890625 0.01171875 0.01796875
0 0.46953125 0.00625 0.0109375 0.01171875
0 0.4 0.05390625 0.0140625 0.01953125
0 0.415625 0.03203125 0.0109375 0.0171875
0 0.99453125 0.12421875 0.00859375 0.0296875
0 0.2078125 0.1984375 0.0234375 0.0328125
0 0.4171875 0.05078125 0.0140625 0.01796875
0 0.490625 0.01875 0.0109375 0.0140625
0 0.26484375 0.1515625 0.01953125 0.0296875
0 0.35625 0.15546875 0.0171875 0.01953125
0 0.64296875 0.0765625 0.0109375 0.015625
0 0.39609375 0.10546875 0.01484375 0.0234375
0 0.42734375 0.0296875 0.0109375 0.0140625
0 0.2796875 0.09921875 0.015625 0.02109375
0 0.1890625 0.35703125 0.02734375 0.04140625
0 0.39765625 0.08046875 0.0140625 0.01796875
0 0.36640625 0.00625 0.009375 0.01171875
0 0.3296875 0.07265625 0.0140625 0.02109375
0 0.43984375 0.00625 0.0125 0.01171875
0 0.45625 0.00546875 0.0109375 0.01015625
0 0.75234375 0.04296875 0.0109375 0.01328125
0 0.08046875 0.1109375 0.0203125 0.0296875
0 0.4765625 0.0546875 0.0140625 0.01796875
0 0.69375 0.0546875 0.0109375 0.01328125
0 0.28828125 0.19375 0.0171875 0.02578125
0 0.66171875 0.0609375 0.0109375 0.0171875
0 0.91015625 0.10078125 0.015625 0.025
0 0.46171875 0.0625 0.0109375 0.01796875
0 0.70859375 0.0546875 0.00859375 0.01328125
0 0.971875 0.00625 0.01640625 0.01171875
0 0.38984375 0.01171875 0.0125 0.01796875