0 0.1765625 0.68125 0.03125 0.04921875
0 0.96015625 0.5703125 0.03359375 0.0578125
0 0.453125 0.815625 0.0328125 0.04921875
0 0.69765625 0.9265625 0.03515625 0.0578125
0 0.565625 0.675 0.028125 0.04921875
0 0.57734375 0.3546875 0.0296875 0.04453125
0 0.3640625 0.321875 0.025 0.04296875
0 0.87734375 0.5546875 0.03125 0.0515625
0 0.82578125 0.36484375 0.0265625 0.046875
0 0.91484375 0.11640625 0.0265625 0.040625
0 0.53203125 0.81796875 0.03359375 0.0578125
0 0.6265625 0.784375 0.03515625 0.0515625
0 0.884375 0.2203125 0.028125 0.04453125
0 0.08359375 0.10859375 0.0265625 0.04296875
0 0.69375 0.56640625 0.03125 0.04921875
0 0.56640625 0.915625 0.0328125 0.0578125
0 0.6828125 0.70078125 0.03125 0.053125
0 0.90546875 0.6578125 0.03125 0.053125
0 0.0609375 0.59375 0.028125 0.04453125
0 0.246875 0.03828125 0.02265625 0.03828125
0 0.7734375 0.31953125 0.0296875 0.0515625
0 0.7734375 0.8328125 0.0328125 0.0578125
0 0.209375 0.59453125 0.0328125 0.0515625
0 0.12890625 0.721875 0.0328125 0.04921875
0 0.27734375 0.8625 0.0328125 0.04921875
0 0.76875 0.18984375 0.025 0.03828125
0 0.09296875 0.2890625 0.025 0.040625
0 0.784375 0.6265625 0.03125 0.0515625
0 0.01796875 0.89140625 0.03515625 0.05546875
0 0.4 0.31953125 0.0265625 0.046875
0 0.80625 0.2453125 0.0296875 0.046875
0 0.61796875 0.68515625 0.03125 0.053125
0 0.45 0.396875 0.03125 0.046875
0 0.15546875 0.36640625 0.028125 0.046875
0 0.32734375 0.121875 0.025 0.03828125
0 0.29296875 0.0265625 0.02421875 0.0359375
0 0.65390625 0.01484375 0.02421875 0.0296875
0 0.2140625 0.1515625 0.0265625 0.04296875
0 0.28515625 0.1140625 0.025 0.040625
0 0.53984375 0.2140625 0.028125 0.04453125
0 0.75 0.24375 0.028125 0.04453125
0 0.73125 0.70859375 0.03515625 0.053125
0 0.21953125 0.215625 0.0265625 0.04296875
0 0.6921875 0.19921875 0.028125 0.04453125
0 0.43125 0.73046875 0.03359375 0.053125
0 0.6703125 0.646875 0.03125 0.04921875
0 0.21484375 0.91484375 0.0328125 0.05546875
0 0.9546875 0.7140625 0.03359375 0.05546875
0 0.96875 0.3125 0.028125 0.04921875
0 0.27890625 0.2890625 0.028125 0.040625
0 0.2890625 0.79609375 0.03359375 0.053125
0 0.434375 0.35625 0.03125 0.04296875
0 0.640625 0.51953125 0.03125 0.04921875
0 0.675 0.334375 0.0265625 0.046875
0 0.1421875 0.0171875 0.028125 0.034375
0 0.98203125 0.496875 0.03125 0.0515625
0 0.665625 0.56640625 0.028125 0.04921875
0 0.1515625 0.2453125 0.0265625 0.03828125
0 0.1453125 0.50625 0.028125 0.04453125
0 0.38046875 0.5125 0.028125 0.04921875
0 0.48203125 0.32265625 0.03125 0.04453125
0 0.79609375 0.78046875 0.03828125 0.059375
0 0.89296875 0.0734375 0.025 0.04453125
0 0.1328125 0.33359375 0.025 0.040625
0 0.8078125 0.315625 0.0265625 0.046875
0 0.309375 0.43828125 0.0265625 0.04453125
0 0.584375 0.09375 0.02421875 0.03828125
0 0.49609375 0.97265625 0.03984375 0.0515625
0 0.5109375 0.73046875 0.0328125 0.053125
0 0.91015625 0.18203125 0.0296875 0.040625
0 0.6859375 0.83125 0.03828125 0.059375
0 0.428125 0.51484375 0.0328125 0.04921875
0 0.18125 0.9453125 0.03515625 0.0578125
0 0.4921875 0.77421875 0.03359375 0.05546875
0 0.728125 0.14921875 0.02265625 0.03828125
0 0.090625 0.3515625 0.02421875 0.04296875
0 0.3046875 0.25625 0.028125 0.046875
0 0.4109375 0.1921875 0.0265625 0.04296875
0 0.4390625 0.96171875 0.03515625 0.059375
0 0.490625 0.48515625 0.028125 0.040625
0 0.2125 0.72578125 0.0296875 0.04921875
0 0.09765625 0.19921875 0.02421875 0.0359375
0 0.28515625 0.97265625 0.03671875 0.0515625
0 0.13046875 0.5546875 0.0296875 0.046875
0 0.84140625 0.29609375 0.0296875 0.046875
0 0.06953125 0.3953125 0.0265625 0.04453125
0 0.70546875 0.61796875 0.03359375 0.05546875
0 0.915625 0.43046875 0.028125 0.0515625
0 0.70859375 0.1109375 0.0265625 0.046875
0 0.5203125 0.3328125 0.028125 0.046875
0 0.86796875 0.35625 0.0265625 0.04296875
0 0.0984375 0.646875 0.03125 0.04453125
0 0.72109375 0.52421875 0.0296875 0.0515625
0 0.8625 0.671875 0.03515625 0.0515625
0 0.78984375 0.89765625 0.03984375 0.059375
0 0.24609375 0.08984375 0.02421875 0.03828125
0 0.83515625 0.1921875 0.028125 0.04296875
0 0.20625 0.34609375 0.0296875 0.040625
0 0.9640625 0.10625 0.0265625 0.04296875
0 0.3328125 0.859375 0.03125 0.0515625
0 0.07421875 0.725 0.0296875 0.0515625
0 0.55625 0.44375 0.0265625 0.0515625
0 0.44765625 0.90625 0.03515625 0.0515625
0 0.8640625 0.61953125 0.0328125 0.040625
0 0.38125 0.8703125 0.0328125 0.0640625
0 0.44453125 0.63359375 0.03125 0.046875
0 0.7859375 0.52578125 0.03125 0.04921875
0 0.44765625 0.01953125 0.02421875 0.03828125
0 0.134375 0.284375 0.025 0.040625
0 0.11640625 0.4703125 0.0265625 0.04921875
0 0.2203125 0.29765625 0.02265625 0.0359375
0 0.06484375 0.95078125 0.03359375 0.059375
0 0.32578125 0.52109375 0.03125 0.053125
0 0.4796875 0.55859375 0.03125 0.046875
0 0.2265625 0.9859375 0.03515625 0.0234375
0 0.63046875 0.95234375 0.03359375 0.053125
0 0.13984375 0.89375 0.03125 0.0515625
0 0.421875 0.778125 0.03125 0.04296875
0 0.984375 0.3703125 0.028125 0.053125
0 0.47421875 0.86484375 0.03125 0.04453125
0 0.35859375 0.63984375 0.0296875 0.046875
0 0.9546875 0.4421875 0.03125 0.04921875
0 0.07109375 0.509375 0.0265625 0.046875
0 0.17265625 0.89453125 0.0296875 0.053125
0 0.284375 0.7171875 0.0296875 0.04921875
0 0.9125 0.8625 0.0421875 0.0578125
0 0.21015625 0.8453125 0.03125 0.053125
0 0.15 0.1203125 0.0265625 0.040625
0 0.1703125 0.50234375 0.028125 0.040625
0 0.6546875 0.26328125 0.028125 0.04453125
0 0.63125 0.43203125 0.0296875 0.04921875
0 0.3984375 0.02421875 0.02421875 0.03203125
0 0.46953125 0.6046875 0.028125 0.04453125
0 0.47265625 0.09453125 0.02265625 0.0359375
0 0.4921875 0.9125 0.03359375 0.0515625
0 0.0390625 0.49921875 0.0296875 0.046875
0 0.6046875 0.2875 0.028125 0.046875
0 0.92421875 0.52734375 0.0296875 0.04921875
0 0.04296875 0.18203125 0.0265625 0.040625
0 0.0390625 0.02265625 0.02421875 0.0359375
0 0.953125 0.06640625 0.028125 0.03828125
0 0.20625 0.26015625 0.0265625 0.03828125
0 0.2859375 0.6109375 0.03515625 0.04921875
0 0.40234375 0.82265625 0.0328125 0.05546875
0 0.8734375 0.26875 0.028125 0.04296875
0 0.45390625 0.1234375 0.025 0.04296875
0 0.4640625 0.26015625 0.028125 0.04296875
0 0.165625 0.2828125 0.0265625 0.04453125
0 0.11484375 0.8484375 0.0328125 0.0515625
0 0.09140625 0.15859375 0.028125 0.040625
0 0.453125 0.31796875 0.028125 0.04296875
0 0.18203125 0.54453125 0.028125 0.04921875
0 0.5578125 0.06328125 0.02109375 0.03203125
0 0.09765625 0.01484375 0.02109375 0.0296875
0 0.47890625 0.04921875 0.02421875 0.03828125
0 0.33671875 0.8078125 0.03359375 0.046875
0 0.0546875 0.0734375 0.025 0.04453125
0 0.04453125 0.8125 0.0328125 0.0515625
0 0.3796875 0.1 0.02265625 0.03828125
0 0.61875 0.059375 0.02109375 0.034375
0 0.30390625 0.36328125 0.0296875 0.04921875
0 0.91953125 0.04609375 0.025 0.040625
0 0.4046875 0.65 0.028125 0.046875
0 0.49296875 0.13828125 0.0265625 0.04296875
0 0.6484375 0.04921875 0.02421875 0.03828125
0 0.30234375 0.90859375 0.03515625 0.05546875
0 0.1125 0.04921875 0.025 0.03828125
0 0.3296875 0.33984375 0.02265625 0.040625
0 0.634375 0.33046875 0.028125 0.04296875
0 0.29140625 0.5609375 0.0265625 0.04296875
0 0.2265625 0.7890625 0.0328125 0.0515625
0 0.24296875 0.26015625 0.028125 0.04296875
0 0.1875 0.7984375 0.03125 0.0578125
0 0.3078125 0.20859375 0.02265625 0.03828125
0 0.78359375 0.4796875 0.0296875 0.03828125
0 0.16875 0.43828125 0.0265625 0.04453125
0 0.5078125 0.05 0.02265625 0.0359375
0 0.5375 0.10546875 0.025 0.040625
0 0.53046875 0.5546875 0.03125 0.0515625
0 0.10078125 0.95546875 0.03515625 0.059375
0 0.134375 0.2015625 0.02265625 0.0359375
0 0.1234375 0.7953125 0.0265625 0.046875
0 0.76875 0.1140625 0.02265625 0.0359375
0 0.03359375 0.7640625 0.03125 0.040625
0 0.7296875 0.4453125 0.0328125 0.046875
0 0.4890625 0.01484375 0.02265625 0.0296875
0 0.0078125 0.3765625 0.015625 0.040625
0 0.80234375 0.57890625 0.028125 0.040625
0 0.33828125 0.76875 0.03125 0.040625
0 0.83125 0.04140625 0.02421875 0.0359375
0 0.11953125 0.61484375 0.0265625 0.040625
0 0.76953125 0.146875 0.02421875 0.0296875
0 0.44140625 0.06171875 0.02265625 0.0296875
0 0.76640625 0.04453125 0.02421875 0.03828125
0 0.009375 0.2375 0.01796875 0.040625
0 0.6078125 0.0171875 0.025 0.034375
0 0.00625 0.4359375 0.0125 0.040625
0 0.66171875 0.1171875 0.025 0.03828125
0 0.76484375 0.578125 0.03125 0.046875
0 0.40078125 0.1546875 0.02265625 0.0359375
0 0.88984375 0.00625 0.028125 0.0125
0 0.09921875 0.24375 0.0265625 0.040625
0 0.34765625 0.97890625 0.03828125 0.03828125
0 0.990625 0.75625 0.015625 0.0578125
0 0.96796875 0.00859375 0.0265625 0.0171875
0 0.19140625 0.0359375 0.02421875 0.03828125
0 0.56796875 0.03125 0.02421875 0.0359375
0 0.51875 0.26328125 0.025 0.04453125
0 0.58359375 0.54921875 0.0296875 0.04453125
0 0.578125 0.603125 0.03125 0.0515625
0 0.74375 0.11328125 0.0265625 0.03828125
0 0.803125 0.15234375 0.0265625 0.040625
0 0.31953125 0.0171875 0.02421875 0.034375
0 0.025 0.0796875 0.02265625 0.0359375
0 0.90625 0.80625 0.046875 0.0515625
0 0.57890625 0.184375 0.0296875 0.040625
0 0.01328125 0.79765625 0.0265625 0.0515625
0 0.4734375 0.3734375 0.0265625 0.046875
0 0.1953125 0.4890625 0.02421875 0.040625
0 0.4328125 0.16015625 0.025 0.03828125
0 0.23984375 0.47578125 0.025 0.03828125
0 0.2296875 0.5515625 0.028125 0.04453125
0 0.2671875 0.90703125 0.0296875 0.04921875
0 0.54453125 0.61015625 0.03359375 0.0515625
0 0.69765625 0.36171875 0.0265625 0.04453125
0 0.78125 0.221875 0.025 0.03828125
0 0.40234375 0.7171875 0.03125 0.04921875
0 0.6078125 0.228125 0.02265625 0.03828125
0 0.028125 0.13984375 0.025 0.040625
0 0.7 0.4875 0.0296875 0.04453125
0 0.6171875 0.85390625 0.03515625 0.04921875
0 0.153125 0.98046875 0.03515625 0.034375
0 0.3296875 0.0515625 0.0265625 0.03828125
0 0.4265625 0.5828125 0.0296875 0.040625
0 0.10234375 0.75625 0.0328125 0.04921875
0 0.0046875 0.62890625 0.009375 0.0484375
0 0.34453125 0.4609375 0.02265625 0.03828125
0 0.24609375 0.1609375 0.0265625 0.040625
0 0.009375 0.5640625 0.01796875 0.040625
0 0.42265625 0.00859375 0.02421875 0.0171875
0 0.36328125 0.215625 0.0265625 0.03828125
0 0.83984375 0.1484375 0.0265625 0.0359375
0 0.70390625 0.8765625 0.03359375 0.046875
0 0.81484375 0.4609375 0.025 0.046875
0 0.07578125 0.234375 0.02421875 0.04296875
0 0.36953125 0.41484375 0.025 0.040625
0 0.00625 0.2796875 0.0125 0.04296875
0 0.78203125 0.0765625 0.02421875 0.03828125
0 0.87734375 0.409375 0.03125 0.0515625
0 0.053125 0.68203125 0.0296875 0.046875
0 0.02265625 0.9671875 0.03359375 0.06171875
0 0.1453125 0.7609375 0.028125 0.046875
0 0.671875 0.39765625 0.0296875 0.04921875
0 0.25078125 0.41484375 0.03125 0.04453125
0 0.53203125 0.05 0.025 0.03203125
0 0.14921875 0.8390625 0.03125 0.04921875
0 0.3796875 0.7515625 0.028125 0.04921875
0 0.8921875 0.50625 0.0296875 0.04453125
0 0.6359375 0.6203125 0.028125 0.03828125
0 0.25859375 0.50625 0.0265625 0.04453125
0 0.36953125 0.00625 0.028125 0.0125
0 0.78828125 0.440625 0.028125 0.0359375
0 0.2046875 0.00625 0.025 0.0125
0 0.5359375 0.671875 0.03125 0.05546875
0 0.00625 0.32734375 0.0125 0.0359375
0 0.99375 0.0265625 0.01015625 0.0359375
0 0.99375 0.0671875 0.01015625 0.040625
0 0.0046875 0.7234375 0.009375 0.05
0 0.2421875 0.953125 0.0328125 0.0515625
0 0.53203125 0.00625 0.02265625 0.0125
0 0.384375 0.45859375 0.0296875 0.046875
0 0.32109375 0.72265625 0.0296875 0.046875
0 0.009375 0.48828125 0.01796875 0.03828125
0 0.43828125 0.19375 0.025 0.03828125
0 0.3640625 0.03203125 0.02265625 0.03828125
0 0.07734375 0.05234375 0.028125 0.040625
0 0.859375 0.05546875 0.02421875 0.04296875
0 0.84453125 0.00625 0.02265625 0.0125
0 0.56171875 0.32265625 0.028125 0.040625
0 0.40859375 0.9890625 0.0328125 0.0171875
0 0.403125 0.121875 0.02265625 0.034375
0 0.25625 0.00625 0.02109375 0.0125
0 0.95625 0.1515625 0.025 0.03828125
0 0.6140625 0.1 0.02421875 0.03828125
0 0.8359375 0.07578125 0.0265625 0.040625
0 0.175 0.00625 0.02265625 0.0125