1 0.33046875 0.56640625 0.0515625 0.0921875
1 0.15625 0.440625 0.04765625 0.09609375
1 0.34453125 0.728125 0.0546875 0.08984375
1 0.58046875 0.2265625 0.053125 0.08828125
1 0.65703125 0.76171875 0.04453125 0.08984375
1 0.40546875 0.309375 0.04453125 0.0859375
1 0.55390625 0.55859375 0.0484375 0.08984375
1 0.48125 0.12265625 0.04609375 0.08203125
1 0.26484375 0.4203125 0.04765625 0.08203125
1 0.3828125 0.54609375 0.053125 0.08984375
1 0.525 0.615625 0.04765625 0.0859375
1 0.7421875 0.621875 0.053125 0.0859375
1 0.51484375 0.3796875 0.0546875 0.08359375
1 0.3671875 0.28203125 0.04296875 0.0859375
1 0.61015625 0.32734375 0.0609375 0.08828125
1 0.23984375 0.2046875 0.05 0.08203125
1 0.45546875 0.42265625 0.053125 0.08203125
1 0.8875 0.43046875 0.04609375 0.09453125
1 0.91484375 0.5375 0.053125 0.09453125
1 0.65859375 0.42734375 0.04453125 0.08359375
1 0.71484375 0.6953125 0.04140625 0.0859375
1 0.2875 0.25546875 0.0484375 0.08359375
1 0.26640625 0.59609375 0.05546875 0.08984375
1 0.40078125 0.7703125 0.05703125 0.0859375
1 0.70078125 0.35625 0.04140625 0.08828125
1 0.22890625 0.67890625 0.0515625 0.09609375
1 0.4640625 0.58203125 0.04140625 0.08984375
1 0.5921875 0.46875 0.04453125 0.07734375
1 0.50078125 0.5 0.9875 0.98359375
1 0.63515625 0.66015625 0.04453125 0.08359375
1 0.2890625 0.7328125 0.0484375 0.0859375
1 0.08671875 0.5421875 0.053125 0.09453125
1 0.534375 0.8953125 0.0515625 0.08828125
1 0.88671875 0.79140625 0.0515625 0.0984375
1 0.91328125 0.68046875 0.0515625 0.09453125
1 0.1078125 0.24921875 0.04609375 0.07578125
1 0.37734375 0.36875 0.04765625 0.07109375
1 0.75859375 0.271875 0.04296875 0.07734375
1 0.859375 0.6265625 0.05 0.0921875
1 0.4515625 0.24140625 0.05 0.08359375
1 0.5359375 0.21171875 0.04453125 0.08359375
1 0.32890625 0.36484375 0.04765625 0.08359375
1 0.63125 0.709375 0.103125 0.18671875
1 0.8390625 0.3734375 0.0546875 0.08828125
1 0.38359375 0.43046875 0.0515625 0.06484375
1 0.59921875 0.76328125 0.04140625 0.08359375
1 0.19296875 0.5546875 0.06015625 0.08984375
1 0.1546875 0.16015625 0.0390625 0.0734375
1 0.65390625 0.53671875 0.05703125 0.08828125
1 0.13671875 0.5828125 0.05 0.08359375
1 0.82265625 0.5578125 0.04296875 0.07578125
1 0.240625 0.51875 0.0546875 0.09453125
1 0.625 0.90390625 0.0515625 0.08828125
1 0.125 0.66171875 0.0515625 0.0859375
1 0.76640625 0.8828125 0.05 0.0921875
1 0.6234375 0.07109375 0.0515625 0.08828125
1 0.18515625 0.34375 0.0671875 0.08828125
1 0.85546875 0.90703125 0.06015625 0.09453125
1 0.26484375 0.33984375 0.04765625 0.08359375
1 0.8 0.48515625 0.0515625 0.0859375
1 0.41484375 0.07578125 0.04453125 0.07109375
1 0.746875 0.91640625 0.125 0.159375
1 0.19296875 0.42109375 0.04296875 0.08828125
1 0.728125 0.46015625 0.04140625 0.08203125
1 0.96640625 0.55234375 0.04453125 0.09453125
1 0.55 0.73671875 0.0359375 0.06953125
1 0.58046875 0.9703125 0.0671875 0.05
1 0.52421875 0.4515625 0.0546875 0.07734375
1 0.353125 0.6265625 0.0515625 0.0796875
1 0.10390625 0.77265625 0.04609375 0.08984375
1 0.85546875 0.92734375 0.09453125 0.1359375
1 0.42890625 0.6140625 0.04765625 0.07578125
1 0.26171875 0.4359375 0.078125 0.11328125
1 0.11015625 0.38125 0.04453125 0.0921875
1 0.9515625 0.13828125 0.04765625 0.0921875
1 0.52265625 0.64375 0.0890625 0.1421875
1 0.68125 0.12578125 0.05 0.0796875
1 0.2765625 0.90859375 0.05703125 0.0859375
1 0.89921875 0.06640625 0.04296875 0.08203125
1 0.2625 0.16328125 0.0484375 0.08359375
1 0.8671875 0.84765625 0.11875 0.21171875
1 0.05 0.84765625 0.05546875 0.10234375
1 0.64453125 0.26953125 0.05 0.08203125
1 0.4515625 0.94140625 0.0734375 0.1046875
1 0.7296875 0.2046875 0.05 0.08203125
1 0.75078125 0.7546875 0.05 0.0796875
1 0.5703125 0.41953125 0.0515625 0.08828125
1 0.34296875 0.17265625 0.06015625 0.0859375
1 0.578125 0.534375 0.04453125 0.0796875
1 0.77890625 0.0734375 0.04140625 0.07578125
1 0.01640625 0.69296875 0.03203125 0.08984375
1 0.50078125 0.72734375 0.0484375 0.0796875
1 0.6421875 0.62265625 0.05546875 0.0921875
1 0.81484375 0.29453125 0.0390625 0.06484375
1 0.140625 0.90703125 0.053125 0.0859375
1 0.159375 0.2109375 0.0765625 0.17421875
1 0.9765625 0.86171875 0.04140625 0.10078125
1 0.203125 0.7578125 0.05 0.09453125
1 0.56171875 0.09140625 0.04609375 0.0734375
1 0.76484375 0.8015625 0.05 0.08203125
1 0.753125 0.51484375 0.04609375 0.08203125
1 0.371875 0.4609375 0.0921875 0.12578125
1 0.2796875 0.775 0.08359375 0.178125
1 0.4375 0.86796875 0.05859375 0.07578125
1 0.059375 0.6265625 0.0546875 0.09609375
1 0.38515625 0.9578125 0.0765625 0.07578125
1 0.14140625 0.46875 0.10703125 0.15703125
1 0.7109375 0.0359375 0.0515625 0.07109375
1 0.34921875 0.9140625 0.0625 0.11328125
1 0.92734375 0.2640625 0.05546875 0.0796875
1 0.43359375 0.7046875 0.0484375 0.10078125
1 0.8375 0.5234375 0.0515625 0.0734375
1 0.85546875 0.12890625 0.0484375 0.08203125
1 0.775 0.115625 0.0875 0.159375
1 0.61328125 0.19921875 0.04609375 0.08828125
1 0.86328125 0.25390625 0.05 0.0796875
1 0.48671875 0.296875 0.04609375 0.06484375
1 0.65234375 0.9421875 0.04609375 0.08203125
1 0.3953125 0.49609375 0.04765625 0.07734375
1 0.5328125 0.92265625 0.09609375 0.1421875
1 0.834375 0.07734375 0.04765625 0.0796875
1 0.4859375 0.21875 0.04453125 0.0734375
1 0.075 0.94765625 0.075 0.09609375
1 0.5484375 0.82734375 0.0671875 0.0859375
1 0.54609375 0.32734375 0.04765625 0.07578125
1 0.80625 0.225 0.05 0.07734375
1 0.978125 0.67734375 0.0375 0.09609375
1 0.8171875 0.675 0.103125 0.31015625
1 0.22421875 0.86796875 0.053125 0.07578125
1 0.2296875 0.23203125 0.06953125 0.1359375
1 0.8828125 0.33984375 0.04765625 0.0921875
1 0.1765625 0.6265625 0.04765625 0.0796875
1 0.0484375 0.3125 0.04296875 0.08359375
1 0.1765625 0.125 0.04296875 0.0734375