1 0.47734375 0.765625 0.0515625 0.1203125
1 0.17890625 0.81640625 0.046875 0.10390625
1 0.16328125 0.70390625 0.0421875 0.09453125
1 0.60078125 0.903125 0.153125 0.18671875
1 0.2625 0.7640625 0.04375 0.09453125
1 0.4671875 0.93671875 0.05390625 0.1140625
1 0.56484375 0.5359375 0.03828125 0.0828125
1 0.32265625 0.9390625 0.12578125 0.115625
1 0.3265625 0.78203125 0.04375 0.084375
1 0.37421875 0.78203125 0.0484375 0.10078125
1 0.31171875 0.2921875 0.0375 0.0765625
1 0.7765625 0.70078125 0.05546875 0.10703125
1 0.575 0.3890625 0.0625 0.09609375
1 0.609375 0.875 0.05078125 0.13046875
1 0.4828125 0.47109375 0.0390625 0.06953125
1 0.6625 0.49140625 0.03828125 0.075
1 0.2171875 0.89296875 0.05 0.09765625
1 0.66484375 0.409375 0.0453125 0.09453125
1 0.6890625 0.6078125 0.04375 0.0875
1 0.459375 0.33203125 0.0375 0.071875
1 0.49921875 0.49765625 0.9921875 0.98515625
1 0.23671875 0.61328125 0.04765625 0.084375
1 0.84609375 0.4953125 0.03984375 0.0890625
1 0.2546875 0.515625 0.04296875 0.09140625
1 0.103125 0.6375 0.05078125 0.0875
1 0.7796875 0.553125 0.0421875 0.09453125
1 0.67890625 0.85390625 0.0546875 0.1171875
1 0.571875 0.65078125 0.0515625 0.10390625
1 0.82734375 0.22734375 0.03046875 0.06796875
1 0.39609375 0.89140625 0.05546875 0.1140625
1 0.13203125 0.52578125 0.05390625 0.10546875
1 0.08515625 0.7171875 0.0625 0.09765625
1 0.1734375 0.3890625 0.04296875 0.0859375
1 0.51875 0.67890625 0.0421875 0.0890625
1 0.834375 0.7859375 0.05078125 0.1125
1 0.528125 0.88125 0.05 0.10078125
1 0.62890625 0.646875 0.040625 0.0875
1 0.2703125 0.24296875 0.0296875 0.05703125
1 0.3765625 0.325 0.04765625 0.08125
1 0.3546875 0.24296875 0.034375 0.06328125
1 0.9203125 0.8796875 0.04765625 0.09765625
1 0.85 0.63359375 0.06171875 0.121875
1 0.278125 0.87890625 0.0578125 0.10546875
1 0.809375 0.4328125 0.0390625 0.08125
1 0.628125 0.77734375 0.05 0.09140625
1 0.30703125 0.58515625 0.0515625 0.09453125
1 0.3234375 0.93671875 0.0546875 0.1109375
1 0.38359375 0.47109375 0.0390625 0.06328125
1 0.475 0.8046875 0.1015625 0.2015625
1 0.446875 0.56328125 0.0484375 0.0828125
1 0.18671875 0.2109375 0.0328125 0.06328125
1 0.01640625 0.575 0.0328125 0.0890625
1 0.49296875 0.31484375 0.034375 0.0765625
1 0.74140625 0.93359375 0.1140625 0.1265625
1 0.0890625 0.83359375 0.0484375 0.10859375
1 0.5703125 0.69140625 0.1015625 0.18515625
1 0.6140625 0.38359375 0.03203125 0.08125
1 0.66640625 0.45859375 0.11015625 0.1953125
1 0.36015625 0.41171875 0.03828125 0.078125
1 0.46015625 0.6796875 0.046875 0.09140625
1 0.2921875 0.4671875 0.0421875 0.0765625
1 0.3328125 0.378125 0.0359375 0.0796875
1 0.9734375 0.4828125 0.0390625 0.0875
1 0.13671875 0.25234375 0.0296875 0.06796875
1 0.303125 0.3515625 0.1046875 0.1984375
1 0.41484375 0.190625 0.03125 0.06796875
1 0.42265625 0.3265625 0.0359375 0.06796875
1 0.925 0.69609375 0.05 0.10078125
1 0.47578125 0.15546875 0.0296875 0.06015625
1 0.159375 0.76640625 0.12109375 0.21953125
1 0.51953125 0.5984375 0.04296875 0.078125
1 0.2125 0.49453125 0.03828125 0.075
1 0.38828125 0.70390625 0.04609375 0.078125
1 0.58359375 0.059375 0.03046875 0.06015625
1 0.440625 0.41484375 0.034375 0.075
1 0.659375 0.7078125 0.040625 0.09296875
1 0.76484375 0.759375 0.12109375 0.22421875
1 0.8296875 0.0875 0.03046875 0.06171875
1 0.73203125 0.22109375 0.03046875 0.06484375
1 0.77109375 0.58828125 0.11015625 0.165625
1 0.17421875 0.4328125 0.1046875 0.17265625
1 0.56171875 0.19140625 0.03046875 0.06328125
1 0.86796875 0.1734375 0.0328125 0.06953125
1 0.2828125 0.6484375 0.05390625 0.09453125
1 0.1765625 0.8796875 0.13671875 0.23125
1 0.77734375 0.70859375 0.0375 0.075
1 0.7609375 0.87265625 0.0421875 0.09296875
1 0.46640625 0.64921875 0.0515625 0.0859375
1 0.31171875 0.096875 0.034375 0.06328125
1 0.665625 0.1015625 0.0421875 0.06640625
1 0.52421875 0.37109375 0.04375 0.08125
1 0.53203125 0.303125 0.040625 0.0734375
1 0.90703125 0.9625 0.0453125 0.06796875
1 0.5671875 0.8078125 0.04765625 0.09765625
1 0.778125 0.221875 0.034375 0.06953125
1 0.3796875 0.5640625 0.046875 0.084375
1 0.2640625 0.7890625 0.0953125 0.14765625
1 0.08125 0.8859375 0.1 0.21796875
1 0.203125 0.37265625 0.03125 0.06796875
1 0.509375 0.175 0.03125 0.06328125
1 0.41796875 0.7859375 0.0546875 0.09609375
1 0.2046875 0.28671875 0.0328125 0.0734375
1 0.21328125 0.24296875 0.034375 0.06640625
1 0.45625 0.2109375 0.03984375 0.06328125
1 0.425 0.08828125 0.0296875 0.06328125
1 0.7875 0.103125 0.0296875 0.06640625
1 0.6515625 0.1828125 0.028125 0.06015625
1 0.52734375 0.77578125 0.04296875 0.08125
1 0.13984375 0.18359375 0.0359375 0.06484375
1 0.33125 0.2 0.03125 0.06171875
1 0.846875 0.9421875 0.05625 0.10546875
1 0.95 0.23203125 0.03203125 0.06640625
1 0.25703125 0.19921875 0.0359375 0.06015625
1 0.03203125 0.94453125 0.0625 0.10078125
1 0.7828125 0.34609375 0.0328125 0.06796875
1 0.70234375 0.15546875 0.03046875 0.05703125
1 0.80625 0.28203125 0.0375 0.06328125
1 0.17109375 0.32734375 0.0328125 0.05703125
1 0.475 0.05625 0.028125 0.06328125
1 0.74140625 0.92421875 0.0578125 0.1125
1 0.98515625 0.3734375 0.0265625 0.0859375
1 0.37734375 0.6359375 0.04375 0.078125
1 0.7609375 0.29609375 0.03125 0.05546875
1 0.465625 0.94609375 0.0375 0.084375
1 0.0734375 0.3046875 0.034375 0.0734375
1 0.86875 0.2953125 0.034375 0.06015625
1 0.5671875 0.22578125 0.07890625 0.13359375
1 0.0796875 0.390625 0.0328125 0.06171875
1 0.75390625 0.16015625 0.03125 0.05390625
1 0.5125 0.06015625 0.0296875 0.05859375
1 0.88125 0.4828125 0.034375 0.075
1 0.11796875 0.57734375 0.121875 0.2046875
1 0.08203125 0.084375 0.0296875 0.06484375
1 0.7375 0.115625 0.0296875 0.05859375
1 0.57109375 0.45234375 0.1 0.21796875
1 0.6609375 0.740625 0.0875 0.1578125
1 0.7 0.40859375 0.0359375 0.0734375
1 0.8859375 0.571875 0.0421875 0.0890625
1 0.46953125 0.2671875 0.0359375 0.06015625
1 0.43046875 0.2625 0.0390625 0.06953125
1 0.0703125 0.5328125 0.0453125 0.0828125
1 0.134375 0.32890625 0.0390625 0.06953125
1 0.92578125 0.44609375 0.0390625 0.0828125
1 0.965625 0.0984375 0.028125 0.05390625
1 0.10234375 0.18515625 0.0296875 0.05859375
1 0.70859375 0.3203125 0.0359375 0.06796875
1 0.4265625 0.9359375 0.053125 0.115625
1 0.9046875 0.04609375 0.02734375 0.06328125
1 0.13046875 0.08671875 0.03984375 0.06640625
1 0.56875 0.56640625 0.07421875 0.1546875
1 0.31875 0.625 0.0875 0.17421875
1 0.0828125 0.47421875 0.06171875 0.09921875
1 0.65234375 0.2625 0.03515625 0.06015625
1 0.28125 0.89765625 0.0390625 0.06484375
1 0.73515625 0.55078125 0.05 0.0859375
1 0.01484375 0.18828125 0.028125 0.06171875
1 0.93046875 0.9140625 0.11328125 0.165625
1 0.50703125 0.23515625 0.0296875 0.06015625
1 0.9109375 0.2921875 0.0546875 0.0859375
1 0.83515625 0.8265625 0.11328125 0.19375
1 0.3609375 0.83515625 0.12109375 0.20625
1 0.70859375 0.04375 0.028125 0.0484375
1 0.025 0.44375 0.04375 0.078125
1 0.2453125 0.13203125 0.0328125 0.05546875
1 0.16875 0.0921875 0.03203125 0.06328125
1 0.9203125 0.7453125 0.1265625 0.203125
1 0.39609375 0.8921875 0.03203125 0.0734375
1 0.2234375 0.6546875 0.0828125 0.1671875
1 0.10078125 0.35703125 0.0328125 0.05703125
1 0.59921875 0.19609375 0.034375 0.06640625
1 0.36328125 0.09921875 0.03125 0.06484375
1 0.6421875 0.57109375 0.0625 0.084375
1 0.02265625 0.59921875 0.0453125 0.1390625
1 0.86875 0.4046875 0.053125 0.0875
1 0.0546875 0.2578125 0.03515625 0.06640625
1 0.853125 0.665625 0.0984375 0.18359375