0 0.340625 0.36328125 0.0265625 0.0390625
0 0.53828125 0.2046875 0.01953125 0.0296875
0 0.1515625 0.4140625 0.028125 0.04453125
0 0.4296875 0.39140625 0.025 0.040625
0 0.2953125 0.19375 0.015625 0.0234375
0 0.2 0.39375 0.0265625 0.0375
0 0.11171875 0.3578125 0.02421875 0.0375
0 0.0328125 0.44375 0.0296875 0.04296875
0 0.10859375 0.44140625 0.034375 0.04921875
0 0.5171875 0.425 0.028125 0.04296875
0 0.2421875 0.221875 0.01953125 0.02734375
0 0.25078125 0.43046875 0.03203125 0.0484375
0 0.1828125 0.1734375 0.01484375 0.025
0 0.6265625 0.41171875 0.0296875 0.04921875
0 0.071875 0.35078125 0.02421875 0.0375
0 0.09453125 0.24453125 0.0171875 0.02578125
0 0.57890625 0.17265625 0.015625 0.02734375
0 0.58828125 0.7484375 0.0515625 0.0765625
0 0.353125 0.11640625 0.01171875 0.01953125
0 0.4828125 0.7125 0.0484375 0.07578125
0 0.87578125 0.34453125 0.0390625 0.05078125
0 0.1578125 0.1640625 0.01484375 0.0234375
0 0.26796875 0.24453125 0.01875 0.02890625
0 0.3703125 0.253125 0.0234375 0.03515625
0 0.5578125 0.22578125 0.0203125 0.0328125
0 0.55546875 0.44375 0.0359375 0.05234375
0 0.0671875 0.64453125 0.0484375 0.06484375
0 0.0125 0.2671875 0.02265625 0.0328125
0 0.3515625 0.425 0.0328125 0.0453125
0 0.10390625 0.1625 0.01484375 0.025
0 0.7171875 0.3765625 0.03125 0.04453125
0 0.24765625 0.29375 0.0203125 0.0328125
0 0.21484375 0.17890625 0.0171875 0.02734375
0 0.41484375 0.4265625 0.03203125 0.0453125
0 0.1546875 0.2015625 0.015625 0.025
0 0.49921875 0.225 0.01875 0.02890625
0 0.05390625 0.4859375 0.0390625 0.05078125
0 0.08671875 0.17890625 0.01640625 0.025
0 0.446875 0.25703125 0.0171875 0.02734375
0 0.3859375 0.109375 0.0140625 0.02109375
0 0.0203125 0.61015625 0.040625 0.06640625
0 0.43515625 0.1453125 0.01484375 0.025
0 0.603125 0.0734375 0.01171875 0.01953125
0 0.3 0.1390625 0.0140625 0.021875
0 0.41015625 0.10625 0.01171875 0.01953125
0 0.46953125 0.2671875 0.01953125 0.0296875
0 0.67109375 0.0421875 0.0109375 0.0140625
0 0.6359375 0.48671875 0.040625 0.05703125
0 0.09453125 0.2171875 0.01640625 0.0234375
0 0.4375 0.11171875 0.0140625 0.01796875
0 0.00703125 0.36640625 0.0140625 0.0390625
0 0.0703125 0.2484375 0.0171875 0.025
0 0.4015625 0.07265625 0.0109375 0.015625
0 0.56953125 0.0171875 0.009375 0.01328125
0 0.4546875 0.103125 0.009375 0.0171875
0 0.44140625 0.53046875 0.0328125 0.05078125
0 0.3578125 0.0953125 0.009375 0.015625
0 0.48125 0.01796875 0.00859375 0.01328125
0 0.44921875 0.13671875 0.0140625 0.0234375
0 0.54453125 0.01796875 0.0109375 0.01328125
0 0.165625 0.2546875 0.01875 0.025
0 0.17265625 0.15078125 0.01484375 0.02109375
0 0.27734375 0.10078125 0.0140625 0.01953125
0 0.63359375 0.0546875 0.01171875 0.015625
0 0.34453125 0.01796875 0.009375 0.01328125
0 0.28046875 0.178125 0.0125 0.02109375
0 0.66953125 0.0171875 0.0109375 0.0140625
0 0.4671875 0.05625 0.00859375 0.0140625
0 0.646875 0.0671875 0.01171875 0.01953125
0 0.38203125 0.05078125 0.009375 0.015625
0 0.61875 0.01875 0.0109375 0.0140625
0 0.6546875 0.00625 0.00859375 0.01171875
0 0.44140625 0.0578125 0.009375 0.0171875
0 0.44609375 0.08046875 0.01171875 0.01796875
0 0.43046875 0.01875 0.00859375 0.0140625
0 0.0046875 0.23671875 0.00859375 0.02578125
0 0.58125 0.01796875 0.0109375 0.01328125
0 0.44609375 0.03203125 0.0109375 0.0140625
0 0.49296875 0.01640625 0.00859375 0.0140625
0 0.3390625 0.1125 0.0125 0.01953125
0 0.365625 0.0421875 0.0109375 0.0140625
0 0.38125 0.0296875 0.00859375 0.01171875
0 0.4671875 0.03125 0.0078125 0.01328125
0 0.99296875 0.28046875 0.0125 0.0328125
0 0.4578125 0.05546875 0.00859375 0.0140625
0 0.13984375 0.1890625 0.01484375 0.02109375
0 0.55703125 0.03125 0.00859375 0.01328125
0 0.63203125 0.0328125 0.009375 0.015625
0 0.6375 0.01171875 0.00859375 0.01328125
0 0.353125 0.040625 0.0109375 0.0140625
0 0.53203125 0.01953125 0.00859375 0.01328125
0 0.41328125 0.0609375 0.009375 0.01328125
0 0.4828125 0.05625 0.009375 0.01328125
0 0.5859375 0.05703125 0.01171875 0.01796875
0 0.59453125 0.00625 0.009375 0.01171875
0 0.56875 0.03203125 0.00859375 0.0171875
0 0.50625 0.04296875 0.00859375 0.01328125
0 0.5921875 0.0296875 0.00859375 0.0140625
0 0.6203125 0.07265625 0.01171875 0.01796875
0 0.49375 0.0421875 0.00703125 0.0140625
0 0.3265625 0.13125 0.0140625 0.01953125
0 0.53203125 0.00546875 0.00859375 0.01015625
0 0.5296875 0.04375 0.009375 0.0171875
0 0.32890625 0.09453125 0.009375 0.0171875
0 0.4046875 0.0296875 0.00859375 0.0140625
0 0.23203125 0.19140625 0.01484375 0.01796875
0 0.48125 0.0390625 0.00859375 0.01328125
0 0.50625 0.02890625 0.00859375 0.01328125
0 0.44375 0.0171875 0.00859375 0.01171875
0 0.1078125 0.31796875 0.0203125 0.02578125
0 0.278125 0.12578125 0.0140625 0.021875
0 0.5125 0.01015625 0.0078125 0.01328125