1 0.26484375 0.5984375 0.08671875 0.13203125
1 0.2515625 0.82265625 0.0796875 0.1484375
1 0.38203125 0.63046875 0.0734375 0.11953125
1 0.58515625 0.78046875 0.08359375 0.12734375
1 0.6546875 0.8546875 0.08671875 0.13671875
1 0.0875 0.84296875 0.171875 0.3046875
1 0.11953125 0.76875 0.08828125 0.15625
1 0.23828125 0.871875 0.16640625 0.246875
1 0.43046875 0.47109375 0.0484375 0.08359375
1 0.80546875 0.85625 0.08515625 0.1296875
1 0.63984375 0.890625 0.1765625 0.20859375
1 0.49921875 0.50625 0.99140625 0.9640625
1 0.4703125 0.86328125 0.0796875 0.134375
1 0.63359375 0.478125 0.05 0.08359375
1 0.42109375 0.77109375 0.0984375 0.14609375
1 0.50703125 0.6078125 0.0703125 0.09375
1 0.4515625 0.8953125 0.1734375 0.19921875
1 0.715625 0.59375 0.0546875 0.0984375
1 0.0703125 0.6546875 0.0703125 0.11015625
1 0.57109375 0.51640625 0.05859375 0.0890625
1 0.6546875 0.5609375 0.05 0.09609375
1 0.94296875 0.85390625 0.1 0.1484375
1 0.828125 0.740625 0.0734375 0.10546875
1 0.8203125 0.64296875 0.06015625 0.09609375
1 0.7953125 0.89453125 0.1203125 0.2015625
1 0.89609375 0.45078125 0.03828125 0.0671875
1 0.2296875 0.3609375 0.046875 0.07421875
1 0.978125 0.59609375 0.03984375 0.103125
1 0.69921875 0.79609375 0.078125 0.10546875
1 0.6265625 0.67265625 0.0703125 0.09375
1 0.6875 0.46015625 0.0453125 0.0765625
1 0.08671875 0.51171875 0.06640625 0.0984375
1 0.76171875 0.6703125 0.0703125 0.1078125
1 0.98515625 0.728125 0.0265625 0.09375
1 0.5359375 0.7046875 0.06484375 0.11484375
1 0.51015625 0.41328125 0.04296875 0.07421875
1 0.29921875 0.28203125 0.03828125 0.06953125
1 0.353125 0.5203125 0.05 0.08125
1 0.9671875 0.48359375 0.04140625 0.07890625
1 0.3265625 0.48828125 0.04296875 0.08359375
1 0.4890625 0.65078125 0.121875 0.1796875
1 0.396875 0.546875 0.053125 0.0765625
1 0.89921875 0.6015625 0.06484375 0.10546875
1 0.8046875 0.46171875 0.04296875 0.07890625
1 0.10078125 0.4265625 0.05859375 0.09609375
1 0.56171875 0.38515625 0.03984375 0.07421875
1 0.8421875 0.56328125 0.0546875 0.08671875
1 0.8796875 0.815625 0.0765625 0.1296875
1 0.60234375 0.58359375 0.0453125 0.06484375
1 0.9421875 0.74375 0.06171875 0.08671875
1 0.5234375 0.32890625 0.03984375 0.0625
1 0.1734375 0.60703125 0.03984375 0.09140625
1 0.1859375 0.484375 0.0546875 0.10078125
1 0.36171875 0.2796875 0.03359375 0.06484375
1 0.46640625 0.36484375 0.03671875 0.0625
1 0.48828125 0.54765625 0.0703125 0.09375
1 0.875 0.7171875 0.046875 0.08125
1 0.32734375 0.20625 0.028125 0.053125
1 0.56484375 0.85390625 0.1296875 0.2734375
1 0.05234375 0.3875 0.0453125 0.08359375
1 0.3375 0.40859375 0.0453125 0.07421875
1 0.39296875 0.84296875 0.15703125 0.28984375
1 0.42578125 0.284375 0.03203125 0.06015625
1 0.1921875 0.22890625 0.03515625 0.06015625
1 0.3609375 0.721875 0.11796875 0.30234375
1 0.1125 0.27109375 0.04140625 0.0671875
1 0.70078125 0.64765625 0.08828125 0.20625
1 0.2359375 0.2828125 0.0453125 0.0765625
1 0.496875 0.78515625 0.0703125 0.1078125
1 0.7640625 0.5875 0.0546875 0.071875
1 0.2421875 0.64765625 0.13203125 0.4703125
1 0.67265625 0.35859375 0.03515625 0.06484375
1 0.3703125 0.4015625 0.03671875 0.06953125
1 0.6296875 0.7484375 0.06328125 0.10078125
1 0.31796875 0.634375 0.06328125 0.1125
1 0.0453125 0.24453125 0.03984375 0.071875
1 0.053125 0.70859375 0.10625 0.2328125
1 0.515625 0.22265625 0.028125 0.053125
1 0.390625 0.29140625 0.03515625 0.05546875
1 0.87890625 0.51171875 0.0453125 0.08359375
1 0.63515625 0.60703125 0.11328125 0.18203125
1 0.7890625 0.478125 0.08203125 0.1125
1 0.8484375 0.4109375 0.03984375 0.05546875
1 0.0796875 0.31171875 0.03671875 0.0671875
1 0.184375 0.325 0.04140625 0.06015625
1 0.15390625 0.2046875 0.03203125 0.05546875
1 0.4328125 0.3984375 0.0484375 0.0625
1 0.690625 0.2796875 0.03203125 0.05546875
1 0.4875 0.45234375 0.04140625 0.06953125
1 0.13671875 0.396875 0.04296875 0.06953125
1 0.58984375 0.24375 0.0296875 0.05
1 0.77890625 0.35390625 0.03828125 0.06015625
1 0.46328125 0.2875 0.03984375 0.04765625
1 0.55546875 0.4171875 0.071875 0.1390625
1 0.6203125 0.3359375 0.03671875 0.053125
1 0.92421875 0.65078125 0.05859375 0.09375
1 0.2015625 0.40546875 0.04296875 0.0625
1 0.73203125 0.47578125 0.03359375 0.06484375
1 0.590625 0.29765625 0.03515625 0.053125
1 0.93046875 0.34296875 0.03515625 0.0578125
1 0.946875 0.5984375 0.04296875 0.09375
1 0.6609375 0.259375 0.028125 0.0578125
1 0.1 0.22265625 0.03671875 0.053125
1 0.0953125 0.553125 0.1 0.1796875
1 0.7484375 0.7203125 0.1 0.20859375
1 0.4328125 0.53203125 0.06796875 0.20625
1 0.940625 0.52421875 0.03828125 0.06015625
1 0.11796875 0.73046875 0.08671875 0.07890625
1 0.0171875 0.4328125 0.034375 0.09375
1 0.3609375 0.8875 0.08828125 0.14375
1 0.4984375 0.24609375 0.9796875 0.42421875