0 0.59609375 0.01875 0.01875 0.0296875
0 0.56328125 0.01796875 0.01875 0.03125
0 0.35234375 0.1421875 0.02421875 0.0375
0 0.4265625 0.253125 0.03515625 0.0484375
0 0.42109375 0.14296875 0.02265625 0.03671875
0 0.18671875 0.1984375 0.03046875 0.04296875
0 0.9046875 0.0578125 0.0296875 0.04296875
0 0.671875 0.06875 0.025 0.0375
0 0.75625 0.15546875 0.034375 0.05078125
0 0.0890625 0.15703125 0.01953125 0.0296875
0 0.44609375 0.10390625 0.01953125 0.03125
0 0.8109375 0.05546875 0.0265625 0.04296875
0 0.4046875 0.69375 0.0734375 0.11171875
0 0.95 0.04296875 0.025 0.0390625
0 0.484375 0.06640625 0.021875 0.03359375
0 0.13125 0.046875 0.01640625 0.02109375
0 0.2328125 0.740625 0.071875 0.10390625
0 0.315625 0.1109375 0.02421875 0.03671875
0 0.5921875 0.23125 0.034375 0.05625
0 0.228125 0.5125 0.0578125 0.0875
0 0.8359375 0.1421875 0.03515625 0.05625
0 0.78125 0.0375 0.0234375 0.0328125
0 0.7640625 0.75625 0.0859375 0.11875
0 0.83671875 0.2734375 0.03828125 0.06015625
0 0.878125 0.10546875 0.03046875 0.04453125
0 0.13125 0.2703125 0.0359375 0.0484375
0 0.71796875 0.01796875 0.0234375 0.0359375
0 0.85625 0.4359375 0.05390625 0.07421875
0 0.2171875 0.065625 0.01953125 0.02734375
0 0.1515625 0.125 0.021875 0.03125
0 0.01640625 0.54296875 0.03203125 0.09375
0 0.6828125 0.00625 0.021875 0.01171875
0 0.2453125 0.03046875 0.01640625 0.025
0 0.26171875 0.01640625 0.01953125 0.0296875
0 0.20859375 0.10546875 0.02421875 0.03125
0 0.9546875 0.00625 0.021875 0.0125
0 0.11484375 0.15703125 0.01875 0.02734375
0 0.83828125 0.00625 0.0203125 0.0125
0 0.7171875 0.45703125 0.05 0.08046875
0 0.0609375 0.0875 0.01640625 0.021875
0 0.0890625 0.071875 0.01953125 0.021875
0 0.20625 0.021875 0.01484375 0.02109375
0 0.11171875 0.065625 0.01875 0.025
0 0.009375 0.22421875 0.01875 0.0390625
0 0.821875 0.01875 0.01640625 0.025
0 0.8921875 0.70546875 0.059375 0.09375
0 0.253125 0.0875 0.01640625 0.025
0 0.98203125 0.01953125 0.0265625 0.03671875
0 0.03515625 0.06796875 0.01953125 0.03125
0 0.76484375 0.0046875 0.0171875 0.009375
0 0.30859375 0.075 0.0171875 0.025
0 0.42109375 0.0390625 0.01640625 0.0234375
0 0.22890625 0.00625 0.0140625 0.0125
0 0.28984375 0.0875 0.01953125 0.03125
0 0.3265625 0.0046875 0.015625 0.009375
0 0.15703125 0.05546875 0.01953125 0.01953125
0 0.92421875 0.00625 0.02265625 0.01171875
0 0.834375 0.6359375 0.03046875 0.0453125