0 0.33515625 0.64765625 0.0234375 0.03515625
0 0.0765625 0.596875 0.0203125 0.0296875
0 0.540625 0.4171875 0.01171875 0.01953125
0 0.1203125 0.7703125 0.02265625 0.040625
0 0.4875 0.61875 0.025 0.0390625
0 0.1578125 0.50546875 0.01640625 0.02578125
0 0.571875 0.41953125 0.0140625 0.02109375
0 0.2 0.6234375 0.02265625 0.03359375
0 0.978125 0.41328125 0.0140625 0.021875
0 0.04375 0.79375 0.025 0.04296875
0 0.78671875 0.48203125 0.01875 0.0234375
0 0.03203125 0.53671875 0.01953125 0.03125
0 0.4046875 0.6921875 0.0265625 0.040625
0 0.83046875 0.4984375 0.01640625 0.0234375
0 0.353125 0.73046875 0.0234375 0.0390625
0 0.653125 0.4453125 0.0140625 0.02109375
0 0.3421875 0.35078125 0.0125 0.01953125
0 0.37890625 0.6359375 0.0296875 0.0453125
0 0.134375 0.49375 0.0171875 0.02578125
0 0.35625 0.36875 0.01171875 0.01796875
0 0.953125 0.45625 0.0140625 0.025
0 0.5671875 0.3921875 0.0140625 0.02109375
0 0.665625 0.4 0.0125 0.01953125
0 0.98671875 0.36171875 0.01484375 0.01796875
0 0.1546875 0.56328125 0.021875 0.03515625
0 0.01015625 0.74296875 0.0203125 0.03515625
0 0.90390625 0.46640625 0.01484375 0.0234375
0 0.21796875 0.3421875 0.0125 0.01796875
0 0.08828125 0.42578125 0.01484375 0.0234375
0 0.384375 0.3578125 0.01171875 0.0171875
0 0.1125 0.42265625 0.0140625 0.021875
0 0.43125 0.38828125 0.0125 0.01796875
0 0.8921875 0.3484375 0.01171875 0.0171875
0 0.06953125 0.36875 0.01171875 0.01796875
0 0.20390625 0.83515625 0.02734375 0.0328125
0 0.8140625 0.35078125 0.0109375 0.0171875
0 0.0078125 0.5171875 0.015625 0.03125
0 0.08671875 0.3609375 0.0140625 0.01796875
0 0.45859375 0.26796875 0.0109375 0.01328125
0 0.771875 0.3625 0.01171875 0.0171875
0 0.4046875 0.38828125 0.01171875 0.01796875
0 0.12578125 0.3640625 0.0140625 0.025
0 0.3046875 0.35 0.01171875 0.01796875
0 0.40703125 0.33515625 0.01171875 0.0171875
0 0.8515625 0.5234375 0.015625 0.0234375
0 0.1140625 0.5046875 0.01484375 0.021875
0 0.803125 0.28046875 0.0109375 0.01171875
0 0.63203125 0.30625 0.009375 0.01328125
0 0.61796875 0.35 0.0109375 0.01796875
0 0.17421875 0.81640625 0.028125 0.046875
0 0.96953125 0.384375 0.01171875 0.01953125
0 0.79375 0.31796875 0.009375 0.01328125
0 0.790625 0.359375 0.0109375 0.015625
0 0.75703125 0.31875 0.009375 0.01328125
0 0.4046875 0.31640625 0.009375 0.01328125
0 0.60703125 0.31953125 0.0109375 0.01171875
0 0.28203125 0.3234375 0.01171875 0.0140625
0 0.69296875 0.30625 0.00703125 0.01328125
0 0.840625 0.26875 0.0109375 0.01171875
0 0.6703125 0.29375 0.009375 0.01171875
0 0.41328125 0.28671875 0.009375 0.01328125
0 0.2953125 0.6984375 0.02734375 0.04296875
0 0.15703125 0.365625 0.01171875 0.015625
0 0.51953125 0.38046875 0.0140625 0.02109375
0 0.82265625 0.55546875 0.0125 0.03203125
0 0.86796875 0.2671875 0.00859375 0.01015625
0 0.85390625 0.30625 0.0109375 0.01328125
0 0.6703125 0.45625 0.0140625 0.01953125
0 0.6546875 0.30625 0.00859375 0.01328125
0 0.753125 0.3546875 0.0109375 0.0140625
0 0.94375 0.2671875 0.00859375 0.01171875
0 0.703125 0.29375 0.0078125 0.01171875
0 0.68203125 0.30625 0.00859375 0.01171875
0 0.11171875 0.38671875 0.0125 0.01796875
0 0.31484375 0.43125 0.0125 0.01796875
0 0.71796875 0.2921875 0.0078125 0.01171875
0 0.6421875 0.30546875 0.0078125 0.01171875
0 0.8875 0.2609375 0.0078125 0.01171875
0 0.68125 0.3296875 0.0109375 0.0140625
0 0.15703125 0.3421875 0.0109375 0.0140625
0 0.87890625 0.3078125 0.009375 0.0140625
0 0.93046875 0.25625 0.00859375 0.01015625
0 0.7171875 0.34375 0.009375 0.01328125
0 0.73046875 0.31640625 0.0078125 0.01328125
0 0.4921875 0.24296875 0.009375 0.01171875
0 0.65703125 0.31875 0.00859375 0.01171875
0 0.9046875 0.25546875 0.0078125 0.01015625
0 0.73125 0.2921875 0.00703125 0.01171875
0 0.9203125 0.25703125 0.009375 0.01171875
0 0.0609375 0.38515625 0.0140625 0.01796875
0 0.73125 0.28046875 0.00703125 0.00625
0 0.63125 0.3296875 0.00859375 0.01328125
0 0.6796875 0.29375 0.0078125 0.01171875
0 0.76640625 0.31875 0.009375 0.01171875
0 0.43046875 0.3421875 0.00859375 0.0140625
0 0.83046875 0.29296875 0.00859375 0.01328125
0 0.79296875 0.26796875 0.0078125 0.0078125
0 0.87890625 0.36015625 0.009375 0.0140625
0 0.59296875 0.3203125 0.00703125 0.01015625
0 0.81171875 0.33515625 0.0109375 0.0140625
0 0.13984375 0.8484375 0.025 0.040625
0 0.5796875 0.321875 0.0078125 0.01171875
0 0.4328125 0.30625 0.00859375 0.01328125
0 0.94921875 0.29296875 0.0125 0.02578125
0 0.309375 0.41484375 0.02265625 0.0125
0 0.46796875 0.334375 0.01640625 0.0203125
0 0.49140625 0.32734375 0.0125 0.0203125
0 0.50546875 0.38984375 0.0109375 0.02734375
0 0.51796875 0.66640625 0.02265625 0.0296875