0 0.2125 0.77578125 0.0453125 0.06484375
0 0.43828125 0.74296875 0.040625 0.0640625
0 0.65546875 0.4625 0.03046875 0.04453125
0 0.39921875 0.1953125 0.0203125 0.02890625
0 0.40859375 0.69921875 0.0359375 0.0546875
0 0.309375 0.23671875 0.01875 0.02578125
0 0.8859375 0.146875 0.01484375 0.0234375
0 0.84765625 0.13046875 0.015625 0.0234375
0 0.0578125 0.6734375 0.040625 0.06015625
0 0.37578125 0.2625 0.021875 0.0328125
0 0.10546875 0.1625 0.0171875 0.025
0 0.7 0.47578125 0.03203125 0.05078125
0 0.2390625 0.1859375 0.0171875 0.02578125
0 0.43515625 0.19375 0.02265625 0.03125
0 0.62578125 0.88046875 0.046875 0.07578125
0 0.9296875 0.1625 0.015625 0.025
0 0.1734375 0.6703125 0.04296875 0.0609375
0 0.815625 0.1859375 0.01875 0.02734375
0 0.9578125 0.171875 0.0171875 0.02578125
0 0.075 0.2109375 0.01953125 0.02890625
0 0.79375 0.109375 0.015625 0.02109375
0 0.146875 0.04375 0.01484375 0.01953125
0 0.20234375 0.25 0.01953125 0.02578125
0 0.16640625 0.26015625 0.0203125 0.03359375
0 0.134375 0.2546875 0.01640625 0.0296875
0 0.790625 0.0453125 0.01484375 0.01953125
0 0.0890625 0.36875 0.02421875 0.03125
0 0.7421875 0.21875 0.0234375 0.03125
0 0.6375 0.08671875 0.0140625 0.01953125
0 0.140625 0.20546875 0.0171875 0.02578125
0 0.8171875 0.06640625 0.0140625 0.01796875
0 0.09453125 0.04375 0.0140625 0.01953125
0 0.96953125 0.0078125 0.0125 0.015625
0 0.065625 0.046875 0.0125 0.01796875
0 0.21953125 0.146875 0.01640625 0.0234375
0 0.00703125 0.21328125 0.0140625 0.0265625
0 0.85234375 0.04453125 0.0140625 0.01796875
0 0.2046875 0.05625 0.01484375 0.021875
0 0.7703125 0.04296875 0.01171875 0.01796875
0 0.7484375 0.1859375 0.0171875 0.025
0 0.29609375 0.21015625 0.01875 0.025
0 0.90546875 0.05625 0.0140625 0.01328125
0 0.11953125 0.00625 0.01484375 0.01171875
0 0.86640625 0.0484375 0.0140625 0.0171875
0 0.98125 0.04375 0.01171875 0.0171875
0 0.97109375 0.05546875 0.0125 0.0171875
0 0.065625 0.00625 0.01484375 0.01171875
0 0.12734375 0.02890625 0.0125 0.02109375
0 0.871875 0.1484375 0.0125 0.02109375
0 0.25703125 0.25546875 0.021875 0.02578125
0 0.11953125 0.0578125 0.01484375 0.01953125
0 0.1890625 0.04296875 0.0140625 0.01796875
0 0.76875 0.0890625 0.01484375 0.021875
0 0.16328125 0.04296875 0.0140625 0.01796875
0 0.42109375 0.05625 0.01484375 0.01953125
0 0.10234375 0.00625 0.0140625 0.0125
0 0.1328125 0.18125 0.0171875 0.02578125
0 0.14375 0.01796875 0.0140625 0.01796875