0 0.70234375 0.34921875 0.03046875 0.04921875
0 0.4765625 0.41875 0.03515625 0.0609375
0 0.92421875 0.271875 0.034375 0.05234375
0 0.50078125 0.3265625 0.03125 0.0546875
0 0.6890625 0.1078125 0.0234375 0.0328125
0 0.175 0.51640625 0.04296875 0.06875
0 0.5109375 0.24140625 0.03046875 0.0453125
0 0.80078125 0.35 0.0390625 0.0609375
0 0.51875 0.07421875 0.0203125 0.03125
0 0.446875 0.1609375 0.03046875 0.0453125
0 0.61640625 0.24765625 0.0296875 0.04921875
0 0.065625 0.171875 0.02421875 0.03671875
0 0.4828125 0.5375 0.0484375 0.07578125
0 0.040625 0.3265625 0.04296875 0.05625
0 0.4296875 0.42890625 0.0328125 0.05625
0 0.78515625 0.74453125 0.053125 0.09375
0 0.3046875 0.05625 0.01953125 0.03125
0 0.50078125 0.82421875 0.06640625 0.1015625
0 0.63125 0.84921875 0.065625 0.09375
0 0.10078125 0.14765625 0.02734375 0.0375
0 0.31171875 0.13671875 0.0203125 0.03125
0 0.1953125 0.29765625 0.040625 0.053125
0 0.56328125 0.27265625 0.03046875 0.0453125
0 0.9046875 0.02421875 0.01953125 0.0296875
0 0.784375 0.02890625 0.0203125 0.03125
0 0.384375 0.76796875 0.0625 0.08828125
0 0.37890625 0.03046875 0.015625 0.025
0 0.975 0.0578125 0.02421875 0.0328125
0 0.2671875 0.55703125 0.053125 0.08046875
0 0.5515625 0.0765625 0.021875 0.03125
0 0.6484375 0.1125 0.021875 0.0328125
0 0.8296875 0.0421875 0.0203125 0.0328125
0 0.43125 0.00625 0.015625 0.0125
0 0.2671875 0.12421875 0.021875 0.0328125
0 0.8390625 0.0078125 0.01875 0.015625
0 0.0796875 0.75078125 0.06640625 0.08203125
0 0.0125 0.64296875 0.02421875 0.08046875
0 0.40703125 0.0125 0.01484375 0.025
0 0.6234375 0.00625 0.0203125 0.01171875
0 0.3984375 0.6734375 0.05859375 0.0765625
0 0.34453125 0.04921875 0.015625 0.0234375
0 0.09140625 0.37890625 0.04765625 0.0625
0 0.5734375 0.23046875 0.021875 0.03125
0 0.59296875 0.01875 0.01875 0.02734375
0 0.30390625 0.0296875 0.01484375 0.01953125
0 0.2484375 0.07421875 0.0203125 0.03125
0 0.440625 0.04453125 0.01640625 0.0234375