0 0.78203125 0.08828125 0.01640625 0.0234375
0 0.884375 0.31796875 0.0421875 0.04921875
0 0.76484375 0.11953125 0.01640625 0.0234375
0 0.55390625 0.4875 0.053125 0.06875
0 0.45234375 0.39453125 0.0328125 0.04921875
0 0.4546875 0.16640625 0.03125 0.05234375
0 0.64140625 0.11328125 0.01484375 0.02109375
0 0.75078125 0.05546875 0.01484375 0.01953125
0 0.7390625 0.09375 0.015625 0.0234375
0 0.315625 0.73515625 0.05546875 0.084375
0 0.59296875 0.1515625 0.0171875 0.02734375
0 0.26796875 0.803125 0.0671875 0.09921875
0 0.43828125 0.6 0.059375 0.09375
0 0.25234375 0.9390625 0.08125 0.11171875
0 0.63984375 0.0765625 0.01484375 0.02109375
0 0.665625 0.09140625 0.0140625 0.02109375
0 0.615625 0.10078125 0.0125 0.01953125
0 0.53828125 0.27890625 0.025 0.0390625
0 0.85234375 0.03671875 0.0140625 0.02109375
0 0.8109375 0.01015625 0.015625 0.0203125
0 0.9046875 0.04140625 0.0140625 0.02109375
0 0.87421875 0.05625 0.01484375 0.0234375
0 0.09296875 0.24921875 0.01875 0.025
0 0.5890625 0.22890625 0.02734375 0.0390625
0 0.9578125 0.05625 0.015625 0.0234375
0 0.5578125 0.1875 0.01953125 0.03125
0 0.525 0.32421875 0.03203125 0.04921875
0 0.6140625 0.13828125 0.01484375 0.0234375
0 0.45234375 0.48203125 0.0375 0.06015625
0 0.6375 0.459375 0.0375 0.0546875
0 0.86875 0.00703125 0.0125 0.0140625
0 0.55625 0.428125 0.0453125 0.04453125
0 0.76484375 0.01953125 0.01484375 0.02109375
0 0.590625 0.115625 0.0125 0.02109375
0 0.415625 0.4765625 0.03984375 0.05234375
0 0.82109375 0.0484375 0.0140625 0.01953125
0 0.71796875 0.00703125 0.0140625 0.0140625
0 0.5828125 0.18671875 0.01953125 0.0296875
0 0.57734375 0.0796875 0.01171875 0.0140625
0 0.4796875 0.52421875 0.04765625 0.0484375
0 0.3390625 0.1515625 0.01171875 0.0171875
0 0.471875 0.3421875 0.0265625 0.0390625
0 0.415625 0.53046875 0.0453125 0.04296875
0 0.671875 0.115625 0.015625 0.0234375
0 0.5453125 0.14375 0.0171875 0.02734375
0 0.31953125 0.17265625 0.0140625 0.01953125
0 0.5265625 0.15625 0.01640625 0.0234375
0 0.98515625 0.0140625 0.01484375 0.025
0 0.9078125 0.01796875 0.0140625 0.01796875
0 0.8421875 0.06328125 0.01484375 0.021875
0 0.72109375 0.03515625 0.0125 0.02109375
0 0.6203125 0.08125 0.01171875 0.0171875
0 0.27890625 0.146875 0.0109375 0.015625
0 0.27109375 0.19296875 0.0125 0.01796875
0 0.31953125 0.128125 0.009375 0.0140625
0 0.26484375 0.1578125 0.0109375 0.015625
0 0.34296875 0.11875 0.0109375 0.0140625
0 0.70390625 0.0375 0.0140625 0.01796875
0 0.25625 0.13046875 0.0109375 0.01328125
0 0.6015625 0.07578125 0.0140625 0.01796875
0 0.6796875 0.9078125 0.0609375 0.09609375
0 0.23671875 0.2171875 0.01484375 0.02109375
0 0.2171875 0.13125 0.00859375 0.01171875
0 0.89140625 0.0765625 0.01484375 0.02109375
0 0.75234375 0.00625 0.0125 0.01171875
0 0.21953125 0.20625 0.0140625 0.01953125
0 0.3046875 0.11796875 0.0078125 0.01171875
0 0.3046875 0.25 0.0140625 0.02109375
0 0.19453125 0.14296875 0.009375 0.01328125
0 0.69609375 0.06875 0.01484375 0.01953125
0 0.89609375 0.00703125 0.0125 0.0140625
0 0.70234375 0.00546875 0.0125 0.01015625
0 0.28046875 0.1671875 0.0125 0.0140625
0 0.290625 0.14375 0.0109375 0.0140625
0 0.82890625 0.3171875 0.021875 0.025
0 0.70625 0.01796875 0.01171875 0.01796875
0 0.73359375 0.009375 0.0125 0.0171875
0 0.2171875 0.1546875 0.0109375 0.01328125
0 0.23125 0.12890625 0.009375 0.01328125
0 0.571875 0.1046875 0.0125 0.01953125
0 0.315625 0.1546875 0.0140625 0.0171875
0 0.29375 0.11875 0.0078125 0.01171875
0 0.3171875 0.09375 0.0078125 0.0078125
0 0.35625 0.09296875 0.0078125 0.01171875
0 0.55234375 0.06875 0.0125 0.0171875
0 0.3421875 0.09296875 0.0078125 0.01171875
0 0.65703125 0.0328125 0.0140625 0.01796875
0 0.790625 0.04296875 0.0140625 0.01796875
0 0.28203125 0.1265625 0.00859375 0.01328125
0 0.20546875 0.13046875 0.00859375 0.01015625
0 0.32890625 0.11796875 0.0109375 0.0140625
0 0.6828125 0.021875 0.01171875 0.015625
0 0.36796875 0.115625 0.00859375 0.01328125
0 0.8265625 0.8296875 0.05859375 0.10390625
0 0.2703125 0.11875 0.00859375 0.01171875
0 0.35390625 0.128125 0.0109375 0.0140625
0 0.8546875 0.3234375 0.015625 0.021875
0 0.671875 0.03125 0.01171875 0.01796875
0 0.38203125 0.1390625 0.009375 0.015625
0 0.83671875 0.01328125 0.01484375 0.0234375
0 0.68828125 0.0375 0.01171875 0.01796875
0 0.26640625 0.14296875 0.0109375 0.01328125
0 0.3953125 0.13203125 0.00859375 0.0140625
0 0.4953125 0.15546875 0.01484375 0.025
0 0.97421875 0.04375 0.01484375 0.025
0 0.9953125 0.0296875 0.0078125 0.0234375
0 0.58359375 0.046875 0.0109375 0.015625
0 0.20625 0.17265625 0.0140625 0.0171875
0 0.8078125 0.1109375 0.01484375 0.025
0 0.28046875 0.10546875 0.0078125 0.0078125
0 0.2046875 0.21015625 0.0140625 0.0171875