1 0.4984375 0.49609375 0.9890625 0.978125
1 0.646875 0.765625 0.0578125 0.12109375
1 0.4359375 0.70546875 0.040625 0.08125
1 0.33828125 0.67265625 0.04375 0.1
1 0.5875 0.56875 0.04765625 0.09765625
1 0.67265625 0.37890625 0.0375 0.08359375
1 0.4765625 0.3015625 0.03515625 0.0703125
1 0.75390625 0.6984375 0.0453125 0.09609375
1 0.42734375 0.4109375 0.0359375 0.0796875
1 0.4953125 0.6140625 0.04296875 0.08671875
1 0.17265625 0.7234375 0.04375 0.103125
1 0.540625 0.5328125 0.0390625 0.08671875
1 0.18125 0.51171875 0.0375 0.08125
1 0.340625 0.55703125 0.0390625 0.08125
1 0.20390625 0.4296875 0.03515625 0.0796875
1 0.3625 0.79375 0.05625 0.10859375
1 0.38203125 0.3421875 0.0359375 0.07578125
1 0.41171875 0.48515625 0.03984375 0.08671875
1 0.31328125 0.3546875 0.0359375 0.06875
1 0.80703125 0.30625 0.03828125 0.0796875
1 0.728125 0.1875 0.0328125 0.0703125
1 0.41875 0.5625 0.0953125 0.240625
1 0.4046875 0.1421875 0.03203125 0.07421875
1 0.728125 0.5 0.04296875 0.08359375
1 0.77578125 0.575 0.0421875 0.08125
1 0.128125 0.46640625 0.04375 0.1
1 0.0484375 0.65390625 0.04375 0.09453125
1 0.59296875 0.48828125 0.03984375 0.078125
1 0.54609375 0.70625 0.05390625 0.1015625
1 0.58046875 0.1828125 0.03203125 0.06875
1 0.3546875 0.865625 0.1171875 0.25390625
1 0.134375 0.38125 0.04375 0.08515625
1 0.5921875 0.3703125 0.0359375 0.078125
1 0.28046875 0.48828125 0.0453125 0.08515625
1 0.73515625 0.61953125 0.040625 0.08359375
1 0.23125 0.78984375 0.05078125 0.10859375
1 0.4890625 0.16015625 0.03203125 0.0703125
1 0.13359375 0.60390625 0.04609375 0.0890625
1 0.26640625 0.415625 0.0390625 0.078125
1 0.20625 0.32890625 0.0359375 0.0703125
1 0.95078125 0.5703125 0.0421875 0.090625
1 0.30078125 0.634375 0.0390625 0.0796875
1 0.5703125 0.31484375 0.0328125 0.07265625
1 0.340625 0.26640625 0.0328125 0.06875
1 0.84453125 0.38671875 0.04609375 0.0921875
1 0.9078125 0.3921875 0.046875 0.0921875
1 0.19609375 0.62265625 0.1 0.30234375
1 0.5453125 0.79140625 0.05859375 0.0796875
1 0.3453125 0.4265625 0.0390625 0.08125
1 0.08046875 0.45859375 0.03984375 0.07578125
1 0.85078125 0.7921875 0.071875 0.16875
1 0.75078125 0.9265625 0.06640625 0.12890625
1 0.0421875 0.284375 0.0359375 0.07265625
1 0.67265625 0.890625 0.05078125 0.09609375
1 0.690625 0.06015625 0.0328125 0.06484375
1 0.67109375 0.1640625 0.03125 0.0703125
1 0.67265625 0.24921875 0.03046875 0.0671875
1 0.4890625 0.38125 0.08515625 0.2296875
1 0.675 0.446875 0.11328125 0.21953125
1 0.15546875 0.2703125 0.0328125 0.06875
1 0.2125 0.2328125 0.0328125 0.0671875
1 0.5015625 0.290625 0.03203125 0.0703125
1 0.72109375 0.3640625 0.0359375 0.0796875
1 0.253125 0.91875 0.0515625 0.1234375
1 0.64609375 0.259375 0.03046875 0.06484375
1 0.2 0.153125 0.03046875 0.0671875
1 0.746875 0.77109375 0.0921875 0.2375
1 0.14140625 0.11015625 0.0328125 0.06484375
1 0.65625 0.55703125 0.05078125 0.0921875
1 0.540625 0.875 0.0609375 0.10859375
1 0.0890625 0.18046875 0.03125 0.06328125
1 0.55546875 0.2734375 0.03125 0.06875
1 0.44140625 0.825 0.09765625 0.3203125
1 0.4703125 0.23125 0.0328125 0.0703125
1 0.5734375 0.94296875 0.084375 0.103125
1 0.36015625 0.0953125 0.0328125 0.06328125
1 0.24921875 0.15234375 0.0296875 0.0578125
1 0.1046875 0.33671875 0.04296875 0.090625
1 0.32421875 0.134375 0.0328125 0.0578125
1 0.403125 0.29140625 0.03203125 0.06171875
1 0.2453125 0.27109375 0.0328125 0.0671875
1 0.27421875 0.30078125 0.0390625 0.0796875
1 0.27734375 0.1125 0.03125 0.06484375
1 0.5828125 0.25625 0.0890625 0.21171875
1 0.0125 0.43359375 0.02421875 0.08125
1 0.4875 0.67734375 0.08671875 0.2140625
1 0.3015625 0.21015625 0.02734375 0.06171875
1 0.7109375 0.29375 0.03125 0.06171875
1 0.65546875 0.10234375 0.03515625 0.0703125
1 0.59375 0.42734375 0.06875 0.1921875
1 0.44375 0.1328125 0.0296875 0.0671875
1 0.28984375 0.58984375 0.03984375 0.07421875
1 0.77265625 0.29140625 0.0375 0.08359375
1 0.79375 0.1203125 0.0328125 0.0703125
1 0.0234375 0.21015625 0.0328125 0.07265625
1 0.7296875 0.23359375 0.0765625 0.16328125
1 0.6015625 0.04609375 0.02734375 0.06015625
1 0.11796875 0.271875 0.0390625 0.07578125
1 0.06171875 0.95546875 0.0578125 0.078125
1 0.23359375 0.08671875 0.03046875 0.06171875
1 0.60078125 0.63671875 0.0859375 0.2375
1 0.2296875 0.85703125 0.1015625 0.24296875
1 0.78828125 0.640625 0.090625 0.21171875
1 0.6765625 0.5109375 0.0421875 0.08359375
1 0.9703125 0.325 0.03515625 0.07421875
1 0.7953125 0.38125 0.0765625 0.2265625
1 0.88203125 0.2171875 0.0359375 0.07265625
1 0.40859375 0.1875 0.0890625 0.16875
1 0.4375 0.38203125 0.03515625 0.07265625
1 0.52265625 0.0296875 0.03125 0.05625
1 0.340625 0.48984375 0.0390625 0.0671875
1 0.20625 0.38203125 0.09296875 0.17734375
1 0.653125 0.334375 0.07421875 0.21171875
1 0.44375 0.2234375 0.03125 0.0671875
1 0.3375 0.3109375 0.0734375 0.1578125
1 0.5421875 0.575 0.065625 0.171875
1 0.2046875 0.48828125 0.08671875 0.19765625
1 0.10859375 0.56796875 0.040625 0.08515625
1 0.82890625 0.19765625 0.034375 0.06875
1 0.3078125 0.3953125 0.053125 0.1484375
1 0.50703125 0.0734375 0.0296875 0.05625
1 0.89296875 0.5078125 0.05390625 0.09609375
1 0.1609375 0.7953125 0.1046875 0.24609375
1 0.1296875 0.4953125 0.07890625 0.1578125
1 0.12734375 0.71796875 0.05 0.11015625
1 0.734375 0.1296875 0.0328125 0.05625
1 0.6484375 0.825 0.09375 0.24453125
1 0.38671875 0.3875 0.05625 0.16640625
1 0.81953125 0.04375 0.0375 0.06875
1 0.91484375 0.28203125 0.03984375 0.08515625
1 0.8609375 0.30078125 0.0390625 0.06171875
1 0.05390625 0.76015625 0.10625 0.30234375
1 0.4390625 0.4796875 0.0875 0.2171875
1 0.18125 0.07890625 0.03203125 0.05625
1 0.9390625 0.6765625 0.11640625 0.30234375
1 0.3671875 0.2484375 0.0328125 0.09453125
1 0.175 0.1328125 0.0296875 0.06015625
1 0.84921875 0.79765625 0.153125 0.1828125
1 0.72578125 0.4078125 0.06640625 0.16640625
1 0.81796875 0.45546875 0.10625 0.2296875
1 0.32890625 0.175 0.05546875 0.13984375
1 0.90546875 0.16328125 0.03515625 0.06484375
1 0.340625 0.53203125 0.0671875 0.15
1 0.5609375 0.35859375 0.0546875 0.159375
1 0.3421875 0.75078125 0.12109375 0.25546875
1 0.3625 0.63984375 0.1015625 0.25
1 0.49921875 0.25234375 0.978125 0.4765625
1 0.51953125 0.50546875 0.05078125 0.09453125
1 0.659375 0.5890625 0.071875 0.16328125