0 0.69453125 0.39296875 0.028125 0.04453125
0 0.6765625 0.29296875 0.02265625 0.03125
0 0.7203125 0.3109375 0.0234375 0.03671875
0 0.54375 0.3859375 0.0234375 0.0328125
0 0.1546875 0.14140625 0.01484375 0.021875
0 0.32890625 0.44296875 0.02734375 0.0390625
0 0.39609375 0.84453125 0.04375 0.071875
0 0.25078125 0.84921875 0.0546875 0.09375
0 0.42734375 0.32265625 0.02421875 0.03671875
0 0.8890625 0.2875 0.0203125 0.03125
0 0.7 0.275 0.021875 0.0296875
0 0.00625 0.06015625 0.01171875 0.02109375
0 0.2453125 0.08515625 0.0140625 0.01953125
0 0.940625 0.38046875 0.02265625 0.03671875
0 0.2 0.22578125 0.0203125 0.02734375
0 0.034375 0.05703125 0.0140625 0.01796875
0 0.6171875 0.24921875 0.021875 0.0296875
0 0.30078125 0.2453125 0.0171875 0.02734375
0 0.4046875 0.43125 0.028125 0.04453125
0 0.03046875 0.4765625 0.0453125 0.0546875
0 0.2046875 0.128125 0.015625 0.021875
0 0.5421875 0.28671875 0.021875 0.03125
0 0.2765625 0.26171875 0.01953125 0.03125
0 0.00703125 0.21015625 0.0140625 0.0265625
0 0.73984375 0.409375 0.0265625 0.0375
0 0.4984375 0.4078125 0.02734375 0.04140625
0 0.3109375 0.475 0.0265625 0.04140625
0 0.58984375 0.31171875 0.0234375 0.0328125
0 0.20625 0.0578125 0.01171875 0.0171875
0 0.415625 0.06953125 0.01171875 0.0171875
0 0.065625 0.0890625 0.0140625 0.01953125
0 0.15546875 0.0609375 0.0140625 0.01953125
0 0.13125 0.07578125 0.0125 0.01796875
0 0.915625 0.16640625 0.0140625 0.01796875
0 0.31953125 0.12265625 0.0140625 0.02109375
0 0.6046875 0.275 0.021875 0.0296875
0 0.96015625 0.1671875 0.01484375 0.01953125
0 0.98515625 0.22265625 0.015625 0.02109375
0 0.125 0.23203125 0.0171875 0.02578125
0 0.575 0.3421875 0.025 0.0375
0 0.1296875 0.146875 0.01484375 0.02109375
0 0.36484375 0.0546875 0.0125 0.01796875
0 0.09453125 0.10546875 0.0140625 0.01796875
0 0.925 0.20546875 0.01484375 0.01796875
0 0.00390625 0.15546875 0.0078125 0.025
0 0.540625 0.134375 0.0125 0.01953125
0 0.0765625 0.11640625 0.015625 0.01953125
0 0.221875 0.10546875 0.01484375 0.01796875
0 0.17109375 0.046875 0.0125 0.01796875
0 0.23125 0.178125 0.01640625 0.0234375
0 0.103125 0.05078125 0.0125 0.01796875
0 0.3953125 0.0703125 0.01171875 0.015625
0 0.55390625 0.115625 0.009375 0.015625
0 0.06953125 0.04375 0.01171875 0.0171875
0 0.009375 0.1234375 0.01484375 0.0234375
0 0.46953125 0.09453125 0.01171875 0.0171875
0 0.884375 0.5 0.0234375 0.03125
0 0.88828125 0.1890625 0.01484375 0.02109375
0 0.56640625 0.0671875 0.009375 0.0140625
0 0.1828125 0.05 0.0109375 0.0171875
0 0.19140625 0.09453125 0.0140625 0.021875
0 0.03203125 0.54296875 0.0421875 0.04921875
0 0.6734375 0.16328125 0.0140625 0.021875
0 0.88359375 0.10078125 0.01171875 0.0171875
0 0.5921875 0.0875 0.0109375 0.0171875
0 0.4828125 0.06953125 0.009375 0.0140625
0 0.09296875 0.2390625 0.0203125 0.0296875
0 0.74296875 0.28203125 0.01640625 0.021875
0 0.9890625 0.61796875 0.01953125 0.0375
0 0.41328125 0.6390625 0.0390625 0.05703125
0 0.9328125 0.1421875 0.0125 0.0171875
0 0.6625 0.06015625 0.0109375 0.015625
0 0.6015625 0.11875 0.0140625 0.01796875
0 0.2953125 0.05 0.0140625 0.0171875
0 0.74140625 0.08125 0.009375 0.0140625
0 0.31640625 0.075 0.01171875 0.0171875
0 0.49453125 0.03203125 0.00859375 0.0140625
0 0.06640625 0.00546875 0.01171875 0.01015625
0 0.25625 0.046875 0.0109375 0.015625
0 0.29375 0.0890625 0.01171875 0.01953125
0 0.6859375 0.24921875 0.01953125 0.025
0 0.05078125 0.053125 0.0140625 0.02109375
0 0.75859375 0.2578125 0.01953125 0.02578125
0 0.1640625 0.08046875 0.0140625 0.01796875
0 0.75390625 0.07890625 0.009375 0.0140625
0 0.64140625 0.05625 0.0109375 0.0171875
0 0.53828125 0.0875 0.009375 0.0140625
0 0.29375 0.06875 0.0140625 0.01796875
0 0.70390625 0.06328125 0.0109375 0.0140625
0 0.73125 0.04296875 0.0078125 0.01328125
0 0.46953125 0.03046875 0.009375 0.01171875
0 0.6171875 0.11875 0.01171875 0.01796875
0 0.00703125 0.18125 0.0140625 0.0234375
0 0.52890625 0.07890625 0.00859375 0.01171875
0 0.99296875 0.1796875 0.01171875 0.02109375
0 0.7765625 0.3078125 0.025 0.0296875
0 0.60703125 0.03203125 0.0109375 0.0140625
0 0.48125 0.0296875 0.00859375 0.01328125
0 0.5125 0.0375 0.009375 0.01328125
0 0.32890625 0.05 0.009375 0.0140625
0 0.3421875 0.0546875 0.009375 0.015625
0 0.5296875 0.0296875 0.0078125 0.01328125
0 0.60625 0.09296875 0.0109375 0.0140625
0 0.6921875 0.0671875 0.00859375 0.0140625
0 0.54375 0.03046875 0.0078125 0.01171875
0 0.8421875 0.08828125 0.0109375 0.015625
0 0.4671875 0.06953125 0.009375 0.0140625
0 0.71171875 0.0140625 0.00859375 0.0140625
0 0.5375 0.11171875 0.0109375 0.01796875
0 0.61328125 0.06328125 0.009375 0.0140625
0 0.45390625 0.096875 0.009375 0.0171875
0 0.64296875 0.02890625 0.0109375 0.015625
0 0.384375 0.1375 0.0109375 0.01953125
0 0.4890625 0.1671875 0.01171875 0.0171875
0 0.9140625 0.275 0.015625 0.0234375
0 0.8703125 0.13203125 0.0109375 0.0140625
0 0.0515625 0.10078125 0.0140625 0.01953125
0 0.34453125 0.0296875 0.009375 0.0140625
0 0.071875 0.01875 0.0125 0.0171875
0 0.77890625 0.2484375 0.0203125 0.0234375