0 0.74140625 0.534375 0.02734375 0.040625
0 0.39609375 0.26953125 0.01484375 0.0234375
0 0.1515625 0.39375 0.02265625 0.0328125
0 0.30546875 0.63515625 0.0359375 0.04921875
0 0.55625 0.5984375 0.0328125 0.0484375
0 0.4140625 0.26640625 0.0171875 0.02734375
0 0.70234375 0.4859375 0.02421875 0.0390625
0 0.61015625 0.49296875 0.02734375 0.04296875
0 0.653125 0.46796875 0.0234375 0.0375
0 0.4890625 0.61328125 0.0328125 0.05234375
0 0.6 0.36015625 0.0203125 0.0296875
0 0.4640625 0.23203125 0.015625 0.0234375
0 0.4609375 0.3625 0.0234375 0.0296875
0 0.2578125 0.225 0.015625 0.025
0 0.4953125 0.24375 0.0140625 0.0234375
0 0.6359375 0.34140625 0.021875 0.02890625
0 0.0796875 0.3796875 0.025 0.03515625
0 0.25859375 0.64453125 0.0359375 0.05234375
0 0.22734375 0.30625 0.0171875 0.025
0 0.7453125 0.17265625 0.0140625 0.021875
0 0.1203125 0.38828125 0.0265625 0.03671875
0 0.3828125 0.19140625 0.0140625 0.02109375
0 0.35859375 0.2875 0.01484375 0.0234375
0 0.196875 0.2875 0.01640625 0.0234375
0 0.76171875 0.18828125 0.0140625 0.01953125
0 0.528125 0.16640625 0.0125 0.01796875
0 0.29609375 0.225 0.0125 0.0234375
0 0.61796875 0.11796875 0.0109375 0.0171875
0 0.68125 0.98046875 0.05546875 0.03671875
0 0.13984375 0.4546875 0.02421875 0.03125
0 0.67109375 0.11875 0.0109375 0.01796875
0 0.21015625 0.18125 0.01484375 0.01796875
0 0.69453125 0.0921875 0.009375 0.0140625
0 0.79609375 0.14296875 0.01171875 0.01796875
0 0.46796875 0.13125 0.0109375 0.0140625
0 0.7796875 0.05546875 0.009375 0.0140625
0 0.5640625 0.13125 0.0109375 0.01796875
0 0.4265625 0.1296875 0.009375 0.0140625
0 0.10078125 0.196875 0.015625 0.021875
0 0.540625 0.12578125 0.0109375 0.0171875
0 0.65703125 0.0953125 0.009375 0.015625
0 0.5546875 0.06875 0.009375 0.01171875
0 0.55234375 0.1078125 0.0109375 0.0140625
0 0.41640625 0.1140625 0.0109375 0.0140625
0 0.58671875 0.1125 0.0109375 0.0171875
0 0.484375 0.175 0.01171875 0.0171875
0 0.5125 0.20625 0.01171875 0.01953125
0 0.446875 0.11875 0.0109375 0.01328125
0 0.3953125 0.11875 0.009375 0.0140625
0 0.5828125 0.05703125 0.009375 0.01328125
0 0.1921875 0.2015625 0.0140625 0.0171875
0 0.60546875 0.053125 0.0078125 0.01328125
0 0.4953125 0.09453125 0.009375 0.0140625
0 0.65546875 0.0171875 0.00703125 0.01171875
0 0.56875 0.06796875 0.00859375 0.01328125
0 0.6671875 0.0921875 0.0109375 0.0140625
0 0.8296875 0.04296875 0.0078125 0.01328125
0 0.7796875 0.4890625 0.021875 0.025
0 0.728125 0.06640625 0.00859375 0.01328125
0 0.81953125 0.04453125 0.0078125 0.01328125
0 0.140625 0.1859375 0.0140625 0.01953125
0 0.68046875 0.04375 0.00703125 0.01171875
0 0.53046875 0.053125 0.00703125 0.01328125
0 0.02265625 0.44140625 0.021875 0.03125
0 0.76640625 0.0921875 0.0109375 0.0140625
0 0.5109375 0.1828125 0.009375 0.0171875
0 0.5828125 0.1515625 0.009375 0.0171875
0 0.56875 0.10546875 0.00859375 0.01328125
0 0.6203125 0.06875 0.009375 0.01328125
0 0.75703125 0.04296875 0.0078125 0.01328125
0 0.66875 0.0171875 0.00703125 0.01171875
0 0.74453125 0.08046875 0.00859375 0.01328125
0 0.69453125 0.04453125 0.0078125 0.01328125
0 0.73125 0.0171875 0.00703125 0.01171875
0 0.5953125 0.14296875 0.00859375 0.01328125
0 0.80625 0.0171875 0.00703125 0.01171875
0 0.5171875 0.0953125 0.0078125 0.01328125
0 0.6421875 0.01796875 0.00625 0.0078125
0 0.45546875 0.05546875 0.00703125 0.01171875
0 0.60625 0.03046875 0.00703125 0.01171875
0 0.41171875 0.08671875 0.00703125 0.01171875
0 0.7046875 0.0296875 0.00625 0.0078125
0 0.79375 0.0171875 0.00703125 0.01171875
0 0.68125 0.00546875 0.00703125 0.0078125
0 0.6375 0.0375 0.00703125 0.01171875
0 0.80625 0.03046875 0.0078125 0.01171875
0 0.75703125 0.0171875 0.0078125 0.01171875
0 0.82890625 0.0921875 0.0109375 0.01328125
0 0.71875 0.0171875 0.0078125 0.01171875
0 0.78125 0.01640625 0.0078125 0.01171875
0 0.78046875 0.00546875 0.0078125 0.0078125
0 0.69453125 0.0296875 0.00625 0.0078125
0 0.70546875 0.0046875 0.00703125 0.009375
0 0.73125 0.09375 0.0078125 0.01328125
0 0.73125 0.03046875 0.00703125 0.01171875
0 0.65546875 0.03046875 0.0078125 0.01171875
0 0.73125 0.04375 0.00703125 0.01171875
0 0.66875 0.0296875 0.00625 0.0078125
0 0.853125 0.03203125 0.0078125 0.01171875
0 0.62421875 0.025 0.00703125 0.01328125