0 0.9015625 0.0796875 0.028125 0.0375
0 0.9859375 0.103125 0.025 0.0375
0 0.46015625 0.1609375 0.02734375 0.0375
0 0.08984375 0.2078125 0.03125 0.04296875
0 0.5375 0.11328125 0.02421875 0.0390625
0 0.7390625 0.11015625 0.02265625 0.0328125
0 0.9640625 0.3375 0.03046875 0.04296875
0 0.38203125 0.09140625 0.02265625 0.03671875
0 0.1 0.43046875 0.0375 0.0484375
0 0.83203125 0.05 0.0234375 0.0375
0 0.58046875 0.0484375 0.0203125 0.0328125
0 0.15703125 0.1796875 0.0296875 0.04140625
0 0.61953125 0.6890625 0.04609375 0.078125
0 0.7078125 0.06171875 0.021875 0.0296875
0 0.41796875 0.14140625 0.0234375 0.040625
0 0.69375 0.69921875 0.04765625 0.08046875
0 0.50078125 0.1109375 0.02421875 0.0375
0 0.0125 0.40546875 0.025 0.05625
0 0.6234375 0.01953125 0.01640625 0.0234375
0 0.62578125 0.05078125 0.021875 0.03125
0 0.45859375 0.06171875 0.01875 0.025
0 0.59453125 0.00625 0.0171875 0.0125
0 0.1265625 0.4671875 0.0234375 0.03671875
0 0.39296875 0.05546875 0.01875 0.025
0 0.5578125 0.0140625 0.01640625 0.021875
0 0.98828125 0.16328125 0.021875 0.0453125
0 0.0609375 0.03203125 0.015625 0.021875
0 0.53515625 0.00625 0.0171875 0.01171875
0 0.7578125 0.9171875 0.0234375 0.03515625