0 0.89296875 0.0421875 0.02265625 0.0328125
0 0.846875 0.02421875 0.01640625 0.025
0 0.4953125 0.4078125 0.034375 0.04921875
0 0.2671875 0.2265625 0.0234375 0.03359375
0 0.325 0.22421875 0.02265625 0.03671875
0 0.1859375 0.375 0.0296875 0.0390625
0 0.50625 0.16171875 0.02265625 0.03125
0 0.59453125 0.1640625 0.0234375 0.03671875
0 0.66875 0.0203125 0.01484375 0.01953125
0 0.84140625 0.128125 0.0265625 0.0375
0 0.22265625 0.31015625 0.02734375 0.0390625
0 0.0953125 0.3015625 0.0296875 0.04296875
0 0.14609375 0.23125 0.028125 0.04296875
0 0.25625 0.31328125 0.028125 0.04296875
0 0.51875 0.4625 0.0375 0.05859375
0 0.584375 0.0546875 0.01875 0.02578125
0 0.35 0.25703125 0.028125 0.0484375
0 0.50078125 0.04453125 0.015625 0.02578125
0 0.81953125 0.0296875 0.0171875 0.02578125
0 0.90625 0.09921875 0.0234375 0.03125
0 0.69453125 0.01953125 0.015625 0.0234375
0 0.415625 0.9375 0.07890625 0.12265625
0 0.5515625 0.17265625 0.025 0.03515625
0 0.103125 0.2109375 0.028125 0.0390625
0 0.734375 0.0125 0.015625 0.025
0 0.540625 0.05625 0.0140625 0.0234375
0 0.6 0.303125 0.03203125 0.04921875
0 0.44375 0.28515625 0.028125 0.04140625
0 0.46953125 0.04140625 0.015625 0.0234375
0 0.06328125 0.2796875 0.03203125 0.04453125
0 0.2390625 0.1140625 0.0171875 0.02734375
0 0.6828125 0.09765625 0.01953125 0.03125
0 0.8984375 0.13828125 0.025 0.0390625
0 0.41328125 0.47890625 0.0390625 0.05703125
0 0.62578125 0.0125 0.015625 0.025
0 0.01171875 0.27421875 0.0234375 0.04296875
0 0.4265625 0.36171875 0.03515625 0.0546875
0 0.7765625 0.00625 0.01875 0.01171875
0 0.19453125 0.04375 0.01171875 0.0140625
0 0.3921875 0.3421875 0.02734375 0.04453125
0 0.63515625 0.0765625 0.01484375 0.021875
0 0.44140625 0.021875 0.01171875 0.01796875
0 0.58046875 0.00625 0.0140625 0.0125
0 0.046875 0.103125 0.015625 0.01953125
0 0.8984375 0.0125 0.01953125 0.025
0 0.37578125 0.225 0.025 0.0390625
0 0.42734375 0.01796875 0.0125 0.01796875
0 0.60078125 0.009375 0.0171875 0.01875
0 0.0921875 0.14375 0.021875 0.0296875
0 0.153125 0.31875 0.03046875 0.04140625
0 0.2671875 0.13046875 0.015625 0.0234375
0 0.6125 0.08125 0.01484375 0.02734375
0 0.80625 0.08828125 0.02734375 0.03671875
0 0.35625 0.01953125 0.01171875 0.01796875
0 0.65703125 0.040625 0.015625 0.021875
0 0.7 0.0765625 0.01953125 0.03125
0 0.30625 0.03046875 0.0125 0.0140625
0 0.4046875 0.00625 0.01171875 0.01171875
0 0.834375 0.096875 0.0203125 0.02734375
0 0.47578125 0.00625 0.0140625 0.0125
0 0.20859375 0.0421875 0.0125 0.0140625
0 0.2171875 0.01796875 0.0109375 0.01328125
0 0.39140625 0.0171875 0.0109375 0.0171875
0 0.0125 0.096875 0.0171875 0.021875
0 0.45390625 0.025 0.0140625 0.01796875
0 0.25234375 0.03203125 0.0125 0.0171875
0 0.98984375 0.05546875 0.01640625 0.025
0 0.67578125 0.065625 0.015625 0.021875
0 0.665625 0.08828125 0.01640625 0.02578125
0 0.4609375 0.009375 0.01171875 0.0171875
0 0.3296875 0.0640625 0.01171875 0.01796875
0 0.7171875 0.00859375 0.0140625 0.0171875
0 0.36953125 0.00625 0.0109375 0.0125
0 0.2453125 0.0796875 0.01484375 0.01953125
0 0.51796875 0.00546875 0.0125 0.01015625
0 0.1171875 0.4515625 0.0484375 0.06796875
0 0.91875 0.0671875 0.0203125 0.0296875
0 0.23984375 0.0546875 0.0125 0.01796875
0 0.35078125 0.3421875 0.0328125 0.04921875
0 0.41796875 0.0421875 0.01171875 0.01953125
0 0.14453125 0.03125 0.009375 0.01328125
0 0.20390625 0.0171875 0.0109375 0.01171875
0 0.8421875 0.05078125 0.02265625 0.03125
0 0.415625 0.00625 0.01171875 0.01171875
0 0.14375 0.0171875 0.0109375 0.01171875
0 0.28203125 0.04375 0.0109375 0.0140625
0 0.09453125 0.01796875 0.00859375 0.01328125
0 0.2671875 0.0875 0.015625 0.0234375
0 0.04375 0.0296875 0.00859375 0.0078125
0 0.2921875 0.03125 0.009375 0.01328125
0 0.06953125 0.0421875 0.009375 0.01171875
0 0.3546875 0.00625 0.009375 0.01171875
0 0.10859375 0.171875 0.02265625 0.02890625
0 0.553125 0.00703125 0.0125 0.0140625
0 0.01875 0.0171875 0.0109375 0.01171875
0 0.15703125 0.0171875 0.009375 0.01015625
0 0.38203125 0.00625 0.009375 0.01171875
0 0.1046875 0.01796875 0.009375 0.0078125
0 0.06796875 0.0171875 0.00703125 0.01171875
0 0.10625 0.0296875 0.00859375 0.0078125
0 0.1171875 0.04375 0.009375 0.01171875
0 0.09453125 0.00546875 0.00859375 0.0078125
0 0.0578125 0.00546875 0.009375 0.01015625
0 0.290625 0.0171875 0.01171875 0.0140625
0 0.0921875 0.0296875 0.00859375 0.0078125
0 0.07734375 0.03046875 0.00859375 0.01171875
0 0.17890625 0.0421875 0.009375 0.01171875
0 0.0046875 0.03046875 0.00859375 0.01171875
0 0.15546875 0.0421875 0.0109375 0.01171875
0 0.01875 0.03046875 0.0109375 0.01171875
0 0.1671875 0.03046875 0.009375 0.01171875