0 0.73984375 0.19765625 0.02421875 0.0390625
0 0.95859375 0.26328125 0.028125 0.04453125
0 0.840625 0.14296875 0.02421875 0.03671875
0 0.140625 0.0875 0.01953125 0.0296875
0 0.41875 0.26796875 0.0359375 0.05703125
0 0.93671875 0.18671875 0.0234375 0.0375
0 0.903125 0.25078125 0.0296875 0.0484375
0 0.8046875 0.32421875 0.0296875 0.04453125
0 0.9515625 0.06953125 0.0171875 0.02734375
0 0.9015625 0.10546875 0.0171875 0.02578125
0 0.71171875 0.13046875 0.02265625 0.03671875
0 0.3734375 0.0640625 0.01953125 0.02890625
0 0.503125 0.19375 0.03046875 0.0484375
0 0.38203125 0.4234375 0.04296875 0.0609375
0 0.859375 0.32578125 0.03125 0.046875
0 0.34765625 0.2171875 0.0328125 0.04921875
0 0.7453125 0.16015625 0.025 0.03359375
0 0.66328125 0.28125 0.03125 0.04453125
0 0.22578125 0.234375 0.0328125 0.04921875
0 0.50078125 0.04375 0.015625 0.025
0 0.1796875 0.08671875 0.01953125 0.0296875
0 0.8078125 0.50625 0.0625 0.0703125
0 0.44921875 0.09921875 0.0171875 0.02578125
0 0.61875 0.2609375 0.0328125 0.05078125
0 0.7203125 0.09375 0.0171875 0.02578125
0 0.6078125 0.1 0.0203125 0.0328125
0 0.03515625 0.234375 0.02734375 0.04453125
0 0.81953125 0.171875 0.02734375 0.03671875
0 0.14921875 0.23671875 0.0265625 0.04453125
0 0.25625 0.06171875 0.01875 0.0296875
0 0.23046875 0.0796875 0.0171875 0.02734375
0 0.0890625 0.0921875 0.01953125 0.0296875
0 0.6765625 0.125 0.021875 0.03125
0 0.825 0.2359375 0.028125 0.04140625
0 0.4234375 0.06328125 0.0171875 0.0296875
0 0.98515625 0.0875 0.0203125 0.03125
0 0.95234375 0.5796875 0.0671875 0.09140625
0 0.10546875 0.2234375 0.03125 0.0484375
0 0.5328125 0.05546875 0.0171875 0.025
0 0.90703125 0.021875 0.015625 0.02109375
0 0.63515625 0.02421875 0.01484375 0.025
0 0.2875 0.24921875 0.03203125 0.05078125
0 0.40703125 0.19375 0.0296875 0.0484375
0 0.571875 0.0671875 0.01875 0.02734375
0 0.225 0.35078125 0.03828125 0.0484375
0 0.47265625 0.18125 0.025 0.040625
0 0.9265625 0.08671875 0.021875 0.0328125
0 0.51484375 0.1125 0.02265625 0.0328125
0 0.58671875 0.1328125 0.02265625 0.03359375
0 0.6125 0.19140625 0.025 0.0390625
0 0.9421875 0.04296875 0.01640625 0.0234375
0 0.61171875 0.03046875 0.01484375 0.025
0 0.559375 0.11875 0.0203125 0.0328125
0 0.25078125 0.39453125 0.0421875 0.06484375
0 0.2828125 0.08203125 0.0171875 0.02578125
0 0.946875 0.14375 0.021875 0.0296875
0 0.96171875 0.0375 0.01640625 0.02578125
0 0.2625 0.32578125 0.03125 0.04921875
0 0.5234375 0.1609375 0.0234375 0.03515625
0 0.4640625 0.04453125 0.01640625 0.02578125
0 0.31875 0.06015625 0.01640625 0.02578125
0 0.80390625 0.0796875 0.0171875 0.0296875
0 0.8046875 0.02421875 0.015625 0.025
0 0.6546875 0.2421875 0.0296875 0.03671875
0 0.56328125 0.0375 0.01640625 0.025
0 0.08671875 0.13125 0.0203125 0.03359375
0 0.53515625 0.10546875 0.0171875 0.03125
0 0.528125 0.03046875 0.01484375 0.025
0 0.728125 0.290625 0.0296875 0.04296875
0 0.99375 0.3125 0.009375 0.05703125
0 0.2890625 0.0296875 0.015625 0.0234375
0 0.290625 0.05546875 0.0171875 0.025
0 0.19375 0.0609375 0.01640625 0.02578125
0 0.2078125 0.04453125 0.0140625 0.0234375
0 0.44453125 0.0265625 0.015625 0.021875
0 0.41875 0.0078125 0.0171875 0.015625
0 0.99375 0.040625 0.009375 0.025