0 0.82734375 0.39296875 0.03046875 0.04453125
0 0.80625 0.1921875 0.0234375 0.0328125
0 0.23359375 0.39296875 0.025 0.03671875
0 0.28359375 0.40546875 0.0265625 0.0375
0 0.740625 0.803125 0.05625 0.08046875
0 0.915625 0.6015625 0.04609375 0.06796875
0 0.86015625 0.38125 0.0265625 0.04453125
0 0.98125 0.44765625 0.0359375 0.05703125
0 0.7765625 0.18203125 0.021875 0.03125
0 0.609375 0.1171875 0.01953125 0.02578125
0 0.45859375 0.084375 0.01640625 0.02578125
0 0.465625 0.29296875 0.0265625 0.0390625
0 0.09453125 0.07578125 0.015625 0.0234375
0 0.809375 0.253125 0.02421875 0.03515625
0 0.65625 0.2046875 0.0171875 0.0296875
0 0.41953125 0.20625 0.0203125 0.0328125
0 0.1421875 0.325 0.025 0.0375
0 0.6375 0.21796875 0.01875 0.0296875
0 0.39609375 0.48671875 0.034375 0.0546875
0 0.88203125 0.21875 0.021875 0.03125
0 0.96796875 0.2109375 0.02421875 0.03125
0 0.4671875 0.54296875 0.03203125 0.04453125
0 0.34765625 0.15625 0.0234375 0.03125
0 0.48515625 0.36328125 0.0234375 0.0390625
0 0.0734375 0.28671875 0.0234375 0.03125
0 0.0609375 0.1265625 0.01640625 0.02109375
0 0.096875 0.1515625 0.01640625 0.021875
0 0.42578125 0.10625 0.015625 0.025
0 0.034375 0.14453125 0.01484375 0.0234375
0 0.2078125 0.38125 0.02734375 0.0375
0 0.29765625 0.45625 0.0296875 0.0453125
0 0.053125 0.26171875 0.02421875 0.03125
0 0.4015625 0.05546875 0.01484375 0.01953125
0 0.409375 0.0078125 0.0140625 0.015625
0 0.0453125 0.09921875 0.015625 0.02109375
0 0.11171875 0.3046875 0.02265625 0.03671875
0 0.53203125 0.60546875 0.0421875 0.05703125
0 0.02890625 0.17265625 0.01640625 0.025
0 0.96953125 0.1734375 0.02265625 0.0296875
0 0.44453125 0.00625 0.0140625 0.01171875
0 0.75078125 0.08046875 0.015625 0.01796875
0 0.0046875 0.0796875 0.00859375 0.01953125
0 0.02109375 0.0171875 0.0125 0.01953125
0 0.66015625 0.1234375 0.0171875 0.02578125
0 0.3296875 0.00625 0.01171875 0.01171875
0 0.54375 0.01796875 0.0109375 0.01328125
0 0.7640625 0.2578125 0.015625 0.02109375
0 0.17265625 0.3578125 0.021875 0.02734375
0 0.11875 0.225 0.0171875 0.025
0 0.3921875 0.0140625 0.009375 0.015625
0 0.4328125 0.17265625 0.0171875 0.025
0 0.12890625 0.00625 0.0140625 0.0125
0 0.49453125 0.01796875 0.0109375 0.01328125