0 0.5296875 0.13671875 0.01484375 0.0234375
0 0.08046875 0.6234375 0.0515625 0.07578125
0 0.7796875 0.55 0.0421875 0.0609375
0 0.68828125 0.30625 0.03203125 0.04453125
0 0.415625 0.55 0.0546875 0.08203125
0 0.4328125 0.234375 0.01953125 0.03125
0 0.5265625 0.2015625 0.02265625 0.03359375
0 0.190625 0.5921875 0.05625 0.08203125
0 0.534375 0.521875 0.04609375 0.06796875
0 0.9328125 0.1328125 0.01953125 0.02578125
0 0.88203125 0.11796875 0.015625 0.025
0 0.80546875 0.11328125 0.01640625 0.0234375
0 0.759375 0.2125 0.0234375 0.0328125
0 0.8109375 0.2125 0.02265625 0.0328125
0 0.853125 0.3984375 0.03203125 0.04921875
0 0.4640625 0.1171875 0.0140625 0.0234375
0 0.503125 0.1859375 0.01875 0.02578125
0 0.32734375 0.14296875 0.01640625 0.02578125
0 0.1953125 0.23828125 0.021875 0.03125
0 0.9046875 0.0703125 0.0140625 0.01796875
0 0.78203125 0.09140625 0.0140625 0.02109375
0 0.8328125 0.16328125 0.0171875 0.0296875
0 0.61796875 0.11796875 0.01484375 0.025
0 0.85078125 0.12265625 0.015625 0.02578125
0 0.86640625 0.1921875 0.021875 0.0296875
0 0.7109375 0.6609375 0.0546875 0.06875
0 0.9671875 0.0953125 0.015625 0.0234375
0 0.7390625 0.31875 0.0296875 0.04140625
0 0.70234375 0.16640625 0.0203125 0.02890625
0 0.1578125 0.2359375 0.01640625 0.0234375
0 0.62109375 0.2125 0.0171875 0.02734375
0 0.6578125 0.05546875 0.0109375 0.0140625
0 0.36015625 0.13671875 0.015625 0.0234375
0 0.01484375 0.3 0.01953125 0.02734375
0 0.78203125 0.18125 0.0171875 0.0234375
0 0.3078125 0.146875 0.015625 0.0234375
0 0.91875 0.1734375 0.0234375 0.02734375
0 0.3953125 0.06953125 0.01171875 0.0140625
0 0.59453125 0.1625 0.0171875 0.025
0 0.12421875 0.23671875 0.01875 0.02578125
0 0.01640625 0.21796875 0.015625 0.01953125
0 0.765625 0.046875 0.01171875 0.01796875
0 0.5046875 0.08203125 0.0140625 0.02109375
0 0.40703125 0.0921875 0.01171875 0.01796875
0 0.63046875 0.15625 0.01484375 0.02578125
0 0.2765625 0.1421875 0.01484375 0.01953125
0 0.21796875 0.1421875 0.0140625 0.02109375
0 0.925 0.0875 0.01484375 0.021875
0 0.98125 0.08046875 0.01484375 0.01796875
0 0.80625 0.04765625 0.0125 0.0171875
0 0.078125 0.190625 0.0140625 0.01953125
0 0.221875 0.1015625 0.0140625 0.01796875
0 0.19375 0.0625 0.0125 0.01796875
0 0.4671875 0.1578125 0.0171875 0.02890625
0 0.7078125 0.09296875 0.0140625 0.01953125
0 0.68125 0.14375 0.01484375 0.025
0 0.4671875 0.06640625 0.009375 0.015625
0 0.67890625 0.0953125 0.0140625 0.01796875
0 0.565625 0.109375 0.01484375 0.02109375
0 0.8328125 0.05625 0.01171875 0.01796875
0 0.75703125 0.06875 0.0140625 0.02109375
0 0.4234375 0.1859375 0.0171875 0.02578125
0 0.78671875 0.15703125 0.01875 0.025
0 0.4984375 0.13203125 0.015625 0.021875
0 0.34296875 0.05546875 0.0109375 0.0140625
0 0.728125 0.0640625 0.0125 0.01796875
0 0.84296875 0.09765625 0.01484375 0.02109375
0 0.31328125 0.24921875 0.02265625 0.0328125
0 0.7453125 0.0484375 0.01171875 0.0140625
0 0.06171875 0.19140625 0.01484375 0.02109375
0 0.17734375 0.23828125 0.01640625 0.0234375
0 0.0984375 0.14375 0.01484375 0.01953125
0 0.99296875 0.09453125 0.0125 0.025
0 0.94296875 0.0890625 0.0125 0.021875
0 0.603125 0.071875 0.0109375 0.0171875
0 0.446875 0.0796875 0.01171875 0.0171875
0 0.2828125 0.10703125 0.0140625 0.015625
0 0.08046875 0.3109375 0.01875 0.02734375
0 0.3765625 0.0890625 0.0140625 0.01953125
0 0.96953125 0.13125 0.01640625 0.02578125
0 0.246875 0.225 0.01875 0.02890625
0 0.371875 0.28125 0.0203125 0.03671875
0 0.3421875 0.12265625 0.0125 0.02109375
0 0.44921875 0.1015625 0.0140625 0.01796875
0 0.5921875 0.221875 0.021875 0.0296875
0 0.48203125 0.0640625 0.0109375 0.015625
0 0.503125 0.04296875 0.00859375 0.01328125
0 0.86171875 0.15703125 0.0203125 0.0296875
0 0.434375 0.1 0.0140625 0.01796875
0 0.90859375 0.14375 0.01875 0.0296875
0 0.853125 0.8359375 0.059375 0.0625
0 0.8875 0.08203125 0.01484375 0.02109375
0 0.85625 0.0640625 0.0125 0.01796875
0 0.81953125 0.05390625 0.01171875 0.0171875
0 0.08359375 0.26640625 0.01484375 0.021875
0 0.3109375 0.11953125 0.0140625 0.01796875
0 0.184375 0.1578125 0.01484375 0.0234375
0 0.54609375 0.1 0.0125 0.01953125
0 0.44453125 0.05703125 0.009375 0.01328125
0 0.8109375 0.0875 0.0140625 0.01796875
0 0.5296875 0.0875 0.01171875 0.0171875
0 0.790625 0.06875 0.01171875 0.01796875
0 0.41875 0.03046875 0.00703125 0.01171875
0 0.18203125 0.046875 0.0109375 0.015625
0 0.53984375 0.06640625 0.01171875 0.015625
0 0.565625 0.04296875 0.00859375 0.01328125
0 0.25078125 0.14296875 0.01484375 0.02578125
0 0.9046875 0.1046875 0.01484375 0.021875
0 0.61953125 0.05 0.00859375 0.0140625
0 0.3703125 0.05546875 0.009375 0.01171875
0 0.8703125 0.071875 0.0140625 0.0171875
0 0.07109375 0.04375 0.0109375 0.0140625
0 0.29609375 0.1015625 0.0125 0.01796875
0 0.67734375 0.04140625 0.0109375 0.015625
0 0.60625 0.04375 0.0078125 0.01171875
0 0.071875 0.08671875 0.0125 0.01953125
0 0.53046875 0.03046875 0.0078125 0.01171875
0 0.63125 0.0703125 0.0109375 0.015625
0 0.50625 0.06328125 0.0109375 0.0140625
0 0.64453125 0.103125 0.0140625 0.01953125
0 0.43046875 0.03046875 0.00703125 0.01171875
0 0.40625 0.03046875 0.0078125 0.01171875
0 0.68046875 0.0671875 0.0109375 0.0140625
0 0.1203125 0.19453125 0.01484375 0.021875
0 0.44453125 0.04375 0.0078125 0.01171875
0 0.7609375 0.1 0.015625 0.01953125
0 0.58125 0.05703125 0.0109375 0.01328125
0 0.56640625 0.08125 0.01171875 0.0171875
0 0.2625 0.115625 0.0109375 0.01796875
0 0.22109375 0.03125 0.0109375 0.01328125
0 0.53125 0.0171875 0.0078125 0.01171875
0 0.55390625 0.0796875 0.009375 0.015625
0 0.99375 0.28671875 0.009375 0.03671875
0 0.61796875 0.03046875 0.00703125 0.01171875
0 0.4921875 0.03046875 0.0078125 0.01171875
0 0.3546875 0.065625 0.0109375 0.0140625
0 0.48125 0.04296875 0.00703125 0.01328125
0 0.42109375 0.08125 0.0109375 0.0171875
0 0.6421875 0.03046875 0.0078125 0.01171875
0 0.54375 0.01640625 0.0078125 0.01171875
0 0.39296875 0.03046875 0.00703125 0.01171875
0 0.4703125 0.08828125 0.0109375 0.01796875
0 0.56640625 0.05625 0.009375 0.01328125
0 0.7828125 0.053125 0.0109375 0.01796875
0 0.5875 0.03671875 0.00703125 0.01328125
0 0.1171875 0.034375 0.0078125 0.01171875
0 0.31875 0.05625 0.00859375 0.01328125
0 0.8421875 0.07578125 0.0140625 0.01796875
0 0.8078125 0.06875 0.0125 0.01953125
0 0.63125 0.03046875 0.00703125 0.01171875
0 0.56953125 0.0171875 0.0078125 0.01171875
0 0.71328125 0.13515625 0.01640625 0.0234375
0 0.421875 0.15625 0.015625 0.02109375
0 0.86875 0.05390625 0.0125 0.0171875
0 0.50625 0.03046875 0.00703125 0.01171875
0 0.44375 0.0296875 0.00703125 0.0078125
0 0.5203125 0.0546875 0.009375 0.01328125
0 0.7015625 0.1140625 0.01484375 0.01953125
0 0.2453125 0.03046875 0.00859375 0.01171875
0 0.53203125 0.04453125 0.0078125 0.01328125
0 0.59296875 0.0171875 0.00703125 0.01171875
0 0.228125 0.125 0.0125 0.01796875
0 0.9203125 0.39375 0.0296875 0.0484375
0 0.63125 0.04296875 0.00859375 0.01328125
0 0.5546875 0.03046875 0.0078125 0.01171875
0 0.1703125 0.0453125 0.009375 0.0140625
0 0.45625 0.05625 0.00703125 0.01328125
0 0.63984375 0.0828125 0.0109375 0.0171875
0 0.3546875 0.01796875 0.0078125 0.01328125
0 0.62109375 0.08828125 0.0140625 0.01796875
0 0.8703125 0.0875 0.0140625 0.0171875
0 0.93203125 0.2 0.02265625 0.0296875
0 0.46796875 0.0421875 0.00703125 0.01171875
0 0.46875 0.01796875 0.0078125 0.01328125
0 0.4109375 0.4671875 0.040625 0.053125
0 0.38125 0.03125 0.00703125 0.0078125
0 0.49296875 0.01796875 0.00703125 0.0078125
0 0.38203125 0.05625 0.0078125 0.01328125
0 0.3671875 0.03046875 0.0078125 0.01171875
0 0.48125 0.01875 0.00703125 0.01171875
0 0.153125 0.04296875 0.0109375 0.01328125
0 0.63984375 0.128125 0.01484375 0.01953125
0 0.01875 0.065625 0.0109375 0.0140625
0 0.52109375 0.06953125 0.0109375 0.0140625
0 0.00546875 0.05625 0.0109375 0.01328125
0 0.25625 0.09453125 0.0109375 0.0140625
0 0.57890625 0.0765625 0.009375 0.0171875
0 0.4046875 0.04375 0.0078125 0.01171875
0 0.54375 0.03125 0.00703125 0.01015625
0 0.4921875 0.04453125 0.0078125 0.01328125
0 0.51796875 0.0171875 0.00703125 0.01171875
0 0.39375 0.0453125 0.00703125 0.01171875
0 0.696875 0.0578125 0.01171875 0.0171875
0 0.43046875 0.01796875 0.00703125 0.0078125
0 0.50625 0.0171875 0.00703125 0.01171875
0 0.61796875 0.0171875 0.00703125 0.01171875
0 0.16796875 0.03046875 0.0078125 0.01171875
0 0.19453125 0.0296875 0.0078125 0.01171875
0 0.4546875 0.03046875 0.0078125 0.01171875
0 0.63984375 0.05625 0.0109375 0.01328125
0 0.0546875 0.04296875 0.009375 0.01328125
0 0.92109375 0.2765625 0.0296875 0.04296875
0 0.45546875 0.0171875 0.00703125 0.01171875
0 0.29375 0.01796875 0.0078125 0.01328125
0 0.21796875 0.05 0.0109375 0.0171875
0 0.36875 0.0171875 0.0078125 0.01171875
0 0.03671875 0.06171875 0.0109375 0.0140625
0 0.28046875 0.0171875 0.00703125 0.01171875
0 0.3140625 0.1015625 0.0140625 0.015625
0 0.40703125 0.00546875 0.0078125 0.0078125
0 0.13359375 0.18046875 0.0140625 0.01953125
0 0.40625 0.01796875 0.0078125 0.0078125
0 0.6203125 0.06953125 0.0109375 0.0140625
0 0.96953125 0.2375 0.02265625 0.0328125
0 0.38125 0.0171875 0.00625 0.01171875
0 0.48125 0.03046875 0.00703125 0.01171875
0 0.20546875 0.03046875 0.00859375 0.01171875
0 0.54296875 0.04375 0.0078125 0.01171875
0 0.33359375 0.0296875 0.00859375 0.01328125
0 0.29375 0.00546875 0.00859375 0.01015625
0 0.51796875 0.0296875 0.00703125 0.01171875
0 0.60546875 0.03125 0.0078125 0.0078125
0 0.1453125 0.03125 0.00859375 0.01015625
0 0.43125 0.05390625 0.00703125 0.0140625
0 0.05546875 0.06640625 0.0109375 0.015625
0 0.77890625 0.11875 0.01484375 0.0234375
0 0.56953125 0.13046875 0.0140625 0.01796875
0 0.38203125 0.04375 0.0078125 0.01171875
0 0.04140625 0.04296875 0.0109375 0.01328125
0 0.5796875 0.04296875 0.0078125 0.01328125
0 0.09453125 0.04140625 0.00859375 0.01328125
0 0.51796875 0.00546875 0.00703125 0.0078125
0 0.290625 0.13125 0.0125 0.02109375
0 0.1453125 0.05546875 0.009375 0.0140625
0 0.20390625 0.01796875 0.009375 0.01328125
0 0.4421875 0.0171875 0.0078125 0.0078125
0 0.19453125 0.04296875 0.009375 0.01328125
0 0.60625 0.0171875 0.00703125 0.01171875
0 0.55625 0.0171875 0.00703125 0.01171875
0 0.39296875 0.0171875 0.00703125 0.01015625
0 0.853125 0.04765625 0.0109375 0.0140625
0 0.33125 0.00625 0.00703125 0.01171875
0 0.35078125 0.08203125 0.01171875 0.01796875
0 0.41875 0.01796875 0.00703125 0.0078125
0 0.4171875 0.05625 0.009375 0.01328125
0 0.1078125 0.04375 0.009375 0.0140625
0 0.58046875 0.0171875 0.00703125 0.01171875
0 0.36875 0.00546875 0.00703125 0.0078125
0 0.3921875 0.00546875 0.0078125 0.0078125
0 0.63125 0.01796875 0.00703125 0.0078125
0 0.559375 0.19921875 0.0171875 0.02578125
0 0.18125 0.03046875 0.00703125 0.01171875
0 0.5578125 0.0046875 0.0078125 0.009375
0 0.9265625 0.34140625 0.03125 0.04140625
0 0.3078125 0.06875 0.009375 0.0171875
0 0.99453125 0.1421875 0.00859375 0.0328125
0 0.63125 0.00546875 0.00703125 0.0078125
0 0.7140625 0.05546875 0.01171875 0.0140625
0 0.28046875 0.00546875 0.00703125 0.0078125
0 0.73984375 0.146875 0.01640625 0.0234375
0 0.50625 0.00546875 0.00703125 0.0078125
0 0.60625 0.0046875 0.00703125 0.009375
0 0.31640625 0.01796875 0.0078125 0.01328125
0 0.2953125 0.03203125 0.009375 0.0140625
0 0.2734375 0.12265625 0.01171875 0.01796875
0 0.53046875 0.00546875 0.00703125 0.0078125
0 0.35625 0.00546875 0.0078125 0.0078125
0 0.48125 0.00546875 0.00703125 0.0078125
0 0.13203125 0.040625 0.0078125 0.01171875
0 0.49296875 0.00546875 0.00703125 0.0078125