0 0.15703125 0.303125 0.015625 0.02890625
0 0.4953125 0.31953125 0.015625 0.02265625
0 0.03984375 0.52734375 0.0203125 0.040625
0 0.0921875 0.5296875 0.0203125 0.040625
0 0.4828125 0.64453125 0.0234375 0.04375
0 0.12890625 0.903125 0.040625 0.06484375
0 0.14296875 0.32421875 0.01640625 0.03125
0 0.9046875 0.33515625 0.01640625 0.02734375
0 0.50390625 0.3875 0.015625 0.02890625
0 0.015625 0.29921875 0.0171875 0.02734375
0 0.115625 0.54765625 0.0203125 0.0390625
0 0.6890625 0.271875 0.01484375 0.02734375
0 0.04375 0.2265625 0.01484375 0.02578125
0 0.09140625 0.25546875 0.01640625 0.02421875
0 0.95859375 0.375 0.01875 0.03125
0 0.38125 0.96640625 0.0359375 0.05546875
0 0.57734375 0.8953125 0.0328125 0.05546875
0 0.8171875 0.77578125 0.02734375 0.0484375
0 0.53515625 0.3875 0.015625 0.03125
0 0.8015625 0.89609375 0.03125 0.05703125
0 0.03515625 0.2796875 0.015625 0.02421875
0 0.76796875 0.9703125 0.0359375 0.05546875
0 0.15859375 0.40859375 0.01875 0.03125
0 0.4921875 0.34765625 0.015625 0.02734375
0 0.17265625 0.73828125 0.03046875 0.0484375
0 0.815625 0.2515625 0.01484375 0.02890625
0 0.70859375 0.7984375 0.03046875 0.05390625
0 0.440625 0.81015625 0.03046875 0.05390625
0 0.8296875 0.3703125 0.0171875 0.03125
0 0.8296875 0.41953125 0.0171875 0.0328125
0 0.8546875 0.846875 0.03046875 0.0484375
0 0.53046875 0.4234375 0.01484375 0.03125
0 0.80546875 0.23125 0.01484375 0.02421875
0 0.7828125 0.24375 0.01484375 0.02421875
0 0.29375 0.28359375 0.01484375 0.02890625
0 0.1640625 0.86328125 0.03515625 0.06015625
0 0.2140625 0.51953125 0.01875 0.0375
0 0.7296875 0.3515625 0.0171875 0.0328125
0 0.7921875 0.52734375 0.0171875 0.03125
0 0.91875 0.3703125 0.0171875 0.03125
0 0.92890625 0.6875 0.028125 0.0484375
0 0.31875 0.21171875 0.01484375 0.02421875
0 0.115625 0.14375 0.0125 0.02265625
0 0.7140625 0.29453125 0.01640625 0.02734375
0 0.23515625 0.53515625 0.0171875 0.0328125
0 0.9921875 0.35546875 0.0140625 0.03125
0 0.165625 0.5484375 0.02265625 0.040625
0 0.7703125 0.8 0.0296875 0.0421875
0 0.26640625 0.92734375 0.03515625 0.05859375
0 0.4203125 0.7640625 0.0265625 0.0484375
0 0.884375 0.3234375 0.015625 0.02734375
0 0.49375 0.50859375 0.0203125 0.0421875
0 0.85546875 0.38359375 0.01953125 0.0328125
0 0.759375 0.559375 0.01953125 0.0359375
0 0.3765625 0.37109375 0.01640625 0.02734375
0 0.66640625 0.359375 0.01484375 0.02734375
0 0.665625 0.89453125 0.0359375 0.06015625
0 0.01484375 0.75 0.0296875 0.05625
0 0.1375 0.79140625 0.03125 0.04375
0 0.5765625 0.79453125 0.0265625 0.05546875
0 0.08828125 0.39609375 0.01640625 0.03125
0 0.3390625 0.21953125 0.0140625 0.02421875
0 0.76640625 0.8984375 0.0328125 0.05234375
0 0.13125 0.46875 0.01953125 0.034375
0 0.45234375 0.359375 0.01484375 0.02734375
0 0.675 0.47109375 0.0171875 0.03125
0 0.8921875 0.4828125 0.01953125 0.0359375
0 0.11640625 0.2109375 0.01484375 0.02265625
0 0.2734375 0.4390625 0.0234375 0.0390625
0 0.26640625 0.62734375 0.0234375 0.05078125
0 0.26640625 0.21875 0.015625 0.02890625
0 0.015625 0.3828125 0.0171875 0.02890625
0 0.88359375 0.5546875 0.0203125 0.0359375
0 0.1484375 0.66015625 0.02734375 0.0453125
0 0.3015625 0.359375 0.015625 0.02734375
0 0.53828125 0.5359375 0.021875 0.04375
0 0.04375 0.790625 0.02734375 0.0484375
0 0.54765625 0.78984375 0.03046875 0.046875
0 0.65703125 0.184375 0.0140625 0.02265625
0 0.25703125 0.5359375 0.02265625 0.04375
0 0.1375 0.3875 0.01640625 0.03125
0 0.06640625 0.5390625 0.021875 0.040625
0 0.046875 0.490625 0.01953125 0.03125
0 0.5109375 0.41875 0.01484375 0.02890625
0 0.8703125 0.8984375 0.0328125 0.05546875
0 0.6625 0.978125 0.03828125 0.040625
0 0.934375 0.55390625 0.0203125 0.0375
0 0.32734375 0.375 0.01640625 0.02890625
0 0.6171875 0.6875 0.02734375 0.0484375
0 0.934375 0.33515625 0.01484375 0.02734375
0 0.18984375 0.403125 0.01875 0.0328125
0 0.3625 0.8953125 0.03125 0.05546875
0 0.4296875 0.346875 0.015625 0.02890625
0 0.93359375 0.8421875 0.03125 0.05390625
0 0.06875 0.3078125 0.01484375 0.02578125
0 0.16015625 0.3796875 0.015625 0.02265625
0 0.94453125 0.40390625 0.0171875 0.034375
0 0.8390625 0.2078125 0.01484375 0.02421875
0 0.096875 0.4828125 0.0203125 0.0359375
0 0.75625 0.7390625 0.0265625 0.04375
0 0.05625 0.4546875 0.01875 0.03125
0 0.034375 0.41484375 0.01875 0.0328125
0 0.93203125 0.428125 0.01640625 0.03125
0 0.22734375 0.86640625 0.03046875 0.05703125
0 0.309375 0.82421875 0.0359375 0.06015625
0 0.4765625 0.2984375 0.015625 0.02890625
0 0.903125 0.41796875 0.0171875 0.0328125
0 0.92109375 0.20234375 0.01484375 0.02265625
0 0.4796875 0.87109375 0.03203125 0.05234375
0 0.628125 0.83046875 0.03203125 0.05546875
0 0.884375 0.76328125 0.03125 0.05234375
0 0.94765625 0.275 0.01484375 0.02734375
0 0.15546875 0.2078125 0.0125 0.02421875
0 0.8046875 0.47109375 0.015625 0.03125
0 0.21796875 0.334375 0.01484375 0.02890625
0 0.9265625 0.26015625 0.01484375 0.02734375
0 0.08203125 0.2 0.015625 0.02421875
0 0.075 0.5 0.0234375 0.0375
0 0.11796875 0.59921875 0.025 0.040625
0 0.2390625 0.371875 0.0171875 0.03125
0 0.478125 0.39921875 0.01640625 0.02890625
0 0.628125 0.43203125 0.0171875 0.03125
0 0.65703125 0.64296875 0.02421875 0.046875
0 0.17734375 0.2703125 0.01484375 0.02421875
0 0.9140625 0.64375 0.02734375 0.0421875
0 0.571875 0.66640625 0.025 0.0453125
0 0.771875 0.33515625 0.01875 0.0328125
0 0.86484375 0.25078125 0.01484375 0.02734375
0 0.775 0.4109375 0.01875 0.03125
0 0.6359375 0.3640625 0.015625 0.0296875
0 0.80625 0.34765625 0.01875 0.0328125
0 0.8421875 0.28671875 0.01484375 0.02578125
0 0.0265625 0.6875 0.02734375 0.0484375
0 0.2359375 0.80703125 0.0328125 0.04375
0 0.7796875 0.4484375 0.01875 0.0328125
0 0.98046875 0.47109375 0.0171875 0.02890625
0 0.7703125 0.4875 0.01953125 0.0328125
0 0.14375 0.27109375 0.01484375 0.02890625
0 0.0734375 0.65078125 0.0265625 0.0484375
0 0.0921875 0.8671875 0.0328125 0.05546875
0 0.3109375 0.95546875 0.03828125 0.05546875
0 0.93828125 0.62265625 0.02421875 0.0359375
0 0.7234375 0.7515625 0.0296875 0.0453125
0 0.40546875 0.3875 0.01484375 0.02578125
0 0.7390625 0.8109375 0.03125 0.04375
0 0.23515625 0.31953125 0.01484375 0.02890625
0 0.8984375 0.25546875 0.015625 0.02734375
0 0.03203125 0.1953125 0.0125 0.02421875
0 0.31484375 0.43828125 0.01875 0.03125
0 0.66015625 0.25546875 0.015625 0.02421875
0 0.08359375 0.978125 0.03828125 0.040625
0 0.20234375 0.64765625 0.0265625 0.0375
0 0.853125 0.775 0.03046875 0.05
0 0.3546875 0.33046875 0.015625 0.02734375
0 0.68828125 0.74375 0.028125 0.04375
0 0.00703125 0.475 0.0140625 0.03125
0 0.9328125 0.78828125 0.03125 0.0421875
0 0.91796875 0.10703125 0.0140625 0.02109375
0 0.728125 0.20234375 0.0125 0.02265625
0 0.83125 0.32734375 0.01484375 0.03125
0 0.85703125 0.2921875 0.01484375 0.02890625
0 0.1890625 0.52734375 0.0203125 0.040625
0 0.27421875 0.7875 0.03046875 0.05859375
0 0.1234375 0.28671875 0.015625 0.02890625
0 0.69765625 0.35859375 0.01484375 0.03125
0 0.92421875 0.95546875 0.04375 0.05546875
0 0.6 0.59609375 0.02265625 0.0375
0 0.421875 0.66328125 0.0234375 0.0390625
0 0.8046875 0.72265625 0.0234375 0.04375
0 0.115625 0.6515625 0.03046875 0.04375
0 0.3109375 0.2921875 0.015625 0.02890625
0 0.1890625 0.36640625 0.01640625 0.03125
0 0.1140625 0.7 0.028125 0.04375
0 0.78828125 0.65078125 0.025 0.0359375
0 0.4671875 0.24375 0.0140625 0.02421875
0 0.3875 0.2390625 0.0140625 0.02421875
0 0.821875 0.15546875 0.0125 0.01953125
0 0.228125 0.09921875 0.0140625 0.02109375
0 0.0671875 0.4078125 0.01640625 0.02734375
0 0.1515625 0.5140625 0.01953125 0.0359375
0 0.3875 0.715625 0.028125 0.0453125
0 0.50390625 0.8296875 0.03125 0.06015625
0 0.171875 0.45546875 0.021875 0.0359375
0 0.48984375 0.975 0.034375 0.046875
0 0.11484375 0.18359375 0.0125 0.02109375
0 0.75625 0.403125 0.01484375 0.0296875
0 0.825 0.45859375 0.0171875 0.0296875
0 0.41875 0.30625 0.01484375 0.02578125
0 0.4953125 0.43046875 0.015625 0.02890625
0 0.18125 0.81484375 0.03046875 0.05078125
0 0.7359375 0.86328125 0.03125 0.05078125
0 0.32109375 0.34453125 0.0140625 0.02734375
0 0.8390625 0.24296875 0.01484375 0.02265625
0 0.60078125 0.74453125 0.02734375 0.05078125
0 0.22109375 0.14765625 0.0125 0.02109375
0 0.4015625 0.275 0.01640625 0.02734375
0 0.4546875 0.675 0.025 0.0328125
0 0.3921875 0.35859375 0.0140625 0.02890625
0 0.359375 0.23125 0.0140625 0.02421875
0 0.86171875 0.68359375 0.028125 0.046875
0 0.7453125 0.2625 0.01484375 0.02890625
0 0.4578125 0.628125 0.0234375 0.04375
0 0.4046875 0.34375 0.01484375 0.02890625
0 0.6421875 0.15546875 0.0140625 0.01953125
0 0.37578125 0.328125 0.015625 0.02421875
0 0.9890625 0.26015625 0.0171875 0.02734375
0 0.803125 0.3078125 0.01875 0.03125
0 0.41875 0.8796875 0.0328125 0.06328125
0 0.390625 0.62734375 0.01953125 0.0359375
0 0.6328125 0.4 0.015625 0.02734375
0 0.19140625 0.2078125 0.0140625 0.02421875
0 0.35859375 0.1078125 0.01171875 0.01953125
0 0.56328125 0.9875 0.03515625 0.02265625
0 0.0578125 0.1796875 0.0125 0.01953125
0 0.91796875 0.46796875 0.0171875 0.0296875
0 0.434375 0.25859375 0.0125 0.02421875
0 0.25703125 0.15625 0.0140625 0.02109375
0 0.04375 0.3484375 0.01640625 0.03125
0 0.13984375 0.159375 0.0140625 0.02421875
0 0.26875 0.17890625 0.0140625 0.02421875
0 0.7953125 0.68359375 0.0265625 0.03125
0 0.28203125 0.36796875 0.01484375 0.02890625
0 0.90703125 0.83046875 0.02421875 0.05
0 0.34453125 0.41953125 0.0203125 0.0359375
0 0.6828125 0.6953125 0.0234375 0.040625
0 0.2328125 0.2078125 0.015625 0.02109375
0 0.25546875 0.86796875 0.03046875 0.0484375
0 0.446875 0.228125 0.0140625 0.02265625
0 0.65703125 0.41875 0.0171875 0.03125
0 0.940625 0.7484375 0.028125 0.04375
0 0.51796875 0.36796875 0.01484375 0.02890625
0 0.70859375 0.1234375 0.0125 0.02109375
0 0.1203125 0.43828125 0.0171875 0.02890625
0 0.9921875 0.41796875 0.0140625 0.0359375
0 0.2515625 0.30859375 0.01640625 0.0296875
0 0.00703125 0.43515625 0.0140625 0.03125
0 0.484375 0.45625 0.015625 0.03125
0 0.35859375 0.18359375 0.01171875 0.02109375
0 0.45546875 0.33046875 0.01484375 0.02421875
0 0.3421875 0.08359375 0.0125 0.01953125
0 0.1828125 0.3234375 0.01484375 0.02421875
0 0.75390625 0.6671875 0.025 0.04375
0 0.54296875 0.615625 0.0234375 0.040625
0 0.24453125 0.22421875 0.01484375 0.02734375
0 0.64921875 0.31015625 0.01640625 0.03125
0 0.40625 0.25078125 0.0140625 0.02109375
0 0.78984375 0.7671875 0.0265625 0.0484375
0 0.80078125 0.203125 0.015625 0.02109375
0 0.9125 0.73828125 0.02421875 0.0390625
0 0.5203125 0.60703125 0.021875 0.04375
0 0.20546875 0.37109375 0.01640625 0.0328125
0 0.3609375 0.64375 0.0296875 0.05078125
0 0.3515625 0.159375 0.0140625 0.02109375
0 0.7453125 0.190625 0.0140625 0.02109375
0 0.315625 0.17109375 0.0125 0.02421875
0 0.29375 0.334375 0.01484375 0.02578125
0 0.02265625 0.5984375 0.02265625 0.0359375
0 0.1015625 0.375 0.015625 0.02890625
0 0.20546875 0.48984375 0.01875 0.02421875
0 0.72578125 0.31953125 0.0171875 0.02890625
0 0.9015625 0.45078125 0.01640625 0.02734375
0 0.2515625 0.3953125 0.01640625 0.02421875
0 0.2234375 0.40625 0.0171875 0.02734375
0 0.82734375 0.5265625 0.021875 0.0359375
0 0.9390625 0.103125 0.0140625 0.01953125
0 0.0296875 0.6390625 0.0265625 0.0453125
0 0.70546875 0.17890625 0.01484375 0.02421875
0 0.540625 0.10859375 0.0125 0.02109375
0 0.42265625 0.21484375 0.015625 0.02421875
0 0.45859375 0.9515625 0.03203125 0.06015625
0 0.70546875 0.41875 0.01640625 0.02890625
0 0.884375 0.18359375 0.0140625 0.02421875
0 0.39609375 0.18359375 0.0125 0.02421875
0 0.596875 0.64765625 0.02421875 0.04375
0 0.0125 0.97421875 0.025 0.0484375
0 0.21328125 0.25390625 0.01484375 0.02734375
0 0.47578125 0.54765625 0.01953125 0.0390625
0 0.190625 0.44765625 0.01875 0.03125
0 0.25390625 0.18359375 0.0140625 0.02421875
0 0.68046875 0.80390625 0.028125 0.05234375
0 0.353125 0.2875 0.01484375 0.02421875
0 0.965625 0.52265625 0.0171875 0.03125
0 0.28828125 0.64765625 0.0234375 0.04375
0 0.45546875 0.2875 0.01484375 0.02421875
0 0.37890625 0.16875 0.01171875 0.02109375
0 0.7328125 0.22734375 0.015625 0.02421875
0 0.98984375 0.29453125 0.01640625 0.02421875
0 0.1703125 0.1078125 0.0140625 0.01953125
0 0.81875 0.13125 0.0125 0.01953125
0 0.79609375 0.5984375 0.02265625 0.0359375
0 0.96953125 0.1421875 0.0140625 0.02265625
0 0.040625 0.7296875 0.02734375 0.04375
0 0.809375 0.63515625 0.0203125 0.03125
0 0.69765625 0.228125 0.01484375 0.02578125
0 0.29609375 0.16796875 0.0125 0.01953125
0 0.1546875 0.47890625 0.01953125 0.02578125
0 0.50078125 0.73125 0.0234375 0.046875
0 0.01796875 0.81015625 0.03046875 0.0484375
0 0.55 0.85546875 0.0265625 0.0484375
0 0.6296875 0.60703125 0.021875 0.0375