0 0.1359375 0.534375 0.03203125 0.0484375
0 0.53203125 0.31015625 0.015625 0.028125
0 0.07734375 0.47109375 0.0234375 0.040625
0 0.4953125 0.26796875 0.0140625 0.021875
0 0.47109375 0.25390625 0.0125 0.021875
0 0.321875 0.29453125 0.01484375 0.025
0 0.209375 0.50546875 0.025 0.04375
0 0.70234375 0.34140625 0.01875 0.034375
0 0.478125 0.321875 0.01640625 0.0296875
0 0.259375 0.51484375 0.02734375 0.05
0 0.8234375 0.39609375 0.021875 0.0390625
0 0.23828125 0.615625 0.0390625 0.06484375
0 0.1484375 0.45234375 0.0234375 0.04375
0 0.85625 0.3640625 0.0171875 0.034375
0 0.20234375 0.684375 0.03828125 0.06328125
0 0.78515625 0.63046875 0.03515625 0.06015625
0 0.8296875 0.515625 0.0296875 0.05078125
0 0.79453125 0.26015625 0.01484375 0.025
0 0.50703125 0.45546875 0.0234375 0.04375
0 0.60859375 0.56484375 0.028125 0.05078125
0 0.509375 0.334375 0.015625 0.0296875
0 0.70546875 0.48046875 0.0265625 0.04375
0 0.63125 0.4546875 0.0265625 0.0453125
0 0.35859375 0.33828125 0.01640625 0.028125
0 0.46171875 0.4375 0.02265625 0.0375
0 0.26015625 0.83046875 0.04765625 0.07578125
0 0.609375 0.31171875 0.0171875 0.028125
0 0.4546875 0.39140625 0.021875 0.0359375
0 0.60078125 0.34921875 0.01953125 0.03125
0 0.89140625 0.396875 0.021875 0.040625
0 0.75859375 0.3765625 0.01953125 0.0375
0 0.446875 0.30625 0.01640625 0.0265625
0 0.56875 0.24609375 0.0125 0.0171875
0 0.88984375 0.7921875 0.03984375 0.06796875
0 0.5296875 0.43828125 0.02265625 0.0390625
0 0.39375 0.37109375 0.0171875 0.0328125
0 0.41484375 0.7265625 0.0421875 0.06640625
0 0.790625 0.55703125 0.0375 0.05078125
0 0.2609375 0.69453125 0.0421875 0.06796875
0 0.8203125 0.471875 0.02734375 0.0359375
0 0.3390625 0.64609375 0.0375 0.06328125
0 0.253125 0.44921875 0.0203125 0.0359375
0 0.20859375 0.2859375 0.01484375 0.0265625
0 0.059375 0.6703125 0.0421875 0.06640625
0 0.5046875 0.39296875 0.0171875 0.0359375
0 0.7453125 0.70390625 0.03515625 0.06796875
0 0.103125 0.49375 0.0296875 0.0484375
0 0.0765625 0.94609375 0.053125 0.09609375
0 0.3703125 0.48828125 0.0234375 0.046875
0 0.70234375 0.39921875 0.02265625 0.0421875
0 0.6625 0.434375 0.02421875 0.046875
0 0.52734375 0.40078125 0.0234375 0.0359375
0 0.2796875 0.4671875 0.0265625 0.0453125
0 0.67109375 0.28125 0.01484375 0.0265625
0 0.9890625 0.5671875 0.01953125 0.05546875
0 0.2296875 0.55 0.0328125 0.05234375
0 0.85859375 0.2171875 0.0125 0.021875
0 0.9609375 0.34296875 0.0171875 0.034375
0 0.771875 0.2171875 0.01171875 0.021875
0 0.3390625 0.23203125 0.0109375 0.0171875
0 0.9515625 0.25703125 0.015625 0.025
0 0.03515625 0.4828125 0.02734375 0.0453125
0 0.29375 0.60234375 0.03203125 0.05390625
0 0.62578125 0.35234375 0.0171875 0.0328125
0 0.7984375 0.34375 0.01953125 0.0359375
0 0.11484375 0.584375 0.0359375 0.05546875
0 0.884375 0.49609375 0.03046875 0.04375
0 0.84765625 0.42265625 0.025 0.0453125
0 0.33359375 0.415625 0.0203125 0.040625
0 0.38515625 0.30625 0.01484375 0.0265625
0 0.89140625 0.21875 0.0140625 0.021875
0 0.54375 0.69921875 0.040625 0.07421875
0 0.16796875 0.40078125 0.01953125 0.0359375
0 0.96171875 0.671875 0.0421875 0.06640625
0 0.8375 0.60390625 0.03203125 0.05703125
0 0.73515625 0.85390625 0.046875 0.08359375
0 0.3375 0.51484375 0.03046875 0.05
0 0.9234375 0.63984375 0.03515625 0.06953125
0 0.93671875 0.575 0.0359375 0.05
0 0.89140625 0.553125 0.0296875 0.05234375
0 0.86640625 0.46015625 0.028125 0.04375
0 0.665625 0.740625 0.04375 0.07890625
0 0.71953125 0.55390625 0.03125 0.05703125
0 0.8984375 0.26484375 0.0140625 0.025
0 0.56875 0.50546875 0.02421875 0.04375
0 0.9359375 0.75078125 0.03984375 0.07578125
0 0.1375 0.4078125 0.0203125 0.034375
0 0.76875 0.44453125 0.02421875 0.0328125
0 0.790625 0.23203125 0.0125 0.0203125
0 0.603125 0.51484375 0.028125 0.04375
0 0.8015625 0.421875 0.025 0.04375
0 0.0453125 0.38984375 0.0171875 0.0328125
0 0.640625 0.26796875 0.0140625 0.025
0 0.87421875 0.35 0.01875 0.034375
0 0.059375 0.4359375 0.0203125 0.034375
0 0.4328125 0.33125 0.01640625 0.0265625
0 0.290625 0.39296875 0.01875 0.0359375
0 0.665625 0.33515625 0.0171875 0.034375
0 0.615625 0.63515625 0.0375 0.06640625
0 0.41875 0.478125 0.0296875 0.05078125
0 0.93125 0.31015625 0.0171875 0.028125
0 0.7515625 0.29765625 0.01640625 0.03125
0 0.79609375 0.5078125 0.03046875 0.0421875
0 0.503125 0.965625 0.065625 0.06484375
0 0.48125 0.59453125 0.03125 0.05390625
0 0.165625 0.60703125 0.0359375 0.06328125
0 0.21796875 0.38828125 0.01875 0.0359375
0 0.7859375 0.30390625 0.01484375 0.028125
0 0.0828125 0.33828125 0.015625 0.025
0 0.5609375 0.84765625 0.0515625 0.10078125
0 0.06328125 0.36953125 0.0171875 0.0296875
0 0.05546875 0.30390625 0.01484375 0.025
0 0.140625 0.290625 0.0140625 0.0234375
0 0.36171875 0.2796875 0.01484375 0.0265625
0 0.83046875 0.26015625 0.01484375 0.025
0 0.73671875 0.49921875 0.028125 0.04375
0 0.9921875 0.3765625 0.0140625 0.034375
0 0.940625 0.23359375 0.0125 0.0171875
0 0.7515625 0.25703125 0.01484375 0.025
0 0.48125 0.28125 0.0140625 0.0265625
0 0.20859375 0.34453125 0.01640625 0.028125
0 0.146875 0.37265625 0.01875 0.0296875
0 0.2 0.3890625 0.01875 0.034375
0 0.80234375 0.30703125 0.01640625 0.025
0 0.51484375 0.515625 0.028125 0.05078125
0 0.7625 0.484375 0.0265625 0.05078125
0 0.60078125 0.39375 0.0171875 0.0375
0 0.9328125 0.25546875 0.0140625 0.028125
0 0.1 0.4171875 0.01953125 0.034375
0 0.12890625 0.346875 0.015625 0.0265625
0 0.05390625 0.53359375 0.0328125 0.05234375
0 0.2953125 0.35234375 0.01484375 0.0265625
0 0.98125 0.33203125 0.01640625 0.03125
0 0.31328125 0.36171875 0.0171875 0.0328125
0 0.73984375 0.215625 0.0125 0.01875
0 0.45234375 0.35703125 0.0171875 0.0265625
0 0.540625 0.2828125 0.0140625 0.0234375
0 0.98125 0.2265625 0.0140625 0.021875
0 0.65703125 0.60703125 0.03046875 0.05703125
0 0.09453125 0.29609375 0.01484375 0.021875
0 0.425 0.821875 0.06171875 0.09296875
0 0.4046875 0.325 0.01484375 0.0265625
0 0.47265625 0.35703125 0.0171875 0.0328125
0 0.01640625 0.74765625 0.03203125 0.07734375
0 0.7140625 0.28671875 0.015625 0.028125
0 0.6921875 0.271875 0.01484375 0.0265625
0 0.6578125 0.30390625 0.01640625 0.025
0 0.96953125 0.24921875 0.015625 0.0234375
0 0.59453125 0.29296875 0.01484375 0.021875
0 0.5734375 0.396875 0.021875 0.040625
0 0.36328125 0.578125 0.03515625 0.06171875
0 0.10859375 0.79609375 0.05078125 0.08828125
0 0.34453125 0.321875 0.0140625 0.0265625
0 0.24921875 0.38515625 0.0203125 0.0359375
0 0.253125 0.321875 0.01484375 0.0265625
0 0.8390625 0.184375 0.0109375 0.01875
0 0.3421875 0.25234375 0.0140625 0.021875
0 0.31953125 0.47109375 0.0234375 0.04375
0 0.18984375 0.3515625 0.01484375 0.028125
0 0.18671875 0.49296875 0.02421875 0.046875
0 0.825 0.31015625 0.0171875 0.034375
0 0.31875 0.9171875 0.0578125 0.10078125
0 0.47265625 0.78515625 0.0453125 0.07890625
0 0.4359375 0.278125 0.01484375 0.0265625
0 0.3875 0.25703125 0.0140625 0.021875
0 0.87578125 0.2859375 0.015625 0.0265625
0 0.26484375 0.36171875 0.01640625 0.0265625
0 0.01484375 0.528125 0.0296875 0.05390625
0 0.871875 0.175 0.0125 0.01875
0 0.509375 0.30234375 0.01484375 0.025
0 0.7765625 0.19453125 0.0109375 0.0171875
0 0.4203125 0.25703125 0.0140625 0.01875
0 0.409375 0.4203125 0.0203125 0.034375
0 0.5609375 0.36640625 0.01953125 0.0328125
0 0.5859375 0.3203125 0.0171875 0.0296875
0 0.0515625 0.25234375 0.0140625 0.025
0 0.31953125 0.23203125 0.01171875 0.0203125
0 0.5328125 0.25390625 0.0140625 0.01875
0 0.9265625 0.43046875 0.025 0.0453125
0 0.45859375 0.2703125 0.0125 0.0234375
0 0.14609375 0.33828125 0.01484375 0.025
0 0.7296875 0.1828125 0.009375 0.015625
0 0.82734375 0.20859375 0.0109375 0.0171875
0 0.0515625 0.33203125 0.01484375 0.025
0 0.5890625 0.25703125 0.01484375 0.021875
0 0.98359375 0.425 0.0203125 0.040625
0 0.39921875 0.55703125 0.028125 0.05078125
0 0.19296875 0.98046875 0.0578125 0.0359375
0 0.165625 0.24296875 0.0125 0.0203125
0 0.73359375 0.26953125 0.01484375 0.021875
0 0.58359375 0.2171875 0.0109375 0.015625
0 0.665625 0.24765625 0.0140625 0.0234375
0 0.20859375 0.19609375 0.0109375 0.0140625
0 0.9171875 0.3734375 0.0171875 0.03125
0 0.33359375 0.384375 0.01875 0.028125
0 0.57890625 0.3484375 0.015625 0.0296875
0 0.29375 0.31015625 0.0140625 0.021875
0 0.70859375 0.23203125 0.0125 0.0203125
0 0.16875 0.365625 0.0171875 0.028125
0 0.24296875 0.20390625 0.0109375 0.0140625
0 0.603125 0.20859375 0.0109375 0.0171875
0 0.87265625 0.3171875 0.01640625 0.0265625
0 0.91328125 0.21015625 0.01171875 0.0203125
0 0.44375 0.23828125 0.0109375 0.0171875
0 0.00625 0.25390625 0.0125 0.015625
0 0.0125 0.36171875 0.01640625 0.0296875
0 0.6125 0.26640625 0.0140625 0.021875
0 0.096875 0.45078125 0.0203125 0.028125
0 0.25625 0.2296875 0.01171875 0.01875
0 0.096875 0.25703125 0.0140625 0.021875
0 0.796875 0.19296875 0.01171875 0.0171875
0 0.9578125 0.20703125 0.01171875 0.0203125
0 0.2625 0.28125 0.0140625 0.0234375
0 0.6828125 0.31875 0.01484375 0.0296875
0 0.18203125 0.2203125 0.0109375 0.015625
0 0.6671875 0.215625 0.0140625 0.021875
0 0.9171875 0.24296875 0.0140625 0.0203125
0 0.65703125 0.16875 0.009375 0.015625
0 0.603125 0.24765625 0.0109375 0.0171875
0 0.89609375 0.184375 0.0109375 0.015625
0 0.640625 0.20390625 0.01171875 0.0171875
0 0.19140625 0.24140625 0.01171875 0.0171875
0 0.9328125 0.215625 0.01171875 0.01875
0 0.1828125 0.30390625 0.0140625 0.021875
0 0.3953125 0.45 0.0234375 0.0421875
0 0.0046875 0.409375 0.009375 0.0375
0 0.90703125 0.15546875 0.0109375 0.0171875
0 0.9203125 0.34609375 0.0171875 0.025
0 0.1125 0.23828125 0.01171875 0.0171875
0 0.68203125 0.25234375 0.01484375 0.021875
0 0.0265625 0.30859375 0.01484375 0.021875
0 0.040625 0.2796875 0.0125 0.0171875
0 0.940625 0.19609375 0.0109375 0.0171875
0 0.82890625 0.2265625 0.0140625 0.021875
0 0.15078125 0.3140625 0.01484375 0.0234375
0 0.2265625 0.35859375 0.015625 0.0265625
0 0.07734375 0.28125 0.0125 0.0203125
0 0.40546875 0.2203125 0.0109375 0.015625
0 0.86484375 0.24140625 0.0125 0.0203125
0 0.55546875 0.30703125 0.01484375 0.028125
0 0.2359375 0.2890625 0.0140625 0.0203125
0 0.803125 0.221875 0.01171875 0.01875
0 0.121875 0.2703125 0.0125 0.0203125
0 0.23359375 0.26796875 0.0125 0.01875
0 0.02109375 0.26640625 0.0125 0.01875
0 0.03359375 0.25703125 0.0125 0.021875
0 0.3671875 0.22734375 0.01171875 0.0171875
0 0.62578125 0.29140625 0.01484375 0.025
0 0.6171875 0.221875 0.01171875 0.01875
0 0.0890625 0.2125 0.01171875 0.01875
0 0.95546875 0.228125 0.0125 0.021875
0 0.06328125 0.4046875 0.021875 0.028125
0 0.02421875 0.40078125 0.01875 0.0359375
0 0.1703125 0.1796875 0.009375 0.015625
0 0.1453125 0.20390625 0.009375 0.0140625
0 0.06875 0.23984375 0.01171875 0.0171875
0 0.1859375 0.42109375 0.0203125 0.0359375
0 0.19140625 0.2796875 0.0140625 0.0234375
0 0.109375 0.29453125 0.0140625 0.021875
0 0.165625 0.21875 0.0109375 0.015625
0 0.3328125 0.19296875 0.00859375 0.0140625
0 0.78046875 0.16328125 0.0109375 0.0171875
0 0.16875 0.32734375 0.0140625 0.025
0 0.64140625 0.1796875 0.0109375 0.0125
0 0.8046875 0.16484375 0.009375 0.0171875
0 0.15546875 0.20390625 0.0109375 0.0140625
0 0.315625 0.26640625 0.0125 0.021875
0 0.94375 0.959375 0.06953125 0.07734375
0 0.29609375 0.23203125 0.0109375 0.0171875
0 0.82109375 0.16484375 0.0109375 0.0140625
0 0.42265625 0.36328125 0.015625 0.0296875
0 0.878125 0.23515625 0.0140625 0.0203125
0 0.98125 0.18125 0.009375 0.015625
0 0.009375 0.6328125 0.01875 0.05625
0 0.42109375 0.23046875 0.0109375 0.0140625
0 0.4296875 0.2171875 0.009375 0.0125
0 0.3078125 0.215625 0.00859375 0.015625
0 0.61953125 0.19609375 0.00859375 0.0140625
0 0.01484375 0.29140625 0.0125 0.021875
0 0.75078125 0.1875 0.01171875 0.015625
0 0.734375 0.315625 0.015625 0.0296875
0 0.7015625 0.1890625 0.0140625 0.01875
0 0.2765625 0.25234375 0.01484375 0.025
0 0.0046875 0.30859375 0.00859375 0.021875
0 0.0296875 0.20546875 0.00859375 0.0140625
0 0.3796875 0.22890625 0.009375 0.0171875
0 0.60625 0.18125 0.0078125 0.0125
0 0.12890625 0.18984375 0.009375 0.0140625
0 0.8546875 0.2828125 0.0140625 0.0234375
0 0.06328125 0.275 0.0140625 0.0203125
0 0.12578125 0.30546875 0.01484375 0.021875
0 0.95546875 0.178125 0.00859375 0.0125
0 0.11875 0.20234375 0.0109375 0.0140625
0 0.17890625 0.26640625 0.0140625 0.01875
0 0.040625 0.23046875 0.0109375 0.0171875
0 0.6703125 0.178125 0.0109375 0.015625
0 0.8421875 0.15859375 0.009375 0.0140625
0 0.84453125 0.20859375 0.01171875 0.0203125
0 0.0453125 0.20546875 0.009375 0.0140625
0 0.1375 0.26171875 0.0125 0.021875