0 0.965625 0.475 0.05 0.07421875
0 0.853125 0.29296875 0.03125 0.04453125
0 0.6546875 0.39375 0.0375 0.0609375
0 0.7 0.37265625 0.0328125 0.05234375
0 0.7875 0.25078125 0.03046875 0.05078125
0 0.76484375 0.04453125 0.0171875 0.02578125
0 0.6640625 0.1546875 0.0234375 0.0390625
0 0.6796875 0.22421875 0.0296875 0.04453125
0 0.66015625 0.0328125 0.0171875 0.02890625
0 0.8171875 0.15625 0.02734375 0.0390625
0 0.66875 0.1140625 0.0203125 0.0328125
0 0.8453125 0.025 0.0171875 0.0296875
0 0.8921875 0.07265625 0.0203125 0.03125
0 0.803125 0.43828125 0.03828125 0.0609375
0 0.76484375 0.7890625 0.059375 0.1015625
0 0.68203125 0.07421875 0.0203125 0.02578125
0 0.9328125 0.06015625 0.02265625 0.03359375
0 0.871875 0.6 0.05546875 0.0875
0 0.89296875 0.03515625 0.02265625 0.03125
0 0.7640625 0.0828125 0.0203125 0.0328125
0 0.72578125 0.01328125 0.0171875 0.02578125
0 0.64453125 0.00703125 0.015625 0.0140625
0 0.690625 0.57578125 0.0484375 0.078125
0 0.9890625 0.03828125 0.0203125 0.040625
0 0.62578125 0.03828125 0.015625 0.021875
0 0.58203125 0.009375 0.0140625 0.01875
0 0.76953125 0.00625 0.021875 0.01171875
0 0.7078125 0.01015625 0.015625 0.0203125
0 0.96953125 0.0140625 0.02265625 0.02734375
0 0.609375 0.0234375 0.0140625 0.02109375
0 0.76484375 0.21015625 0.028125 0.040625
0 0.93671875 0.6046875 0.053125 0.07578125
0 0.3453125 0.1796875 0.0421875 0.05859375
0 0.51796875 0.23984375 0.0265625 0.03671875
0 0.4875 0.2390625 0.02109375 0.0359375
0 0.4828125 0.1921875 0.02265625 0.03515625
0 0.5109375 0.15234375 0.028125 0.03828125
0 0.83828125 0.01171875 0.01875 0.0234375