0 0.59453125 0.31875 0.0265625 0.0390625
0 0.64453125 0.2046875 0.021875 0.0328125
0 0.728125 0.13125 0.0171875 0.025
0 0.43828125 0.33046875 0.028125 0.04921875
0 0.478125 0.13125 0.0171875 0.02578125
0 0.75859375 0.14296875 0.0171875 0.02578125
0 0.484375 0.3171875 0.0296875 0.0484375
0 0.8953125 0.1921875 0.021875 0.0296875
0 0.42265625 0.1390625 0.0171875 0.02734375
0 0.13203125 0.725 0.05859375 0.0859375
0 0.6453125 0.2796875 0.021875 0.03515625
0 0.70859375 0.2359375 0.02265625 0.0328125
0 0.5453125 0.2796875 0.02734375 0.04453125
0 0.21171875 0.1453125 0.02265625 0.03515625
0 0.22890625 0.19765625 0.028125 0.04453125
0 0.8328125 0.10390625 0.01484375 0.0234375
0 0.13984375 0.26328125 0.0375 0.046875
0 0.7015625 0.19921875 0.021875 0.03125
0 0.5078125 0.1234375 0.0171875 0.0296875
0 0.5859375 0.14765625 0.01953125 0.0296875
0 0.834375 0.1921875 0.01953125 0.0328125
0 0.3015625 0.1796875 0.0296875 0.0390625
0 0.853125 0.18125 0.015625 0.02734375
0 0.778125 0.2015625 0.0171875 0.03125
0 0.95546875 0.17421875 0.0203125 0.03125
0 0.41953125 0.16875 0.0203125 0.0328125
0 0.33125 0.13125 0.01953125 0.0296875
0 0.63984375 0.0484375 0.015625 0.025
0 0.79609375 0.30546875 0.025 0.0375
0 0.79921875 0.16171875 0.01875 0.03125
0 0.3921875 0.13203125 0.0203125 0.0296875
0 0.69140625 0.084375 0.0171875 0.02890625
0 0.26171875 0.16640625 0.025 0.0390625
0 0.72890625 0.02890625 0.01484375 0.02109375
0 0.98671875 0.1984375 0.02265625 0.0328125
0 0.04609375 0.34375 0.0421875 0.0546875
0 0.32265625 0.54375 0.04765625 0.06875
0 0.7140625 0.103125 0.01640625 0.025
0 0.2828125 0.4875 0.0453125 0.0640625
0 0.53359375 0.0796875 0.01484375 0.0234375
0 0.99296875 0.02578125 0.0125 0.02109375
0 0.759375 0.52421875 0.02734375 0.04296875
0 0.86015625 0.10546875 0.01484375 0.0234375
0 0.86953125 0.04375 0.01484375 0.01953125
0 0.02578125 0.1234375 0.02265625 0.03359375
0 0.94453125 0.0078125 0.0140625 0.015625
0 0.553125 0.0921875 0.01875 0.02734375
0 0.87578125 0.2359375 0.0234375 0.03671875
0 0.74296875 0.10625 0.01640625 0.025
0 0.9671875 0.0171875 0.0125 0.01953125
0 0.76171875 0.284375 0.025 0.03515625
0 0.9625 0.54921875 0.04375 0.0625
0 0.93515625 0.03046875 0.01484375 0.01953125
0 0.915625 0.95078125 0.0609375 0.08828125
0 0.84453125 0.00625 0.0140625 0.0125
0 0.9171875 0.0046875 0.0140625 0.009375
0 0.75703125 0.02890625 0.0140625 0.02109375
0 0.98046875 0.01796875 0.0140625 0.01796875
0 0.8953125 0.03515625 0.0140625 0.02109375
0 0.96640625 0.09765625 0.01640625 0.0234375
0 0.99453125 0.0640625 0.00859375 0.0234375
0 0.99296875 0.0921875 0.01171875 0.0234375
0 0.99140625 0.25078125 0.015625 0.040625
0 0.68671875 0.040625 0.0140625 0.01953125
0 0.7453125 0.1796875 0.0171875 0.02890625
0 0.98359375 0.1109375 0.01640625 0.0234375
0 0.821875 0.0265625 0.0125 0.01953125
0 0.91328125 0.03828125 0.0140625 0.01953125
0 0.71171875 0.01953125 0.01484375 0.0234375
0 0.61484375 0.13125 0.01640625 0.025
0 0.5890625 0.10625 0.01640625 0.025
0 0.04375 0.2046875 0.025 0.03671875
0 0.603125 0.03203125 0.01484375 0.021875
0 0.83046875 0.0546875 0.01484375 0.0234375
0 0.7921875 0.0046875 0.0140625 0.009375