0 0.4078125 0.4859375 0.02421875 0.034375
0 0.35390625 0.64609375 0.034375 0.0625
0 0.496875 0.696875 0.04296875 0.0734375
0 0.76953125 0.5828125 0.0328125 0.0515625
0 0.27421875 0.72890625 0.03984375 0.06875
0 0.9078125 0.5890625 0.0359375 0.06015625
0 0.178125 0.78046875 0.046875 0.0734375
0 0.309375 0.66015625 0.0328125 0.06484375
0 0.409375 0.690625 0.04453125 0.06875
0 0.69765625 0.540625 0.02421875 0.0453125
0 0.559375 0.496875 0.02421875 0.04296875
0 0.309375 0.50859375 0.02421875 0.0453125
0 0.09453125 0.70859375 0.04609375 0.06640625
0 0.57578125 0.578125 0.03125 0.0515625
0 0.640625 0.85625 0.053125 0.090625
0 0.39609375 0.521875 0.02890625 0.0453125
0 0.04765625 0.7625 0.046875 0.06640625
0 0.34296875 0.5625 0.02578125 0.0453125
0 0.30625 0.5921875 0.0296875 0.04921875
0 0.5328125 0.8421875 0.05390625 0.0796875
0 0.32890625 0.8234375 0.03828125 0.06875
0 0.69453125 0.65390625 0.0375 0.06484375
0 0.82421875 0.709375 0.04296875 0.06484375
0 0.584375 0.74921875 0.04609375 0.08359375
0 0.44921875 0.56484375 0.0328125 0.040625
0 0.62890625 0.65390625 0.0359375 0.05625
0 0.70390625 0.7765625 0.04609375 0.0734375
0 0.253125 0.56875 0.02890625 0.0453125
0 0.434375 0.61328125 0.03984375 0.06484375
0 0.54609375 0.56015625 0.0296875 0.04921875
0 0.42265625 0.2109375 0.02578125 0.0390625
0 0.96953125 0.6109375 0.04140625 0.06484375
0 0.65546875 0.4375 0.02578125 0.03671875
0 0.6671875 0.38671875 0.0203125 0.034375
0 0.71796875 0.4390625 0.02421875 0.0390625
0 0.23046875 0.7109375 0.0359375 0.0625
0 0.19140625 0.64375 0.03125 0.04921875
0 0.34453125 0.74375 0.04609375 0.07734375
0 0.88125 0.6484375 0.03984375 0.06640625
0 0.62890625 0.3921875 0.015625 0.028125
0 0.4796875 0.63125 0.03984375 0.0625
0 0.49921875 0.51171875 0.0296875 0.04765625
0 0.59765625 0.46015625 0.02421875 0.034375
0 0.0515625 0.621875 0.03984375 0.06484375
0 0.8125 0.81640625 0.04609375 0.0796875
0 0.97890625 0.85390625 0.03984375 0.08203125
0 0.121875 0.79375 0.05 0.08203125
0 0.84921875 0.76328125 0.04453125 0.0734375
0 0.8140625 0.93984375 0.0625 0.11171875
0 0.04453125 0.8390625 0.05703125 0.08203125
0 0.6078125 0.503125 0.02734375 0.04765625
0 0.359375 0.50625 0.02421875 0.03671875
0 0.13671875 0.61328125 0.03828125 0.06484375
0 0.52421875 0.4140625 0.02265625 0.040625
0 0.97890625 0.45078125 0.02734375 0.0453125
0 0.528125 0.971875 0.07578125 0.0515625
0 0.79609375 0.48828125 0.02734375 0.04765625
0 0.41953125 0.409375 0.02109375 0.03203125
0 0.37109375 0.54921875 0.03125 0.0453125
0 0.2859375 0.83125 0.0484375 0.0796875
0 0.92265625 0.4515625 0.02890625 0.04765625
0 0.4875 0.41484375 0.02109375 0.034375
0 0.98203125 0.7609375 0.0328125 0.08203125
0 0.5671875 0.43046875 0.0203125 0.034375
0 0.09921875 0.60078125 0.0328125 0.05390625
0 0.95390625 0.51171875 0.02578125 0.04765625
0 0.82421875 0.45390625 0.02578125 0.04296875
0 0.884375 0.38515625 0.0203125 0.034375
0 0.56953125 0.6375 0.0359375 0.0625
0 0.5140625 0.471875 0.02265625 0.03671875
0 0.315625 0.2234375 0.02578125 0.04296875
0 0.2640625 0.51640625 0.02890625 0.04296875
0 0.01015625 0.62578125 0.0203125 0.06484375
0 0.453125 0.4515625 0.02578125 0.0390625
0 0.27265625 0.45625 0.0203125 0.03046875
0 0.22421875 0.58359375 0.02890625 0.0453125
0 0.590625 0.40546875 0.02421875 0.03671875
0 0.2140625 0.83359375 0.05390625 0.0796875
0 0.01953125 0.53515625 0.02734375 0.034375
0 0.09921875 0.521875 0.02421875 0.040625
0 0.79453125 0.378125 0.0203125 0.034375
0 0.7140625 0.8453125 0.04296875 0.07734375
0 0.73671875 0.5046875 0.02734375 0.04921875
0 0.13125 0.48828125 0.0203125 0.03046875
0 0.75078125 0.45078125 0.02421875 0.040625
0 0.64921875 0.56875 0.02734375 0.04921875
0 0.890625 0.78515625 0.04453125 0.06015625
0 0.92890625 0.73046875 0.04140625 0.0578125
0 0.17890625 0.48515625 0.01875 0.03203125
0 0.4390625 0.40234375 0.01875 0.034375
0 0.52890625 0.9140625 0.0671875 0.06875
0 0.41796875 0.4578125 0.02109375 0.03046875
0 0.1390625 0.528125 0.02421875 0.040625
0 0.2015625 0.696875 0.03125 0.04765625
0 0.5390625 0.47109375 0.02421875 0.034375
0 0.203125 0.5171875 0.02578125 0.03671875
0 0.634375 0.50234375 0.02578125 0.03203125
0 0.69921875 0.425 0.02109375 0.03671875
0 0.03046875 0.56875 0.0296875 0.0453125
0 0.86796875 0.41796875 0.02109375 0.03671875
0 0.30078125 0.9859375 0.07578125 0.0234375
0 0.92265625 0.40234375 0.0203125 0.034375
0 0.990625 0.6625 0.015625 0.06015625
0 0.053125 0.51328125 0.0203125 0.03203125
0 0.95234375 0.68046875 0.04140625 0.05390625
0 0.64453125 0.72265625 0.03984375 0.08203125
0 0.8265625 0.3890625 0.01875 0.03046875
0 0.73046875 0.35390625 0.01875 0.028125
0 0.709375 0.1 0.02421875 0.040625
0 0.29765625 0.36796875 0.02109375 0.0390625
0 0.940625 0.83203125 0.04453125 0.07734375
0 0.3671875 0.471875 0.0203125 0.03203125
0 0.86953125 0.46015625 0.02421875 0.04296875
0 0.06953125 0.55078125 0.02421875 0.034375
0 0.6328125 0.421875 0.02578125 0.034375
0 0.24453125 0.490625 0.0171875 0.03046875
0 0.90390625 0.8890625 0.0515625 0.08359375
0 0.834375 0.6109375 0.02890625 0.0515625
0 0.67421875 0.51484375 0.02578125 0.04921875
0 0.70703125 0.390625 0.0171875 0.028125
0 0.75390625 0.92890625 0.05390625 0.103125
0 0.734375 0.40625 0.0171875 0.02578125
0 0.796875 0.4171875 0.0203125 0.03046875
0 0.07890625 0.3765625 0.01875 0.03046875
0 0.77890625 0.534375 0.02734375 0.03203125
0 0.08125 0.496875 0.0171875 0.03046875
0 0.228125 0.47109375 0.01875 0.03046875
0 0.35625 0.21171875 0.02109375 0.03671875
0 0.4359375 0.7578125 0.04609375 0.075
0 0.01796875 0.49453125 0.0296875 0.04296875
0 0.30546875 0.47109375 0.0203125 0.02578125
0 0.765625 0.503125 0.02578125 0.034375
0 0.77109375 0.41484375 0.015625 0.03046875
0 0.87265625 0.56640625 0.03125 0.0453125
0 0.634375 0.459375 0.02578125 0.040625
0 0.00625 0.565625 0.0125 0.0390625
0 0.89921875 0.43125 0.02109375 0.03671875
0 0.428125 0.534375 0.02421875 0.040625
0 0.85390625 0.50859375 0.02578125 0.040625
0 0.06796875 0.47109375 0.01875 0.03046875
0 0.84609375 0.65703125 0.02734375 0.040625
0 0.309375 0.4421875 0.01875 0.03203125
0 0.87734375 0.525 0.02890625 0.04296875
0 0.3390625 0.4453125 0.02109375 0.03046875
0 0.9921875 0.5234375 0.0125 0.05390625
0 0.009375 0.4625 0.01875 0.03046875
0 0.10078125 0.3828125 0.015625 0.02578125
0 0.92421875 0.64609375 0.034375 0.04921875
0 0.99453125 0.60078125 0.00859375 0.05390625