0 0.5171875 0.940625 0.1 0.096875
0 0.7828125 0.49140625 0.0796875 0.1359375
0 0.61015625 0.378125 0.0796875 0.1328125
0 0.3359375 0.61796875 0.09765625 0.1609375
0 0.64375 0.69375 0.0921875 0.15390625
0 0.70234375 0.1609375 0.0796875 0.12890625
0 0.6984375 0.353125 0.0921875 0.146875
0 0.0765625 0.30078125 0.0828125 0.12890625
0 0.8375 0.71875 0.0953125 0.15390625
0 0.59609375 0.22578125 0.07734375 0.1359375
0 0.1359375 0.19140625 0.07265625 0.12578125
0 0.4234375 0.55703125 0.0921875 0.15390625
0 0.09375 0.04140625 0.0625 0.0828125
0 0.36640625 0.21875 0.0828125 0.1359375
0 0.9609375 0.36171875 0.07265625 0.12890625
0 0.2390625 0.36171875 0.0921875 0.1359375
0 0.85234375 0.45546875 0.075 0.1359375
0 0.51640625 0.4125 0.0921875 0.1359375
0 0.19375 0.0984375 0.0671875 0.11796875
0 0.84765625 0.31015625 0.08515625 0.13984375
0 0.7359375 0.059375 0.0921875 0.11796875
0 0.4625 0.0984375 0.0703125 0.11796875
0 0.1953125 0.75078125 0.1 0.1609375
0 0.07109375 0.4625 0.0921875 0.14375
0 0.89140625 0.034375 0.0671875 0.06796875
0 0.6421875 0.92109375 0.11015625 0.12890625
0 0.97265625 0.1953125 0.05 0.13984375
0 0.8171875 0.19375 0.08984375 0.121875
0 0.02265625 0.109375 0.0453125 0.12578125
0 0.0890625 0.9046875 0.1421875 0.1609375
0 0.89140625 0.9390625 0.1171875 0.09296875
0 0.97734375 0.4890625 0.03984375 0.1328125