0 0.1828125 0.43671875 0.040625 0.0640625
0 0.1265625 0.3375 0.04765625 0.06796875
0 0.96953125 0.671875 0.05859375 0.09140625
0 0.1515625 0.8109375 0.06875 0.08828125
0 0.89609375 0.625 0.07109375 0.08828125
0 0.7140625 0.6328125 0.06953125 0.09921875
0 0.215625 0.85 0.0515625 0.08046875
0 0.90546875 0.12421875 0.01875 0.0296875
0 0.77109375 0.03046875 0.01640625 0.025
0 0.79375 0.84296875 0.071875 0.1
0 0.42421875 0.09375 0.02265625 0.03125
0 0.98671875 0.14765625 0.0203125 0.0296875
0 0.5828125 0.128125 0.021875 0.0375
0 0.81328125 0.0296875 0.01953125 0.0296875
0 0.76484375 0.12421875 0.0171875 0.0296875
0 0.734375 0.12421875 0.0171875 0.0296875
0 0.94296875 0.13515625 0.0203125 0.02890625
0 0.75703125 0.20703125 0.02265625 0.03125
0 0.665625 0.06640625 0.01640625 0.02578125
0 0.9265625 0.18125 0.01953125 0.02578125
0 0.16171875 0.0921875 0.0265625 0.0390625