0 0.36015625 0.1 0.0265625 0.04296875
0 0.1515625 0.29921875 0.04609375 0.0625
0 0.4546875 0.1640625 0.03125 0.05234375
0 0.59296875 0.35625 0.04375 0.06875
0 0.37578125 0.04921875 0.02421875 0.0390625
0 0.2 0.025 0.02421875 0.03125
0 0.346875 0.19375 0.0359375 0.0546875
0 0.5796875 0.1390625 0.0296875 0.05078125
0 0.6828125 0.175 0.0375 0.0609375
0 0.67109375 0.11875 0.0359375 0.05078125
0 0.1640625 0.2265625 0.040625 0.05703125
0 0.30546875 0.08046875 0.028125 0.0390625
0 0.603125 0.2234375 0.03515625 0.05859375
0 0.30546875 0.1546875 0.034375 0.04921875
0 0.41640625 0.3515625 0.0421875 0.06796875
0 0.884375 0.05625 0.034375 0.05859375
0 0.9125 0.34453125 0.059375 0.0765625
0 0.60234375 0.06875 0.03125 0.05078125
0 0.65390625 0.021875 0.0296875 0.04375
0 0.15859375 0.45546875 0.05 0.0703125
0 0.565625 0.275 0.0375 0.0625
0 0.9265625 0.06953125 0.0390625 0.0609375
0 0.26796875 0.05390625 0.0265625 0.03515625
0 0.18125 0.7859375 0.08125 0.12109375
0 0.3703125 0.6140625 0.0625 0.0921875
0 0.040625 0.471875 0.05078125 0.071875
0 0.31484375 0.0171875 0.02421875 0.03359375
0 0.0171875 0.14296875 0.0328125 0.04453125
0 0.7421875 0.03203125 0.03125 0.053125
0 0.05625 0.025 0.02421875 0.03671875
0 0.84453125 0.65 0.06328125 0.09375
0 0.70859375 0.01796875 0.0265625 0.0359375
0 0.21953125 0.1328125 0.0265625 0.04453125
0 0.4953125 0.06875 0.025 0.04453125
0 0.18828125 0.58125 0.06171875 0.08984375
0 0.7765625 0.03828125 0.03203125 0.05625
0 0.20390625 0.0984375 0.03046875 0.03515625
0 0.98125 0.325 0.0359375 0.0765625
0 0.725 0.8 0.06875 0.11328125
0 0.0921875 0.1140625 0.03046875 0.04296875
0 0.53984375 0.01953125 0.0265625 0.0390625
0 0.2546875 0.31328125 0.053125 0.07421875
0 0.28203125 0.94921875 0.10546875 0.09921875
0 0.478125 0.83046875 0.0765625 0.11171875
0 0.475 0.39375 0.0578125 0.08203125
0 0.25078125 0.15078125 0.0359375 0.05234375
0 0.9734375 0.0265625 0.03984375 0.053125
0 0.471875 0.0359375 0.02421875 0.0375
0 0.0671875 0.2875 0.040625 0.05625
0 0.15859375 0.07578125 0.0265625 0.0390625
0 0.13203125 0.1171875 0.0296875 0.03671875
0 0.1109375 0.08046875 0.028125 0.03671875
0 0.85859375 0.1375 0.0421875 0.0609375
0 0.26796875 0.0921875 0.02421875 0.03359375
0 0.94140625 0.22421875 0.04296875 0.0703125
0 0.059375 0.06875 0.02421875 0.0375
0 0.0140625 0.03046875 0.021875 0.0328125
0 0.43828125 0.01328125 0.0234375 0.02578125
0 0.0484375 0.15 0.0296875 0.0390625
0 0.1015625 0.0375 0.0234375 0.0328125
0 0.43359375 0.0421875 0.0234375 0.03515625
0 0.30234375 0.0515625 0.02265625 0.01953125
0 0.1078125 0.00859375 0.0171875 0.0171875
0 0.03203125 0.18046875 0.03046875 0.025
0 0.9234375 0.0171875 0.0375 0.034375
0 0.08359375 0.0796875 0.02265625 0.0296875
0 0.14921875 0.04296875 0.02265625 0.03125
0 0.5296875 0.56875 0.0765625 0.13125
0 0.3703125 0.00625 0.0234375 0.01171875
0 0.2515625 0.0203125 0.0203125 0.0296875
0 0.20234375 0.05546875 0.02265625 0.0328125