0 0.1515625 0.6125 0.01953125 0.0296875
0 0.64140625 0.50078125 0.01484375 0.025
0 0.83203125 0.50546875 0.015625 0.02578125
0 0.121875 0.6234375 0.02421875 0.03515625
0 0.61015625 0.52421875 0.015625 0.025
0 0.2796875 0.58046875 0.01640625 0.02578125
0 0.30625 0.5046875 0.0125 0.01953125
0 0.79609375 0.54921875 0.01875 0.02578125
0 0.134375 0.50546875 0.01640625 0.01796875
0 0.671875 0.52578125 0.015625 0.02578125
0 0.3734375 0.50703125 0.015625 0.021875
0 0.98515625 0.4609375 0.015625 0.0234375
0 0.8078125 0.50625 0.01640625 0.025
0 0.51796875 0.44375 0.0109375 0.01328125
0 0.40859375 0.5375 0.01484375 0.02109375
0 0.3828125 0.5625 0.015625 0.0234375
0 0.3546875 0.49921875 0.01484375 0.025
0 0.221875 0.4578125 0.0140625 0.0171875
0 0.4046875 0.44453125 0.0109375 0.0140625
0 0.54609375 0.6734375 0.01875 0.025
0 0.8625 0.51328125 0.01484375 0.0234375
0 0.04296875 0.41640625 0.01171875 0.015625
0 0.296875 0.5703125 0.015625 0.02109375
0 0.28359375 0.51796875 0.0125 0.01796875
0 0.190625 0.4046875 0.0109375 0.01328125
0 0.2625 0.59453125 0.01953125 0.0296875
0 0.07734375 0.41015625 0.0109375 0.015625
0 0.29609375 0.4578125 0.01171875 0.0171875
0 0.0296875 0.4546875 0.01171875 0.015625
0 0.17265625 0.51953125 0.015625 0.0234375
0 0.065625 0.41796875 0.0109375 0.01328125
0 0.45546875 0.44296875 0.00859375 0.01328125
0 0.88984375 0.4234375 0.0109375 0.015625
0 0.9328125 0.36640625 0.009375 0.0140625
0 0.27109375 0.44453125 0.0109375 0.0171875
0 0.8421875 0.45390625 0.0125 0.01953125
0 0.1578125 0.4078125 0.0140625 0.01796875
0 0.378125 0.4875 0.0140625 0.0171875
0 0.20546875 0.4546875 0.0125 0.015625
0 0.70390625 0.384375 0.0109375 0.0140625
0 0.43828125 0.43671875 0.009375 0.01171875
0 0.63046875 0.36796875 0.00703125 0.01171875
0 0.290625 0.48046875 0.0125 0.01796875
0 0.38125 0.41640625 0.00859375 0.01015625
0 0.9875 0.36875 0.01171875 0.01796875
0 0.9171875 0.378125 0.009375 0.0140625
0 0.2671875 0.47890625 0.01171875 0.01796875
0 0.78203125 0.378125 0.009375 0.0140625
0 0.10546875 0.428125 0.01171875 0.015625
0 0.4671875 0.45546875 0.009375 0.01328125
0 0.73125 0.38125 0.0078125 0.01328125
0 0.4671875 0.44375 0.00859375 0.01171875
0 0.10625 0.40703125 0.01171875 0.0140625
0 0.90546875 0.43046875 0.0109375 0.0140625
0 0.53203125 0.43125 0.009375 0.01328125
0 0.39375 0.4171875 0.00703125 0.01171875
0 0.15859375 0.53828125 0.01484375 0.021875
0 0.95234375 0.3921875 0.0109375 0.01328125
0 0.99453125 0.43828125 0.00859375 0.01953125