0 0.421875 0.378125 0.0296875 0.04296875
0 0.61640625 0.04765625 0.01484375 0.01953125
0 0.67421875 0.3359375 0.028125 0.04453125
0 0.4640625 0.15546875 0.0171875 0.025
0 0.1625 0.41328125 0.034375 0.05078125
0 0.66875 0.05625 0.0140625 0.0234375
0 0.140625 0.51796875 0.04296875 0.0625
0 0.253125 0.09140625 0.0171875 0.02578125
0 0.70859375 0.0484375 0.0125 0.0234375
0 0.3703125 0.48515625 0.0375 0.0609375
0 0.6078125 0.0953125 0.015625 0.02578125
0 0.765625 0.0171875 0.0140625 0.01953125
0 0.27109375 0.13046875 0.0203125 0.03125
0 0.37890625 0.0921875 0.015625 0.0234375
0 0.571875 0.0453125 0.0125 0.01953125
0 0.071875 0.0875 0.01875 0.02578125
0 0.48828125 0.1328125 0.015625 0.02578125
0 0.33984375 0.1734375 0.0234375 0.03671875
0 0.2875 0.08046875 0.01875 0.02578125
0 0.61171875 0.73671875 0.03984375 0.06796875
0 0.528125 0.0765625 0.0125 0.021875
0 0.11171875 0.44296875 0.04765625 0.05703125
0 0.0734375 0.2640625 0.0265625 0.04140625
0 0.03515625 0.90546875 0.0703125 0.11328125
0 0.8078125 0.128125 0.01953125 0.025
0 0.72265625 0.009375 0.0140625 0.01875
0 0.60859375 0.0203125 0.0125 0.01953125
0 0.63984375 0.03828125 0.01171875 0.01953125
0 0.796875 0.0140625 0.0140625 0.0234375
0 0.559375 0.1140625 0.01484375 0.021875
0 0.23125 0.075 0.01640625 0.025
0 0.78125 0.0171875 0.0140625 0.01953125
0 0.82734375 0.11796875 0.01640625 0.025
0 0.478125 0.01953125 0.01171875 0.02109375
0 0.64296875 0.0078125 0.0125 0.015625
0 0.53984375 0.02265625 0.01171875 0.0171875
0 0.67109375 0.00859375 0.0125 0.0171875
0 0.8265625 0.02890625 0.0140625 0.0234375
0 0.69609375 0.00703125 0.0140625 0.0140625
0 0.21953125 0.91328125 0.05078125 0.0765625
0 0.01484375 0.2 0.01875 0.025
0 0.50625 0.0140625 0.0109375 0.0171875
0 0.528125 0.01875 0.0125 0.0140625
0 0.55390625 0.0921875 0.0140625 0.01953125
0 0.5125 0.05625 0.01171875 0.01953125
0 0.8765625 0.0140625 0.01484375 0.021875
0 0.2953125 0.8171875 0.0421875 0.0640625
0 0.84375 0.01875 0.0140625 0.01953125
0 0.8953125 0.0078125 0.0140625 0.015625
0 0.51953125 0.00625 0.009375 0.01171875
0 0.55703125 0.0296875 0.0109375 0.01796875
0 0.4890625 0.07578125 0.0140625 0.01796875
0 0.75078125 0.0171875 0.015625 0.0234375
0 0.0359375 0.06328125 0.0171875 0.0296875
0 0.85234375 0.00625 0.0140625 0.0125
0 0.10390625 0.35625 0.034375 0.0484375
0 0.5828125 0.04765625 0.01171875 0.01953125
0 0.809375 0.0421875 0.0140625 0.01953125
0 0.1171875 0.31171875 0.025 0.0328125
0 0.82890625 0.00546875 0.0140625 0.01015625
0 0.42109375 0.0171875 0.01171875 0.01796875
0 0.4109375 0.1109375 0.01484375 0.01953125
0 0.52109375 0.03515625 0.0109375 0.015625