1 0.2765625 0.8546875 0.10859375 0.10234375
1 0.275 0.9 0.20390625 0.19453125
1 0.6921875 0.821875 0.084375 0.09765625
1 0.03359375 0.771875 0.06171875 0.06875
1 0.49921875 0.53203125 0.99375 0.92265625
1 0.18828125 0.703125 0.084375 0.0796875
1 0.76796875 0.88203125 0.1171875 0.11328125
1 0.46484375 0.925 0.07890625 0.08203125
1 0.3671875 0.67421875 0.0671875 0.07890625
1 0.89453125 0.9359375 0.11796875 0.1203125
1 0.790625 0.7671875 0.090625 0.0984375
1 0.5703125 0.234375 0.0359375 0.03515625
1 0.4953125 0.8328125 0.09375 0.10078125
1 0.6 0.9125 0.08046875 0.08515625
1 0.19609375 0.8265625 0.16015625 0.32890625
1 0.22890625 0.58203125 0.0546875 0.0609375
1 0.12109375 0.65390625 0.05234375 0.0578125
1 0.7734375 0.8984375 0.07421875 0.07421875
1 0.60234375 0.7640625 0.06953125 0.0796875
1 0.05859375 0.86640625 0.1140625 0.2578125
1 0.3640625 0.784375 0.08359375 0.08671875
1 0.48125 0.6125 0.053125 0.06328125
1 0.76796875 0.9109375 0.1671875 0.17109375
1 0.3078125 0.6078125 0.06875 0.06875
1 0.27109375 0.878125 0.07421875 0.0546875
1 0.9328125 0.784375 0.10703125 0.096875
1 0.6578125 0.45703125 0.0390625 0.0484375
1 0.38984375 0.52265625 0.0453125 0.04375
1 0.8375 0.4546875 0.040625 0.046875
1 0.0953125 0.740625 0.0515625 0.065625
1 0.57578125 0.5125 0.06484375 0.0765625
1 0.79765625 0.61171875 0.065625 0.065625
1 0.853125 0.67109375 0.07578125 0.08203125
1 0.1328125 0.7515625 0.05234375 0.06171875
1 0.56953125 0.58671875 0.0625 0.059375
1 0.3703125 0.8671875 0.1171875 0.2515625
1 0.4453125 0.721875 0.08671875 0.08125
1 0.2984375 0.4625 0.04453125 0.04296875
1 0.5671875 0.54140625 0.103125 0.13359375
1 0.51796875 0.9640625 0.08671875 0.06640625
1 0.80625 0.809375 0.1359375 0.18359375
1 0.94375 0.615625 0.0671875 0.071875
1 0.7421875 0.5875 0.06484375 0.071875
1 0.58984375 0.8578125 0.07578125 0.07109375
1 0.871875 0.5515625 0.05625 0.0515625
1 0.40859375 0.63671875 0.0578125 0.06875
1 0.14921875 0.60546875 0.05234375 0.05078125
1 0.10703125 0.46796875 0.0453125 0.0484375
1 0.54921875 0.6828125 0.0703125 0.078125
1 0.6953125 0.79765625 0.08046875 0.05078125
1 0.59609375 0.45625 0.040625 0.04375
1 0.06875 0.66640625 0.05234375 0.05546875
1 0.20078125 0.5359375 0.05078125 0.06640625
1 0.22109375 0.64921875 0.05859375 0.0515625
1 0.77265625 0.51015625 0.0453125 0.05
1 0.759375 0.65859375 0.065625 0.065625
1 0.68828125 0.86640625 0.103125 0.18828125
1 0.0484375 0.621875 0.05234375 0.06328125
1 0.79765625 0.553125 0.0625 0.065625
1 0.93515625 0.83515625 0.121875 0.1953125
1 0.43359375 0.53515625 0.04765625 0.046875
1 0.309375 0.6765625 0.06640625 0.0734375
1 0.49921875 0.53984375 0.040625 0.05078125
1 0.32109375 0.76875 0.06953125 0.0796875
1 0.39609375 0.43984375 0.04609375 0.05
1 0.3578125 0.440625 0.0359375 0.040625
1 0.7140625 0.728125 0.0796875 0.0734375
1 0.11328125 0.40625 0.03515625 0.04296875
1 0.64296875 0.509375 0.0421875 0.04609375
1 0.57578125 0.30703125 0.07265625 0.18046875
1 0.54765625 0.4765625 0.04921875 0.05625
1 0.409375 0.5828125 0.05625 0.053125
1 0.45390625 0.50234375 0.03828125 0.03984375
1 0.49296875 0.47265625 0.04453125 0.0453125
1 0.35390625 0.80390625 0.05859375 0.04765625
1 0.9640625 0.7125 0.0671875 0.07890625
1 0.63828125 0.5796875 0.06171875 0.065625
1 0.68515625 0.48359375 0.0390625 0.040625
1 0.20390625 0.453125 0.03828125 0.03515625
1 0.06015625 0.575 0.05546875 0.05546875
1 0.12265625 0.509375 0.04921875 0.04375
1 0.66484375 0.76875 0.08359375 0.0859375
1 0.83984375 0.403125 0.0375 0.04375
1 0.23515625 0.61171875 0.090625 0.1203125
1 0.3703125 0.61640625 0.04921875 0.05078125
1 0.51796875 0.6515625 0.05234375 0.05546875
1 0.303125 0.6390625 0.08984375 0.13359375
1 0.71640625 0.9859375 0.0796875 0.02421875
1 0.37734375 0.5640625 0.0515625 0.0546875
1 0.2453125 0.5015625 0.0453125 0.04765625
1 0.68359375 0.83984375 0.0625 0.0609375
1 0.80625 0.48359375 0.04140625 0.046875
1 0.96015625 0.478125 0.0453125 0.04609375
1 0.57890625 0.25859375 0.06484375 0.084375
1 0.87421875 0.4578125 0.0421875 0.0453125
1 0.49765625 0.20234375 0.0359375 0.034375
1 0.3046875 0.50703125 0.0484375 0.04375
1 0.5890625 0.971875 0.12421875 0.0515625
1 0.67890625 0.42890625 0.0390625 0.05390625
1 0.04375 0.4890625 0.04140625 0.0421875
1 0.93359375 0.80390625 0.06484375 0.05390625
1 0.42578125 0.46875 0.0484375 0.0484375
1 0.76640625 0.4390625 0.0375 0.0359375
1 0.640625 0.67890625 0.0796875 0.075
1 0.82265625 0.72890625 0.07421875 0.08125
1 0.5390625 0.7734375 0.0734375 0.0625
1 0.61171875 0.534375 0.0421875 0.04765625
1 0.01484375 0.55546875 0.0296875 0.0578125
1 0.18671875 0.71796875 0.059375 0.04375
1 0.9140625 0.459375 0.04453125 0.046875
1 0.71015625 0.51875 0.053125 0.04296875
1 0.8484375 0.5328125 0.04765625 0.05078125
1 0.49765625 0.24765625 0.040625 0.03203125
1 0.8953125 0.396875 0.03515625 0.03984375
1 0.69375 0.5765625 0.0421875 0.05
1 0.5625 0.09453125 0.03203125 0.0390625
1 0.73515625 0.4828125 0.04140625 0.04609375
1 0.48671875 0.44609375 0.0421875 0.0421875
1 0.78671875 0.79140625 0.06328125 0.04765625
1 0.8890625 0.50625 0.06484375 0.053125
1 0.7234375 0.43203125 0.040625 0.04375
1 0.43984375 0.7359375 0.05234375 0.04765625
1 0.34609375 0.53203125 0.05234375 0.0515625
1 0.3046875 0.61640625 0.0515625 0.0453125
1 0.88984375 0.96484375 0.07421875 0.05859375
1 0.4921875 0.8515625 0.0625 0.05859375
1 0.15859375 0.4359375 0.0359375 0.040625
1 0.59765625 0.93203125 0.1203125 0.12578125