0 0.93828125 0.10078125 0.028125 0.04296875
0 0.46953125 0.0546875 0.02265625 0.03671875
0 0.3078125 0.57421875 0.0984375 0.13046875
0 0.7359375 0.16171875 0.03515625 0.04921875
0 0.69375 0.23203125 0.034375 0.05234375
0 0.40703125 0.0484375 0.025 0.0375
0 0.38125 0.01484375 0.0203125 0.0296875
0 0.290625 0.1234375 0.03046875 0.04453125
0 0.31875 0.04921875 0.02421875 0.03671875
0 0.36484375 0.06875 0.0265625 0.04140625
0 0.4921875 0.0234375 0.021875 0.03359375
0 0.884375 0.10625 0.03125 0.0484375
0 0.63984375 0.11875 0.0265625 0.0390625
0 0.734375 0.01875 0.021875 0.0328125
0 0.7234375 0.41171875 0.04609375 0.06796875
0 0.5453125 0.2984375 0.0453125 0.06015625
0 0.78828125 0.04375 0.0234375 0.0375
0 0.246875 0.06796875 0.0265625 0.04140625
0 0.853125 0.15703125 0.0359375 0.05078125
0 0.7703125 0.31171875 0.03984375 0.05078125
0 0.446875 0.38125 0.03828125 0.0625
0 0.915625 0.2859375 0.0390625 0.0609375
0 0.915625 0.15 0.028125 0.04453125
0 0.80390625 0.22578125 0.0328125 0.053125
0 0.50078125 0.5984375 0.0578125 0.08984375
0 0.8109375 0.05703125 0.0234375 0.03671875
0 0.95 0.2484375 0.0375 0.05234375
0 0.915625 0.03828125 0.02734375 0.03515625
0 0.2359375 0.2515625 0.0375 0.06015625
0 0.746875 0.10078125 0.0328125 0.0484375
0 0.9640625 0.0203125 0.0296875 0.040625
0 0.54296875 0.01796875 0.0234375 0.0359375
0 0.54375 0.109375 0.0265625 0.04140625
0 0.1796875 0.0140625 0.021875 0.028125
0 0.0609375 0.06171875 0.028125 0.0375
0 0.4328125 0.1265625 0.028125 0.046875
0 0.5984375 0.0328125 0.0234375 0.0390625
0 0.09453125 0.05625 0.02734375 0.040625
0 0.690625 0.06328125 0.025 0.0375
0 0.9859375 0.3921875 0.025 0.07421875
0 0.6203125 0.565625 0.05859375 0.084375
0 0.5046875 0.446875 0.059375 0.08203125
0 0.38125 0.76171875 0.0734375 0.125
0 0.21953125 0.00703125 0.02265625 0.0140625
0 0.571875 0.3671875 0.0453125 0.0625
0 0.99296875 0.1625 0.0125 0.04921875
0 0.01015625 0.06875 0.0203125 0.04296875
0 0.29609375 0.00625 0.0203125 0.01171875
0 0.778125 0.0125 0.0234375 0.025
0 0.5765625 0.0265625 0.0203125 0.0328125
0 0.31953125 0.1078125 0.02734375 0.04296875
0 0.09453125 0.00625 0.0234375 0.01171875
0 0.8046875 0.01640625 0.0234375 0.0328125
0 0.00625 0.021875 0.01171875 0.0390625
0 0.1546875 0.0078125 0.0171875 0.015625
0 0.56328125 0.00625 0.01875 0.01171875