0 0.5109375 0.2234375 0.040625 0.05859375
0 0.60078125 0.2421875 0.0296875 0.04921875
0 0.52578125 0.16015625 0.034375 0.05234375
0 0.684375 0.196875 0.03046875 0.05078125
0 0.7171875 0.2734375 0.04765625 0.06796875
0 0.446875 0.0671875 0.028125 0.04296875
0 0.83359375 0.01796875 0.0265625 0.0359375
0 0.609375 0.06171875 0.02734375 0.04296875
0 0.35 0.4640625 0.05 0.06640625
0 0.3078125 0.0125 0.0171875 0.025
0 0.4578125 0.13828125 0.0234375 0.0390625
0 0.3546875 0.3359375 0.040625 0.05703125
0 0.29375 0.0453125 0.01875 0.0296875
0 0.3765625 0.1421875 0.028125 0.04453125
0 0.25703125 0.04765625 0.0171875 0.025
0 0.371875 0.23671875 0.0296875 0.04453125
0 0.071875 0.5875 0.0609375 0.0921875
0 0.88046875 0.08671875 0.0359375 0.05078125
0 0.95234375 0.1234375 0.03515625 0.05859375
0 0.6828125 0.0125 0.02421875 0.025
0 0.1484375 0.04140625 0.01953125 0.0234375
0 0.75078125 0.19453125 0.0421875 0.0609375
0 0.728125 0.0203125 0.02734375 0.0375
0 0.2171875 0.63125 0.071875 0.0875
0 0.20625 0.10625 0.0203125 0.0328125
0 0.93046875 0.3640625 0.0484375 0.06875
0 0.12578125 0.0390625 0.01875 0.02578125
0 0.26796875 0.02890625 0.01484375 0.02109375
0 0.23359375 0.06640625 0.01640625 0.02578125
0 0.07734375 0.04921875 0.01875 0.02578125
0 0.81875 0.1625 0.028125 0.0375
0 0.1875 0.009375 0.015625 0.01875
0 0.00625 0.128125 0.0125 0.025
0 0.5984375 0.00859375 0.02265625 0.0171875
0 0.2140625 0.0515625 0.015625 0.021875
0 0.1515625 0.0796875 0.01875 0.025
0 0.25390625 0.1296875 0.0234375 0.03515625
0 0.06640625 0.13515625 0.015625 0.02109375
0 0.18046875 0.046875 0.01640625 0.0234375
0 0.9890625 0.28515625 0.0203125 0.07578125
0 0.04375 0.11875 0.02265625 0.02734375
0 0.36484375 0.00625 0.01875 0.01171875
0 0.72578125 0.05625 0.025 0.0390625
0 0.075 0.1609375 0.01875 0.02734375
0 0.99453125 0.1 0.00859375 0.05703125
0 0.975 0.85625 0.04765625 0.10546875
0 0.2453125 0.0078125 0.015625 0.015625