1 0.7140625 0.71015625 0.071875 0.22109375
1 0.71640625 0.62265625 0.03125 0.0421875
1 0.25546875 0.6625 0.0328125 0.0421875
1 0.221875 0.81328125 0.02890625 0.04375
1 0.4984375 0.51015625 0.98984375 0.95078125
1 0.3265625 0.71484375 0.02890625 0.03671875
1 0.33828125 0.63046875 0.02265625 0.03984375
1 0.071875 0.85546875 0.0375 0.04765625
1 0.515625 0.54921875 0.025 0.034375
1 0.59609375 0.53125 0.02265625 0.03125
1 0.12578125 0.8015625 0.0328125 0.04609375
1 0.39296875 0.684375 0.0265625 0.04609375
1 0.4890625 0.60078125 0.025 0.034375
1 0.07734375 0.8984375 0.04140625 0.04609375
1 0.15 0.88125 0.03515625 0.04375
1 0.07578125 0.79609375 0.03359375 0.04921875
1 0.2046875 0.7171875 0.03125 0.03828125
1 0.4921875 0.6296875 0.05546875 0.08984375
1 0.31484375 0.5578125 0.0265625 0.0328125
1 0.6234375 0.528125 0.02421875 0.0328125
1 0.07265625 0.73984375 0.03046875 0.0421875
1 0.2609375 0.7359375 0.0640625 0.1921875
1 0.43046875 0.63359375 0.0328125 0.06015625
1 0.29296875 0.60703125 0.02734375 0.03671875
1 0.43125 0.50390625 0.0203125 0.03125
1 0.16953125 0.78125 0.03359375 0.053125
1 0.02109375 0.8484375 0.0375 0.04765625
1 0.22734375 0.85078125 0.08203125 0.12265625
1 0.88203125 0.4453125 0.0375 0.16640625
1 0.12109375 0.6953125 0.03046875 0.03828125
1 0.065625 0.6453125 0.03046875 0.03984375
1 0.66953125 0.56484375 0.04296875 0.128125
1 0.8890625 0.378125 0.0203125 0.0328125
1 0.10703125 0.625 0.025 0.0328125
1 0.38359375 0.646875 0.05 0.13125
1 0.471875 0.5765625 0.025 0.034375
1 0.14140625 0.64140625 0.02421875 0.03671875
1 0.275 0.440625 0.01875 0.02578125
1 0.45078125 0.53046875 0.02109375 0.0328125
1 0.159375 0.6609375 0.0265625 0.034375
1 0.26875 0.62890625 0.0265625 0.03671875
1 0.13046875 0.740625 0.03359375 0.04375
1 0.2015625 0.66015625 0.03046875 0.03671875
1 0.66640625 0.515625 0.01875 0.02578125
1 0.03359375 0.73671875 0.03125 0.04375
1 0.596875 0.603125 0.02109375 0.0328125
1 0.41796875 0.465625 0.02109375 0.02734375
1 0.59296875 0.47734375 0.02109375 0.0328125
1 0.178125 0.58515625 0.02421875 0.03671875
1 0.46875 0.49296875 0.02421875 0.03125
1 0.05 0.54453125 0.02265625 0.0328125
1 0.38515625 0.59609375 0.025 0.0328125
1 0.71171875 0.43125 0.01796875 0.02578125
1 0.52890625 0.515625 0.02421875 0.0328125
1 0.1046875 0.49609375 0.02109375 0.03125
1 0.71015625 0.47265625 0.03359375 0.1078125
1 0.02109375 0.97421875 0.04140625 0.04375
1 0.09765625 0.5765625 0.02421875 0.03125
1 0.4859375 0.52265625 0.02109375 0.0328125
1 0.01484375 0.89609375 0.0296875 0.0453125
1 0.2578125 0.59140625 0.0203125 0.03125
1 0.2046875 0.6328125 0.0265625 0.0328125
1 0.08515625 0.70078125 0.02890625 0.0421875
1 0.54375 0.5875 0.02421875 0.03828125
1 0.57578125 0.46640625 0.0203125 0.02578125
1 0.015625 0.65703125 0.02890625 0.0421875
1 0.21484375 0.76328125 0.05546875 0.13359375
1 0.40703125 0.58125 0.02421875 0.0328125
1 0.21171875 0.5515625 0.02421875 0.03828125
1 0.32421875 0.50390625 0.01875 0.03125
1 0.94921875 0.278125 0.01640625 0.02578125
1 0.1296875 0.52578125 0.02265625 0.03125
1 0.04609375 0.4765625 0.02109375 0.034375
1 0.596875 0.5515625 0.03359375 0.075
1 0.603125 0.446875 0.02421875 0.034375
1 0.359375 0.4515625 0.0203125 0.02578125
1 0.5015625 0.49453125 0.02265625 0.03125
1 0.07421875 0.4875 0.0203125 0.02734375
1 0.3375 0.6578125 0.04140625 0.0984375
1 0.340625 0.4296875 0.01796875 0.02578125
1 0.55625 0.56875 0.02421875 0.03671875
1 0.16875 0.55703125 0.02265625 0.03125
1 0.51640625 0.5796875 0.03671875 0.0953125
1 0.08125 0.934375 0.06640625 0.1203125
1 0.14921875 0.709375 0.02890625 0.03671875
1 0.446875 0.44765625 0.02109375 0.02578125
1 0.203125 0.61875 0.0765625 0.1078125
1 0.4046875 0.4203125 0.01875 0.02578125
1 0.55078125 0.46796875 0.02265625 0.0328125
1 0.553125 0.428125 0.02109375 0.02890625
1 0.15859375 0.678125 0.0453125 0.0765625
1 0.140625 0.4359375 0.01796875 0.02734375
1 0.47265625 0.44609375 0.02109375 0.0328125
1 0.1921875 0.6015625 0.02421875 0.0328125
1 0.8890625 0.3796875 0.02890625 0.04609375
1 0.1359375 0.57421875 0.03046875 0.04765625
1 0.31796875 0.5796875 0.0390625 0.08046875
1 0.46328125 0.37734375 0.0203125 0.02734375
1 0.0875 0.4671875 0.02109375 0.02734375
1 0.62265625 0.5859375 0.0203125 0.03125
1 0.56484375 0.52578125 0.02265625 0.03125
1 0.00859375 0.76171875 0.0171875 0.0390625
1 0.359375 0.4890625 0.02109375 0.03125
1 0.06015625 0.575 0.05 0.096875
1 0.50703125 0.46875 0.02265625 0.03125
1 0.19140625 0.509375 0.0203125 0.03125
1 0.484375 0.8125 0.4578125 0.36015625
1 0.37578125 0.46953125 0.0203125 0.02890625
1 0.15625 0.9015625 0.05625 0.0875
1 0.62265625 0.52890625 0.0328125 0.04921875
1 0.06015625 0.44765625 0.0203125 0.02890625
1 0.540625 0.61953125 0.05390625 0.0984375
1 0.3625 0.53046875 0.0375 0.109375
1 0.43125 0.57734375 0.02734375 0.03984375
1 0.9890625 0.30703125 0.01796875 0.02578125
1 0.48203125 0.37734375 0.02109375 0.0234375
1 0.3078125 0.4765625 0.0265625 0.034375
1 0.5984375 0.61484375 0.04375 0.05703125
1 0.20625 0.68828125 0.04765625 0.09296875
1 0.1796875 0.81640625 0.06015625 0.12578125
1 0.5078125 0.52109375 0.02890625 0.03671875
1 0.30078125 0.665625 0.04765625 0.15390625
1 0.71796875 0.715625 0.11796875 0.27265625