0 0.18828125 0.5375 0.0375 0.0546875
0 0.365625 0.56875 0.03203125 0.04921875
0 0.32734375 0.575 0.03828125 0.05625
0 0.603125 0.50703125 0.03125 0.0484375
0 0.76796875 0.1515625 0.01875 0.025
0 0.9609375 0.3515625 0.0375 0.05234375
0 0.69453125 0.165625 0.0171875 0.02734375
0 0.57734375 0.3078125 0.02265625 0.03515625
0 0.690625 0.525 0.03984375 0.05703125
0 0.36484375 0.25703125 0.0203125 0.0296875
0 0.2421875 0.1484375 0.0140625 0.01796875
0 0.49375 0.31875 0.0234375 0.0375
0 0.53828125 0.3421875 0.0234375 0.03515625
0 0.44375 0.259375 0.01640625 0.02734375
0 0.23984375 0.2046875 0.01875 0.02890625
0 0.50390625 0.159375 0.0140625 0.01953125
0 0.3109375 0.1515625 0.015625 0.021875
0 0.71796875 0.16796875 0.01875 0.03125
0 0.20546875 0.11640625 0.0125 0.01953125
0 0.03515625 0.3171875 0.021875 0.0296875
0 0.84453125 0.0375 0.0140625 0.01953125
0 0.3796875 0.15078125 0.01484375 0.01796875
0 0.85625 0.12890625 0.01484375 0.0234375
0 0.3640625 0.13515625 0.0140625 0.02109375
0 0.0453125 0.1671875 0.015625 0.01953125
0 0.41015625 0.25390625 0.0234375 0.03125
0 0.89453125 0.19765625 0.021875 0.02890625
0 0.91875 0.01796875 0.0140625 0.01796875
0 0.4484375 0.1546875 0.015625 0.0234375
0 0.15703125 0.15 0.0140625 0.01953125
0 0.9625 0.6828125 0.05859375 0.0796875
0 0.15546875 0.228125 0.0171875 0.02734375
0 0.80859375 0.05625 0.0140625 0.01796875
0 0.88125 0.15 0.01875 0.02734375
0 0.2796875 0.1640625 0.01484375 0.0234375
0 0.3421875 0.15 0.01484375 0.021875
0 0.14453125 0.16796875 0.015625 0.01796875
0 0.99375 0.06796875 0.009375 0.0234375
0 0.17109375 0.1140625 0.0125 0.01953125
0 0.1078125 0.14375 0.0140625 0.0140625
0 0.190625 0.190625 0.01640625 0.021875
0 0.571875 0.08046875 0.0140625 0.01796875
0 0.89296875 0.01875 0.0125 0.0171875
0 0.8796875 0.10546875 0.01640625 0.02578125
0 0.53984375 0.1109375 0.0140625 0.01953125
0 0.228125 0.134375 0.0125 0.0171875
0 0.009375 0.38515625 0.01875 0.03671875
0 0.78203125 0.0984375 0.01171875 0.0171875
0 0.7453125 0.11640625 0.015625 0.01953125
0 0.76640625 0.18125 0.0171875 0.02734375
0 0.86875 0.03125 0.0140625 0.01796875
0 0.5265625 0.08515625 0.01171875 0.01953125
0 0.06953125 0.1515625 0.01171875 0.0171875
0 0.33359375 0.0703125 0.0109375 0.015625
0 0.50390625 0.0765625 0.01171875 0.0171875
0 0.69140625 0.11015625 0.0140625 0.01953125
0 0.60625 0.32890625 0.02265625 0.0328125
0 0.9796875 0.096875 0.015625 0.021875
0 0.2234375 0.18046875 0.01484375 0.01953125
0 0.03828125 0.14453125 0.01171875 0.01796875
0 0.8078125 0.00625 0.0125 0.01171875
0 0.0296875 0.10625 0.01171875 0.0140625
0 0.9890625 0.14453125 0.015625 0.0234375
0 0.603125 0.05625 0.01171875 0.01796875
0 0.04375 0.10390625 0.0109375 0.015625
0 0.7078125 0.03203125 0.01171875 0.01953125
0 0.6109375 0.0875 0.0140625 0.01953125
0 0.68125 0.040625 0.0125 0.0171875
0 0.6796875 0.14921875 0.015625 0.025
0 0.54453125 0.01953125 0.0109375 0.015625
0 0.63125 0.1296875 0.0125 0.01953125
0 0.82890625 0.0921875 0.0140625 0.02109375
0 0.5578125 0.04453125 0.0109375 0.015625
0 0.9046875 0.04140625 0.01484375 0.02109375
0 0.69453125 0.0328125 0.01171875 0.01796875
0 0.85625 0.00625 0.0109375 0.01171875
0 0.20703125 0.13828125 0.0140625 0.01796875
0 0.1109375 0.1625 0.01484375 0.02109375
0 0.4953125 0.05625 0.0109375 0.0171875
0 0.81875 0.0421875 0.0125 0.01953125
0 0.190625 0.1234375 0.0140625 0.0171875
0 0.92109375 0.05703125 0.01484375 0.0234375
0 0.94140625 0.0203125 0.01171875 0.0171875
0 0.98125 0.06875 0.0140625 0.02109375
0 0.75234375 0.00625 0.0125 0.01171875
0 0.7828125 0.00625 0.0125 0.0125
0 0.7171875 0.08828125 0.0125 0.02109375
0 0.7203125 0.00625 0.0140625 0.01171875
0 0.83046875 0.0171875 0.0109375 0.0171875
0 0.6515625 0.0796875 0.0140625 0.0234375
0 0.56875 0.00625 0.0109375 0.01171875
0 0.10625 0.10625 0.0109375 0.0140625
0 0.5296875 0.0296875 0.009375 0.0140625
0 0.5921875 0.0171875 0.009375 0.015625
0 0.69453125 0.00625 0.01171875 0.01171875
0 0.946875 0.065625 0.015625 0.021875
0 0.89296875 0.00546875 0.0125 0.01015625
0 0.57734375 0.04375 0.0109375 0.0140625
0 0.38515625 0.0640625 0.0109375 0.015625
0 0.43125 0.0296875 0.00703125 0.01328125
0 0.94453125 0.1578125 0.021875 0.0234375
0 0.059375 0.31875 0.0203125 0.025
0 0.18046875 0.05625 0.00859375 0.01171875
0 0.290625 0.06953125 0.0109375 0.0140625
0 0.2359375 0.0375 0.0078125 0.01171875
0 0.0046875 0.11875 0.009375 0.01328125
0 0.60625 0.0390625 0.009375 0.015625
0 0.06953125 0.10625 0.01171875 0.0140625
0 0.7828125 0.0421875 0.0109375 0.0171875
0 0.1171875 0.0890625 0.009375 0.0140625
0 0.4265625 0.06875 0.009375 0.0171875
0 0.58359375 0.00625 0.0109375 0.01171875
0 0.9125 0.18203125 0.01875 0.02890625
0 0.40546875 0.0171875 0.0078125 0.01171875
0 0.13359375 0.06953125 0.0109375 0.0140625
0 0.4890625 0.03671875 0.00859375 0.01328125
0 0.09453125 0.084375 0.0109375 0.015625
0 0.89296875 0.05 0.0125 0.01953125
0 0.64765625 0.05546875 0.009375 0.0171875
0 0.4046875 0.0875 0.0109375 0.0140625
0 0.5578125 0.0171875 0.009375 0.01328125
0 0.8421875 0.01953125 0.0109375 0.015625
0 0.1125 0.18671875 0.01484375 0.01953125
0 0.28046875 0.0921875 0.0109375 0.0140625
0 0.16875 0.06640625 0.0078125 0.01328125
0 0.9578125 0.04453125 0.0140625 0.01796875
0 0.6453125 0.0296875 0.009375 0.0171875
0 0.9421875 0.04296875 0.0140625 0.01796875
0 0.2625 0.0375 0.00703125 0.01171875
0 0.77109375 0.1140625 0.01640625 0.021875
0 0.36796875 0.01796875 0.00703125 0.01328125
0 0.19453125 0.04296875 0.0078125 0.01328125
0 0.0046875 0.334375 0.00859375 0.03125
0 0.696875 0.05390625 0.0125 0.01953125
0 0.940625 0.109375 0.01640625 0.02109375
0 0.26640625 0.05390625 0.009375 0.01171875
0 0.35625 0.0171875 0.00703125 0.01171875
0 0.91015625 0.1078125 0.0140625 0.01953125
0 0.3875 0.01171875 0.0078125 0.01328125
0 0.41875 0.0171875 0.0078125 0.01171875
0 0.853125 0.0203125 0.01171875 0.0171875
0 0.35546875 0.0453125 0.0078125 0.0140625
0 0.6109375 0.0109375 0.009375 0.0140625
0 0.73359375 0.0796875 0.0140625 0.01796875
0 0.796875 0.09296875 0.0140625 0.025
0 0.27421875 0.025 0.00703125 0.01328125
0 0.0890625 0.29296875 0.01953125 0.02578125
0 0.1203125 0.06875 0.0109375 0.01328125
0 0.62734375 0.0703125 0.0125 0.01796875
0 0.31875 0.0171875 0.00703125 0.01171875
0 0.1546875 0.05546875 0.0078125 0.01171875
0 0.29375 0.0296875 0.00703125 0.01015625
0 0.3359375 0.01171875 0.0078125 0.01328125
0 0.28046875 0.0171875 0.0078125 0.0078125
0 0.51640625 0.04375 0.0109375 0.0140625
0 0.18359375 0.1453125 0.0140625 0.01953125
0 0.2125 0.0375 0.00703125 0.01171875
0 0.4609375 0.0109375 0.0078125 0.0140625
0 0.73671875 0.0078125 0.0109375 0.015625
0 0.30546875 0.01796875 0.00703125 0.0078125
0 0.30546875 0.0296875 0.00703125 0.0078125
0 0.71953125 0.034375 0.0109375 0.01953125
0 0.31796875 0.0734375 0.0109375 0.0140625
0 0.575 0.025 0.0078125 0.01328125
0 0.16328125 0.0375 0.0078125 0.01171875
0 0.34296875 0.0296875 0.0078125 0.01171875
0 0.14140625 0.08515625 0.0109375 0.0140625
0 0.41875 0.04296875 0.0078125 0.01328125