0 0.11015625 0.571875 0.0328125 0.0734375
0 0.67578125 0.8359375 0.059375 0.09921875
0 0.225 0.87578125 0.04921875 0.10234375
0 0.85390625 0.7484375 0.059375 0.09375
0 0.53359375 0.3140625 0.028125 0.05
0 0.2671875 0.41796875 0.03125 0.05859375
0 0.33515625 0.528125 0.0359375 0.0671875
0 0.18046875 0.703125 0.034375 0.0734375
0 0.4125 0.7046875 0.04609375 0.0875
0 0.62109375 0.071875 0.02109375 0.04375
0 0.68359375 0.67421875 0.0578125 0.090625
0 0.50546875 0.6765625 0.04453125 0.0734375
0 0.78359375 0.33046875 0.03125 0.05859375
0 0.659375 0.3234375 0.0296875 0.04375
0 0.09609375 0.365625 0.025 0.040625
0 0.76640625 0.13125 0.02265625 0.046875
0 0.83203125 0.63046875 0.04609375 0.08515625
0 0.42890625 0.48359375 0.03984375 0.0671875
0 0.846875 0.9125 0.0625 0.1109375
0 0.3921875 0.9265625 0.05078125 0.0875
0 0.440625 0.37421875 0.0296875 0.0703125
0 0.6734375 0.49140625 0.03125 0.05234375
0 0.77421875 0.4328125 0.02109375 0.03515625
0 0.5203125 0.609375 0.04453125 0.0671875
0 0.79375 0.38046875 0.03125 0.03515625
0 0.52421875 0.39765625 0.028125 0.0640625
0 0.63046875 0.42578125 0.028125 0.04375
0 0.57578125 0.25546875 0.01640625 0.03828125
0 0.57265625 0.09375 0.01953125 0.046875
0 0.59296875 0.30859375 0.02109375 0.04375
0 0.1234375 0.14609375 0.01640625 0.03515625
0 0.73125 0.13046875 0.01796875 0.03828125
0 0.56171875 0.39765625 0.028125 0.05859375
0 0.73515625 0.2921875 0.02265625 0.03515625
0 0.13828125 0.28515625 0.01953125 0.03828125
0 0.296875 0.653125 0.04453125 0.07890625
0 0.25546875 0.028125 0.01796875 0.04375
0 0.21796875 0.63125 0.04140625 0.08203125
0 0.25546875 0.3671875 0.025 0.04375
0 0.325 0.59375 0.03125 0.05859375
0 0.41171875 0.5703125 0.0375 0.07578125
0 0.38828125 0.0875 0.01640625 0.03515625
0 0.75234375 0.5625 0.028125 0.04375
0 0.6625 0.24140625 0.0265625 0.06171875
0 0.85703125 0.0640625 0.01953125 0.03515625
0 0.14140625 0.55859375 0.02265625 0.05859375
0 0.32265625 0.1609375 0.01953125 0.040625
0 0.8953125 0.19765625 0.025 0.03828125
0 0.67890625 0.5421875 0.0359375 0.05
0 0.4265625 0.2703125 0.02109375 0.04375
0 0.25546875 0.475 0.028125 0.04375
0 0.65546875 0.37265625 0.03125 0.05
0 0.84296875 0.28515625 0.02109375 0.03203125
0 0.90234375 0.24296875 0.028125 0.05859375
0 0.5140625 0.0921875 0.01796875 0.03828125
0 0.43984375 0.14453125 0.02109375 0.04375
0 0.21484375 0.153125 0.01484375 0.03828125
0 0.7453125 0.32890625 0.01640625 0.04375
0 0.56796875 0.02890625 0.01796875 0.02890625
0 0.165625 0.1390625 0.01796875 0.03828125
0 0.6140625 0.13046875 0.02109375 0.05
0 0.3921875 0.26328125 0.025 0.046875
0 0.47109375 0.17421875 0.01796875 0.04375
0 0.54765625 0.865625 0.04296875 0.08203125
0 0.84296875 0.5265625 0.028125 0.046875
0 0.11015625 0.2265625 0.01953125 0.04375
0 0.2640625 0.20625 0.01796875 0.03828125
0 0.28046875 0.815625 0.05390625 0.0875
0 0.18671875 0.2703125 0.02109375 0.04375
0 0.24609375 0.1625 0.01484375 0.03203125
0 0.821875 0.00703125 0.01875 0.0140625
0 0.38828125 0.3140625 0.02265625 0.05
0 0.75625 0.27890625 0.01953125 0.04375
0 0.440625 0.0859375 0.01953125 0.03828125
0 0.11796875 0.46171875 0.025 0.05859375
0 0.43984375 0.19765625 0.025 0.04375
0 0.38125 0.16640625 0.01953125 0.040625
0 0.1375 0.2265625 0.01796875 0.03828125
0 0.7359375 0.23515625 0.028125 0.06171875
0 0.70390625 0.02890625 0.01953125 0.040625
0 0.478125 0.0203125 0.01796875 0.03515625
0 0.12421875 0.66640625 0.034375 0.0640625
0 0.6515625 0.14453125 0.02265625 0.0671875
0 0.228125 0.30078125 0.028125 0.05234375
0 0.34921875 0.37421875 0.03125 0.05859375
0 0.54375 0.44609375 0.028125 0.05
0 0.74140625 0.859375 0.05234375 0.0875
0 0.08671875 0.1140625 0.01796875 0.02890625
0 0.41171875 0.1609375 0.01796875 0.040625
0 0.74921875 0.07890625 0.02109375 0.040625
0 0.18671875 0.03671875 0.01796875 0.03828125
0 0.73125 0.0421875 0.025 0.04375
0 0.53359375 0.75546875 0.04140625 0.06171875
0 0.15234375 0.1828125 0.02109375 0.04375
0 0.290625 0.19609375 0.02109375 0.05234375
0 0.81796875 0.040625 0.02109375 0.040625
0 0.8734375 0.528125 0.0328125 0.05546875
0 0.58515625 0.55078125 0.0296875 0.04375
0 0.22890625 0.4328125 0.0265625 0.0640625
0 0.70390625 0.21015625 0.01953125 0.040625
0 0.61328125 0.01484375 0.01640625 0.02890625
0 0.43046875 0.315625 0.025 0.046875
0 0.75625 0.7703125 0.03984375 0.0734375
0 0.7640625 0.2046875 0.02109375 0.040625
0 0.37734375 0.1171875 0.01796875 0.02890625
0 0.32265625 0.12578125 0.01640625 0.02890625
0 0.08984375 0.1828125 0.01796875 0.03828125
0 0.08671875 0.74140625 0.02109375 0.06171875
0 0.53125 0.065625 0.01953125 0.03203125
0 0.25546875 0.6390625 0.028125 0.0671875
0 0.54765625 0.98359375 0.065625 0.0265625
0 0.3125 0.21796875 0.01953125 0.04375
0 0.16953125 0.359375 0.02265625 0.05234375
0 0.72421875 0.3375 0.025 0.05546875
0 0.1390625 0.77890625 0.034375 0.06171875
0 0.2171875 0.2046875 0.01640625 0.03515625
0 0.34609375 0.05546875 0.01484375 0.02890625
0 0.18359375 0.14609375 0.01796875 0.03515625
0 0.3640625 0.18828125 0.02109375 0.04375
0 0.29765625 0.24140625 0.01953125 0.04375
0 0.17578125 0.62109375 0.0328125 0.0671875
0 0.25 0.53359375 0.0296875 0.0671875
0 0.50546875 0.01484375 0.02109375 0.02890625
0 0.63828125 0.26484375 0.0265625 0.05
0 0.2171875 0.98984375 0.05234375 0.01484375
0 0.56171875 0.3578125 0.02109375 0.0203125
0 0.21015625 0.021875 0.01953125 0.04375
0 0.4984375 0.8125 0.059375 0.09921875
0 0.23515625 0.01484375 0.01640625 0.02890625
0 0.6375 0.4765625 0.028125 0.05234375
0 0.54453125 0.50546875 0.04296875 0.0640625
0 0.48203125 0.96796875 0.04921875 0.05859375
0 0.72890625 0.0859375 0.01953125 0.04375
0 0.14140625 0.0203125 0.01640625 0.02890625
0 0.36328125 0.153125 0.01640625 0.03828125
0 0.56171875 0.1546875 0.01796875 0.046875
0 0.3640625 0.66796875 0.04765625 0.10234375
0 0.09296875 0.859375 0.02109375 0.0875
0 0.3640625 0.321875 0.02109375 0.05234375
0 0.16640625 0.30078125 0.01640625 0.046875
0 0.26953125 0.17578125 0.01640625 0.03515625
0 0.75234375 0.01484375 0.02109375 0.02890625
0 0.0921875 0.4765625 0.01953125 0.05859375
0 0.39765625 0.2046875 0.01640625 0.046875
0 0.23828125 0.24296875 0.01640625 0.040625
0 0.32265625 0.2703125 0.01953125 0.05
0 0.45078125 0.05 0.01640625 0.02890625
0 0.38515625 0.8578125 0.05625 0.0671875
0 0.190625 0.21796875 0.01640625 0.03828125
0 0.15234375 0.91796875 0.04765625 0.09375
0 0.46484375 0.5921875 0.025 0.05546875
0 0.71484375 0.57890625 0.03125 0.05234375
0 0.52734375 0.01484375 0.01796875 0.02890625
0 0.296875 0.3578125 0.02109375 0.04375
0 0.78046875 0.03515625 0.02109375 0.046875
0 0.59296875 0.8453125 0.03125 0.05859375
0 0.3078125 0.3140625 0.02265625 0.05
0 0.3109375 0.46171875 0.0265625 0.05234375
0 0.73125 0.00703125 0.01875 0.0140625
0 0.16953125 0.25546875 0.01640625 0.03828125
0 0.634375 0.03671875 0.01796875 0.04375
0 0.68984375 0.05859375 0.01796875 0.040625
0 0.83515625 0.321875 0.02265625 0.046875
0 0.86015625 0.46328125 0.02265625 0.04375
0 0.628125 0.16796875 0.01953125 0.05
0 0.53046875 0.2546875 0.02109375 0.046875
0 0.82890625 0.14609375 0.02265625 0.05859375
0 0.79765625 0.57734375 0.03984375 0.0734375
0 0.18359375 0.109375 0.01484375 0.03828125
0 0.68671875 0.32734375 0.02109375 0.040625
0 0.12109375 0.4109375 0.025 0.04375
0 0.26640625 0.30703125 0.0265625 0.0640625
0 0.1 0.12265625 0.01640625 0.02890625
0 0.08671875 0.30859375 0.01796875 0.04375
0 0.6828125 0.0203125 0.01640625 0.03515625
0 0.15625 0.51171875 0.0296875 0.05859375
0 0.84296875 0.203125 0.02109375 0.05
0 0.59375 0.1078125 0.01640625 0.040625
0 0.65234375 0.02890625 0.01796875 0.02890625
0 0.62109375 0.315625 0.025 0.05234375
0 0.79453125 0.2046875 0.01640625 0.03515625
0 0.50546875 0.15234375 0.025 0.046875
0 0.85546875 0.00703125 0.0171875 0.0140625
0 0.54375 0.184375 0.01796875 0.040625
0 0.30859375 0.12109375 0.01484375 0.03203125
0 0.24609375 0.19921875 0.01484375 0.040625
0 0.596875 0.05078125 0.01640625 0.04375
0 0.15546875 0.23359375 0.02109375 0.046875
0 0.0828125 0.5953125 0.01484375 0.05546875
0 0.1421875 0.12109375 0.01796875 0.03203125
0 0.63046875 0.00703125 0.0203125 0.0140625
0 0.5515625 0.071875 0.01796875 0.03828125
0 0.484375 0.065625 0.01796875 0.04375
0 0.70390625 0.2703125 0.01953125 0.04375
0 0.71796875 0.5265625 0.03125 0.05859375
0 0.11796875 0.35703125 0.02109375 0.046875
0 0.69296875 0.10234375 0.01796875 0.05234375
0 0.41171875 0.2328125 0.01796875 0.04375
0 0.1875 0.00859375 0.01640625 0.0171875
0 0.9046875 0.03515625 0.01953125 0.02890625
0 0.8734375 0.6078125 0.0328125 0.08203125
0 0.31484375 0.00703125 0.0171875 0.0140625
0 0.90234375 0.91640625 0.03125 0.0671875
0 0.11796875 0.3125 0.01796875 0.02890625
0 0.80390625 0.09921875 0.01953125 0.040625
0 0.43046875 0.6375 0.025 0.040625
0 0.55859375 0.2703125 0.02109375 0.04375
0 0.9015625 0.8 0.0359375 0.096875
0 0.34296875 0.1765625 0.01796875 0.03203125
0 0.46015625 0.2265625 0.01953125 0.04375
0 0.66875 0.4328125 0.03125 0.05859375
0 0.86796875 0.12421875 0.02109375 0.04375
0 0.36015625 0.109375 0.01640625 0.03828125
0 0.24609375 0.95625 0.034375 0.046875
0 0.23203125 0.071875 0.01640625 0.03828125
0 0.409375 0.00859375 0.01640625 0.0171875
0 0.17265625 0.21171875 0.01953125 0.04375
0 0.21875 0.25546875 0.01953125 0.04375
0 0.08515625 0.14609375 0.01640625 0.03515625
0 0.49296875 0.4546875 0.028125 0.0671875
0 0.14765625 0.46953125 0.02265625 0.03828125
0 0.48515625 0.14453125 0.01640625 0.03828125
0 0.54453125 0.1390625 0.01640625 0.04375
0 0.50625 0.05703125 0.01953125 0.03828125
0 0.234375 0.3640625 0.01796875 0.05
0 0.1203125 0.1140625 0.01640625 0.02890625
0 0.1453125 0.4109375 0.025 0.04375
0 0.2671875 0.8875 0.034375 0.0671875
0 0.409375 0.10234375 0.01953125 0.040625
0 0.5375 0.3578125 0.02265625 0.03203125
0 0.74609375 0.5203125 0.02109375 0.040625
0 0.81484375 0.49140625 0.034375 0.05859375
0 0.234375 0.57890625 0.028125 0.02890625
0 0.1453125 0.33515625 0.02109375 0.04375