0 0.07109375 0.28125 0.03203125 0.04453125
0 0.9671875 0.2171875 0.03046875 0.040625
0 0.446875 0.2875 0.03125 0.04453125
0 0.61484375 0.45546875 0.0359375 0.05703125
0 0.40703125 0.3265625 0.03125 0.0453125
0 0.73125 0.0140625 0.01484375 0.0234375
0 0.61484375 0.2328125 0.02421875 0.040625
0 0.34453125 0.3421875 0.0328125 0.0484375
0 0.72734375 0.26328125 0.0265625 0.04140625
0 0.040625 0.23671875 0.03046875 0.04453125
0 0.509375 0.2328125 0.028125 0.0375
0 0.68359375 0.13125 0.0171875 0.0296875
0 0.65625 0.2828125 0.03125 0.046875
0 0.353125 0.103125 0.0203125 0.0328125
0 0.9609375 0.01328125 0.015625 0.02578125
0 0.38046875 0.1421875 0.0203125 0.0328125
0 0.23671875 0.30390625 0.0359375 0.0484375
0 0.6578125 0.15625 0.0203125 0.03125
0 0.49140625 0.74921875 0.04765625 0.07421875
0 0.1546875 0.0078125 0.01640625 0.015625
0 0.84453125 0.3234375 0.034375 0.0484375
0 0.0328125 0.115625 0.0234375 0.03671875
0 0.55234375 0.24140625 0.02421875 0.040625
0 0.93046875 0.134375 0.02265625 0.0328125
0 0.86796875 0.2265625 0.02421875 0.03671875
0 0.70234375 0.0296875 0.01640625 0.021875
0 0.06875 0.0125 0.01875 0.025
0 0.3734375 0.6796875 0.05625 0.09140625
0 0.7765625 0.0921875 0.01953125 0.0296875
0 0.384375 0.10546875 0.021875 0.03125
0 0.7921875 0.0125 0.015625 0.025
0 0.8421875 0.18828125 0.02265625 0.02734375
0 0.41796875 0.01015625 0.0140625 0.0203125
0 0.8390625 0.03125 0.015625 0.0234375
0 0.696875 0.07421875 0.0171875 0.02578125
0 0.93671875 0.02890625 0.01484375 0.02578125
0 0.96953125 0.0609375 0.0171875 0.02578125
0 0.7390625 0.11796875 0.01953125 0.0296875
0 0.596875 0.1109375 0.01875 0.0296875
0 0.11171875 0.01328125 0.01640625 0.02578125
0 0.67109375 0.10703125 0.01953125 0.02578125
0 0.03203125 0.7203125 0.059375 0.08828125
0 0.67109375 0.03046875 0.01484375 0.025
0 0.4203125 0.83203125 0.06640625 0.10390625
0 0.1734375 0.2375 0.03125 0.04296875
0 0.7625 0.3265625 0.0328125 0.04921875
0 0.58046875 0.1265625 0.0203125 0.03125
0 0.83359375 0.22421875 0.028125 0.0390625
0 0.7734375 0.025 0.0171875 0.0234375
0 0.29609375 0.2046875 0.028125 0.0390625
0 0.8953125 0.01953125 0.01484375 0.02109375
0 0.11328125 0.91875 0.06640625 0.0953125
0 0.16328125 0.475 0.0765625 0.10390625
0 0.89140625 0.046875 0.0171875 0.02578125
0 0.83125 0.00625 0.015625 0.0125
0 0.009375 0.51171875 0.01875 0.0640625
0 0.815625 0.00625 0.01484375 0.01171875
0 0.228125 0.2640625 0.0328125 0.03359375
0 0.09609375 0.0171875 0.01875 0.02734375
0 0.62734375 0.00625 0.01484375 0.01171875
0 0.79609375 0.275 0.02421875 0.03125
0 0.6578125 0.009375 0.0125 0.01875
0 0.56640625 0.6125 0.0453125 0.0640625
0 0.228125 0.06796875 0.01953125 0.02578125
0 0.82265625 0.084375 0.01484375 0.02109375
0 0.1796875 0.00859375 0.0171875 0.0171875
0 0.90859375 0.1046875 0.01875 0.02734375
0 0.4359375 0.00859375 0.0140625 0.0171875
0 0.67734375 0.00546875 0.01484375 0.01015625
0 0.87890625 0.00625 0.0140625 0.0125
0 0.90703125 0.13828125 0.021875 0.03671875
0 0.478125 0.0140625 0.01484375 0.0234375
0 0.6203125 0.02578125 0.0140625 0.02109375
0 0.2234375 0.00703125 0.01640625 0.0140625
0 0.99375 0.01640625 0.009375 0.021875
0 0.7578125 0.1 0.015625 0.02578125
0 0.6734375 0.08203125 0.0171875 0.02109375
0 0.803125 0.06953125 0.01484375 0.025
0 0.759375 0.00625 0.01484375 0.01171875
0 0.04921875 0.00625 0.01875 0.01171875
0 0.9828125 0.0328125 0.01484375 0.0234375
0 0.84609375 0.00625 0.0140625 0.0125
0 0.9109375 0.01953125 0.01640625 0.0234375
0 0.8671875 0.06875 0.0171875 0.0296875
0 0.99375 0.0796875 0.009375 0.0328125
0 0.86171875 0.0109375 0.0125 0.01953125
0 0.9234375 0.06875 0.01953125 0.02890625
0 0.72578125 0.1546875 0.0234375 0.0328125
0 0.01875 0.01953125 0.0171875 0.02890625
0 0.74453125 0.06796875 0.01640625 0.02578125
0 0.846875 0.1578125 0.0203125 0.02890625
0 0.19453125 0.27265625 0.03125 0.040625
0 0.45234375 0.00703125 0.0125 0.0140625
0 0.87421875 0.0296875 0.01484375 0.02109375
0 0.0046875 0.00859375 0.009375 0.0171875
0 0.3265625 0.08515625 0.0171875 0.02734375
0 0.03515625 0.02421875 0.0171875 0.025
0 0.3890625 0.0484375 0.015625 0.0234375
0 0.3859375 0.00859375 0.015625 0.0171875
0 0.84765625 0.1171875 0.0171875 0.02890625
0 0.99296875 0.2015625 0.01171875 0.0296875
0 0.46796875 0.16875 0.0203125 0.0296875
0 0.93046875 0.00625 0.0140625 0.0125
0 0.778125 0.00546875 0.0140625 0.01015625
0 0.590625 0.0171875 0.0140625 0.01953125
0 0.821875 0.02265625 0.01484375 0.021875
0 0.340625 0.0109375 0.01484375 0.01953125