0 0.43046875 0.3265625 0.02265625 0.03515625
0 0.67734375 0.34296875 0.02421875 0.0375
0 0.1328125 0.5484375 0.0296875 0.04453125
0 0.36953125 0.50625 0.028125 0.04453125
0 0.75625 0.253125 0.0203125 0.0296875
0 0.8703125 0.24453125 0.02265625 0.03359375
0 0.634375 0.3390625 0.02265625 0.03515625
0 0.58125 0.21328125 0.0171875 0.0234375
0 0.9515625 0.103125 0.015625 0.025
0 0.45390625 0.1359375 0.01484375 0.01953125
0 0.50703125 0.1921875 0.015625 0.021875
0 0.62890625 0.2671875 0.021875 0.03359375
0 0.525 0.37890625 0.02421875 0.03671875
0 0.03515625 0.609375 0.0328125 0.046875
0 0.44140625 0.21953125 0.015625 0.02734375
0 0.57578125 0.40625 0.0265625 0.0390625
0 0.79375 0.19296875 0.0171875 0.02578125
0 0.53203125 0.25390625 0.0203125 0.03125
0 0.0828125 0.31875 0.0234375 0.0296875
0 0.49140625 0.35 0.02265625 0.03671875
0 0.1921875 0.3453125 0.02734375 0.03671875
0 0.70859375 0.06953125 0.0125 0.01953125
0 0.4078125 0.31640625 0.0171875 0.02890625
0 0.91484375 0.0296875 0.0140625 0.0234375
0 0.871875 0.346875 0.02421875 0.0328125
0 0.1828125 0.5953125 0.028125 0.046875
0 0.3734375 0.30703125 0.0203125 0.03359375
0 0.83359375 0.0140625 0.0125 0.02109375
0 0.5734375 0.33203125 0.0171875 0.02578125
0 0.92265625 0.10390625 0.015625 0.0234375
0 0.54375 0.146875 0.015625 0.0234375
0 0.97734375 0.05625 0.0140625 0.021875
0 0.9921875 0.1171875 0.0140625 0.02578125
0 0.6578125 0.06875 0.0140625 0.01796875
0 0.63125 0.1015625 0.01171875 0.01796875
0 0.57734375 0.1765625 0.01640625 0.021875
0 0.8765625 0.10546875 0.01640625 0.0234375
0 0.8109375 0.11328125 0.01640625 0.0234375
0 0.37734375 0.19375 0.01484375 0.025
0 0.34453125 0.5921875 0.03046875 0.04921875
0 0.7421875 0.06640625 0.0140625 0.02109375
0 0.42734375 0.1171875 0.01484375 0.02109375
0 0.90234375 0.00625 0.0140625 0.0125
0 0.14609375 0.47890625 0.03046875 0.04453125
0 0.6515625 0.0921875 0.0140625 0.02109375
0 0.9546875 0.04921875 0.0140625 0.01796875
0 0.50390625 0.23828125 0.01953125 0.02890625
0 0.95703125 0.165625 0.0171875 0.025
0 0.68046875 0.03125 0.0140625 0.01796875
0 0.73125 0.0078125 0.01171875 0.015625
0 0.7578125 0.03203125 0.009375 0.0171875
0 0.97109375 0.0359375 0.0125 0.01953125
0 0.26796875 0.275 0.0203125 0.0296875
0 0.728125 0.0390625 0.01171875 0.01796875
0 0.00625 0.3171875 0.0125 0.0296875
0 0.05390625 0.8875 0.0609375 0.06875
0 0.615625 0.04296875 0.01171875 0.01796875
0 0.9328125 0.02421875 0.0140625 0.0171875
0 0.59296875 0.0640625 0.0140625 0.01796875
0 0.04375 0.83515625 0.0484375 0.040625
0 0.61875 0.0609375 0.0125 0.01796875
0 0.2140625 0.61875 0.0328125 0.04453125
0 0.253125 0.16796875 0.01640625 0.0234375
0 0.4640625 0.225 0.01640625 0.025
0 0.57734375 0.125 0.0140625 0.02109375
0 0.63125 0.025 0.01171875 0.0171875
0 0.05234375 0.315625 0.0203125 0.0328125
0 0.37578125 0.14296875 0.0140625 0.02578125
0 0.65703125 0.01796875 0.01171875 0.01796875
0 0.4859375 0.28046875 0.0171875 0.025
0 0.7046875 0.04296875 0.01171875 0.01796875
0 0.4328125 0.19453125 0.015625 0.021875
0 0.9953125 0.0484375 0.0078125 0.0234375
0 0.4546875 0.17265625 0.0140625 0.021875
0 0.88203125 0.0140625 0.01171875 0.01796875
0 0.409375 0.14296875 0.01484375 0.0234375
0 0.8734375 0.08046875 0.015625 0.01796875
0 0.40859375 0.21328125 0.01484375 0.02109375
0 0.70390625 0.01796875 0.0140625 0.01796875
0 0.45234375 0.26640625 0.01640625 0.021875
0 0.259375 0.04765625 0.0140625 0.021875
0 0.77890625 0.01640625 0.0109375 0.0171875
0 0.59453125 0.10546875 0.0125 0.01796875
0 0.66796875 0.00625 0.0109375 0.0125
0 0.79296875 0.00625 0.01171875 0.01171875
0 0.6453125 0.05546875 0.01171875 0.0171875
0 0.39296875 0.3 0.01640625 0.0296875
0 0.30546875 0.35 0.02421875 0.03671875
0 0.715625 0.00625 0.0125 0.01171875
0 0.9359375 0.04453125 0.0140625 0.0234375
0 0.48125 0.01640625 0.01171875 0.0171875
0 0.91328125 0.18671875 0.01953125 0.025
0 0.39296875 0.2015625 0.01484375 0.01953125
0 0.48984375 0.321875 0.0203125 0.021875
0 0.9234375 0.06875 0.0140625 0.01953125