0 0.81640625 0.75546875 0.0234375 0.0484375
0 0.42890625 0.6421875 0.021875 0.0484375
0 0.58203125 0.50625 0.0234375 0.0484375
0 0.26640625 0.68046875 0.0203125 0.0484375
0 0.14140625 0.46953125 0.0203125 0.0515625
0 0.9765625 0.85546875 0.0265625 0.0640625
0 0.92890625 0.3875 0.01796875 0.04609375
0 0.59140625 0.4375 0.01640625 0.0484375
0 0.271875 0.96796875 0.0265625 0.05390625
0 0.659375 0.6296875 0.021875 0.0484375
0 0.91953125 0.9484375 0.028125 0.05625
0 0.60390625 0.54140625 0.021875 0.0515625
0 0.3515625 0.9765625 0.0265625 0.04140625
0 0.86875 0.0125 0.01875 0.025
0 0.61953125 0.228125 0.01796875 0.0359375
0 0.49453125 0.71796875 0.025 0.05625
0 0.78203125 0.11171875 0.01640625 0.03359375
0 0.5640625 0.60546875 0.021875 0.0515625
0 0.26640625 0.10546875 0.01640625 0.0359375
0 0.19140625 0.4359375 0.0203125 0.04609375
0 0.90390625 0.06015625 0.01484375 0.03828125
0 0.16640625 0.49140625 0.0234375 0.04375
0 0.44453125 0.11171875 0.01484375 0.03359375
0 0.02890625 0.15390625 0.01796875 0.04140625
0 0.46640625 0.85390625 0.0265625 0.05625
0 0.20390625 0.0421875 0.01796875 0.03828125
0 0.55390625 0.0984375 0.01484375 0.03359375
0 0.11640625 0.20390625 0.01640625 0.03828125
0 0.7765625 0.21015625 0.01640625 0.04140625
0 0.071875 0.28046875 0.0203125 0.03828125
0 0.82890625 0.85546875 0.025 0.0484375
0 0.734375 0.14765625 0.01796875 0.03828125
0 0.18671875 0.7296875 0.0265625 0.0484375
0 0.75703125 0.8984375 0.0265625 0.06953125
0 0.95703125 0.48046875 0.0203125 0.04375
0 0.7890625 0.94375 0.028125 0.05625
0 0.4515625 0.9296875 0.0265625 0.05859375
0 0.46640625 0.11640625 0.01328125 0.03359375
0 0.2515625 0.478125 0.0203125 0.04375
0 0.8640625 0.95625 0.028125 0.05625
0 0.953125 0.19375 0.0203125 0.04375
0 0.41953125 0.45390625 0.01796875 0.04609375
0 0.696875 0.11171875 0.01640625 0.03828125
0 0.10390625 0.0625 0.01796875 0.03828125
0 0.63203125 0.7921875 0.0265625 0.0515625
0 0.45390625 0.16171875 0.01796875 0.0359375
0 0.08203125 0.45546875 0.0234375 0.04375
0 0.5890625 0.96796875 0.028125 0.05390625
0 0.36953125 0.11015625 0.01796875 0.04140625
0 0.871875 0.1 0.01640625 0.0359375
0 0.71953125 0.87421875 0.025 0.05625
0 0.10390625 0.86171875 0.028125 0.06171875
0 0.5390625 0.5296875 0.021875 0.0484375
0 0.45390625 0.26640625 0.01796875 0.0359375
0 0.27890625 0.884375 0.028125 0.0515625
0 0.7890625 0.3734375 0.01796875 0.04375
0 0.84453125 0.7921875 0.021875 0.05625
0 0.49453125 0.46953125 0.021875 0.04140625
0 0.5015625 0.3859375 0.0203125 0.04375
0 0.4390625 0.4234375 0.01796875 0.04609375
0 0.7265625 0.61015625 0.0234375 0.05625
0 0.8765625 0.2296875 0.01640625 0.04375
0 0.484375 0.0875 0.01796875 0.0359375
0 0.921875 0.11796875 0.01640625 0.0359375
0 0.4640625 0.45390625 0.01796875 0.0515625
0 0.86953125 0.31640625 0.01796875 0.04375
0 0.421875 0.16796875 0.01640625 0.03359375
0 0.01953125 0.46796875 0.021875 0.04375
0 0.17421875 0.7734375 0.025 0.04375
0 0.0390625 0.04140625 0.01796875 0.0359375
0 0.696875 0.2359375 0.01640625 0.0359375
0 0.55390625 0.2125 0.01796875 0.04140625
0 0.459375 0.70546875 0.021875 0.0515625
0 0.79453125 0.034375 0.01796875 0.03359375
0 0.37890625 0.26015625 0.01796875 0.04375
0 0.25703125 0.56015625 0.0234375 0.04375
0 0.9890625 0.4734375 0.01796875 0.04375
0 0.221875 0.4375 0.0203125 0.04375
0 0.4015625 0.69765625 0.0234375 0.05625
0 0.971875 0.134375 0.01640625 0.03828125
0 0.61953125 0.284375 0.01796875 0.04140625
0 0.92421875 0.81796875 0.021875 0.0515625
0 0.63203125 0.0421875 0.01328125 0.03359375
0 0.65703125 0.76953125 0.0234375 0.0515625
0 0.990625 0.26953125 0.01484375 0.04140625
0 0.05390625 0.3421875 0.021875 0.04375
0 0.64140625 0.9 0.0265625 0.0515625
0 0.9765625 0.3984375 0.0234375 0.04375
0 0.1765625 0.08046875 0.01640625 0.03828125
0 0.67890625 0.4296875 0.01796875 0.04375
0 0.146875 0.31640625 0.0203125 0.04375
0 0.25703125 0.1484375 0.01640625 0.0359375
0 0.14453125 0.66796875 0.021875 0.0484375
0 0.22890625 0.16796875 0.01796875 0.03828125
0 0.8265625 0.91796875 0.0234375 0.05625
0 0.26171875 0.60625 0.0234375 0.0484375
0 0.44453125 0.81953125 0.021875 0.05390625
0 0.4140625 0.21171875 0.01484375 0.03828125
0 0.809375 0.2984375 0.01796875 0.04375
0 0.396875 0.1421875 0.01640625 0.03828125
0 0.89453125 0.70625 0.021875 0.0484375
0 0.7890625 0.74765625 0.021875 0.05390625
0 0.41953125 0.3484375 0.021875 0.0359375
0 0.584375 0.26171875 0.01796875 0.0359375
0 0.121875 0.61171875 0.0234375 0.04375
0 0.06953125 0.15 0.01796875 0.03828125
0 0.821875 0.21953125 0.01640625 0.03828125
0 0.859375 0.25546875 0.01796875 0.04375
0 0.13671875 0.74375 0.0234375 0.05625
0 0.91171875 0.8921875 0.0265625 0.0515625
0 0.7765625 0.31640625 0.01640625 0.0484375
0 0.8265625 0.15 0.01640625 0.04375
0 0.62421875 0.16015625 0.01796875 0.04375
0 0.70390625 0.69140625 0.025 0.0484375
0 0.6671875 0.01171875 0.01484375 0.0234375
0 0.29140625 0.5296875 0.0234375 0.0484375
0 0.27578125 0.0125 0.0171875 0.025
0 0.86953125 0.05625 0.01484375 0.0359375
0 0.07421875 0.50625 0.021875 0.0484375
0 0.37421875 0.35546875 0.01796875 0.04375
0 0.021875 0.41171875 0.0203125 0.04375
0 0.30703125 0.1625 0.01640625 0.03828125
0 0.11953125 0.13046875 0.01796875 0.03046875
0 0.209375 0.4859375 0.021875 0.04375
0 0.5640625 0.4296875 0.01796875 0.04375
0 0.4390625 0.20625 0.01796875 0.03828125
0 0.709375 0.52421875 0.021875 0.0484375
0 0.2890625 0.19140625 0.01796875 0.03828125
0 0.8015625 0.06796875 0.01640625 0.03828125
0 0.5265625 0.45546875 0.01640625 0.04375
0 0.71953125 0.1921875 0.01796875 0.04140625
0 0.82890625 0.628125 0.021875 0.04609375
0 0.76171875 0.66796875 0.0203125 0.0484375
0 0.48671875 0.51953125 0.0203125 0.0484375
0 0.75390625 0.1734375 0.01796875 0.04375
0 0.51953125 0.2421875 0.01796875 0.04375
0 0.0765625 0.07421875 0.01640625 0.04140625
0 0.52421875 0.2859375 0.01796875 0.03828125
0 0.92421875 0.46796875 0.01796875 0.04375
0 0.696875 0.38046875 0.01640625 0.03828125
0 0.484375 0.29140625 0.01796875 0.04375
0 0.9140625 0.734375 0.021875 0.0484375
0 0.3890625 0.6296875 0.021875 0.0484375
0 0.24140625 0.35625 0.0203125 0.04140625
0 0.09140625 0.7421875 0.0265625 0.0484375
0 0.54140625 0.4234375 0.0203125 0.04609375
0 0.471875 0.7921875 0.0234375 0.0515625
0 0.70703125 0.41640625 0.01640625 0.04375
0 0.31953125 0.0796875 0.01484375 0.03046875
0 0.5515625 0.16640625 0.01640625 0.0359375
0 0.31953125 0.80546875 0.025 0.05625
0 0.68671875 0.15390625 0.01640625 0.04140625
0 0.2890625 0.8359375 0.025 0.04609375
0 0.74921875 0.2296875 0.01796875 0.03828125
0 0.834375 0.0921875 0.01484375 0.0359375
0 0.3640625 0.6796875 0.021875 0.0515625
0 0.89140625 0.1921875 0.0203125 0.0359375
0 0.21171875 0.9359375 0.0265625 0.06171875
0 0.89453125 0.41640625 0.021875 0.04375
0 0.34453125 0.74765625 0.028125 0.05390625
0 0.8671875 0.1734375 0.01484375 0.03828125
0 0.9015625 0.31015625 0.01640625 0.04609375
0 0.19140625 0.9796875 0.0265625 0.0359375
0 0.82421875 0.6734375 0.021875 0.04375
0 0.28671875 0.26015625 0.01640625 0.03828125
0 0.709375 0.7875 0.025 0.05625
0 0.10703125 0.24765625 0.0234375 0.04375
0 0.39453125 0.57421875 0.021875 0.0515625
0 0.734375 0.7234375 0.021875 0.0515625
0 0.5140625 0.3375 0.021875 0.04375
0 0.3515625 0.4796875 0.01640625 0.04609375
0 0.77421875 0.56171875 0.021875 0.0515625
0 0.80703125 0.81015625 0.0234375 0.0515625
0 0.65390625 0.1625 0.01484375 0.03828125
0 0.10703125 0.5734375 0.0203125 0.04375
0 0.54453125 0.01171875 0.01796875 0.0234375
0 0.04140625 0.29765625 0.01640625 0.04140625
0 0.6140625 0.04140625 0.01484375 0.03046875
0 0.43671875 0.32421875 0.01640625 0.04375
0 0.95703125 0.0375 0.01640625 0.03359375
0 0.10390625 0.39375 0.021875 0.0484375
0 0.3765625 0.4984375 0.0203125 0.04375
0 0.51953125 0.0359375 0.01484375 0.03046875
0 0.11953125 0.0375 0.01484375 0.03828125
0 0.009375 0.05625 0.01796875 0.04140625
0 0.40390625 0.8984375 0.028125 0.05390625
0 0.41953125 0.0984375 0.01484375 0.03828125
0 0.184375 0.56640625 0.021875 0.04609375
0 0.5390625 0.2625 0.01796875 0.03828125
0 0.1265625 0.30546875 0.01640625 0.04140625
0 0.19453125 0.1359375 0.01484375 0.0359375
0 0.959375 0.4375 0.021875 0.04375
0 0.5265625 0.85 0.0265625 0.05390625
0 0.5640625 0.36640625 0.01796875 0.04609375
0 0.3890625 0.7734375 0.025 0.05859375
0 0.66171875 0.0921875 0.01640625 0.04140625
0 0.58203125 0.1796875 0.01640625 0.04140625
0 0.39453125 0.39375 0.021875 0.04375
0 0.5015625 0.1359375 0.01640625 0.0359375
0 0.56953125 0.66015625 0.01796875 0.05390625
0 0.98671875 0.734375 0.0234375 0.05390625
0 0.51171875 0.19140625 0.01640625 0.03828125
0 0.9140625 0.50390625 0.01796875 0.04375
0 0.64453125 0.0921875 0.01484375 0.0359375
0 0.3515625 0.30546875 0.01640625 0.03046875
0 0.09453125 0.028125 0.01796875 0.03046875
0 0.56171875 0.79765625 0.0265625 0.05625
0 0.8390625 0.71015625 0.021875 0.05625
0 0.17421875 0.8359375 0.028125 0.05625
0 0.059375 0.6859375 0.025 0.05390625
0 0.6390625 0.46796875 0.01796875 0.04375
0 0.2890625 0.3859375 0.021875 0.04375
0 0.92421875 0.334375 0.021875 0.04375
0 0.3140625 0.46015625 0.01796875 0.04375
0 0.45390625 0.56171875 0.021875 0.0515625
0 0.31953125 0.3625 0.01796875 0.04375
0 0.46640625 0.32421875 0.01640625 0.04375
0 0.1890625 0.01953125 0.01796875 0.03359375
0 0.79921875 0.25 0.01796875 0.03828125
0 0.4390625 0.06640625 0.01484375 0.0359375
0 0.58671875 0.3875 0.0234375 0.04140625
0 0.87890625 0.8234375 0.028125 0.05625
0 0.34140625 0.09140625 0.01640625 0.03359375
0 0.1765625 0.64375 0.0234375 0.05625
0 0.71953125 0.31640625 0.021875 0.04375
0 0.62578125 0.0125 0.0140625 0.025
0 0.559375 0.26015625 0.01796875 0.04375
0 0.834375 0.05390625 0.01796875 0.03046875
0 0.146875 0.9484375 0.03359375 0.0515625
0 0.359375 0.21640625 0.01796875 0.04375
0 0.5015625 0.9234375 0.0265625 0.06171875
0 0.7140625 0.96640625 0.021875 0.0515625
0 0.61171875 0.08046875 0.01640625 0.03828125
0 0.65390625 0.21796875 0.01796875 0.04140625
0 0.34921875 0.1375 0.01484375 0.03828125
0 0.3140625 0.04375 0.01796875 0.0359375
0 0.896875 0.5375 0.0203125 0.0484375
0 0.4015625 0.46015625 0.01640625 0.04375
0 0.67890625 0.56015625 0.021875 0.0484375
0 0.83671875 0.26796875 0.01640625 0.04375
0 0.646875 0.30546875 0.01640625 0.0359375
0 0.7640625 0.0296875 0.01484375 0.03828125
0 0.7640625 0.36015625 0.01796875 0.04375
0 0.409375 0.29375 0.01796875 0.03828125
0 0.49453125 0.01171875 0.01796875 0.0234375
0 0.871875 0.684375 0.0234375 0.05625
0 0.609375 0.3875 0.01796875 0.04609375
0 0.3390625 0.6921875 0.021875 0.04140625
0 0.821875 0.45625 0.0234375 0.0515625
0 0.48203125 0.20546875 0.01640625 0.0359375
0 0.365625 0.8375 0.025 0.05390625
0 0.7640625 0.7296875 0.021875 0.0484375
0 0.6890625 0.26953125 0.01484375 0.0359375
0 0.24140625 0.5234375 0.0203125 0.04140625
0 0.01953125 0.31640625 0.01796875 0.04375
0 0.64296875 0.55390625 0.0203125 0.04609375
0 0.04921875 0.08046875 0.01796875 0.03828125
0 0.01171875 0.2796875 0.01640625 0.0359375
0 0.8515625 0.2 0.01640625 0.04140625
0 0.21171875 0.61171875 0.0234375 0.0484375
0 0.209375 0.16015625 0.01796875 0.04375
0 0.83671875 0.3234375 0.0203125 0.04609375
0 0.471875 0.634375 0.01640625 0.05390625
0 0.53203125 0.078125 0.01640625 0.03359375
0 0.1390625 0.19765625 0.01796875 0.04140625
0 0.65703125 0.51171875 0.0203125 0.04375
0 0.34453125 0.184375 0.01796875 0.0359375
0 0.76953125 0.42421875 0.01796875 0.04375
0 0.334375 0.9296875 0.028125 0.05859375
0 0.02890625 0.784375 0.028125 0.04609375
0 0.06171875 0.02421875 0.01640625 0.03828125
0 0.11640625 0.4984375 0.01640625 0.04375
0 0.30390625 0.72421875 0.025 0.05390625
0 0.1515625 0.13046875 0.01640625 0.04609375
0 0.16640625 0.2234375 0.0203125 0.04140625
0 0.5390625 0.1296875 0.01796875 0.03828125
0 0.58671875 0.09375 0.01640625 0.03359375
0 0.99296875 0.0921875 0.01015625 0.04140625
0 0.9765625 0.5625 0.0203125 0.04375
0 0.2390625 0.80390625 0.028125 0.05859375
0 0.971875 0.22421875 0.0203125 0.04375
0 0.22421875 0.3296875 0.021875 0.04375
0 0.209375 0.5375 0.021875 0.0484375
0 0.221875 0.6984375 0.0234375 0.04375
0 0.53671875 0.68046875 0.0265625 0.05390625
0 0.36171875 0.0140625 0.01640625 0.028125
0 0.85703125 0.3625 0.0234375 0.04375
0 0.94140625 0.0859375 0.01640625 0.03828125
0 0.18203125 0.3484375 0.01640625 0.0359375
0 0.08203125 0.35546875 0.01640625 0.0484375
0 0.96171875 0.94765625 0.0265625 0.05390625
0 0.16171875 0.41171875 0.0203125 0.04375
0 0.44453125 0.75390625 0.021875 0.05625
0 0.734375 0.25546875 0.01796875 0.03828125
0 0.759375 0.2859375 0.01796875 0.04375
0 0.671875 0.98046875 0.0296875 0.03359375
0 0.4640625 0.06171875 0.01796875 0.0359375
0 0.61640625 0.32421875 0.0203125 0.04375
0 0.86640625 0.4296875 0.01640625 0.04375
0 0.3265625 0.41640625 0.0203125 0.03828125