0 0.54296875 0.0515625 0.01171875 0.021875
0 0.60859375 0.0796875 0.0140625 0.01953125
0 0.78671875 0.7125 0.03828125 0.0625
0 0.93046875 0.0921875 0.0140625 0.0234375
0 0.58359375 0.25 0.01875 0.02578125
0 0.66875 0.0765625 0.0140625 0.02109375
0 0.3296875 0.0453125 0.0140625 0.01953125
0 0.8109375 0.85078125 0.04375 0.06875
0 0.9796875 0.1875 0.021875 0.02578125
0 0.56953125 0.3109375 0.0234375 0.03515625
0 0.575 0.509375 0.0328125 0.05078125
0 0.19375 0.25390625 0.0265625 0.03671875
0 0.628125 0.1375 0.01640625 0.025
0 0.66328125 0.49765625 0.03125 0.046875
0 0.675 0.4234375 0.03046875 0.04296875
0 0.5640625 0.04296875 0.0140625 0.01796875
0 0.05234375 0.29296875 0.028125 0.03671875
0 0.26015625 0.271875 0.0203125 0.03125
0 0.2828125 0.17421875 0.0203125 0.03125
0 0.70234375 0.74296875 0.040625 0.06875
0 0.4671875 0.6984375 0.0390625 0.0609375
0 0.89375 0.26171875 0.0203125 0.03125
0 0.36953125 0.0484375 0.01484375 0.0234375
0 0.9015625 0.0921875 0.015625 0.0234375
0 0.63671875 0.21953125 0.01953125 0.0296875
0 0.8140625 0.06640625 0.01484375 0.02109375
0 0.01015625 0.27578125 0.0203125 0.03671875
0 0.75078125 0.1109375 0.015625 0.025
0 0.84453125 0.41171875 0.028125 0.0390625
0 0.68828125 0.0875 0.015625 0.021875
0 0.7109375 0.1625 0.0171875 0.0234375
0 0.978125 0.32578125 0.02265625 0.03125
0 0.39453125 0.1171875 0.015625 0.02578125
0 0.725 0.11796875 0.01484375 0.025
0 0.7890625 0.1421875 0.015625 0.01953125
0 0.5234375 0.0765625 0.0140625 0.021875
0 0.73125 0.04140625 0.0125 0.01796875
0 0.4046875 0.7125 0.046875 0.07578125
0 0.19921875 0.28671875 0.025 0.03125
0 0.571875 0.0796875 0.0140625 0.02109375
0 0.7453125 0.00625 0.0140625 0.01171875
0 0.93046875 0.16953125 0.0171875 0.02578125
0 0.84375 0.0078125 0.0140625 0.015625
0 0.71953125 0.00625 0.0140625 0.01171875
0 0.78046875 0.00625 0.0125 0.01171875
0 0.1265625 0.01640625 0.0140625 0.01953125
0 0.83359375 0.03828125 0.0125 0.01953125
0 0.84609375 0.07421875 0.0125 0.01796875
0 0.83046875 0.11953125 0.01484375 0.02109375
0 0.765625 0.0640625 0.0140625 0.02109375
0 0.83671875 0.2046875 0.01640625 0.025
0 0.95546875 0.00625 0.0125 0.01171875