0 0.378125 0.16171875 0.025 0.04140625
0 0.4671875 0.19140625 0.0296875 0.04140625
0 0.09765625 0.4140625 0.0484375 0.0703125
0 0.1515625 0.3 0.03984375 0.05625
0 0.60625 0.09453125 0.01953125 0.0296875
0 0.225 0.09375 0.0203125 0.03125
0 0.30390625 0.24453125 0.0328125 0.04453125
0 0.5296875 0.05546875 0.01484375 0.025
0 0.59765625 0.05 0.0171875 0.025
0 0.378125 0.09921875 0.0203125 0.03671875
0 0.0171875 0.54453125 0.034375 0.0703125
0 0.20546875 0.5109375 0.065625 0.0921875
0 0.09453125 0.35 0.04296875 0.05078125
0 0.321875 0.1828125 0.025 0.040625
0 0.08046875 0.6734375 0.07109375 0.1
0 0.12578125 0.56015625 0.05390625 0.06796875
0 0.353125 0.0625 0.0171875 0.0234375
0 0.7140625 0.01328125 0.01640625 0.02578125
0 0.5546875 0.009375 0.015625 0.01875
0 0.23984375 0.071875 0.01640625 0.021875
0 0.415625 0.05625 0.0171875 0.025
0 0.89609375 0.2078125 0.01640625 0.025
0 0.5890625 0.0140625 0.0140625 0.021875
0 0.55546875 0.065625 0.01640625 0.025
0 0.1734375 0.0203125 0.01484375 0.021875
0 0.190625 0.1109375 0.0203125 0.0296875
0 0.2546875 0.0671875 0.01484375 0.021875
0 0.1578125 0.01640625 0.0140625 0.021875
0 0.27890625 0.06796875 0.01640625 0.0234375
0 0.20234375 0.0203125 0.0140625 0.021875
0 0.28359375 0.0421875 0.0125 0.01953125
0 0.3671875 0.31875 0.021875 0.03671875
0 0.18671875 0.3765625 0.0484375 0.06484375
0 0.12578125 0.1171875 0.0203125 0.02578125
0 0.228125 0.0265625 0.01484375 0.021875
0 0.33046875 0.00703125 0.01484375 0.0140625
0 0.63203125 0.0296875 0.01953125 0.03125
0 0.1234375 0.26171875 0.03125 0.0390625
0 0.53828125 0.009375 0.0140625 0.01875
0 0.884375 0.1140625 0.0171875 0.021875
0 0.16875 0.05390625 0.015625 0.021875
0 0.17265625 0.225 0.0296875 0.04921875
0 0.1546875 0.1390625 0.01953125 0.02890625
0 0.15234375 0.07890625 0.0171875 0.021875
0 0.4671875 0.04453125 0.01875 0.02578125
0 0.25546875 0.03046875 0.0125 0.01953125
0 0.0609375 0.5859375 0.0578125 0.06484375
0 0.50078125 0.0515625 0.0140625 0.021875
0 0.95546875 0.1125 0.01640625 0.025
0 0.909375 0.06171875 0.01640625 0.025
0 0.1203125 0.04453125 0.0140625 0.0234375
0 0.5125 0.14921875 0.0265625 0.0375
0 0.99296875 0.08515625 0.01171875 0.021875
0 0.29609375 0.00625 0.0171875 0.01171875
0 0.26484375 0.09296875 0.021875 0.0296875
0 0.8921875 0.0578125 0.0140625 0.021875
0 0.24375 0.1 0.0171875 0.0296875
0 0.93125 0.02890625 0.01484375 0.02109375
0 0.21953125 0.0546875 0.01875 0.0234375
0 0.48359375 0.0109375 0.01484375 0.01953125
0 0.36875 0.00625 0.01484375 0.01171875
0 0.99140625 0.15390625 0.015625 0.0234375
0 0.20234375 0.14453125 0.0203125 0.02890625
0 0.50703125 0.0171875 0.0140625 0.01953125
0 0.52109375 0.00703125 0.01484375 0.0140625
0 0.6296875 0.00625 0.01484375 0.01171875
0 0.3390625 0.1515625 0.0203125 0.02734375
0 0.13671875 0.00859375 0.0140625 0.0171875