0 0.728125 0.125 0.02734375 0.04453125
0 0.1796875 0.06171875 0.01953125 0.0296875
0 0.76640625 0.10078125 0.0265625 0.0453125
0 0.8875 0.2984375 0.03984375 0.06484375
0 0.95859375 0.3296875 0.04375 0.06875
0 0.5875 0.28046875 0.0359375 0.05625
0 0.87578125 0.06171875 0.028125 0.04296875
0 0.20625 0.04921875 0.0171875 0.02578125
0 0.940625 0.115625 0.03203125 0.04921875
0 0.87421875 0.19921875 0.0390625 0.05703125
0 0.478125 0.06796875 0.0203125 0.03125
0 0.9546875 0.04921875 0.02734375 0.03671875
0 0.58671875 0.05546875 0.0203125 0.0328125
0 0.5296875 0.06953125 0.01875 0.0328125
0 0.3921875 0.06875 0.0234375 0.0328125
0 0.79609375 0.05078125 0.0265625 0.0390625
0 0.6484375 0.09453125 0.02734375 0.04296875
0 0.153125 0.0609375 0.01875 0.02734375
0 0.2421875 0.02265625 0.0171875 0.025
0 0.6640625 0.334375 0.046875 0.06796875
0 0.85625 0.4 0.059375 0.07421875
0 0.77109375 0.56171875 0.05390625 0.07421875
0 0.83203125 0.1546875 0.0328125 0.053125
0 0.76484375 0.0328125 0.03046875 0.04453125
0 0.28828125 0.00625 0.0171875 0.01171875
0 0.26640625 0.00703125 0.01484375 0.0140625
0 0.3703125 0.00625 0.01640625 0.01171875
0 0.5828125 0.01640625 0.01484375 0.021875
0 0.44453125 0.0921875 0.02734375 0.0375
0 0.63125 0.00625 0.01640625 0.01171875
0 0.06953125 0.1640625 0.0453125 0.0546875
0 0.2078125 0.44296875 0.053125 0.08828125
0 0.2359375 0.0734375 0.0171875 0.0296875
0 0.2140625 0.00546875 0.01640625 0.01015625
0 0.309375 0.00625 0.0125 0.0125