0 0.4953125 0.11796875 0.01875 0.0296875
0 0.46953125 0.1390625 0.01953125 0.0296875
0 0.35859375 0.40546875 0.034375 0.0484375
0 0.49375 0.06875 0.01484375 0.0234375
0 0.065625 0.54140625 0.0421875 0.05703125
0 0.36953125 0.31171875 0.028125 0.04296875
0 0.4265625 0.1921875 0.0171875 0.02734375
0 0.2984375 0.665625 0.05625 0.0796875
0 0.3671875 0.2125 0.021875 0.03125
0 0.07734375 0.29921875 0.0265625 0.03671875
0 0.1609375 0.3109375 0.0234375 0.02890625
0 0.7078125 0.21640625 0.02265625 0.03671875
0 0.5078125 0.22890625 0.0234375 0.03671875
0 0.73984375 0.27421875 0.02265625 0.0375
0 0.62421875 0.40546875 0.03046875 0.04296875
0 0.50703125 0.4625 0.0453125 0.06796875
0 0.384375 0.0828125 0.0140625 0.021875
0 0.85859375 0.33671875 0.0328125 0.0484375
0 0.61171875 0.3421875 0.02421875 0.04140625
0 0.1515625 0.87265625 0.0734375 0.09921875
0 0.25625 0.3375 0.02421875 0.0390625
0 0.3078125 0.23203125 0.02265625 0.03671875
0 0.5640625 0.0875 0.01640625 0.02578125
0 0.3890625 0.1578125 0.015625 0.02578125
0 0.1 0.6078125 0.0515625 0.071875
0 0.36953125 0.2453125 0.02265625 0.03515625
0 0.9625 0.446875 0.0359375 0.0484375
0 0.39609375 0.259375 0.02421875 0.03515625
0 0.6375 0.29296875 0.028125 0.0390625
0 0.228125 0.15 0.0203125 0.02734375
0 0.2734375 0.2375 0.021875 0.0328125
0 0.290625 0.53515625 0.03828125 0.06015625
0 0.43828125 0.1390625 0.015625 0.025
0 0.31953125 0.18046875 0.01953125 0.0296875
0 0.440625 0.6140625 0.04609375 0.0609375
0 0.45390625 0.29375 0.02734375 0.0375
0 0.5953125 0.1 0.0171875 0.02578125
0 0.009375 0.275 0.01875 0.03125
0 0.55546875 0.1390625 0.0171875 0.0296875
0 0.12890625 0.12265625 0.015625 0.02109375
0 0.615625 0.0390625 0.0125 0.02109375
0 0.19453125 0.06875 0.0140625 0.02109375
0 0.7078125 0.0921875 0.015625 0.0234375
0 0.809375 0.2671875 0.0296875 0.0484375
0 0.14296875 0.378125 0.03046875 0.04296875
0 0.4578125 0.10703125 0.01484375 0.0234375
0 0.665625 0.03203125 0.0125 0.01953125
0 0.39375 0.21328125 0.0171875 0.0234375
0 0.490625 0.0265625 0.01171875 0.01953125
0 0.321875 0.09765625 0.01484375 0.02109375
0 0.1859375 0.20546875 0.0234375 0.03125
0 0.6453125 0.23828125 0.02265625 0.02890625
0 0.278125 0.1796875 0.0171875 0.02578125
0 0.384375 0.1234375 0.0171875 0.0234375
0 0.5109375 0.1 0.015625 0.025
0 0.22578125 0.046875 0.0140625 0.02109375
0 0.0796875 0.23203125 0.01953125 0.02578125
0 0.44140625 0.00859375 0.01171875 0.0171875
0 0.13203125 0.7625 0.06640625 0.0921875
0 0.0109375 0.234375 0.0203125 0.03125
0 0.596875 0.23828125 0.02265625 0.03125
0 0.0390625 0.2875 0.0234375 0.03671875
0 0.73125 0.18125 0.021875 0.03671875
0 0.4703125 0.07265625 0.0140625 0.02109375
0 0.33359375 0.08203125 0.0125 0.02109375
0 0.68203125 0.07890625 0.01640625 0.02734375
0 0.1359375 0.08125 0.01484375 0.01953125
0 0.19765625 0.284375 0.0203125 0.0296875
0 0.70390625 0.1625 0.021875 0.0328125
0 0.06328125 0.08671875 0.015625 0.025
0 0.7609375 0.07265625 0.015625 0.02109375
0 0.3140625 0.12578125 0.01640625 0.025
0 0.8015625 0.1734375 0.02265625 0.03359375
0 0.52421875 0.1390625 0.01640625 0.02734375
0 0.16328125 0.25625 0.0234375 0.0328125
0 0.35234375 0.5640625 0.03828125 0.06015625
0 0.08359375 0.08203125 0.01484375 0.02109375
0 0.29609375 0.1609375 0.01953125 0.0296875
0 0.38125 0.0359375 0.01171875 0.01953125
0 0.3078125 0.06953125 0.0140625 0.01953125
0 0.196875 0.09921875 0.01640625 0.0234375
0 0.45546875 0.00703125 0.0125 0.0140625
0 0.253125 0.08046875 0.01484375 0.0234375
0 0.42109375 0.0578125 0.0125 0.01953125
0 0.2796875 0.0796875 0.0140625 0.0171875
0 0.540625 0.01953125 0.0109375 0.01796875
0 0.646875 0.0359375 0.01171875 0.01953125
0 0.7859375 0.0734375 0.01484375 0.01953125
0 0.8078125 0.3140625 0.028125 0.0390625
0 0.4078125 0.0890625 0.0140625 0.01953125
0 0.16875 0.34296875 0.03203125 0.0375
0 0.284375 0.13515625 0.01640625 0.0234375
0 0.5703125 0.01015625 0.0140625 0.01796875
0 0.46640625 0.20703125 0.0203125 0.03359375
0 0.359375 0.07265625 0.0140625 0.01796875
0 0.6265625 0.06171875 0.01484375 0.025
0 0.56640625 0.053125 0.0140625 0.02109375
0 0.15703125 0.03046875 0.015625 0.01953125
0 0.23125 0.11875 0.01640625 0.0234375
0 0.8921875 0.02578125 0.0140625 0.02109375
0 0.221875 0.23046875 0.02265625 0.03125
0 0.4328125 0.1109375 0.01484375 0.02109375
0 0.1296875 0.26328125 0.0234375 0.03359375
0 0.6796875 0.0484375 0.01171875 0.01796875
0 0.75078125 0.55 0.046875 0.0609375
0 0.38203125 0.00625 0.0140625 0.0125
0 0.25078125 0.14921875 0.0171875 0.025
0 0.74296875 0.46015625 0.0421875 0.06875
0 0.70546875 0.03828125 0.01484375 0.021875
0 0.690625 0.02890625 0.0140625 0.02109375
0 0.303125 0.09375 0.0125 0.02109375
0 0.43125 0.08046875 0.0125 0.0234375
0 0.40703125 0.00703125 0.0125 0.0140625
0 0.5265625 0.0265625 0.0125 0.01953125
0 0.36796875 0.15390625 0.01640625 0.0234375
0 0.10859375 0.025 0.01484375 0.01953125
0 0.25703125 0.1703125 0.015625 0.021875
0 0.50390625 0.0296875 0.01171875 0.01796875
0 0.33984375 0.00625 0.0140625 0.01171875
0 0.54296875 0.04140625 0.0140625 0.02109375
0 0.53203125 0.00625 0.0109375 0.01171875
0 0.18125 0.0796875 0.01484375 0.02109375
0 0.31875 0.0546875 0.0125 0.01796875
0 0.55546875 0.01640625 0.0109375 0.0171875
0 0.2515625 0.0546875 0.01484375 0.02109375
0 0.58671875 0.0765625 0.01640625 0.021875
0 0.30546875 0.0296875 0.0140625 0.01953125
0 0.028125 0.33046875 0.02421875 0.03125
0 0.190625 0.15 0.01640625 0.01953125
0 0.196875 0.03046875 0.0140625 0.01953125
0 0.59609375 0.0203125 0.0125 0.01953125
0 0.31640625 0.00703125 0.01171875 0.0140625
0 0.5046875 0.00625 0.009375 0.01171875
0 0.48359375 0.00625 0.01171875 0.01171875
0 0.103125 0.075 0.0140625 0.01953125
0 0.1828125 0.04765625 0.01484375 0.0171875
0 0.2171875 0.075 0.01484375 0.0171875
0 0.3546875 0.00625 0.0140625 0.01171875
0 0.7328125 0.0765625 0.01484375 0.021875
0 0.5796875 0.425 0.0296875 0.0375
0 0.6328125 0.0375 0.0140625 0.01796875
0 0.41875 0.11796875 0.01484375 0.025
0 0.14609375 0.0484375 0.01484375 0.02109375
0 0.00625 0.1734375 0.01171875 0.02109375
0 0.6296875 0.01640625 0.0140625 0.01953125
0 0.36875 0.00625 0.0125 0.01171875
0 0.59453125 0.053125 0.0140625 0.02109375
0 0.5421875 0.08125 0.01484375 0.025
0 0.6703125 0.2046875 0.021875 0.0375
0 0.73359375 0.10625 0.01640625 0.025
0 0.70859375 0.134375 0.01875 0.025
0 0.58359375 0.00625 0.0125 0.01171875
0 0.8703125 0.0296875 0.0125 0.0234375