0 0.68046875 0.5421875 0.028125 0.0515625
0 0.81953125 0.73359375 0.0328125 0.06484375
0 0.78046875 0.01875 0.02421875 0.03671875
0 0.8296875 0.4953125 0.02734375 0.05
0 0.540625 0.3578125 0.0265625 0.0484375
0 0.37734375 0.66640625 0.03203125 0.06484375
0 0.12578125 0.68203125 0.0328125 0.06484375
0 0.571875 0.48125 0.03046875 0.05625
0 0.0265625 0.078125 0.02734375 0.04375
0 0.7328125 0.01953125 0.021875 0.0390625
0 0.48984375 0.61796875 0.0359375 0.06171875
0 0.94765625 0.76875 0.034375 0.06328125
0 0.10625 0.30625 0.02734375 0.0484375
0 0.9015625 0.4453125 0.02421875 0.05
0 0.821875 0.55234375 0.03203125 0.05703125
0 0.06328125 0.43828125 0.028125 0.053125
0 0.92421875 0.37265625 0.0265625 0.0453125
0 0.7453125 0.21875 0.02421875 0.04140625
0 0.2484375 0.325 0.02734375 0.05
0 0.6078125 0.23515625 0.0203125 0.04375
0 0.88671875 0.1296875 0.0234375 0.04140625
0 0.175 0.2421875 0.025 0.0484375
0 0.8265625 0.34375 0.0234375 0.05
0 0.8921875 0.27421875 0.0234375 0.0453125
0 0.290625 0.31015625 0.025 0.046875
0 0.03046875 0.29375 0.02421875 0.0453125
0 0.7 0.29765625 0.02421875 0.04296875
0 0.36484375 0.30703125 0.02421875 0.046875
0 0.53828125 0.28125 0.021875 0.04140625
0 0.32734375 0.57578125 0.034375 0.0546875
0 0.66875 0.04375 0.02265625 0.03828125
0 0.2640625 0.22578125 0.0234375 0.0484375
0 0.14609375 0.48671875 0.03046875 0.05625
0 0.13984375 0.25546875 0.028125 0.0484375
0 0.9625 0.13984375 0.0234375 0.04375
0 0.43125 0.228125 0.0234375 0.04375
0 0.3 0.45078125 0.0265625 0.0484375
0 0.3078125 0.01484375 0.02265625 0.0296875
0 0.634375 0.19140625 0.0234375 0.04375
0 0.5203125 0.50625 0.0296875 0.0546875
0 0.7421875 0.36953125 0.02734375 0.0484375
0 0.7703125 0.40625 0.028125 0.046875
0 0.871875 0.45859375 0.03046875 0.05859375
0 0.6140625 0.096875 0.0234375 0.04375
0 0.59921875 0.56328125 0.03046875 0.05625
0 0.8703125 0.61796875 0.0328125 0.06171875
0 0.82109375 0.10703125 0.03046875 0.046875
0 0.403125 0.56484375 0.0265625 0.053125
0 0.92734375 0.26015625 0.028125 0.04375
0 0.759375 0.64765625 0.03125 0.0546875
0 0.76484375 0.57890625 0.0328125 0.05703125
0 0.93984375 0.02109375 0.0234375 0.0421875
0 0.88203125 0.3265625 0.025 0.046875
0 0.7359375 0.27890625 0.025 0.0453125
0 0.0328125 0.24453125 0.0234375 0.04296875
0 0.7375 0.48046875 0.03203125 0.05703125
0 0.721875 0.1515625 0.02421875 0.04375
0 0.3703125 0.1328125 0.0265625 0.0453125
0 0.9328125 0.30625 0.0265625 0.0484375
0 0.56875 0.24140625 0.01875 0.03515625
0 0.18671875 0.328125 0.0296875 0.05
0 0.67578125 0.23984375 0.02734375 0.046875
0 0.35859375 0.56015625 0.0296875 0.05625
0 0.49296875 0.09375 0.02421875 0.04296875
0 0.95234375 0.5796875 0.03125 0.05859375
0 0.409375 0.3125 0.02421875 0.0484375
0 0.321875 0.11640625 0.025 0.046875
0 0.3703125 0.40078125 0.0265625 0.0546875
0 0.334375 0.26328125 0.025 0.046875
0 0.671875 0.10625 0.02734375 0.04140625
0 0.7640625 0.33984375 0.0265625 0.04375
0 0.33515625 0.4 0.02734375 0.05
0 0.42734375 0.44765625 0.028125 0.0515625
0 0.4171875 0.38359375 0.02734375 0.046875
0 0.84765625 0.33515625 0.021875 0.04140625
0 0.4734375 0.290625 0.02265625 0.04296875
0 0.5578125 0.10234375 0.0234375 0.04296875
0 0.025 0.19609375 0.0234375 0.0453125
0 0.36015625 0.23671875 0.021875 0.04375
0 0.90546875 0.40546875 0.02421875 0.028125
0 0.78828125 0.25078125 0.025 0.0453125
0 0.5296875 0.19375 0.028125 0.05
0 0.67265625 0.3421875 0.03046875 0.0484375
0 0.9921875 0.37734375 0.0140625 0.03984375
0 0.24296875 0.27421875 0.028125 0.03984375
0 0.97421875 0.41875 0.0265625 0.046875
0 0.69765625 0.35859375 0.028125 0.046875
0 0.19375 0.28671875 0.0265625 0.03515625
0 0.54140625 0.23515625 0.0203125 0.03515625
0 0.48359375 0.23046875 0.0203125 0.03671875
0 0.64140625 0.01328125 0.0203125 0.0265625
0 0.4734375 0.14453125 0.021875 0.03359375
0 0.61953125 0.009375 0.02265625 0.01875
0 0.79765625 0.9 0.040625 0.0765625
0 0.15234375 0.00625 0.0234375 0.0125
0 0.49140625 0.18984375 0.0171875 0.03515625
0 0.58828125 0.00625 0.0234375 0.0125
0 0.0046875 0.146875 0.009375 0.04375
0 0.134375 0.10625 0.02421875 0.0484375
0 0.13203125 0.3015625 0.0234375 0.05