0 0.42265625 0.31875 0.0296875 0.04296875
0 0.5921875 0.1171875 0.015625 0.02109375
0 0.47734375 0.1625 0.0171875 0.02890625
0 0.10859375 0.37421875 0.03046875 0.05078125
0 0.54609375 0.10390625 0.01640625 0.0234375
0 0.5515625 0.4265625 0.0390625 0.0609375
0 0.32109375 0.20546875 0.02421875 0.03125
0 0.04765625 0.2625 0.0234375 0.0375
0 0.475 0.38203125 0.03203125 0.05625
0 0.5578125 0.2984375 0.0265625 0.04296875
0 0.62421875 0.5796875 0.03828125 0.06484375
0 0.675 0.4375 0.03203125 0.04921875
0 0.96171875 0.2734375 0.0265625 0.03671875
0 0.5265625 0.06875 0.01171875 0.01796875
0 0.17109375 0.2984375 0.0265625 0.0390625
0 0.55234375 0.20078125 0.02265625 0.03671875
0 0.29296875 0.1171875 0.0140625 0.02109375
0 0.7640625 0.2046875 0.0203125 0.03125
0 0.8921875 0.296875 0.028125 0.04140625
0 0.69765625 0.69921875 0.0515625 0.09375
0 0.4359375 0.09296875 0.0140625 0.01953125
0 0.2046875 0.1640625 0.021875 0.02890625
0 0.2734375 0.221875 0.021875 0.0328125
0 0.28203125 0.68046875 0.06171875 0.1
0 0.409375 0.11796875 0.01484375 0.025
0 0.8640625 0.34765625 0.0375 0.046875
0 0.4984375 0.2125 0.01875 0.03125
0 0.48046875 0.0765625 0.0140625 0.01953125
0 0.1203125 0.28125 0.0265625 0.03671875
0 0.13203125 0.06953125 0.01171875 0.0140625
0 0.01875 0.1265625 0.01484375 0.02109375
0 0.02578125 0.26796875 0.02265625 0.03671875
0 0.403125 0.07890625 0.0125 0.01953125
0 0.0328125 0.06796875 0.0140625 0.01796875
0 0.2796875 0.13671875 0.015625 0.0234375
0 0.15703125 0.05625 0.01171875 0.01796875
0 0.7703125 0.24921875 0.025 0.0375
0 0.8578125 0.95390625 0.109375 0.08984375
0 0.62890625 0.0484375 0.01171875 0.0171875
0 0.325 0.59453125 0.05390625 0.0921875
0 0.16796875 0.14453125 0.0171875 0.0234375
0 0.071875 0.06875 0.0125 0.01796875
0 0.54375 0.0421875 0.0109375 0.0140625
0 0.23359375 0.1046875 0.0125 0.01953125
0 0.07890625 0.1203125 0.015625 0.021875
0 0.36796875 0.11953125 0.01484375 0.0234375
0 0.5078125 0.04296875 0.009375 0.01328125
0 0.5921875 0.0296875 0.00859375 0.01328125
0 0.6765625 0.13828125 0.015625 0.0234375
0 0.31953125 0.11875 0.015625 0.021875
0 0.353125 0.1140625 0.01484375 0.021875
0 0.31328125 0.14453125 0.015625 0.02578125
0 0.0140625 0.33828125 0.02734375 0.04453125
0 0.603125 0.0515625 0.01171875 0.0171875
0 0.5671875 0.0484375 0.009375 0.015625
0 0.29140625 0.05625 0.0109375 0.01328125
0 0.465625 0.0953125 0.0140625 0.02109375
0 0.76484375 0.60078125 0.0375 0.05234375
0 0.3703125 0.09375 0.01171875 0.01796875
0 0.08671875 0.25625 0.0265625 0.0375
0 0.3109375 0.06328125 0.0109375 0.0171875
0 0.728125 0.0125 0.01171875 0.01953125
0 0.0046875 0.13125 0.009375 0.0234375
0 0.8546875 0.29296875 0.021875 0.03125
0 0.58125 0.0296875 0.0109375 0.01328125
0 0.2140625 0.0328125 0.0109375 0.015625
0 0.4546875 0.071875 0.01171875 0.0171875
0 0.2328125 0.0515625 0.009375 0.0171875
0 0.64296875 0.00703125 0.0109375 0.0140625
0 0.41875 0.05625 0.00859375 0.0140625
0 0.3421875 0.05078125 0.00859375 0.015625
0 0.60625 0.01640625 0.00859375 0.0140625
0 0.53203125 0.04296875 0.009375 0.01328125
0 0.61796875 0.0140625 0.00859375 0.01328125
0 0.4828125 0.0453125 0.009375 0.0140625
0 0.42890625 0.04296875 0.00859375 0.01328125
0 0.25625 0.05546875 0.00859375 0.0140625
0 0.49375 0.0296875 0.00703125 0.01015625
0 0.2625 0.1171875 0.0140625 0.01796875
0 0.45546875 0.04453125 0.00859375 0.01328125
0 0.44453125 0.04453125 0.0078125 0.01328125
0 0.0515625 0.11875 0.0140625 0.0234375
0 0.46953125 0.0515625 0.009375 0.0140625
0 0.2796875 0.065625 0.00859375 0.0140625
0 0.4671875 0.00625 0.00859375 0.01171875
0 0.1828125 0.0421875 0.009375 0.0140625
0 0.26796875 0.08125 0.0109375 0.0140625
0 0.00390625 0.04375 0.0078125 0.01953125
0 0.2453125 0.08125 0.0109375 0.0140625
0 0.55625 0.01796875 0.00703125 0.01328125
0 0.53203125 0.02890625 0.00859375 0.01328125
0 0.55546875 0.00546875 0.00859375 0.01015625
0 0.35546875 0.053125 0.0078125 0.01328125
0 0.3390625 0.11875 0.01484375 0.01796875
0 0.54375 0.00546875 0.00859375 0.01015625
0 0.6171875 0.03203125 0.009375 0.0140625
0 0.3921875 0.01796875 0.0078125 0.01328125
0 0.21015625 0.11875 0.01484375 0.021875
0 0.36875 0.04453125 0.00703125 0.01328125
0 0.0046875 0.1921875 0.00859375 0.0296875
0 0.03828125 0.18046875 0.021875 0.0296875
0 0.12890625 0.13125 0.0140625 0.0234375
0 0.446875 0.1546875 0.01640625 0.02578125
0 0.096875 0.16875 0.01875 0.025
0 0.51796875 0.00546875 0.00859375 0.01015625
0 0.475 0.025 0.00859375 0.01328125
0 0.503125 0.00546875 0.00859375 0.01015625
0 0.6265625 0.1265625 0.01484375 0.0234375
0 0.24296875 0.04375 0.00859375 0.0140625
0 0.58046875 0.00546875 0.00859375 0.01015625
0 0.43203125 0.00546875 0.00859375 0.01015625
0 0.54375 0.0171875 0.0078125 0.01328125
0 0.38125 0.053125 0.00859375 0.01328125
0 0.11640625 0.0671875 0.009375 0.0140625
0 0.01875 0.0953125 0.0140625 0.02109375
0 0.21796875 0.0875 0.0125 0.0171875
0 0.0578125 0.15 0.01953125 0.025
0 0.66875 0.00625 0.01171875 0.01171875
0 0.40546875 0.04296875 0.00703125 0.01328125
0 0.56796875 0.00546875 0.00703125 0.0078125
0 0.20546875 0.04453125 0.0109375 0.015625
0 0.4921875 0.00546875 0.0078125 0.0078125
0 0.00703125 0.08046875 0.01171875 0.01796875
0 0.25390625 0.03046875 0.009375 0.01171875
0 0.14453125 0.04453125 0.009375 0.015625
0 0.63203125 0.009375 0.009375 0.0140625
0 0.27109375 0.04296875 0.00859375 0.01328125
0 0.31953125 0.046875 0.009375 0.01328125
0 0.1453125 0.15625 0.0171875 0.02578125
0 0.59453125 0.00546875 0.00859375 0.0078125
0 0.36875 0.03125 0.0078125 0.01015625
0 0.353125 0.06875 0.0109375 0.01796875
0 0.45546875 0.00546875 0.00859375 0.01015625
0 0.9875 0.28203125 0.0203125 0.03515625
0 0.1046875 0.14140625 0.015625 0.021875
0 0.19375 0.04375 0.0109375 0.0140625
0 0.12109375 0.16328125 0.0171875 0.025
0 0.6421875 0.04375 0.009375 0.0171875
0 0.56953125 0.0296875 0.0078125 0.01328125
0 0.33046875 0.0390625 0.00859375 0.01328125
0 0.2328125 0.01875 0.009375 0.0140625
0 0.6859375 0.01171875 0.0109375 0.01796875
0 0.4421875 0.06875 0.009375 0.0171875
0 0.3421875 0.03046875 0.0078125 0.01171875
0 0.39296875 0.05625 0.00859375 0.01328125
0 0.1328125 0.03046875 0.009375 0.01171875
0 0.4296875 0.06796875 0.009375 0.01328125
0 0.1859375 0.13125 0.015625 0.0234375