0 0.97734375 0.546875 0.0296875 0.0453125
0 0.2765625 0.6046875 0.02734375 0.0484375
0 0.86875 0.20234375 0.0171875 0.0375
0 0.81640625 0.215625 0.0171875 0.03359375
0 0.35625 0.8296875 0.0328125 0.0484375
0 0.4265625 0.378125 0.02265625 0.0375
0 0.625 0.78828125 0.0296875 0.05625
0 0.03125 0.31484375 0.02734375 0.0375
0 0.3203125 0.56171875 0.025 0.0453125
0 0.1625 0.3578125 0.0203125 0.03359375
0 0.8765625 0.44765625 0.02265625 0.04140625
0 0.84375 0.51875 0.02734375 0.0484375
0 0.35390625 0.01875 0.02265625 0.0375
0 0.8484375 0.23046875 0.02265625 0.03359375
0 0.27109375 0.878125 0.0328125 0.06328125
0 0.725 0.6234375 0.0296875 0.0484375
0 0.14140625 0.43671875 0.02734375 0.04140625
0 0.2078125 0.17421875 0.0203125 0.03359375
0 0.75390625 0.4703125 0.02265625 0.0484375
0 0.2421875 0.140625 0.0203125 0.03359375
0 0.43125 0.78125 0.0328125 0.05625
0 0.2046875 0.4546875 0.025 0.04140625
0 0.10390625 0.28828125 0.02265625 0.0375
0 0.35390625 0.89296875 0.0375 0.06328125
0 0.45234375 0.3859375 0.025 0.0375
0 0.78515625 0.6046875 0.0296875 0.05625
0 0.1921875 0.50546875 0.025 0.0453125
0 0.92265625 0.18203125 0.0203125 0.03359375
0 0.45234375 0.92109375 0.0296875 0.0671875
0 0.40390625 0.19453125 0.0171875 0.0375
0 0.8875 0.58203125 0.025 0.04140625
0 0.9671875 0.12578125 0.0203125 0.03359375
0 0.46484375 0.31484375 0.0203125 0.0375
0 0.35390625 0.25859375 0.02265625 0.0375
0 0.3890625 0.046875 0.02265625 0.03359375
0 0.1296875 0.87265625 0.0296875 0.06015625
0 0.31875 0.9640625 0.0375 0.06328125
0 0.1796875 0.6046875 0.0203125 0.04140625
0 0.69609375 0.45703125 0.02265625 0.0453125
0 0.94609375 0.66875 0.02734375 0.0484375
0 0.5140625 0.61796875 0.02734375 0.05234375
0 0.7953125 0.16640625 0.0203125 0.03359375
0 0.82734375 0.37109375 0.025 0.0375
0 0.40625 0.96796875 0.0375 0.05625
0 0.1140625 0.25078125 0.02265625 0.0375
0 0.6015625 0.2375 0.02265625 0.03359375
0 0.6140625 0.54140625 0.02734375 0.0484375
0 0.43125 0.709375 0.02734375 0.0484375
0 0.49375 0.771875 0.0328125 0.06015625
0 0.2359375 0.5109375 0.02734375 0.04140625
0 0.7390625 0.15390625 0.0171875 0.0296875
0 0.40625 0.321875 0.02265625 0.0375
0 0.84375 0.09765625 0.02265625 0.0375
0 0.71484375 0.33671875 0.025 0.0375
0 0.91484375 0.4625 0.025 0.04140625
0 0.325 0.1890625 0.025 0.04140625
0 0.4484375 0.2734375 0.02265625 0.0375
0 0.31484375 0.79375 0.0296875 0.06015625
0 0.9265625 0.37265625 0.02265625 0.04140625
0 0.325 0.61796875 0.0296875 0.05234375
0 0.0875 0.603125 0.025 0.0453125
0 0.1125 0.35546875 0.025 0.0375
0 0.9546875 0.046875 0.0203125 0.03359375
0 0.5421875 0.94921875 0.03515625 0.06328125
0 0.7046875 0.85546875 0.03515625 0.06328125
0 0.60859375 0.86328125 0.0375 0.07109375
0 0.2671875 0.490625 0.025 0.0453125
0 0.76875 0.16875 0.0171875 0.0296875
0 0.90859375 0.12578125 0.02265625 0.03359375
0 0.43359375 0.309375 0.0171875 0.03359375
0 0.1984375 0.69453125 0.02734375 0.0484375
0 0.40625 0.13828125 0.0171875 0.0375
0 0.4828125 0.659375 0.0296875 0.05234375
0 0.66875 0.11796875 0.0171875 0.0265625
0 0.65625 0.87109375 0.0375 0.06328125
0 0.18984375 0.0203125 0.0203125 0.03359375
0 0.62890625 0.44765625 0.02265625 0.04140625
0 0.52109375 0.4546875 0.02734375 0.04140625
0 0.6734375 0.5953125 0.02734375 0.05234375
0 0.9859375 0.5953125 0.02265625 0.05234375
0 0.13984375 0.56171875 0.0296875 0.0453125
0 0.7765625 0.75078125 0.0328125 0.06328125
0 0.57265625 0.81484375 0.0296875 0.06328125
0 0.61484375 0.31484375 0.0203125 0.0375
0 0.4515625 0.4421875 0.02734375 0.0453125
0 0.4328125 0.215625 0.01484375 0.03359375
0 0.5328125 0.85 0.03984375 0.06015625
0 0.7859375 0.4703125 0.02734375 0.04140625
0 0.89609375 0.1609375 0.02265625 0.0296875
0 0.77109375 0.209375 0.02265625 0.0375
0 0.64765625 0.67421875 0.0296875 0.05234375
0 0.9578125 0.80703125 0.03515625 0.06328125
0 0.0828125 0.5484375 0.025 0.0484375
0 0.3046875 0.6875 0.0296875 0.0484375
0 0.3328125 0.37265625 0.025 0.04140625
0 0.2359375 0.58203125 0.02734375 0.04140625
0 0.2171875 0.90625 0.0296875 0.05234375
0 0.7140625 0.68203125 0.0328125 0.05234375
0 0.875 0.12578125 0.01484375 0.03359375
0 0.1734375 0.9640625 0.0328125 0.06328125
0 0.98515625 0.26015625 0.0203125 0.03359375
0 0.16484375 0.725 0.0296875 0.05625
0 0.9296875 0.06171875 0.01484375 0.0265625
0 0.2546875 0.95703125 0.03515625 0.06328125
0 0.65625 0.75078125 0.0375 0.06328125
0 0.49140625 0.20234375 0.02265625 0.0375
0 0.97890625 0.16875 0.0171875 0.0296875
0 0.2421875 0.20234375 0.0203125 0.0375
0 0.55625 0.76015625 0.0328125 0.05234375
0 0.63125 0.6046875 0.02734375 0.0484375
0 0.64609375 0.5109375 0.02734375 0.0484375
0 0.0171875 0.778125 0.034375 0.053125
0 0.8484375 0.18203125 0.02265625 0.03359375
0 0.4171875 0.01875 0.0203125 0.0296875
0 0.84765625 0.14609375 0.0203125 0.0375
0 0.80859375 0.56015625 0.02265625 0.0484375
0 0.13359375 0.159375 0.0171875 0.03359375
0 0.4640625 0.075 0.0171875 0.0375
0 0.48125 0.04140625 0.02265625 0.0375
0 0.8640625 0.34296875 0.02265625 0.04140625
0 0.7484375 0.56953125 0.02265625 0.0453125
0 0.19609375 0.37265625 0.0171875 0.04140625
0 0.10625 0.39140625 0.02265625 0.03359375
0 0.38359375 0.78828125 0.0328125 0.0484375
0 0.88359375 0.3859375 0.02265625 0.0375
0 0.4875 0.31640625 0.025 0.04140625
0 0.2484375 0.06171875 0.02265625 0.0265625
0 0.0921875 0.4703125 0.0203125 0.04140625
0 0.0578125 0.1046875 0.025 0.0375
0 0.4828125 0.47578125 0.0296875 0.0453125
0 0.17109375 0.42109375 0.02734375 0.04140625
0 0.09609375 0.20234375 0.02265625 0.0453125
0 0.20625 0.6234375 0.02734375 0.0484375
0 0.6953125 0.5265625 0.025 0.0484375
0 0.4546875 0.14609375 0.025 0.0375
0 0.13984375 0.65390625 0.0296875 0.05625
0 0.45234375 0.575 0.0296875 0.0484375
0 0.6921875 0.25078125 0.0203125 0.0375
0 0.56640625 0.546875 0.02265625 0.0375
0 0.58984375 0.66875 0.0296875 0.0484375
0 0.14140625 0.309375 0.02734375 0.04140625
0 0.42109375 0.4625 0.02734375 0.04140625
0 0.4453125 0.2375 0.0203125 0.0265625
0 0.4984375 0.0765625 0.0171875 0.03359375
0 0.29375 0.11796875 0.02265625 0.03359375
0 0.06484375 0.209375 0.025 0.0375
0 0.82265625 0.67421875 0.0296875 0.06015625
0 0.9546875 0.31484375 0.0203125 0.0375
0 0.68515625 0.06953125 0.01484375 0.0265625
0 0.8171875 0.42109375 0.0203125 0.04140625
0 0.8734375 0.66875 0.02734375 0.05625
0 0.25859375 0.69453125 0.0328125 0.0484375
0 0.91640625 0.56171875 0.02734375 0.05234375
0 0.1078125 0.63828125 0.0296875 0.0484375
0 0.4140625 0.06171875 0.02265625 0.03359375
0 0.82734375 0.48515625 0.025 0.04140625
0 0.825 0.14609375 0.0203125 0.0375
0 0.55390625 0.31484375 0.02265625 0.0453125
0 0.3296875 0.11015625 0.025 0.03359375
0 0.6578125 0.14609375 0.0203125 0.0296875
0 0.76640625 0.39140625 0.02265625 0.04140625
0 0.88515625 0.08203125 0.01484375 0.0296875
0 0.1453125 0.215625 0.0203125 0.03359375
0 0.69609375 0.1875 0.0171875 0.0296875
0 0.04375 0.0390625 0.0171875 0.03359375
0 0.35390625 0.14609375 0.02265625 0.0375
0 0.1859375 0.265625 0.02734375 0.0453125
0 0.32265625 0.075 0.0203125 0.0296875
0 0.29140625 0.753125 0.0328125 0.05234375
0 0.73984375 0.753125 0.0296875 0.06015625
0 0.4578125 0.5265625 0.0296875 0.04140625
0 0.3546875 0.309375 0.025 0.03359375
0 0.1515625 0.4984375 0.02734375 0.05234375
0 0.0234375 0.16875 0.02265625 0.0375
0 0.9328125 0.0265625 0.01484375 0.0296875
0 0.675 0.42109375 0.025 0.04140625
0 0.9625 0.196875 0.0203125 0.04140625
0 0.95625 0.4703125 0.02734375 0.0484375
0 0.9765625 0.35 0.02734375 0.04140625
0 0.9828125 0.075 0.0203125 0.0296875
0 0.3546875 0.709375 0.0296875 0.05625
0 0.56484375 0.58984375 0.025 0.04140625
0 0.0296875 0.36328125 0.025 0.0375
0 0.00859375 0.265625 0.0171875 0.0375
0 0.52734375 0.14609375 0.025 0.0375
0 0.91484375 0.215625 0.025 0.03359375
0 0.42734375 0.34296875 0.0203125 0.0265625
0 0.41875 0.61796875 0.02734375 0.0453125
0 0.7984375 0.06171875 0.0171875 0.0265625
0 0.64609375 0.39921875 0.02734375 0.04140625
0 0.0671875 0.44765625 0.0203125 0.04140625
0 0.37890625 0.61796875 0.02734375 0.0453125
0 0.05390625 0.18203125 0.0171875 0.03359375
0 0.51875 0.35 0.02734375 0.04140625
0 0.57734375 0.14609375 0.0203125 0.0375
0 0.4984375 0.25859375 0.0171875 0.0375
0 0.58984375 0.4921875 0.0296875 0.0484375
0 0.08125 0.6796875 0.02734375 0.0484375
0 0.9875 0.209375 0.0203125 0.0375
0 0.6140625 0.04140625 0.0171875 0.0296875
0 0.08125 0.9640625 0.0375 0.06328125
0 0.90234375 0.28125 0.025 0.0453125
0 0.7125 0.03359375 0.0203125 0.0296875
0 0.18359375 0.82734375 0.0328125 0.05234375
0 0.06015625 0.8578125 0.03515625 0.06015625
0 0.71015625 0.11015625 0.0203125 0.03359375
0 0.6921875 0.04140625 0.01484375 0.0296875
0 0.17734375 0.11015625 0.0203125 0.03359375
0 0.04375 0.42734375 0.02734375 0.0453125
0 0.2296875 0.75078125 0.03515625 0.06328125
0 0.68984375 0.22265625 0.01484375 0.0265625
0 0.05859375 0.725 0.0328125 0.05625
0 0.95625 0.01328125 0.0171875 0.0265625
0 0.24140625 0.03359375 0.0171875 0.0296875
0 0.3421875 0.6609375 0.03515625 0.0484375
0 0.38515625 0.2375 0.0203125 0.04140625
0 0.9515625 0.61015625 0.02734375 0.05234375
0 0.5796875 0.2734375 0.0203125 0.0375
0 0.18984375 0.2171875 0.0203125 0.0375
0 0.49609375 0.97578125 0.0421875 0.04140625
0 0.14140625 0.08203125 0.02265625 0.0375
0 0.45390625 0.63828125 0.02734375 0.0484375
0 0.6546875 0.0265625 0.0203125 0.0296875
0 0.00859375 0.5203125 0.0171875 0.05234375
0 0.9015625 0.0671875 0.0171875 0.0296875
0 0.09375 0.08203125 0.0171875 0.0296875
0 0.19609375 0.1328125 0.0171875 0.03359375
0 0.0609375 0.8 0.0328125 0.0484375
0 0.0234375 0.98125 0.0421875 0.0296875
0 0.3609375 0.06171875 0.02265625 0.03359375
0 0.2703125 0.40078125 0.025 0.0453125
0 0.87890625 0.04140625 0.0125 0.0296875
0 0.0890625 0.16640625 0.02265625 0.03359375
0 0.1078125 0.725 0.0296875 0.0484375
0 0.0625 0.51328125 0.025 0.0453125
0 0.7625 0.70234375 0.025 0.04140625
0 0.8140625 0.11796875 0.0171875 0.03359375
0 0.2875 0.01875 0.0203125 0.0375
0 0.7734375 0.25859375 0.02265625 0.0375
0 0.2421875 0.3859375 0.0203125 0.0375
0 0.875 0.26015625 0.0203125 0.04140625
0 0.65859375 0.25859375 0.02265625 0.0375
0 0.8546875 0.01875 0.0203125 0.0296875
0 0.00625 0.66875 0.0125 0.0484375
0 0.5109375 0.18203125 0.0171875 0.0265625
0 0.1375 0.25859375 0.025 0.0375
0 0.05390625 0.65390625 0.0328125 0.0484375
0 0.64375 0.34296875 0.02734375 0.04140625
0 0.6984375 0.3859375 0.02265625 0.0375
0 0.9484375 0.40078125 0.02265625 0.0453125
0 0.64140625 0.08984375 0.0171875 0.0296875
0 0.5265625 0.53359375 0.02734375 0.04140625
0 0.04375 0.253125 0.02734375 0.04140625
0 0.3875 0.29375 0.025 0.03359375
0 0.6796875 0.66875 0.025 0.0484375
0 0.54609375 0.11015625 0.02265625 0.03359375
0 0.63125 0.25078125 0.0171875 0.0375
0 0.91015625 0.4140625 0.025 0.04140625
0 0.57734375 0.2453125 0.0203125 0.03359375
0 0.58984375 0.0953125 0.025 0.03359375
0 0.86640625 0.0953125 0.0171875 0.0265625
0 0.76640625 0.51875 0.02265625 0.04140625
0 0.39609375 0.36484375 0.02265625 0.04140625
0 0.7390625 0.43671875 0.02265625 0.04140625
0 0.7640625 0.08984375 0.0171875 0.0375
0 0.61484375 0.1796875 0.0203125 0.0375
0 0.00625 0.84453125 0.0125 0.05625
0 0.98125 0.01328125 0.0171875 0.0265625
0 0.52734375 0.26015625 0.0203125 0.03359375
0 0.9453125 0.16875 0.01484375 0.0296875
0 0.73359375 0.25859375 0.02265625 0.0375
0 0.7390625 0.01875 0.0171875 0.0296875
0 0.81015625 0.253125 0.0203125 0.03359375
0 0.80625 0.48515625 0.0171875 0.04140625
0 0.3609375 0.41953125 0.02734375 0.0453125
0 0.6265625 0.28671875 0.02265625 0.03359375
0 0.5546875 0.3859375 0.0203125 0.0453125
0 0.93515625 0.3 0.0203125 0.0375
0 0.14609375 0.1328125 0.0171875 0.03359375
0 0.7515625 0.11796875 0.0171875 0.03359375
0 0.48515625 0.11796875 0.0203125 0.0265625
0 0.27734375 0.24375 0.0203125 0.0296875
0 0.14765625 0.80703125 0.03984375 0.06328125
0 0.78515625 0.35 0.025 0.04140625
0 0.4609375 0.85546875 0.0375 0.0484375
0 0.71875 0.4984375 0.02734375 0.05234375
0 0.2484375 0.27890625 0.02265625 0.04140625
0 0.4921875 0.0078125 0.01484375 0.01484375
0 0.02109375 0.725 0.0328125 0.04140625
0 0.59375 0.01875 0.02265625 0.0296875
0 0.1953125 0.56953125 0.0203125 0.0375
0 0.58515625 0.2171875 0.0203125 0.0296875
0 0.4390625 0.1890625 0.0171875 0.0265625
0 0.725 0.0765625 0.0203125 0.0265625
0 0.9296875 0.08984375 0.01484375 0.0296875
0 0.52890625 0.225 0.02265625 0.0296875
0 0.2890625 0.271875 0.02734375 0.04140625
0 0.11640625 0.1046875 0.0171875 0.0296875
0 0.9453125 0.084375 0.01484375 0.0265625
0 0.65234375 0.1875 0.0203125 0.0296875