0 0.2734375 0.15234375 0.025 0.04375
0 0.65234375 0.390625 0.03125 0.0578125
0 0.7921875 0.33359375 0.03046875 0.06015625
0 0.82890625 0.39453125 0.0296875 0.06171875
0 0.3921875 0.77265625 0.040625 0.07578125
0 0.2640625 0.94140625 0.040625 0.07265625
0 0.2625 0.65546875 0.0359375 0.06640625
0 0.6171875 0.89453125 0.040625 0.07578125
0 0.9421875 0.0171875 0.0234375 0.03359375
0 0.38828125 0.59453125 0.0359375 0.0578125
0 0.471875 0.66484375 0.03828125 0.06640625
0 0.8859375 0.85390625 0.0390625 0.06953125
0 0.31328125 0.1984375 0.02734375 0.0546875
0 0.09453125 0.728125 0.0390625 0.06953125
0 0.4640625 0.95 0.04375 0.08046875
0 0.0265625 0.471875 0.0328125 0.06796875
0 0.259375 0.41328125 0.034375 0.06171875
0 0.3265625 0.828125 0.04765625 0.08203125
0 0.56328125 0.54765625 0.0375 0.07421875
0 0.09296875 0.14765625 0.0203125 0.04375
0 0.67734375 0.50546875 0.034375 0.06796875
0 0.325 0.6703125 0.0375 0.06796875
0 0.5609375 0.6984375 0.0375 0.06640625
0 0.6171875 0.66875 0.03515625 0.06796875
0 0.025 0.09765625 0.02421875 0.04375
0 0.7390625 0.07265625 0.0234375 0.0421875
0 0.38984375 0.95390625 0.046875 0.07578125
0 0.353125 0.15234375 0.0234375 0.04375
0 0.95234375 0.38515625 0.028125 0.05625
0 0.3765625 0.67265625 0.03984375 0.07890625
0 0.475 0.38203125 0.03125 0.06015625
0 0.0875 0.29453125 0.02734375 0.05
0 0.41875 0.23515625 0.0296875 0.053125
0 0.89921875 0.76640625 0.03984375 0.07265625
0 0.63984375 0.09453125 0.0203125 0.046875
0 0.0203125 0.2765625 0.028125 0.0546875
0 0.8171875 0.67734375 0.03984375 0.07890625
0 0.7609375 0.60078125 0.03515625 0.06796875
0 0.09296875 0.6125 0.03828125 0.06796875
0 0.6046875 0.28515625 0.02734375 0.05625
0 0.46171875 0.821875 0.0359375 0.07578125
0 0.21796875 0.78515625 0.04375 0.07421875
0 0.503125 0.0875 0.02265625 0.0421875
0 0.7109375 0.971875 0.0453125 0.053125
0 0.090625 0.0125 0.0203125 0.02421875
0 0.0640625 0.16875 0.02734375 0.05
0 0.92734375 0.1453125 0.0265625 0.0515625
0 0.3734375 0.53125 0.034375 0.0578125
0 0.55390625 0.1015625 0.0234375 0.0484375
0 0.0890625 0.37578125 0.0296875 0.046875
0 0.61875 0.540625 0.0328125 0.06328125
0 0.6140625 0.16171875 0.02265625 0.0390625
0 0.1765625 0.23828125 0.025 0.04375
0 0.76484375 0.24921875 0.0265625 0.053125
0 0.6671875 0.73515625 0.03203125 0.06796875
0 0.20859375 0.278125 0.0265625 0.0515625
0 0.4125 0.10390625 0.02421875 0.05
0 0.1828125 0.703125 0.0375 0.07421875
0 0.7921875 0.278125 0.0265625 0.0453125
0 0.51796875 0.67265625 0.034375 0.06328125
0 0.51484375 0.56953125 0.0375 0.07265625
0 0.6484375 0.60078125 0.0375 0.07421875
0 0.96796875 0.278125 0.03046875 0.06171875
0 0.109375 0.09609375 0.0234375 0.04375
0 0.5109375 0.49609375 0.03515625 0.0578125
0 0.56171875 0.05625 0.0203125 0.0390625
0 0.1796875 0.3 0.03125 0.06328125
0 0.08046875 0.42890625 0.03046875 0.053125
0 0.52578125 0.95703125 0.04609375 0.07890625
0 0.0609375 0.29609375 0.0296875 0.05625
0 0.17109375 0.59453125 0.0375 0.07421875
0 0.79453125 0.9203125 0.04765625 0.0953125
0 0.51640625 0.7703125 0.040625 0.07421875
0 0.0328125 0.3484375 0.034375 0.06328125
0 0.55546875 0.43984375 0.03125 0.05625
0 0.4546875 0.2390625 0.028125 0.0578125
0 0.82890625 0.83203125 0.040625 0.08046875
0 0.35625 0.31875 0.03125 0.06015625
0 0.0171875 0.2125 0.028125 0.05
0 0.81328125 0.01640625 0.021875 0.03203125
0 0.5890625 0.11328125 0.02265625 0.0390625
0 0.9015625 0.59453125 0.040625 0.07421875
0 0.634375 0.4671875 0.034375 0.0578125
0 0.81171875 0.1375 0.0234375 0.0515625
0 0.08203125 0.2203125 0.0234375 0.046875
0 0.28359375 0.771875 0.03828125 0.06796875
0 0.2484375 0.04609375 0.025 0.040625
0 0.596875 0.76640625 0.03984375 0.07890625
0 0.2921875 0.36796875 0.0359375 0.0578125
0 0.65390625 0.01640625 0.0203125 0.03203125
0 0.19140625 0.1234375 0.025 0.046875
0 0.68828125 0.065625 0.0203125 0.040625
0 0.2140625 0.39765625 0.03203125 0.06171875
0 0.3703125 0.07578125 0.0234375 0.0453125
0 0.22109375 0.1484375 0.02421875 0.0390625
0 0.72265625 0.0328125 0.021875 0.04375
0 0.0109375 0.0578125 0.021875 0.0421875
0 0.76484375 0.44375 0.0328125 0.06640625
0 0.14375 0.1640625 0.02421875 0.05
0 0.7734375 0.0265625 0.0234375 0.04375
0 0.90703125 0.35078125 0.0296875 0.06484375
0 0.52421875 0.209375 0.03046875 0.05625
0 0.47109375 0.06640625 0.02421875 0.0421875
0 0.48671875 0.23125 0.0265625 0.0484375
0 0.115625 0.53125 0.04296875 0.07109375
0 0.37578125 0.23046875 0.028125 0.05
0 0.42734375 0.81484375 0.0359375 0.08203125
0 0.86328125 0.38515625 0.0296875 0.06328125
0 0.7625 0.13359375 0.025 0.05625
0 0.28515625 0.54375 0.0390625 0.06953125
0 0.90703125 0.04140625 0.021875 0.04375
0 0.23984375 0.51015625 0.034375 0.06796875
0 0.85 0.203125 0.0265625 0.046875
0 0.45234375 0.5734375 0.034375 0.0578125
0 0.86796875 0.46953125 0.03203125 0.06015625
0 0.790625 0.19453125 0.0296875 0.05625
0 0.45625 0.12265625 0.025 0.0421875
0 0.6921875 0.2296875 0.02734375 0.0484375
0 0.384375 0.3734375 0.034375 0.0546875
0 0.21015625 0.9140625 0.0484375 0.084375
0 0.6515625 0.3171875 0.03046875 0.053125
0 0.6859375 0.31328125 0.03046875 0.0578125
0 0.11015625 0.26328125 0.03046875 0.0515625
0 0.71953125 0.14140625 0.0234375 0.05
0 0.4625 0.17734375 0.02734375 0.0484375
0 0.8296875 0.521875 0.0453125 0.08046875
0 0.7296875 0.81796875 0.046875 0.0890625
0 0.14765625 0.09140625 0.02734375 0.05
0 0.2078125 0.19296875 0.0234375 0.05
0 0.434375 0.32578125 0.0234375 0.046875
0 0.746875 0.2015625 0.0234375 0.0453125
0 0.33203125 0.28125 0.0296875 0.06171875
0 0.5171875 0.2703125 0.03125 0.05625
0 0.10625 0.19921875 0.0234375 0.046875
0 0.31015625 0.48671875 0.0359375 0.06640625
0 0.64140625 0.1734375 0.0234375 0.05
0 0.89296875 0.14140625 0.02421875 0.05
0 0.69453125 0.11796875 0.021875 0.0453125
0 0.446875 0.4609375 0.0359375 0.06328125
0 0.03828125 0.8484375 0.0546875 0.084375
0 0.58046875 0.234375 0.02421875 0.0421875
0 0.7609375 0.065625 0.0171875 0.04375
0 0.940625 0.0625 0.025 0.040625
0 0.425 0.16640625 0.0265625 0.0546875
0 0.36328125 0.02421875 0.0234375 0.0421875
0 0.55390625 0.01953125 0.02265625 0.03203125
0 0.05234375 0.115625 0.028125 0.046875
0 0.66328125 0.06875 0.02265625 0.040625
0 0.259375 0.1078125 0.02734375 0.04375
0 0.85625 0.1609375 0.025 0.040625
0 0.50078125 0.146875 0.028125 0.0546875
0 0.17890625 0.01640625 0.021875 0.03203125
0 0.634375 0.24140625 0.0265625 0.046875
0 0.55546875 0.16640625 0.0265625 0.03203125
0 0.93046875 0.73125 0.03125 0.06953125
0 0.39921875 0.0265625 0.02421875 0.0375
0 0.878125 0.1015625 0.02265625 0.0453125
0 0.665625 0.16640625 0.01875 0.0484375
0 0.7484375 0.74375 0.03515625 0.05625
0 0.9625 0.49375 0.0453125 0.07578125
0 0.5578125 0.21171875 0.03203125 0.0515625
0 0.1421875 0.44609375 0.03515625 0.06171875
0 0.7046875 0.1828125 0.025 0.0390625
0 0.3328125 0.109375 0.02265625 0.040625
0 0.78515625 0.1265625 0.021875 0.046875
0 0.98203125 0.115625 0.0265625 0.046875
0 0.1421875 0.234375 0.0296875 0.0546875
0 0.571875 0.35703125 0.0296875 0.0421875
0 0.421875 0.015625 0.0234375 0.03046875
0 0.8484375 0.33828125 0.028125 0.040625
0 0.2671875 0.3046875 0.028125 0.05625
0 0.9859375 0.921875 0.0265625 0.0890625
0 0.37890625 0.45703125 0.03515625 0.06171875
0 0.96171875 0.75234375 0.034375 0.06953125
0 0.4890625 0.28515625 0.025 0.05
0 0.20234375 0.015625 0.02265625 0.03046875
0 0.8484375 0.084375 0.02734375 0.0453125
0 0.85625 0.28984375 0.034375 0.05
0 0.7125 0.2890625 0.0328125 0.06484375
0 0.56953125 0.98984375 0.0453125 0.01796875
0 0.94375 0.56640625 0.0359375 0.06015625
0 0.565625 0.2765625 0.03203125 0.0484375
0 0.60625 0.07265625 0.02265625 0.0484375
0 0.13984375 0.3875 0.0296875 0.0453125
0 0.99140625 0.79140625 0.015625 0.06796875
0 0.31171875 0.01875 0.02421875 0.0375
0 0.040625 0.04140625 0.02734375 0.05
0 0.978125 0.5984375 0.03828125 0.07890625
0 0.17109375 0.05859375 0.02421875 0.040625
0 0.98125 0.171875 0.028125 0.040625
0 0.12109375 0.15390625 0.0234375 0.053125
0 0.98359375 0.42890625 0.028125 0.053125
0 0.7390625 0.11796875 0.01953125 0.0453125
0 0.253125 0.3578125 0.028125 0.040625
0 0.9859375 0.2203125 0.025 0.06015625
0 0.2765625 0.01328125 0.0203125 0.02578125
0 0.34765625 0.4796875 0.025 0.0546875
0 0.71953125 0.44453125 0.0375 0.06484375
0 0.1859375 0.1984375 0.025 0.03515625
0 0.2953125 0.14453125 0.0203125 0.046875
0 0.61484375 0.01640625 0.02421875 0.03203125
0 0.346875 0.98671875 0.04609375 0.02265625
0 0.884375 0.53515625 0.034375 0.05625
0 0.8875 0.209375 0.02734375 0.05625
0 0.671875 0.66484375 0.0375 0.053125
0 0.24296875 0.0125 0.0171875 0.02421875
0 0.3875 0.19140625 0.02421875 0.03046875
0 0.89765625 0.29140625 0.02734375 0.0375
0 0.1375 0.00859375 0.01875 0.0171875
0 0.7828125 0.75625 0.03515625 0.06796875
0 0.74453125 0.03125 0.0203125 0.03359375
0 0.84609375 0.040625 0.0203125 0.03203125
0 0.946875 0.1015625 0.0265625 0.0484375
0 0.36796875 0.27421875 0.028125 0.040625
0 0.00625 0.15390625 0.0125 0.053125
0 0.44296875 0.009375 0.0203125 0.01875
0 0.8421875 0.24609375 0.028125 0.046875
0 0.46171875 0.32578125 0.03046875 0.046875
0 0.61875 0.2015625 0.0265625 0.0453125
0 0.4125 0.684375 0.034375 0.06328125
0 0.99296875 0.3828125 0.0125 0.0484375
0 0.021875 0.9546875 0.04375 0.0875
0 0.59921875 0.37890625 0.02421875 0.05625
0 0.196875 0.0546875 0.025 0.0421875
0 0.628125 0.05546875 0.0203125 0.040625
0 0.82109375 0.08046875 0.025 0.0484375
0 0.9296875 0.45234375 0.03125 0.0578125
0 0.4625 0.52421875 0.03828125 0.04375
0 0.5296875 0.32890625 0.0265625 0.046875
0 0.7390625 0.00546875 0.0171875 0.0109375
0 0.503125 0.00546875 0.02265625 0.0109375
0 0.0375 0.00546875 0.02265625 0.0109375
0 0.8734375 0.04296875 0.02734375 0.05
0 0.00625 0.01640625 0.0125 0.03203125
0 0.8359375 0.01328125 0.02734375 0.02578125
0 0.1046875 0.47734375 0.0359375 0.040625
0 0.5359375 0.375 0.0296875 0.0546875
0 0.34453125 0.0609375 0.0265625 0.040625
0 0.86796875 0.0078125 0.0296875 0.015625
0 0.1171875 0.0125 0.01953125 0.02421875
0 0.93671875 0.3390625 0.02421875 0.0421875
0 0.46875 0.0078125 0.021875 0.015625
0 0.128125 0.3046875 0.028125 0.053125
0 0.709375 0.734375 0.03203125 0.05
0 0.95234375 0.21953125 0.025 0.03515625
0 0.66015625 0.10859375 0.021875 0.0421875