0 0.09765625 0.4203125 0.040625 0.06953125
0 0.3 0.47421875 0.0625 0.07578125
0 0.621875 0.57265625 0.0640625 0.11640625
0 0.19453125 0.675 0.0796875 0.13828125
0 0.50859375 0.8578125 0.0875 0.1625
0 0.309375 0.703125 0.0796875 0.15078125
0 0.484375 0.65 0.078125 0.13671875
0 0.678125 0.54296875 0.04765625 0.0859375
0 0.846875 0.46875 0.0578125 0.09140625
0 0.7984375 0.584375 0.078125 0.125
0 0.92109375 0.515625 0.07109375 0.09921875
0 0.6859375 0.45625 0.03984375 0.0375
0 0.32734375 0.5796875 0.07109375 0.0875
0 0.54296875 0.58828125 0.05078125 0.1046875
0 0.0265625 0.41171875 0.0234375 0.040625
0 0.6140625 0.44765625 0.034375 0.0578125
0 0.5765625 0.46875 0.053125 0.059375
0 0.4375 0.38359375 0.0234375 0.03203125
0 0.97734375 0.4640625 0.04296875 0.0828125
0 0.1375 0.55546875 0.06171875 0.09609375
0 0.446875 0.43125 0.03515625 0.04765625
0 0.1515625 0.4296875 0.034375 0.0421875
0 0.13671875 0.93515625 0.125 0.1265625
0 0.47578125 0.49921875 0.0609375 0.0625
0 0.01484375 0.50703125 0.0296875 0.0671875
0 0.1796875 0.39765625 0.0234375 0.0421875
0 0.53359375 0.4 0.03828125 0.0640625
0 0.23125 0.41796875 0.040625 0.065625
0 0.9328125 0.7015625 0.0984375 0.17578125
0 0.39296875 0.40546875 0.02421875 0.0375
0 0.21953125 0.36875 0.015625 0.025
0 0.50078125 0.38125 0.02265625 0.03359375
0 0.75390625 0.36640625 0.021875 0.03203125
0 0.63046875 0.93984375 0.1046875 0.11796875
0 0.484375 0.3640625 0.015625 0.025
0 0.19140625 0.36484375 0.015625 0.0234375
0 0.4046875 0.4625 0.0328125 0.0640625
0 0.69140625 0.340625 0.0140625 0.021875
0 0.24140625 0.359375 0.0140625 0.0203125
0 0.2984375 0.39921875 0.04296875 0.05390625
0 0.56328125 0.34375 0.01953125 0.02734375
0 0.603125 0.38984375 0.0375 0.04921875
0 0.37421875 0.3484375 0.01875 0.03359375
0 0.0546875 0.4015625 0.0234375 0.0421875
0 0.40859375 0.33828125 0.0125 0.0203125
0 0.0578125 0.3625 0.01484375 0.025
0 0.4328125 0.353125 0.0125 0.0203125
0 0.65390625 0.42265625 0.028125 0.046875
0 0.78359375 0.38203125 0.01875 0.03203125
0 0.9203125 0.34140625 0.009375 0.01484375
0 0.8578125 0.3796875 0.0234375 0.02578125
0 0.71953125 0.35234375 0.015625 0.021875
0 0.74375 0.3421875 0.0125 0.015625
0 0.65703125 0.3421875 0.0109375 0.015625
0 0.6375 0.359375 0.0171875 0.025
0 0.034375 0.378125 0.01640625 0.0234375
0 0.715625 0.33125 0.0125 0.0171875
0 0.2171875 0.3390625 0.00859375 0.01328125
0 0.32890625 0.365625 0.01484375 0.025
0 0.4453125 0.3453125 0.009375 0.015625
0 0.34296875 0.35078125 0.0140625 0.01875
0 0.51484375 0.353125 0.01484375 0.0203125
0 0.8921875 0.35703125 0.0140625 0.01875
0 0.67578125 0.378125 0.021875 0.0375
0 0.00625 0.39609375 0.0125 0.03359375
0 0.40859375 0.3671875 0.01484375 0.021875
0 0.5375 0.33515625 0.01171875 0.015625
0 0.79375 0.4703125 0.03203125 0.05390625
0 0.2296875 0.33828125 0.0109375 0.0171875
0 0.1421875 0.3421875 0.009375 0.01328125
0 0.30625 0.3546875 0.0140625 0.0203125
0 0.14140625 0.36640625 0.015625 0.02578125
0 0.70390625 0.40234375 0.03515625 0.0578125
0 0.790625 0.3390625 0.0109375 0.015625
0 0.81875 0.32890625 0.00859375 0.01328125
0 0.753125 0.33046875 0.0109375 0.015625
0 0.2625 0.3796875 0.01875 0.02890625
0 0.99375 0.37109375 0.009375 0.021875
0 0.6703125 0.340625 0.009375 0.01328125
0 0.2796875 0.3453125 0.009375 0.01328125
0 0.19296875 0.33984375 0.0109375 0.01484375
0 0.46640625 0.3453125 0.0109375 0.015625
0 0.821875 0.35234375 0.0140625 0.01875
0 0.20390625 0.34453125 0.009375 0.01484375
0 0.84453125 0.35703125 0.0125 0.01875
0 0.65625 0.365625 0.0171875 0.025
0 0.4953125 0.3421875 0.0109375 0.015625
0 0.6203125 0.34453125 0.0140625 0.0171875
0 0.9046875 0.34140625 0.009375 0.01484375
0 0.96328125 0.3359375 0.0109375 0.01484375
0 0.12890625 0.3546875 0.01171875 0.0203125
0 0.48125 0.33828125 0.01171875 0.015625
0 0.76953125 0.34296875 0.009375 0.0171875
0 0.34453125 0.36953125 0.01484375 0.021875
0 0.259375 0.35 0.0125 0.0171875
0 0.0296875 0.34453125 0.009375 0.01484375
0 0.1671875 0.34140625 0.0109375 0.01484375
0 0.09453125 0.3546875 0.01171875 0.0171875
0 0.44453125 0.55703125 0.0640625 0.07421875
0 0.99375 0.32890625 0.0109375 0.01328125
0 0.0046875 0.34140625 0.00859375 0.01484375
0 0.946875 0.353125 0.01484375 0.0203125
0 0.32734375 0.340625 0.0109375 0.01328125
0 0.25625 0.33046875 0.00859375 0.01328125
0 0.35625 0.3390625 0.0125 0.01875
0 0.60625 0.34296875 0.01171875 0.0171875
0 0.809375 0.34375 0.0125 0.015625
0 0.34140625 0.421875 0.034375 0.059375
0 0.31640625 0.340625 0.009375 0.01328125
0 0.9203125 0.36640625 0.021875 0.0234375
0 0.8375 0.33515625 0.0109375 0.015625
0 0.63203125 0.33984375 0.009375 0.01484375
0 0.02421875 0.60546875 0.04765625 0.1234375
0 0.103125 0.34375 0.0109375 0.015625
0 0.51484375 0.33203125 0.0109375 0.01328125
0 0.58046875 0.33984375 0.0125 0.0171875
0 0.0421875 0.340625 0.0109375 0.01328125
0 0.2421875 0.3390625 0.009375 0.01328125
0 0.3578125 0.3171875 0.009375 0.01171875
0 0.59375 0.3453125 0.0140625 0.015625
0 0.7546875 0.40546875 0.028125 0.03203125
0 0.2796875 0.36171875 0.0140625 0.0203125
0 0.878125 0.3921875 0.02265625 0.02890625
0 0.86796875 0.35703125 0.0140625 0.01875
0 0.64296875 0.3390625 0.0109375 0.01328125
0 0.478125 0.41171875 0.02734375 0.0421875
0 0.178125 0.34140625 0.0109375 0.01484375
0 0.01640625 0.36484375 0.0140625 0.0171875
0 0.61875 0.32890625 0.0109375 0.01328125
0 0.765625 0.4375 0.03125 0.03515625
0 0.41875 0.31796875 0.00703125 0.00859375
0 0.29609375 0.34296875 0.00859375 0.0171875
0 0.04296875 0.31953125 0.0078125 0.01171875
0 0.88203125 0.31796875 0.0078125 0.00859375
0 0.171875 0.471875 0.053125 0.04765625
0 0.86796875 0.32890625 0.00859375 0.01328125
0 0.85625 0.31953125 0.0078125 0.01171875
0 0.39375 0.3171875 0.00703125 0.01171875
0 0.378125 0.3171875 0.00859375 0.01171875
0 0.2796875 0.328125 0.0078125 0.01171875
0 0.97890625 0.33125 0.0109375 0.01484375
0 0.6671875 0.31796875 0.009375 0.00859375
0 0.05625 0.33125 0.00703125 0.01171875
0 0.08671875 0.33828125 0.00859375 0.01328125
0 0.9359375 0.390625 0.01953125 0.02578125
0 0.94453125 0.33359375 0.009375 0.01328125
0 0.63046875 0.31953125 0.00703125 0.01171875
0 0.8875 0.33828125 0.009375 0.01328125
0 0.796875 0.3578125 0.0140625 0.0171875
0 0.02265625 0.4578125 0.034375 0.03203125
0 0.95859375 0.390625 0.01875 0.0203125
0 0.11875 0.33125 0.00703125 0.01171875
0 0.5046875 0.33046875 0.00859375 0.01328125
0 0.40625 0.3171875 0.0078125 0.01171875
0 0.11484375 0.3546875 0.0125 0.0171875
0 0.8375 0.40078125 0.03515625 0.025
0 0.26796875 0.33125 0.00859375 0.01171875
0 0.734375 0.328125 0.01171875 0.0171875
0 0.29296875 0.328125 0.0078125 0.01171875
0 0.9421875 0.3171875 0.00859375 0.01171875
0 0.80546875 0.33046875 0.00859375 0.01328125
0 0.7625 0.82421875 0.1109375 0.17421875
0 0.83125 0.31796875 0.00703125 0.01015625
0 0.9078125 0.4109375 0.02734375 0.0390625
0 0.39296875 0.340625 0.0109375 0.015625
0 0.7796875 0.33125 0.00859375 0.01171875
0 0.06796875 0.34296875 0.0109375 0.01171875
0 0.46015625 0.37734375 0.01640625 0.025
0 0.01796875 0.34375 0.00859375 0.01328125
0 0.9296875 0.3171875 0.0078125 0.01171875
0 0.7796875 0.35234375 0.0140625 0.015625
0 0.20625 0.3296875 0.00703125 0.00859375
0 0.3421875 0.33046875 0.0078125 0.01328125
0 0.90703125 0.31796875 0.0078125 0.00859375
0 0.7046875 0.31875 0.0109375 0.01328125
0 0.43671875 0.31328125 0.00703125 0.01015625
0 0.9671875 0.3171875 0.00859375 0.01171875
0 0.15546875 0.31796875 0.0078125 0.00859375
0 0.3046875 0.3296875 0.0078125 0.00859375
0 0.33046875 0.31796875 0.00703125 0.00859375
0 0.31953125 0.31796875 0.00625 0.00859375
0 0.60546875 0.3203125 0.0078125 0.01328125
0 0.13125 0.3328125 0.00703125 0.01171875
0 0.3671875 0.31640625 0.0078125 0.01328125
0 0.1546875 0.33046875 0.0078125 0.01328125
0 0.81171875 0.31328125 0.00703125 0.01015625
0 0.734375 0.4953125 0.0296875 0.0640625
0 0.58125 0.31953125 0.00703125 0.01171875
0 0.978125 0.3546875 0.0125 0.0203125
0 0.21171875 0.31171875 0.00625 0.00703125
0 0.1578125 0.378125 0.02265625 0.0375
0 0.5578125 0.3171875 0.009375 0.01484375
0 0.85546875 0.3421875 0.01171875 0.015625
0 0.10546875 0.3296875 0.0078125 0.00859375
0 0.64296875 0.31875 0.00703125 0.01015625
0 0.18046875 0.3171875 0.00703125 0.00859375
0 0.0171875 0.328125 0.0078125 0.01171875
0 0.83046875 0.30546875 0.00703125 0.00859375
0 0.43046875 0.31796875 0.00703125 0.00859375
0 0.48125 0.31796875 0.00703125 0.00859375
0 0.540625 0.35546875 0.025 0.025
0 0.2875 0.31328125 0.00703125 0.01015625
0 0.4203125 0.33359375 0.009375 0.01328125
0 0.24296875 0.31796875 0.00703125 0.00859375
0 0.43203125 0.33125 0.00859375 0.01171875
0 0.17421875 0.3265625 0.00859375 0.01328125
0 0.90625 0.30703125 0.0078125 0.00859375
0 0.78671875 0.31171875 0.00703125 0.01328125
0 0.8421875 0.31796875 0.0078125 0.00859375
0 0.19375 0.3171875 0.00703125 0.00859375
0 0.23671875 0.31171875 0.00703125 0.00703125
0 0.83671875 0.28671875 0.00703125 0.00859375
0 0.978125 0.31640625 0.0078125 0.01328125
0 0.9328125 0.34296875 0.0109375 0.0171875
0 0.8921875 0.30546875 0.0078125 0.00859375
0 0.56875 0.31796875 0.00859375 0.01328125
0 0.88046875 0.30703125 0.00703125 0.00859375
0 0.0546875 0.34140625 0.009375 0.01171875
0 0.91875 0.30390625 0.00703125 0.00859375
0 0.93046875 0.30390625 0.00703125 0.00859375
0 0.20546875 0.3171875 0.00703125 0.00859375
0 0.89296875 0.3171875 0.00703125 0.00859375
0 0.65625 0.31875 0.0078125 0.01015625
0 0.07421875 0.3265625 0.0078125 0.01328125