1 0.4359375 0.7625 0.04765625 0.07734375
1 0.578125 0.90234375 0.05390625 0.09140625
1 0.25859375 0.80859375 0.04921875 0.08046875
1 0.34921875 0.83203125 0.04296875 0.08203125
1 0.15078125 0.759375 0.0390625 0.071875
1 0.865625 0.88359375 0.06015625 0.0984375
1 0.1703125 0.84140625 0.04921875 0.071875
1 0.6859375 0.9125 0.06015625 0.09453125
1 0.3140625 0.89453125 0.05 0.08515625
1 0.5140625 0.75 0.0359375 0.0671875
1 0.259375 0.94765625 0.059375 0.09296875
1 0.115625 0.45078125 0.02734375 0.04609375
1 0.3640625 0.61015625 0.0296875 0.05703125
1 0.24765625 0.47421875 0.02578125 0.04609375
1 0.78046875 0.49609375 0.02890625 0.05078125
1 0.78125 0.78125 0.0421875 0.07890625
1 0.19765625 0.59453125 0.0359375 0.06015625
1 0.6171875 0.73984375 0.0421875 0.06015625
1 0.68671875 0.6875 0.03515625 0.05703125
1 0.025 0.8359375 0.04609375 0.075
1 0.47421875 0.63515625 0.0328125 0.05703125
1 0.0296875 0.7421875 0.040625 0.0671875
1 0.49921875 0.49921875 0.99375 0.9921875
1 0.66328125 0.35546875 0.02421875 0.0359375
1 0.1921875 0.69296875 0.040625 0.0640625
1 0.834375 0.7046875 0.040625 0.0671875
1 0.4203125 0.9546875 0.0609375 0.08203125
1 0.58203125 0.65 0.034375 0.06015625
1 0.36171875 0.671875 0.0359375 0.05546875
1 0.5109375 0.58515625 0.03203125 0.05234375
1 0.471875 0.578125 0.03125 0.05390625
1 0.39140625 0.5828125 0.03125 0.05390625
1 0.784375 0.96328125 0.071875 0.0671875
1 0.24765625 0.6984375 0.03515625 0.05859375
1 0.10703125 0.31875 0.028125 0.04453125
1 0.73359375 0.521875 0.03125 0.05390625
1 0.40078125 0.44609375 0.028125 0.040625
1 0.7625 0.8875 0.05703125 0.09140625
1 0.07421875 0.86328125 0.05625 0.08515625
1 0.29609375 0.7375 0.03828125 0.0734375
1 0.39140625 0.81953125 0.0453125 0.0640625
1 0.44375 0.45859375 0.02734375 0.0421875
1 0.496875 0.9640625 0.0609375 0.065625
1 0.31953125 0.68828125 0.03515625 0.05546875
1 0.4203125 0.30390625 0.0203125 0.0375
1 0.11328125 0.825 0.04296875 0.075
1 0.1609375 0.91171875 0.05234375 0.06875
1 0.02734375 0.41015625 0.02734375 0.05546875
1 0.4734375 0.35 0.02109375 0.0359375
1 0.86015625 0.80546875 0.04921875 0.07734375
1 0.30078125 0.4609375 0.03125 0.04921875
1 0.53984375 0.33984375 0.0203125 0.0375
1 0.33515625 0.73984375 0.03671875 0.071875
1 0.253125 0.234375 0.021875 0.0390625
1 0.75390625 0.61171875 0.0359375 0.05078125
1 0.6640625 0.52890625 0.03203125 0.05703125
1 0.853125 0.6171875 0.034375 0.06015625
1 0.18359375 0.4625 0.02890625 0.04921875
1 0.8703125 0.50078125 0.02578125 0.04765625
1 0.434375 0.6109375 0.03671875 0.05546875
1 0.128125 0.5828125 0.03125 0.05703125
1 0.6296875 0.5890625 0.0328125 0.05703125
1 0.31640625 0.509375 0.02890625 0.04453125
1 0.79921875 0.58046875 0.0328125 0.05859375
1 0.61796875 0.79453125 0.03984375 0.0703125
1 0.09296875 0.690625 0.0421875 0.05390625
1 0.87734375 0.9140625 0.10390625 0.16328125
1 0.0453125 0.6796875 0.03984375 0.0671875
1 0.52734375 0.63046875 0.02890625 0.05703125
1 0.796875 0.4625 0.02578125 0.04296875
1 0.340625 0.54921875 0.03828125 0.05234375
1 0.43828125 0.565625 0.028125 0.04296875
1 0.80078125 0.8671875 0.04921875 0.08984375
1 0.9046875 0.8109375 0.05078125 0.08828125
1 0.5578125 0.571875 0.028125 0.05234375
1 0.7578125 0.509375 0.02265625 0.04453125
1 0.56015625 0.74765625 0.04609375 0.06875
1 0.2078125 0.3953125 0.02109375 0.0375
1 0.57734375 0.9265625 0.1046875 0.140625
1 0.515625 0.8703125 0.046875 0.08359375
1 0.37109375 0.971875 0.0796875 0.05078125
1 0.26953125 0.371875 0.02265625 0.0390625
1 0.9578125 0.60703125 0.0328125 0.06015625
1 0.40859375 0.1375 0.02265625 0.0328125
1 0.97578125 0.9359375 0.04375 0.11328125
1 0.3453125 0.46796875 0.0296875 0.04453125
1 0.5203125 0.5203125 0.02890625 0.04765625
1 0.4078125 0.4828125 0.025 0.0390625
1 0.08984375 0.56015625 0.028125 0.05078125
1 0.603125 0.2625 0.01875 0.034375
1 0.71875 0.33828125 0.021875 0.0375
1 0.36953125 0.303125 0.02109375 0.0359375
1 0.28515625 0.17578125 0.0203125 0.034375
1 0.5859375 0.4671875 0.02578125 0.04296875
1 0.225 0.825 0.0359375 0.08671875
1 0.015625 0.54453125 0.02890625 0.05234375
1 0.58828125 0.1984375 0.0203125 0.0375
1 0.53125 0.79609375 0.04296875 0.0640625
1 0.071875 0.5109375 0.0296875 0.05078125
1 0.12265625 0.16953125 0.02109375 0.0375
1 0.64375 0.684375 0.034375 0.05390625
1 0.82421875 0.6109375 0.02890625 0.05859375
1 0.396875 0.3375 0.02109375 0.0390625
1 0.71875 0.765625 0.03671875 0.06875
1 0.7296875 0.59765625 0.028125 0.05078125
1 0.3078125 0.6171875 0.03125 0.05703125
1 0.65 0.62109375 0.02578125 0.05234375
1 0.63125 0.37890625 0.02265625 0.04609375
1 0.36484375 0.1640625 0.0203125 0.0328125
1 0.73515625 0.71875 0.03125 0.05078125
1 0.915625 0.646875 0.03203125 0.0625
1 0.54296875 0.2796875 0.0203125 0.0359375
1 0.22734375 0.53671875 0.03125 0.04765625
1 0.8953125 0.53671875 0.034375 0.05390625
1 0.440625 0.83828125 0.040625 0.065625
1 0.9375 0.6796875 0.03671875 0.05859375
1 0.70390625 0.2625 0.01796875 0.034375
1 0.225 0.36953125 0.02421875 0.0390625
1 0.42265625 0.40234375 0.021875 0.0390625
1 0.97578125 0.81875 0.0453125 0.08203125
1 0.86953125 0.184375 0.02265625 0.04296875
1 0.07109375 0.95625 0.05390625 0.08203125
1 0.1484375 0.4609375 0.02734375 0.04609375
1 0.809375 0.534375 0.03125 0.04609375
1 0.475 0.225 0.01796875 0.034375
1 0.4953125 0.040625 0.02109375 0.0359375
1 0.08125 0.725 0.03828125 0.04765625
1 0.2625 0.32265625 0.02265625 0.0390625
1 0.7375 0.66484375 0.03515625 0.04765625
1 0.1109375 0.5359375 0.028125 0.04609375
1 0.2421875 0.9171875 0.04765625 0.08828125
1 0.9046875 0.4453125 0.0296875 0.04453125
1 0.0734375 0.78046875 0.046875 0.0625
1 0.97421875 0.3546875 0.028125 0.04296875
1 0.5484375 0.6890625 0.0328125 0.05390625
1 0.5859375 0.709375 0.028125 0.0609375
1 0.446875 0.67421875 0.04609375 0.065625
1 0.35546875 0.7203125 0.03515625 0.05703125
1 0.0609375 0.59296875 0.028125 0.04609375
1 0.3890625 0.23828125 0.021875 0.0375
1 0.62890625 0.48203125 0.02421875 0.04296875
1 0.40859375 0.55859375 0.0328125 0.05546875
1 0.4734375 0.5171875 0.025 0.0390625
1 0.50390625 0.215625 0.0203125 0.034375