0 0.28046875 0.6046875 0.03359375 0.06015625
0 0.5828125 0.6265625 0.03203125 0.05859375
0 0.44765625 0.65625 0.03671875 0.06328125
0 0.34296875 0.64453125 0.0375 0.06796875
0 0.53125 0.59609375 0.03125 0.05703125
0 0.8609375 0.45234375 0.02421875 0.0453125
0 0.63125 0.7515625 0.04609375 0.0765625
0 0.54453125 0.3578125 0.01328125 0.02421875
0 0.8578125 0.58828125 0.03671875 0.0546875
0 0.23359375 0.55859375 0.034375 0.05546875
0 0.71015625 0.58671875 0.03359375 0.06015625
0 0.91484375 0.53359375 0.03125 0.0515625
0 0.3015625 0.54296875 0.02890625 0.0515625
0 0.365625 0.57421875 0.034375 0.05859375
0 0.421875 0.75 0.04140625 0.07421875
0 0.584375 0.45 0.01953125 0.034375
0 0.6765625 0.69375 0.03515625 0.06328125
0 0.80234375 0.4265625 0.021875 0.0390625
0 0.74375 0.415625 0.021875 0.040625
0 0.3609375 0.48125 0.02421875 0.0453125
0 0.57734375 0.51328125 0.028125 0.05
0 0.15 0.58828125 0.03203125 0.05703125
0 0.3671875 0.9140625 0.05703125 0.07578125
0 0.18125 0.75546875 0.04453125 0.084375
0 0.72265625 0.4390625 0.01953125 0.0390625
0 0.1953125 0.4890625 0.025 0.0421875
0 0.25546875 0.71953125 0.04765625 0.07578125
0 0.8125 0.6640625 0.04609375 0.0796875
0 0.190625 0.63359375 0.04453125 0.078125
0 0.409375 0.41015625 0.021875 0.0390625
0 0.45546875 0.584375 0.03515625 0.05859375
0 0.75 0.76171875 0.04453125 0.078125
0 0.25703125 0.828125 0.053125 0.09375
0 0.059375 0.5609375 0.04140625 0.0421875
0 0.6609375 0.61015625 0.0375 0.05546875
0 0.7046875 0.384375 0.02109375 0.0359375
0 0.134375 0.49765625 0.02421875 0.0453125
0 0.184375 0.35390625 0.01796875 0.02890625
0 0.11875 0.9015625 0.06171875 0.0921875
0 0.65625 0.26796875 0.01015625 0.01640625
0 0.4890625 0.68984375 0.04453125 0.0796875
0 0.91640625 0.47734375 0.028125 0.046875
0 0.4421875 0.2828125 0.01171875 0.01953125
0 0.6140625 0.428125 0.02265625 0.0421875
0 0.44765625 0.421875 0.01796875 0.034375
0 0.6109375 0.384375 0.01640625 0.03046875
0 0.871875 0.4015625 0.021875 0.0390625
0 0.30390625 0.4890625 0.025 0.0390625
0 0.92265625 0.3828125 0.01953125 0.03046875
0 0.04609375 0.63984375 0.02734375 0.06640625
0 0.56640625 0.37578125 0.01640625 0.03046875
0 0.85234375 0.3359375 0.0125 0.02265625
0 0.6546875 0.55703125 0.03203125 0.04375
0 0.1171875 0.38203125 0.015625 0.02890625
0 0.165625 0.33203125 0.01328125 0.02421875
0 0.7765625 0.34296875 0.01640625 0.02890625
0 0.51875 0.40390625 0.01875 0.0328125
0 0.415625 0.49375 0.02734375 0.05
0 0.07578125 0.69921875 0.05390625 0.0828125
0 0.6578125 0.428125 0.02109375 0.0359375
0 0.765625 0.31015625 0.01328125 0.02265625
0 0.23046875 0.3171875 0.01171875 0.02265625
0 0.2328125 0.36640625 0.01484375 0.02421875
0 0.24609375 0.4015625 0.02265625 0.0390625
0 0.76640625 0.26796875 0.01171875 0.01640625
0 0.75546875 0.36796875 0.01875 0.03046875
0 0.73828125 0.51328125 0.03203125 0.05
0 0.3328125 0.27890625 0.01015625 0.01796875
0 0.8453125 0.38984375 0.01875 0.034375
0 0.80390625 0.3265625 0.01484375 0.02265625
0 0.93125 0.28125 0.01328125 0.01953125
0 0.68515625 0.5015625 0.02734375 0.046875
0 0.3109375 0.71796875 0.05 0.08125
0 0.6609375 0.33203125 0.01640625 0.03046875
0 0.35703125 0.3140625 0.01171875 0.01796875
0 0.78984375 0.37734375 0.01953125 0.03046875
0 0.80703125 0.46796875 0.02265625 0.034375
0 0.884375 0.55234375 0.03515625 0.0546875
0 0.15625 0.36640625 0.01484375 0.02734375
0 0.55390625 0.415625 0.01640625 0.0375
0 0.9140625 0.42421875 0.02578125 0.0375
0 0.59140625 0.26875 0.01015625 0.01796875
0 0.4859375 0.49765625 0.01953125 0.0421875
0 0.07421875 0.5109375 0.034375 0.05859375
0 0.76015625 0.46796875 0.025 0.0375
0 0.18359375 0.45 0.02421875 0.0375
0 0.275 0.45390625 0.02421875 0.0390625
0 0.51796875 0.26796875 0.01171875 0.01640625
0 0.05390625 0.3171875 0.01328125 0.02265625
0 0.740625 0.30625 0.01328125 0.02109375
0 0.12734375 0.35390625 0.01328125 0.02265625
0 0.59375 0.4171875 0.01640625 0.02890625
0 0.53203125 0.78671875 0.046875 0.07109375
0 0.46953125 0.34140625 0.01328125 0.02578125
0 0.33125 0.2515625 0.01171875 0.01796875
0 0.40234375 0.36640625 0.01640625 0.03046875
0 0.72890625 0.38828125 0.015625 0.03203125
0 0.95 0.328125 0.01640625 0.03203125
0 0.8328125 0.36484375 0.01484375 0.02734375
0 0.59296875 0.3796875 0.01953125 0.034375
0 0.88515625 0.36484375 0.015625 0.02734375
0 0.73984375 0.2828125 0.01015625 0.01640625
0 0.575 0.69375 0.04453125 0.06640625
0 0.79453125 0.271875 0.01171875 0.01796875
0 0.88046875 0.80625 0.06015625 0.09765625
0 0.49765625 0.43203125 0.01640625 0.03203125
0 0.46640625 0.38046875 0.01796875 0.03203125
0 0.05234375 0.79921875 0.04375 0.084375
0 0.38671875 0.415625 0.01875 0.03203125
0 0.2578125 0.3421875 0.0125 0.01796875
0 0.25390625 0.36640625 0.01484375 0.02109375
0 0.48828125 0.3140625 0.0125 0.02109375
0 0.11796875 0.78671875 0.04921875 0.0921875
0 0.06953125 0.3390625 0.01484375 0.02109375
0 0.290625 0.26640625 0.01171875 0.01640625
0 0.71640625 0.4828125 0.02265625 0.0359375
0 0.80859375 0.27890625 0.01015625 0.01796875
0 0.8328125 0.29296875 0.01015625 0.01796875
0 0.3640625 0.3578125 0.01875 0.03046875
0 0.46875 0.28359375 0.01015625 0.01796875
0 0.415625 0.26796875 0.01171875 0.01640625
0 0.19609375 0.259375 0.01015625 0.01796875
0 0.40390625 0.31484375 0.01328125 0.02734375
0 0.1390625 0.33203125 0.0125 0.02109375
0 0.56015625 0.26484375 0.01171875 0.01640625
0 0.13125 0.415625 0.02109375 0.04375
0 0.18125 0.31875 0.0125 0.02265625
0 0.640625 0.28515625 0.01171875 0.01796875
0 0.3125 0.35546875 0.015625 0.02890625
0 0.8078125 0.3546875 0.01640625 0.02734375
0 0.78515625 0.61015625 0.034375 0.05546875
0 0.36640625 0.40625 0.021875 0.03203125
0 0.60859375 0.28984375 0.01171875 0.01796875
0 0.46171875 0.48671875 0.02265625 0.04375
0 0.3671875 0.29375 0.0125 0.01953125
0 0.0953125 0.29296875 0.01171875 0.01796875
0 0.85859375 0.31015625 0.0125 0.01953125
0 0.14375 0.253125 0.009375 0.01484375
0 0.41953125 0.34140625 0.01171875 0.02578125
0 0.39140625 0.28359375 0.01171875 0.01796875
0 0.70703125 0.26484375 0.01171875 0.01640625
0 0.6296875 0.27734375 0.01171875 0.01796875
0 0.19609375 0.32109375 0.0125 0.02109375
0 0.50703125 0.26484375 0.00859375 0.01640625
0 0.47734375 0.259375 0.01015625 0.01796875
0 0.30859375 0.303125 0.01171875 0.02109375
0 0.3453125 0.33203125 0.01484375 0.02421875
0 0.23203125 0.25703125 0.01015625 0.01328125
0 0.63046875 0.4953125 0.02421875 0.040625
0 0.859375 0.27890625 0.01171875 0.01796875
0 0.2421875 0.27734375 0.01015625 0.01796875
0 0.8578125 0.3640625 0.01484375 0.02578125
0 0.20546875 0.24140625 0.009375 0.01171875
0 0.25859375 0.27734375 0.009375 0.01484375
0 0.7328125 0.25859375 0.01015625 0.01640625
0 0.56875 0.28125 0.01015625 0.01640625
0 0.53203125 0.49140625 0.02578125 0.0390625
0 0.41953125 0.24296875 0.009375 0.01484375
0 0.30625 0.27734375 0.01171875 0.02109375
0 0.165625 0.25546875 0.01171875 0.01328125
0 0.32890625 0.42421875 0.01953125 0.040625
0 0.15703125 0.540625 0.03515625 0.046875
0 0.50234375 0.30625 0.01015625 0.02109375
0 0.2921875 0.3265625 0.0125 0.01953125
0 0.3546875 0.26484375 0.01171875 0.01953125
0 0.83359375 0.328125 0.0125 0.01953125
0 0.40546875 0.24140625 0.00859375 0.01171875
0 0.0828125 0.40625 0.01875 0.034375
0 0.07578125 0.3703125 0.01640625 0.02890625
0 0.9078125 0.26796875 0.01171875 0.01640625
0 0.09375 0.24453125 0.009375 0.01484375
0 0.94765625 0.3625 0.01796875 0.02890625
0 0.284375 0.41171875 0.021875 0.0359375
0 0.6734375 0.27109375 0.01171875 0.01640625
0 0.75234375 0.26640625 0.01015625 0.01640625
0 0.54140625 0.26484375 0.01171875 0.01640625
0 0.0828125 0.26640625 0.01015625 0.01640625
0 0.19609375 0.384375 0.01875 0.03046875
0 0.21640625 0.3015625 0.01171875 0.01796875
0 0.43359375 0.3046875 0.01015625 0.02109375
0 0.88125 0.334375 0.0125 0.02265625
0 0.840625 0.26640625 0.01015625 0.01640625
0 0.60546875 0.26875 0.009375 0.01484375
0 0.49375 0.25546875 0.00859375 0.01328125
0 0.678125 0.25546875 0.01015625 0.01328125
0 0.89921875 0.66640625 0.03984375 0.06640625
0 0.23046875 0.2921875 0.01171875 0.01328125
0 0.89765625 0.38671875 0.01953125 0.034375
0 0.1796875 0.24296875 0.00859375 0.01171875
0 0.2875 0.35 0.015625 0.02421875
0 0.38125 0.2515625 0.00859375 0.01484375
0 0.92890625 0.60234375 0.03203125 0.06796875
0 0.84140625 0.24296875 0.009375 0.01484375
0 0.44140625 0.32421875 0.0125 0.02421875
0 0.08125 0.24140625 0.009375 0.01484375
0 0.26796875 0.2515625 0.009375 0.01484375
0 0.5796875 0.24453125 0.00859375 0.01171875
0 0.115625 0.253125 0.009375 0.01171875
0 0.0703125 0.26875 0.009375 0.01484375
0 0.11875 0.30234375 0.0125 0.01640625
0 0.59296875 0.2296875 0.00703125 0.01328125
0 0.68984375 0.45546875 0.021875 0.03046875
0 0.0453125 0.26640625 0.01171875 0.01640625
0 0.44296875 0.2171875 0.00703125 0.01171875
0 0.72734375 0.31875 0.01171875 0.02265625
0 0.89453125 0.340625 0.01171875 0.02109375
0 0.65546875 0.2296875 0.00703125 0.0109375
0 0.4546875 0.25546875 0.009375 0.01328125
0 0.13125 0.2828125 0.01171875 0.01640625
0 0.0671875 0.24296875 0.00859375 0.01171875
0 0.15234375 0.4515625 0.01796875 0.02265625
0 0.6796875 0.29375 0.01015625 0.01796875
0 0.20546875 0.27734375 0.01171875 0.01796875
0 0.21953125 0.26875 0.00859375 0.01171875
0 0.33984375 0.36953125 0.01640625 0.02734375
0 0.35390625 0.215625 0.009375 0.01171875
0 0.4125 0.2140625 0.00859375 0.01171875
0 0.040625 0.24453125 0.01015625 0.01171875
0 0.76875 0.2515625 0.009375 0.01171875
0 0.16484375 0.27890625 0.01171875 0.01796875
0 0.05703125 0.27109375 0.009375 0.01640625
0 0.60625 0.2296875 0.00859375 0.0109375
0 0.4875 0.21015625 0.00625 0.01328125
0 0.6328125 0.24296875 0.00703125 0.01171875
0 0.290625 0.3796875 0.01796875 0.03203125
0 0.70390625 0.24453125 0.009375 0.01171875
0 0.30390625 0.2515625 0.009375 0.01484375
0 0.15625 0.24296875 0.00859375 0.01171875
0 0.20546875 0.34296875 0.01328125 0.02578125
0 0.3671875 0.2671875 0.009375 0.01484375
0 0.2796875 0.24453125 0.00859375 0.01171875
0 0.4296875 0.2171875 0.00703125 0.01171875
0 0.08359375 0.30859375 0.01328125 0.02265625
0 0.34140625 0.228125 0.009375 0.01328125
0 0.69375 0.2921875 0.01171875 0.01640625
0 0.340625 0.303125 0.0125 0.02109375
0 0.55546875 0.24296875 0.00703125 0.01171875
0 0.603125 0.246875 0.01015625 0.01328125
0 0.4578125 0.27734375 0.009375 0.01796875
0 0.78359375 0.4953125 0.02265625 0.0375
0 0.7171875 0.253125 0.00859375 0.01484375
0 0.36875 0.24296875 0.00703125 0.01171875
0 0.909375 0.2921875 0.01171875 0.01953125
0 0.27421875 0.225 0.009375 0.01171875
0 0.25703125 0.25546875 0.00859375 0.01328125
0 0.3234375 0.225 0.00859375 0.01171875
0 0.50234375 0.384375 0.01875 0.03046875
0 0.653125 0.2515625 0.009375 0.01171875
0 0.29296875 0.228125 0.00859375 0.01328125
0 0.10546875 0.228125 0.009375 0.01328125
0 0.16875 0.215625 0.00859375 0.01171875
0 0.66796875 0.2296875 0.00703125 0.0109375
0 0.24375 0.25546875 0.00703125 0.01328125
0 0.36796875 0.215625 0.00625 0.01171875
0 0.69296875 0.2671875 0.009375 0.01484375
0 0.81796875 0.253125 0.00859375 0.01171875
0 0.65625 0.21796875 0.00625 0.0109375
0 0.6171875 0.2296875 0.00703125 0.0109375
0 0.44453125 0.20625 0.00703125 0.009375
0 0.06875 0.21796875 0.00625 0.0109375
0 0.86875 0.26875 0.00859375 0.01484375
0 0.44453125 0.259375 0.00859375 0.01484375
0 0.38125 0.20625 0.00625 0.009375
0 0.38125 0.21796875 0.00625 0.0109375
0 0.253125 0.3015625 0.01171875 0.01796875
0 0.30625 0.2046875 0.00703125 0.0109375
0 0.71171875 0.28515625 0.01171875 0.01796875
0 0.80625 0.25546875 0.00703125 0.01328125
0 0.28046875 0.30859375 0.01015625 0.01953125
0 0.39296875 0.215625 0.00859375 0.01171875
0 0.63046875 0.2296875 0.00703125 0.0109375
0 0.665625 0.30078125 0.01171875 0.01953125
0 0.34296875 0.2046875 0.00625 0.0109375
0 0.50625 0.2046875 0.00625 0.0109375
0 0.74296875 0.2171875 0.00625 0.009375
0 0.253125 0.3203125 0.01171875 0.01953125
0 0.7609375 0.28671875 0.01015625 0.01484375
0 0.46171875 0.21171875 0.00703125 0.01328125
0 0.24140625 0.2296875 0.00703125 0.01328125
0 0.29140625 0.24296875 0.009375 0.01484375
0 0.55546875 0.2046875 0.00625 0.0109375
0 0.1375 0.23515625 0.00859375 0.01171875
0 0.7265625 0.29375 0.01015625 0.01953125
0 0.18046875 0.21796875 0.00703125 0.0109375
0 0.3859375 0.38671875 0.01796875 0.02890625
0 0.23046875 0.2171875 0.00859375 0.009375
0 0.28046875 0.26875 0.009375 0.01484375
0 0.69140625 0.24453125 0.00703125 0.01171875
0 0.3828125 0.2296875 0.00859375 0.01328125
0 0.21328125 0.21171875 0.00625 0.0109375
0 0.59375 0.24453125 0.00625 0.01171875
0 0.04453125 0.3703125 0.01796875 0.034375
0 0.33828125 0.54609375 0.02578125 0.0453125
0 0.81640625 0.38828125 0.01953125 0.03203125
0 0.46796875 0.19140625 0.00625 0.009375
0 0.53125 0.2046875 0.00625 0.0109375
0 0.51953125 0.24296875 0.009375 0.01484375
0 0.45546875 0.19140625 0.00703125 0.009375
0 0.51796875 0.2046875 0.00703125 0.0109375
0 0.77734375 0.28359375 0.01015625 0.01796875