0 0.8046875 0.5953125 0.08203125 0.13046875
0 0.37265625 0.48125 0.0359375 0.06015625
0 0.590625 0.81484375 0.1015625 0.15390625
0 0.41015625 0.50625 0.0390625 0.0640625
0 0.346875 0.70546875 0.0828125 0.15234375
0 0.58515625 0.56640625 0.065625 0.10234375
0 0.25078125 0.634375 0.0625 0.10078125
0 0.44453125 0.42109375 0.025 0.0421875
0 0.17109375 0.659375 0.075 0.1421875
0 0.446875 0.58828125 0.0546875 0.09921875
0 0.29609375 0.525 0.04609375 0.071875
0 0.1171875 0.4640625 0.0328125 0.05234375
0 0.69375 0.38984375 0.01953125 0.03203125
0 0.62421875 0.47421875 0.0359375 0.05234375
0 0.84453125 0.4890625 0.0421875 0.0703125
0 0.9046875 0.50234375 0.06328125 0.1171875
0 0.16875 0.4359375 0.028125 0.0421875
0 0.7453125 0.4640625 0.03984375 0.0734375
0 0.55625 0.41328125 0.02421875 0.03359375
0 0.06875 0.49921875 0.04765625 0.08203125
0 0.28203125 0.38515625 0.01484375 0.0203125
0 0.6421875 0.40703125 0.0234375 0.03828125
0 0.0328125 0.64765625 0.065625 0.1109375
0 0.59921875 0.39296875 0.0203125 0.03671875
0 0.02265625 0.50234375 0.0453125 0.0859375
0 0.259375 0.378125 0.015625 0.021875
0 0.11484375 0.56015625 0.05390625 0.075
0 0.20390625 0.5203125 0.046875 0.06328125
0 0.634375 0.35625 0.0125 0.01875
0 0.42890625 0.3859375 0.01640625 0.025
0 0.3796875 0.37578125 0.0234375 0.03984375
0 0.4703125 0.34296875 0.0109375 0.01640625
0 0.446875 0.375 0.01640625 0.0234375
0 0.1796875 0.3671875 0.0140625 0.0171875
0 0.690625 0.35703125 0.0125 0.0203125
0 0.346875 0.3671875 0.01484375 0.0171875
0 0.58515625 0.3671875 0.0140625 0.0171875
0 0.415625 0.34296875 0.0109375 0.0171875
0 0.546875 0.378125 0.0171875 0.025
0 0.240625 0.375 0.01484375 0.0203125
0 0.7296875 0.36796875 0.01484375 0.028125
0 0.490625 0.38984375 0.01953125 0.03359375
0 0.14140625 0.89296875 0.115625 0.19921875
0 0.25390625 0.42109375 0.0328125 0.0484375
0 0.5078125 0.36796875 0.015625 0.021875
0 0.67109375 0.4359375 0.02421875 0.03984375
0 0.49375 0.3546875 0.01484375 0.0234375
0 0.65234375 0.346875 0.0140625 0.0171875
0 0.55703125 0.49296875 0.04765625 0.05390625
0 0.6953125 0.484375 0.046875 0.08203125
0 0.103125 0.378125 0.02265625 0.03203125
0 0.28671875 0.42734375 0.03046875 0.05234375
0 0.4296875 0.35390625 0.0140625 0.021875
0 0.4640625 0.3640625 0.01640625 0.025
0 0.3390625 0.42109375 0.02265625 0.028125
0 0.5125 0.39296875 0.01953125 0.028125
0 0.56640625 0.35 0.01171875 0.0171875
0 0.678125 0.35 0.0125 0.0171875
0 0.2453125 0.353125 0.01171875 0.0171875
0 0.15234375 0.378125 0.0171875 0.021875
0 0.9609375 0.84296875 0.0765625 0.15546875
0 0.5453125 0.3296875 0.009375 0.01171875
0 0.58828125 0.33515625 0.0109375 0.01484375
0 0.34296875 0.39375 0.0203125 0.02890625
0 0.19609375 0.378125 0.0140625 0.0203125
0 0.253125 0.5375 0.03828125 0.04375
0 0.12578125 0.378125 0.021875 0.03515625
0 0.378125 0.34296875 0.0109375 0.01328125
0 0.51640625 0.3265625 0.009375 0.01171875
0 0.5265625 0.43828125 0.040625 0.06015625
0 0.409375 0.36875 0.01484375 0.0234375
0 0.45234375 0.34296875 0.0109375 0.01640625
0 0.53046875 0.33984375 0.0109375 0.01484375
0 0.253125 0.478125 0.03828125 0.05390625
0 0.4296875 0.3296875 0.0078125 0.01171875
0 0.56953125 0.38125 0.015625 0.021875
0 0.50390625 0.3296875 0.009375 0.01484375
0 0.2171875 0.37578125 0.01484375 0.01875
0 0.4546875 0.3265625 0.0078125 0.01171875
0 0.37421875 0.41328125 0.02421875 0.03359375
0 0.2140625 0.396875 0.01953125 0.0234375
0 0.30546875 0.35078125 0.0109375 0.01640625
0 0.60625 0.34375 0.0109375 0.01484375
0 0.49296875 0.33125 0.00859375 0.01328125
0 0.00625 0.4421875 0.0125 0.03515625
0 0.44140625 0.32890625 0.0078125 0.01015625
0 0.2046875 0.475 0.0328125 0.025
0 0.29375 0.35390625 0.009375 0.01328125
0 0.54296875 0.3546875 0.01171875 0.0171875
0 0.35625 0.35625 0.01171875 0.01640625
0 0.10625 0.41328125 0.02421875 0.03359375
0 0.353125 0.33203125 0.00859375 0.01171875
0 0.2171875 0.353125 0.0109375 0.01484375
0 0.32890625 0.33984375 0.0109375 0.01484375
0 0.3046875 0.378125 0.015625 0.021875
0 0.33046875 0.3640625 0.01484375 0.021875
0 0.48125 0.3296875 0.0078125 0.01484375
0 0.59453125 0.9703125 0.1015625 0.05703125
0 0.6140625 0.36484375 0.0140625 0.0203125
0 0.1546875 0.403125 0.01953125 0.028125
0 0.2796875 0.3546875 0.009375 0.01484375
0 0.56875 0.3296875 0.00859375 0.01171875
0 0.98515625 0.61328125 0.02734375 0.15546875
0 0.46796875 0.32890625 0.00703125 0.01015625
0 0.40390625 0.33203125 0.00859375 0.01171875
0 0.5171875 0.34296875 0.009375 0.01328125
0 0.7046875 0.42421875 0.0328125 0.03515625
0 0.55234375 0.34296875 0.00859375 0.01328125
0 0.0609375 0.375 0.0203125 0.0265625
0 0.39296875 0.34375 0.00859375 0.01484375
0 0.39296875 0.3296875 0.00703125 0.01171875
0 0.34453125 0.33984375 0.00859375 0.01171875
0 0.38125 0.32890625 0.00859375 0.01015625
0 0.73515625 0.41171875 0.0296875 0.03203125
0 0.41796875 0.32890625 0.0078125 0.01015625
0 0.140625 0.35390625 0.0140625 0.021875
0 0.5546875 0.3296875 0.0078125 0.01171875
0 0.2296875 0.3546875 0.0109375 0.01484375
0 0.3921875 0.31796875 0.00625 0.00859375
0 0.28828125 0.3390625 0.0078125 0.01328125
0 0.31875 0.340625 0.00859375 0.01328125
0 0.47265625 0.40078125 0.0171875 0.025
0 0.36875 0.31875 0.0078125 0.01015625
0 0.38125 0.31875 0.00703125 0.00703125
0 0.478125 0.3578125 0.01171875 0.01875
0 0.27890625 0.3296875 0.00859375 0.01171875
0 0.40625 0.31875 0.0078125 0.00703125
0 0.56171875 0.4484375 0.0203125 0.03359375
0 0.6515625 0.36875 0.015625 0.0203125