0 0.9640625 0.16953125 0.025 0.0390625
0 0.596875 0.1796875 0.028125 0.04453125
0 0.27265625 0.4015625 0.0453125 0.05859375
0 0.0828125 0.30625 0.0390625 0.05078125
0 0.7796875 0.23125 0.0265625 0.04296875
0 0.484375 0.4671875 0.05078125 0.08046875
0 0.2140625 0.3234375 0.0359375 0.05078125
0 0.50703125 0.10703125 0.0234375 0.03671875
0 0.403125 0.11796875 0.02421875 0.0375
0 0.60625 0.0140625 0.01875 0.028125
0 0.103125 0.16328125 0.01953125 0.0296875
0 0.4609375 0.2171875 0.02734375 0.04296875
0 0.6171875 0.4390625 0.046875 0.06796875
0 0.0203125 0.50625 0.03984375 0.07265625
0 0.7359375 0.2359375 0.03515625 0.0546875
0 0.25390625 0.075 0.0171875 0.025
0 0.9 0.0984375 0.02421875 0.0328125
0 0.3734375 0.36875 0.0375 0.0546875
0 0.1453125 0.053125 0.015625 0.02109375
0 0.73125 0.34921875 0.03515625 0.0546875
0 0.765625 0.01875 0.0171875 0.02734375
0 0.978125 0.0765625 0.02421875 0.0296875
0 0.1953125 0.16015625 0.0234375 0.03359375
0 0.17109375 0.1453125 0.0203125 0.0296875
0 0.98984375 0.04921875 0.01875 0.02578125
0 0.63984375 0.046875 0.01875 0.03125
0 0.859375 0.09921875 0.025 0.0390625
0 0.39609375 0.02890625 0.01640625 0.0234375
0 0.103125 0.08046875 0.01484375 0.01796875
0 0.31640625 0.04375 0.0171875 0.025
0 0.284375 0.0609375 0.0203125 0.02890625
0 0.89140625 0.47890625 0.05859375 0.07578125
0 0.68203125 0.0296875 0.01640625 0.02578125
0 0.80546875 0.03046875 0.01875 0.025
0 0.7390625 0.0375 0.0171875 0.02890625
0 0.2484375 0.1375 0.0234375 0.0328125
0 0.790625 0.00703125 0.01875 0.0140625
0 0.571875 0.034375 0.01640625 0.025
0 0.07734375 0.09296875 0.01484375 0.01953125
0 0.17109375 0.2125 0.03046875 0.04453125
0 0.634375 0.01953125 0.01484375 0.02109375
0 0.2140625 0.1109375 0.01875 0.02578125
0 0.95625 0.0328125 0.0203125 0.03359375
0 0.7140625 0.0921875 0.0203125 0.03359375
0 0.16953125 0.00625 0.0140625 0.0125
0 0.1859375 0.11953125 0.01875 0.02578125
0 0.715625 0.025 0.01484375 0.021875
0 0.92734375 0.05546875 0.01875 0.0296875
0 0.296875 0.00625 0.015625 0.0125
0 0.88671875 0.06171875 0.01953125 0.0296875
0 0.434375 0.0109375 0.01484375 0.021875
0 0.6828125 0.00625 0.015625 0.0125
0 0.84453125 0.0421875 0.0171875 0.025
0 0.65546875 0.0125 0.01484375 0.025
0 0.33046875 0.0078125 0.01875 0.015625
0 0.54375 0.01328125 0.01484375 0.02578125
0 0.465625 0.01328125 0.0171875 0.02578125
0 0.03203125 0.1953125 0.025 0.03359375
0 0.96171875 0.00625 0.0171875 0.01171875
0 0.93125 0.7515625 0.0375 0.04921875
0 0.365625 0.00625 0.015625 0.0125
0 0.04375 0.06875 0.01640625 0.02578125
0 0.89375 0.00625 0.0171875 0.01171875
0 0.4890625 0.06015625 0.021875 0.03671875
0 0.73828125 0.5671875 0.05859375 0.0953125
0 0.2828125 0.0203125 0.01484375 0.01953125
0 0.240625 0.00625 0.0125 0.01171875
0 0.11796875 0.0765625 0.01484375 0.01796875
0 0.02890625 0.06328125 0.01484375 0.021875
0 0.26484375 0.00625 0.01484375 0.01171875
0 0.00390625 0.06015625 0.0078125 0.0234375
0 0.8328125 0.10546875 0.01953125 0.03125
0 0.5609375 0.0078125 0.015625 0.015625
0 0.31328125 0.0078125 0.015625 0.015625
0 0.50390625 0.01953125 0.01953125 0.02578125
0 0.20546875 0.03125 0.01484375 0.02109375
0 0.159375 0.06796875 0.01484375 0.0234375
0 0.9109375 0.8109375 0.06015625 0.0625
0 0.4984375 0.375 0.0546875 0.0671875
0 0.71796875 0.19609375 0.0359375 0.0609375