0 0.575 0.3375 0.034375 0.053125
0 0.778125 0.2796875 0.0421875 0.05859375
0 0.8703125 0.0625 0.025 0.03671875
0 0.17109375 0.05390625 0.034375 0.0484375
0 0.05390625 0.12890625 0.028125 0.04140625
0 0.8390625 0.0984375 0.028125 0.0453125
0 0.9640625 0.0140625 0.02265625 0.02734375
0 0.2328125 0.21640625 0.0328125 0.04921875
0 0.56953125 0.06015625 0.025 0.02890625
0 0.8640625 0.0125 0.02734375 0.025
0 0.209375 0.00859375 0.025 0.0171875
0 0.06953125 0.0921875 0.025 0.03359375
0 0.96953125 0.73046875 0.05859375 0.09375
0 0.89609375 0.0796875 0.03046875 0.046875
0 0.81953125 0.0078125 0.021875 0.015625
0 0.6515625 0.08125 0.021875 0.0328125
0 0.171875 0.2484375 0.0234375 0.03671875
0 0.01796875 0.1046875 0.0203125 0.0296875
0 0.28515625 0.02265625 0.03125 0.0453125
0 0.99453125 0.0375 0.00859375 0.03125