0 0.93046875 0.18125 0.03984375 0.0609375
0 0.4203125 0.4296875 0.053125 0.08046875
0 0.88203125 0.15078125 0.03515625 0.05234375
0 0.690625 0.4109375 0.0453125 0.0609375
0 0.59765625 0.17421875 0.0328125 0.05703125
0 0.68828125 0.1265625 0.034375 0.05234375
0 0.1515625 0.01171875 0.0203125 0.0234375
0 0.68828125 0.04375 0.02265625 0.0375
0 0.8046875 0.0171875 0.025 0.03359375
0 0.5296875 0.05 0.0234375 0.0375
0 0.965625 0.0484375 0.0296875 0.04453125
0 0.10625 0.02890625 0.021875 0.03359375
0 0.6109375 0.04375 0.0234375 0.0375
0 0.3 0.0140625 0.02421875 0.02734375
0 0.52734375 0.46796875 0.0625 0.0875
0 0.040625 0.01640625 0.0234375 0.0328125
0 0.77890625 0.28125 0.05390625 0.08046875
0 0.18671875 0.00703125 0.0171875 0.0140625
0 0.7453125 0.00625 0.021875 0.01171875
0 0.36015625 0.02421875 0.021875 0.0328125
0 0.0796875 0.00625 0.015625 0.0125
0 0.3296875 0.965625 0.16015625 0.06640625
0 0.909375 0.11640625 0.03125 0.0453125
0 0.1140625 0.00625 0.0171875 0.01171875
0 0.7625 0.053125 0.0234375 0.0390625