0 0.39140625 0.19921875 0.0296875 0.04921875
0 0.4328125 0.45703125 0.0578125 0.08046875
0 0.9734375 0.67421875 0.0515625 0.10703125
0 0.66875 0.25703125 0.0453125 0.0609375
0 0.26796875 0.38671875 0.04609375 0.0625
0 0.134375 0.05625 0.0296875 0.0390625
0 0.48125 0.3578125 0.0453125 0.06640625
0 0.52734375 0.409375 0.0453125 0.06875
0 0.01796875 0.225 0.034375 0.05234375
0 0.6140625 0.325 0.04296875 0.06875
0 0.290625 0.18828125 0.03515625 0.05078125
0 0.47734375 0.01171875 0.025 0.0234375
0 0.6859375 0.52421875 0.05859375 0.0875
0 0.0890625 0.109375 0.02734375 0.03671875
0 0.7609375 0.25625 0.046875 0.0703125
0 0.78671875 0.7 0.08125 0.1234375
0 0.48828125 0.2625 0.03515625 0.05625
0 0.14765625 0.4265625 0.05390625 0.06640625
0 0.48828125 0.1765625 0.03515625 0.05078125
0 0.059375 0.1390625 0.03203125 0.0453125
0 0.471875 0.11875 0.03125 0.0484375
0 0.1890625 0.1390625 0.02734375 0.040625
0 0.690625 0.18125 0.059375 0.08203125
0 0.49296875 0.5296875 0.059375 0.08359375
0 0.01484375 0.1328125 0.0265625 0.03671875
0 0.27421875 0.14921875 0.03125 0.0375
0 0.85625 0.01328125 0.0265625 0.02578125
0 0.13203125 0.13125 0.02734375 0.0375