1 0.40546875 0.653125 0.16796875 0.3390625
1 0.4359375 0.53046875 0.04609375 0.08828125
1 0.503125 0.67265625 0.05078125 0.096875
1 0.60390625 0.63359375 0.04453125 0.09296875
1 0.509375 0.775 0.04921875 0.0953125
1 0.60234375 0.6671875 0.115625 0.1640625
1 0.50625 0.8140625 0.0953125 0.17265625
1 0.30625 0.36640625 0.021875 0.03671875
1 0.4984375 0.715625 0.0796875 0.18359375
1 0.196875 0.3328125 0.0203125 0.034375
1 0.2703125 0.27421875 0.0234375 0.0390625
1 0.31171875 0.41171875 0.04453125 0.12734375
1 0.46875 0.3625 0.02890625 0.04296875
1 0.1703125 0.2578125 0.02421875 0.03671875
1 0.69453125 0.2296875 0.0203125 0.028125
1 0.74296875 0.325 0.04765625 0.20546875
1 0.66171875 0.225 0.021875 0.034375
1 0.8109375 0.23671875 0.021875 0.04140625
1 0.79140625 0.2265625 0.0171875 0.03046875
1 0.94609375 0.234375 0.0234375 0.03671875
1 0.475 0.3 0.03203125 0.04765625
1 0.28984375 0.3671875 0.015625 0.02578125
1 0.24609375 0.26875 0.04921875 0.1578125
1 0.384375 0.28515625 0.05078125 0.18125
1 0.728125 0.215625 0.0234375 0.0390625
1 0.5296875 0.39609375 0.0234375 0.04140625
1 0.165625 0.2734375 0.0359375 0.0671875
1 0.63984375 0.22109375 0.0171875 0.028125
1 0.18046875 0.3109375 0.0625 0.1421875
1 0.60390625 0.6125 0.0421875 0.05
1 0.9140625 0.24375 0.015625 0.03046875
1 0.68515625 0.2140625 0.015625 0.02578125
1 0.85390625 0.31640625 0.04375 0.196875
1 0.24765625 0.2 0.0234375 0.03671875
1 0.38359375 0.20625 0.0203125 0.04140625
1 0.77578125 0.24375 0.0234375 0.0390625
1 0.809375 0.2234375 0.01875 0.0234375
1 0.50234375 0.6515625 0.04375 0.05
1 0.54609375 0.23359375 0.01875 0.034375
1 0.7328125 0.17890625 0.015625 0.02578125
1 0.928125 0.24375 0.01875 0.03046875
1 0.6390625 0.2890625 0.04765625 0.1640625
1 0.696875 0.29921875 0.03359375 0.16171875
1 0.52890625 0.3890625 0.01875 0.02578125
1 0.73046875 0.24765625 0.0234375 0.03671875
1 0.60390625 0.6359375 0.0765625 0.12734375
1 0.8515625 0.23828125 0.02734375 0.04140625
1 0.8203125 0.2703125 0.0203125 0.034375
1 0.50078125 0.275 0.99296875 0.30859375
1 0.4203125 0.2125 0.021875 0.04140625
1 0.61015625 0.21171875 0.021875 0.0390625
1 0.42265625 0.26015625 0.0375 0.14453125
1 0.56875 0.2171875 0.0203125 0.03203125
1 0.5 0.23359375 0.015625 0.02578125
1 0.2890625 0.3625 0.08828125 0.21171875
1 0.97109375 0.18671875 0.0171875 0.028125
1 0.93203125 0.325 0.04921875 0.196875
1 0.43515625 0.53359375 0.0765625 0.125
1 0.928125 0.215625 0.021875 0.034375
1 0.6734375 0.2703125 0.01875 0.03046875
1 0.51015625 0.75390625 0.04765625 0.0515625
1 0.91015625 0.21796875 0.0171875 0.02578125
1 0.80859375 0.31015625 0.0421875 0.18828125
1 0.51328125 0.2890625 0.021875 0.034375
1 0.2640625 0.3015625 0.0390625 0.09296875
1 0.46953125 0.36640625 0.0421875 0.07109375
1 0.89140625 0.315625 0.04609375 0.1984375
1 0.746875 0.234375 0.0203125 0.03671875
1 0.7609375 0.23671875 0.0203125 0.03203125
1 0.3015625 0.265625 0.02421875 0.0390625
1 0.83359375 0.28046875 0.0171875 0.02578125
1 0.1984375 0.3359375 0.03203125 0.05
1 0.884375 0.23359375 0.02578125 0.0390625
1 0.1421875 0.1890625 0.01875 0.03203125
1 0.47109375 0.33125 0.0421875 0.11015625
1 0.625 0.2109375 0.0171875 0.03203125
1 0.4625 0.20703125 0.01875 0.034375
1 0.74765625 0.2171875 0.021875 0.03203125
1 0.6 0.77109375 0.12578125 0.371875
1 0.15703125 0.2875 0.021875 0.0390625
1 0.5375 0.8421875 0.1609375 0.23359375
1 0.67578125 0.31640625 0.034375 0.1234375
1 0.30625 0.36640625 0.03359375 0.05
1 0.5453125 0.39453125 0.0171875 0.03671875
1 0.178125 0.2 0.0171875 0.0234375
1 0.81171875 0.23515625 0.03203125 0.05625