1 0.6109375 0.82578125 0.06875 0.1171875
1 0.5109375 0.859375 0.07890625 0.13203125
1 0.36015625 0.9203125 0.16875 0.15078125
1 0.1578125 0.93359375 0.146875 0.12421875
1 0.8453125 0.7828125 0.05859375 0.0953125
1 0.28359375 0.7484375 0.0359375 0.06171875
1 0.0453125 0.896875 0.078125 0.10390625
1 0.79375 0.940625 0.10625 0.11015625
1 0.17109375 0.71953125 0.0296875 0.0453125
1 0.75703125 0.88828125 0.0765625 0.15078125
1 0.8828125 0.9625 0.1078125 0.06875
1 0.62578125 0.88125 0.10078125 0.228125
1 0.72578125 0.78671875 0.059375 0.0984375
1 0.175 0.7484375 0.05625 0.10546875
1 0.42109375 0.75546875 0.0421875 0.05859375
1 0.690625 0.75703125 0.03515625 0.0671875
1 0.1640625 0.85 0.05625 0.07734375
1 0.52578125 0.89453125 0.128125 0.20234375
1 0.825 0.8546875 0.06328125 0.09921875
1 0.934375 0.696875 0.0390625 0.0640625
1 0.4015625 0.71171875 0.0390625 0.06171875
1 0.5265625 0.7796875 0.04765625 0.06328125
1 0.5125 0.71796875 0.0265625 0.0421875
1 0.3578125 0.7546875 0.0390625 0.05390625
1 0.03203125 0.76328125 0.03203125 0.0515625
1 0.57890625 0.8015625 0.04765625 0.10078125
1 0.46953125 0.6890625 0.02265625 0.03359375
1 0.96015625 0.74140625 0.04296875 0.06875
1 0.78203125 0.71953125 0.03125 0.0453125
1 0.13359375 0.72578125 0.025 0.03671875
1 0.38125 0.8296875 0.1 0.0921875
1 0.63515625 0.71875 0.0265625 0.04375
1 0.2609375 0.834375 0.0484375 0.10234375
1 0.58125 0.74296875 0.03984375 0.0453125
1 0.67265625 0.7421875 0.0328125 0.05859375
1 0.58515625 0.71484375 0.0328125 0.03203125
1 0.72734375 0.68515625 0.021875 0.03515625
1 0.4671875 0.82109375 0.05625 0.096875
1 0.3015625 0.8703125 0.06640625 0.0890625
1 0.0609375 0.73828125 0.028125 0.0453125
1 0.59296875 0.68515625 0.02265625 0.03203125
1 0.5328125 0.71484375 0.02421875 0.03828125
1 0.5 0.8125 0.9921875 0.36015625
1 0.5484375 0.7515625 0.0328125 0.0484375
1 0.4546875 0.72109375 0.034375 0.0484375
1 0.09296875 0.75 0.02734375 0.04375
1 0.85234375 0.834375 0.07734375 0.19921875
1 0.2203125 0.7234375 0.02734375 0.04375
1 0.025 0.7046875 0.02421875 0.03671875
1 0.1265625 0.7578125 0.0421875 0.10078125
1 0.784375 0.78046875 0.0421875 0.08203125
1 0.04765625 0.70703125 0.0234375 0.03515625
1 0.31015625 0.809375 0.05 0.05546875
1 0.86796875 0.7296875 0.028125 0.0421875
1 0.2390625 0.70234375 0.021875 0.03359375
1 0.3515625 0.69921875 0.01953125 0.028125
1 0.83203125 0.69453125 0.0234375 0.03984375
1 0.2984375 0.909375 0.07421875 0.1671875
1 0.32265625 0.77265625 0.04375 0.0515625
1 0.8171875 0.68515625 0.021875 0.03515625
1 0.11796875 0.71796875 0.021875 0.03984375
1 0.9125 0.71484375 0.0265625 0.05
1 0.8734375 0.62578125 0.0171875 0.03046875
1 0.671875 0.66875 0.0171875 0.028125
1 0.65703125 0.74765625 0.025 0.0484375
1 0.34296875 0.66171875 0.01640625 0.0265625
1 0.21171875 0.87265625 0.03515625 0.05234375
1 0.715625 0.77578125 0.0390625 0.0640625
1 0.0265625 0.796875 0.05078125 0.1171875
1 0.325 0.68828125 0.02265625 0.03515625
1 0.46953125 0.690625 0.03125 0.0484375
1 0.27109375 0.725 0.028125 0.040625
1 0.51171875 0.76875 0.040625 0.05234375
1 0.66640625 0.70859375 0.028125 0.03203125
1 0.7125 0.86484375 0.0859375 0.25625
1 0.75078125 0.66796875 0.0171875 0.0265625
1 0.22109375 0.6953125 0.0203125 0.02890625
1 0.85078125 0.6875 0.02734375 0.03671875
1 0.76640625 0.66484375 0.01875 0.0265625
1 0.71015625 0.70390625 0.02265625 0.03203125
1 0.740625 0.68359375 0.0171875 0.02890625
1 0.26328125 0.6921875 0.028125 0.03984375
1 0.87421875 0.66328125 0.0421875 0.10546875
1 0.17109375 0.69765625 0.03125 0.03046875
1 0.065625 0.71875 0.02734375 0.03515625
1 0.928125 0.778125 0.05625 0.22421875
1 0.54375 0.7046875 0.021875 0.03359375
1 0.3125 0.7015625 0.0171875 0.02890625
1 0.81953125 0.65703125 0.021875 0.02890625
1 0.2625 0.68515625 0.0171875 0.0265625
1 0.63828125 0.6671875 0.0203125 0.028125
1 0.53828125 0.68125 0.0203125 0.028125
1 0.38203125 0.721875 0.0234375 0.05
1 0.25625 0.88984375 0.059375 0.209375
1 0.44453125 0.68046875 0.01875 0.03046875
1 0.6453125 0.73046875 0.02265625 0.040625
1 0.4703125 0.7640625 0.03828125 0.03828125
1 0.865625 0.70546875 0.028125 0.03203125
1 0.9515625 0.8484375 0.06328125 0.2828125
1 0.4890625 0.7328125 0.0265625 0.0453125
1 0.7328125 0.72109375 0.03046875 0.0421875
1 0.61328125 0.83203125 0.1 0.165625
1 0.28359375 0.74921875 0.05546875 0.08359375
1 0.36015625 0.72421875 0.0328125 0.03984375
1 0.7609375 0.73359375 0.0234375 0.05
1 0.26328125 0.81484375 0.03984375 0.06015625
1 0.634375 0.73203125 0.0359375 0.07890625
1 0.7125 0.728125 0.025 0.03359375
1 0.06875 0.76328125 0.05390625 0.0984375