1 0.49921875 0.496875 0.99375 0.99375
1 0.3265625 0.7734375 0.01953125 0.04140625
1 0.39765625 0.696875 0.0234375 0.10703125
1 0.465625 0.92421875 0.03984375 0.08984375
1 0.3078125 0.871875 0.021875 0.05
1 0.64921875 0.92890625 0.0125 0.028125
1 0.2859375 0.746875 0.02421875 0.0765625
1 0.396875 0.915625 0.0265625 0.08515625
1 0.834375 0.971875 0.0125 0.03046875
1 0.396875 0.8875 0.01171875 0.028125
1 0.85078125 0.915625 0.0125 0.028125
1 0.321875 0.8546875 0.021875 0.05
1 0.87578125 0.81484375 0.01171875 0.028125
1 0.36015625 0.65078125 0.0109375 0.028125