0 0.26953125 0.41328125 0.01171875 0.034375
0 0.74453125 0.66953125 0.01484375 0.03984375
0 0.71953125 0.3375 0.01171875 0.03125
0 0.93203125 0.37578125 0.01328125 0.034375
0 0.0265625 0.64140625 0.01640625 0.034375
0 0.39453125 0.340625 0.01484375 0.03125
0 0.09140625 0.609375 0.0203125 0.03984375
0 0.234375 0.46171875 0.01484375 0.034375
0 0.88203125 0.54296875 0.01328125 0.03125
0 0.0921875 0.4828125 0.01484375 0.03125
0 0.54765625 0.49140625 0.01484375 0.03125
0 0.61953125 0.4515625 0.01796875 0.03671875
0 0.28203125 0.2421875 0.01328125 0.034375
0 0.3390625 0.38203125 0.01484375 0.028125
0 0.3671875 0.28046875 0.01484375 0.02578125
0 0.9640625 0.9671875 0.021875 0.04296875
0 0.51953125 0.584375 0.01484375 0.03984375
0 0.16640625 0.5453125 0.01640625 0.03671875
0 0.31953125 0.68828125 0.01796875 0.03671875
0 0.59453125 0.28359375 0.01484375 0.03125
0 0.10703125 0.4984375 0.01640625 0.034375
0 0.46171875 0.42421875 0.01640625 0.028125
0 0.346875 0.4171875 0.01328125 0.03125
0 0.21953125 0.97265625 0.021875 0.04296875
0 0.159375 0.33359375 0.01484375 0.034375
0 0.26640625 0.97265625 0.0203125 0.04296875
0 0.146875 0.49453125 0.01640625 0.03125
0 0.15390625 0.084375 0.01171875 0.02578125
0 0.66640625 0.81484375 0.01640625 0.03984375
0 0.56953125 0.61953125 0.01484375 0.03671875
0 0.35703125 0.58125 0.01640625 0.03984375
0 0.72890625 0.871875 0.01796875 0.0453125
0 0.9640625 0.190625 0.01484375 0.028125
0 0.82890625 0.9515625 0.01796875 0.03984375
0 0.06640625 0.05546875 0.01640625 0.03125
0 0.73203125 0.2890625 0.01328125 0.03125
0 0.56953125 0.421875 0.01171875 0.028125
0 0.8390625 0.340625 0.01484375 0.03671875
0 0.640625 0.52109375 0.01484375 0.034375
0 0.0140625 0.084375 0.01484375 0.02578125
0 0.88203125 0.7265625 0.01640625 0.0453125
0 0.8015625 0.2703125 0.01328125 0.028125
0 0.59140625 0.9234375 0.01640625 0.0453125
0 0.71953125 0.2609375 0.01171875 0.03125
0 0.61953125 0.40859375 0.01484375 0.03125
0 0.984375 0.39296875 0.01484375 0.034375
0 0.7765625 0.9671875 0.0203125 0.04296875
0 0.784375 0.26328125 0.01171875 0.03125
0 0.04140625 0.36171875 0.01328125 0.034375
0 0.02421875 0.37890625 0.01484375 0.034375
0 0.59140625 0.4046875 0.01328125 0.028125
0 0.6078125 0.35859375 0.01484375 0.034375
0 0.71953125 0.5140625 0.01796875 0.03671875
0 0.71953125 0.57109375 0.01484375 0.03125
0 0.25390625 0.4390625 0.01484375 0.034375
0 0.640625 0.371875 0.01484375 0.03671875
0 0.46171875 0.38203125 0.01328125 0.028125
0 0.41640625 0.97265625 0.0203125 0.03671875
0 0.784375 0.534375 0.01484375 0.03671875
0 0.31953125 0.375 0.01484375 0.03671875
0 0.32890625 0.16953125 0.01171875 0.02578125
0 0.19609375 0.3234375 0.01484375 0.03125
0 0.746875 0.89453125 0.01640625 0.03984375
0 0.21953125 0.11953125 0.01171875 0.028125
0 0.23203125 0.5015625 0.01640625 0.028125
0 0.6765625 0.68515625 0.01640625 0.04296875
0 0.04453125 0.30625 0.01484375 0.03125
0 0.08203125 0.2296875 0.01328125 0.03671875
0 0.8515625 0.871875 0.01640625 0.0453125
0 0.87421875 0.584375 0.01484375 0.03984375
0 0.79453125 0.04296875 0.01171875 0.02265625
0 0.66640625 0.44140625 0.01328125 0.028125
0 0.19453125 0.2421875 0.01171875 0.028125
0 0.23203125 0.5359375 0.01328125 0.034375
0 0.109375 0.7859375 0.01796875 0.03984375
0 0.40390625 0.55546875 0.01484375 0.03984375
0 0.409375 0.0296875 0.01171875 0.0203125
0 0.1265625 0.65703125 0.01640625 0.03671875
0 0.25703125 0.28359375 0.01328125 0.03125
0 0.29140625 0.5203125 0.01640625 0.03125
0 0.5390625 0.29453125 0.01484375 0.03125
0 0.47421875 0.35078125 0.01484375 0.028125
0 0.9015625 0.4234375 0.01640625 0.03125
0 0.61171875 0.84609375 0.01640625 0.03984375
0 0.084375 0.7859375 0.01796875 0.03984375
0 0.51171875 0.9390625 0.01640625 0.04296875
0 0.51953125 0.7140625 0.01796875 0.04296875
0 0.56640625 0.9640625 0.0203125 0.04296875
0 0.05703125 0.46328125 0.01640625 0.03125
0 0.26640625 0.36875 0.01328125 0.03125
0 0.821875 0.5015625 0.01640625 0.034375
0 0.7140625 0.1765625 0.01484375 0.028125
0 0.91640625 0.15703125 0.01328125 0.028125
0 0.56640625 0.17265625 0.01328125 0.03125
0 0.80703125 0.165625 0.01328125 0.028125
0 0.01171875 0.4 0.01640625 0.03125
0 0.55390625 0.52265625 0.01484375 0.03125
0 0.26171875 0.54296875 0.01640625 0.03125
0 0.40390625 0.26171875 0.01171875 0.028125
0 0.971875 0.565625 0.01640625 0.03671875
0 0.42890625 0.15390625 0.01171875 0.028125
0 0.32890625 0.02109375 0.01171875 0.0203125
0 0.571875 0.515625 0.01640625 0.028125
0 0.3890625 0.190625 0.01484375 0.028125
0 0.46640625 0.63359375 0.01328125 0.03125
0 0.484375 0.321875 0.01484375 0.028125
0 0.6640625 0.578125 0.01796875 0.034375
0 0.7890625 0.625 0.01796875 0.03671875
0 0.64453125 0.05 0.01171875 0.02578125
0 0.31640625 0.4390625 0.01328125 0.034375
0 0.46953125 0.31640625 0.01171875 0.028125
0 0.57578125 0.55546875 0.01484375 0.03984375
0 0.80390625 0.084375 0.01171875 0.02578125
0 0.8765625 0.31171875 0.01328125 0.03125
0 0.184375 0.51171875 0.01796875 0.03671875
0 0.509375 0.4703125 0.01484375 0.034375
0 0.534375 0.7609375 0.01796875 0.03984375
0 0.52421875 0.48984375 0.01484375 0.034375
0 0.74140625 0.0796875 0.01328125 0.02265625
0 0.3140625 0.93125 0.01796875 0.0453125
0 0.5015625 0.39140625 0.01640625 0.03125
0 0.37421875 0.35859375 0.01484375 0.028125
0 0.771875 0.75234375 0.01640625 0.0453125
0 0.14140625 0.7109375 0.01640625 0.03671875
0 0.096875 0.39140625 0.01328125 0.03125
0 0.61953125 0.23828125 0.01171875 0.03125
0 0.46640625 0.0953125 0.01328125 0.02578125
0 0.71640625 0.96015625 0.0203125 0.0453125
0 0.06953125 0.2078125 0.01171875 0.028125
0 0.1390625 0.5453125 0.01796875 0.04296875
0 0.40703125 0.434375 0.01328125 0.03125
0 0.19140625 0.26640625 0.01328125 0.02578125
0 0.6640625 0.63828125 0.01484375 0.03984375
0 0.3890625 0.7140625 0.01796875 0.03671875
0 0.509375 0.42890625 0.01484375 0.03671875
0 0.7140625 0.4359375 0.01171875 0.028125
0 0.44921875 0.45703125 0.01484375 0.03671875
0 0.621875 0.48984375 0.01328125 0.034375
0 0.171875 0.28359375 0.01328125 0.03125
0 0.71640625 0.39765625 0.01640625 0.03125
0 0.47890625 0.81171875 0.01796875 0.03984375
0 0.14453125 0.128125 0.01171875 0.02265625
0 0.17421875 0.628125 0.01796875 0.03671875
0 0.04453125 0.4234375 0.01484375 0.03125
0 0.11640625 0.11796875 0.01328125 0.02578125
0 0.2890625 0.37578125 0.01484375 0.028125
0 0.08203125 0.08125 0.01328125 0.02578125
0 0.66953125 0.05234375 0.01171875 0.02578125
0 0.1765625 0.18203125 0.01328125 0.028125
0 0.38671875 0.2703125 0.01328125 0.028125
0 0.646875 0.9796875 0.01640625 0.034375
0 0.06171875 0.52109375 0.01640625 0.03984375
0 0.6015625 0.0765625 0.01328125 0.028125
0 0.9640625 0.50546875 0.01484375 0.03125
0 0.65703125 0.86328125 0.0203125 0.0453125
0 0.51953125 0.37734375 0.01171875 0.03125
0 0.1390625 0.9515625 0.021875 0.0453125
0 0.83671875 0.7109375 0.01640625 0.04296875
0 0.89921875 0.7703125 0.01796875 0.04296875
0 0.059375 0.26171875 0.01484375 0.028125
0 0.80703125 0.9 0.01640625 0.03984375
0 0.934375 0.79375 0.01796875 0.03671875
0 0.21171875 0.5453125 0.01640625 0.03671875
0 0.66953125 0.20625 0.01484375 0.03125
0 0.14140625 0.15703125 0.01328125 0.028125
0 0.83203125 0.0140625 0.01328125 0.02265625
0 0.60703125 0.7140625 0.01640625 0.03671875
0 0.90703125 0.10546875 0.01328125 0.02265625
0 0.2140625 0.421875 0.01484375 0.034375
0 0.559375 0.35859375 0.01484375 0.034375
0 0.48671875 0.884375 0.01640625 0.03671875
0 0.39921875 0.47734375 0.01484375 0.03125
0 0.71640625 0.47578125 0.01328125 0.034375
0 0.09453125 0.5296875 0.01796875 0.03984375
0 0.56640625 0.65703125 0.01640625 0.03671875
0 0.59921875 0.55 0.01484375 0.03984375
0 0.5390625 0.68203125 0.01796875 0.0484375
0 0.096875 0.09375 0.01328125 0.028125
0 0.859375 0.3671875 0.01484375 0.028125
0 0.54453125 0.6 0.01171875 0.03125
0 0.06015625 0.57421875 0.0203125 0.04296875
0 0.9140625 0.33359375 0.01484375 0.034375
0 0.746875 0.33203125 0.01328125 0.03125
0 0.346875 0.5359375 0.01640625 0.034375
0 0.90703125 0.840625 0.01640625 0.03984375
0 0.83203125 0.82734375 0.01640625 0.04296875
0 0.421875 0.65078125 0.01640625 0.03125
0 0.109375 0.19765625 0.01171875 0.02578125
0 0.31640625 0.81796875 0.01640625 0.034375
0 0.89453125 0.36640625 0.01171875 0.03125
0 0.396875 0.403125 0.01328125 0.03125
0 0.321875 0.4984375 0.01640625 0.034375
0 0.83671875 0.2703125 0.01640625 0.034375
0 0.171875 0.128125 0.01328125 0.028125
0 0.94140625 0.8375 0.0203125 0.0453125
0 0.74140625 0.19765625 0.01328125 0.02578125
0 0.85234375 0.18515625 0.01484375 0.034375
0 0.03671875 0.50390625 0.01640625 0.034375
0 0.47890625 0.9546875 0.01796875 0.03984375
0 0.10390625 0.02109375 0.01484375 0.02578125
0 0.6640625 0.390625 0.01171875 0.028125
0 0.4515625 0.11796875 0.01328125 0.03125
0 0.6390625 0.57109375 0.01484375 0.03125
0 0.52890625 0.53984375 0.01484375 0.03671875
0 0.22421875 0.62265625 0.01796875 0.03671875
0 0.746875 0.26171875 0.01328125 0.028125
0 0.359375 0.92578125 0.01796875 0.03984375
0 0.421875 0.39453125 0.01640625 0.03125
0 0.784375 0.4984375 0.01484375 0.034375
0 0.346875 0.128125 0.01328125 0.02265625
0 0.63203125 0.26328125 0.01328125 0.03125
0 0.11953125 0.55 0.01796875 0.034375
0 0.55703125 0.2921875 0.01328125 0.03125
0 0.63671875 0.29609375 0.01328125 0.028125
0 0.796875 0.2453125 0.01328125 0.028125
0 0.671875 0.73671875 0.01640625 0.04296875
0 0.5015625 0.046875 0.01328125 0.02578125
0 0.696875 0.44140625 0.01328125 0.034375
0 0.89140625 0.91015625 0.01640625 0.04296875
0 0.40703125 0.11953125 0.01328125 0.028125
0 0.36640625 0.15234375 0.01328125 0.02578125
0 0.68671875 0.24765625 0.01328125 0.028125
0 0.1578125 0.29609375 0.01484375 0.028125
0 0.51953125 0.04296875 0.01171875 0.02265625
0 0.959375 0.7546875 0.01484375 0.034375
0 0.75703125 0.13984375 0.01328125 0.028125
0 0.00703125 0.18125 0.01328125 0.02578125
0 0.1265625 0.190625 0.01328125 0.028125
0 0.884375 0.44140625 0.01484375 0.034375
0 0.309375 0.3375 0.01484375 0.03125
0 0.2390625 0.39765625 0.01484375 0.03125
0 0.59453125 0.76796875 0.01484375 0.03671875
0 0.5390625 0.23671875 0.01484375 0.028125
0 0.0390625 0.96015625 0.021875 0.0453125
0 0.2375 0.34296875 0.01484375 0.03671875
0 0.009375 0.628125 0.01796875 0.03671875
0 0.60703125 0.79921875 0.01640625 0.03671875
0 0.334375 0.4671875 0.01484375 0.028125
0 0.17421875 0.35625 0.01484375 0.034375
0 0.49453125 0.25078125 0.01171875 0.028125
0 0.38203125 0.6640625 0.01640625 0.034375
0 0.4015625 0.59375 0.01640625 0.04296875
0 0.27421875 0.2734375 0.01484375 0.028125
0 0.41640625 0.6921875 0.01640625 0.03984375
0 0.51953125 0.675 0.01484375 0.034375
0 0.69921875 0.18515625 0.01484375 0.034375
0 0.64140625 0.79375 0.01640625 0.04296875
0 0.659375 0.90703125 0.01796875 0.04296875
0 0.371875 0.0140625 0.01328125 0.02265625
0 0.05703125 0.1 0.01328125 0.028125
0 0.6890625 0.13359375 0.01484375 0.028125
0 0.44140625 0.35625 0.01328125 0.028125
0 0.584375 0.31875 0.01171875 0.028125
0 0.56640625 0.128125 0.01328125 0.028125
0 0.059375 0.0203125 0.01484375 0.02265625
0 0.6140625 0.20390625 0.01171875 0.02578125
0 0.28671875 0.42578125 0.01640625 0.03671875
0 0.96953125 0.24765625 0.01171875 0.028125
0 0.11640625 0.17265625 0.01328125 0.0203125
0 0.759375 0.52421875 0.01484375 0.03984375
0 0.5265625 0.16953125 0.01328125 0.02578125
0 0.8140625 0.390625 0.01796875 0.034375
0 0.890625 0.63828125 0.01484375 0.03984375
0 0.43203125 0.3046875 0.01328125 0.028125
0 0.38203125 0.221875 0.01328125 0.028125
0 0.371875 0.97265625 0.0234375 0.04296875
0 0.596875 0.66640625 0.01640625 0.03984375
0 0.74453125 0.221875 0.01171875 0.028125
0 0.59921875 0.625 0.01796875 0.03671875
0 0.434375 0.12109375 0.01484375 0.02578125
0 0.3765625 0.58125 0.01640625 0.03984375
0 0.76640625 0.30625 0.01328125 0.03125
0 0.3140625 0.465625 0.01484375 0.03125
0 0.89921875 0.66953125 0.01796875 0.03984375
0 0.584375 0.4828125 0.01796875 0.03671875
0 0.17890625 0.0328125 0.01171875 0.02578125
0 0.95078125 0.26640625 0.01484375 0.03125
0 0.11640625 0.33203125 0.01640625 0.03125
0 0.15703125 0.13828125 0.01328125 0.02578125
0 0.24453125 0.81640625 0.01796875 0.03125
0 0.70390625 0.5140625 0.01171875 0.03671875
0 0.634375 0.209375 0.01484375 0.03125
0 0.409375 0.309375 0.01484375 0.03125
0 0.37890625 0.55 0.01484375 0.028125
0 0.97421875 0.809375 0.021875 0.03984375
0 0.59921875 0.19375 0.01484375 0.028125
0 0.07421875 0.43125 0.01484375 0.03125
0 0.92265625 0.54296875 0.01484375 0.03671875
0 0.271875 0.084375 0.01328125 0.02578125
0 0.7390625 0.10546875 0.01171875 0.02265625
0 0.29921875 0.4390625 0.01484375 0.028125
0 0.02109375 0.48125 0.01484375 0.028125
0 0.709375 0.74609375 0.01484375 0.034375
0 0.684375 0.7859375 0.01484375 0.03984375
0 0.359375 0.515625 0.01484375 0.028125
0 0.5015625 0.34609375 0.01328125 0.03125
0 0.0890625 0.87890625 0.01796875 0.03671875
0 0.77890625 0.7140625 0.01171875 0.03671875
0 0.55703125 0.2140625 0.01328125 0.028125
0 0.85390625 0.44140625 0.01484375 0.034375