0 0.278125 0.340625 0.01875 0.0296875
0 0.565625 0.30390625 0.01484375 0.0328125
0 0.909375 0.334375 0.0171875 0.03125
0 0.240625 0.29765625 0.01875 0.0328125
0 0.59765625 0.40625 0.015625 0.03125
0 0.57109375 0.0171875 0.0171875 0.034375
0 0.61640625 0.15625 0.01484375 0.03125
0 0.01796875 0.31875 0.01875 0.03125
0 0.378125 0.121875 0.01484375 0.0296875
0 0.4671875 0.70390625 0.015625 0.025
0 0.64453125 0.23125 0.015625 0.0375
0 0.484375 0.215625 0.015625 0.0328125
0 0.6453125 0.13359375 0.0140625 0.0296875
0 0.45234375 0.825 0.01640625 0.0296875
0 0.01640625 0.0171875 0.01484375 0.03125
0 0.165625 0.28046875 0.015625 0.025
0 0.115625 0.49921875 0.01484375 0.025
0 0.5859375 0.53203125 0.015625 0.025
0 0.440625 0.4578125 0.01484375 0.0296875
0 0.54765625 0.0875 0.015625 0.03125
0 0.4984375 0.3125 0.01484375 0.03125
0 0.578125 0.7421875 0.0171875 0.02734375
0 0.95703125 0.3359375 0.0171875 0.03125
0 0.25390625 0.7109375 0.015625 0.02734375
0 0.075 0.35 0.01953125 0.03515625
0 0.5875 0.1625 0.0125 0.02734375
0 0.51484375 0.02265625 0.0140625 0.0296875
0 0.15859375 0.2078125 0.01484375 0.0296875
0 0.784375 0.4546875 0.01484375 0.02734375
0 0.32890625 0.6828125 0.01484375 0.0296875
0 0.33359375 0.153125 0.01484375 0.0296875
0 0.2453125 0.3703125 0.01640625 0.0328125
0 0.53046875 0.14453125 0.0125 0.03125
0 0.096875 0.0484375 0.01484375 0.02734375
0 0.4828125 0.55625 0.0171875 0.03515625
0 0.3078125 0.1453125 0.0140625 0.025
0 0.7421875 0.50703125 0.01953125 0.0375
0 0.5765625 0.4671875 0.01484375 0.03125
0 0.1640625 0.16484375 0.015625 0.0296875
0 0.296875 0.4671875 0.015625 0.0234375
0 0.53984375 0.96015625 0.0171875 0.0296875
0 0.596875 0.18828125 0.01484375 0.0296875
0 0.23984375 0.0171875 0.01640625 0.03125
0 0.7 0.85859375 0.01953125 0.0296875
0 0.7046875 0.16875 0.0171875 0.0375
0 0.6546875 0.07109375 0.015625 0.0375
0 0.65703125 0.29609375 0.01640625 0.0375
0 0.065625 0.26953125 0.0171875 0.03125
0 0.30234375 0.8953125 0.01640625 0.0328125
0 0.44140625 0.621875 0.0140625 0.025
0 0.44296875 0.15234375 0.0125 0.0234375
0 0.353125 0.5421875 0.0171875 0.0375
0 0.11875 0.09453125 0.01484375 0.025
0 0.3421875 0.1953125 0.0140625 0.03125
0 0.17734375 0.190625 0.01484375 0.0296875
0 0.69921875 0.3734375 0.01953125 0.0390625
0 0.07109375 0.434375 0.0171875 0.0296875
0 0.69375 0.03125 0.01484375 0.03125
0 0.409375 0.69453125 0.01484375 0.025
0 0.696875 0.53125 0.01953125 0.03515625
0 0.53046875 0.09375 0.0125 0.03125
0 0.58203125 0.09453125 0.015625 0.0328125
0 0.2984375 0.29375 0.01484375 0.0296875
0 0.7015625 0.315625 0.015625 0.0296875
0 0.71953125 0.371875 0.01484375 0.0296875
0 0.9015625 0.8609375 0.01953125 0.03125
0 0.76953125 0.6375 0.021875 0.0375
0 0.1984375 0.17109375 0.015625 0.025
0 0.5109375 0.7625 0.015625 0.0296875
0 0.0359375 0.17109375 0.01640625 0.025
0 0.6859375 0.1203125 0.01484375 0.0296875
0 0.1203125 0.01640625 0.015625 0.0296875
0 0.37890625 0.42890625 0.0140625 0.025
0 0.23515625 0.4328125 0.01484375 0.0296875
0 0.61171875 0.471875 0.01875 0.0375
0 0.77109375 0.009375 0.0203125 0.01875
0 0.4421875 0.73046875 0.01640625 0.03125
0 0.91484375 0.065625 0.0171875 0.0328125
0 0.4453125 0.21875 0.015625 0.03515625
0 0.32890625 0.33984375 0.01484375 0.03125
0 0.571875 0.5859375 0.01640625 0.03125
0 0.4125 0.3078125 0.01640625 0.0296875
0 0.16015625 0.328125 0.015625 0.03125
0 0.221875 0.1203125 0.01484375 0.0296875
0 0.53984375 0.571875 0.01484375 0.02734375
0 0.65078125 0.67890625 0.01640625 0.0296875
0 0.2453125 0.2015625 0.01484375 0.02734375
0 0.3421875 0.8390625 0.0171875 0.0296875
0 0.66875 0.334375 0.01484375 0.03125
0 0.0578125 0.19375 0.01640625 0.03125
0 0.44453125 0.08203125 0.0140625 0.02734375
0 0.6453125 0.4046875 0.01484375 0.03515625
0 0.84296875 0.1546875 0.01484375 0.03125
0 0.2453125 0.915625 0.0171875 0.03125
0 0.1859375 0.53203125 0.015625 0.0296875
0 0.2890625 0.60234375 0.015625 0.025
0 0.115625 0.1359375 0.01484375 0.025
0 0.4421875 0.2765625 0.01484375 0.0328125
0 0.37734375 0.8609375 0.01875 0.03125
0 0.3765625 0.940625 0.01484375 0.025
0 0.00390625 0.4609375 0.0078125 0.0234375
0 0.44140625 0.18046875 0.0140625 0.025
0 0.346875 0.34453125 0.01484375 0.0296875
0 0.20703125 0.0125 0.015625 0.025
0 0.3109375 0.56640625 0.01640625 0.03125
0 0.54921875 0.6859375 0.01640625 0.03125
0 0.6515625 0.784375 0.01953125 0.0375
0 0.384375 0.61640625 0.015625 0.0296875
0 0.21953125 0.19609375 0.0140625 0.025
0 0.2046875 0.47734375 0.01484375 0.0296875
0 0.21953125 0.68359375 0.015625 0.0234375
0 0.63203125 0.03203125 0.015625 0.0328125
0 0.6515625 0.5640625 0.0171875 0.03125
0 0.403125 0.2265625 0.01484375 0.03125
0 0.03046875 0.09296875 0.01875 0.025
0 0.0046875 0.16796875 0.00859375 0.03125
0 0.16328125 0.02734375 0.01484375 0.03125
0 0.9765625 0.7484375 0.0171875 0.03125
0 0.4328125 0.5203125 0.015625 0.0296875
0 0.90234375 0.28828125 0.0171875 0.0328125
0 0.0765625 0.14453125 0.015625 0.02734375
0 0.5328125 0.5375 0.01484375 0.03125
0 0.1 0.421875 0.01484375 0.02734375
0 0.2625 0.59375 0.0171875 0.03125
0 0.1015625 0.91484375 0.015625 0.025
0 0.32734375 0.27734375 0.01484375 0.03125
0 0.29609375 0.12421875 0.01484375 0.025
0 0.1375 0.45703125 0.015625 0.02734375
0 0.4671875 0.009375 0.015625 0.01875
0 0.4984375 0.8609375 0.01875 0.03125
0 0.39609375 0.26953125 0.01484375 0.02734375
0 0.38984375 0.36015625 0.015625 0.0296875
0 0.290625 0.7046875 0.01640625 0.02734375
0 0.75390625 0.45234375 0.0171875 0.0296875
0 0.5171875 0.728125 0.01953125 0.03125
0 0.0203125 0.596875 0.0171875 0.025
0 0.6484375 0.92890625 0.01953125 0.0296875
0 0.29765625 0.0859375 0.01484375 0.02734375
0 0.62890625 0.3453125 0.015625 0.03125
0 0.55390625 0.21796875 0.0140625 0.025
0 0.1625 0.57109375 0.01640625 0.025
0 0.78203125 0.29375 0.015625 0.025
0 0.49453125 0.634375 0.01640625 0.02734375
0 0.73515625 0.58515625 0.0171875 0.0328125
0 0.84921875 0.5578125 0.01875 0.0296875
0 0.01796875 0.38203125 0.01875 0.0296875
0 0.421875 0.41875 0.0140625 0.0296875
0 0.603125 0.034375 0.015625 0.0453125
0 0.9171875 0.6 0.0203125 0.03515625
0 0.36171875 0.10859375 0.01484375 0.0328125
0 0.86796875 0.88359375 0.0171875 0.025
0 0.23671875 0.24375 0.01484375 0.02734375
0 0.634375 0.9 0.015625 0.02734375
0 0.70859375 0.21875 0.01640625 0.03515625
0 0.47265625 0.13359375 0.0140625 0.0328125
0 0.359375 0.640625 0.015625 0.03125
0 0.74140625 0.4109375 0.021875 0.0375
0 0.42578125 0.03984375 0.015625 0.025
0 0.8703125 0.0296875 0.01640625 0.02734375
0 0.8515625 0.07734375 0.015625 0.0375
0 0.6234375 0.746875 0.01640625 0.025
0 0.1515625 0.09375 0.015625 0.02734375
0 0.959375 0.84375 0.01875 0.03125
0 0.59453125 0.90546875 0.0171875 0.025
0 0.35625 0.46015625 0.01484375 0.0296875
0 0.321875 0.1125 0.0125 0.025
0 0.82734375 0.26953125 0.01640625 0.03125
0 0.67265625 0.43359375 0.01484375 0.03125
0 0.6828125 0.95 0.0203125 0.0328125
0 0.03515625 0.12421875 0.015625 0.025
0 0.4859375 0.1140625 0.01171875 0.025
0 0.88359375 0.9640625 0.0203125 0.0375
0 0.50390625 0.6828125 0.015625 0.0296875
0 0.34453125 0.98125 0.0171875 0.025
0 0.10234375 0.178125 0.0140625 0.01953125
0 0.70625 0.640625 0.0171875 0.03125
0 0.02265625 0.21875 0.01640625 0.02734375
0 0.97578125 0.971875 0.01484375 0.025
0 0.07734375 0.48515625 0.01640625 0.025
0 0.21796875 0.23359375 0.01484375 0.0296875
0 0.75703125 0.8390625 0.01953125 0.0328125
0 0.46953125 0.8984375 0.01640625 0.02734375
0 0.41171875 0.0796875 0.0125 0.03125
0 0.85234375 0.28125 0.01484375 0.03125
0 0.6234375 0.98046875 0.01875 0.03125
0 0.22421875 0.39140625 0.01875 0.0296875
0 0.5265625 0.3828125 0.01640625 0.03125
0 0.7796875 0.8921875 0.021875 0.03515625
0 0.7453125 0.10625 0.01484375 0.0328125
0 0.54375 0.25625 0.0140625 0.03125
0 0.3703125 0.184375 0.01484375 0.025
0 0.38359375 0.6984375 0.01484375 0.025
0 0.88671875 0.6828125 0.01953125 0.0296875
0 0.66875 0.178125 0.0140625 0.03125
0 0.334375 0.0828125 0.01484375 0.0296875
0 0.821875 0.7125 0.01875 0.03125
0 0.32890625 0.4390625 0.015625 0.03125
0 0.934375 0.68046875 0.02421875 0.0375
0 0.134375 0.37421875 0.0171875 0.025
0 0.31015625 0.7390625 0.01640625 0.025
0 0.009375 0.66328125 0.01640625 0.0296875
0 0.5328125 0.6578125 0.01640625 0.03125
0 0.58671875 0.0609375 0.0125 0.03125
0 0.2671875 0.17890625 0.0140625 0.025
0 0.3734375 0.734375 0.015625 0.0234375
0 0.77109375 0.1828125 0.01875 0.0328125
0 0.48359375 0.975 0.01875 0.03125
0 0.16328125 0.48125 0.015625 0.0296875
0 0.11875 0.9 0.01875 0.03125
0 0.06328125 0.059375 0.0171875 0.0296875
0 0.08125 0.5875 0.01953125 0.02734375
0 0.24140625 0.58671875 0.01484375 0.025
0 0.2390625 0.53125 0.015625 0.02734375
0 0.165625 0.7734375 0.01875 0.02734375
0 0.85859375 0.771875 0.01953125 0.03125
0 0.9734375 0.4921875 0.02265625 0.03515625
0 0.3890625 0.55390625 0.015625 0.025
0 0.69609375 0.81875 0.0203125 0.03125
0 0.95703125 0.03984375 0.015625 0.0328125
0 0.64296875 0.7453125 0.01640625 0.021875
0 0.08359375 0.18125 0.01484375 0.02734375
0 0.8078125 0.45390625 0.015625 0.0296875
0 0.18046875 0.1203125 0.01484375 0.0296875
0 0.1734375 0.9234375 0.01484375 0.02734375
0 0.4109375 0.5890625 0.01484375 0.0296875
0 0.1796875 0.3453125 0.015625 0.03125
0 0.0890625 0.94375 0.0171875 0.02734375
0 0.83203125 0.4796875 0.0171875 0.0375
0 0.22109375 0.47734375 0.01484375 0.025
0 0.165625 0.42578125 0.01640625 0.0234375
0 0.85859375 0.85859375 0.01953125 0.025
0 0.034375 0.0296875 0.01484375 0.02734375
0 0.39375 0.4953125 0.01484375 0.0328125
0 0.2125 0.75859375 0.01484375 0.025
0 0.2625 0.9703125 0.01640625 0.03125
0 0.0515625 0.80390625 0.015625 0.021875
0 0.0734375 0.109375 0.015625 0.03125
0 0.81328125 0.17890625 0.01875 0.040625
0 0.61328125 0.590625 0.0171875 0.0328125
0 0.7765625 0.5515625 0.01875 0.0328125
0 0.284375 0.18359375 0.01484375 0.03125
0 0.5609375 0.0546875 0.0140625 0.03125
0 0.5671875 0.2140625 0.0140625 0.0296875
0 0.2453125 0.734375 0.0140625 0.0234375
0 0.1203125 0.39453125 0.01640625 0.02734375
0 0.66875 0.0171875 0.0140625 0.03125
0 0.18046875 0.7203125 0.01484375 0.01953125
0 0.19296875 0.68046875 0.01484375 0.025
0 0.09453125 0.8296875 0.0171875 0.02734375
0 0.884375 0.046875 0.01640625 0.03125
0 0.8625 0.9359375 0.0171875 0.02734375
0 0.34296875 0.90703125 0.01875 0.025
0 0.3109375 0.66875 0.01640625 0.025
0 0.75390625 0.73359375 0.0171875 0.0296875
0 0.065625 0.78515625 0.01484375 0.02734375
0 0.18828125 0.0390625 0.01484375 0.03125
0 0.1828125 0.59375 0.01484375 0.02734375
0 0.6703125 0.58515625 0.01484375 0.0296875
0 0.54296875 0.4296875 0.0140625 0.03125
0 0.0046875 0.55625 0.00859375 0.03125
0 0.3625 0.2796875 0.0140625 0.02734375
0 0.040625 0.7140625 0.01875 0.025
0 0.2609375 0.2671875 0.015625 0.03125
0 0.19453125 0.93046875 0.0171875 0.025
0 0.35859375 0.8390625 0.01640625 0.025
0 0.790625 0.61875 0.0203125 0.02734375
0 0.0921875 0.69375 0.0171875 0.03125
0 0.19140625 0.2 0.015625 0.025
0 0.1375 0.03203125 0.01484375 0.0296875
0 0.6203125 0.22265625 0.01171875 0.02734375
0 0.584375 0.6515625 0.01875 0.0296875
0 0.74296875 0.98828125 0.02265625 0.01953125
0 0.99453125 0.840625 0.00859375 0.0296875
0 0.253125 0.1578125 0.01484375 0.03125
0 0.45859375 0.34765625 0.01484375 0.02734375
0 0.409375 0.98828125 0.01875 0.01953125
0 0.33359375 0.496875 0.01484375 0.025
0 0.12734375 0.23125 0.01875 0.0296875
0 0.4625 0.084375 0.0125 0.03125
0 0.3890625 0.66875 0.015625 0.025
0 0.3390625 0.59453125 0.01484375 0.025
0 0.403125 0.9453125 0.0171875 0.03125
0 0.36875 0.0734375 0.0125 0.025
0 0.71484375 0.74375 0.0171875 0.03125
0 0.884375 0.5140625 0.01953125 0.03125
0 0.0609375 0.71875 0.0171875 0.03125
0 0.40390625 0.74921875 0.01640625 0.025
0 0.4203125 0.79609375 0.015625 0.025
0 0.0734375 0.20390625 0.015625 0.0296875
0 0.378125 0.2984375 0.01484375 0.02734375
0 0.3078125 0.0625 0.0125 0.0234375
0 0.41328125 0.01171875 0.01484375 0.0234375
0 0.7359375 0.13671875 0.015625 0.0390625
0 0.99453125 0.571875 0.00859375 0.03125
0 0.00390625 0.70234375 0.0078125 0.0296875
0 0.61015625 0.56328125 0.015625 0.0296875
0 0.55625 0.125 0.0140625 0.03125
0 0.36484375 0.78125 0.01640625 0.02734375
0 0.67109375 0.134375 0.0140625 0.03515625
0 0.4890625 0.171875 0.0140625 0.02734375