1 0.46796875 0.796875 0.02421875 0.0421875
1 0.275 0.58828125 0.01953125 0.03203125
1 0.44609375 0.5734375 0.0234375 0.03359375
1 0.1953125 0.67421875 0.025 0.03984375
1 0.24921875 0.784375 0.02265625 0.03671875
1 0.58125 0.68984375 0.02265625 0.040625
1 0.32734375 0.54765625 0.0203125 0.03203125
1 0.17265625 0.90859375 0.0234375 0.0453125
1 0.50078125 0.6765625 0.0203125 0.03515625
1 0.53984375 0.87734375 0.0265625 0.040625
1 0.534375 0.684375 0.0203125 0.03046875
1 0.36328125 0.85390625 0.025 0.040625
1 0.4078125 0.84140625 0.02421875 0.0421875
1 0.7328125 0.78515625 0.0234375 0.03984375
1 0.49921875 0.49921875 0.99140625 0.98671875
1 0.38125 0.68359375 0.021875 0.03515625
1 0.4421875 0.88984375 0.0265625 0.04375
1 0.88203125 0.76171875 0.02265625 0.040625
1 0.225 0.79921875 0.025 0.040625
1 0.0265625 0.78828125 0.0265625 0.0421875
1 0.6125 0.9328125 0.0234375 0.05
1 0.321875 0.64921875 0.0234375 0.03671875
1 0.0734375 0.815625 0.0265625 0.04375
1 0.70078125 0.88984375 0.02265625 0.03984375
1 0.35546875 0.721875 0.021875 0.040625
1 0.65625 0.88671875 0.0234375 0.0421875
1 0.471875 0.75625 0.02265625 0.03671875
1 0.19375 0.59609375 0.02265625 0.03203125
1 0.21484375 0.74765625 0.0234375 0.03984375
1 0.1265625 0.7375 0.02265625 0.03984375
1 0.88125 0.66640625 0.02265625 0.03828125
1 0.5609375 0.73828125 0.02421875 0.0421875
1 0.1609375 0.6265625 0.02265625 0.03828125
1 0.13046875 0.63359375 0.02265625 0.03359375
1 0.30078125 0.68984375 0.021875 0.03828125
1 0.334375 0.78515625 0.02265625 0.03828125
1 0.1828125 0.7953125 0.02265625 0.03515625
1 0.5296875 0.94609375 0.025 0.040625
1 0.4359375 0.71484375 0.021875 0.03203125
1 0.0765625 0.7046875 0.0265625 0.03671875
1 0.81640625 0.71484375 0.0296875 0.03984375
1 0.41640625 0.7703125 0.0203125 0.03515625
1 0.0875 0.76953125 0.02734375 0.03671875
1 0.22734375 0.6078125 0.02265625 0.03515625
1 0.31328125 0.896875 0.02265625 0.03984375
1 0.4984375 0.8953125 0.0234375 0.0421875
1 0.50625 0.73203125 0.02265625 0.03828125
1 0.67109375 0.77734375 0.02265625 0.03828125
1 0.93671875 0.78828125 0.0203125 0.03359375
1 0.38984375 0.54375 0.01875 0.028125
1 0.45 0.69140625 0.021875 0.03203125
1 0.4140625 0.48125 0.0171875 0.03046875
1 0.378125 0.7265625 0.0203125 0.03203125
1 0.63359375 0.46640625 0.015625 0.028125
1 0.25703125 0.746875 0.02421875 0.03828125
1 0.61484375 0.79296875 0.02421875 0.03984375
1 0.08515625 0.66484375 0.02734375 0.040625
1 0.3296875 0.584375 0.05859375 0.10859375
1 0.853125 0.6453125 0.0234375 0.040625
1 0.38203125 0.43828125 0.01640625 0.021875
1 0.50703125 0.7734375 0.02265625 0.03828125
1 0.21796875 0.64140625 0.02421875 0.03828125
1 0.68984375 0.48203125 0.01875 0.02890625
1 0.41953125 0.82421875 0.02421875 0.046875
1 0.63828125 0.81953125 0.0265625 0.03671875
1 0.56484375 0.7984375 0.02265625 0.0453125
1 0.34453125 0.5140625 0.0171875 0.02890625
1 0.025 0.91640625 0.028125 0.046875
1 0.628125 0.66796875 0.0234375 0.03515625
1 0.41171875 0.396875 0.01875 0.02890625
1 0.575 0.88515625 0.0234375 0.0421875
1 0.59140625 0.76953125 0.02421875 0.03984375
1 0.590625 0.63359375 0.0203125 0.028125
1 0.63125 0.86015625 0.02734375 0.0421875
1 0.771875 0.7328125 0.0203125 0.03671875
1 0.18359375 0.39609375 0.0140625 0.01875
1 0.646875 0.4171875 0.0203125 0.0265625
1 0.2953125 0.65703125 0.021875 0.02890625
1 0.909375 0.671875 0.01953125 0.03515625
1 0.37578125 0.4828125 0.0171875 0.02890625
1 0.2328125 0.871875 0.053125 0.1859375
1 0.903125 0.72109375 0.02421875 0.03984375
1 0.43828125 0.60859375 0.0453125 0.10390625
1 0.2671875 0.346875 0.015625 0.0265625
1 0.73125 0.66640625 0.0234375 0.03203125
1 0.48359375 0.55390625 0.01953125 0.03046875
1 0.1765625 0.940625 0.05546875 0.11015625
1 0.8921875 0.62109375 0.01953125 0.03203125
1 0.13359375 0.828125 0.065625 0.22109375
1 0.4890625 0.38671875 0.01875 0.02890625
1 0.7921875 0.5796875 0.01875 0.03515625
1 0.7078125 0.83046875 0.025 0.03828125
1 0.45078125 0.446875 0.01640625 0.0265625
1 0.69765625 0.68203125 0.0203125 0.03515625
1 0.7984375 0.63671875 0.0203125 0.03515625
1 0.39296875 0.5859375 0.0515625 0.1109375
1 0.2359375 0.56640625 0.02265625 0.03203125
1 0.31171875 0.4125 0.03515625 0.1140625
1 0.43515625 0.5390625 0.01875 0.02890625
1 0.834375 0.66796875 0.01953125 0.03515625
1 0.4625 0.9375 0.0265625 0.0421875
1 0.8515625 0.75 0.021875 0.03515625
1 0.41328125 0.9 0.0640625 0.1859375
1 0.7109375 0.53984375 0.01953125 0.025
1 0.1125 0.58828125 0.02265625 0.03515625
1 0.340625 0.6359375 0.01953125 0.03359375
1 0.56171875 0.64453125 0.02265625 0.03203125
1 0.6 0.48828125 0.01875 0.028125
1 0.6328125 0.53203125 0.0296875 0.1625
1 0.13828125 0.59140625 0.01875 0.02890625
1 0.8859375 0.5453125 0.01640625 0.028125
1 0.43828125 0.46328125 0.01953125 0.028125
1 0.31171875 0.3671875 0.01484375 0.0234375
1 0.12734375 0.67421875 0.02421875 0.03359375
1 0.415625 0.4453125 0.01875 0.0234375
1 0.38359375 0.3921875 0.01484375 0.0234375
1 0.284375 0.52109375 0.01953125 0.02890625
1 0.37890625 0.28671875 0.0140625 0.0234375
1 0.43828125 0.96875 0.02734375 0.03984375
1 0.66328125 0.71171875 0.0203125 0.03828125
1 0.9796875 0.89375 0.03125 0.05390625
1 0.3921875 0.62890625 0.0171875 0.03046875
1 0.659375 0.796875 0.06875 0.13046875
1 0.48359375 0.96484375 0.0296875 0.046875
1 0.36171875 0.91171875 0.0515625 0.1625
1 0.45625 0.34453125 0.01640625 0.025
1 0.8703125 0.72421875 0.0234375 0.0421875
1 0.525 0.62421875 0.01875 0.03046875
1 0.7390625 0.4609375 0.0171875 0.02890625
1 0.6328125 0.9734375 0.0234375 0.040625
1 0.3765625 0.79296875 0.03984375 0.165625
1 0.50859375 0.63359375 0.0203125 0.03203125
1 0.33203125 0.49765625 0.01953125 0.0265625
1 0.503125 0.2265625 0.0125 0.0203125
1 0.26328125 0.453125 0.01484375 0.025
1 0.33046875 0.8421875 0.05 0.15234375
1 0.2546875 0.7109375 0.02421875 0.03359375
1 0.215625 0.51953125 0.01875 0.0265625
1 0.47578125 0.84453125 0.0578125 0.140625
1 0.8078125 0.74921875 0.0234375 0.03671875
1 0.95625 0.70234375 0.025 0.03359375
1 0.58125 0.6765625 0.021875 0.03203125
1 0.9796875 0.69765625 0.0234375 0.03984375
1 0.9390625 0.5984375 0.0203125 0.03359375
1 0.9046875 0.5796875 0.02265625 0.03203125
1 0.84921875 0.596875 0.02421875 0.03671875
1 0.33671875 0.34921875 0.01484375 0.021875
1 0.7578125 0.68125 0.0171875 0.03046875
1 0.60546875 0.70859375 0.01953125 0.03203125
1 0.259375 0.38359375 0.0140625 0.0265625
1 0.21171875 0.93125 0.0265625 0.040625
1 0.271875 0.628125 0.0453125 0.1109375
1 0.66015625 0.6265625 0.01953125 0.03203125
1 0.87734375 0.79453125 0.06171875 0.10703125
1 0.55078125 0.596875 0.01953125 0.03046875
1 0.73203125 0.7296875 0.02421875 0.03671875
1 0.28359375 0.9421875 0.02421875 0.0421875
1 0.365625 0.42421875 0.01484375 0.025
1 0.453125 0.64921875 0.021875 0.028125
1 0.534375 0.715625 0.0390625 0.09375
1 0.21171875 0.49296875 0.01484375 0.025
1 0.41171875 0.3234375 0.01484375 0.0234375
1 0.81796875 0.6 0.0203125 0.03203125
1 0.1859375 0.45078125 0.0359375 0.13203125
1 0.490625 0.52421875 0.01875 0.02890625
1 0.73203125 0.8453125 0.059375 0.1625
1 0.25703125 0.8671875 0.0390625 0.20625
1 0.60546875 0.8625 0.025 0.040625
1 0.60234375 0.534375 0.0171875 0.02890625
1 0.034375 0.7515625 0.02734375 0.03984375
1 0.90625 0.6046875 0.01953125 0.03203125
1 0.6734375 0.946875 0.028125 0.0484375
1 0.5484375 0.80546875 0.021875 0.03828125
1 0.259375 0.54609375 0.01640625 0.0265625
1 0.64921875 0.48515625 0.03125 0.159375
1 0.98515625 0.64453125 0.01953125 0.03203125
1 0.403125 0.7375 0.01875 0.03359375
1 0.165625 0.73984375 0.0203125 0.03359375
1 0.709375 0.646875 0.01875 0.03515625
1 0.48203125 0.61015625 0.02265625 0.03671875
1 0.22109375 0.54921875 0.01484375 0.0265625
1 0.94375 0.6609375 0.025 0.03671875
1 0.2375 0.396875 0.0328125 0.134375
1 0.36328125 0.9828125 0.0296875 0.028125
1 0.3171875 0.93515625 0.04765625 0.115625
1 0.3296875 0.69140625 0.046875 0.12265625
1 0.6140625 0.7625 0.021875 0.03203125
1 0.0609375 0.66484375 0.0234375 0.03515625
1 0.496875 0.7234375 0.01875 0.03515625
1 0.753125 0.7359375 0.02265625 0.03359375
1 0.23359375 0.96640625 0.02734375 0.03828125
1 0.2984375 0.73359375 0.04609375 0.12578125
1 0.50703125 0.82421875 0.03984375 0.14375
1 0.0109375 0.72265625 0.021875 0.03984375
1 0.21328125 0.40703125 0.034375 0.140625
1 0.32578125 0.971875 0.0265625 0.04375
1 0.98515625 0.81015625 0.0234375 0.03984375
1 0.6921875 0.73828125 0.02421875 0.03984375