0 0.20234375 0.4875 0.02421875 0.0375
0 0.41328125 0.4546875 0.025 0.04296875
0 0.08515625 0.46796875 0.02734375 0.0375
0 0.91015625 0.4265625 0.02734375 0.04296875
0 0.353125 0.43046875 0.02421875 0.0375
0 0.22734375 0.35390625 0.02421875 0.03359375
0 0.85625 0.33203125 0.02265625 0.03359375
0 0.8921875 0.91796875 0.06875 0.10703125
0 0.5578125 0.4828125 0.03046875 0.0484375
0 0.2703125 0.45703125 0.02734375 0.04140625
0 0.5296875 0.3375 0.01953125 0.0296875
0 0.121875 0.475 0.0234375 0.03359375
0 0.73984375 0.75625 0.03984375 0.06875
0 0.965625 0.42578125 0.02421875 0.0390625
0 0.9390625 0.45703125 0.0390625 0.0546875
0 0.571875 0.5421875 0.0265625 0.0375
0 0.7828125 0.3421875 0.0203125 0.02578125
0 0.0375 0.63046875 0.03984375 0.05703125
0 0.19140625 0.753125 0.0390625 0.05078125
0 0.58359375 0.3421875 0.02265625 0.03671875
0 0.6609375 0.5328125 0.0390625 0.05234375
0 0.0515625 0.303125 0.015625 0.02109375
0 0.3 0.3171875 0.01953125 0.0296875
0 0.765625 0.19453125 0.01171875 0.0140625
0 0.54375 0.24296875 0.01171875 0.0171875
0 0.59453125 0.2796875 0.0140625 0.01796875
0 0.0796875 0.825 0.05859375 0.08203125
0 0.50625 0.23515625 0.0125 0.0171875
0 0.915625 0.21875 0.01171875 0.01796875
0 0.05546875 0.22578125 0.0109375 0.0140625
0 0.75390625 0.19375 0.01171875 0.0140625
0 0.9578125 0.2453125 0.01171875 0.01953125
0 0.96953125 0.19296875 0.009375 0.01328125
0 0.85625 0.16875 0.00859375 0.01171875
0 0.8359375 0.1859375 0.009375 0.0140625
0 0.0046875 0.2421875 0.00859375 0.01328125
0 0.128125 0.2890625 0.01484375 0.02109375
0 0.86796875 0.2125 0.0109375 0.0140625
0 0.1546875 0.21328125 0.00859375 0.01328125
0 0.00390625 0.27578125 0.0078125 0.02109375
0 0.2046875 0.2125 0.0109375 0.0140625
0 0.01875 0.2296875 0.0109375 0.01171875
0 0.7171875 0.20625 0.0109375 0.0140625
0 0.13046875 0.2421875 0.0109375 0.01328125
0 0.3296875 0.2296875 0.009375 0.01171875
0 0.884375 0.1796875 0.0109375 0.01328125
0 0.26796875 0.22890625 0.00859375 0.01328125
0 0.23125 0.22890625 0.0109375 0.01328125
0 0.03984375 0.2484375 0.01171875 0.0140625
0 0.9390625 0.24375 0.0109375 0.0140625
0 0.25390625 0.24140625 0.009375 0.0140625
0 0.940625 0.18125 0.00859375 0.01328125
0 0.83671875 0.2140625 0.0109375 0.0171875
0 0.81640625 0.19296875 0.009375 0.01328125
0 0.33046875 0.2453125 0.0109375 0.0140625
0 0.09296875 0.2421875 0.0125 0.01328125
0 0.0921875 0.21875 0.00859375 0.0078125
0 0.81640625 0.2125 0.01171875 0.0140625
0 0.28203125 0.21796875 0.00859375 0.01171875
0 0.86640625 0.16875 0.00859375 0.01171875
0 0.70625 0.18203125 0.00703125 0.01328125
0 0.08046875 0.7484375 0.03203125 0.03671875
0 0.05859375 0.2671875 0.0140625 0.0171875
0 0.31875 0.21953125 0.00859375 0.01171875
0 0.1796875 0.20078125 0.009375 0.01328125
0 0.06640625 0.2453125 0.01171875 0.0140625
0 0.3671875 0.23046875 0.009375 0.01328125
0 0.31875 0.26015625 0.01171875 0.015625
0 0.7765625 0.25390625 0.0140625 0.02109375
0 0.11796875 0.24375 0.00859375 0.01328125
0 0.0296875 0.22890625 0.009375 0.01015625
0 0.92734375 0.24765625 0.0109375 0.015625
0 0.01875 0.24296875 0.0109375 0.01171875
0 0.10625 0.21875 0.00703125 0.0078125
0 0.7296875 0.19140625 0.0109375 0.01328125
0 0.11796875 0.2171875 0.00703125 0.0078125
0 0.25859375 0.20546875 0.0109375 0.01328125
0 0.05703125 0.19375 0.00859375 0.0078125
0 0.0046875 0.2046875 0.00859375 0.01171875
0 0.3578125 0.21796875 0.009375 0.01171875
0 0.1421875 0.2171875 0.0078125 0.009375
0 0.99296875 0.16953125 0.00859375 0.01328125
0 0.94296875 0.21796875 0.0109375 0.01171875
0 0.0046875 0.2171875 0.00859375 0.01015625
0 0.4453125 0.25703125 0.0140625 0.01953125
0 0.1046875 0.22890625 0.009375 0.01015625
0 0.98125 0.14296875 0.00703125 0.0078125
0 0.0171875 0.2046875 0.0078125 0.00625
0 0.0921875 0.2296875 0.009375 0.01171875
0 0.03828125 0.21171875 0.0078125 0.01171875
0 0.0265625 0.2546875 0.01171875 0.0140625
0 0.99375 0.1421875 0.00703125 0.01171875
0 0.10625 0.24375 0.00859375 0.01328125
0 0.24453125 0.19375 0.00859375 0.01171875
0 0.1171875 0.23125 0.0078125 0.01171875
0 0.99453125 0.1953125 0.00859375 0.015625
0 0.0171875 0.2171875 0.0078125 0.0078125
0 0.384375 0.21796875 0.0109375 0.01171875
0 0.06953125 0.21796875 0.0078125 0.01171875
0 0.3046875 0.23125 0.009375 0.01171875
0 0.13125 0.2171875 0.00703125 0.009375
0 0.13125 0.20625 0.00703125 0.00625
0 0.0921875 0.19375 0.00703125 0.0078125
0 0.23125 0.18125 0.0078125 0.0078125
0 0.0296875 0.2046875 0.0078125 0.00625
0 0.98125 0.1671875 0.0078125 0.01171875
0 0.91796875 0.1671875 0.0078125 0.009375
0 0.23125 0.20625 0.0078125 0.01171875
0 0.21796875 0.1921875 0.00703125 0.009375
0 0.0921875 0.2046875 0.0078125 0.00625
0 0.93125 0.15546875 0.0078125 0.01171875
0 0.9828125 0.2671875 0.0140625 0.01953125
0 0.71953125 0.18125 0.00859375 0.0140625