0 0.31640625 0.4203125 0.0140625 0.0171875
0 0.03046875 0.44375 0.0140625 0.01796875
0 0.07734375 0.54375 0.01875 0.025
0 0.5265625 0.49453125 0.0203125 0.02890625
0 0.50859375 0.5125 0.0203125 0.0328125
0 0.78203125 0.4171875 0.01640625 0.025
0 0.371875 0.45078125 0.0125 0.02109375
0 0.15390625 0.5171875 0.01484375 0.02109375
0 0.17890625 0.409375 0.01484375 0.01953125
0 0.3265625 0.49375 0.015625 0.021875
0 0.21484375 0.421875 0.0140625 0.01796875
0 0.009375 0.44375 0.0125 0.01796875
0 0.4390625 0.36875 0.0140625 0.0171875
0 0.34453125 0.3796875 0.0125 0.0171875
0 0.74296875 0.34296875 0.0109375 0.01171875
0 0.66484375 0.35078125 0.01171875 0.0171875
0 0.109375 0.8265625 0.0484375 0.07578125
0 0.1515625 0.4421875 0.0140625 0.01953125
0 0.2578125 0.446875 0.0140625 0.01953125
0 0.7171875 0.3453125 0.009375 0.01328125
0 0.48125 0.3671875 0.01171875 0.015625
0 0.45859375 0.36796875 0.0109375 0.0140625
0 0.084375 0.4453125 0.0125 0.01796875
0 0.071875 0.44375 0.01171875 0.01796875
0 0.565625 0.35078125 0.0109375 0.0171875
0 0.5453125 0.35390625 0.009375 0.01328125
0 0.0546875 0.38125 0.01171875 0.0140625
0 0.9765625 0.34375 0.0140625 0.01796875
0 0.290625 0.3578125 0.01171875 0.0171875
0 0.05234375 0.43125 0.0125 0.01796875
0 0.36328125 0.37578125 0.0140625 0.0171875
0 0.8546875 0.37265625 0.009375 0.015625
0 0.25390625 0.421875 0.01171875 0.015625
0 0.353125 0.50546875 0.0140625 0.01796875
0 0.73125 0.34453125 0.00859375 0.01171875
0 0.86875 0.29375 0.00703125 0.01171875
0 0.6046875 0.3421875 0.009375 0.0140625
0 0.5921875 0.33046875 0.0109375 0.01328125
0 0.59140625 0.3796875 0.0109375 0.0171875
0 0.01484375 0.52265625 0.01953125 0.021875
0 0.78203125 0.3390625 0.0109375 0.0140625
0 0.290625 0.37890625 0.0109375 0.015625
0 0.615625 0.31640625 0.0109375 0.01328125
0 0.290625 0.41640625 0.01171875 0.01796875
0 0.08203125 0.378125 0.009375 0.01171875
0 0.690625 0.35078125 0.0109375 0.0140625
0 0.70859375 0.359375 0.0109375 0.015625
0 0.84453125 0.2953125 0.00859375 0.01171875
0 0.6546875 0.334375 0.0109375 0.01328125
0 0.7703125 0.3421875 0.009375 0.01328125
0 0.30546875 0.4046875 0.0140625 0.01796875
0 0.509375 0.58203125 0.01484375 0.02109375
0 0.159375 0.4234375 0.01484375 0.01796875
0 0.7671875 0.30625 0.009375 0.01171875
0 0.38125 0.40546875 0.0125 0.01953125
0 0.00546875 0.4046875 0.0109375 0.01328125
0 0.28203125 0.43125 0.0125 0.0140625
0 0.68125 0.31640625 0.0109375 0.01328125
0 0.88203125 0.29375 0.0078125 0.01171875
0 0.81875 0.30625 0.0109375 0.01328125
0 0.38671875 0.49140625 0.0140625 0.01953125
0 0.7453125 0.30625 0.0109375 0.01328125
0 0.321875 0.5515625 0.0125 0.01953125
0 0.86796875 0.3046875 0.00859375 0.0078125
0 0.0453125 0.5375 0.01484375 0.0234375
0 0.8078125 0.31875 0.0109375 0.01171875
0 0.796875 0.33046875 0.01171875 0.01328125
0 0.7046875 0.30625 0.0078125 0.01171875
0 0.5125 0.3609375 0.0109375 0.0140625
0 0.77421875 0.32421875 0.00859375 0.01328125
0 0.74140625 0.35625 0.009375 0.0140625
0 0.78828125 0.31171875 0.0078125 0.01171875
0 0.42109375 0.39296875 0.0125 0.01796875
0 0.93046875 0.31875 0.00859375 0.01171875