0 0.35625 0.41171875 0.04296875 0.06796875
0 0.14375 0.35625 0.0375 0.05625
0 0.36484375 0.1109375 0.02421875 0.03671875
0 0.60078125 0.2875 0.03515625 0.06484375
0 0.3578125 0.31015625 0.03515625 0.0546875
0 0.6890625 0.253125 0.03515625 0.05625
0 0.73984375 0.1578125 0.0265625 0.0390625
0 0.75078125 0.0171875 0.021875 0.03125
0 0.68828125 0.16796875 0.0296875 0.04921875
0 0.78203125 0.17890625 0.025 0.040625
0 0.2015625 0.23046875 0.0265625 0.0390625
0 0.4359375 0.3109375 0.0390625 0.05234375
0 0.26484375 0.12578125 0.02265625 0.0328125
0 0.18046875 0.53828125 0.04765625 0.0765625
0 0.4296875 0.0625 0.021875 0.03125
0 0.92265625 0.0859375 0.0296875 0.046875
0 0.25859375 0.2203125 0.0265625 0.0390625
0 0.49921875 0.0359375 0.0171875 0.0328125
0 0.56171875 0.1 0.02421875 0.0390625
0 0.21015625 0.146875 0.02265625 0.03359375
0 0.846875 0.05078125 0.0265625 0.03671875
0 0.478125 0.125 0.025 0.04140625
0 0.7109375 0.0875 0.0234375 0.03671875
0 0.271875 0.0796875 0.0203125 0.03125
0 0.3671875 0.03515625 0.0171875 0.02890625
0 0.2765625 0.478125 0.0484375 0.0765625
0 0.06171875 0.6046875 0.05546875 0.0765625
0 0.78515625 0.03125 0.0234375 0.03671875
0 0.53359375 0.02578125 0.01875 0.03125
0 0.303125 0.25078125 0.03046875 0.0484375
0 0.92421875 0.0140625 0.0296875 0.028125
0 0.27109375 0.03515625 0.01640625 0.0234375
0 0.12890625 0.02578125 0.015625 0.0234375
0 0.4359375 0.175 0.028125 0.0484375
0 0.825 0.10078125 0.0296875 0.04296875
0 0.2515625 0.03671875 0.0171875 0.02578125
0 0.30625 0.02578125 0.0171875 0.02890625
0 0.20390625 0.07265625 0.021875 0.02578125
0 0.55234375 0.6421875 0.06171875 0.09140625
0 0.053125 0.20546875 0.01953125 0.03125
0 0.02109375 0.13515625 0.01484375 0.02109375
0 0.7140625 0.01875 0.0203125 0.0328125
0 0.25859375 0.00703125 0.01484375 0.0140625
0 0.40234375 0.0109375 0.0171875 0.021875
0 0.1828125 0.1109375 0.0203125 0.03125
0 0.32734375 0.0171875 0.0203125 0.0296875
0 0.64140625 0.009375 0.0234375 0.01875
0 0.81640625 0.42265625 0.046875 0.0640625
0 0.51484375 0.01328125 0.0171875 0.02578125
0 0.04609375 0.1203125 0.01484375 0.021875
0 0.1453125 0.1046875 0.01953125 0.02734375
0 0.0890625 0.084375 0.0171875 0.0234375
0 0.103125 0.04375 0.01640625 0.025
0 0.29921875 0.00625 0.01640625 0.01171875
0 0.85 0.7546875 0.03125 0.03515625
0 0.00390625 0.12890625 0.0078125 0.02578125
0 0.66328125 0.00625 0.0171875 0.01171875
0 0.078125 0.20546875 0.0171875 0.02578125
0 0.2015625 0.0234375 0.01484375 0.01796875
0 0.1515625 0.4359375 0.0390625 0.06015625
0 0.8546875 0.65 0.0578125 0.04921875
0 0.28671875 0.04375 0.01875 0.025
0 0.99140625 0.10703125 0.01484375 0.0390625
0 0.796875 0.00625 0.01953125 0.01171875
0 0.45859375 0.0390625 0.01875 0.03125
0 0.85078125 0.00546875 0.01953125 0.01015625
0 0.3578125 0.0078125 0.0171875 0.015625
0 0.1078125 0.16171875 0.021875 0.02578125
0 0.4921875 0.25625 0.03125 0.05625
0 0.9625 0.03046875 0.0203125 0.0296875
0 0.6921875 0.0125 0.02265625 0.025
0 0.378125 0.00546875 0.01640625 0.01015625
0 0.0828125 0.11328125 0.0171875 0.0234375
0 0.00859375 0.2171875 0.0171875 0.02578125
0 0.3484375 0.0546875 0.02265625 0.03125
0 0.43828125 0.0046875 0.01875 0.009375
0 0.23359375 0.01796875 0.01484375 0.02578125
0 0.1 0.10546875 0.01640625 0.0234375
0 0.67890625 0.45078125 0.0390625 0.05703125
0 0.16015625 0.0578125 0.0171875 0.025
0 0.28359375 0.01640625 0.01875 0.025