0 0.02109375 0.42890625 0.01875 0.025
0 0.3953125 0.4390625 0.015625 0.02578125
0 0.60625 0.85 0.071875 0.1171875
0 0.14296875 0.44375 0.01875 0.025
0 0.1109375 0.61875 0.0421875 0.0609375
0 0.8421875 0.8296875 0.065625 0.09375
0 0.06640625 0.54296875 0.0328125 0.04921875
0 0.08203125 0.43671875 0.0171875 0.0296875
0 0.3203125 0.73203125 0.0609375 0.09921875
0 0.2265625 0.43203125 0.015625 0.02578125
0 0.19453125 0.46640625 0.0234375 0.03359375
0 0.22421875 0.48125 0.02421875 0.0375
0 0.0296875 0.59140625 0.05078125 0.06796875
0 0.7078125 0.44375 0.0171875 0.0296875
0 0.26484375 0.421875 0.01484375 0.02109375
0 0.05390625 0.40703125 0.01484375 0.01953125
0 0.30703125 0.51640625 0.028125 0.040625
0 0.4109375 0.928125 0.090625 0.1421875
0 0.2171875 0.59921875 0.03984375 0.0546875
0 0.10625 0.475 0.0234375 0.0328125
0 0.91171875 0.734375 0.0515625 0.08046875
0 0.359375 0.446875 0.01953125 0.02734375
0 0.41328125 0.6109375 0.0375 0.05625
0 0.1625 0.46875 0.01875 0.02578125
0 0.7984375 0.49921875 0.0234375 0.0375
0 0.16875 0.43671875 0.01953125 0.025
0 0.340625 0.51796875 0.03046875 0.04453125
0 0.9359375 0.5765625 0.0421875 0.053125
0 0.23125 0.5421875 0.03203125 0.0484375
0 0.103125 0.43125 0.01640625 0.025
0 0.7640625 0.4609375 0.0171875 0.02890625
0 0.3015625 0.475 0.02265625 0.0296875
0 0.60546875 0.48046875 0.0171875 0.03125
0 0.153125 0.5375 0.03203125 0.0484375
0 0.4125 0.44140625 0.01875 0.02890625
0 0.6703125 0.8 0.071875 0.0953125
0 0.12421875 0.4515625 0.0171875 0.02734375
0 0.8765625 0.475 0.0203125 0.0328125
0 0.92578125 0.4921875 0.021875 0.03359375
0 0.6171875 0.44296875 0.015625 0.02109375
0 0.2453125 0.4625 0.01953125 0.03125
0 0.146875 0.39296875 0.01171875 0.01796875
0 0.165625 0.3828125 0.0125 0.015625
0 0.98359375 0.4078125 0.0125 0.01796875
0 0.9859375 0.46328125 0.0203125 0.03125
0 0.58515625 0.68046875 0.0390625 0.05625
0 0.0203125 0.49921875 0.02734375 0.04296875
0 0.27890625 0.40390625 0.01484375 0.02109375
0 0.41015625 0.55078125 0.03125 0.04140625
0 0.20234375 0.396875 0.0140625 0.02109375
0 0.86484375 0.41796875 0.0125 0.01796875
0 0.7453125 0.4484375 0.01640625 0.02734375
0 0.75859375 0.40546875 0.01171875 0.01953125
0 0.0328125 0.29375 0.0109375 0.0171875
0 0.33359375 0.47265625 0.02265625 0.03125
0 0.34453125 0.42890625 0.015625 0.021875
0 0.39609375 0.39453125 0.0125 0.02109375
0 0.8296875 0.40625 0.01171875 0.01796875
0 0.96953125 0.85703125 0.059375 0.11484375
0 0.81484375 0.40625 0.0125 0.01796875
0 0.24140625 0.39453125 0.0140625 0.01796875
0 0.0578125 0.4671875 0.0234375 0.03671875
0 0.3015625 0.415625 0.015625 0.01953125
0 0.40859375 0.38046875 0.0125 0.01796875
0 0.18203125 0.41328125 0.01640625 0.021875
0 0.3375 0.3890625 0.0125 0.01953125
0 0.134375 0.38125 0.01171875 0.01953125
0 0.1921875 0.4328125 0.01640625 0.01953125
0 0.353125 0.3765625 0.01171875 0.015625
0 0.19765625 0.7015625 0.0515625 0.08359375
0 0.25390625 0.3796875 0.01171875 0.0140625
0 0.36796875 0.41328125 0.01484375 0.01953125
0 0.321875 0.3890625 0.0140625 0.01953125
0 0.10625 0.378125 0.01171875 0.0171875
0 0.3828125 0.3703125 0.009375 0.0171875
0 0.82734375 0.51171875 0.01875 0.02578125
0 0.99375 0.4296875 0.009375 0.0234375
0 0.2171875 0.37578125 0.01171875 0.0140625
0 0.84453125 0.42578125 0.01484375 0.0234375
0 0.26953125 0.38125 0.009375 0.01328125
0 0.0890625 0.39921875 0.0140625 0.01953125
0 0.6859375 0.4078125 0.01171875 0.01796875
0 0.0328125 0.4 0.01484375 0.01796875
0 0.9328125 0.43203125 0.01484375 0.0234375
0 0.81328125 0.459375 0.0171875 0.02890625
0 0.41484375 0.40546875 0.0140625 0.01953125
0 0.30546875 0.3921875 0.0140625 0.0171875
0 0.9671875 0.39296875 0.0109375 0.01796875
0 0.92109375 0.41875 0.01171875 0.01953125
0 0.9640625 0.4171875 0.0140625 0.01953125
0 0.89765625 0.4328125 0.01484375 0.021875
0 0.30546875 0.36875 0.00859375 0.01328125
0 0.44140625 0.5671875 0.02734375 0.0484375
0 0.29375 0.378125 0.0109375 0.0140625
0 0.81640625 0.42890625 0.0140625 0.01953125
0 0.165625 0.40546875 0.0140625 0.01953125
0 0.35625 0.35546875 0.009375 0.01328125
0 0.80234375 0.43046875 0.01484375 0.01953125
0 0.31953125 0.36875 0.009375 0.01328125
0 0.05390625 0.29375 0.009375 0.0140625
0 0.403125 0.35625 0.0109375 0.0140625
0 0.853125 0.40078125 0.01171875 0.01796875
0 0.3296875 0.36640625 0.009375 0.0140625
0 0.803125 0.4046875 0.01171875 0.0171875
0 0.4171875 0.35546875 0.009375 0.01328125
0 0.78203125 0.39140625 0.009375 0.0140625
0 0.70234375 0.4109375 0.0109375 0.01953125
0 0.8703125 0.44375 0.0171875 0.0234375
0 0.378125 0.39375 0.0125 0.01953125
0 0.71796875 0.39296875 0.00703125 0.01328125
0 0.20625 0.36875 0.0109375 0.01328125
0 0.58046875 0.36796875 0.00859375 0.0140625
0 0.63125 0.43828125 0.0125 0.01953125
0 0.06953125 0.38125 0.01171875 0.0140625
0 0.2796875 0.3671875 0.009375 0.01328125
0 0.39140625 0.35546875 0.009375 0.01328125
0 0.54140625 0.37890625 0.0109375 0.015625
0 0.73125 0.39453125 0.00859375 0.01328125
0 0.89296875 0.38046875 0.00859375 0.01328125
0 0.44140625 0.37578125 0.01171875 0.01953125
0 0.2390625 0.3609375 0.00859375 0.01328125
0 0.8921875 0.40390625 0.01171875 0.01796875
0 0.6234375 0.47421875 0.01875 0.03125
0 0.71953125 0.4140625 0.0140625 0.02109375
0 0.36953125 0.36875 0.00859375 0.01328125
0 0.08203125 0.28828125 0.009375 0.0171875
0 0.121875 0.38828125 0.0140625 0.01796875
0 0.70625 0.3890625 0.00703125 0.01328125
0 0.4328125 0.3546875 0.009375 0.0140625
0 0.02109375 0.71015625 0.0421875 0.0640625
0 0.1953125 0.36953125 0.009375 0.01328125
0 0.0453125 0.31875 0.009375 0.01796875
0 0.84453125 0.38125 0.00859375 0.01171875
0 0.5796875 0.43125 0.0140625 0.021875
0 0.34453125 0.34296875 0.009375 0.01171875
0 0.0140625 0.4578125 0.021875 0.0296875
0 0.76796875 0.38125 0.00703125 0.01171875
0 0.75625 0.38125 0.00703125 0.01171875
0 0.075 0.490625 0.01875 0.02890625
0 0.565625 0.36875 0.00859375 0.01328125
0 0.59453125 0.38125 0.009375 0.0140625
0 0.06953125 0.4046875 0.015625 0.021875
0 0.14375 0.35546875 0.0109375 0.01328125
0 0.57734375 0.40625 0.01171875 0.01796875
0 0.5703125 0.38203125 0.009375 0.0140625
0 0.1828125 0.33046875 0.009375 0.01328125
0 0.95234375 0.39296875 0.0109375 0.01328125
0 0.56875 0.35390625 0.00703125 0.01015625
0 0.628125 0.40625 0.0109375 0.01328125
0 0.18828125 0.38828125 0.0125 0.015625
0 0.59296875 0.35625 0.00703125 0.01171875
0 0.79375 0.3796875 0.00703125 0.01171875
0 0.353125 0.39765625 0.01484375 0.01953125
0 0.86953125 0.37890625 0.00859375 0.01328125
0 0.59453125 0.44375 0.0140625 0.01953125
0 0.378125 0.353125 0.00859375 0.01171875
0 0.70859375 0.4875 0.02421875 0.0375
0 0.2703125 0.36796875 0.00859375 0.01171875
0 0.165625 0.31875 0.0109375 0.01328125
0 0.53046875 0.3546875 0.0078125 0.01171875
0 0.50703125 0.35546875 0.009375 0.01328125
0 0.44375 0.3546875 0.00859375 0.0140625
0 0.11640625 0.53046875 0.028125 0.04296875
0 0.1546875 0.36796875 0.009375 0.0140625
0 0.665625 0.41953125 0.0140625 0.02109375
0 0.54375 0.34296875 0.00703125 0.01171875
0 0.8296875 0.44375 0.01484375 0.0234375
0 0.665625 0.39296875 0.009375 0.01328125
0 0.5921875 0.34296875 0.00703125 0.01171875
0 0.60625 0.3671875 0.0078125 0.01328125
0 0.7421875 0.38203125 0.0078125 0.01171875
0 0.61171875 0.4078125 0.0109375 0.01796875
0 0.2171875 0.40546875 0.01484375 0.01953125
0 0.43203125 0.33828125 0.00859375 0.01328125
0 0.28203125 0.42578125 0.0140625 0.01796875
0 0.55546875 0.3421875 0.00703125 0.0078125
0 0.63125 0.36796875 0.00703125 0.01171875
0 0.0453125 0.36875 0.009375 0.01328125
0 0.87890625 0.36875 0.0078125 0.01328125
0 0.27421875 0.48671875 0.025 0.04453125
0 0.64375 0.39296875 0.00703125 0.01328125
0 0.64296875 0.3796875 0.00859375 0.01171875
0 0.865625 0.396875 0.0109375 0.015625
0 0.99296875 0.36875 0.00859375 0.01328125
0 0.2796875 0.34296875 0.00859375 0.01171875
0 0.55703125 0.38046875 0.00859375 0.01328125
0 0.61875 0.34296875 0.0078125 0.01171875
0 0.9953125 0.39375 0.0078125 0.0171875
0 0.7765625 0.440625 0.01484375 0.021875
0 0.40703125 0.3296875 0.00859375 0.01015625
0 0.2921875 0.35546875 0.009375 0.01328125
0 0.68046875 0.38125 0.00703125 0.01171875
0 0.64296875 0.3421875 0.00703125 0.0078125
0 0.98125 0.36640625 0.0078125 0.01171875
0 0.021875 0.38515625 0.0125 0.02109375
0 0.25546875 0.35546875 0.00703125 0.01328125
0 0.61875 0.35546875 0.00703125 0.01328125
0 0.54296875 0.35703125 0.0078125 0.01015625
0 0.60625 0.3421875 0.0078125 0.0078125
0 0.25703125 0.34375 0.0078125 0.0078125
0 0.64296875 0.3546875 0.00703125 0.01171875
0 0.80546875 0.3796875 0.00703125 0.01171875
0 0.96796875 0.44375 0.01484375 0.0234375
0 0.946875 0.41796875 0.0125 0.01796875
0 0.96796875 0.36875 0.00703125 0.01328125
0 0.00625 0.40703125 0.01171875 0.021875
0 0.21796875 0.35703125 0.00703125 0.0078125
0 0.93203125 0.39375 0.00859375 0.0140625
0 0.0078125 0.30390625 0.009375 0.0171875
0 0.9546875 0.35390625 0.0078125 0.01015625
0 0.91640625 0.3921875 0.0109375 0.01328125
0 0.63125 0.35625 0.00703125 0.01171875
0 0.68828125 0.33671875 0.0046875 0.00625
0 0.63046875 0.38125 0.00703125 0.01171875
0 0.72734375 0.45 0.0171875 0.025
0 0.69140625 0.3921875 0.0078125 0.01171875
0 0.9421875 0.39375 0.00859375 0.0140625
0 0.36875 0.3296875 0.00703125 0.01171875
0 0.0671875 0.35703125 0.009375 0.015625
0 0.2359375 0.33671875 0.0078125 0.01171875
0 0.7359375 0.4125 0.009375 0.01796875
0 0.2078125 0.33125 0.00859375 0.01171875
0 0.56875 0.33046875 0.00703125 0.0078125
0 0.6546875 0.39296875 0.00859375 0.01328125
0 0.51875 0.3546875 0.00703125 0.01171875
0 0.94609375 0.38125 0.0109375 0.01171875
0 0.5203125 0.36875 0.00859375 0.01328125
0 0.65546875 0.3546875 0.00703125 0.01171875
0 0.53046875 0.36796875 0.00703125 0.01171875
0 0.565625 0.74296875 0.0578125 0.0765625
0 0.66875 0.3421875 0.00703125 0.0078125
0 0.85546875 0.38125 0.0078125 0.01171875
0 0.05703125 0.36953125 0.00859375 0.01328125
0 0.5546875 0.35625 0.0078125 0.01171875
0 0.5359375 0.3375 0.0078125 0.0078125
0 0.1046875 0.3328125 0.0109375 0.0140625
0 0.6625 0.3375 0.00625 0.0078125
0 0.38203125 0.3296875 0.0078125 0.01171875
0 0.65703125 0.36875 0.009375 0.01328125
0 0.91875 0.3515625 0.0078125 0.01015625
0 0.41875 0.34296875 0.00859375 0.01171875
0 0.63125 0.3296875 0.00703125 0.00625
0 0.02109375 0.3453125 0.0109375 0.015625
0 0.190625 0.35625 0.00859375 0.01171875
0 0.28046875 0.35546875 0.00703125 0.0078125
0 0.69296875 0.38125 0.00703125 0.01171875
0 0.94375 0.35546875 0.00703125 0.0078125
0 0.93046875 0.35625 0.00703125 0.01171875
0 0.74296875 0.36875 0.00703125 0.0078125
0 0.95546875 0.36796875 0.00703125 0.01171875
0 0.63125 0.3421875 0.00703125 0.0078125
0 0.8828125 0.41953125 0.0140625 0.01796875
0 0.825 0.37421875 0.00703125 0.01171875
0 0.85625 0.36796875 0.0078125 0.01171875
0 0.96875 0.35546875 0.0078125 0.0078125
0 0.60625 0.3296875 0.00703125 0.00625
0 0.5796875 0.34375 0.00625 0.0078125
0 0.1078125 0.3015625 0.009375 0.0140625
0 0.61875 0.36875 0.0078125 0.01328125
0 0.66875 0.36875 0.00703125 0.01328125
0 0.6921875 0.36875 0.0078125 0.0078125
0 0.71796875 0.36875 0.00703125 0.0078125
0 0.61796875 0.39140625 0.00859375 0.01171875