0 0.93046875 0.34140625 0.028125 0.04453125
0 0.6796875 0.19140625 0.015625 0.0234375
0 0.825 0.26328125 0.0265625 0.0390625
0 0.9703125 0.24453125 0.02734375 0.03359375
0 0.75390625 0.3671875 0.0328125 0.04453125
0 0.64296875 0.29921875 0.02421875 0.03671875
0 0.8578125 0.11640625 0.015625 0.021875
0 0.80546875 0.13203125 0.01484375 0.021875
0 0.74140625 0.29375 0.02734375 0.0375
0 0.615625 0.26640625 0.01953125 0.0296875
0 0.2859375 0.7171875 0.065625 0.103125
0 0.5578125 0.23125 0.015625 0.025
0 0.32734375 0.359375 0.0265625 0.0390625
0 0.28203125 0.3640625 0.025 0.0375
0 0.846875 0.19375 0.01640625 0.025
0 0.71875 0.51015625 0.0390625 0.05703125
0 0.52109375 0.8890625 0.0734375 0.125
0 0.978125 0.09765625 0.0125 0.01796875
0 0.4546875 0.14375 0.01171875 0.0171875
0 0.85625 0.146875 0.015625 0.0234375
0 0.86875 0.353125 0.0328125 0.0484375
0 0.08671875 0.63046875 0.05390625 0.0859375
0 0.88671875 0.18125 0.01953125 0.0296875
0 0.27890625 0.32578125 0.0265625 0.03125
0 0.70859375 0.13125 0.0125 0.01796875
0 0.04296875 0.69453125 0.0703125 0.0953125
0 0.6515625 0.2640625 0.0203125 0.0328125
0 0.70234375 0.259375 0.0203125 0.02734375
0 0.825 0.75625 0.065625 0.1
0 0.33046875 0.31015625 0.02421875 0.03671875
0 0.63125 0.14296875 0.0125 0.01796875
0 0.12890625 0.2046875 0.0140625 0.02109375
0 0.35625 0.32578125 0.0265625 0.0390625
0 0.36484375 0.1921875 0.0125 0.01953125
0 0.603125 0.15546875 0.01171875 0.01953125
0 0.59453125 0.190625 0.015625 0.021875
0 0.28203125 0.88125 0.08203125 0.10546875
0 0.821875 0.115625 0.0140625 0.02109375
0 0.55078125 0.1875 0.015625 0.02578125
0 0.75078125 0.19453125 0.0171875 0.025
0 0.63125 0.3921875 0.0265625 0.0375
0 0.67734375 0.125 0.0125 0.01796875
0 0.5859375 0.375 0.02734375 0.04140625
0 0.67109375 0.48515625 0.0359375 0.05078125
0 0.153125 0.15546875 0.0125 0.01953125
0 0.52578125 0.2234375 0.01484375 0.021875
0 0.7265625 0.1828125 0.015625 0.021875
0 0.7 0.3390625 0.0265625 0.04296875
0 0.71953125 0.103125 0.01171875 0.0171875
0 0.32890625 0.17890625 0.0140625 0.01953125
0 0.853125 0.053125 0.0109375 0.01796875
0 0.69140625 0.12890625 0.01171875 0.01796875
0 0.0296875 0.353125 0.02265625 0.03515625
0 0.6984375 0.1859375 0.015625 0.0234375
0 0.28203125 0.178125 0.0125 0.01796875
0 0.73359375 0.11796875 0.0125 0.01953125
0 0.7046875 0.29140625 0.0234375 0.03125
0 0.43984375 0.25625 0.01875 0.02578125
0 0.68046875 0.2203125 0.01640625 0.0234375
0 0.43125 0.16796875 0.0125 0.01796875
0 0.62734375 0.18515625 0.01484375 0.0234375
0 0.79375 0.03203125 0.00859375 0.0140625
0 0.77890625 0.04296875 0.0109375 0.01796875
0 0.3078125 0.10703125 0.009375 0.015625
0 0.88203125 0.05546875 0.009375 0.0140625
0 0.14609375 0.1953125 0.0125 0.01796875
0 0.6453125 0.13125 0.01171875 0.01796875
0 0.56875 0.18046875 0.0125 0.01953125
0 0.8421875 0.04375 0.009375 0.0140625
0 0.6203125 0.1109375 0.009375 0.015625
0 0.99375 0.10546875 0.009375 0.01796875
0 0.11640625 0.13828125 0.009375 0.015625
0 0.3921875 0.15625 0.0109375 0.01796875
0 0.53984375 0.2390625 0.0140625 0.021875
0 0.1875 0.20625 0.0140625 0.01953125
0 0.21796875 0.20390625 0.0140625 0.01953125
0 0.59453125 0.08046875 0.0078125 0.01328125
0 0.94453125 0.0171875 0.009375 0.0140625
0 0.5171875 0.09296875 0.0078125 0.01171875
0 0.5921875 0.234375 0.01484375 0.02109375
0 0.82734375 0.04296875 0.0109375 0.01328125
0 0.55703125 0.08046875 0.00859375 0.01328125
0 0.034375 0.21796875 0.01875 0.025
0 0.0828125 0.1796875 0.01171875 0.01796875
0 0.759375 0.09453125 0.0109375 0.0140625
0 0.26796875 0.18046875 0.0109375 0.0140625
0 0.09453125 0.159375 0.0109375 0.0140625
0 0.3390625 0.1609375 0.01171875 0.0171875
0 0.0546875 0.16875 0.01171875 0.0171875
0 0.76796875 0.01796875 0.00859375 0.01328125
0 0.128125 0.1390625 0.0109375 0.015625
0 0.75703125 0.04375 0.009375 0.0140625
0 0.89609375 0.06640625 0.0109375 0.015625
0 0.86796875 0.0140625 0.00859375 0.0140625
0 0.86484375 0.19375 0.01640625 0.02578125
0 0.73125 0.0609375 0.0109375 0.0140625
0 0.1515625 0.2515625 0.0171875 0.0234375
0 0.9171875 0.01796875 0.0109375 0.01328125
0 0.00625 0.40390625 0.0125 0.0390625
0 0.471875 0.14296875 0.0109375 0.01796875
0 0.9421875 0.0640625 0.009375 0.015625
0 0.103125 0.315625 0.02265625 0.0296875
0 0.5796875 0.06875 0.0078125 0.01171875
0 0.91875 0.06953125 0.0109375 0.0140625
0 0.95546875 0.0171875 0.00859375 0.0140625
0 0.7796875 0.09375 0.0109375 0.01328125
0 0.5890625 0.11796875 0.0109375 0.0171875
0 0.53203125 0.0921875 0.00859375 0.01328125
0 0.81796875 0.05078125 0.0109375 0.015625
0 0.4671875 0.26640625 0.015625 0.021875
0 0.74375 0.0828125 0.0109375 0.0171875
0 0.5578125 0.06875 0.0078125 0.01171875
0 0.80703125 0.034375 0.00859375 0.0140625
0 0.92734375 0.046875 0.0109375 0.015625
0 0.49375 0.0921875 0.00703125 0.01171875
0 0.65703125 0.1203125 0.009375 0.0140625
0 0.64296875 0.0953125 0.00859375 0.01328125
0 0.6078125 0.10703125 0.009375 0.015625
0 0.60546875 0.06875 0.0078125 0.01171875
0 0.56953125 0.28671875 0.01484375 0.0234375
0 0.63203125 0.11875 0.009375 0.01328125
0 0.8875 0.0109375 0.00859375 0.0140625
0 0.58125 0.0796875 0.00703125 0.01171875
0 0.80546875 0.0953125 0.0109375 0.015625
0 0.8703125 0.05546875 0.009375 0.0140625
0 0.44375 0.175 0.0109375 0.0171875
0 0.3296875 0.103125 0.0109375 0.0140625
0 0.378125 0.17265625 0.0109375 0.0171875
0 0.80234375 0.0671875 0.0109375 0.0140625
0 0.54296875 0.0796875 0.0078125 0.01171875
0 0.4921875 0.10546875 0.0078125 0.01328125
0 0.37734375 0.11796875 0.0109375 0.0171875
0 0.575 0.45078125 0.01953125 0.03671875
0 0.41875 0.2015625 0.0125 0.01796875
0 0.88203125 0.13125 0.0140625 0.01796875
0 0.90390625 0.0296875 0.00859375 0.0140625
0 0.51796875 0.0796875 0.00703125 0.01171875
0 0.49296875 0.06875 0.00703125 0.01171875
0 0.47421875 0.07421875 0.00703125 0.01328125
0 0.4328125 0.09375 0.009375 0.01328125
0 0.48125 0.0921875 0.0078125 0.01328125
0 0.4296875 0.1421875 0.009375 0.015625
0 0.61875 0.16171875 0.0140625 0.01796875
0 0.1421875 0.13125 0.0109375 0.01328125
0 0.51796875 0.06875 0.00703125 0.0078125
0 0.353125 0.09375 0.00859375 0.01328125
0 0.46796875 0.09296875 0.00703125 0.01171875
0 0.5328125 0.1421875 0.0109375 0.0140625
0 0.11484375 0.1953125 0.0125 0.01796875
0 0.9046875 0.04296875 0.00859375 0.01328125
0 0.478125 0.10546875 0.0078125 0.01328125
0 0.28203125 0.11875 0.00859375 0.01328125
0 0.92890625 0.0796875 0.009375 0.0140625
0 0.60625 0.0421875 0.00703125 0.01171875
0 0.584375 0.3296875 0.01875 0.0296875
0 0.59296875 0.04296875 0.00703125 0.0078125
0 0.421875 0.10546875 0.009375 0.01328125
0 0.50625 0.10703125 0.00859375 0.01328125
0 0.56640625 0.4140625 0.0171875 0.02890625
0 0.4546875 0.10546875 0.0078125 0.01328125
0 0.2671875 0.1421875 0.0109375 0.015625
0 0.51640625 0.11796875 0.0109375 0.0140625
0 0.48046875 0.0546875 0.00625 0.01015625
0 0.85703125 0.00625 0.0109375 0.01171875
0 0.3578125 0.1296875 0.009375 0.0171875
0 0.6234375 0.07421875 0.00859375 0.01328125
0 0.0046875 0.190625 0.00859375 0.021875
0 0.90390625 0.00625 0.0109375 0.0125
0 0.6375 0.0375 0.00703125 0.01171875
0 0.34296875 0.1046875 0.00703125 0.01171875
0 0.96953125 0.0140625 0.00859375 0.0140625
0 0.74453125 0.01875 0.00859375 0.01171875
0 0.54296875 0.09296875 0.0078125 0.01171875
0 0.3671875 0.1546875 0.009375 0.0140625
0 0.75703125 0.0671875 0.009375 0.0140625
0 0.5875 0.06171875 0.00703125 0.01171875
0 0.34453125 0.11875 0.009375 0.01328125
0 0.44375 0.0796875 0.00703125 0.01171875