0 0.2734375 0.90859375 0.06953125 0.146875
0 0.66015625 0.1546875 0.028125 0.04375
0 0.6421875 0.346875 0.028125 0.046875
0 0.4578125 0.40625 0.0265625 0.046875
0 0.43203125 0.5546875 0.028125 0.05
0 0.265625 0.14375 0.01953125 0.0296875
0 0.56484375 0.46484375 0.03046875 0.053125
0 0.07734375 0.05625 0.0125 0.0234375
0 0.3296875 0.7453125 0.040625 0.06796875
0 0.1015625 0.15703125 0.01796875 0.03203125
0 0.77578125 0.35859375 0.0359375 0.05859375
0 0.73125 0.1953125 0.028125 0.05
0 0.06953125 0.278125 0.02109375 0.03203125
0 0.0765625 0.11796875 0.01796875 0.0296875
0 0.2390625 0.3234375 0.0234375 0.04140625
0 0.98125 0.06484375 0.03359375 0.05859375
0 0.33203125 0.6234375 0.0234375 0.046875
0 0.5953125 0.725 0.0375 0.06796875
0 0.4859375 0.38125 0.028125 0.05
0 0.096875 0.35625 0.0234375 0.04140625
0 0.703125 0.0984375 0.028125 0.05
0 0.3734375 0.6453125 0.028125 0.05625
0 0.028125 0.13203125 0.0140625 0.0296875
0 0.2828125 0.61875 0.028125 0.05
0 0.11796875 0.0984375 0.015625 0.0265625
0 0.040625 0.1796875 0.01796875 0.0296875
0 0.1421875 0.028125 0.0140625 0.0265625
0 0.08828125 0.21875 0.01953125 0.03203125
0 0.53125 0.675 0.03046875 0.05
0 0.3640625 0.046875 0.015625 0.0296875
0 0.534375 0.33125 0.0265625 0.04375
0 0.23828125 0.125 0.01796875 0.0265625
0 0.57265625 0.29296875 0.025 0.04375
0 0.28125 0.04140625 0.0140625 0.0234375
0 0.2328125 0.19140625 0.01796875 0.0296875
0 0.83359375 0.24140625 0.0375 0.05859375
0 0.12734375 0.171875 0.015625 0.0265625
0 0.465625 0.04375 0.01953125 0.03515625
0 0.30703125 0.696875 0.0265625 0.046875
0 0.44765625 0.08828125 0.015625 0.0296875
0 0.053125 0.1265625 0.0140625 0.0296875
0 0.3421875 0.36796875 0.0265625 0.04140625
0 0.275 0.18125 0.01953125 0.03828125
0 0.26484375 0.3703125 0.025 0.04140625
0 0.3390625 0.428125 0.0265625 0.04375
0 0.18828125 0.025 0.0140625 0.0265625
0 0.43125 0.65 0.03046875 0.053125
0 0.62421875 0.30859375 0.028125 0.04140625
0 0.20625 0.50859375 0.02109375 0.04140625
0 0.84375 0.0515625 0.03203125 0.05625
0 0.04453125 0.21875 0.02109375 0.03203125
0 0.2046875 0.00625 0.0140625 0.01171875
0 0.59453125 0.23203125 0.025 0.03515625
0 0.30390625 0.3984375 0.02109375 0.04375
0 0.0125 0.55 0.025 0.0703125
0 0.93671875 0.24375 0.0375 0.06484375
0 0.2140625 0.43125 0.0234375 0.04375
0 0.01953125 0.29375 0.02109375 0.04140625
0 0.1046875 0.30703125 0.02109375 0.03828125
0 0.42890625 0.5015625 0.028125 0.05
0 0.31875 0.53359375 0.02109375 0.03828125
0 0.56953125 0.3734375 0.025 0.046875
0 0.21015625 0.05859375 0.01796875 0.0296875
0 0.2125 0.6796875 0.0265625 0.046875
0 0.28125 0.0765625 0.0140625 0.0296875
0 0.4 0.7234375 0.028125 0.0296875
0 0.1 0.1234375 0.01796875 0.0234375
0 0.48125 0.31328125 0.0265625 0.04375
0 0.42890625 0.21640625 0.02109375 0.04375
0 0.01953125 0.346875 0.028125 0.053125
0 0.3125 0.14140625 0.01953125 0.03515625
0 0.43671875 0.6 0.0265625 0.046875
0 0.0828125 0.0203125 0.0125 0.0234375
0 0.13671875 0.321875 0.01796875 0.03203125
0 0.428125 0.0296875 0.01953125 0.03515625
0 0.66796875 0.66640625 0.040625 0.06171875
0 0.415625 0.06875 0.015625 0.03203125
0 0.18046875 0.06640625 0.015625 0.0265625
0 0.4015625 0.325 0.0265625 0.04375
0 0.01015625 0.21796875 0.01953125 0.03515625
0 0.45703125 0.11875 0.02109375 0.03203125
0 0.18125 0.63125 0.028125 0.05625
0 0.24921875 0.43828125 0.02109375 0.04140625
0 0.64140625 0.4015625 0.03046875 0.04375
0 0.23828125 0.021875 0.01796875 0.0265625
0 0.00546875 0.0953125 0.0109375 0.0265625
0 0.37265625 0.11640625 0.01953125 0.03203125
0 0.12734375 0.38828125 0.0234375 0.04140625
0 0.2734375 0.53828125 0.0234375 0.04140625
0 0.459375 0.1796875 0.02109375 0.04140625
0 0.51875 0.4984375 0.03046875 0.05
0 0.28046875 0.68359375 0.0265625 0.04375
0 0.090625 0.475 0.025 0.05
0 0.2546875 0.49296875 0.025 0.04375
0 0.2921875 0.4734375 0.02109375 0.046875
0 0.16484375 0.46796875 0.01953125 0.04140625
0 0.37421875 0.1515625 0.01953125 0.03203125
0 0.38515625 0.04140625 0.015625 0.03515625
0 0.09140625 0.28125 0.01953125 0.03203125
0 0.30078125 0.01484375 0.0140625 0.0234375
0 0.82578125 0.1234375 0.03203125 0.053125
0 0.14296875 0.4796875 0.0234375 0.04140625
0 0.24140625 0.5484375 0.0234375 0.03203125
0 0.1140625 0.0265625 0.0140625 0.0234375
0 0.20390625 0.59375 0.0234375 0.04140625
0 0.21171875 0.35859375 0.02109375 0.04140625
0 0.13828125 0.5203125 0.0234375 0.04140625
0 0.1390625 0.5796875 0.02109375 0.046875
0 0.3265625 0.1046875 0.01953125 0.03203125
0 0.15390625 0.0546875 0.015625 0.0265625
0 0.28828125 0.3015625 0.02109375 0.04375
0 0.2328125 0.2265625 0.02109375 0.04140625
0 0.70234375 0.396875 0.0265625 0.046875
0 0.5234375 0.26796875 0.025 0.046875
0 0.078125 0.15 0.0140625 0.0296875
0 0.16796875 0.00703125 0.0140625 0.0140625
0 0.50390625 0.2234375 0.025 0.04140625
0 0.20390625 0.1234375 0.01953125 0.0296875
0 0.06171875 0.49140625 0.0265625 0.046875
0 0.0421875 0.00703125 0.015625 0.0140625
0 0.01875 0.03125 0.015625 0.0265625
0 0.2359375 0.3953125 0.0265625 0.04375
0 0.58828125 0.33359375 0.0265625 0.03203125
0 0.16875 0.103125 0.0140625 0.0296875
0 0.13984375 0.13828125 0.015625 0.0296875
0 0.49453125 0.0453125 0.02109375 0.03203125
0 0.628125 0.71875 0.028125 0.05
0 0.25703125 0.58203125 0.0234375 0.046875
0 0.10390625 0.0046875 0.0125 0.00859375
0 0.53671875 0.596875 0.03359375 0.046875
0 0.35390625 0.50703125 0.025 0.03828125
0 0.2515625 0.078125 0.015625 0.03203125
0 0.0078125 0.05703125 0.015625 0.0265625
0 0.1078125 0.05 0.015625 0.0234375
0 0.3765625 0.0046875 0.015625 0.00859375
0 0.725 0.05 0.0265625 0.046875
0 0.0390625 0.071875 0.01796875 0.0265625
0 0.265625 0.0046875 0.015625 0.00859375
0 0.13359375 0.05625 0.0140625 0.0234375
0 0.32265625 0.5765625 0.0234375 0.046875
0 0.396875 0.36796875 0.02109375 0.03515625
0 0.303125 0.103125 0.015625 0.0296875
0 0.13359375 0.08125 0.0140625 0.0265625
0 0.4671875 0.00703125 0.01875 0.0140625
0 0.2078125 0.0953125 0.01796875 0.0265625
0 0.35 0.01796875 0.01953125 0.0296875
0 0.05234375 0.028125 0.0125 0.0203125
0 0.4796875 0.128125 0.01953125 0.03203125
0 0.01796875 0.10859375 0.01796875 0.0234375
0 0.08984375 0.078125 0.015625 0.0265625
0 0.06953125 0.0265625 0.0140625 0.0234375
0 0.4625 0.54140625 0.025 0.046875
0 0.353125 0.46796875 0.0234375 0.04140625
0 0.1578125 0.16484375 0.015625 0.0296875
0 0.23125 0.09140625 0.01796875 0.0296875
0 0.31640625 0.0703125 0.01796875 0.0296875
0 0.409375 0.6234375 0.02109375 0.04140625
0 0.5234375 0.203125 0.025 0.04140625
0 0.565625 0.76796875 0.03203125 0.053125
0 0.37265625 0.5734375 0.0234375 0.046875
0 0.440625 0.00703125 0.015625 0.0140625
0 0.00625 0.1546875 0.0125 0.03203125
0 0.10234375 0.53359375 0.0234375 0.03828125
0 0.434375 0.328125 0.02109375 0.03828125
0 0.6859375 0.23203125 0.0265625 0.04140625
0 0.60234375 0.15859375 0.0265625 0.04140625
0 0.3796875 0.0796875 0.015625 0.0296875
0 0.2265625 0.0046875 0.0125 0.00859375
0 0.79921875 0.10703125 0.025 0.04375
0 0.50390625 0.00703125 0.0203125 0.0140625
0 0.32578125 0.1703125 0.02109375 0.04140625
0 0.4875 0.753125 0.028125 0.053125
0 0.30234375 0.33828125 0.01796875 0.04140625
0 0.2328125 0.475 0.02109375 0.03203125
0 0.4203125 0.29375 0.025 0.04140625
0 0.325 0.33359375 0.0234375 0.03828125
0 0.2890625 0.43125 0.0234375 0.03203125
0 0.18203125 0.14140625 0.01953125 0.0296875
0 0.01796875 0.00625 0.0140625 0.01171875
0 0.34609375 0.1796875 0.01953125 0.03515625
0 0.146875 0.1 0.015625 0.0234375
0 0.53984375 0.01484375 0.01953125 0.0296875
0 0.1421875 0.00625 0.0140625 0.01171875
0 0.19765625 0.553125 0.025 0.04140625
0 0.8671875 0.00625 0.03046875 0.01171875
0 0.34609375 0.3046875 0.0234375 0.04375
0 0.02421875 0.175 0.015625 0.0265625
0 0.11015625 0.4296875 0.02109375 0.04140625
0 0.42578125 0.1046875 0.01953125 0.03203125
0 0.796875 0.06796875 0.02109375 0.03515625
0 0.06015625 0.0953125 0.0140625 0.0265625
0 0.8734375 0.20703125 0.0359375 0.05625
0 0.2703125 0.4046875 0.02109375 0.03828125
0 0.34609375 0.68828125 0.0265625 0.046875
0 0.06328125 0.0546875 0.015625 0.0265625
0 0.0375 0.03984375 0.0140625 0.0265625
0 0.2546875 0.03125 0.0140625 0.0265625
0 0.51484375 0.0515625 0.01953125 0.03203125
0 0.3296875 0.5015625 0.01953125 0.03203125
0 0.4921875 0.7046875 0.03046875 0.04375
0 0.05859375 0.171875 0.0140625 0.0265625
0 0.0765625 0.53125 0.028125 0.05
0 0.5671875 0.00703125 0.01875 0.0140625
0 0.2078125 0.0265625 0.0140625 0.0234375
0 0.21640625 0.63125 0.0265625 0.04375
0 0.603125 0.2703125 0.028125 0.046875
0 0.33203125 0.03125 0.015625 0.0265625
0 0.2359375 0.0484375 0.015625 0.0265625
0 0.48203125 0.6203125 0.025 0.04140625
0 0.69921875 0.76015625 0.04453125 0.06171875