0 0.6296875 0.13203125 0.01484375 0.025
0 0.90703125 0.525 0.0453125 0.07578125
0 0.728125 0.1765625 0.0171875 0.025
0 0.978125 0.42578125 0.0328125 0.0546875
0 0.02109375 0.37421875 0.028125 0.0375
0 0.61171875 0.58125 0.04375 0.06640625
0 0.9359375 0.24765625 0.02734375 0.04140625
0 0.79765625 0.44375 0.0453125 0.0625
0 0.965625 0.29375 0.0390625 0.05625
0 0.15234375 0.565625 0.0453125 0.053125
0 0.26640625 0.4875 0.0359375 0.05625
0 0.63203125 0.20078125 0.021875 0.03125
0 0.753125 0.178125 0.01875 0.02890625
0 0.3328125 0.375 0.03125 0.04921875
0 0.68828125 0.17890625 0.01640625 0.025
0 0.8390625 0.1734375 0.021875 0.02890625
0 0.55234375 0.4 0.034375 0.04921875
0 0.34375 0.3296875 0.03125 0.0375
0 0.834375 0.2953125 0.03125 0.0484375
0 0.05546875 0.15078125 0.0171875 0.02578125
0 0.38984375 0.06796875 0.01171875 0.01796875
0 0.13984375 0.26875 0.0203125 0.0328125
0 0.79609375 0.1796875 0.01953125 0.02578125
0 0.103125 0.159375 0.0171875 0.021875
0 0.440625 0.36171875 0.034375 0.04453125
0 0.03203125 0.15625 0.01640625 0.0234375
0 0.39921875 0.33203125 0.03125 0.0390625
0 0.33671875 0.55 0.04375 0.0609375
0 0.434375 0.16875 0.01484375 0.025
0 0.4484375 0.115625 0.015625 0.0234375
0 0.8796875 0.26875 0.02734375 0.0375
0 0.946875 0.47578125 0.03828125 0.05859375
0 0.5265625 0.0796875 0.01484375 0.025
0 0.6015625 0.01640625 0.0140625 0.01953125
0 0.0828125 0.18203125 0.0171875 0.0234375
0 0.3078125 0.1015625 0.0125 0.02109375
0 0.50859375 0.115625 0.0140625 0.02109375
0 0.0171875 0.16171875 0.01484375 0.0234375
0 0.7515625 0.253125 0.02734375 0.0375
0 0.25234375 0.109375 0.0125 0.01796875
0 0.5125 0.2078125 0.01953125 0.0296875
0 0.20390625 0.0953125 0.0140625 0.01796875
0 0.68828125 0.09296875 0.015625 0.025
0 0.26796875 0.09375 0.0125 0.01796875
0 0.646875 0.07265625 0.0125 0.02109375
0 0.43046875 0.0765625 0.0125 0.01953125
0 0.66328125 0.08671875 0.0140625 0.01953125
0 0.571875 0.07578125 0.01484375 0.02109375
0 0.02109375 0.1875 0.01640625 0.02109375
0 0.0375 0.18671875 0.01875 0.025
0 0.29375 0.06875 0.01171875 0.0171875
0 0.709375 0.00859375 0.0125 0.0171875
0 0.2046875 0.04375 0.009375 0.0140625
0 0.26484375 0.0703125 0.01171875 0.015625
0 0.4265625 0.13125 0.01484375 0.025
0 0.41875 0.1015625 0.0125 0.01796875
0 0.2796875 0.06640625 0.01171875 0.01796875
0 0.728125 0.25390625 0.0203125 0.02890625
0 0.06484375 0.28671875 0.02421875 0.03125
0 0.71640625 0.0640625 0.01484375 0.02109375
0 0.0921875 0.13671875 0.015625 0.01796875
0 0.5765625 0.021875 0.0140625 0.01796875
0 0.69296875 0.0640625 0.0125 0.02109375
0 0.1453125 0.11328125 0.0140625 0.01796875
0 0.34296875 0.1296875 0.0125 0.021875
0 0.2328125 0.03125 0.009375 0.01328125
0 0.1828125 0.08046875 0.0125 0.01796875
0 0.42890625 0.0171875 0.009375 0.0171875
0 0.41484375 0.065625 0.01171875 0.0171875
0 0.4671875 0.00625 0.0109375 0.01171875
0 0.3671875 0.0171875 0.009375 0.0140625
0 0.134375 0.06796875 0.0125 0.01796875
0 0.16875 0.10546875 0.0125 0.01796875
0 0.32734375 0.134375 0.0140625 0.01953125
0 0.18125 0.12265625 0.0125 0.01796875
0 0.4046875 0.00625 0.0109375 0.01171875
0 0.33671875 0.0765625 0.0125 0.0171875
0 0.62734375 0.01796875 0.0125 0.01796875
0 0.2171875 0.0390625 0.009375 0.01328125
0 0.3046875 0.0296875 0.009375 0.01328125
0 0.28203125 0.1328125 0.0140625 0.0234375
0 0.23203125 0.0515625 0.0109375 0.0171875
0 0.38984375 0.0171875 0.0109375 0.015625
0 0.70234375 0.0296875 0.0125 0.01796875
0 0.415625 0.02890625 0.0109375 0.015625
0 0.240625 0.11171875 0.01171875 0.01796875
0 0.6796875 0.1546875 0.015625 0.02109375
0 0.2171875 0.0828125 0.01171875 0.0171875
0 0.54375 0.03125 0.01171875 0.01796875
0 0.2453125 0.0203125 0.009375 0.0140625
0 0.48125 0.0921875 0.0140625 0.0234375
0 0.31484375 0.15625 0.01875 0.02578125
0 0.121875 0.10703125 0.0125 0.01796875
0 0.19140625 0.0515625 0.009375 0.0140625
0 0.52734375 0.05625 0.0140625 0.01796875
0 0.65546875 0.18671875 0.0203125 0.0328125
0 0.253125 0.04375 0.0109375 0.0140625
0 0.478125 0.00625 0.01171875 0.01171875
0 0.69140625 0.04296875 0.0140625 0.01796875
0 0.20859375 0.1171875 0.0125 0.01796875
0 0.35703125 0.03828125 0.0109375 0.0140625
0 0.059375 0.1890625 0.01875 0.0234375
0 0.31328125 0.065625 0.0109375 0.0171875
0 0.2875 0.0375 0.0109375 0.01328125
0 0.153125 0.08828125 0.0140625 0.01796875
0 0.7390625 0.0640625 0.0140625 0.02109375
0 0.56640625 0.00546875 0.01171875 0.01015625
0 0.5796875 0.05390625 0.0140625 0.0171875
0 0.3359375 0.034375 0.009375 0.0171875
0 0.13984375 0.13125 0.0140625 0.01796875
0 0.378125 0.01875 0.00859375 0.0140625
0 0.44375 0.00546875 0.0109375 0.01015625
0 0.32734375 0.05625 0.0109375 0.0171875
0 0.65703125 0.0171875 0.0125 0.01796875
0 0.509375 0.16015625 0.0140625 0.02109375
0 0.45703125 0.0296875 0.009375 0.0140625
0 0.2453125 0.0671875 0.0109375 0.0140625
0 0.30625 0.13125 0.0140625 0.01953125
0 0.665625 0.034375 0.0125 0.0171875
0 0.3671875 0.0421875 0.009375 0.0140625
0 0.3390625 0.05625 0.0109375 0.0171875
0 0.7671875 0.00625 0.0125 0.0125
0 0.5484375 0.05390625 0.0140625 0.01953125
0 0.3171875 0.03046875 0.00859375 0.01171875