0 0.88359375 0.73203125 0.0578125 0.09140625
0 0.29765625 0.87109375 0.09453125 0.153125
0 0.628125 0.6609375 0.04609375 0.09375
0 0.5890625 0.771875 0.0609375 0.115625
0 0.0359375 0.53046875 0.0234375 0.04296875
0 0.4859375 0.93984375 0.1078125 0.06796875
0 0.35546875 0.7375 0.0625 0.10859375
0 0.525 0.64453125 0.04375 0.06328125
0 0.92734375 0.6296875 0.04609375 0.075
0 0.47578125 0.74375 0.0859375 0.1515625
0 0.09453125 0.55859375 0.03515625 0.053125
0 0.2 0.6390625 0.0421875 0.071875
0 0.31484375 0.59921875 0.04765625 0.0734375
0 0.20546875 0.5703125 0.04375 0.059375
0 0.1515625 0.675 0.06171875 0.08671875
0 0.36484375 0.51875 0.02265625 0.034375
0 0.846875 0.90859375 0.0828125 0.10546875
0 0.7734375 0.55859375 0.0296875 0.04765625
0 0.5421875 0.5421875 0.0265625 0.04296875
0 0.05078125 0.7015625 0.0609375 0.09140625
0 0.29375 0.5421875 0.02734375 0.034375
0 0.14296875 0.525 0.02421875 0.03046875
0 0.103125 0.86015625 0.159375 0.2109375
0 0.45 0.5390625 0.0265625 0.034375
0 0.7296875 0.553125 0.02734375 0.040625
0 0.51484375 0.58359375 0.028125 0.04921875
0 0.0578125 0.54453125 0.0234375 0.040625
0 0.153125 0.5734375 0.03203125 0.034375
0 0.85625 0.59296875 0.03125 0.0421875
0 0.1203125 0.4796875 0.0140625 0.0171875
0 0.590625 0.6015625 0.02421875 0.05625
0 0.75625 0.5140625 0.0203125 0.03046875
0 0.90546875 0.54765625 0.04375 0.06640625
0 0.2625 0.57578125 0.034375 0.05078125
0 0.81796875 0.49375 0.0125 0.015625
0 0.49765625 0.54453125 0.02265625 0.02578125
0 0.40859375 0.46796875 0.0125 0.0171875
0 0.42109375 0.49375 0.0140625 0.01875
0 0.5859375 0.54453125 0.0296875 0.04609375
0 0.05546875 0.4671875 0.0140625 0.015625
0 0.30234375 0.49375 0.01484375 0.01875
0 0.3359375 0.5140625 0.01953125 0.03046875
0 0.809375 0.6109375 0.0390625 0.059375
0 0.83671875 0.52421875 0.02265625 0.02890625
0 0.784375 0.70078125 0.04609375 0.0984375
0 0.13359375 0.49140625 0.01484375 0.0203125
0 0.03203125 0.49375 0.01484375 0.015625
0 0.52890625 0.47109375 0.0109375 0.0171875
0 0.5578125 0.45703125 0.01171875 0.0171875
0 0.08359375 0.49375 0.01484375 0.01875
0 0.05234375 0.49453125 0.01640625 0.0234375
0 0.03046875 0.6296875 0.03203125 0.040625
0 0.2078125 0.51953125 0.0375 0.02734375
0 0.2453125 0.49375 0.01484375 0.01875
0 0.70234375 0.5046875 0.0140625 0.01875
0 0.35546875 0.62734375 0.0390625 0.05234375
0 0.97109375 0.6109375 0.02421875 0.04765625
0 0.434375 0.63828125 0.0578125 0.08203125
0 0.2796875 0.64921875 0.0515625 0.059375
0 0.4640625 0.57890625 0.03515625 0.04765625
0 0.28359375 0.47109375 0.0125 0.0171875
0 0.634375 0.5046875 0.015625 0.01875
0 0.2453125 0.4734375 0.01171875 0.015625
0 0.3109375 0.51640625 0.01875 0.02734375
0 0.18046875 0.490625 0.01484375 0.01875
0 0.09453125 0.46796875 0.0109375 0.0140625
0 0.6203125 0.553125 0.025 0.0375
0 0.8546875 0.5078125 0.015625 0.021875
0 0.16171875 0.48515625 0.0125 0.01875
0 0.4578125 0.49375 0.0140625 0.021875
0 0.103125 0.48828125 0.015625 0.0171875
0 0.071875 0.62421875 0.04375 0.040625
0 0.6203125 0.47109375 0.009375 0.0171875
0 0.70234375 0.57265625 0.0359375 0.03359375
0 0.39296875 0.58359375 0.03046875 0.04921875
0 0.2703125 0.4859375 0.01171875 0.0203125
0 0.07890625 0.46796875 0.0140625 0.0171875
0 0.415625 0.5359375 0.02421875 0.03203125
0 0.17109375 0.5140625 0.01875 0.02734375
0 0.4046875 0.5078125 0.0171875 0.02421875
0 0.57734375 0.49140625 0.0125 0.0171875
0 0.46953125 0.46796875 0.0109375 0.0140625
0 0.61640625 0.49375 0.0140625 0.021875
0 0.25390625 0.45390625 0.009375 0.0140625
0 0.8625 0.553125 0.03046875 0.04296875
0 0.82734375 0.5640625 0.034375 0.04453125
0 0.70703125 0.5421875 0.0171875 0.02890625
0 0.87578125 0.4765625 0.015625 0.02578125
0 0.621875 0.521875 0.01875 0.0234375
0 0.94296875 0.5046875 0.01875 0.02421875
0 0.559375 0.5015625 0.01875 0.02578125
0 0.55546875 0.4765625 0.0125 0.0203125
0 0.50703125 0.51875 0.0171875 0.0234375
0 0.2359375 0.73203125 0.06640625 0.08515625
0 0.89296875 0.48828125 0.01640625 0.0203125
0 0.4296875 0.5625 0.025 0.03203125
0 0.6109375 0.94765625 0.12109375 0.0578125
0 0.92734375 0.4828125 0.01484375 0.0234375
0 0.42109375 0.4703125 0.0109375 0.015625
0 0.28359375 0.5015625 0.01875 0.0234375
0 0.66796875 0.5703125 0.0234375 0.03359375
0 0.49375 0.46796875 0.0109375 0.0140625
0 0.77109375 0.490625 0.0125 0.01875
0 0.503125 0.46796875 0.0109375 0.0140625
0 0.22890625 0.4765625 0.01484375 0.0203125
0 0.4421875 0.46796875 0.009375 0.0140625
0 0.59453125 0.46796875 0.01171875 0.0171875
0 0.32890625 0.4796875 0.009375 0.0140625
0 0.26796875 0.4515625 0.00859375 0.01328125
0 0.96171875 0.67578125 0.03984375 0.07109375
0 0.34453125 0.47890625 0.0109375 0.015625
0 0.728125 0.49609375 0.01171875 0.01875
0 0.35 0.57265625 0.028125 0.0421875
0 0.5421875 0.45703125 0.0109375 0.0140625
0 0.48203125 0.46796875 0.0109375 0.0140625
0 0.0765625 0.5140625 0.0203125 0.02421875
0 0.68359375 0.49375 0.0140625 0.015625
0 0.440625 0.49140625 0.0140625 0.0203125
0 0.6453125 0.48828125 0.01171875 0.0203125
0 0.19140625 0.47578125 0.01171875 0.015625
0 0.5921875 0.5046875 0.015625 0.02421875
0 0.1453125 0.465625 0.01171875 0.0140625
0 0.7171875 0.49140625 0.01171875 0.0171875
0 0.103125 0.51640625 0.01875 0.03046875
0 0.46796875 0.51328125 0.01484375 0.0234375
0 0.2046875 0.46796875 0.01171875 0.0140625
0 0.2296875 0.45390625 0.009375 0.0140625
0 0.36875 0.4765625 0.0140625 0.0171875
0 0.8046875 0.49609375 0.01171875 0.01875
0 0.69765625 0.6609375 0.065625 0.1203125
0 0.0359375 0.45859375 0.009375 0.015625
0 0.29609375 0.4703125 0.0109375 0.015625
0 0.33359375 0.5421875 0.0265625 0.02890625
0 0.4921875 0.4828125 0.01171875 0.0171875
0 0.49140625 0.45390625 0.00859375 0.0140625
0 0.3078125 0.46796875 0.009375 0.0140625
0 0.51484375 0.49140625 0.0125 0.0203125
0 0.1390625 0.60703125 0.04765625 0.034375
0 0.115625 0.45703125 0.0109375 0.0140625
0 0.20390625 0.49375 0.015625 0.021875
0 0.71953125 0.4703125 0.00859375 0.01328125
0 0.0203125 0.47109375 0.009375 0.0171875
0 0.66875 0.4796875 0.0109375 0.0171875
0 0.1296875 0.45390625 0.00859375 0.0140625
0 0.74609375 0.49140625 0.0140625 0.0171875
0 0.65703125 0.53984375 0.02265625 0.03046875
0 0.1703125 0.45703125 0.0109375 0.0140625
0 0.45625 0.4671875 0.0109375 0.01328125
0 0.6546875 0.5140625 0.01875 0.021875
0 0.95546875 0.54765625 0.03203125 0.0578125
0 0.4328125 0.45390625 0.009375 0.01171875
0 0.72890625 0.521875 0.01484375 0.0234375
0 0.5609375 0.6015625 0.0359375 0.0625
0 0.21875 0.428125 0.0078125 0.01015625
0 0.8140625 0.51875 0.0203125 0.034375
0 0.38203125 0.46796875 0.009375 0.0171875
0 0.26875 0.46796875 0.0109375 0.0140625
0 0.24296875 0.43046875 0.00703125 0.01171875
0 0.78515625 0.48828125 0.01171875 0.0203125
0 0.50625 0.45390625 0.00859375 0.01171875
0 0.04296875 0.4765625 0.01171875 0.0171875
0 0.73359375 0.4796875 0.0109375 0.0140625
0 0.31875 0.46796875 0.00859375 0.0140625
0 0.2875 0.43671875 0.00703125 0.01171875
0 0.29375 0.45390625 0.00859375 0.0140625
0 0.646875 0.59296875 0.03125 0.0359375
0 0.3921875 0.4828125 0.01171875 0.0171875
0 0.3125 0.43671875 0.0078125 0.00859375
0 0.28203125 0.45390625 0.00859375 0.01171875
0 0.7046875 0.4796875 0.009375 0.0140625
0 0.2625 0.4375 0.0078125 0.01015625
0 0.20546875 0.428125 0.00703125 0.01015625
0 0.4875 0.51015625 0.01484375 0.0203125
0 0.7328125 0.77734375 0.0484375 0.10078125
0 0.31796875 0.4546875 0.00703125 0.01328125
0 0.35625 0.46796875 0.009375 0.0171875
0 0.540625 0.50234375 0.0171875 0.02734375
0 0.41875 0.45390625 0.009375 0.01171875
0 0.178125 0.4703125 0.0109375 0.01328125
0 0.3296875 0.45390625 0.0078125 0.01171875
0 0.25859375 0.515625 0.0171875 0.0234375
0 0.19296875 0.428125 0.00703125 0.01015625
0 0.8703125 0.50234375 0.015625 0.021875
0 0.6796875 0.53359375 0.0171875 0.02890625
0 0.57421875 0.47421875 0.01171875 0.0171875
0 0.69453125 0.4796875 0.009375 0.0140625
0 0.23125 0.43046875 0.00703125 0.00859375
0 0.153125 0.4421875 0.0109375 0.0140625
0 0.540625 0.73203125 0.03203125 0.08828125
0 0.1796875 0.428125 0.0078125 0.01015625
0 0.1703125 0.54453125 0.0203125 0.02890625
0 0.40703125 0.45390625 0.00859375 0.00859375
0 0.38046875 0.4421875 0.00703125 0.01171875
0 0.3421875 0.4421875 0.0078125 0.01171875
0 0.2421875 0.4546875 0.009375 0.01328125