0 0.3640625 0.51640625 0.021875 0.06171875
0 0.0921875 0.2453125 0.01640625 0.04140625
0 0.44140625 0.51328125 0.021875 0.06484375
0 0.7296875 0.35546875 0.01484375 0.0390625
0 0.478125 0.50625 0.0203125 0.05703125
0 0.05390625 0.3296875 0.0171875 0.059375
0 0.23984375 0.59453125 0.0203125 0.0671875
0 0.81328125 0.86953125 0.03046875 0.090625
0 0.13984375 0.53203125 0.0203125 0.0671875
0 0.1140625 0.61015625 0.0234375 0.07265625
0 0.5921875 0.76640625 0.0265625 0.075
0 0.509375 0.41328125 0.0171875 0.046875
0 0.3375 0.725 0.0265625 0.08046875
0 0.384375 0.36953125 0.0171875 0.0515625
0 0.5359375 0.81796875 0.0296875 0.090625
0 0.1546875 0.284375 0.015625 0.0515625
0 0.6359375 0.471875 0.0171875 0.05390625
0 0.6171875 0.2390625 0.015625 0.0390625
0 0.75625 0.28515625 0.01640625 0.0390625
0 0.621875 0.32265625 0.01875 0.0515625
0 0.24140625 0.51171875 0.02265625 0.0671875
0 0.03203125 0.35390625 0.01875 0.06171875
0 0.759375 0.2390625 0.01484375 0.03359375
0 0.5421875 0.5515625 0.021875 0.06484375
0 0.1171875 0.296875 0.015625 0.05703125
0 0.2671875 0.8375 0.02734375 0.07734375
0 0.21328125 0.2390625 0.01640625 0.0390625
0 0.78828125 0.46484375 0.01953125 0.0515625
0 0.8578125 0.44609375 0.021875 0.059375
0 0.43828125 0.3421875 0.01640625 0.059375
0 0.2671875 0.4859375 0.01953125 0.05703125
0 0.540625 0.35625 0.01640625 0.046875
0 0.61796875 0.55 0.02265625 0.05703125
0 0.678125 0.64765625 0.02421875 0.075
0 0.75703125 0.86953125 0.028125 0.090625
0 0.54765625 0.2390625 0.015625 0.03359375
0 0.690625 0.26484375 0.01640625 0.05390625
0 0.5296875 0.2921875 0.01640625 0.0515625
0 0.86171875 0.56328125 0.0203125 0.06171875
0 0.571875 0.240625 0.01640625 0.04140625
0 0.31328125 0.49765625 0.01875 0.06484375
0 0.046875 0.409375 0.01953125 0.059375
0 0.91484375 0.56953125 0.0203125 0.06953125
0 0.2140625 0.296875 0.0171875 0.05703125
0 0.446875 0.4546875 0.0171875 0.04140625
0 0.175 0.259375 0.01484375 0.05390625
0 0.825 0.2328125 0.01484375 0.04140625
0 0.35234375 0.84140625 0.03046875 0.08515625
0 0.2484375 0.375 0.0171875 0.0515625
0 0.54375 0.66171875 0.02421875 0.07265625
0 0.7546875 0.334375 0.01640625 0.04375
0 0.0828125 0.4484375 0.01953125 0.06484375
0 0.434375 0.60234375 0.02421875 0.07265625
0 0.4546875 0.3828125 0.0171875 0.0515625
0 0.41875 0.3890625 0.0171875 0.06484375
0 0.22265625 0.36171875 0.015625 0.0515625
0 0.79609375 0.39375 0.0203125 0.059375
0 0.2 0.84375 0.0328125 0.075
0 0.48984375 0.91328125 0.03203125 0.10625
0 0.721875 0.946875 0.0359375 0.090625
0 0.60859375 0.63046875 0.02265625 0.05703125
0 0.9015625 0.25859375 0.015625 0.04140625
0 0.68828125 0.34765625 0.01484375 0.04921875
0 0.8640625 0.27265625 0.01484375 0.04921875
0 0.784375 0.1953125 0.0140625 0.028125
0 0.56640625 0.409375 0.0171875 0.04375
0 0.81875 0.36796875 0.01640625 0.059375
0 0.5609375 0.36328125 0.015625 0.0390625
0 0.73515625 0.2375 0.015625 0.04140625
0 0.028125 0.253125 0.01875 0.05703125
0 0.2796875 0.56328125 0.0234375 0.0671875
0 0.80625 0.2890625 0.0140625 0.0359375
0 0.78828125 0.6625 0.0234375 0.059375
0 0.18828125 0.55703125 0.02421875 0.06484375
0 0.51015625 0.34140625 0.01484375 0.046875
0 0.9859375 0.2515625 0.0171875 0.0390625
0 0.9671875 0.27890625 0.0171875 0.0515625
0 0.28203125 0.334375 0.01640625 0.04375
0 0.0078125 0.1875 0.015625 0.0390625
0 0.17890625 0.40859375 0.0171875 0.06171875
0 0.196875 0.26484375 0.01484375 0.05390625
0 0.5609375 0.278125 0.01640625 0.0390625
0 0.88125 0.2890625 0.01640625 0.046875
0 0.2625 0.1625 0.0140625 0.046875
0 0.88984375 0.48046875 0.01875 0.06171875
0 0.2640625 0.21953125 0.015625 0.0515625
0 0.9578125 0.3296875 0.01484375 0.04375
0 0.33046875 0.5453125 0.02421875 0.07734375
0 0.41875 0.31796875 0.01640625 0.0515625
0 0.28671875 0.4328125 0.01875 0.04375
0 0.9046875 0.40859375 0.01953125 0.0515625
0 0.88203125 0.68828125 0.025 0.08046875
0 0.16875 0.35625 0.015625 0.046875
0 0.3015625 0.31796875 0.0171875 0.0515625
0 0.6546875 0.5515625 0.0234375 0.06484375
0 0.9015625 0.1921875 0.015625 0.0390625
0 0.671875 0.22109375 0.0140625 0.04375
0 0.79921875 0.328125 0.01640625 0.04140625
0 0.06640625 0.2703125 0.015625 0.05390625
0 0.240625 0.240625 0.01484375 0.04140625
0 0.59609375 0.39375 0.01875 0.06484375
0 0.63828125 0.2390625 0.01484375 0.0390625
0 0.1109375 0.4265625 0.0171875 0.05703125
0 0.6734375 0.88984375 0.0328125 0.10078125
0 0.71953125 0.284375 0.01640625 0.0515625
0 0.7375 0.4265625 0.0171875 0.0515625
0 0.71875 0.4796875 0.0171875 0.059375
0 0.92890625 0.2328125 0.01484375 0.03125
0 0.49765625 0.478125 0.0203125 0.06171875
0 0.0859375 0.72109375 0.02734375 0.0671875
0 0.19140625 0.10859375 0.0140625 0.046875
0 0.8921875 0.22578125 0.0140625 0.03359375
0 0.1890625 0.6359375 0.02734375 0.07734375
0 0.13125 0.46015625 0.01484375 0.05703125
0 0.5078125 0.2375 0.015625 0.0359375
0 0.4265625 0.446875 0.01953125 0.0515625
0 0.359375 0.596875 0.0234375 0.07265625
0 0.93125 0.3375 0.01875 0.059375
0 0.575 0.46015625 0.01875 0.05703125
0 0.13125 0.4015625 0.01640625 0.05390625
0 0.48359375 0.253125 0.01640625 0.0515625
0 0.61484375 0.40703125 0.01640625 0.059375
0 0.70390625 0.36171875 0.0140625 0.0515625
0 0.6109375 0.16171875 0.0140625 0.03359375
0 0.2140625 0.47421875 0.0203125 0.06484375
0 0.4015625 0.434375 0.0203125 0.06171875
0 0.61015625 0.2 0.015625 0.03359375
0 0.5265625 0.21796875 0.01171875 0.0390625
0 0.6828125 0.1546875 0.0125 0.02578125
0 0.3984375 0.321875 0.0171875 0.04921875
0 0.88359375 0.2515625 0.0140625 0.03359375
0 0.35 0.06328125 0.01484375 0.03359375
0 0.7 0.5390625 0.01875 0.06484375
0 0.878125 0.34375 0.01640625 0.0515625
0 0.859375 0.2 0.0140625 0.04375
0 0.15546875 0.225 0.0140625 0.0515625
0 0.0484375 0.19375 0.01484375 0.0515625
0 0.33359375 0.35546875 0.01484375 0.04921875
0 0.8421875 0.25859375 0.01640625 0.0515625
0 0.55 0.16015625 0.0140625 0.02578125
0 0.778125 0.225 0.0140625 0.0359375
0 0.5578125 0.4546875 0.0125 0.04140625
0 0.67109375 0.42109375 0.01484375 0.0515625
0 0.12890625 0.15390625 0.0140625 0.0390625
0 0.009375 0.36171875 0.01875 0.06171875
0 0.4859375 0.21328125 0.0140625 0.03359375
0 0.35625 0.29609375 0.01640625 0.04921875
0 0.390625 0.08359375 0.0140625 0.0390625
0 0.4796875 0.0875 0.0140625 0.03125
0 0.43828125 0.86328125 0.028125 0.0875
0 0.15703125 0.4015625 0.01640625 0.059375
0 0.2765625 0.6359375 0.025 0.07265625
0 0.421875 0.278125 0.0140625 0.03359375
0 0.2359375 0.278125 0.0140625 0.0390625
0 0.67265625 0.36953125 0.015625 0.046875
0 0.965625 0.22578125 0.0125 0.03359375
0 0.46171875 0.27109375 0.01484375 0.046875
0 0.16875 0.1953125 0.0140625 0.0390625
0 0.73515625 0.1859375 0.01484375 0.0359375
0 0.01328125 0.0875 0.01484375 0.0359375
0 0.69296875 0.42109375 0.0125 0.05703125
0 0.165625 0.1546875 0.015625 0.0515625
0 0.28359375 0.11640625 0.0125 0.04140625
0 0.940625 0.140625 0.0125 0.0234375
0 0.98203125 0.4796875 0.0203125 0.05390625
0 0.49296875 0.3890625 0.01875 0.059375
0 0.90703125 0.140625 0.01171875 0.0234375
0 0.3234375 0.15625 0.015625 0.04921875
0 0.075 0.1734375 0.0125 0.0515625
0 0.28515625 0.22578125 0.0140625 0.0390625
0 0.36875 0.10234375 0.0125 0.0390625
0 0.353125 0.21796875 0.01640625 0.04921875
0 0.75078125 0.20546875 0.01484375 0.0390625
0 0.7828125 0.11640625 0.0140625 0.02578125
0 0.7484375 0.375 0.015625 0.04140625
0 0.553125 0.49765625 0.01953125 0.04921875
0 0.21171875 0.17421875 0.01484375 0.04375
0 0.2984375 0.3953125 0.0171875 0.046875
0 0.28203125 0.0390625 0.01171875 0.02578125
0 0.96171875 0.11015625 0.0109375 0.0234375
0 0.18828125 0.18125 0.01484375 0.0515625
0 0.8734375 0.4859375 0.0171875 0.05703125
0 0.403125 0.86171875 0.03046875 0.08515625
0 0.9671875 0.18125 0.01171875 0.03125
0 0.83046875 0.590625 0.0203125 0.075
0 0.7203125 0.16796875 0.0140625 0.03125
0 0.3015625 0.2 0.015625 0.05390625
0 0.084375 0.103125 0.0125 0.0359375
0 0.11484375 0.2515625 0.01640625 0.0390625
0 0.659375 0.12890625 0.0125 0.02578125
0 0.609375 0.7 0.01953125 0.0515625
0 0.946875 0.46796875 0.01640625 0.046875
0 0.084375 0.32265625 0.01484375 0.0515625
0 0.19140625 0.00625 0.0140625 0.0125
0 0.2796875 0.0765625 0.0140625 0.0390625
0 0.8359375 0.1921875 0.0140625 0.028125
0 0.3984375 0.1796875 0.0140625 0.0390625
0 0.7265625 0.7984375 0.0234375 0.07734375
0 0.0046875 0.23359375 0.009375 0.04921875
0 0.22265625 0.1203125 0.01171875 0.04921875
0 0.91015625 0.290625 0.015625 0.04375
0 0.159375 0.05 0.01484375 0.03359375
0 0.05546875 0.1140625 0.01484375 0.0515625
0 0.4296875 0.2 0.01171875 0.0390625
0 0.9359375 0.26640625 0.01484375 0.046875
0 0.8296875 0.50625 0.021875 0.07265625
0 0.421875 0.02578125 0.01171875 0.02578125
0 0.6703125 0.47421875 0.015625 0.059375
0 0.09453125 0.1875 0.0140625 0.04375
0 0.43046875 0.05703125 0.0140625 0.02578125
0 0.7203125 0.0953125 0.0109375 0.02578125
0 0.37421875 0.17421875 0.0125 0.04375
0 0.878125 0.40859375 0.01875 0.05703125
0 0.55859375 0.12109375 0.0140625 0.02578125
0 0.53203125 0.1546875 0.01171875 0.03125
0 0.59453125 0.1875 0.015625 0.0390625
0 0.95390625 0.38125 0.01484375 0.06484375
0 0.26796875 0.128125 0.01484375 0.03359375
0 0.7109375 0.41328125 0.0171875 0.05703125
0 0.79375 0.22109375 0.0140625 0.0390625
0 0.30390625 0.07109375 0.0140625 0.03359375
0 0.33359375 0.31171875 0.01640625 0.0390625
0 0.31875 0.0828125 0.0125 0.03125
0 0.50625 0.10234375 0.0125 0.028125
0 0.87578125 0.63046875 0.01953125 0.04140625
0 0.21796875 0.00625 0.0140625 0.0125
0 0.603125 0.11484375 0.0140625 0.028125
0 0.8609375 0.3421875 0.0140625 0.04375
0 0.98984375 0.54296875 0.01875 0.0671875
0 0.8109375 0.22578125 0.01484375 0.04375
0 0.79375 0.16953125 0.0125 0.028125
0 0.38515625 0.21953125 0.01484375 0.0515625
0 0.01484375 0.134375 0.01640625 0.046875
0 0.96953125 0.04296875 0.009375 0.01796875
0 0.7015625 0.1796875 0.015625 0.03359375
0 0.2625 0.06484375 0.0125 0.02578125
0 0.06484375 0.5765625 0.02421875 0.07734375
0 0.2328125 0.01796875 0.015625 0.03125
0 0.1328125 0.06953125 0.0140625 0.0359375
0 0.571875 0.32265625 0.0140625 0.0515625
0 0.82734375 0.15 0.01484375 0.03125
0 0.4359375 0.29609375 0.0140625 0.0390625
0 0.45859375 0.328125 0.01484375 0.0515625
0 0.84765625 0.32265625 0.015625 0.046875
0 0.93828125 0.1875 0.01171875 0.028125
0 0.790625 0.06953125 0.0109375 0.0203125
0 0.5109375 0.1875 0.015625 0.0390625
0 0.8421875 0.0953125 0.01171875 0.0203125
0 0.7796875 0.26484375 0.01484375 0.04375
0 0.359375 0.17421875 0.015625 0.03359375
0 0.325 0.21953125 0.0109375 0.046875
0 0.553125 0.090625 0.01171875 0.02578125
0 0.946875 0.23125 0.0140625 0.0390625
0 0.346875 0.1484375 0.0140625 0.04375
0 0.7875 0.1421875 0.01171875 0.02578125
0 0.91015625 0.22578125 0.0140625 0.03359375
0 0.12109375 0.0078125 0.0140625 0.015625
0 0.6359375 0.38984375 0.0140625 0.0515625
0 0.5078125 0.140625 0.0140625 0.03359375
0 0.57421875 0.1484375 0.0140625 0.03359375
0 0.7609375 0.0875 0.009375 0.0203125
0 0.29296875 0.478125 0.0171875 0.0515625
0 0.5171875 0.51015625 0.01953125 0.05390625
0 0.340625 0.103125 0.0125 0.04140625
0 0.4859375 0.16015625 0.01171875 0.03125
0 0.178125 0.0390625 0.0125 0.04140625
0 0.36953125 0.42109375 0.01640625 0.05703125
0 0.4640625 0.21328125 0.01484375 0.04375
0 0.17890625 0.0078125 0.0140625 0.015625
0 0.3984375 0.04296875 0.0140625 0.028125
0 0.23359375 0.06328125 0.01484375 0.04375
0 0.19453125 0.37578125 0.015625 0.059375
0 0.5546875 0.1953125 0.0140625 0.04375
0 0.8328125 0.1140625 0.01171875 0.02578125
0 0.98125 0.0515625 0.01171875 0.0203125
0 0.634375 0.278125 0.01484375 0.04375
0 0.96328125 0.06328125 0.0109375 0.0234375
0 0.103125 0.36328125 0.01875 0.059375
0 0.2078125 0.07109375 0.01171875 0.0390625
0 0.634375 0.103125 0.0140625 0.02578125
0 0.103125 0.0390625 0.01484375 0.046875
0 0.63984375 0.2 0.01484375 0.0390625
0 0.384375 0.4921875 0.01640625 0.05390625
0 0.54375 0.12890625 0.01171875 0.02578125
0 0.3875 0.1359375 0.01171875 0.03359375
0 0.1140625 0.1875 0.0140625 0.04375
0 0.7625 0.10859375 0.0109375 0.02578125
0 0.4578125 0.103125 0.01171875 0.02578125
0 0.3734375 0.02421875 0.0109375 0.03359375
0 0.7359375 0.1140625 0.009375 0.02578125
0 0.753125 0.06328125 0.0109375 0.01796875
0 0.0328125 0.06953125 0.01484375 0.046875
0 0.1546875 0.00625 0.0125 0.0125
0 0.659375 0.16171875 0.01484375 0.03359375
0 0.24296875 0.10859375 0.0140625 0.046875
0 0.9296875 0.06953125 0.009375 0.0203125
0 0.59140625 0.090625 0.0109375 0.0203125
0 0.23515625 0.16796875 0.015625 0.0515625
0 0.35859375 0.35546875 0.0171875 0.05390625
0 0.7359375 0.290625 0.0140625 0.04375