0 0.71953125 0.6484375 0.015625 0.025
0 0.80625 0.81484375 0.0203125 0.03046875
0 0.86875 0.88515625 0.0203125 0.03671875
0 0.7859375 0.8734375 0.0234375 0.03984375
0 0.3546875 0.646875 0.015625 0.0234375
0 0.73125 0.8828125 0.02265625 0.03828125
0 0.228125 0.609375 0.0125 0.021875
0 0.0640625 0.69296875 0.01640625 0.03046875
0 0.1140625 0.5546875 0.0140625 0.021875
0 0.80234375 0.6484375 0.01484375 0.021875
0 0.60859375 0.79375 0.0203125 0.03046875
0 0.0390625 0.68828125 0.015625 0.03046875
0 0.50546875 0.88984375 0.01875 0.0234375
0 0.053125 0.81484375 0.01953125 0.03359375
0 0.9015625 0.83828125 0.0203125 0.03046875
0 0.665625 0.6328125 0.01484375 0.028125
0 0.43046875 0.60390625 0.01484375 0.0234375
0 0.99140625 0.7609375 0.015625 0.0296875
0 0.29765625 0.6625 0.01484375 0.0234375
0 0.3703125 0.88671875 0.021875 0.0296875
0 0.053125 0.765625 0.02421875 0.03515625
0 0.25078125 0.61875 0.0140625 0.0203125
0 0.9296875 0.65625 0.015625 0.028125
0 0.9015625 0.646875 0.01640625 0.0296875
0 0.32734375 0.86171875 0.01875 0.028125
0 0.0671875 0.59296875 0.01484375 0.021875
0 0.0171875 0.63515625 0.01484375 0.0234375
0 0.190625 0.69140625 0.01640625 0.03046875
0 0.35625 0.60390625 0.0140625 0.0234375
0 0.3015625 0.79296875 0.0171875 0.0265625
0 0.65703125 0.79609375 0.0171875 0.03203125
0 0.21953125 0.53203125 0.01171875 0.0203125
0 0.25859375 0.79296875 0.01953125 0.0296875
0 0.190625 0.615625 0.01484375 0.0234375
0 0.196875 0.42265625 0.0109375 0.01796875
0 0.9671875 0.63671875 0.01484375 0.025
0 0.17109375 0.5953125 0.0140625 0.0203125
0 0.54375 0.54296875 0.0125 0.01875
0 0.37890625 0.93828125 0.021875 0.03203125
0 0.221875 0.67421875 0.01640625 0.0265625
0 0.89765625 0.78203125 0.0171875 0.028125
0 0.07734375 0.50859375 0.01171875 0.01796875
0 0.68828125 0.765625 0.0203125 0.03515625
0 0.1171875 0.5296875 0.0140625 0.0203125
0 0.85 0.8125 0.01875 0.0296875
0 0.478125 0.74453125 0.01640625 0.0296875
0 0.53828125 0.63046875 0.015625 0.0234375
0 0.2546875 0.68125 0.01640625 0.028125
0 0.48125 0.66796875 0.0140625 0.021875
0 0.1515625 0.94765625 0.02265625 0.03671875
0 0.78203125 0.5578125 0.0140625 0.021875
0 0.884375 0.8125 0.01953125 0.0296875
0 0.86171875 0.6390625 0.01640625 0.0265625
0 0.53515625 0.71953125 0.0171875 0.028125
0 0.6265625 0.64375 0.01640625 0.0296875
0 0.1046875 0.7078125 0.0171875 0.03046875
0 0.25625 0.51953125 0.0109375 0.01875
0 0.553125 0.49296875 0.01171875 0.0203125
0 0.76484375 0.7984375 0.01953125 0.03359375
0 0.38984375 0.47109375 0.0109375 0.01640625
0 0.79609375 0.60703125 0.01484375 0.0234375
0 0.071875 0.44375 0.01171875 0.01875
0 0.9796875 0.8828125 0.03046875 0.03828125
0 0.3609375 0.784375 0.0171875 0.0265625
0 0.5703125 0.4828125 0.009375 0.01875
0 0.19453125 0.65859375 0.01484375 0.0234375
0 0.571875 0.646875 0.015625 0.0265625
0 0.03984375 0.64375 0.0171875 0.0296875
0 0.78203125 0.65078125 0.015625 0.0234375
0 0.51796875 0.4921875 0.0109375 0.01640625
0 0.8171875 0.65859375 0.01484375 0.0265625
0 0.75390625 0.67421875 0.0171875 0.0265625
0 0.5328125 0.52265625 0.0140625 0.01875
0 0.4953125 0.625 0.0140625 0.021875
0 0.5953125 0.56015625 0.01484375 0.0234375
0 0.95234375 0.5484375 0.0125 0.0203125
0 0.14140625 0.50625 0.009375 0.01875
0 0.53359375 0.89140625 0.01875 0.03203125
0 0.803125 0.5296875 0.01171875 0.01875
0 0.0859375 0.9640625 0.025 0.03984375
0 0.8078125 0.859375 0.02265625 0.04140625
0 0.70546875 0.58359375 0.0125 0.0203125
0 0.7109375 0.60703125 0.015625 0.0265625
0 0.74375 0.81015625 0.01875 0.028125
0 0.15390625 0.69375 0.01640625 0.0265625
0 0.95546875 0.60234375 0.01640625 0.0234375
0 0.3390625 0.5203125 0.01171875 0.01796875
0 0.0546875 0.5578125 0.0140625 0.021875
0 0.27109375 0.578125 0.0125 0.01875
0 0.31875 0.60703125 0.01484375 0.0265625
0 0.20546875 0.62109375 0.01484375 0.021875
0 0.728125 0.58125 0.01484375 0.021875
0 0.37578125 0.58984375 0.01171875 0.01875
0 0.95546875 0.7703125 0.01640625 0.025
0 0.43828125 0.7609375 0.01640625 0.0296875
0 0.51875 0.61328125 0.0140625 0.021875
0 0.0890625 0.56875 0.0125 0.0203125
0 0.0234375 0.553125 0.015625 0.0265625
0 0.46953125 0.515625 0.0109375 0.01875
0 0.85625 0.75390625 0.0171875 0.0265625
0 0.00390625 0.55703125 0.0078125 0.0234375
0 0.975 0.6765625 0.01484375 0.025
0 0.3078125 0.58359375 0.01484375 0.0234375
0 0.29140625 0.4921875 0.0109375 0.01640625
0 0.73125 0.5578125 0.0125 0.01875
0 0.4046875 0.53203125 0.0109375 0.01796875
0 0.09609375 0.33046875 0.0125 0.01875
0 0.859375 0.59765625 0.0140625 0.021875
0 0.23125 0.6328125 0.0140625 0.021875
0 0.1953125 0.52734375 0.0140625 0.021875
0 0.36484375 0.54609375 0.0109375 0.01875
0 0.6015625 0.60703125 0.0140625 0.0234375
0 0.4921875 0.52734375 0.01171875 0.01875
0 0.48125 0.625 0.0140625 0.021875
0 0.1203125 0.6625 0.0171875 0.0265625
0 0.415625 0.51796875 0.0109375 0.01640625
0 0.77890625 0.67890625 0.01640625 0.0265625
0 0.1703125 0.55390625 0.0140625 0.01875
0 0.8421875 0.51953125 0.01171875 0.01875
0 0.3359375 0.56015625 0.01171875 0.0203125
0 0.43828125 0.515625 0.0109375 0.01875
0 0.5296875 0.56015625 0.01171875 0.01796875
0 0.66875 0.48984375 0.0109375 0.01796875
0 0.2671875 0.82421875 0.0171875 0.0296875
0 0.7171875 0.5484375 0.0125 0.01796875
0 0.43984375 0.56015625 0.0125 0.01796875
0 0.8328125 0.4578125 0.009375 0.01484375
0 0.8296875 0.5390625 0.01171875 0.01875
0 0.5578125 0.53125 0.01171875 0.01875
0 0.2796875 0.50625 0.0109375 0.01640625
0 0.74453125 0.61328125 0.01484375 0.021875
0 0.44375 0.609375 0.0125 0.021875
0 0.28046875 0.92421875 0.0234375 0.03359375
0 0.3671875 0.4828125 0.009375 0.01640625
0 0.51640625 0.5296875 0.009375 0.01640625
0 0.8546875 0.5015625 0.009375 0.01796875
0 0.3296875 0.4921875 0.009375 0.01640625
0 0.5625 0.55546875 0.0140625 0.0203125
0 0.296875 0.50859375 0.01171875 0.01796875
0 0.44609375 0.5390625 0.01171875 0.01875
0 0.8203125 0.60390625 0.0140625 0.0203125
0 0.0046875 0.72578125 0.009375 0.03828125
0 0.83359375 0.6328125 0.01484375 0.021875
0 0.7125 0.48515625 0.0109375 0.01796875
0 0.56328125 0.59296875 0.0140625 0.021875
0 0.478125 0.5390625 0.01171875 0.01875
0 0.96953125 0.5296875 0.01171875 0.01875
0 0.5921875 0.534375 0.01171875 0.01875
0 0.3953125 0.49296875 0.009375 0.01796875
0 0.86484375 0.571875 0.0125 0.0203125
0 0.4078125 0.48046875 0.0109375 0.01875
0 0.93828125 0.58359375 0.0125 0.0203125
0 0.00625 0.5109375 0.01171875 0.021875
0 0.384375 0.57421875 0.0125 0.01875
0 0.99453125 0.6703125 0.00859375 0.0265625
0 0.4328125 0.72578125 0.01484375 0.0265625
0 0.1421875 0.58046875 0.0140625 0.0234375
0 0.4953125 0.59296875 0.0140625 0.021875
0 0.890625 0.51328125 0.01171875 0.01796875
0 0.09453125 0.5484375 0.0140625 0.0203125
0 0.3703125 0.50625 0.0109375 0.01875
0 0.34453125 0.5859375 0.01171875 0.01875
0 0.92109375 0.57890625 0.0140625 0.0203125
0 0.303125 0.54609375 0.01171875 0.01875
0 0.45859375 0.553125 0.0125 0.0203125
0 0.93203125 0.79375 0.01640625 0.025
0 0.3046875 0.4734375 0.009375 0.01484375
0 0.503125 0.48046875 0.0109375 0.01640625
0 0.48359375 0.4828125 0.0109375 0.01875
0 0.33359375 0.96953125 0.0203125 0.03515625
0 0.68828125 0.55390625 0.0140625 0.01875
0 0.64296875 0.60390625 0.01484375 0.0265625
0 0.2359375 0.5390625 0.01171875 0.01875
0 0.00625 0.4875 0.0125 0.01875
0 0.92734375 0.55078125 0.0125 0.01875
0 0.84453125 0.54296875 0.01171875 0.01875
0 0.69453125 0.4921875 0.009375 0.01640625
0 0.41875 0.46953125 0.00859375 0.01484375
0 0.78203125 0.515625 0.0109375 0.01875
0 0.353125 0.48046875 0.00859375 0.01640625
0 0.12734375 0.63671875 0.01484375 0.021875
0 0.77109375 0.496875 0.0109375 0.01796875
0 0.940625 0.46875 0.0109375 0.01875
0 0.39140625 0.5296875 0.009375 0.01875
0 0.25625 0.57890625 0.0125 0.0203125
0 0.49296875 0.96953125 0.0203125 0.03203125
0 0.49140625 0.50859375 0.009375 0.01796875
0 0.28828125 0.58828125 0.0140625 0.0203125
0 0.44375 0.9640625 0.02421875 0.03671875
0 0.9921875 0.48046875 0.01171875 0.01875
0 0.584375 0.5921875 0.0125 0.0203125
0 0.70234375 0.7078125 0.01640625 0.028125
0 0.56171875 0.97109375 0.0203125 0.03046875
0 0.43046875 0.53203125 0.0109375 0.01796875
0 0.2671875 0.50390625 0.0109375 0.01328125
0 0.80546875 0.4453125 0.0109375 0.01640625
0 0.009375 0.33359375 0.01171875 0.01875
0 0.50078125 0.91484375 0.0203125 0.0296875
0 0.6140625 0.55546875 0.01171875 0.0203125
0 0.2078125 0.79296875 0.015625 0.0234375
0 0.43671875 0.46640625 0.0109375 0.01796875
0 0.91875 0.49296875 0.009375 0.01796875
0 0.57734375 0.5578125 0.0140625 0.021875
0 0.2828125 0.47109375 0.0109375 0.01640625
0 0.72734375 0.83046875 0.01953125 0.03046875
0 0.19140625 0.9875 0.0234375 0.021875
0 0.2703125 0.534375 0.01171875 0.01875
0 0.93046875 0.53125 0.0109375 0.01875
0 0.2375 0.56484375 0.0140625 0.0203125
0 0.4546875 0.49296875 0.0109375 0.01796875
0 0.590625 0.51796875 0.0125 0.01796875
0 0.30625 0.51953125 0.0109375 0.01640625
0 0.41328125 0.5625 0.01171875 0.01875
0 0.0109375 0.684375 0.015625 0.025
0 0.20234375 0.55078125 0.0125 0.021875
0 0.55078125 0.56953125 0.0140625 0.01875
0 0.4890625 0.571875 0.01171875 0.01796875
0 0.01484375 0.5953125 0.01484375 0.0203125
0 0.69453125 0.515625 0.01171875 0.01875
0 0.44375 0.490625 0.00859375 0.01875
0 0.08203125 0.67890625 0.015625 0.0234375
0 0.7515625 0.48046875 0.0109375 0.01640625
0 0.12890625 0.61328125 0.0140625 0.021875
0 0.6328125 0.5015625 0.009375 0.01796875
0 0.2390625 0.496875 0.01171875 0.01484375
0 0.6109375 0.5109375 0.01171875 0.01875
0 0.62890625 0.4828125 0.009375 0.01640625
0 0.6828125 0.49453125 0.009375 0.01640625
0 0.67265625 0.51796875 0.0140625 0.0203125
0 0.90703125 0.54140625 0.01171875 0.01796875
0 0.940625 0.515625 0.0109375 0.01640625
0 0.59453125 0.47109375 0.0109375 0.01640625
0 0.2140625 0.47109375 0.0109375 0.01875
0 0.353125 0.54375 0.009375 0.01796875
0 0.196875 0.58359375 0.0125 0.0203125
0 0.86484375 0.72109375 0.01640625 0.0296875
0 0.56953125 0.5296875 0.01171875 0.01875
0 0.92734375 0.61796875 0.01484375 0.01875
0 0.90703125 0.4828125 0.009375 0.01640625
0 0.06171875 0.9671875 0.02421875 0.03984375
0 0.87890625 0.4828125 0.009375 0.01875
0 0.0328125 0.53203125 0.0140625 0.0203125
0 0.946875 0.64375 0.015625 0.0203125
0 0.9859375 0.53671875 0.0140625 0.0203125
0 0.74609375 0.578125 0.0140625 0.01875
0 0.4109375 0.61171875 0.0140625 0.01796875
0 0.26484375 0.5546875 0.01171875 0.01875
0 0.728125 0.6140625 0.01484375 0.0234375
0 0.378125 0.5296875 0.0109375 0.01875
0 0.878125 0.58125 0.0140625 0.01875
0 0.17109375 0.41796875 0.0109375 0.01796875
0 0.82109375 0.22109375 0.01171875 0.01796875
0 0.61484375 0.4828125 0.0109375 0.01640625
0 0.73203125 0.490625 0.0109375 0.01640625
0 0.96953125 0.79609375 0.01640625 0.0234375
0 0.5796875 0.76796875 0.0171875 0.028125
0 0.41875 0.68203125 0.01484375 0.0203125
0 0.66796875 0.56640625 0.01171875 0.01640625
0 0.79609375 0.50390625 0.0109375 0.01640625
0 0.3796875 0.49296875 0.00859375 0.01484375
0 0.55390625 0.63515625 0.01484375 0.0203125
0 0.51015625 0.76796875 0.01484375 0.0234375
0 0.50234375 0.5546875 0.0125 0.01875
0 0.15703125 0.56953125 0.01171875 0.01875
0 0.4515625 0.6484375 0.015625 0.021875
0 0.8328125 0.58828125 0.0140625 0.01796875
0 0.43046875 0.4921875 0.00859375 0.01640625
0 0.31953125 0.51796875 0.009375 0.01640625
0 0.03984375 0.5921875 0.0140625 0.0234375
0 0.7671875 0.48125 0.0109375 0.01484375
0 0.3875 0.51328125 0.0109375 0.01796875
0 0.5890625 0.4875 0.0109375 0.01875
0 0.89609375 0.49453125 0.0109375 0.01640625
0 0.0796875 0.33984375 0.0109375 0.01484375
0 0.2484375 0.646875 0.015625 0.0296875
0 0.1546875 0.62734375 0.01484375 0.0234375
0 0.290625 0.5296875 0.0109375 0.01796875
0 0.31640625 0.54140625 0.01171875 0.01796875
0 0.4671875 0.47890625 0.009375 0.01640625
0 0.5921875 0.62734375 0.01484375 0.0234375
0 0.70546875 0.54140625 0.0109375 0.01640625
0 0.1828125 0.5296875 0.0109375 0.01796875
0 0.671875 0.6015625 0.0140625 0.021875
0 0.059375 0.653125 0.01484375 0.021875
0 0.9921875 0.50625 0.01171875 0.0203125
0 0.4296875 0.6609375 0.0140625 0.01875
0 0.64453125 0.55546875 0.0140625 0.0203125
0 0.384375 0.775 0.01953125 0.03359375
0 0.53515625 0.49453125 0.01171875 0.01875
0 0.74296875 0.4921875 0.0109375 0.01640625
0 0.31640625 0.48984375 0.009375 0.01484375
0 0.8828125 0.53125 0.009375 0.01875
0 0.690625 0.571875 0.0140625 0.01796875
0 0.759375 0.61171875 0.01484375 0.0234375
0 0.86953125 0.52734375 0.0109375 0.01875
0 0.759375 0.56875 0.0125 0.0203125
0 0.1375 0.53203125 0.0125 0.0203125
0 0.99453125 0.63046875 0.00859375 0.0265625
0 0.5515625 0.615625 0.01484375 0.0234375
0 0.640625 0.5296875 0.01171875 0.01796875