0 0.94296875 0.5671875 0.04375 0.0609375
0 0.50390625 0.34140625 0.0234375 0.03671875
0 0.546875 0.2375 0.01953125 0.02734375
0 0.94453125 0.484375 0.04296875 0.06484375
0 0.3109375 0.30625 0.0265625 0.03671875
0 0.7171875 0.50078125 0.03984375 0.05625
0 0.83828125 0.13046875 0.01640625 0.0234375
0 0.8421875 0.39296875 0.034375 0.04921875
0 0.79921875 0.6578125 0.05390625 0.0703125
0 0.8046875 0.35546875 0.0296875 0.04453125
0 0.490625 0.23828125 0.01953125 0.02890625
0 0.5 0.29296875 0.0234375 0.03671875
0 0.9078125 0.128125 0.01640625 0.025
0 0.41015625 0.29453125 0.0234375 0.0390625
0 0.3046875 0.4484375 0.03515625 0.05078125
0 0.98359375 0.4375 0.03125 0.0625
0 0.6328125 0.3375 0.02734375 0.03671875
0 0.6625 0.3421875 0.03046875 0.04453125
0 0.3578125 0.2171875 0.01484375 0.02578125
0 0.6109375 0.2984375 0.025 0.0375
0 0.8078125 0.0828125 0.0140625 0.01953125
0 0.7796875 0.08046875 0.0140625 0.01796875
0 0.6203125 0.08671875 0.01171875 0.01953125
0 0.1203125 0.28125 0.021875 0.03125
0 0.778125 0.3203125 0.0296875 0.04453125
0 0.61171875 0.8421875 0.05390625 0.0765625
0 0.27265625 0.3484375 0.02265625 0.0328125
0 0.25546875 0.19453125 0.0125 0.01953125
0 0.9515625 0.16796875 0.0171875 0.0234375
0 0.84765625 0.15625 0.0171875 0.02578125
0 0.01484375 0.33828125 0.0265625 0.03671875
0 0.00703125 0.2734375 0.0140625 0.025
0 0.1375 0.26796875 0.01953125 0.03125
0 0.28203125 0.2171875 0.01484375 0.02109375
0 0.253125 0.13203125 0.0109375 0.0140625
0 0.040625 0.15 0.0125 0.01796875
0 0.26796875 0.24375 0.01875 0.0234375
0 0.790625 0.1578125 0.0171875 0.02578125
0 0.20859375 0.659375 0.05390625 0.08203125
0 0.7078125 0.91171875 0.06640625 0.08828125
0 0.00625 0.1703125 0.01171875 0.01953125
0 0.928125 0.15078125 0.01484375 0.02109375
0 0.81953125 0.16953125 0.015625 0.0234375
0 0.82734375 0.228125 0.0171875 0.025
0 0.446875 0.171875 0.0140625 0.01796875
0 0.74140625 0.14296875 0.01484375 0.01796875
0 0.5078125 0.0453125 0.009375 0.0140625
0 0.6453125 0.1265625 0.0140625 0.02109375
0 0.41875 0.1953125 0.015625 0.02109375
0 0.4546875 0.1453125 0.01171875 0.0140625
0 0.3046875 0.4046875 0.03125 0.0296875
0 0.9078125 0.16640625 0.01484375 0.02109375
0 0.46171875 0.25546875 0.0203125 0.03125
0 0.1546875 0.81953125 0.0703125 0.09765625
0 0.753125 0.0453125 0.0109375 0.0140625
0 0.56875 0.16015625 0.0125 0.02109375
0 0.08359375 0.18125 0.0125 0.0171875
0 0.634375 0.11875 0.0109375 0.01796875
0 0.5734375 0.825 0.021875 0.0296875
0 0.6765625 0.10546875 0.01171875 0.01796875
0 0.09765625 0.15625 0.01171875 0.01796875
0 0.69375 0.125 0.0125 0.01796875
0 0.565625 0.115625 0.0109375 0.015625
0 0.353125 0.09296875 0.009375 0.01171875
0 0.31953125 0.09296875 0.0078125 0.01171875
0 0.79296875 0.04296875 0.01171875 0.01796875
0 0.596875 0.08046875 0.0109375 0.01328125
0 0.34453125 0.08046875 0.00859375 0.01328125
0 0.31640625 0.13046875 0.009375 0.01328125
0 0.51796875 0.11875 0.00859375 0.01328125
0 0.3703125 0.13125 0.00859375 0.01171875
0 0.49296875 0.10546875 0.00859375 0.01328125
0 0.36796875 0.0921875 0.00859375 0.01171875
0 0.68046875 0.05625 0.00859375 0.01328125
0 0.50546875 0.0921875 0.00703125 0.01171875
0 0.528125 0.1171875 0.0109375 0.01328125
0 0.01953125 0.1734375 0.0140625 0.01796875
0 0.3703125 0.14375 0.0109375 0.0140625
0 0.353125 0.1515625 0.0109375 0.0140625
0 0.25390625 0.0953125 0.009375 0.01328125
0 0.2796875 0.11640625 0.009375 0.0140625
0 0.3046875 0.13125 0.009375 0.01328125
0 0.50625 0.10546875 0.00859375 0.01328125
0 0.46640625 0.10546875 0.00859375 0.01328125
0 0.69453125 0.09375 0.009375 0.01328125
0 0.384375 0.14375 0.0109375 0.0140625
0 0.5203125 0.15703125 0.01171875 0.0171875
0 0.5578125 0.1359375 0.01171875 0.0171875
0 0.4828125 0.11875 0.0109375 0.01328125
0 0.58125 0.06796875 0.00703125 0.01015625
0 0.29375 0.09296875 0.00859375 0.01171875
0 0.54296875 0.08125 0.0078125 0.01171875
0 0.38046875 0.0921875 0.00703125 0.01171875
0 0.48125 0.04375 0.0078125 0.01171875
0 0.23671875 0.21875 0.01484375 0.0234375
0 0.5203125 0.05625 0.00859375 0.01328125
0 0.33046875 0.13046875 0.00859375 0.01328125
0 0.53203125 0.05625 0.00859375 0.01328125
0 0.5421875 0.1390625 0.0109375 0.015625
0 0.4296875 0.1296875 0.009375 0.01171875
0 0.5546875 0.103125 0.009375 0.01171875
0 0.59453125 0.09375 0.00859375 0.01328125
0 0.21953125 0.11875 0.009375 0.01328125
0 0.54375 0.05390625 0.0078125 0.01171875
0 0.51796875 0.08125 0.00703125 0.01171875
0 0.5421875 0.1046875 0.009375 0.01171875
0 0.55234375 0.19140625 0.01484375 0.02109375
0 0.7703125 0.04296875 0.009375 0.01328125
0 0.54296875 0.09296875 0.0078125 0.01171875
0 0.46796875 0.0796875 0.00703125 0.01171875
0 0.52890625 0.08125 0.00859375 0.01171875
0 0.48125 0.0921875 0.00703125 0.01015625
0 0.85625 0.2171875 0.01640625 0.025
0 0.3953125 0.13125 0.00859375 0.01171875
0 0.34453125 0.13046875 0.00859375 0.01328125
0 0.48125 0.05625 0.00859375 0.01328125
0 0.665625 0.103125 0.0109375 0.0140625
0 0.58046875 0.08125 0.00859375 0.01171875
0 0.56796875 0.0796875 0.00703125 0.01171875
0 0.33046875 0.1046875 0.00859375 0.01171875
0 0.5546875 0.1171875 0.009375 0.01328125
0 0.4921875 0.0921875 0.0078125 0.01015625
0 0.4546875 0.1296875 0.009375 0.01171875
0 0.56171875 0.0609375 0.00703125 0.01328125
0 0.4953125 0.11875 0.009375 0.01328125
0 0.74296875 0.04296875 0.00859375 0.01328125