0 0.34140625 0.0953125 0.01484375 0.0234375
0 0.1453125 0.28046875 0.025 0.04296875
0 0.2484375 0.5015625 0.0375 0.06015625
0 0.46953125 0.08203125 0.015625 0.0234375
0 0.5921875 0.0875 0.0171875 0.0296875
0 0.4078125 0.23671875 0.02265625 0.03671875
0 0.72265625 0.5484375 0.0453125 0.06875
0 0.38125 0.11640625 0.01875 0.025
0 0.6546875 0.3359375 0.028125 0.04453125
0 0.415625 0.1484375 0.01875 0.02890625
0 0.815625 0.04296875 0.01640625 0.0234375
0 0.37421875 0.26953125 0.0203125 0.03359375
0 0.34140625 0.1609375 0.0203125 0.0328125
0 0.68046875 0.0625 0.01640625 0.03125
0 0.61796875 0.109375 0.0171875 0.02890625
0 0.4453125 0.16640625 0.021875 0.03359375
0 0.42421875 0.7171875 0.04609375 0.07578125
0 0.84765625 0.16171875 0.025 0.0390625
0 0.159375 0.471875 0.034375 0.053125
0 0.496875 0.08125 0.01484375 0.025
0 0.8953125 0.096875 0.021875 0.0328125
0 0.14921875 0.22421875 0.02265625 0.03671875
0 0.5890625 0.1875 0.02265625 0.03671875
0 0.38125 0.15 0.0203125 0.0328125
0 0.02109375 0.075 0.01640625 0.025
0 0.64453125 0.20625 0.0234375 0.0375
0 0.46875 0.1125 0.0171875 0.02734375
0 0.40703125 0.08671875 0.01640625 0.025
0 0.98359375 0.06796875 0.01953125 0.03125
0 0.3296875 0.946875 0.06640625 0.10390625
0 0.84453125 0.0515625 0.01640625 0.02734375
0 0.25703125 0.384375 0.03125 0.0484375
0 0.6 0.35390625 0.0359375 0.0546875
0 0.28046875 0.15625 0.0203125 0.03125
0 0.6234375 0.44296875 0.034375 0.0546875
0 0.115625 0.2796875 0.025 0.0390625
0 0.83125 0.0140625 0.01484375 0.0234375
0 0.73359375 0.16953125 0.0265625 0.0390625
0 0.31328125 0.0921875 0.0171875 0.025
0 0.85625 0.08515625 0.01875 0.02734375
0 0.5265625 0.23671875 0.02265625 0.0390625
0 0.66875 0.02578125 0.01484375 0.02109375
0 0.446875 0.2796875 0.025 0.0390625
0 0.5703125 0.14140625 0.015625 0.02734375
0 0.5890625 0.04296875 0.01484375 0.0234375
0 0.51796875 0.075 0.01640625 0.025
0 0.48203125 0.18125 0.0203125 0.0328125
0 0.915625 0.04921875 0.0171875 0.02578125
0 0.9609375 0.14765625 0.01953125 0.0328125
0 0.30234375 0.1390625 0.0203125 0.0328125
0 0.93046875 0.096875 0.0203125 0.0296875
0 0.20859375 0.1625 0.01875 0.0296875
0 0.03828125 0.20390625 0.025 0.040625
0 0.00390625 0.034375 0.0078125 0.01953125
0 0.50390625 0.11328125 0.0171875 0.02890625
0 0.63984375 0.03125 0.01484375 0.0234375
0 0.1609375 0.1546875 0.021875 0.0296875
0 0.103125 0.2234375 0.025 0.040625
0 0.24765625 0.15 0.0203125 0.02578125
0 0.165625 0.0484375 0.0140625 0.02109375
0 0.56328125 0.03046875 0.015625 0.01953125
0 0.5515625 0.25390625 0.03125 0.046875
0 0.00859375 0.1890625 0.0171875 0.03125
0 0.3609375 0.15546875 0.0171875 0.0296875
0 0.6421875 0.05703125 0.015625 0.0234375
0 0.2125 0.2390625 0.02421875 0.0328125
0 0.18125 0.0140625 0.0125 0.02109375
0 0.6515625 0.0859375 0.01875 0.02890625
0 0.27578125 0.09375 0.01640625 0.02578125
0 0.7765625 0.0609375 0.0171875 0.02578125
0 0.56796875 0.10546875 0.01484375 0.02578125
0 0.2078125 0.38125 0.02734375 0.04296875
0 0.0265625 0.34375 0.0390625 0.04921875
0 0.08203125 0.15546875 0.021875 0.0296875
0 0.7453125 0.04375 0.01484375 0.025
0 0.21796875 0.1375 0.0171875 0.025
0 0.4859375 0.2515625 0.021875 0.0390625
0 0.5546875 0.00625 0.015625 0.0125
0 0.29609375 0.03046875 0.0125 0.01953125
0 0.11015625 0.0421875 0.015625 0.01953125
0 0.6046875 0.03046875 0.015625 0.025
0 0.14453125 0.0328125 0.0140625 0.01796875
0 0.384375 0.08828125 0.015625 0.02109375
0 0.0796875 0.01796875 0.0140625 0.01796875
0 0.621875 0.07890625 0.01484375 0.021875
0 0.97421875 0.0265625 0.01875 0.021875
0 0.62578125 0.0171875 0.0140625 0.01953125
0 0.803125 0.00859375 0.01484375 0.0171875
0 0.103125 0.1203125 0.0171875 0.025
0 0.5328125 0.0578125 0.01484375 0.021875
0 0.1625 0.1203125 0.01875 0.025
0 0.03203125 0.928125 0.0640625 0.1328125
0 0.8953125 0.02421875 0.015625 0.025
0 0.734375 0.01328125 0.015625 0.0234375
0 0.02109375 0.0296875 0.01484375 0.01953125
0 0.0328125 0.57265625 0.059375 0.08046875
0 0.5296875 0.0140625 0.0140625 0.02109375
0 0.653125 0.01015625 0.015625 0.0203125
0 0.26796875 0.0203125 0.0125 0.01953125
0 0.39453125 0.0171875 0.0140625 0.01796875
0 0.134375 0.01796875 0.0125 0.01796875
0 0.76796875 0.00625 0.01484375 0.01171875
0 0.71015625 0.24453125 0.028125 0.04453125
0 0.9296875 0.00625 0.015625 0.0125
0 0.325 0.021875 0.0125 0.02109375
0 0.71640625 0.00625 0.0140625 0.0125
0 0.05546875 0.09375 0.01640625 0.02578125
0 0.046875 0.03046875 0.0140625 0.01953125
0 0.51484375 0.01171875 0.0140625 0.0234375
0 0.23671875 0.0109375 0.0125 0.0171875
0 0.08671875 0.08203125 0.01640625 0.0234375
0 0.12109375 0.00625 0.0140625 0.0125
0 0.08671875 0.1234375 0.01875 0.0234375
0 0.3515625 0.01796875 0.0140625 0.01796875
0 0.28046875 0.0265625 0.0140625 0.01953125
0 0.99375 0.11640625 0.009375 0.0296875
0 0.36484375 0.0171875 0.0125 0.01796875
0 0.03515625 0.0421875 0.0140625 0.021875
0 0.37890625 0.00546875 0.01171875 0.01015625
0 0.70703125 0.01953125 0.015625 0.02109375
0 0.703125 0.0484375 0.01953125 0.0296875
0 0.60625 0.00625 0.01484375 0.01171875
0 0.25625 0.00625 0.0125 0.0125
0 0.10234375 0.01796875 0.01171875 0.01796875
0 0.6875 0.009375 0.015625 0.01875
0 0.85625 0.0234375 0.01484375 0.02109375
0 0.65703125 0.17890625 0.01875 0.02734375
0 0.3359375 0.046875 0.0140625 0.02109375
0 0.2140625 0.03125 0.0125 0.02109375
0 0.49296875 0.00625 0.0140625 0.01171875
0 0.2046875 0.00703125 0.01171875 0.0140625
0 0.06875 0.0359375 0.0125 0.0171875
0 0.1625 0.0109375 0.01171875 0.0171875
0 0.58046875 0.00546875 0.0125 0.01015625
0 0.4140625 0.0171875 0.0140625 0.02109375
0 0.75390625 0.00546875 0.0140625 0.01015625
0 0.45234375 0.00625 0.0125 0.01171875
0 0.15703125 0.0296875 0.01171875 0.01796875
0 0.0578125 0.0171875 0.0140625 0.01953125
0 0.9859375 0.009375 0.015625 0.01875
0 0.14375 0.05703125 0.01484375 0.0234375
0 0.859375 0.00625 0.015625 0.0125
0 0.240625 0.2609375 0.02421875 0.03515625
0 0.21875 0.00625 0.0125 0.0125
0 0.1796875 0.065625 0.015625 0.021875
0 0.4328125 0.00625 0.01171875 0.01171875
0 0.4421875 0.071875 0.01640625 0.0296875
0 0.728125 0.053125 0.0171875 0.0234375
0 0.903125 0.00546875 0.01484375 0.01015625
0 0.7578125 0.01875 0.015625 0.01953125
0 0.54375 0.13828125 0.0171875 0.02890625
0 0.5578125 0.05546875 0.01484375 0.025
0 0.06328125 0.05546875 0.01484375 0.025
0 0.790625 0.0359375 0.015625 0.025
0 0.2359375 0.0546875 0.0140625 0.0234375
0 0.8953125 0.16953125 0.028125 0.0390625
0 0.00703125 0.05390625 0.0140625 0.021875
0 0.0375 0.5140625 0.03203125 0.03671875
0 0.2921875 0.00625 0.009375 0.01171875
0 0.7859375 0.0078125 0.0140625 0.015625
0 0.4328125 0.0453125 0.0125 0.01953125
0 0.32734375 0.00546875 0.01171875 0.01015625
0 0.76640625 0.5703125 0.01484375 0.02109375
0 0.00859375 0.11640625 0.01484375 0.025