1 0.75 0.86015625 0.19140625 0.2703125
1 0.3578125 0.82265625 0.1015625 0.17890625
1 0.15625 0.7421875 0.08984375 0.1484375
1 0.6296875 0.62890625 0.0390625 0.08046875
1 0.26640625 0.7125 0.06875 0.10546875
1 0.55 0.703125 0.0828125 0.13203125
1 0.22734375 0.81953125 0.096875 0.15
1 0.853125 0.6890625 0.0875 0.13515625
1 0.76328125 0.5234375 0.034375 0.06328125
1 0.471875 0.71953125 0.05625 0.09140625
1 0.41171875 0.940625 0.12578125 0.11328125
1 0.43515625 0.675 0.0734375 0.10703125
1 0.72578125 0.69765625 0.10234375 0.10546875
1 0.5875 0.49609375 0.0203125 0.03828125
1 0.696875 0.58203125 0.034375 0.06015625
1 0.3390625 0.86328125 0.14453125 0.2640625
1 0.67109375 0.69609375 0.071875 0.13515625
1 0.96015625 0.659375 0.06640625 0.1234375
1 0.56171875 0.81328125 0.20234375 0.3609375
1 0.4828125 0.5875 0.02734375 0.04140625
1 0.5859375 0.5484375 0.0546875 0.1421875
1 0.959375 0.5671875 0.0578125 0.09140625
1 0.365625 0.6046875 0.0234375 0.03515625
1 0.3140625 0.68125 0.03828125 0.05859375
1 0.0328125 0.80703125 0.0640625 0.11328125
1 0.22109375 0.86875 0.12421875 0.25078125
1 0.11640625 0.93515625 0.0984375 0.1203125
1 0.48984375 0.77578125 0.065625 0.0984375
1 0.3953125 0.51796875 0.0171875 0.03046875
1 0.11484375 0.83046875 0.17265625 0.32421875
1 0.7609375 0.55625 0.07734375 0.12890625
1 0.86328125 0.5734375 0.0453125 0.078125
1 0.703125 0.60078125 0.0640625 0.09375
1 0.28359375 0.6109375 0.02421875 0.03203125
1 0.39140625 0.7 0.05078125 0.071875
1 0.53984375 0.56328125 0.02265625 0.03671875
1 0.5625 0.63125 0.046875 0.05859375
1 0.63828125 0.54609375 0.0265625 0.04140625
1 0.48203125 0.6421875 0.0421875 0.08359375
1 0.04765625 0.66640625 0.040625 0.0671875
1 0.6609375 0.55390625 0.025 0.04140625
1 0.51484375 0.57265625 0.01953125 0.03203125
1 0.36015625 0.5734375 0.01953125 0.03046875
1 0.94296875 0.7296875 0.10625 0.2671875
1 0.759375 0.64296875 0.059375 0.0703125
1 0.39921875 0.56953125 0.0390625 0.13515625
1 0.82578125 0.59921875 0.04765625 0.0703125
1 0.43828125 0.5609375 0.0203125 0.03203125
1 0.2875 0.56484375 0.0171875 0.021875
1 0.25703125 0.57265625 0.0203125 0.03203125
1 0.234375 0.56328125 0.0171875 0.03046875
1 0.49921875 0.72421875 0.99296875 0.534375
1 0.62421875 0.64765625 0.05390625 0.1171875
1 0.3328125 0.671875 0.03203125 0.06015625
1 0.27578125 0.790625 0.090625 0.265625
1 0.69609375 0.50859375 0.015625 0.021875
1 0.46796875 0.5625 0.0203125 0.0296875
1 0.7859375 0.609375 0.0390625 0.053125
1 0.3953125 0.5234375 0.0140625 0.01875
1 0.43515625 0.725 0.07734375 0.20390625
1 0.0328125 0.72265625 0.05546875 0.0671875
1 0.540625 0.5390625 0.0203125 0.0265625
1 0.45625 0.7828125 0.08671875 0.2203125
1 0.4359375 0.521875 0.02265625 0.03046875
1 0.69765625 0.525 0.03203125 0.0546875
1 0.8140625 0.53984375 0.0328125 0.04296875
1 0.846875 0.52265625 0.025 0.03515625
1 0.43203125 0.521875 0.01484375 0.021875
1 0.47109375 0.5296875 0.01484375 0.021875
1 0.9328125 0.51640625 0.0359375 0.0546875
1 0.8171875 0.48125 0.0234375 0.03359375
1 0.44453125 0.5421875 0.01953125 0.0265625
1 0.259375 0.54921875 0.01484375 0.0203125
1 0.52265625 0.5328125 0.01875 0.03515625
1 0.32734375 0.5921875 0.03125 0.08359375
1 0.2546875 0.60390625 0.0359375 0.0921875
1 0.67265625 0.51640625 0.02421875 0.03671875
1 0.79765625 0.67578125 0.04375 0.0765625
1 0.02109375 0.58828125 0.02265625 0.03359375
1 0.0171875 0.9234375 0.034375 0.14375
1 0.32734375 0.56015625 0.01484375 0.01875
1 0.86875 0.80703125 0.1234375 0.371875
1 0.21484375 0.61015625 0.0234375 0.03984375
1 0.28671875 0.57109375 0.02265625 0.03515625
1 0.42734375 0.6984375 0.0359375 0.0546875
1 0.321875 0.70703125 0.05625 0.11015625
1 0.39609375 0.65234375 0.03984375 0.0453125
1 0.81953125 0.515625 0.0296875 0.03515625
1 0.51640625 0.60078125 0.0328125 0.08515625
1 0.36015625 0.621875 0.0375 0.06875
1 0.3953125 0.51953125 0.0265625 0.04375
1 0.4421875 0.6546875 0.05625 0.06484375
1 0.28359375 0.6265625 0.03984375 0.06328125