0 0.7296875 0.68125 0.01484375 0.04296875
0 0.95234375 0.65703125 0.01484375 0.0375
0 0.89296875 0.71875 0.01484375 0.0484375
0 0.75390625 0.640625 0.0140625 0.0375
0 0.7671875 0.878125 0.0140625 0.0375
0 0.93125 0.8984375 0.0125 0.040625
0 0.646875 0.9171875 0.01484375 0.040625
0 0.65546875 0.609375 0.0125 0.040625
0 0.5390625 0.8984375 0.015625 0.040625
0 0.8671875 0.72734375 0.015625 0.05390625
0 0.67109375 0.428125 0.0125 0.0296875
0 0.54765625 0.959375 0.021875 0.0375
0 0.7296875 0.859375 0.015625 0.04296875
0 0.0296875 0.890625 0.01484375 0.040625
0 0.82734375 0.621875 0.015625 0.0375
0 0.20625 0.9578125 0.01484375 0.040625
0 0.8421875 0.81640625 0.01484375 0.04296875
0 0.77265625 0.4375 0.0140625 0.021875
0 0.91484375 0.9078125 0.01484375 0.0375
0 0.53359375 0.68515625 0.01484375 0.03515625
0 0.9734375 0.6484375 0.01484375 0.0375
0 0.8859375 0.9 0.01484375 0.0375
0 0.84609375 0.9390625 0.01484375 0.0515625
0 0.3140625 0.859375 0.01484375 0.0484375
0 0.98671875 0.98671875 0.01875 0.021875
0 0.86953125 0.8890625 0.01484375 0.0484375
0 0.8875 0.9484375 0.0171875 0.0484375
0 0.3703125 0.98671875 0.01953125 0.021875
0 0.80234375 0.5625 0.01484375 0.0328125
0 0.75390625 0.5671875 0.0140625 0.0375
0 0.76796875 0.6984375 0.01484375 0.040625
0 0.9046875 0.83515625 0.015625 0.0484375
0 0.82734375 0.98125 0.0171875 0.0328125
0 0.39765625 0.98515625 0.02265625 0.02421875
0 0.1828125 0.8484375 0.0140625 0.0375
0 0.89453125 0.40546875 0.009375 0.021875
0 0.4921875 0.828125 0.0140625 0.0296875
0 0.6203125 0.6890625 0.01171875 0.0484375
0 0.35625 0.9296875 0.01484375 0.04296875
0 0.6484375 0.859375 0.015625 0.0375
0 0.4671875 0.6015625 0.0125 0.0296875
0 0.5328125 0.3375 0.0109375 0.021875
0 0.73046875 0.9203125 0.0140625 0.040625
0 0.32109375 0.65546875 0.01171875 0.0296875
0 0.590625 0.828125 0.0125 0.0296875
0 0.09453125 0.8671875 0.01484375 0.0375
0 0.61171875 0.9171875 0.01484375 0.040625
0 0.665625 0.959375 0.0171875 0.0484375
0 0.79375 0.86875 0.0140625 0.040625
0 0.6171875 0.9625 0.0140625 0.04296875
0 0.6796875 0.2984375 0.01171875 0.01875
0 0.94140625 0.6078125 0.0140625 0.0375
0 0.4765625 0.8875 0.015625 0.040625
0 0.81875 0.66875 0.0109375 0.040625
0 0.91171875 0.6984375 0.01484375 0.040625
0 0.38046875 0.840625 0.0125 0.0375
0 0.80078125 0.6875 0.015625 0.040625
0 0.34296875 0.65703125 0.0125 0.0328125
0 0.021875 0.84765625 0.01484375 0.040625
0 0.09453125 0.790625 0.0125 0.0296875
0 0.796875 0.428125 0.01171875 0.0296875
0 0.3296875 0.75703125 0.0140625 0.0375
0 0.6671875 0.67734375 0.015625 0.040625
0 0.7421875 0.4296875 0.0140625 0.021875
0 0.7640625 0.9375 0.01484375 0.04296875
0 0.63125 0.86875 0.0125 0.040625
0 0.52265625 0.8171875 0.0140625 0.04609375
0 0.51796875 0.9609375 0.01640625 0.040625
0 0.2296875 0.8203125 0.01484375 0.0515625
0 0.190625 0.9796875 0.0171875 0.03515625
0 0.95390625 0.93125 0.015625 0.0515625
0 0.45390625 0.83515625 0.015625 0.0328125
0 0.57421875 0.5125 0.0140625 0.0296875
0 0.4546875 0.88515625 0.01171875 0.040625
0 0.06171875 0.9578125 0.01875 0.0515625
0 0.8421875 0.70703125 0.015625 0.0515625
0 0.58671875 0.69609375 0.01484375 0.03515625
0 0.56171875 0.88125 0.0140625 0.0328125
0 0.8671875 0.9484375 0.015625 0.0484375
0 0.70234375 0.41875 0.01171875 0.02734375
0 0.69765625 0.95703125 0.01484375 0.04296875
0 0.5234375 0.8890625 0.0140625 0.04296875
0 0.07734375 0.459375 0.0140625 0.02734375
0 0.67109375 0.9171875 0.0125 0.040625
0 0.32890625 0.9109375 0.01484375 0.0375
0 0.42265625 0.7171875 0.015625 0.040625
0 0.90703125 0.58125 0.0140625 0.0375
0 0.7875 0.978125 0.01640625 0.0375
0 0.03203125 0.5703125 0.0140625 0.0375
0 0.7015625 0.85546875 0.01484375 0.040625
0 0.471875 0.70703125 0.0125 0.03515625
0 0.40546875 0.88125 0.0125 0.0328125
0 0.7109375 0.628125 0.015625 0.040625
0 0.40859375 0.7921875 0.01875 0.0484375
0 0.7015625 0.378125 0.0140625 0.021875
0 0.6328125 0.6890625 0.0140625 0.0484375
0 0.8078125 0.97578125 0.0140625 0.04296875
0 0.253125 0.41640625 0.0109375 0.021875
0 0.57734375 0.7390625 0.015625 0.040625
0 0.821875 0.8625 0.01484375 0.04296875
0 0.9078125 0.3390625 0.0109375 0.01875
0 0.73359375 0.7390625 0.01640625 0.05703125
0 0.50703125 0.5390625 0.01171875 0.0296875
0 0.2859375 0.709375 0.0140625 0.0296875
0 0.08046875 0.5796875 0.0125 0.0296875
0 0.3140625 0.71640625 0.01484375 0.0328125
0 0.8453125 0.64609375 0.01484375 0.0375
0 0.92734375 0.69609375 0.01484375 0.040625
0 0.684375 0.7 0.0125 0.04296875
0 0.98359375 0.40703125 0.01171875 0.01875
0 0.7765625 0.828125 0.01484375 0.0515625
0 0.54921875 0.8390625 0.01484375 0.040625
0 0.796875 0.91640625 0.0140625 0.0484375
0 0.596875 0.959375 0.01484375 0.04296875
0 0.70859375 0.2921875 0.0109375 0.021875
0 0.6140625 0.8609375 0.01484375 0.03515625
0 0.653125 0.38125 0.0125 0.021875
0 0.6375 0.61875 0.0125 0.0328125
0 0.478125 0.3296875 0.01171875 0.021875
0 0.35859375 0.62578125 0.0125 0.0296875
0 0.50078125 0.9015625 0.015625 0.05703125
0 0.3734375 0.8703125 0.01484375 0.0375
0 0.103125 0.9203125 0.0171875 0.0515625
0 0.8734375 0.540625 0.015625 0.0375
0 0.43828125 0.88125 0.01484375 0.0328125
0 0.078125 0.71640625 0.01171875 0.0328125
0 0.30546875 0.590625 0.0125 0.0296875
0 0.334375 0.790625 0.01484375 0.040625
0 0.8703125 0.65 0.0140625 0.040625
0 0.6859375 0.859375 0.0140625 0.0375
0 0.96953125 0.3921875 0.0109375 0.021875
0 0.19140625 0.69765625 0.0140625 0.0375
0 0.68828125 0.8984375 0.01640625 0.0515625
0 0.40703125 0.540625 0.0125 0.021875
0 0.5921875 0.90703125 0.01484375 0.040625
0 0.41953125 0.4078125 0.0109375 0.021875
0 0.54375 0.46875 0.0109375 0.0296875
0 0.1453125 0.421875 0.01171875 0.021875
0 0.6828125 0.97578125 0.01640625 0.04296875
0 0.16171875 0.7671875 0.0125 0.0375
0 0.11484375 0.6875 0.01484375 0.040625
0 0.021875 0.9578125 0.01875 0.040625
0 0.84921875 0.8796875 0.01484375 0.040625
0 0.48125 0.20703125 0.0109375 0.01875
0 0.9203125 0.521875 0.0140625 0.0328125
0 0.60625 0.55 0.0140625 0.03515625
0 0.9578125 0.98515625 0.015625 0.02421875
0 0.56484375 0.93515625 0.01484375 0.0484375
0 0.2 0.7671875 0.01484375 0.04296875
0 0.3734375 0.94765625 0.01875 0.04609375
0 0.3078125 0.7484375 0.0140625 0.0375
0 0.1234375 0.971875 0.015625 0.04609375
0 0.73359375 0.9703125 0.01640625 0.0484375
0 0.065625 0.68515625 0.0125 0.040625
0 0.57734375 0.40546875 0.0109375 0.021875
0 0.3078125 0.3515625 0.0109375 0.021875
0 0.86875 0.590625 0.0125 0.03515625
0 0.49453125 0.67734375 0.01484375 0.040625
0 0.26484375 0.6890625 0.01484375 0.0375
0 0.25390625 0.45546875 0.01171875 0.02421875
0 0.7046875 0.3515625 0.01171875 0.021875
0 0.63125 0.528125 0.0125 0.0296875
0 0.23671875 0.7703125 0.01484375 0.0375
0 0.93828125 0.959375 0.01640625 0.04296875
0 0.44375 0.9484375 0.0125 0.0484375
0 0.3328125 0.5078125 0.01171875 0.021875
0 0.74453125 0.87734375 0.01484375 0.040625
0 0.33828125 0.859375 0.01484375 0.0375
0 0.415625 0.9109375 0.01484375 0.0375
0 0.3390625 0.959375 0.01640625 0.04296875
0 0.69609375 0.45703125 0.01171875 0.021875
0 0.46796875 0.978125 0.0171875 0.0375
0 0.14296875 0.671875 0.0125 0.040625
0 0.3109375 0.9296875 0.0125 0.0328125
0 0.284375 0.9171875 0.01484375 0.040625
0 0.97578125 0.9203125 0.0171875 0.05703125
0 0.3578125 0.88125 0.015625 0.04296875
0 0.4390625 0.5421875 0.0140625 0.03515625
0 0.771875 0.55703125 0.0125 0.0375
0 0.39296875 0.75 0.0109375 0.03515625
0 0.85625 0.5171875 0.01171875 0.0296875
0 0.84609375 0.4671875 0.0125 0.02734375
0 0.47109375 0.7984375 0.01484375 0.040625
0 0.28203125 0.8578125 0.01484375 0.0296875
0 0.7796875 0.9171875 0.015625 0.04609375
0 0.7140625 0.93125 0.015625 0.04609375
0 0.56328125 0.53515625 0.0109375 0.02734375
0 0.24375 0.88125 0.0125 0.04296875
0 0.2453125 0.959375 0.015625 0.0375
0 0.71640625 0.5703125 0.01484375 0.05390625
0 0.91875 0.9484375 0.01484375 0.0484375
0 0.94140625 0.378125 0.01171875 0.021875
0 0.89609375 0.4703125 0.0125 0.021875
0 0.31796875 0.33125 0.0109375 0.01875
0 0.91796875 0.6484375 0.0140625 0.0375
0 0.9890625 0.53515625 0.0140625 0.02734375
0 0.3578125 0.44609375 0.009375 0.021875
0 0.478125 0.84765625 0.0140625 0.03515625
0 0.06640625 0.88515625 0.0140625 0.040625
0 0.79375 0.6078125 0.0140625 0.0484375
0 0.17109375 0.8203125 0.0125 0.040625
0 0.103125 0.3796875 0.01171875 0.01875
0 0.321875 0.9625 0.01484375 0.0375
0 0.54453125 0.271875 0.0109375 0.01875
0 0.959375 0.5875 0.0125 0.0296875
0 0.696875 0.6703125 0.0125 0.04296875
0 0.4328125 0.31875 0.0109375 0.021875
0 0.38203125 0.73125 0.0140625 0.040625
0 0.2828125 0.4921875 0.0109375 0.02734375
0 0.4046875 0.4921875 0.0125 0.02734375
0 0.603125 0.3796875 0.0125 0.02421875
0 0.63984375 0.3703125 0.0109375 0.021875
0 0.83046875 0.428125 0.0109375 0.0296875
0 0.278125 0.5890625 0.0140625 0.02734375
0 0.29375 0.40546875 0.0109375 0.021875
0 0.54609375 0.5 0.01171875 0.02734375
0 0.0296875 0.41640625 0.0109375 0.021875
0 0.134375 0.5421875 0.01171875 0.0296875
0 0.6078125 0.3078125 0.0109375 0.021875
0 0.22578125 0.490625 0.0140625 0.0296875
0 0.95234375 0.39609375 0.0109375 0.01875
0 0.04375 0.640625 0.0109375 0.021875
0 0.265625 0.55703125 0.01171875 0.02734375
0 0.5640625 0.83515625 0.0140625 0.0328125
0 0.75390625 0.4078125 0.01171875 0.021875
0 0.76796875 0.2203125 0.00859375 0.01875
0 0.29375 0.6625 0.0125 0.0328125
0 0.08046875 0.93671875 0.01484375 0.040625
0 0.6375 0.4875 0.0109375 0.0296875
0 0.3609375 0.7625 0.0140625 0.04296875
0 0.946875 0.8796875 0.015625 0.040625
0 0.64453125 0.31640625 0.009375 0.021875
0 0.75625 0.821875 0.0125 0.04296875
0 0.92265625 0.76640625 0.0140625 0.04609375
0 0.13359375 0.7875 0.0140625 0.040625
0 0.38046875 0.6625 0.0125 0.0484375
0 0.19765625 0.8296875 0.01484375 0.0484375
0 0.884375 0.6515625 0.01484375 0.0375
0 0.4046875 0.6984375 0.0140625 0.040625
0 0.296875 0.5171875 0.01171875 0.0296875
0 0.09765625 0.671875 0.0140625 0.03515625
0 0.74140625 0.30546875 0.009375 0.01640625
0 0.26171875 0.65 0.0140625 0.0296875
0 0.11796875 0.39765625 0.0140625 0.021875
0 0.41875 0.6671875 0.0140625 0.0375
0 0.9671875 0.6171875 0.0140625 0.0296875
0 0.5453125 0.1171875 0.009375 0.01328125
0 0.603125 0.1921875 0.00859375 0.01640625
0 0.978125 0.3421875 0.0109375 0.01875
0 0.55390625 0.33125 0.009375 0.02421875
0 0.51796875 0.56875 0.0125 0.0296875
0 0.4125 0.5671875 0.01171875 0.0328125
0 0.665625 0.55546875 0.01484375 0.040625
0 0.37734375 0.4296875 0.0125 0.021875
0 0.053125 0.840625 0.01484375 0.05390625
0 0.9671875 0.69765625 0.01484375 0.04296875
0 0.31484375 0.53671875 0.0125 0.0296875
0 0.58515625 0.8609375 0.0140625 0.040625
0 0.4546875 0.16640625 0.0109375 0.01875
0 0.9578125 0.2671875 0.009375 0.01640625
0 0.25390625 0.578125 0.01171875 0.02734375
0 0.51484375 0.678125 0.01484375 0.0375
0 0.8765625 0.50546875 0.0140625 0.0328125
0 0.6234375 0.63671875 0.0140625 0.03515625
0 0.71875 0.4796875 0.0140625 0.0296875
0 0.38359375 0.90703125 0.01484375 0.040625
0 0.0609375 0.5578125 0.0125 0.0296875
0 0.934375 0.5 0.0140625 0.02734375
0 0.4640625 0.44765625 0.01171875 0.02421875
0 0.2171875 0.4171875 0.01171875 0.02421875
0 0.2078125 0.5515625 0.01171875 0.02734375
0 0.89140625 0.33125 0.009375 0.01875
0 0.465625 0.3296875 0.0125 0.021875
0 0.296875 0.43125 0.01171875 0.02421875
0 0.9796875 0.3171875 0.0109375 0.01875
0 0.60625 0.51640625 0.01171875 0.02734375
0 0.6953125 0.5703125 0.0140625 0.0375
0 0.45546875 0.3015625 0.0109375 0.01875
0 0.1578125 0.5375 0.0109375 0.021875
0 0.9015625 0.6375 0.015625 0.0375
0 0.7796875 0.640625 0.0140625 0.0375
0 0.00625 0.91640625 0.0125 0.02734375
0 0.83515625 0.578125 0.01484375 0.0375
0 0.26484375 0.4125 0.01171875 0.01875
0 0.31875 0.48515625 0.0109375 0.02421875
0 0.51796875 0.378125 0.0109375 0.021875
0 0.559375 0.571875 0.0140625 0.03515625
0 0.728125 0.81640625 0.01484375 0.0328125
0 0.15546875 0.5625 0.0125 0.0328125
0 0.04375 0.55 0.01171875 0.0296875
0 0.2265625 0.5703125 0.015625 0.0328125
0 0.98125 0.7796875 0.01484375 0.04609375
0 0.53203125 0.1078125 0.00859375 0.01640625
0 0.7828125 0.34609375 0.0109375 0.021875
0 0.68125 0.6390625 0.0140625 0.040625
0 0.3953125 0.428125 0.009375 0.01875
0 0.5375 0.8109375 0.01171875 0.0328125
0 0.26640625 0.3421875 0.009375 0.01875
0 0.45546875 0.2203125 0.00859375 0.01875
0 0.0453125 0.7875 0.015625 0.04609375