0 0.07734375 0.178125 0.0296875 0.04453125
0 0.50390625 0.08671875 0.021875 0.0328125
0 0.55859375 0.2953125 0.03125 0.04296875
0 0.39296875 0.0796875 0.02265625 0.0328125
0 0.44296875 0.228125 0.0265625 0.0375
0 0.44453125 0.0953125 0.0234375 0.03359375
0 0.6203125 0.06875 0.01953125 0.0328125
0 0.5296875 0.3546875 0.03515625 0.0484375
0 0.225 0.01484375 0.02265625 0.0296875
0 0.5765625 0.47421875 0.0421875 0.0546875
0 0.0109375 0.18125 0.021875 0.04921875
0 0.1859375 0.0296875 0.021875 0.03125
0 0.91484375 0.86796875 0.06953125 0.0953125
0 0.696875 0.0265625 0.0203125 0.0296875
0 0.5015625 0.56875 0.0390625 0.06015625
0 0.9578125 0.5484375 0.046875 0.0625
0 0.5375 0.096875 0.0203125 0.03515625
0 0.5125 0.51796875 0.03046875 0.03125
0 0.909375 0.2390625 0.01484375 0.021875
0 0.41171875 0.225 0.02421875 0.0375
0 0.959375 0.225 0.01484375 0.01953125
0 0.83125 0.23125 0.01171875 0.0140625
0 0.853125 0.109375 0.01484375 0.02109375
0 0.88125 0.31796875 0.0125 0.01328125
0 0.47265625 0.5453125 0.0171875 0.025