0 0.90703125 0.05625 0.01484375 0.01953125
0 0.41484375 0.2859375 0.02421875 0.0375
0 0.4359375 0.2484375 0.021875 0.0328125
0 0.3859375 0.26171875 0.0203125 0.03671875
0 0.3796875 0.37421875 0.0234375 0.0375
0 0.5140625 0.2796875 0.021875 0.03671875
0 0.4734375 0.2890625 0.02265625 0.0390625
0 0.2734375 0.575 0.0453125 0.07421875
0 0.3109375 0.1859375 0.01875 0.02890625
0 0.8171875 0.5359375 0.04609375 0.0640625
0 0.1171875 0.30546875 0.025 0.0375
0 0.2453125 0.27265625 0.025 0.04296875
0 0.45390625 0.33046875 0.0265625 0.04453125
0 0.25703125 0.14453125 0.01484375 0.0234375
0 0.93828125 0.115625 0.01953125 0.03125
0 0.846875 0.17265625 0.02265625 0.0296875
0 0.83359375 0.05546875 0.01484375 0.01953125
0 0.046875 0.19140625 0.0171875 0.02890625
0 0.2796875 0.2875 0.0265625 0.0375
0 0.63984375 0.27421875 0.025 0.0375
0 0.11796875 0.3796875 0.0375 0.040625
0 0.67109375 0.1203125 0.01875 0.021875
0 0.8546875 0.0125 0.0140625 0.01953125
0 0.8828125 0.04375 0.015625 0.025
0 0.28046875 0.2359375 0.02421875 0.03515625
0 0.73125 0.1859375 0.02265625 0.03125
0 0.4171875 0.1109375 0.015625 0.01953125
0 0.2765625 0.5015625 0.03984375 0.04921875
0 0.03046875 0.23671875 0.02421875 0.03125
0 0.34453125 0.1390625 0.01484375 0.02109375
0 0.80234375 0.19921875 0.02421875 0.03671875
0 0.14765625 0.82421875 0.059375 0.08828125
0 0.18828125 0.2328125 0.021875 0.0328125
0 0.21640625 0.13515625 0.01484375 0.02109375
0 0.040625 0.59921875 0.059375 0.07578125
0 0.234375 0.3984375 0.03515625 0.04921875
0 0.1890625 0.37421875 0.0328125 0.0375
0 0.040625 0.16015625 0.0140625 0.02109375
0 0.95234375 0.04296875 0.015625 0.02578125
0 0.33046875 0.20390625 0.01875 0.02734375
0 0.60625 0.1140625 0.015625 0.021875
0 0.32734375 0.31171875 0.0265625 0.0375
0 0.37265625 0.2125 0.0203125 0.03515625
0 0.3296875 0.25546875 0.02734375 0.03671875
0 0.89609375 0.0171875 0.01484375 0.01953125
0 0.7625 0.23203125 0.02265625 0.03671875
0 0.53515625 0.11875 0.0140625 0.021875
0 0.24765625 0.20546875 0.0203125 0.03125
0 0.425 0.19765625 0.0171875 0.02890625
0 0.0484375 0.4 0.0328125 0.04921875
0 0.565625 0.37578125 0.03046875 0.0484375
0 0.15703125 0.2109375 0.0171875 0.0234375
0 0.09609375 0.1296875 0.0125 0.01953125
0 0.89765625 0.1234375 0.0171875 0.02890625
0 0.62890625 0.1390625 0.0171875 0.025
0 0.0765625 0.27578125 0.0234375 0.03125
0 0.8421875 0.3375 0.03125 0.0484375
0 0.39765625 0.1984375 0.01640625 0.0296875
0 0.20546875 0.19375 0.01875 0.025
0 0.4359375 0.76640625 0.09765625 0.13125
0 0.93828125 0.0625 0.01640625 0.0234375
0 0.01484375 0.49765625 0.0296875 0.0578125
0 0.075 0.18203125 0.0171875 0.02578125
0 0.9921875 0.06875 0.0140625 0.025
0 0.36875 0.0890625 0.0125 0.01953125
0 0.6140625 0.04140625 0.01171875 0.01796875
0 0.3078125 0.09453125 0.0125 0.01953125
0 0.3203125 0.0703125 0.0140625 0.02109375
0 0.25390625 0.1796875 0.0171875 0.0234375
0 0.27421875 0.128125 0.01484375 0.021875
0 0.334375 0.0875 0.0125 0.01953125
0 0.671875 0.05625 0.0140625 0.01796875
0 0.465625 0.06796875 0.0125 0.01796875
0 0.28359375 0.1546875 0.01484375 0.0234375
0 0.1125 0.1140625 0.0140625 0.01953125
0 0.27265625 0.17578125 0.0171875 0.02578125
0 0.3859375 0.14921875 0.0171875 0.0296875
0 0.490625 0.1046875 0.0125 0.01953125
0 0.2171875 0.10546875 0.01171875 0.01796875
0 0.3015625 0.1234375 0.0140625 0.02109375
0 0.95390625 0.15625 0.0203125 0.03125
0 0.00625 0.18203125 0.01171875 0.02578125
0 0.5953125 0.07890625 0.0140625 0.01953125
0 0.0546875 0.1078125 0.0140625 0.01953125
0 0.40703125 0.134375 0.015625 0.025
0 0.175 0.11875 0.0140625 0.01953125
0 0.28203125 0.103125 0.0125 0.01953125
0 0.78203125 0.025 0.0140625 0.01796875
0 0.0609375 0.1484375 0.01484375 0.02109375
0 0.128125 0.109375 0.0140625 0.01796875
0 0.45 0.1234375 0.01484375 0.021875
0 0.11171875 0.18515625 0.01640625 0.0234375
0 0.23125 0.0453125 0.0109375 0.0140625
0 0.103125 0.484375 0.04375 0.0546875
0 0.1203125 0.240625 0.021875 0.02578125
0 0.665625 0.0171875 0.01171875 0.01796875
0 0.19296875 0.1296875 0.01484375 0.025
0 0.628125 0.0171875 0.0109375 0.01796875
0 0.22265625 0.21875 0.021875 0.03125
0 0.528125 0.06640625 0.0125 0.02109375
0 0.25625 0.08046875 0.0125 0.01796875
0 0.41875 0.225 0.01875 0.03125
0 0.40390625 0.040625 0.0109375 0.0140625
0 0.38359375 0.03203125 0.01171875 0.0171875
0 0.0546875 0.0796875 0.01171875 0.0140625
0 0.01796875 0.13125 0.0125 0.01953125
0 0.83203125 0.0125 0.0140625 0.01953125
0 0.01875 0.10546875 0.0140625 0.01796875
0 0.19375 0.096875 0.0125 0.0171875
0 0.15703125 0.48515625 0.04296875 0.0640625
0 0.13203125 0.0875 0.01171875 0.0140625
0 0.20234375 0.0703125 0.0109375 0.015625
0 0.28203125 0.05546875 0.0109375 0.0140625
0 0.25859375 0.0546875 0.01171875 0.015625
0 0.13203125 0.06796875 0.009375 0.01328125
0 0.8703125 0.0109375 0.0140625 0.01953125
0 0.1515625 0.1625 0.015625 0.02109375
0 0.43984375 0.05625 0.0125 0.01796875
0 0.29375 0.0171875 0.0078125 0.01328125
0 0.18046875 0.0765625 0.0109375 0.015625
0 0.11796875 0.0765625 0.0109375 0.015625
0 0.35625 0.04375 0.009375 0.0140625
0 0.58046875 0.01953125 0.0109375 0.015625
0 0.50703125 0.0453125 0.01171875 0.0171875
0 0.0859375 0.43828125 0.03515625 0.040625
0 0.75078125 0.03046875 0.01171875 0.01953125
0 0.0046875 0.11875 0.009375 0.01953125
0 0.25234375 0.115625 0.0125 0.01796875
0 0.0171875 0.165625 0.01484375 0.021875
0 0.55390625 0.08828125 0.01484375 0.02109375
0 0.24453125 0.0390625 0.0109375 0.015625
0 0.978125 0.02578125 0.0140625 0.02109375
0 0.00390625 0.09765625 0.0078125 0.01796875
0 0.1453125 0.115625 0.0140625 0.02109375
0 0.515625 0.09296875 0.0140625 0.01953125
0 0.65546875 0.00625 0.0140625 0.01171875
0 0.54609375 0.0171875 0.01171875 0.0140625
0 0.1671875 0.09765625 0.0140625 0.01796875
0 0.165625 0.06875 0.009375 0.01328125
0 0.2421875 0.0765625 0.01171875 0.0171875
0 0.0296875 0.1984375 0.0171875 0.025
0 0.0921875 0.09375 0.01171875 0.01796875
0 0.0921875 0.07578125 0.0109375 0.015625
0 0.5578125 0.01875 0.01171875 0.0171875
0 0.80859375 0.0078125 0.0140625 0.015625
0 0.08359375 0.0421875 0.0109375 0.0140625
0 0.5296875 0.01796875 0.009375 0.01328125
0 0.48125 0.0296875 0.0109375 0.01328125
0 0.48203125 0.00625 0.0109375 0.01171875
0 0.26796875 0.0171875 0.00859375 0.01328125
0 0.540625 0.0515625 0.0125 0.0171875
0 0.03203125 0.06875 0.01171875 0.01796875
0 0.41875 0.040625 0.0109375 0.0140625
0 0.9265625 0.18046875 0.021875 0.0328125
0 0.4671875 0.02890625 0.0109375 0.01328125
0 0.46953125 0.04375 0.01171875 0.0140625
0 0.2796875 0.01796875 0.00859375 0.01328125
0 0.31875 0.04765625 0.0109375 0.0171875
0 0.2953125 0.0796875 0.009375 0.0171875
0 0.50546875 0.01640625 0.0109375 0.0140625
0 0.440625 0.0296875 0.0109375 0.0140625
0 0.19453125 0.04140625 0.0078125 0.01328125
0 0.30625 0.0140625 0.00703125 0.01328125
0 0.384375 0.06875 0.0125 0.01796875
0 0.071875 0.10390625 0.0125 0.01796875
0 0.10703125 0.0296875 0.0109375 0.01328125
0 0.15703125 0.0796875 0.0109375 0.0140625
0 0.56875 0.0421875 0.0125 0.01953125
0 0.61796875 0.01796875 0.0109375 0.01796875
0 0.315625 0.03125 0.00859375 0.01328125
0 0.065625 0.05390625 0.0109375 0.0140625
0 0.2328125 0.11875 0.0140625 0.01796875
0 0.3453125 0.053125 0.0109375 0.015625
0 0.12890625 0.0171875 0.009375 0.0140625
0 0.42109375 0.06640625 0.01171875 0.015625
0 0.33125 0.01875 0.0109375 0.0140625
0 0.18046875 0.0421875 0.00859375 0.01171875
0 0.20859375 0.03046875 0.00859375 0.01171875
0 0.1125 0.26796875 0.025 0.03125
0 0.23125 0.00546875 0.00859375 0.01015625
0 0.9578125 0.01875 0.015625 0.01953125
0 0.19375 0.00625 0.00859375 0.01171875
0 0.21796875 0.0671875 0.0109375 0.0140625
0 0.36796875 0.0421875 0.00859375 0.0140625
0 0.25390625 0.00625 0.009375 0.01171875
0 0.3046875 0.04453125 0.009375 0.015625
0 0.06953125 0.08125 0.009375 0.0140625
0 0.2671875 0.00546875 0.0078125 0.01015625
0 0.28203125 0.03046875 0.009375 0.01171875
0 0.1203125 0.04375 0.009375 0.0140625
0 0.3296875 0.0046875 0.0109375 0.009375
0 0.31875 0.01796875 0.00859375 0.01328125
0 0.5171875 0.0140625 0.009375 0.015625
0 0.20625 0.04296875 0.00703125 0.01328125
0 0.26796875 0.03046875 0.00859375 0.01171875
0 0.46953125 0.00625 0.00859375 0.01171875
0 0.35703125 0.01640625 0.0109375 0.0140625
0 0.053125 0.240625 0.01875 0.02578125
0 0.09453125 0.0421875 0.0109375 0.0140625
0 0.49296875 0.02890625 0.00859375 0.01328125
0 0.603125 0.0171875 0.0109375 0.015625
0 0.19296875 0.0171875 0.00703125 0.01015625
0 0.21796875 0.01796875 0.00703125 0.01328125
0 0.696875 0.0171875 0.01171875 0.0171875
0 0.36796875 0.06953125 0.0109375 0.0140625
0 0.06953125 0.71796875 0.0640625 0.1
0 0.27109375 0.45 0.0359375 0.0484375
0 0.6453125 0.01796875 0.01171875 0.01796875
0 0.2171875 0.03046875 0.0078125 0.01171875
0 0.5921875 0.01875 0.009375 0.0171875
0 0.99375 0.0171875 0.009375 0.02109375
0 0.53046875 0.00546875 0.0109375 0.01015625
0 0.58125 0.00625 0.0109375 0.01171875
0 0.15546875 0.03125 0.0109375 0.01328125
0 0.7109375 0.2640625 0.021875 0.03671875
0 0.45546875 0.0140625 0.00859375 0.01328125
0 0.29375 0.0421875 0.00859375 0.0140625
0 0.33125 0.04375 0.0109375 0.0171875
0 0.65 0.24375 0.02734375 0.03125
0 0.40703125 0.01796875 0.009375 0.01328125
0 0.2671875 0.09375 0.01171875 0.01796875
0 0.17421875 0.025 0.00859375 0.01328125
0 0.31875 0.0046875 0.00859375 0.009375
0 0.1671875 0.00625 0.0109375 0.01171875
0 0.1859375 0.06328125 0.00859375 0.0140625
0 0.928125 0.0375 0.0125 0.01796875
0 0.66015625 0.04375 0.01171875 0.01953125
0 0.4796875 0.0671875 0.0140625 0.01953125
0 0.4234375 0.025 0.009375 0.01328125
0 0.1234375 0.14140625 0.0140625 0.021875
0 0.075 0.24375 0.02265625 0.0296875
0 0.4359375 0.01171875 0.00859375 0.01328125
0 0.13125 0.04296875 0.00859375 0.01328125
0 0.03203125 0.1390625 0.0125 0.01796875
0 0.321875 0.1421875 0.01484375 0.0234375
0 0.55546875 0.00546875 0.0109375 0.01015625
0 0.55234375 0.0390625 0.0125 0.01796875
0 0.503125 0.0296875 0.0109375 0.01328125
0 0.20546875 0.00546875 0.00859375 0.0078125
0 0.2796875 0.00546875 0.0078125 0.0078125
0 0.24296875 0.01796875 0.00859375 0.01328125
0 0.38125 0.00625 0.0109375 0.01171875
0 0.03828125 0.11171875 0.0140625 0.01796875
0 0.18125 0.00546875 0.00703125 0.01015625
0 0.4546875 0.0421875 0.009375 0.0140625
0 0.071875 0.13125 0.0140625 0.01953125
0 0.21953125 0.04453125 0.00859375 0.01328125
0 0.2296875 0.09765625 0.0140625 0.01796875
0 0.10625 0.0515625 0.009375 0.0140625
0 0.2296875 0.03203125 0.009375 0.01171875
0 0.04375 0.05625 0.009375 0.0171875
0 0.10859375 0.06875 0.0109375 0.01328125
0 0.1546875 0.0171875 0.009375 0.01328125
0 0.1859375 0.2046875 0.01953125 0.025
0 0.2046875 0.0171875 0.0078125 0.01015625
0 0.634375 0.04140625 0.01171875 0.01796875
0 0.12578125 0.171875 0.015625 0.0234375
0 0.70703125 0.00546875 0.0140625 0.01015625
0 0.13984375 0.2046875 0.01953125 0.02734375
0 0.48125 0.36875 0.021875 0.0390625
0 0.07890625 0.071875 0.009375 0.0140625
0 0.4296875 0.040625 0.009375 0.0140625
0 0.21796875 0.00546875 0.00703125 0.0078125
0 0.5296875 0.04375 0.01171875 0.0171875
0 0.5921875 0.00625 0.009375 0.01171875
0 0.4984375 0.0796875 0.0125 0.01953125
0 0.68046875 0.00546875 0.0140625 0.01015625
0 0.2453125 0.05625 0.009375 0.0140625
0 0.16875 0.04140625 0.00859375 0.01328125
0 0.99375 0.03828125 0.009375 0.021875
0 0.1421875 0.05625 0.0109375 0.01328125
0 0.3421875 0.03046875 0.00859375 0.01171875
0 0.73828125 0.0109375 0.009375 0.0171875