0 0.7671875 0.18125 0.02734375 0.04296875
0 0.77421875 0.29375 0.03046875 0.0453125
0 0.578125 0.1484375 0.025 0.0390625
0 0.89921875 0.14296875 0.028125 0.04453125
0 0.93359375 0.0140625 0.0234375 0.028125
0 0.6546875 0.1546875 0.0296875 0.04921875
0 0.540625 0.12578125 0.0234375 0.0484375
0 0.35625 0.0765625 0.02265625 0.03359375
0 0.978125 0.0375 0.025 0.0375
0 0.4015625 0.0875 0.0265625 0.04296875
0 0.8390625 0.21171875 0.0296875 0.0484375
0 0.2875 0.3609375 0.03984375 0.06875
0 0.45546875 0.4015625 0.04375 0.0609375
0 0.55625 0.03046875 0.0203125 0.0375
0 0.59765625 0.07578125 0.025 0.0390625
0 0.634375 0.0453125 0.02265625 0.03515625
0 0.59140625 0.0171875 0.0265625 0.034375
0 0.10234375 0.1515625 0.0203125 0.025
0 0.8078125 0.0359375 0.0265625 0.03515625
0 0.50625 0.44375 0.025 0.0296875