0 0.496875 0.25859375 0.0140625 0.021875
0 0.565625 0.27265625 0.0109375 0.0203125
0 0.634375 0.24375 0.0140625 0.021875
0 0.50703125 0.43828125 0.0171875 0.028125
0 0.3703125 0.7015625 0.02265625 0.03515625
0 0.68828125 0.33203125 0.01484375 0.0203125
0 0.23828125 0.340625 0.015625 0.021875
0 0.20703125 0.38125 0.015625 0.021875
0 0.1578125 0.48515625 0.01640625 0.025
0 0.45546875 0.56953125 0.01875 0.03515625
0 0.32734375 0.54453125 0.01953125 0.03203125
0 0.32890625 0.30078125 0.0140625 0.025
0 0.728125 0.46328125 0.0171875 0.028125
0 0.42109375 0.37109375 0.01484375 0.025
0 0.665625 0.23984375 0.01171875 0.0203125
0 0.2484375 0.53515625 0.0203125 0.03046875
0 0.41875 0.584375 0.01875 0.03203125
0 0.80390625 0.36875 0.0140625 0.0203125
0 0.57734375 0.525 0.01640625 0.028125
0 0.36875 0.28984375 0.0140625 0.0203125
0 0.46953125 0.28046875 0.0140625 0.025
0 0.80546875 0.903125 0.025 0.04375
0 0.20234375 0.53828125 0.01875 0.028125
0 0.45625 0.246875 0.0140625 0.021875
0 0.32109375 0.76875 0.02421875 0.03515625
0 0.15703125 0.66640625 0.02265625 0.03203125
0 0.20703125 0.58046875 0.0171875 0.028125
0 0.08359375 0.6421875 0.02265625 0.03359375
0 0.4125 0.25859375 0.0125 0.021875
0 0.80234375 0.48515625 0.01640625 0.025
0 0.7 0.7015625 0.02265625 0.03828125
0 0.71171875 0.35390625 0.01484375 0.025
0 0.4671875 0.2265625 0.0125 0.01875
0 0.48125 0.315625 0.0140625 0.025
0 0.12890625 0.3640625 0.015625 0.025
0 0.31875 0.115625 0.01171875 0.0171875
0 0.540625 0.33984375 0.01171875 0.0203125
0 0.33125 0.6984375 0.01953125 0.03203125
0 0.603125 0.509375 0.01640625 0.03203125
0 0.42890625 0.2125 0.0140625 0.0203125
0 0.79375 0.13359375 0.01171875 0.021875
0 0.30390625 0.60625 0.02265625 0.03515625
0 0.7796875 0.35625 0.01484375 0.025
0 0.1453125 0.4671875 0.01484375 0.0234375
0 0.278125 0.353125 0.0125 0.0234375
0 0.63984375 0.3640625 0.0140625 0.025
0 0.78203125 0.4421875 0.01484375 0.0234375
0 0.64609375 0.5171875 0.01640625 0.028125
0 0.6546875 0.32578125 0.01484375 0.021875
0 0.75390625 0.41484375 0.015625 0.025
0 0.93046875 0.61640625 0.02265625 0.03203125
0 0.59765625 0.2390625 0.0140625 0.021875
0 0.05390625 0.75859375 0.02265625 0.03203125
0 0.2765625 0.5171875 0.01875 0.03203125
0 0.91875 0.9109375 0.034375 0.046875
0 0.4015625 0.190625 0.0125 0.0171875
0 0.571875 0.37109375 0.0140625 0.021875
0 0.06953125 0.4734375 0.0171875 0.025
0 0.44140625 0.3296875 0.0140625 0.0234375
0 0.175 0.31953125 0.0171875 0.0203125
0 0.490625 0.59140625 0.01953125 0.02890625
0 0.43828125 0.4984375 0.0171875 0.025
0 0.24296875 0.76875 0.02265625 0.03828125
0 0.39609375 0.41328125 0.01640625 0.025
0 0.92109375 0.459375 0.0171875 0.0265625
0 0.85078125 0.46015625 0.01484375 0.028125
0 0.859375 0.28046875 0.0140625 0.025
0 0.5421875 0.796875 0.021875 0.03203125
0 0.71953125 0.08046875 0.0109375 0.0171875
0 0.8921875 0.475 0.01484375 0.025
0 0.7359375 0.53515625 0.015625 0.025
0 0.54921875 0.5125 0.0203125 0.03203125
0 0.565625 0.46640625 0.01640625 0.03046875
0 0.8734375 0.65546875 0.0171875 0.03046875
0 0.478125 0.44296875 0.01484375 0.025
0 0.821875 0.30546875 0.01171875 0.021875
0 0.81640625 0.75390625 0.021875 0.03515625
0 0.1375 0.33203125 0.01484375 0.0171875
0 0.528125 0.04140625 0.0109375 0.01640625
0 0.8078125 0.16640625 0.01171875 0.021875
0 0.78203125 0.5671875 0.0171875 0.028125
0 0.64921875 0.609375 0.0171875 0.02890625
0 0.53828125 0.42421875 0.0171875 0.02890625
0 0.5921875 0.26484375 0.01171875 0.0203125
0 0.7453125 0.23359375 0.01171875 0.021875
0 0.73984375 0.60859375 0.01875 0.03046875
0 0.4796875 0.4 0.01484375 0.0234375
0 0.57734375 0.5875 0.0171875 0.03671875
0 0.6359375 0.453125 0.015625 0.028125
0 0.30625 0.88125 0.02421875 0.03828125
0 0.571875 0.04453125 0.01171875 0.01640625
0 0.83046875 0.5234375 0.01484375 0.025
0 0.2578125 0.0953125 0.009375 0.01484375
0 0.35625 0.4359375 0.01640625 0.028125
0 0.62890625 0.3140625 0.0140625 0.025
0 0.2734375 0.48203125 0.0171875 0.0265625
0 0.7765625 0.6234375 0.01875 0.03203125
0 0.67734375 0.96796875 0.028125 0.05
0 0.6234375 0.34296875 0.015625 0.0265625
0 0.44453125 0.8640625 0.02265625 0.03828125
0 0.428125 0.41796875 0.0125 0.021875
0 0.365625 0.19765625 0.01171875 0.0171875
0 0.31953125 0.35390625 0.0140625 0.021875
0 0.32734375 0.61640625 0.0203125 0.03515625
0 0.075 0.765625 0.0203125 0.03203125
0 0.7140625 0.43203125 0.0140625 0.0203125
0 0.59765625 0.29375 0.0140625 0.021875
0 0.571875 0.31875 0.0125 0.01875
0 0.853125 0.371875 0.0140625 0.0203125
0 0.85625 0.4328125 0.01640625 0.025
0 0.89921875 0.6203125 0.0171875 0.028125
0 0.19609375 0.77265625 0.025 0.03671875
0 0.978125 0.44296875 0.015625 0.025
0 0.77265625 0.47734375 0.01640625 0.0265625
0 0.36171875 0.15546875 0.0109375 0.0171875
0 0.37109375 0.353125 0.0140625 0.0203125
0 0.6171875 0.68671875 0.0171875 0.03203125
0 0.340625 0.3296875 0.0125 0.0171875
0 0.3140625 0.0375 0.00859375 0.01328125
0 0.8296875 0.4671875 0.01484375 0.0203125
0 0.609375 0.63125 0.01953125 0.03203125
0 0.39765625 0.2125 0.0140625 0.0171875
0 0.840625 0.5921875 0.0203125 0.03046875
0 0.2796875 0.09140625 0.009375 0.01328125
0 0.11640625 0.23984375 0.01484375 0.0203125
0 0.98125 0.746875 0.0265625 0.03828125
0 0.4421875 0.13046875 0.00859375 0.01484375
0 0.690625 0.10546875 0.0109375 0.0171875
0 0.72265625 0.24765625 0.01171875 0.0203125
0 0.6546875 0.0171875 0.009375 0.01328125
0 0.30703125 0.05859375 0.00859375 0.01484375
0 0.5109375 0.13359375 0.0109375 0.01484375
0 0.68046875 0.05234375 0.00859375 0.01484375
0 0.728125 0.2078125 0.01171875 0.0171875
0 0.28515625 0.39609375 0.015625 0.025
0 0.52265625 0.22265625 0.009375 0.0171875
0 0.0125 0.928125 0.0234375 0.03515625
0 0.70390625 0.0953125 0.0109375 0.0171875
0 0.82734375 0.36875 0.0140625 0.0234375
0 0.3921875 0.028125 0.0078125 0.01171875
0 0.60625 0.5453125 0.01640625 0.028125
0 0.74375 0.0953125 0.0109375 0.01484375
0 0.40546875 0.01953125 0.00703125 0.01328125
0 0.18125 0.7390625 0.02734375 0.040625
0 0.78828125 0.54140625 0.0171875 0.02890625
0 0.571875 0.68046875 0.01953125 0.03203125
0 0.6890625 0.52421875 0.01640625 0.02890625
0 0.615625 0.053125 0.0109375 0.01328125
0 0.2171875 0.44921875 0.015625 0.0203125
0 0.5234375 0.27265625 0.0140625 0.0203125
0 0.8765625 0.34609375 0.0140625 0.01875
0 0.8734375 0.45625 0.01484375 0.025
0 0.6828125 0.4640625 0.01484375 0.0234375
0 0.75546875 0.53515625 0.01484375 0.025
0 0.59453125 0.0703125 0.009375 0.01484375
0 0.51484375 0.5484375 0.01640625 0.028125
0 0.65703125 0.03046875 0.009375 0.01484375
0 0.553125 0.03046875 0.0109375 0.0171875
0 0.89296875 0.365625 0.01484375 0.021875
0 0.49296875 0.02890625 0.0109375 0.01328125
0 0.54609375 0.55625 0.01953125 0.03203125
0 0.63046875 0.01640625 0.00703125 0.01484375
0 0.6140625 0.5953125 0.0171875 0.028125
0 0.5203125 0.246875 0.01171875 0.021875
0 0.3328125 0.14765625 0.01171875 0.0171875
0 0.615625 0.0703125 0.0109375 0.01484375
0 0.3671875 0.03125 0.0078125 0.01328125
0 0.64296875 0.00625 0.00859375 0.01015625
0 0.60546875 0.00546875 0.0078125 0.0109375
0 0.28203125 0.10546875 0.00859375 0.01484375
0 0.44375 0.1828125 0.0109375 0.0203125
0 0.0765625 0.8515625 0.021875 0.03828125
0 0.590625 0.7234375 0.0171875 0.03203125
0 0.634375 0.06953125 0.00859375 0.01328125
0 0.5265625 0.3328125 0.015625 0.025
0 0.38046875 0.0171875 0.00703125 0.01015625
0 0.5625 0.640625 0.0171875 0.03046875
0 0.30234375 0.56328125 0.01875 0.028125
0 0.73359375 0.13046875 0.0109375 0.0171875
0 0.34296875 0.16875 0.0125 0.01875
0 0.690625 0.05546875 0.00859375 0.01484375
0 0.84609375 0.5625 0.01875 0.0234375
0 0.99453125 0.50234375 0.00859375 0.0234375
0 0.73359375 0.63359375 0.0171875 0.0265625
0 0.36796875 0.0171875 0.00703125 0.01015625
0 0.34296875 0.028125 0.00703125 0.01484375
0 0.809375 0.41484375 0.0125 0.021875
0 0.35625 0.028125 0.00703125 0.01171875
0 0.51328125 0.1828125 0.0109375 0.0171875
0 0.7765625 0.21171875 0.01171875 0.01875
0 0.66015625 0.20390625 0.01171875 0.021875
0 0.3421875 0.05625 0.0078125 0.01328125
0 0.959375 0.45625 0.01484375 0.028125
0 0.33671875 0.40703125 0.01484375 0.0203125
0 0.36875 0.0046875 0.00703125 0.00859375
0 0.409375 0.21484375 0.0109375 0.0171875
0 0.215625 0.1734375 0.0265625 0.03671875
0 0.3109375 0.15625 0.00703125 0.01953125