0 0.46640625 0.6515625 0.053125 0.0953125
0 0.784375 0.671875 0.059375 0.096875
0 0.09140625 0.54765625 0.03984375 0.06796875
0 0.22265625 0.75390625 0.06328125 0.1
0 0.640625 0.8484375 0.0734375 0.11953125
0 0.2265625 0.62890625 0.05234375 0.0890625
0 0.45390625 0.440625 0.0125 0.02265625
0 0.48828125 0.85703125 0.08125 0.1375
0 0.5671875 0.5875 0.046875 0.08125
0 0.803125 0.54296875 0.034375 0.05
0 0.584375 0.48203125 0.021875 0.0359375
0 0.115625 0.740625 0.06171875 0.0984375
0 0.3234375 0.79765625 0.08828125 0.11484375
0 0.54375 0.4765625 0.02109375 0.034375
0 0.70078125 0.63359375 0.04765625 0.07734375
0 0.49609375 0.540625 0.034375 0.06015625
0 0.71484375 0.55 0.04375 0.05703125
0 0.54375 0.44140625 0.0125 0.02109375
0 0.20859375 0.89609375 0.175 0.10546875
0 0.478125 0.4734375 0.01640625 0.03203125
0 0.78203125 0.4796875 0.03203125 0.05
0 0.1390625 0.5203125 0.03046875 0.053125
0 0.82890625 0.58984375 0.03671875 0.05625
0 0.8109375 0.86171875 0.1 0.15859375
0 0.565625 0.4578125 0.01796875 0.03046875
0 0.39296875 0.428125 0.0125 0.01953125
0 0.39375 0.45859375 0.01640625 0.02890625
0 0.5375 0.528125 0.02734375 0.05
0 0.50625 0.478125 0.01875 0.03203125
0 0.87109375 0.465625 0.02265625 0.02734375
0 0.90703125 0.45625 0.01953125 0.03359375
0 0.43203125 0.43984375 0.01328125 0.02109375
0 0.2921875 0.45078125 0.01640625 0.02890625
0 0.9328125 0.5734375 0.05234375 0.0828125
0 0.8734375 0.5203125 0.03125 0.05625
0 0.484375 0.43046875 0.0125 0.02109375
0 0.8171875 0.48828125 0.02265625 0.0359375
0 0.28203125 0.534375 0.03046875 0.0421875
0 0.3640625 0.4796875 0.021875 0.03203125
0 0.45390625 0.49765625 0.02421875 0.034375
0 0.6484375 0.4625 0.01875 0.03046875
0 0.6140625 0.5890625 0.03359375 0.06953125
0 0.41953125 0.415625 0.01171875 0.01484375
0 0.93203125 0.909375 0.06953125 0.07578125
0 0.57578125 0.42890625 0.0125 0.01796875
0 0.34296875 0.5484375 0.03359375 0.0484375
0 0.2515625 0.49140625 0.02109375 0.0375
0 0.1359375 0.63359375 0.05234375 0.06796875
0 0.8828125 0.41953125 0.01171875 0.01640625
0 0.6078125 0.41953125 0.01171875 0.01640625
0 0.11796875 0.42421875 0.01171875 0.01796875
0 0.45390625 0.41640625 0.01171875 0.01640625
0 0.04453125 0.47890625 0.02265625 0.0453125
0 0.828125 0.45234375 0.01953125 0.03203125
0 0.94140625 0.44140625 0.01484375 0.02421875
0 0.69296875 0.4390625 0.01328125 0.02265625
0 0.40546875 0.41796875 0.01015625 0.01640625
0 0.04921875 0.59921875 0.03359375 0.0828125
0 0.10390625 0.45625 0.01640625 0.02421875
0 0.2640625 0.4390625 0.01640625 0.02265625
0 0.3859375 0.5203125 0.03359375 0.053125
0 0.6796875 0.734375 0.05390625 0.07578125
0 0.52890625 0.61171875 0.03515625 0.07578125
0 0.8640625 0.42578125 0.01484375 0.01796875
0 0.65625 0.43046875 0.01171875 0.01796875
0 0.34375 0.41796875 0.009375 0.01328125
0 0.4203125 0.5203125 0.025 0.040625
0 0.50859375 0.41640625 0.009375 0.01328125
0 0.59140625 0.4375 0.0125 0.01953125
0 0.30234375 0.69765625 0.05703125 0.06953125
0 0.55546875 0.41796875 0.009375 0.01328125
0 0.36796875 0.43046875 0.0125 0.01796875
0 0.26953125 0.41796875 0.01171875 0.01640625
0 0.16953125 0.41484375 0.01015625 0.01328125
0 0.6234375 0.465625 0.015625 0.02578125
0 0.6296875 0.68828125 0.053125 0.0828125
0 0.4421875 0.459375 0.01328125 0.02421875
0 0.29296875 0.41796875 0.01015625 0.01328125
0 0.04609375 0.5375 0.028125 0.0421875
0 0.19296875 0.41796875 0.00859375 0.01328125
0 0.6328125 0.43046875 0.01015625 0.01796875
0 0.321875 0.43046875 0.01171875 0.01796875
0 0.5921875 0.41640625 0.009375 0.01328125
0 0.77265625 0.44140625 0.01484375 0.02421875
0 0.54296875 0.41640625 0.009375 0.01328125
0 0.24296875 0.41796875 0.00859375 0.0109375
0 0.30703125 0.42890625 0.01171875 0.01796875
0 0.33125 0.40625 0.009375 0.01484375
0 0.884375 0.44296875 0.01484375 0.02109375
0 0.31640625 0.46796875 0.015625 0.02734375
0 0.346875 0.5015625 0.02265625 0.02734375
0 0.6765625 0.44453125 0.01328125 0.01953125
0 0.18125 0.41796875 0.009375 0.01328125
0 0.10546875 0.425 0.01171875 0.01640625
0 0.928125 0.41796875 0.01171875 0.01328125
0 0.22890625 0.41640625 0.01171875 0.0109375
0 0.07734375 0.41640625 0.009375 0.01328125
0 0.3375 0.4765625 0.01875 0.02578125
0 0.13125 0.41640625 0.009375 0.01328125
0 0.84375 0.4203125 0.01015625 0.01640625
0 0.51796875 0.42890625 0.01171875 0.01484375
0 0.80703125 0.44453125 0.01484375 0.02265625
0 0.5703125 0.40625 0.00859375 0.01171875
0 0.22734375 0.48125 0.02109375 0.02890625
0 0.28125 0.41796875 0.00703125 0.0109375
0 0.43203125 0.41484375 0.01171875 0.01328125
0 0.2359375 0.55390625 0.03359375 0.03203125
0 0.21953125 0.44609375 0.01328125 0.01953125
0 0.23203125 0.51796875 0.03125 0.0390625
0 0.17734375 0.43203125 0.01171875 0.01796875
0 0.53125 0.41640625 0.00859375 0.0109375
0 0.6203125 0.43046875 0.01171875 0.01796875
0 0.946875 0.41796875 0.01015625 0.01640625
0 0.55546875 0.4046875 0.00703125 0.009375
0 0.72890625 0.4546875 0.01484375 0.02109375
0 0.503125 0.43203125 0.01015625 0.01796875
0 0.44296875 0.41640625 0.00859375 0.01640625
0 0.91640625 0.41484375 0.01171875 0.0109375
0 0.70546875 0.41640625 0.00859375 0.0109375
0 0.3578125 0.415625 0.01171875 0.01484375
0 0.30546875 0.40625 0.00703125 0.01171875
0 0.8296875 0.41953125 0.01015625 0.0109375
0 0.71953125 0.4046875 0.009375 0.01171875
0 0.68125 0.41796875 0.00859375 0.0109375
0 0.28203125 0.4046875 0.00859375 0.01171875
0 0.04296875 0.44296875 0.0125 0.01796875
0 0.76875 0.41796875 0.009375 0.0109375
0 0.10625 0.4046875 0.00859375 0.009375
0 0.25703125 0.41953125 0.009375 0.01328125
0 0.7375 0.4125 0.00703125 0.01171875
0 0.95546875 0.49375 0.02109375 0.0421875
0 0.090625 0.42890625 0.01171875 0.01796875
0 0.6078125 0.4515625 0.015625 0.02421875
0 0.69296875 0.41796875 0.00703125 0.0109375
0 0.278125 0.49765625 0.03046875 0.03203125
0 0.09296875 0.40625 0.00703125 0.009375
0 0.79453125 0.41953125 0.01015625 0.0109375
0 0.1328125 0.43984375 0.01484375 0.02109375
0 0.39375 0.4046875 0.009375 0.009375
0 0.1546875 0.46796875 0.01875 0.02734375
0 0.78125 0.4046875 0.00703125 0.009375
0 0.75703125 0.41640625 0.00859375 0.0109375
0 0.41328125 0.4390625 0.01171875 0.01953125
0 0.19453125 0.46875 0.01796875 0.02578125
0 0.14375 0.41953125 0.01015625 0.01640625
0 0.3171875 0.4046875 0.00703125 0.01171875
0 0.5796875 0.4046875 0.00859375 0.01171875
0 0.38046875 0.40625 0.00859375 0.009375
0 0.8671875 0.403125 0.009375 0.01171875
0 0.79453125 0.40625 0.00859375 0.009375
0 0.66875 0.41796875 0.009375 0.0109375
0 0.73203125 0.43046875 0.01171875 0.01484375
0 0.9265625 0.4484375 0.01640625 0.02734375
0 0.8984375 0.42890625 0.0125 0.01484375
0 0.1546875 0.41640625 0.00859375 0.01328125
0 0.49296875 0.41796875 0.00859375 0.01328125
0 0.2046875 0.43046875 0.01015625 0.01796875
0 0.25703125 0.4046875 0.00859375 0.009375
0 0.21796875 0.4046875 0.00859375 0.01171875
0 0.78046875 0.41796875 0.009375 0.0109375
0 0.81640625 0.41796875 0.01171875 0.0109375
0 0.065625 0.42734375 0.01015625 0.01796875
0 0.41953125 0.465625 0.015625 0.02578125
0 0.14375 0.4046875 0.00859375 0.009375
0 0.68046875 0.4046875 0.00703125 0.009375
0 0.33984375 0.44609375 0.0125 0.01953125
0 0.1171875 0.4046875 0.00703125 0.009375
0 0.9125 0.5109375 0.03125 0.0359375
0 0.64296875 0.41640625 0.009375 0.0109375
0 0.84140625 0.4046875 0.009375 0.01171875
0 0.078125 0.43515625 0.01171875 0.01796875
0 0.20546875 0.40625 0.00859375 0.009375
0 0.74609375 0.43203125 0.01015625 0.01796875
0 0.7859375 0.5875 0.04375 0.03359375
0 0.65625 0.40625 0.00625 0.009375
0 0.66875 0.4046875 0.00859375 0.009375
0 0.19375 0.4046875 0.00703125 0.009375
0 0.46796875 0.4015625 0.00703125 0.01171875
0 0.7921875 0.440625 0.01484375 0.01953125
0 0.19609375 0.540625 0.03046875 0.0484375
0 0.1328125 0.46640625 0.01875 0.02421875
0 0.18046875 0.4046875 0.00703125 0.009375
0 0.3734375 0.71640625 0.04765625 0.07109375
0 0.35390625 0.3953125 0.009375 0.0109375
0 0.053125 0.4046875 0.00859375 0.009375
0 0.64375 0.4046875 0.00859375 0.009375
0 0.54375 0.4046875 0.00859375 0.009375
0 0.9359375 0.75078125 0.05625 0.1359375
0 0.4921875 0.4046875 0.00703125 0.009375
0 0.71640625 0.44140625 0.01328125 0.02109375
0 0.91640625 0.43046875 0.01171875 0.01484375
0 0.69453125 0.4046875 0.00625 0.00625
0 0.48046875 0.4046875 0.009375 0.01171875
0 0.61796875 0.4046875 0.00703125 0.009375
0 0.43125 0.396875 0.00703125 0.0109375
0 0.51796875 0.4046875 0.00703125 0.009375
0 0.04296875 0.41640625 0.01015625 0.01328125
0 0.90546875 0.41640625 0.01015625 0.0109375
0 0.38046875 0.39375 0.00625 0.0078125
0 0.76796875 0.4046875 0.00859375 0.009375
0 0.640625 0.5171875 0.0375 0.05859375
0 0.63125 0.4046875 0.00703125 0.009375
0 0.15546875 0.4046875 0.00703125 0.009375
0 0.3671875 0.39375 0.00625 0.0078125
0 0.36796875 0.40625 0.00859375 0.01171875
0 0.46796875 0.41796875 0.00859375 0.01640625
0 0.41640625 0.62421875 0.03828125 0.06640625
0 0.58125 0.52890625 0.02890625 0.02421875
0 0.50546875 0.45234375 0.01484375 0.01953125
0 0.85703125 0.4046875 0.009375 0.01171875
0 0.41796875 0.3953125 0.00859375 0.0109375
0 0.06875 0.4046875 0.00703125 0.009375
0 0.53046875 0.43046875 0.009375 0.01796875
0 0.60625 0.4046875 0.00859375 0.009375
0 0.83125 0.4046875 0.00703125 0.009375
0 0.64296875 0.43203125 0.01171875 0.01796875
0 0.2390625 0.44609375 0.01484375 0.02265625
0 0.75703125 0.4046875 0.00703125 0.009375
0 0.8171875 0.4046875 0.00703125 0.009375
0 0.43203125 0.48828125 0.01953125 0.03046875
0 0.92890625 0.4828125 0.021875 0.03203125
0 0.8046875 0.40625 0.00625 0.009375
0 0.40625 0.3953125 0.00703125 0.0078125
0 0.26328125 0.46328125 0.01640625 0.02265625
0 0.96171875 0.41171875 0.01171875 0.01640625
0 0.19140625 0.44296875 0.01484375 0.02109375