0 0.759375 0.55625 0.05390625 0.07421875
0 0.478125 0.53515625 0.03828125 0.06015625
0 0.8078125 0.42890625 0.0453125 0.05625
0 0.2734375 0.51953125 0.040625 0.06015625
0 0.1546875 0.84296875 0.06328125 0.0921875
0 0.21796875 0.51796875 0.04765625 0.0625
0 0.88203125 0.4796875 0.0453125 0.0609375
0 0.7078125 0.46875 0.0453125 0.0625
0 0.37734375 0.7734375 0.0578125 0.09140625
0 0.31640625 0.54453125 0.04296875 0.05703125
0 0.5921875 0.5234375 0.0421875 0.06796875
0 0.18828125 0.66640625 0.05390625 0.07578125
0 0.5265625 0.78125 0.0625 0.09375
0 0.36484375 0.5921875 0.04609375 0.07265625
0 0.03671875 0.575 0.04765625 0.06875
0 0.62890625 0.4703125 0.0375 0.046875
0 0.95859375 0.50390625 0.0515625 0.05703125
0 0.2328125 0.6359375 0.046875 0.07421875
0 0.44375 0.51953125 0.034375 0.0546875
0 0.7484375 0.47890625 0.0421875 0.06015625
0 0.1234375 0.6921875 0.0609375 0.08203125
0 0.6796875 0.534375 0.0453125 0.05859375
0 0.52890625 0.6375 0.0515625 0.0765625
0 0.4 0.50703125 0.03203125 0.03515625
0 0.16875 0.5140625 0.0453125 0.0625
0 0.98515625 0.66875 0.02734375 0.0796875
0 0.884375 0.5640625 0.05390625 0.07265625
0 0.12890625 0.534375 0.040625 0.05859375
0 0.521875 0.47265625 0.0203125 0.02890625
0 0.509375 0.5140625 0.0296875 0.0484375
0 0.39921875 0.5484375 0.0375 0.0546875
0 0.09296875 0.56015625 0.0390625 0.03671875
0 0.38984375 0.67265625 0.04296875 0.06640625
0 0.74609375 0.9796875 0.0765625 0.0375
0 0.0828125 0.61015625 0.05625 0.071875