0 0.075 0.2171875 0.028125 0.04140625
0 0.09296875 0.5375 0.0484375 0.06875
0 0.19609375 0.3125 0.03046875 0.04453125
0 0.3546875 0.13125 0.0203125 0.0328125
0 0.2765625 0.48203125 0.0359375 0.0546875
0 0.26875 0.2953125 0.03125 0.0453125
0 0.24921875 0.1484375 0.02421875 0.03359375
0 0.51484375 0.36875 0.0328125 0.0484375
0 0.8 0.26875 0.0359375 0.05078125
0 0.228125 0.69140625 0.05625 0.09375
0 0.071875 0.1484375 0.02421875 0.03671875
0 0.48359375 0.128125 0.0234375 0.0375
0 0.4421875 0.15078125 0.02734375 0.03671875
0 0.67734375 0.47421875 0.03828125 0.0546875
0 0.17734375 0.2171875 0.03046875 0.0484375
0 0.6484375 0.1875 0.0296875 0.0390625
0 0.2078125 0.12890625 0.0234375 0.03359375
0 0.98359375 0.16015625 0.028125 0.04140625
0 0.61484375 0.35 0.034375 0.05078125
0 0.38359375 0.025 0.0171875 0.02734375
0 0.3265625 0.14375 0.0234375 0.0375
0 0.40546875 0.13515625 0.02421875 0.03671875
0 0.23359375 0.359375 0.0375 0.0546875
0 0.2671875 0.2 0.0234375 0.0375
0 0.528125 0.16953125 0.02421875 0.03671875
0 0.09453125 0.04140625 0.02265625 0.02578125
0 0.0203125 0.10390625 0.0234375 0.03359375
0 0.675 0.59296875 0.05078125 0.08203125
0 0.13125 0.084375 0.0203125 0.03125
0 0.1625 0.0796875 0.02265625 0.03125
0 0.37890625 0.353125 0.0328125 0.0484375
0 0.48125 0.3 0.03125 0.0484375
0 0.83203125 0.40703125 0.040625 0.0609375
0 0.85078125 0.10703125 0.02265625 0.03125
0 0.82734375 0.21015625 0.0328125 0.0453125
0 0.86015625 0.14375 0.0234375 0.0375
0 0.7046875 0.06875 0.01953125 0.03125
0 0.128125 0.253125 0.03125 0.0453125
0 0.4203125 0.009375 0.015625 0.01875
0 0.20546875 0.0796875 0.0203125 0.0296875
0 0.58203125 0.228125 0.02734375 0.04296875
0 0.5796875 0.01796875 0.01484375 0.02578125
0 0.64609375 0.0921875 0.02421875 0.0328125
0 0.55390625 0.2453125 0.028125 0.040625
0 0.68125 0.14140625 0.02734375 0.040625
0 0.00859375 0.18671875 0.0171875 0.0375
0 0.97578125 0.025 0.0234375 0.03125
0 0.89296875 0.23671875 0.034375 0.04921875
0 0.728125 0.08046875 0.01953125 0.03125
0 0.31796875 0.01015625 0.0171875 0.0203125
0 0.35703125 0.00703125 0.01484375 0.0140625
0 0.1703125 0.1171875 0.0265625 0.03671875
0 0.7140625 0.10703125 0.0203125 0.02890625
0 0.50078125 0.209375 0.028125 0.04140625
0 0.64296875 0.0296875 0.01640625 0.02890625
0 0.89609375 0.07578125 0.02265625 0.03359375
0 0.6 0.04765625 0.0203125 0.0296875
0 0.7765625 0.01796875 0.0171875 0.02578125
0 0.2296875 0.1171875 0.0203125 0.0390625
0 0.4046875 0.0953125 0.021875 0.02890625
0 0.984375 0.09921875 0.0234375 0.03671875
0 0.56875 0.04453125 0.01875 0.02578125
0 0.478125 0.03046875 0.01953125 0.0296875
0 0.046875 0.00859375 0.01953125 0.0171875
0 0.48828125 0.00625 0.015625 0.01171875
0 0.596875 0.15 0.02421875 0.03515625
0 0.009375 0.290625 0.01875 0.05078125
0 0.4671875 0.00625 0.01640625 0.01171875
0 0.06171875 0.0296875 0.0203125 0.02890625
0 0.8296875 0.3578125 0.0390625 0.040625
0 0.5640625 0.08125 0.0171875 0.02734375
0 0.30625 0.12421875 0.0203125 0.0296875
0 0.37578125 0.1484375 0.02265625 0.0390625
0 0.59296875 0.975 0.03203125 0.03125
0 0.746875 0.2875 0.02421875 0.025
0 0.5671875 0.16171875 0.0171875 0.03125
0 0.22265625 0.00703125 0.01953125 0.0140625
0 0.565625 0.8484375 0.0765625 0.103125
0 0.45 0.07421875 0.01953125 0.02578125
0 0.72578125 0.3046875 0.025 0.03671875
0 0.0046875 0.00625 0.009375 0.01171875
0 0.50078125 0.0265625 0.01875 0.02734375
0 0.6953125 0.00625 0.021875 0.01171875
0 0.14375 0.18046875 0.0265625 0.04296875