0 0.03203125 0.43203125 0.01484375 0.02109375
0 0.26953125 0.5109375 0.015625 0.02734375
0 0.28984375 0.49453125 0.01484375 0.0234375
0 0.159375 0.5 0.0171875 0.02578125
0 0.353125 0.46875 0.01953125 0.02578125
0 0.64609375 0.8859375 0.034375 0.05859375
0 0.1671875 0.5328125 0.0203125 0.03125
0 0.48984375 0.86171875 0.03984375 0.0625
0 0.2453125 0.4984375 0.01640625 0.02578125
0 0.78203125 0.51796875 0.01640625 0.02578125
0 0.3234375 0.475 0.015625 0.025
0 0.95390625 0.61875 0.03046875 0.0390625
0 0.05625 0.5609375 0.0234375 0.0328125
0 0.86015625 0.6 0.0203125 0.03125
0 0.1515625 0.43125 0.015625 0.025
0 0.58203125 0.66015625 0.0234375 0.0390625
0 0.44453125 0.49375 0.01484375 0.0234375
0 0.67421875 0.60390625 0.02421875 0.03671875
0 0.97265625 0.5359375 0.0234375 0.0328125
0 0.12265625 0.52578125 0.0203125 0.02890625
0 0.73671875 0.5140625 0.01875 0.0296875
0 0.19609375 0.5953125 0.02421875 0.03359375
0 0.7984375 0.525 0.01953125 0.03125
0 0.17734375 0.4359375 0.01484375 0.021875
0 0.92734375 0.6234375 0.0265625 0.03671875
0 0.59921875 0.5046875 0.01875 0.025
0 0.31328125 0.71328125 0.0296875 0.04453125
0 0.3984375 0.5390625 0.021875 0.03125
0 0.40703125 0.7 0.02734375 0.0375
0 0.14140625 0.65 0.0265625 0.04296875
0 0.2125 0.5359375 0.0203125 0.0296875
0 0.34765625 0.56328125 0.021875 0.0296875
0 0.6375 0.63203125 0.025 0.0375
0 0.0484375 0.3984375 0.01484375 0.0234375
0 0.00390625 0.4421875 0.0078125 0.01953125
0 0.65703125 0.55390625 0.0203125 0.0296875
0 0.309375 0.525 0.0171875 0.025
0 0.134375 0.4609375 0.01640625 0.0234375
0 0.6671875 0.51796875 0.015625 0.02578125
0 0.415625 0.5609375 0.0171875 0.02578125
0 0.3703125 0.50625 0.0171875 0.025
0 0.75859375 0.4859375 0.01484375 0.025
0 0.48671875 0.56953125 0.0203125 0.0296875
0 0.19375 0.49296875 0.01640625 0.01953125
0 0.4890625 0.49375 0.0140625 0.02578125
0 0.546875 0.5375 0.0171875 0.025
0 0.00703125 0.54765625 0.0140625 0.02734375
0 0.0375 0.4546875 0.01640625 0.025
0 0.0578125 0.43671875 0.015625 0.01953125
0 0.24140625 0.4703125 0.01640625 0.0234375
0 0.9328125 0.59140625 0.01953125 0.02890625
0 0.62265625 0.49296875 0.01640625 0.025
0 0.89375 0.5046875 0.01484375 0.021875
0 0.85625 0.5265625 0.01640625 0.025
0 0.25078125 0.54375 0.0203125 0.0328125
0 0.19453125 0.525 0.0171875 0.02578125
0 0.4953125 0.6046875 0.0234375 0.0328125
0 0.41875 0.50703125 0.0140625 0.025
0 0.05703125 0.4796875 0.01484375 0.021875
0 0.08984375 0.5171875 0.0171875 0.0296875
0 0.159375 0.6125 0.0265625 0.0375
0 0.98203125 0.475 0.0203125 0.025
0 0.63828125 0.5203125 0.01484375 0.025
0 0.228125 0.428125 0.0140625 0.0234375
0 0.49296875 0.4234375 0.0140625 0.01953125
0 0.9046875 0.59453125 0.01953125 0.02734375
0 0.8765625 0.4921875 0.01640625 0.0234375
0 0.09453125 0.42890625 0.0171875 0.021875
0 0.503125 0.48515625 0.0140625 0.01953125
0 0.921875 0.48125 0.0140625 0.01953125
0 0.7296875 0.48515625 0.015625 0.01953125
0 0.95234375 0.49296875 0.01640625 0.025
0 0.325 0.5375 0.0171875 0.025
0 0.51796875 0.44921875 0.0125 0.01796875
0 0.8109375 0.58046875 0.021875 0.03671875
0 0.22578125 0.36328125 0.0140625 0.0234375
0 0.07734375 0.4234375 0.01640625 0.025
0 0.02109375 0.490625 0.01875 0.02890625
0 0.35078125 0.49921875 0.0171875 0.025
0 0.55390625 0.6421875 0.02265625 0.03359375
0 0.2109375 0.3546875 0.0140625 0.021875
0 0.6109375 0.634375 0.0203125 0.03515625
0 0.4921875 0.4015625 0.01171875 0.0171875
0 0.46796875 0.41875 0.0125 0.01953125
0 0.35234375 0.5234375 0.0171875 0.0234375
0 0.7359375 0.4078125 0.01484375 0.0234375
0 0.55390625 0.51640625 0.01484375 0.021875
0 0.44453125 0.35078125 0.0140625 0.021875
0 0.45234375 0.55625 0.01640625 0.021875
0 0.8453125 0.48203125 0.01484375 0.02109375