0 0.84140625 0.4875 0.01484375 0.025
0 0.28203125 0.5078125 0.01484375 0.02109375
0 0.8203125 0.49140625 0.015625 0.025
0 0.246875 0.50625 0.0125 0.01953125
0 0.89375 0.4546875 0.01484375 0.025
0 0.878125 0.4671875 0.01484375 0.02109375
0 0.128125 0.4046875 0.0140625 0.01953125
0 0.37578125 0.5921875 0.01953125 0.02890625
0 0.60703125 0.5875 0.0203125 0.03125
0 0.221875 0.5171875 0.01484375 0.01953125
0 0.06640625 0.47890625 0.0140625 0.02109375
0 0.321875 0.45546875 0.01484375 0.0234375
0 0.2640625 0.48046875 0.015625 0.0234375
0 0.4953125 0.10703125 0.01171875 0.015625
0 0.8390625 0.34296875 0.01171875 0.01953125
0 0.20625 0.421875 0.01171875 0.015625
0 0.35 0.5921875 0.01640625 0.025
0 0.990625 0.3890625 0.01484375 0.021875
0 0.2703125 0.525 0.0140625 0.01953125
0 0.25703125 0.43515625 0.01171875 0.01796875
0 0.6546875 0.346875 0.009375 0.0140625
0 0.16875 0.4921875 0.0140625 0.01796875
0 0.978125 0.33125 0.01171875 0.0171875
0 0.18828125 0.48671875 0.0140625 0.01796875
0 0.33359375 0.42421875 0.0125 0.01796875
0 0.45390625 0.36875 0.0140625 0.0140625
0 0.740625 0.39375 0.01171875 0.0171875
0 0.915625 0.3421875 0.01484375 0.02109375
0 0.1640625 0.40703125 0.0140625 0.01953125
0 0.98046875 0.29453125 0.01171875 0.015625
0 0.340625 0.4515625 0.0125 0.02109375
0 0.28203125 0.46328125 0.015625 0.02109375
0 0.728125 0.32890625 0.0109375 0.0171875
0 0.878125 0.35390625 0.0140625 0.015625
0 0.69140625 0.3421875 0.009375 0.01328125
0 0.28203125 0.41953125 0.0140625 0.01796875
0 0.0265625 0.41953125 0.01484375 0.0234375
0 0.0578125 0.5765625 0.01484375 0.021875
0 0.36953125 0.3578125 0.0109375 0.0171875
0 0.6515625 0.5140625 0.01640625 0.021875
0 0.7296875 0.40625 0.009375 0.01796875
0 0.615625 0.35390625 0.0109375 0.01328125
0 0.66875 0.3453125 0.00859375 0.01328125
0 0.40390625 0.36796875 0.0109375 0.0171875
0 0.4921875 0.36796875 0.01171875 0.0171875
0 0.59140625 0.3640625 0.0109375 0.0140625
0 0.728125 0.359375 0.0109375 0.01796875
0 0.76484375 0.3671875 0.0109375 0.015625
0 0.70625 0.31875 0.0109375 0.01328125
0 0.1828125 0.50625 0.0125 0.01953125
0 0.51796875 0.2921875 0.00859375 0.01171875
0 0.4796875 0.4171875 0.009375 0.0140625
0 0.30625 0.509375 0.0125 0.01953125
0 0.234375 0.43125 0.0140625 0.01796875
0 0.1171875 0.35546875 0.01171875 0.01796875
0 0.16875 0.53515625 0.0140625 0.01796875
0 0.553125 0.1296875 0.01171875 0.0171875
0 0.10625 0.47890625 0.0125 0.02109375
0 0.54453125 0.3796875 0.0109375 0.0140625
0 0.1515625 0.5046875 0.0140625 0.01953125
0 0.40390625 0.315625 0.0109375 0.0171875
0 0.70546875 0.34453125 0.00859375 0.0140625
0 0.53203125 0.29296875 0.00859375 0.01328125
0 0.43046875 0.30625 0.0109375 0.01328125
0 0.3078125 0.4359375 0.0140625 0.0171875
0 0.415625 0.34453125 0.0109375 0.0140625
0 0.04296875 0.471875 0.0140625 0.021875
0 0.0421875 0.5765625 0.0171875 0.02734375
0 0.671875 0.4546875 0.01171875 0.0140625
0 0.3796875 0.3171875 0.009375 0.0140625
0 0.01484375 0.4546875 0.0125 0.0171875
0 0.0046875 0.38046875 0.00859375 0.01796875
0 0.12734375 0.48046875 0.0125 0.01796875
0 0.67109375 0.49296875 0.0125 0.0171875
0 0.56640625 0.34453125 0.009375 0.0140625
0 0.0046875 0.30625 0.009375 0.01796875
0 0.03359375 0.3796875 0.0125 0.01953125
0 0.61796875 0.33046875 0.00859375 0.01328125
0 0.665625 0.36640625 0.0109375 0.0140625
0 0.51640625 0.34765625 0.009375 0.015625
0 0.290625 0.44375 0.0125 0.0140625
0 0.48203125 0.37421875 0.0109375 0.0140625
0 0.503125 0.346875 0.0109375 0.0140625
0 0.65546875 0.365625 0.0109375 0.015625
0 0.64140625 0.3515625 0.009375 0.01328125
0 0.95390625 0.29296875 0.009375 0.01328125
0 0.5203125 0.11875 0.01171875 0.01328125
0 0.55625 0.33046875 0.00703125 0.01328125
0 0.56875 0.3265625 0.00859375 0.01328125
0 0.00703125 0.41953125 0.0140625 0.01796875
0 0.41875 0.296875 0.00859375 0.01328125
0 0.215625 0.4453125 0.0125 0.01796875
0 0.39140625 0.3796875 0.009375 0.0140625
0 0.96953125 0.3890625 0.0140625 0.0171875
0 0.54375 0.29296875 0.00859375 0.01328125
0 0.58828125 0.2875 0.00859375 0.01171875
0 0.75546875 0.3296875 0.0109375 0.0140625
0 0.546875 0.31875 0.009375 0.0140625
0 0.76484375 0.3828125 0.01171875 0.015625
0 0.534375 0.31328125 0.0109375 0.0140625
0 0.96953125 0.36015625 0.0140625 0.0171875
0 0.39375 0.3984375 0.01171875 0.01796875
0 0.99296875 0.2984375 0.0109375 0.015625
0 0.1890625 0.42265625 0.0140625 0.01953125