1 0.4984375 0.49921875 0.996875 0.9984375
1 0.6296875 0.9375 0.03515625 0.0265625
1 0.51484375 0.93046875 0.0453125 0.034375
1 0.5296875 0.79921875 0.03515625 0.02421875
1 0.6296875 0.96171875 0.11484375 0.0734375
1 0.6109375 0.6453125 0.0328125 0.02109375
1 0.6921875 0.95078125 0.0453125 0.0296875
1 0.4078125 0.9765625 0.0453125 0.028125
1 0.2015625 0.76875 0.0375 0.028125
1 0.76484375 0.83515625 0.03515625 0.028125
1 0.28515625 0.9484375 0.03515625 0.028125
1 0.3921875 0.74296875 0.03984375 0.0265625
1 0.4109375 0.95234375 0.04765625 0.0265625
1 0.4828125 0.74921875 0.03515625 0.0265625
1 0.2984375 0.865625 0.0375 0.02265625
1 0.47890625 0.87421875 0.0375 0.0296875
1 0.8265625 0.7734375 0.0328125 0.02421875
1 0.1046875 0.9109375 0.03984375 0.02421875
1 0.4859375 0.97109375 0.0375 0.02421875
1 0.2359375 0.8546875 0.0328125 0.02265625
1 0.8765625 0.97265625 0.0375 0.02421875
1 0.6328125 0.790625 0.03515625 0.0265625
1 0.69765625 0.83515625 0.03515625 0.02109375
1 0.7734375 0.971875 0.0375 0.0265625
1 0.6203125 0.90625 0.0453125 0.028125
1 0.35 0.96015625 0.03984375 0.02421875
1 0.72109375 0.90703125 0.0328125 0.02265625
1 0.7015625 0.9859375 0.0375 0.02421875
1 0.21640625 0.965625 0.04765625 0.0359375
1 0.08359375 0.9640625 0.0375 0.0265625
1 0.92734375 0.88515625 0.0453125 0.0328125
1 0.31875 0.69921875 0.0421875 0.0296875
1 0.25625 0.99609375 0.0421875 0.0046875
1 0.55 0.98828125 0.03984375 0.01953125
1 0.0921875 0.82421875 0.0453125 0.03125