0 0.61796875 0.775 0.06328125 0.1125
0 0.60859375 0.9375 0.07734375 0.12265625
0 0.93828125 0.7140625 0.08984375 0.16328125
0 0.7609375 0.8203125 0.0671875 0.13671875
0 0.19453125 0.66328125 0.04765625 0.0703125
0 0.103125 0.753125 0.053125 0.0859375
0 0.11171875 0.65 0.0265625 0.04375
0 0.8328125 0.74609375 0.0390625 0.0609375
0 0.19765625 0.77734375 0.0734375 0.1296875
0 0.2078125 0.5640625 0.03984375 0.07265625
0 0.53984375 0.66484375 0.01953125 0.03203125
0 0.51171875 0.64296875 0.0171875 0.02890625
0 0.51796875 0.57890625 0.0125 0.0203125
0 0.84296875 0.93984375 0.1375 0.11796875
0 0.50703125 0.60703125 0.0140625 0.021875
0 0.36796875 0.83828125 0.11796875 0.18359375
0 0.278125 0.77578125 0.0796875 0.13125
0 0.0296875 0.803125 0.059375 0.1484375
0 0.409375 0.6734375 0.01640625 0.0265625
0 0.478125 0.59140625 0.0125 0.021875
0 0.4671875 0.67734375 0.01953125 0.03359375
0 0.42734375 0.62421875 0.01484375 0.0265625
0 0.3046875 0.5921875 0.01171875 0.01875
0 0.353125 0.61796875 0.01171875 0.0203125
0 0.70859375 0.553125 0.0125 0.021875
0 0.690625 0.78515625 0.0421875 0.07109375
0 0.38359375 0.59296875 0.01171875 0.0203125
0 0.43046875 0.55234375 0.0109375 0.0171875
0 0.6453125 0.63046875 0.015625 0.025
0 0.6171875 0.646875 0.01953125 0.02890625
0 0.51171875 0.78359375 0.06875 0.10625
0 0.384375 0.65625 0.0171875 0.02890625
0 0.52890625 0.5515625 0.0109375 0.01875
0 0.434375 0.58359375 0.0125 0.01875
0 0.4453125 0.64375 0.015625 0.02734375
0 0.409375 0.64140625 0.01484375 0.0265625
0 0.671875 0.571875 0.01171875 0.01875
0 0.33515625 0.5921875 0.0140625 0.01875
0 0.74296875 0.64296875 0.01640625 0.0265625
0 0.6078125 0.559375 0.0140625 0.01875
0 0.271875 0.5921875 0.0125 0.0234375
0 0.70546875 0.7078125 0.0203125 0.03359375
0 0.8171875 0.70078125 0.02265625 0.02890625
0 0.36796875 0.640625 0.01484375 0.021875
0 0.671875 0.54609375 0.01171875 0.01875
0 0.56875 0.53125 0.00859375 0.01640625
0 0.49140625 0.70703125 0.03984375 0.04375
0 0.3390625 0.7046875 0.0296875 0.03671875
0 0.67109375 0.69453125 0.01875 0.02734375
0 0.84453125 0.8203125 0.05859375 0.06875
0 0.54609375 0.5796875 0.0140625 0.01875
0 0.7140625 0.62578125 0.01640625 0.02734375
0 0.4515625 0.57578125 0.0140625 0.0234375
0 0.50703125 0.5421875 0.009375 0.01484375
0 0.684375 0.5859375 0.0140625 0.0203125
0 0.53203125 0.70078125 0.025 0.03203125
0 0.64609375 0.5796875 0.0125 0.021875
0 0.65546875 0.565625 0.0125 0.0203125
0 0.284375 0.66796875 0.02265625 0.03828125
0 0.671875 0.72734375 0.01953125 0.03203125
0 0.62890625 0.56484375 0.01171875 0.01875
0 0.3015625 0.6234375 0.0140625 0.01875
0 0.5609375 0.5890625 0.01484375 0.0234375
0 0.290625 0.58046875 0.0109375 0.0171875
0 0.78203125 0.68515625 0.02265625 0.03515625
0 0.3578125 0.59140625 0.009375 0.01875
0 0.4953125 0.5421875 0.009375 0.01484375
0 0.5796875 0.58125 0.01171875 0.01875
0 0.64609375 0.5421875 0.0109375 0.01484375
0 0.67734375 0.60546875 0.01484375 0.021875
0 0.41875 0.57890625 0.009375 0.0171875
0 0.59140625 0.54140625 0.0109375 0.01640625
0 0.48125 0.54765625 0.009375 0.01640625
0 0.4796875 0.5296875 0.009375 0.01328125
0 0.378125 0.571875 0.0109375 0.01640625
0 0.39140625 0.57265625 0.0109375 0.01484375
0 0.45703125 0.553125 0.009375 0.01640625
0 0.32890625 0.54140625 0.009375 0.01328125
0 0.553125 0.54375 0.0109375 0.01484375
0 0.6515625 0.6953125 0.01953125 0.03203125
0 0.2671875 0.54296875 0.0078125 0.01328125
0 0.30546875 0.52890625 0.00859375 0.01171875
0 0.3109375 0.65078125 0.0171875 0.02734375
0 0.6203125 0.54140625 0.009375 0.01640625
0 0.540625 0.603125 0.0140625 0.0203125
0 0.40390625 0.5703125 0.0109375 0.01484375
0 0.4171875 0.603125 0.009375 0.01875
0 0.54375 0.53359375 0.0078125 0.01484375
0 0.628125 0.58515625 0.0125 0.01875
0 0.5921875 0.6046875 0.01484375 0.0234375
0 0.465625 0.53359375 0.0109375 0.01484375
0 0.5921875 0.5671875 0.0125 0.0171875
0 0.46953125 0.57265625 0.01171875 0.0171875
0 0.48125 0.5171875 0.00703125 0.00859375
0 0.33359375 0.62890625 0.0125 0.01875
0 0.559375 0.634375 0.01484375 0.0234375
0 0.57734375 0.60390625 0.015625 0.025
0 0.74140625 0.68515625 0.02265625 0.03515625
0 0.575 0.66875 0.01875 0.02734375
0 0.63046875 0.60859375 0.01875 0.021875
0 0.51796875 0.55546875 0.0109375 0.01484375
0 0.6578125 0.584375 0.0140625 0.0203125
0 0.359375 0.66796875 0.01953125 0.0265625
0 0.3421875 0.54140625 0.0078125 0.01328125
0 0.29296875 0.52890625 0.0078125 0.01171875
0 0.43125 0.68125 0.01875 0.02734375
0 0.759375 0.63984375 0.015625 0.0234375
0 0.35625 0.56875 0.009375 0.01484375
0 0.3328125 0.5703125 0.009375 0.01484375
0 0.28203125 0.54140625 0.0078125 0.01328125
0 0.071875 0.94609375 0.1109375 0.1046875
0 0.35625 0.5421875 0.0078125 0.01171875
0 0.72578125 0.53828125 0.01171875 0.021875
0 0.253125 0.55390625 0.0109375 0.0171875
0 0.39296875 0.52890625 0.00703125 0.01171875
0 0.5171875 0.5328125 0.0078125 0.01328125
0 0.57890625 0.54140625 0.009375 0.01328125
0 0.6 0.67734375 0.0359375 0.03359375
0 0.60078125 0.63671875 0.0171875 0.02890625
0 0.36875 0.53046875 0.00703125 0.00859375
0 0.41875 0.52890625 0.0078125 0.01171875
0 0.80390625 0.6765625 0.0171875 0.0265625
0 0.50703125 0.5203125 0.0078125 0.01171875
0 0.61171875 0.6109375 0.01484375 0.0234375
0 0.565625 0.5671875 0.0109375 0.0171875
0 0.728125 0.721875 0.025 0.04375
0 0.478125 0.6265625 0.0140625 0.02890625
0 0.6859375 0.5375 0.0109375 0.01640625
0 0.715625 0.59375 0.0140625 0.01875
0 0.4046875 0.603125 0.01171875 0.01875
0 0.284375 0.60546875 0.0125 0.021875
0 0.38125 0.52890625 0.00703125 0.01171875
0 0.34375 0.53046875 0.0078125 0.00859375
0 0.85625 0.69765625 0.01875 0.021875
0 0.58359375 0.628125 0.01484375 0.0234375
0 0.415625 0.72421875 0.03046875 0.046875
0 0.40703125 0.54453125 0.00859375 0.01640625
0 0.4296875 0.50703125 0.0078125 0.01171875
0 0.821875 0.67578125 0.01875 0.021875
0 0.60625 0.5296875 0.0078125 0.01328125
0 0.38203125 0.51875 0.0078125 0.00859375
0 0.4671875 0.51796875 0.00703125 0.01015625
0 0.5296875 0.53125 0.0078125 0.01015625
0 0.3921875 0.61953125 0.01171875 0.0203125
0 0.4578125 0.6171875 0.0140625 0.01875
0 0.45546875 0.5171875 0.00703125 0.00859375
0 0.49296875 0.5203125 0.00703125 0.01171875
0 0.3078125 0.54453125 0.00859375 0.01640625
0 0.38125 0.54296875 0.00859375 0.01328125
0 0.44375 0.53359375 0.00859375 0.01484375
0 0.31875 0.53046875 0.00703125 0.00859375
0 0.44453125 0.515625 0.0078125 0.01015625
0 0.4046875 0.53046875 0.0078125 0.00859375
0 0.36171875 0.51171875 0.00703125 0.00859375
0 0.25546875 0.52734375 0.00703125 0.01171875
0 0.4421875 0.71171875 0.0234375 0.0390625
0 0.315625 0.60546875 0.0109375 0.01875
0 0.53203125 0.51796875 0.0078125 0.01015625
0 0.51796875 0.51875 0.00703125 0.00859375
0 0.60078125 0.58515625 0.0140625 0.021875
0 0.490625 0.59140625 0.01171875 0.01875
0 0.26796875 0.5671875 0.00859375 0.01484375
0 0.28125 0.53046875 0.0078125 0.00859375
0 0.696875 0.6125 0.015625 0.0234375
0 0.4125 0.51171875 0.00703125 0.00859375
0 0.346875 0.63671875 0.0140625 0.0171875
0 0.2796875 0.565625 0.009375 0.0171875
0 0.43125 0.52734375 0.00703125 0.01484375
0 0.61875 0.56328125 0.0109375 0.01640625
0 0.78203125 0.5921875 0.0140625 0.021875
0 0.35625 0.53046875 0.00703125 0.00859375
0 0.5296875 0.63125 0.01484375 0.0265625
0 0.6609375 0.6046875 0.01484375 0.0234375
0 0.5296875 0.50546875 0.0078125 0.01015625
0 0.29375 0.54296875 0.0078125 0.01328125
0 0.34296875 0.51796875 0.00703125 0.01015625
0 0.54296875 0.51640625 0.0078125 0.01328125
0 0.08203125 0.6796875 0.021875 0.025