0 0.46953125 0.528125 0.04765625 0.08203125
0 0.5546875 0.459375 0.0453125 0.08359375
0 0.540625 0.3609375 0.03515625 0.059375
0 0.35625 0.41796875 0.04296875 0.07890625
0 0.6828125 0.32890625 0.03515625 0.0640625
0 0.859375 0.48671875 0.05078125 0.08828125
0 0.7453125 0.4546875 0.040625 0.06875
0 0.23828125 0.4640625 0.046875 0.07890625
0 0.52578125 0.26796875 0.034375 0.05625
0 0.09140625 0.4703125 0.059375 0.10859375
0 0.49296875 0.3359375 0.0375 0.0640625
0 0.47578125 0.275 0.03125 0.05546875
0 0.09453125 0.65078125 0.0875 0.14765625
0 0.259375 0.6546875 0.0609375 0.103125
0 0.3609375 0.153125 0.0234375 0.04765625
0 0.7984375 0.29375 0.0328125 0.05625
0 0.6984375 0.65390625 0.0796875 0.14296875
0 0.9671875 0.33046875 0.0390625 0.0640625
0 0.1859375 0.48984375 0.05859375 0.096875
0 0.45546875 0.3578125 0.04375 0.065625
0 0.21953125 0.86796875 0.115625 0.1953125
0 0.98125 0.203125 0.0265625 0.04609375
0 0.78203125 0.04375 0.01640625 0.025
0 0.4359375 0.2796875 0.03984375 0.0640625
0 0.35078125 0.21015625 0.02734375 0.0328125
0 0.5375 0.178125 0.028125 0.04296875
0 0.30546875 0.45546875 0.05390625 0.09375
0 0.9046875 0.0640625 0.0171875 0.0265625
0 0.7140625 0.2390625 0.0359375 0.0375
0 0.1765625 0.32421875 0.0375 0.0578125
0 0.32734375 0.871875 0.0984375 0.17578125
0 0.8984375 0.1828125 0.0234375 0.04296875
0 0.55 0.11953125 0.0203125 0.0390625
0 0.47265625 0.671875 0.0796875 0.13671875
0 0.075 0.240625 0.0265625 0.04921875
0 0.9359375 0.29609375 0.0296875 0.04609375
0 0.9203125 0.415625 0.040625 0.07421875
0 0.7109375 0.29453125 0.0328125 0.0609375
0 0.75078125 0.30703125 0.03125 0.04453125
0 0.884375 0.8015625 0.0921875 0.17578125
0 0.26875 0.26640625 0.03046875 0.05546875
0 0.84453125 0.2796875 0.03203125 0.04609375
0 0.70546875 0.41796875 0.0421875 0.07890625
0 0.84140625 0.2296875 0.0265625 0.04453125
0 0.253125 0.3796875 0.0359375 0.04765625
0 0.6828125 0.14453125 0.02421875 0.04453125
0 0.753125 0.1640625 0.02265625 0.0359375
0 0.84453125 0.18203125 0.0234375 0.0390625
0 0.13984375 0.28125 0.03203125 0.0578125
0 0.8953125 0.31796875 0.0375 0.0671875
0 0.7421875 0.10859375 0.01953125 0.0328125
0 0.5796875 0.05546875 0.0171875 0.0296875
0 0.62265625 0.0875 0.0203125 0.028125
0 0.47578125 0.16015625 0.0234375 0.04296875
0 0.3203125 0.14765625 0.02734375 0.04765625
0 0.5828125 0.1671875 0.0234375 0.04140625
0 0.31875 0.2953125 0.0359375 0.04453125
0 0.78203125 0.3578125 0.0375 0.065625
0 0.5828125 0.1015625 0.021875 0.0390625
0 0.825 0.1578125 0.0203125 0.0390625
0 0.378125 0.28984375 0.04609375 0.07265625
0 0.2765625 0.18671875 0.028125 0.03125
0 0.13984375 0.07578125 0.0203125 0.0328125
0 0.60546875 0.36015625 0.0453125 0.04609375
0 0.03828125 0.24765625 0.028125 0.05078125
0 0.63203125 0.45546875 0.0546875 0.090625
0 0.61875 0.26328125 0.03046875 0.05234375
0 0.3921875 0.61171875 0.0625 0.11796875
0 0.02265625 0.0484375 0.02265625 0.034375
0 0.83046875 0.07890625 0.01875 0.0296875
0 0.7453125 0.3703125 0.03828125 0.0671875
0 0.2171875 0.203125 0.03125 0.05546875
0 0.8796875 0.2359375 0.028125 0.05234375
0 0.92109375 0.03671875 0.0171875 0.028125
0 0.08359375 0.040625 0.01875 0.028125
0 0.15859375 0.39140625 0.0421875 0.0578125
0 0.7484375 0.0640625 0.0171875 0.0296875
0 0.07734375 0.08125 0.021875 0.034375
0 0.7875 0.21796875 0.028125 0.04765625
0 0.76484375 0.2640625 0.0296875 0.04765625
0 0.8078125 0.184375 0.0234375 0.034375
0 0.315625 0.346875 0.03203125 0.05078125
0 0.94375 0.10859375 0.01875 0.0328125
0 0.34765625 0.25078125 0.025 0.04296875
0 0.71953125 0.0625 0.0171875 0.0296875
0 0.7171875 0.109375 0.0203125 0.03125
0 0.78984375 0.128125 0.01953125 0.0359375
0 0.50625 0.1234375 0.01953125 0.0328125
0 0.20234375 0.01796875 0.015625 0.02109375
0 0.20234375 0.10703125 0.01875 0.0265625
0 0.56484375 0.03671875 0.01875 0.028125
0 0.8796875 0.09921875 0.021875 0.034375
0 0.41875 0.1640625 0.0234375 0.04453125
0 0.8390625 0.11328125 0.01953125 0.0296875
0 0.44609375 0.06875 0.0171875 0.0265625
0 0.4921875 0.4328125 0.05078125 0.07578125
0 0.21796875 0.31484375 0.03828125 0.05390625
0 0.3828125 0.03984375 0.015625 0.025
0 0.7796875 0.01484375 0.01484375 0.02109375
0 0.84765625 0.32109375 0.0375 0.034375
0 0.1828125 0.1921875 0.025 0.04453125
0 0.91875 0.25546875 0.025 0.04296875
0 0.2171875 0.0453125 0.01640625 0.028125
0 0.38359375 0.07890625 0.01953125 0.0296875
0 0.06328125 0.30390625 0.034375 0.04140625
0 0.5921875 0.27734375 0.025 0.05390625
0 0.0828125 0.159375 0.021875 0.0296875
0 0.19453125 0.0515625 0.0171875 0.03125
0 0.0171875 0.1328125 0.0234375 0.0328125
0 0.2984375 0.07734375 0.01953125 0.0296875
0 0.6828125 0.209375 0.025 0.04609375
0 0.6234375 0.1375 0.0265625 0.040625
0 0.4984375 0.15546875 0.01953125 0.034375
0 0.6453125 0.01484375 0.0140625 0.02109375
0 0.85625 0.36875 0.0453125 0.0609375
0 0.59609375 0.03125 0.0125 0.02109375
0 0.753125 0.21875 0.0265625 0.0359375
0 0.43203125 0.1015625 0.02265625 0.0328125
0 0.73125 0.1484375 0.0203125 0.034375
0 0.79609375 0.07734375 0.0171875 0.02421875
0 0.4671875 0.21484375 0.03046875 0.04453125
0 0.66875 0.0515625 0.0171875 0.03125
0 0.2171875 0.1453125 0.0203125 0.025
0 0.478125 0.11953125 0.021875 0.0296875
0 0.025 0.18125 0.02734375 0.03125
0 0.278125 0.1515625 0.02421875 0.03125
0 0.2796875 0.2203125 0.0296875 0.0328125
0 0.10859375 0.35859375 0.03203125 0.04296875
0 0.58671875 0.21171875 0.02421875 0.04453125
0 0.55625 0.07734375 0.01875 0.0265625
0 0.38828125 0.13515625 0.0203125 0.0375
0 0.98828125 0.44296875 0.021875 0.07734375
0 0.7375 0.19140625 0.02421875 0.034375
0 0.9734375 0.14375 0.021875 0.028125
0 0.01015625 0.38984375 0.0203125 0.0671875
0 0.1578125 0.58828125 0.05390625 0.090625
0 0.78203125 0.17109375 0.0203125 0.0296875
0 0.10390625 0.16875 0.0203125 0.0296875
0 0.94140625 0.18359375 0.02734375 0.04453125
0 0.88125 0.66640625 0.08125 0.0953125
0 0.53046875 0.11015625 0.01875 0.0328125
0 0.6828125 0.10625 0.01875 0.02265625
0 0.07109375 0.3453125 0.0375 0.04296875
0 0.4015625 0.19921875 0.0265625 0.04609375
0 0.13984375 0.1625 0.0234375 0.0265625
0 0.40703125 0.071875 0.0171875 0.0265625
0 0.33125 0.0671875 0.01953125 0.0265625
0 0.22265625 0.10390625 0.0171875 0.025
0 0.90703125 0.1453125 0.02265625 0.03125
0 0.2890625 0.01484375 0.015625 0.02109375
0 0.26484375 0.121875 0.0203125 0.0328125
0 0.8203125 0.05 0.015625 0.028125
0 0.99296875 0.1015625 0.01171875 0.0328125
0 0.0515625 0.10078125 0.02265625 0.034375
0 0.6390625 0.18671875 0.03515625 0.05546875
0 0.84296875 0.14375 0.0171875 0.03125
0 0.05234375 0.1671875 0.02421875 0.0328125
0 0.69375 0.0796875 0.01875 0.03125
0 0.528125 0.07734375 0.0171875 0.0296875
0 0.01484375 0.08671875 0.025 0.0359375
0 0.87734375 0.1625 0.01875 0.0390625
0 0.6640625 0.11171875 0.0171875 0.0328125
0 0.31640625 0.10546875 0.0234375 0.0265625
0 0.61953125 0.0515625 0.01640625 0.028125
0 0.759375 0.09453125 0.01875 0.034375
0 0.66875 0.01484375 0.01484375 0.02109375
0 0.85625 0.9640625 0.14453125 0.06875
0 0.915625 0.11484375 0.0171875 0.0328125
0 0.32109375 0.03671875 0.0171875 0.028125
0 0.6515625 0.040625 0.01484375 0.025
0 0.321875 0.20390625 0.0234375 0.0359375
0 0.925 0.21640625 0.0265625 0.0296875
0 0.3078125 0.253125 0.028125 0.0359375
0 0.190625 0.13203125 0.0203125 0.028125
0 0.7078125 0.19765625 0.025 0.040625
0 0.046875 0.41796875 0.040625 0.08828125
0 0.79375 0.42578125 0.04375 0.07265625
0 0.12890625 0.21484375 0.02734375 0.04140625
0 0.81328125 0.1078125 0.01875 0.03125
0 0.8703125 0.03515625 0.01484375 0.025
0 0.509375 0.053125 0.01640625 0.025
0 0.4984375 0.9109375 0.1140625 0.17578125
0 0.9328125 0.33984375 0.03125 0.04765625
0 0.2390625 0.1453125 0.02265625 0.034375
0 0.2796875 0.07265625 0.0171875 0.0265625
0 0.6109375 0.21640625 0.025 0.0390625
0 0.1453125 0.12109375 0.021875 0.0328125
0 0.4796875 0.0546875 0.015625 0.025
0 0.75625 0.13359375 0.01953125 0.025
0 0.73046875 0.0078125 0.0140625 0.015625
0 0.33828125 0.03984375 0.01640625 0.02265625
0 0.353125 0.0296875 0.01484375 0.01796875
0 0.17421875 0.153125 0.02265625 0.028125
0 0.946875 0.2546875 0.0328125 0.0359375
0 0.09453125 0.12109375 0.021875 0.0328125
0 0.11875 0.028125 0.01484375 0.02421875
0 0.628125 0.01484375 0.01484375 0.02109375
0 0.79375 0.01640625 0.0140625 0.02109375
0 0.753125 0.0265625 0.01484375 0.02421875
0 0.1203125 0.08359375 0.0171875 0.0296875
0 0.853125 0.028125 0.015625 0.02421875
0 0.85625 0.09140625 0.01875 0.03125
0 0.8203125 0.02265625 0.015625 0.02109375
0 0.1171875 0.140625 0.0234375 0.028125
0 0.290625 0.0421875 0.01640625 0.025
0 0.3703125 0.01484375 0.0140625 0.01796875
0 0.221875 0.3734375 0.03046875 0.0578125
0 0.56796875 0.29921875 0.03046875 0.04765625
0 0.44375 0.13125 0.01875 0.0265625
0 0.34609375 0.10703125 0.01875 0.0296875
0 0.84453125 0.059375 0.01640625 0.0265625
0 0.48125 0.08046875 0.0171875 0.0265625
0 0.41796875 0.03828125 0.0140625 0.01953125
0 0.89296875 0.03984375 0.01484375 0.02265625
0 0.7078125 0.03984375 0.015625 0.025
0 0.0328125 0.3359375 0.03515625 0.04921875
0 0.5484375 0.03125 0.015625 0.0296875
0 0.440625 0.1625 0.01875 0.0328125
0 0.45546875 0.040625 0.01484375 0.02265625
0 0.4046875 0.1046875 0.01953125 0.0296875
0 0.64140625 0.10703125 0.015625 0.02421875
0 0.76484375 0.00703125 0.0125 0.01328125
0 0.1453125 0.00703125 0.0171875 0.01328125
0 0.36484375 0.10546875 0.01875 0.0265625
0 0.1546875 0.0328125 0.01640625 0.0265625
0 0.70625 0.14375 0.01953125 0.03125
0 0.259375 0.03984375 0.0171875 0.025
0 0.8921875 0.01640625 0.0140625 0.01796875
0 0.33515625 0.01484375 0.01484375 0.02109375
0 0.0578125 0.02421875 0.01640625 0.02109375
0 0.23359375 0.06875 0.01875 0.0296875
0 0.503125 0.01171875 0.015625 0.0234375
0 0.17109375 0.0453125 0.0171875 0.028125
0 0.29375 0.10234375 0.0171875 0.025
0 0.9390625 0.146875 0.0171875 0.028125
0 0.69453125 0.01328125 0.0140625 0.02109375
0 0.16484375 0.0078125 0.0171875 0.015625
0 0.4828125 0.0296875 0.01484375 0.01796875
0 0.74296875 0.94375 0.10859375 0.10859375
0 0.23125 0.00703125 0.01484375 0.01328125
0 0.428125 0.0546875 0.0125 0.01953125
0 0.40546875 0.01640625 0.0125 0.02109375
0 0.2671875 0.00703125 0.0140625 0.01328125
0 0.2421875 0.03125 0.0140625 0.01796875
0 0.2421875 0.21015625 0.0234375 0.04453125
0 0.315625 0.00703125 0.01484375 0.01328125
0 0.56875 0.01171875 0.01484375 0.02109375
0 0.5234375 0.140625 0.021875 0.03125
0 0.98515625 0.8046875 0.02734375 0.14921875
0 0.0578125 0.2 0.02265625 0.0296875
0 0.05234375 0.0515625 0.01640625 0.028125
0 0.43359375 0.009375 0.0140625 0.01875
0 0.80078125 0.053125 0.015625 0.025
0 0.64921875 0.07734375 0.01640625 0.0296875
0 0.9671875 0.09296875 0.01640625 0.028125
0 0.940625 0.0578125 0.0171875 0.0296875
0 0.884375 0.065625 0.01875 0.02421875
0 0.39140625 0.0078125 0.0140625 0.015625
0 0.0953125 0.0640625 0.0171875 0.0296875
0 0.16875 0.1078125 0.01953125 0.028125
0 0.1140625 0.053125 0.0171875 0.028125
0 0.37578125 0.3546875 0.040625 0.04765625
0 0.834375 0.01953125 0.0125 0.02109375
0 0.2578125 0.07734375 0.0171875 0.02421875
0 0.165625 0.23359375 0.03046875 0.04296875
0 0.18515625 0.0109375 0.0140625 0.021875
0 0.0046875 0.18515625 0.009375 0.04140625
0 0.59765625 0.0703125 0.015625 0.0265625
0 0.92109375 0.0640625 0.01640625 0.0265625
0 0.071875 0.11953125 0.02265625 0.0296875
0 0.08984375 0.0109375 0.0171875 0.021875
0 0.98984375 0.26875 0.01875 0.034375
0 0.59375 0.00546875 0.0140625 0.01015625
0 0.725 0.53359375 0.0625 0.07734375
0 0.940625 0.01484375 0.01484375 0.0265625
0 0.103125 0.30078125 0.02734375 0.05078125
0 0.8984375 0.09296875 0.015625 0.03125
0 0.45625 0.01171875 0.015625 0.0234375
0 0.7125 0.01328125 0.0125 0.01796875
0 0.646875 0.284375 0.025 0.04765625
0 0.165625 0.70546875 0.07109375 0.11171875
0 0.4296875 0.22734375 0.02734375 0.01953125
0 0.64921875 0.13515625 0.0203125 0.034375
0 0.99296875 0.134375 0.0125 0.0328125
0 0.0953125 0.21015625 0.0234375 0.04765625
0 0.4859375 0.009375 0.015625 0.01875
0 0.43828125 0.196875 0.0265625 0.04453125
0 0.5015625 0.09140625 0.0171875 0.028125
0 0.88125 0.12890625 0.0203125 0.028125
0 0.946875 0.6234375 0.06171875 0.11484375
0 0.04921875 0.13359375 0.0203125 0.025
0 0.16875 0.07578125 0.01875 0.0296875
0 0.61015625 0.009375 0.0140625 0.01875
0 0.61640625 0.028125 0.01484375 0.02109375
0 0.91875 0.00703125 0.0140625 0.01328125
0 0.81484375 0.21796875 0.02421875 0.040625
0 0.275 0.02421875 0.0125 0.02109375
0 0.36640625 0.0640625 0.01640625 0.0265625
0 0.2296875 0.02421875 0.015625 0.01796875
0 0.2859375 0.3390625 0.02734375 0.04296875