0 0.33984375 0.35390625 0.03125 0.04453125
0 0.0609375 0.56875 0.03984375 0.05703125
0 0.42109375 0.2484375 0.01953125 0.0296875
0 0.36796875 0.38125 0.03203125 0.04921875
0 0.40703125 0.47265625 0.04609375 0.06484375
0 0.740625 0.2796875 0.0203125 0.03671875
0 0.6203125 0.2421875 0.021875 0.03671875
0 0.78515625 0.3578125 0.0328125 0.0484375
0 0.68828125 0.20546875 0.021875 0.03671875
0 0.290625 0.26796875 0.02265625 0.03125
0 0.59375 0.43828125 0.0390625 0.05859375
0 0.5765625 0.5109375 0.0453125 0.0640625
0 0.2390625 0.44296875 0.0375 0.05703125
0 0.3734375 0.20546875 0.015625 0.02578125
0 0.48359375 0.2984375 0.02421875 0.0375
0 0.36171875 0.3125 0.028125 0.0390625
0 0.21171875 0.29296875 0.025 0.03671875
0 0.8078125 0.32265625 0.03046875 0.04453125
0 0.3078125 0.159375 0.01484375 0.021875
0 0.5234375 0.2890625 0.0234375 0.03359375
0 0.41875 0.34453125 0.03125 0.0484375
0 0.196875 0.38125 0.0359375 0.05078125
0 0.0296875 0.234375 0.025 0.03125
0 0.44140625 0.28046875 0.025 0.0375
0 0.3890625 0.2 0.015625 0.025
0 0.13515625 0.1359375 0.01484375 0.021875
0 0.3265625 0.4203125 0.03515625 0.05078125
0 0.6296875 0.33671875 0.0234375 0.0375
0 0.66328125 0.29375 0.025 0.0375
0 0.01484375 0.3703125 0.0296875 0.04296875
0 0.7578125 0.5484375 0.046875 0.0703125
0 0.01484375 0.14296875 0.01484375 0.01796875
0 0.765625 0.2734375 0.0234375 0.03671875
0 0.7296875 0.8171875 0.0640625 0.09765625
0 0.5625 0.3390625 0.0234375 0.04296875
0 0.053125 0.22265625 0.01953125 0.03125
0 0.45546875 0.18671875 0.01640625 0.025
0 0.28203125 0.2171875 0.0203125 0.0296875
0 0.8296875 0.65 0.05625 0.084375
0 0.3578125 0.54765625 0.040625 0.05859375
0 0.04296875 0.13125 0.0140625 0.0234375
0 0.81328125 0.26953125 0.0265625 0.04140625
0 0.1140625 0.43671875 0.0375 0.05078125
0 0.92265625 0.41328125 0.0359375 0.053125
0 0.48125 0.2546875 0.02265625 0.0328125
0 0.52109375 0.2015625 0.01875 0.0296875
0 0.32109375 0.26015625 0.0203125 0.03125
0 0.58671875 0.2375 0.02265625 0.0328125
0 0.4453125 0.23203125 0.0171875 0.02890625
0 0.696875 0.45078125 0.03984375 0.05703125
0 0.065625 0.1546875 0.01640625 0.0234375
0 0.7140625 0.2640625 0.021875 0.03671875
0 0.23359375 0.25625 0.02265625 0.0328125
0 0.93125 0.3046875 0.03203125 0.04921875
0 0.325 0.22890625 0.01875 0.02578125
0 0.39296875 0.26171875 0.01875 0.02578125
0 0.00625 0.18125 0.01171875 0.0296875
0 0.890625 0.37265625 0.03125 0.046875
0 0.409375 0.21796875 0.01640625 0.025
0 0.01640625 0.509375 0.03203125 0.05859375
0 0.9890625 0.46015625 0.0203125 0.053125
0 0.35625 0.20625 0.015625 0.025
0 0.11484375 0.1734375 0.01875 0.0296875
0 0.0171875 0.165625 0.01484375 0.021875
0 0.80234375 0.0921875 0.028125 0.04921875
0 0.1484375 0.375 0.03125 0.04921875
0 0.93984375 0.4828125 0.03203125 0.0484375
0 0.478125 0.22578125 0.01953125 0.025
0 0.028125 0.2015625 0.0171875 0.0234375
0 0.690625 0.27265625 0.02421875 0.03515625
0 0.04921875 0.33046875 0.034375 0.04921875
0 0.3265625 0.1640625 0.015625 0.0234375
0 0.20234375 0.19296875 0.0171875 0.03125
0 0.159375 0.17890625 0.01640625 0.025
0 0.01484375 0.3328125 0.028125 0.0328125
0 0.990625 0.2765625 0.0171875 0.0375
0 0.17578125 0.50625 0.046875 0.05625
0 0.50390625 0.2375 0.01953125 0.0328125
0 0.17734375 0.221875 0.01875 0.025
0 0.67109375 0.228125 0.02421875 0.03515625
0 0.359375 0.275 0.0234375 0.03125
0 0.740625 0.43125 0.03203125 0.05078125
0 0.91875 0.35078125 0.0265625 0.0453125
0 0.1078125 0.2171875 0.021875 0.02578125
0 0.07578125 0.25625 0.0203125 0.03359375
0 0.33359375 0.30078125 0.02421875 0.0390625
0 0.64921875 0.26171875 0.01875 0.03125
0 0.8421875 0.1109375 0.028125 0.0453125
0 0.2515625 0.18046875 0.01640625 0.025
0 0.04296875 0.17421875 0.01953125 0.02578125
0 0.77265625 0.7484375 0.0609375 0.0875
0 0.08671875 0.14921875 0.01484375 0.01953125
0 0.0890625 0.4 0.034375 0.04921875
0 0.2265625 0.1390625 0.015625 0.02109375
0 0.1375 0.19765625 0.01953125 0.02890625
0 0.98359375 0.39296875 0.028125 0.03671875
0 0.10390625 0.25625 0.028125 0.0375
0 0.25703125 0.109375 0.0140625 0.02109375
0 0.059375 0.19375 0.01484375 0.025
0 0.36171875 0.24140625 0.01640625 0.02734375
0 0.00390625 0.09140625 0.0078125 0.0234375
0 0.690625 0.4 0.03046875 0.0328125
0 0.721875 0.31953125 0.028125 0.040625
0 0.0109375 0.1078125 0.015625 0.021875
0 0.228125 0.16796875 0.01640625 0.0234375
0 0.4328125 0.19375 0.015625 0.01953125
0 0.45859375 0.2109375 0.01640625 0.0234375