0 0.8078125 0.61328125 0.01953125 0.03125
0 0.184375 0.928125 0.0328125 0.046875
0 0.63125 0.540625 0.0125 0.021875
0 0.4140625 0.54296875 0.0140625 0.01796875
0 0.953125 0.4265625 0.01171875 0.0171875
0 0.83359375 0.63828125 0.01875 0.02578125
0 0.3375 0.7328125 0.0203125 0.0296875
0 0.228125 0.74140625 0.02265625 0.0328125
0 0.0296875 0.69453125 0.0203125 0.02734375
0 0.70234375 0.58125 0.0171875 0.02734375
0 0.553125 0.503125 0.0125 0.01953125
0 0.21875 0.5828125 0.0140625 0.0171875
0 0.08359375 0.8703125 0.028125 0.04296875
0 0.25234375 0.57890625 0.0125 0.021875
0 0.0296875 0.83515625 0.028125 0.0375
0 0.20859375 0.69375 0.0203125 0.0296875
0 0.9421875 0.5921875 0.0171875 0.02578125
0 0.04375 0.80078125 0.02421875 0.03125
0 0.30390625 0.5671875 0.0140625 0.01953125
0 0.76484375 0.678125 0.01953125 0.03125
0 0.93125 0.43125 0.0125 0.01796875
0 0.6515625 0.5546875 0.01484375 0.0234375
0 0.415625 0.69453125 0.01875 0.0328125
0 0.1703125 0.984375 0.0359375 0.02890625
0 0.02421875 0.725 0.02421875 0.0328125
0 0.27734375 0.79375 0.0234375 0.0328125
0 0.390625 0.53125 0.01171875 0.01796875
0 0.9734375 0.53125 0.01640625 0.0234375
0 0.05859375 0.94296875 0.0234375 0.0390625
0 0.290625 0.82578125 0.02421875 0.0390625
0 0.4875 0.8484375 0.0265625 0.04296875
0 0.090625 0.73125 0.02421875 0.0375
0 0.05546875 0.59140625 0.0125 0.01796875
0 0.27734375 0.5875 0.0140625 0.01796875
0 0.97734375 0.5640625 0.0171875 0.02578125
0 0.67890625 0.45625 0.009375 0.0140625
0 0.63203125 0.40703125 0.01171875 0.0140625
0 0.9546875 0.4640625 0.0140625 0.01953125
0 0.496875 0.4046875 0.0109375 0.01328125
0 0.665625 0.44375 0.0109375 0.01328125
0 0.57734375 0.3828125 0.0109375 0.015625
0 0.38203125 0.5421875 0.009375 0.0140625
0 0.65390625 0.4671875 0.0109375 0.0140625
0 0.471875 0.39296875 0.0109375 0.01328125
0 0.97265625 0.43671875 0.0140625 0.01953125
0 0.503125 0.44453125 0.0109375 0.0140625
0 0.38046875 0.62890625 0.0125 0.02109375
0 0.67890625 0.47890625 0.009375 0.01796875
0 0.48125 0.4046875 0.0078125 0.01328125
0 0.34453125 0.4546875 0.009375 0.015625
0 0.3265625 0.7671875 0.0203125 0.03125
0 0.3421875 0.4921875 0.009375 0.015625
0 0.51484375 0.421875 0.009375 0.015625
0 0.39609375 0.3921875 0.00859375 0.01015625
0 0.69296875 0.4546875 0.0109375 0.01328125
0 0.31953125 0.38125 0.0078125 0.01015625
0 0.38203125 0.4671875 0.00859375 0.0140625
0 0.37890625 0.3921875 0.0078125 0.01171875
0 0.66640625 0.49375 0.0109375 0.0140625
0 0.665625 0.4625 0.0109375 0.01796875
0 0.34296875 0.55703125 0.0109375 0.015625
0 0.10859375 0.796875 0.01953125 0.03359375
0 0.34453125 0.3828125 0.00859375 0.01015625
0 0.44453125 0.40625 0.009375 0.01328125
0 0.7703125 0.7078125 0.0171875 0.0296875