0 0.05390625 0.2171875 0.01796875 0.0296875
0 0.59140625 0.29765625 0.0203125 0.03515625
0 0.0265625 0.4453125 0.0296875 0.0453125
0 0.1390625 0.1734375 0.01796875 0.0328125
0 0.334375 0.60859375 0.03515625 0.0578125
0 0.0765625 0.39140625 0.0265625 0.0421875
0 0.96953125 0.36015625 0.021875 0.03515625
0 0.36640625 0.68125 0.03984375 0.0625
0 0.4515625 0.475 0.0296875 0.05
0 0.734375 0.3484375 0.021875 0.0375
0 0.58203125 0.15234375 0.01640625 0.0296875
0 0.64453125 0.2203125 0.01796875 0.03515625
0 0.6140625 0.2140625 0.01796875 0.0328125
0 0.42421875 0.26015625 0.021875 0.03515625
0 0.63203125 0.3484375 0.0234375 0.0375
0 0.3015625 0.30234375 0.0234375 0.03515625
0 0.87421875 0.3875 0.025 0.03984375
0 0.52421875 0.45625 0.025 0.0421875
0 0.484375 0.1734375 0.01796875 0.02734375
0 0.534375 0.3703125 0.025 0.0453125
0 0.15390625 0.6921875 0.04140625 0.06484375
0 0.26171875 0.31484375 0.0234375 0.0453125
0 0.67890625 0.3203125 0.025 0.0296875
0 0.91640625 0.3609375 0.0265625 0.0375
0 0.55703125 0.1125 0.01328125 0.025
0 0.121875 0.5609375 0.03359375 0.0421875
0 0.2890625 0.71875 0.04140625 0.0625
0 0.72421875 0.6796875 0.03515625 0.06015625
0 0.7890625 0.42265625 0.025 0.03984375
0 0.671875 0.725 0.03984375 0.06484375
0 0.14453125 0.21640625 0.021875 0.0328125
0 0.49453125 0.39375 0.025 0.04765625
0 0.15078125 0.0375 0.01484375 0.025
0 0.6390625 0.69609375 0.03828125 0.0625
0 0.32890625 0.53125 0.03203125 0.0578125
0 0.08203125 0.2625 0.0265625 0.03984375
0 0.50703125 0.1390625 0.01640625 0.02734375
0 0.55390625 0.1796875 0.01796875 0.025
0 0.04140625 0.0390625 0.01640625 0.02734375
0 0.68203125 0.36015625 0.0234375 0.03984375
0 0.24453125 0.5484375 0.03515625 0.05234375
0 0.21953125 0.13125 0.01796875 0.02734375
0 0.4765625 0.2640625 0.0234375 0.0328125
0 0.5875 0.7125 0.0546875 0.075
0 0.0515625 0.1390625 0.01640625 0.0328125
0 0.0265625 0.1421875 0.0203125 0.0296875
0 0.49609375 0.8125 0.0453125 0.075
0 0.21640625 0.73359375 0.04296875 0.07265625
0 0.18671875 0.5859375 0.03671875 0.0578125
0 0.6140625 0.38984375 0.021875 0.03984375
0 0.1265625 0.6078125 0.03671875 0.0546875
0 0.1734375 0.41640625 0.0296875 0.0421875
0 0.96171875 0.40234375 0.0265625 0.05
0 0.63671875 0.27734375 0.0203125 0.03984375
0 0.47421875 0.62890625 0.03515625 0.0578125
0 0.3984375 0.2765625 0.0203125 0.0328125
0 0.246875 0.2625 0.0234375 0.03515625
0 0.2640625 0.06484375 0.01484375 0.025
0 0.60703125 0.27109375 0.0203125 0.0375
0 0.821875 0.87265625 0.05 0.0796875
0 0.40703125 0.52265625 0.03359375 0.0546875
0 0.5515625 0.225 0.01640625 0.03515625
0 0.5765625 0.3953125 0.0234375 0.03984375
0 0.02890625 0.18515625 0.01796875 0.03515625
0 0.95390625 0.53359375 0.025 0.0421875
0 0.37890625 0.3734375 0.025 0.02734375
0 0.71953125 0.26015625 0.021875 0.03515625
0 0.7671875 0.85 0.0453125 0.075
0 0.6015625 0.1546875 0.01640625 0.0296875
0 0.10703125 0.7234375 0.046875 0.07265625
0 0.45390625 0.21875 0.021875 0.0328125
0 0.74140625 0.29765625 0.0234375 0.03515625
0 0.59453125 0.6125 0.03828125 0.06015625
0 0.909375 0.42109375 0.021875 0.0375
0 0.5171875 0.59140625 0.03515625 0.05234375
0 0.321875 0.475 0.03359375 0.05
0 0.134375 0.0875 0.01796875 0.025
0 0.7015625 0.92265625 0.053125 0.0953125
0 0.3875 0.4125 0.025 0.05
0 0.1890625 0.03359375 0.01484375 0.02265625
0 0.75703125 0.3453125 0.01640625 0.03984375
0 0.646875 0.17265625 0.0203125 0.0296875
0 0.209375 0.34140625 0.028125 0.05234375
0 0.796875 0.5546875 0.0265625 0.0453125
0 0.31953125 0.0828125 0.01484375 0.025
0 0.83671875 0.4546875 0.0234375 0.0453125
0 0.396875 0.225 0.0203125 0.03515625
0 0.2890625 0.27265625 0.021875 0.0296875
0 0.7515625 0.4234375 0.0265625 0.0421875
0 0.14140625 0.27109375 0.0234375 0.0421875
0 0.521875 0.25625 0.0203125 0.0375
0 0.76953125 0.7046875 0.03203125 0.05
0 0.20703125 0.29375 0.0234375 0.0375
0 0.0171875 0.59140625 0.034375 0.0640625
0 0.84140625 0.79609375 0.04296875 0.07265625
0 0.59453125 0.12734375 0.01796875 0.025
0 0.13203125 0.4140625 0.03359375 0.0578125
0 0.859375 0.42265625 0.025 0.03984375
0 0.346875 0.2953125 0.0203125 0.03515625
0 0.16953125 0.1671875 0.01796875 0.0296875
0 0.1140625 0.17109375 0.01796875 0.0328125
0 0.81640625 0.7125 0.03359375 0.0546875
0 0.85703125 0.72265625 0.03984375 0.06484375
0 0.81953125 0.3875 0.021875 0.03515625
0 0.74140625 0.38515625 0.0234375 0.03515625
0 0.0890625 0.1328125 0.021875 0.03515625
0 0.184375 0.07109375 0.01796875 0.02734375
0 0.271875 0.42890625 0.0234375 0.0421875
0 0.06953125 0.02109375 0.01796875 0.02734375
0 0.52109375 0.11484375 0.01484375 0.025
0 0.77890625 0.3359375 0.021875 0.0375
0 0.18203125 0.11015625 0.01640625 0.0296875
0 0.0265625 0.0125 0.01640625 0.025
0 0.146875 0.10859375 0.01640625 0.0328125
0 0.05390625 0.00859375 0.01484375 0.0171875
0 0.246875 0.21640625 0.0203125 0.0328125
0 0.30390625 0.1671875 0.01796875 0.0296875
0 0.47421875 0.35390625 0.021875 0.0375
0 0.46953125 0.39375 0.021875 0.0375
0 0.70390625 0.16640625 0.01484375 0.02734375
0 0.21640625 0.05625 0.01640625 0.02734375
0 0.46171875 0.7265625 0.046875 0.07265625
0 0.746875 0.26484375 0.0203125 0.0296875
0 0.74140625 0.56640625 0.03359375 0.04765625
0 0.92890625 0.2171875 0.021875 0.03515625
0 0.24140625 0.40390625 0.0234375 0.04765625
0 0.01640625 0.0375 0.01640625 0.025
0 0.81640625 0.34375 0.0265625 0.04765625
0 0.0921875 0.03125 0.01484375 0.02734375
0 0.321875 0.375 0.0265625 0.0453125
0 0.246875 0.11015625 0.01640625 0.0296875
0 0.2265625 0.65 0.03671875 0.05
0 0.19453125 0.16015625 0.01796875 0.0296875
0 0.42421875 0.3875 0.021875 0.03515625
0 0.53671875 0.15859375 0.01640625 0.02734375
0 0.2640625 0.14375 0.01796875 0.02734375
0 0.35390625 0.0578125 0.01484375 0.025
0 0.21171875 0.23359375 0.0203125 0.0328125
0 0.0890625 0.0890625 0.01796875 0.02734375
0 0.11796875 0.12734375 0.0203125 0.03515625
0 0.6265625 0.12890625 0.01640625 0.02734375
0 0.02578125 0.25859375 0.025 0.0421875
0 0.759375 0.21015625 0.01796875 0.03515625
0 0.4125 0.6375 0.03515625 0.0453125
0 0.509375 0.17734375 0.01796875 0.025
0 0.071875 0.1890625 0.0234375 0.0375
0 0.021875 0.08984375 0.01640625 0.025
0 0.23203125 0.0765625 0.01640625 0.02734375
0 0.18671875 0.1875 0.0203125 0.0296875
0 0.2640625 0.24609375 0.01796875 0.0328125
0 0.8671875 0.1921875 0.01484375 0.025
0 0.28203125 0.1328125 0.01640625 0.0203125
0 0.31640625 0.19375 0.01640625 0.02734375
0 0.7515625 0.1421875 0.01640625 0.0296875
0 0.2515625 0.18515625 0.0203125 0.0296875
0 0.79140625 0.1578125 0.01640625 0.0296875
0 0.46640625 0.12109375 0.01640625 0.02734375
0 0.53671875 0.11640625 0.01640625 0.02734375
0 0.75390625 0.08984375 0.01484375 0.025
0 0.15703125 0.13984375 0.01640625 0.0296875
0 0.69140625 0.25390625 0.01640625 0.0375
0 0.78671875 0.21640625 0.0203125 0.0328125
0 0.934375 0.50625 0.021875 0.0328125
0 0.66640625 0.14140625 0.01640625 0.02734375
0 0.52890625 0.2125 0.01796875 0.0296875
0 0.68203125 0.16015625 0.01640625 0.0296875
0 0.846875 0.15390625 0.01640625 0.02734375
0 0.48671875 0.1140625 0.01640625 0.02734375
0 0.64921875 0.4015625 0.028125 0.04765625
0 0.35390625 0.1578125 0.01796875 0.0296875
0 0.39453125 0.13359375 0.01796875 0.02265625
0 0.00390625 0.07734375 0.0078125 0.0296875
0 0.66640625 0.21640625 0.01640625 0.02734375
0 0.434375 0.1578125 0.01796875 0.0296875
0 0.8640625 0.1359375 0.01484375 0.02734375
0 0.24453125 0.1453125 0.01796875 0.0296875
0 0.39921875 0.08515625 0.01484375 0.0203125
0 0.2140625 0.40859375 0.021875 0.0421875
0 0.909375 0.32890625 0.01796875 0.02734375
0 0.221875 0.19609375 0.0203125 0.0328125
0 0.30390625 0.03515625 0.01484375 0.0203125
0 0.67890625 0.08984375 0.01796875 0.025
0 0.74140625 0.62109375 0.03359375 0.04765625
0 0.059375 0.04609375 0.01796875 0.02265625
0 0.43203125 0.12734375 0.0203125 0.025
0 0.06640625 0.10234375 0.01640625 0.025
0 0.284375 0.2390625 0.021875 0.0328125
0 0.35390625 0.11484375 0.01484375 0.025
0 0.7140625 0.1140625 0.01484375 0.02265625
0 0.296875 0.55390625 0.0265625 0.05234375
0 0.184375 0.22890625 0.01796875 0.0328125
0 0.00390625 0.19609375 0.0078125 0.0328125
0 0.02890625 0.29765625 0.028125 0.03515625
0 0.41640625 0.1453125 0.01640625 0.0296875
0 0.671875 0.2515625 0.01640625 0.0375
0 0.3265625 0.13984375 0.01640625 0.0296875
0 0.6015625 0.025 0.01328125 0.025
0 0.37421875 0.1421875 0.01796875 0.0296875
0 0.7265625 0.4375 0.0234375 0.0453125
0 0.23671875 0.2984375 0.0234375 0.0328125
0 0.46953125 0.1578125 0.01796875 0.0296875
0 0.22421875 0.1046875 0.01484375 0.025
0 0.50390625 0.11640625 0.01484375 0.0171875
0 0.10703125 0.07109375 0.0203125 0.02734375
0 0.67734375 0.06015625 0.01484375 0.0203125
0 0.89921875 0.49140625 0.021875 0.0421875
0 0.60703125 0.325 0.0203125 0.03515625
0 0.70703125 0.3640625 0.0203125 0.0328125
0 0.771875 0.79375 0.03359375 0.0421875
0 0.8015625 0.025 0.01328125 0.025
0 0.78671875 0.00859375 0.01328125 0.0171875
0 0.08671875 0.34140625 0.0234375 0.0421875
0 0.765625 0.11640625 0.01484375 0.02734375
0 0.51953125 0.00859375 0.01484375 0.0171875
0 0.77890625 0.0296875 0.01484375 0.025
0 0.50703125 0.64765625 0.03359375 0.06015625
0 0.99296875 0.49765625 0.01015625 0.05
0 0.7640625 0.6640625 0.025 0.0375
0 0.27421875 0.38984375 0.021875 0.0296875
0 0.40390625 0.4609375 0.03203125 0.04765625
0 0.98671875 0.95859375 0.0234375 0.07734375
0 0.521875 0.09375 0.01328125 0.0171875
0 0.84921875 0.125 0.01484375 0.0296875
0 0.41640625 0.1140625 0.01640625 0.02265625
0 0.409375 0.17265625 0.01796875 0.0296875
0 0.659375 0.0578125 0.01171875 0.025
0 0.28203125 0.10859375 0.01640625 0.02734375
0 0.32421875 0.3234375 0.01796875 0.02734375
0 0.77421875 0.15390625 0.01484375 0.02734375
0 0.0046875 0.90703125 0.009375 0.0640625