1 0.5828125 0.61015625 0.05390625 0.08359375
1 0.6515625 0.59296875 0.046875 0.0765625
1 0.496875 0.66484375 0.0484375 0.0734375
1 0.928125 0.58984375 0.04609375 0.071875
1 0.19453125 0.709375 0.0421875 0.05859375
1 0.42265625 0.62421875 0.040625 0.05859375
1 0.5828125 0.68125 0.08984375 0.22578125
1 0.3390625 0.75546875 0.04609375 0.06875
1 0.88984375 0.54453125 0.0328125 0.0671875
1 0.39375 0.703125 0.04296875 0.0703125
1 0.74765625 0.4703125 0.03046875 0.0515625
1 0.2828125 0.5421875 0.0390625 0.06171875
1 0.17265625 0.49375 0.03515625 0.05546875
1 0.2859375 0.45078125 0.028125 0.05
1 0.32265625 0.65546875 0.04609375 0.06875
1 0.2671875 0.63515625 0.04296875 0.06875
1 0.54375 0.51484375 0.0375 0.05703125
1 0.946875 0.4734375 0.03515625 0.0515625
1 0.809375 0.63359375 0.0390625 0.06328125
1 0.6578125 0.66328125 0.08125 0.21875
1 0.45234375 0.53046875 0.0359375 0.053125
1 0.3546875 0.60234375 0.0375 0.05546875
1 0.8484375 0.49609375 0.0328125 0.05546875
1 0.2234375 0.46484375 0.03046875 0.0484375
1 0.4125 0.54765625 0.0375 0.053125
1 0.803125 0.53984375 0.03828125 0.06015625
1 0.19375 0.5578125 0.0375 0.06171875
1 0.21328125 0.60859375 0.03828125 0.05703125
1 0.19375 0.79140625 0.078125 0.2234375
1 0.43828125 0.4796875 0.034375 0.0484375
1 0.68046875 0.4125 0.025 0.04140625
1 0.3109375 0.34921875 0.02421875 0.04140625
1 0.3359375 0.80546875 0.0875 0.16875
1 0.26328125 0.50625 0.034375 0.053125
1 0.85078125 0.434375 0.02734375 0.04375
1 0.6984375 0.36171875 0.01953125 0.03359375
1 0.57890625 0.41640625 0.02421875 0.04296875
1 0.6609375 0.48125 0.02734375 0.0453125
1 0.6828125 0.503125 0.03203125 0.0546875
1 0.13984375 0.4296875 0.03046875 0.04296875
1 0.4859375 0.59296875 0.04375 0.06171875
1 0.39453125 0.421875 0.02734375 0.04296875
1 0.6515625 0.4234375 0.02265625 0.03671875
1 0.0546875 0.34765625 0.021875 0.03359375
1 0.49140625 0.71171875 0.07109375 0.165625
1 0.57109375 0.54453125 0.034375 0.05859375
1 0.3671875 0.47421875 0.0328125 0.05
1 0.61875 0.359375 0.01953125 0.03671875
1 0.92109375 0.709375 0.09375 0.30859375
1 0.83515625 0.5765625 0.0390625 0.06875
1 0.0890625 0.70546875 0.04609375 0.06328125
1 0.6234375 0.5328125 0.03515625 0.05546875
1 0.73046875 0.425 0.03125 0.03984375
1 0.046875 0.7703125 0.0640625 0.10390625
1 0.6953125 0.5546875 0.04296875 0.06015625
1 0.48125 0.44609375 0.0296875 0.04375
1 0.73125 0.35 0.0203125 0.03359375
1 0.715625 0.4734375 0.03046875 0.0453125
1 0.590625 0.384375 0.0234375 0.03359375
1 0.4 0.79140625 0.065625 0.25
1 0.7453125 0.59296875 0.0578125 0.29375
1 0.446875 0.34765625 0.02265625 0.03203125
1 0.453125 0.4203125 0.02734375 0.04375
1 0.87421875 0.49375 0.02421875 0.0453125
1 0.2625 0.3953125 0.021875 0.03515625
1 0.3078125 0.40625 0.02421875 0.03671875
1 0.37734375 0.33515625 0.0203125 0.03515625
1 0.74765625 0.3671875 0.02265625 0.03203125
1 0.615625 0.4984375 0.0296875 0.04296875
1 0.36015625 0.5203125 0.05546875 0.13984375
1 0.9515625 0.4234375 0.028125 0.03984375
1 0.33828125 0.34375 0.02265625 0.03515625
1 0.56484375 0.4796875 0.02421875 0.03984375
1 0.34375 0.4046875 0.021875 0.03671875
1 0.40546875 0.3921875 0.02265625 0.03828125
1 0.18359375 0.54609375 0.05859375 0.15859375
1 0.025 0.37109375 0.01953125 0.03359375
1 0.49375 0.3375 0.021875 0.03515625
1 0.41953125 0.33515625 0.0203125 0.03515625
1 0.49375 0.3734375 0.028125 0.03671875
1 0.140625 0.61328125 0.0703125 0.23046875
1 0.02265625 0.56875 0.0421875 0.05703125
1 0.253125 0.36328125 0.0203125 0.03359375
1 0.2671875 0.7109375 0.06328125 0.2203125
1 0.36484375 0.37109375 0.0203125 0.03359375
1 0.425 0.68046875 0.05078125 0.171875
1 0.496875 0.43203125 0.0234375 0.04140625
1 0.8265625 0.4140625 0.0296875 0.05
1 0.13671875 0.52109375 0.03515625 0.05
1 0.06015625 0.37734375 0.0359375 0.09375
1 0.3109375 0.38125 0.05859375 0.10390625
1 0.10546875 0.67734375 0.03515625 0.0484375
1 0.61015625 0.33515625 0.01875 0.025
1 0.2921875 0.60390625 0.05859375 0.18515625
1 0.3453125 0.45078125 0.02265625 0.03515625
1 0.5390625 0.48046875 0.03125 0.03515625
1 0.0625 0.85703125 0.1234375 0.27734375
1 0.29609375 0.49375 0.0546875 0.13671875
1 0.57734375 0.4453125 0.0546875 0.1
1 0.325 0.70546875 0.06640625 0.165625
1 0.79921875 0.68671875 0.06953125 0.16875
1 0.55078125 0.3703125 0.0234375 0.03515625
1 0.62578125 0.43359375 0.0171875 0.03046875
1 0.93828125 0.51640625 0.06640625 0.1421875
1 0.228125 0.51484375 0.05078125 0.1484375
1 0.08046875 0.36015625 0.01640625 0.03046875
1 0.3640625 0.67890625 0.0578125 0.20703125
1 0.3078125 0.46328125 0.02265625 0.03671875
1 0.22109375 0.33125 0.02265625 0.03046875
1 0.696875 0.64140625 0.053125 0.23203125
1 0.284375 0.34765625 0.01640625 0.0296875
1 0.8765625 0.659375 0.06875 0.296875
1 0.475 0.35390625 0.01875 0.03203125
1 0.4109375 0.5875 0.059375 0.13203125
1 0.4828125 0.49609375 0.03828125 0.14375
1 0.43125 0.43515625 0.02734375 0.03984375
1 0.81015625 0.4515625 0.06328125 0.125
1 0.140625 0.46640625 0.05078125 0.115625
1 0.45234375 0.57421875 0.0421875 0.14375
1 0.84296875 0.46875 0.05390625 0.11171875
1 0.196875 0.34296875 0.021875 0.03046875
1 0.52578125 0.371875 0.02265625 0.03671875
1 0.7828125 0.36484375 0.01875 0.03359375
1 0.20390625 0.4578125 0.025 0.04375
1 0.10703125 0.8328125 0.0828125 0.3203125
1 0.396875 0.53046875 0.028125 0.04296875
1 0.178125 0.328125 0.01875 0.028125
1 0.7921875 0.60078125 0.0609375 0.18203125
1 0.48515625 0.63984375 0.07421875 0.15390625
1 0.6953125 0.39140625 0.040625 0.0921875
1 0.1453125 0.31875 0.01875 0.0296875
1 0.21875 0.71484375 0.07421875 0.2671875
1 0.5328125 0.55234375 0.059375 0.140625
1 0.8359375 0.68125 0.0453125 0.28203125
1 0.540625 0.62890625 0.04765625 0.28671875
1 0.3953125 0.45703125 0.0390625 0.11171875
1 0.50234375 0.55703125 0.97734375 0.60625
1 0.01015625 0.69296875 0.0203125 0.0734375
1 0.52578125 0.41015625 0.0265625 0.03671875
1 0.990625 0.559375 0.0171875 0.053125