0 0.95 0.3953125 0.0359375 0.05078125
0 0.73046875 0.08203125 0.0140625 0.0234375
0 0.540625 0.60703125 0.0359375 0.05703125
0 0.70859375 0.13046875 0.01640625 0.0234375
0 0.7046875 0.696875 0.0421875 0.0640625
0 0.56953125 0.38671875 0.0296875 0.04453125
0 0.78203125 0.5375 0.0421875 0.06796875
0 0.78359375 0.1 0.01484375 0.025
0 0.9046875 0.39453125 0.0375 0.05703125
0 0.503125 0.15390625 0.01640625 0.02578125
0 0.71953125 0.165625 0.0171875 0.025
0 0.53203125 0.83515625 0.0421875 0.0640625
0 0.70859375 0.41171875 0.034375 0.0546875
0 0.7921875 0.1296875 0.015625 0.025
0 0.790625 0.18671875 0.01875 0.0296875
0 0.915625 0.7046875 0.046875 0.06640625
0 0.45859375 0.1140625 0.01484375 0.021875
0 0.85859375 0.16796875 0.0203125 0.03125
0 0.56484375 0.25078125 0.0203125 0.0328125
0 0.7484375 0.11015625 0.01640625 0.021875
0 0.634375 0.425 0.03125 0.0484375
0 0.746875 0.42890625 0.03046875 0.04296875
0 0.97265625 0.2890625 0.0328125 0.046875
0 0.65703125 0.18671875 0.01875 0.0296875
0 0.53671875 0.30546875 0.02421875 0.0375
0 0.8109375 0.04140625 0.01484375 0.02109375
0 0.815625 0.11875 0.01640625 0.02578125
0 0.27890625 0.159375 0.01640625 0.025
0 0.62890625 0.18671875 0.0171875 0.0296875
0 0.7453125 0.0546875 0.01484375 0.0234375
0 0.34453125 0.13828125 0.0171875 0.02578125
0 0.465625 0.08046875 0.01484375 0.0234375
0 0.4671875 0.15 0.015625 0.02578125
0 0.4328125 0.1109375 0.01484375 0.025
0 0.621875 0.03046875 0.0125 0.01953125
0 0.97265625 0.03515625 0.015625 0.0234375
0 0.740625 0.0140625 0.0125 0.01953125
0 0.44453125 0.20546875 0.02265625 0.03125
0 0.70234375 0.08515625 0.0140625 0.021875
0 0.44140625 0.40625 0.0296875 0.04140625
0 0.409375 0.31015625 0.02421875 0.03359375
0 0.96171875 0.13125 0.0203125 0.0296875
0 0.575 0.1703125 0.0171875 0.02734375
0 0.5578125 0.1484375 0.0171875 0.02578125
0 0.371875 0.128125 0.01484375 0.021875
0 0.41171875 0.34375 0.02421875 0.03125
0 0.5328125 0.0640625 0.0140625 0.02109375
0 0.790625 0.04375 0.01484375 0.025
0 0.6796875 0.0875 0.0140625 0.0234375
0 0.70703125 0.0484375 0.0140625 0.01796875
0 0.5671875 0.4671875 0.028125 0.04453125
0 0.50546875 0.11015625 0.0125 0.021875
0 0.540625 0.0296875 0.0109375 0.01796875
0 0.33046875 0.11875 0.01484375 0.021875
0 0.41015625 0.46328125 0.03125 0.04140625
0 0.434375 0.14765625 0.01875 0.02734375
0 0.89375 0.2125 0.02421875 0.040625
0 0.92421875 0.0890625 0.01875 0.02734375
0 0.903125 0.11875 0.01875 0.02578125
0 0.42109375 0.0875 0.01484375 0.021875
0 0.59453125 0.0296875 0.01171875 0.01796875
0 0.528125 0.0390625 0.0125 0.01796875
0 0.5515625 0.10546875 0.0140625 0.0234375
0 0.5265625 0.10390625 0.0125 0.0234375
0 0.34453125 0.09921875 0.0140625 0.02109375
0 0.92265625 0.0125 0.015625 0.025
0 0.46953125 0.0515625 0.0125 0.01953125
0 0.28828125 0.071875 0.0140625 0.01953125
0 0.55078125 0.0546875 0.0140625 0.02109375
0 0.36796875 0.15 0.01640625 0.021875
0 0.50234375 0.0484375 0.0125 0.01796875
0 0.971875 0.0078125 0.01640625 0.015625
0 0.7953125 0.0171875 0.0140625 0.01953125
0 0.6953125 0.03046875 0.0140625 0.01953125
0 0.2 0.3828125 0.02265625 0.03359375
0 0.66328125 0.053125 0.0140625 0.01796875
0 0.346875 0.47421875 0.02421875 0.02578125
0 0.2296875 0.41796875 0.0171875 0.02578125
0 0.57734375 0.00703125 0.01171875 0.0140625
0 0.88984375 0.04296875 0.01640625 0.02578125
0 0.4515625 0.14921875 0.01484375 0.025
0 0.76484375 0.0375 0.0125 0.02109375
0 0.4015625 0.10078125 0.01484375 0.025
0 0.509375 0.02890625 0.0109375 0.015625
0 0.5578125 0.03203125 0.0109375 0.0171875
0 0.83359375 0.02421875 0.0125 0.01953125
0 0.57421875 0.08828125 0.0140625 0.02109375
0 0.4015625 0.70625 0.0609375 0.0875
0 0.678125 0.0140625 0.01171875 0.01953125
0 0.17421875 0.46015625 0.03203125 0.05078125
0 0.55546875 0.00625 0.0109375 0.01171875
0 0.81875 0.00859375 0.0125 0.0171875
0 0.2734375 0.25 0.021875 0.02578125
0 0.665625 0.10546875 0.0125 0.01796875
0 0.5265625 0.15625 0.01875 0.02578125
0 0.8703125 0.06796875 0.01875 0.02578125
0 0.72109375 0.05625 0.0125 0.01953125
0 0.5640625 0.06796875 0.0140625 0.02109375
0 0.809375 0.06875 0.01484375 0.025
0 0.91640625 0.06796875 0.01484375 0.0234375
0 0.45234375 0.0484375 0.01171875 0.01796875
0 0.49296875 0.01953125 0.0109375 0.015625
0 0.853125 0.08046875 0.0171875 0.02578125
0 0.48359375 0.0359375 0.0109375 0.0171875
0 0.3 0.1421875 0.0171875 0.02734375
0 0.4921875 0.00625 0.009375 0.01171875
0 0.3640625 0.40546875 0.0296875 0.04296875
0 0.50703125 0.00625 0.009375 0.01171875
0 0.18828125 0.41953125 0.02265625 0.02890625
0 0.6953125 0.0078125 0.0140625 0.015625
0 0.63984375 0.00625 0.01171875 0.01171875
0 0.575 0.02421875 0.0109375 0.0171875
0 0.5421875 0.00546875 0.009375 0.01015625
0 0.853125 0.00546875 0.0125 0.01015625
0 0.6453125 0.03671875 0.01171875 0.01796875
0 0.9546875 0.01953125 0.01484375 0.0234375
0 0.0515625 0.56953125 0.025 0.02734375
0 0.51875 0.00625 0.0109375 0.01171875
0 0.8359375 0.05546875 0.0140625 0.025
0 0.4265625 0.53046875 0.0390625 0.05078125
0 0.3078125 0.10703125 0.0140625 0.0234375
0 0.5296875 0.01875 0.0109375 0.0140625
0 0.58359375 0.20625 0.01875 0.025
0 0.51484375 0.0515625 0.0125 0.01953125
0 0.24140625 0.59296875 0.01640625 0.025
0 0.60546875 0.00625 0.0109375 0.0125
0 0.94375 0.00546875 0.01484375 0.01015625
0 0.2640625 0.1390625 0.015625 0.025