1 0.0875 0.77734375 0.10546875 0.1796875
1 0.4828125 0.88359375 0.1109375 0.17265625
1 0.23828125 0.7125 0.18515625 0.5109375
1 0.68984375 0.796875 0.09609375 0.15546875
1 0.33671875 0.5296875 0.0484375 0.10078125
1 0.4765625 0.709375 0.0734375 0.13828125
1 0.221875 0.73203125 0.0828125 0.17265625
1 0.63671875 0.5109375 0.04921875 0.08203125
1 0.0953125 0.82734375 0.140625 0.28125
1 0.69921875 0.67421875 0.084375 0.1125
1 0.5796875 0.7484375 0.11328125 0.43671875
1 0.7203125 0.58515625 0.07109375 0.09921875
1 0.171875 0.60390625 0.0578125 0.09921875
1 0.596875 0.59296875 0.078125 0.12578125
1 0.5 0.6078125 0.959375 0.709375
1 0.703125 0.84375 0.16328125 0.24921875
1 0.6859375 0.5046875 0.04453125 0.0765625
1 0.3375 0.74609375 0.0625 0.12578125
1 0.490625 0.8 0.1609375 0.33671875
1 0.884375 0.82734375 0.18984375 0.284375
1 0.48046875 0.4734375 0.0421875 0.07890625
1 0.41796875 0.61015625 0.0515625 0.10078125
1 0.35546875 0.82578125 0.10234375 0.284375
1 0.3734375 0.43515625 0.040625 0.0578125
1 0.26328125 0.46328125 0.0359375 0.065625
1 0.709375 0.43671875 0.03828125 0.075
1 0.078125 0.4953125 0.0484375 0.09140625
1 0.14453125 0.428125 0.040625 0.06171875
1 0.4296875 0.490625 0.03984375 0.0671875
1 0.94140625 0.771875 0.07578125 0.17265625
1 0.34765625 0.58984375 0.103125 0.22109375
1 0.5765625 0.4859375 0.04453125 0.084375
1 0.11875 0.53828125 0.0515625 0.0953125
1 0.3125 0.40703125 0.03125 0.05078125
1 0.2359375 0.39609375 0.03359375 0.06171875
1 0.4265625 0.38125 0.040625 0.0546875
1 0.80546875 0.59921875 0.0453125 0.0859375
1 0.775 0.40546875 0.02265625 0.046875
1 0.86640625 0.4515625 0.0578125 0.07890625
1 0.91875 0.4640625 0.0375 0.06328125
1 0.26875 0.39453125 0.03515625 0.0578125
1 0.846875 0.5359375 0.0734375 0.09765625
1 0.375 0.4796875 0.071875 0.14609375
1 0.1671875 0.6796875 0.0796875 0.25078125
1 0.45625 0.36796875 0.025 0.04296875
1 0.34765625 0.3765625 0.0328125 0.05234375
1 0.4078125 0.7109375 0.08984375 0.3015625
1 0.0328125 0.521875 0.0296875 0.12890625
1 0.43515625 0.43828125 0.03125 0.0484375
1 0.79921875 0.725 0.10078125 0.33671875
1 0.50078125 0.42578125 0.0375 0.07265625
1 0.15625 0.38203125 0.0359375 0.05234375
1 0.47265625 0.53203125 0.0640625 0.19453125
1 0.50390625 0.36953125 0.0203125 0.0359375
1 0.6546875 0.38046875 0.02265625 0.0484375
1 0.0359375 0.38984375 0.03359375 0.06328125
1 0.43125 0.4140625 0.07421875 0.11640625
1 0.70859375 0.4734375 0.0875 0.15
1 0.78984375 0.35703125 0.01953125 0.03203125
1 0.83984375 0.40390625 0.02890625 0.0546875
1 0.51328125 0.58203125 0.0890625 0.16875
1 0.77734375 0.56328125 0.03828125 0.08203125
1 0.56171875 0.43203125 0.0421875 0.06171875
1 0.64453125 0.68203125 0.06953125 0.4234375
1 0.81640625 0.35703125 0.021875 0.0359375
1 0.8609375 0.58671875 0.10703125 0.196875
1 0.50078125 0.40703125 0.03515625 0.0390625
1 0.8203125 0.4671875 0.0375 0.06171875
1 0.0796875 0.73515625 0.09140625 0.0953125
1 0.6125 0.46796875 0.0328125 0.0671875
1 0.30859375 0.36640625 0.0296875 0.04296875
1 0.57421875 0.609375 0.03984375 0.084375
1 0.5109375 0.54609375 0.0578125 0.09921875
1 0.56171875 0.38359375 0.0375 0.0484375
1 0.7203125 0.3859375 0.021875 0.03359375
1 0.428125 0.5203125 0.05546875 0.12734375
1 0.2046875 0.40390625 0.0359375 0.07265625
1 0.121875 0.59609375 0.06640625 0.21171875
1 0.9296875 0.39765625 0.025 0.04296875
1 0.31640625 0.434375 0.05078125 0.1046875
1 0.48359375 0.325 0.0203125 0.0359375
1 0.47109375 0.925 0.0765625 0.0859375
1 0.08359375 0.35390625 0.02265625 0.04140625
1 0.1546875 0.46640625 0.0671875 0.13828125
1 0.7703125 0.45625 0.0578125 0.14453125
1 0.271875 0.6046875 0.0625 0.10859375
1 0.68359375 0.409375 0.0296875 0.065625
1 0.63203125 0.3828125 0.03125 0.046875
1 0.3828125 0.50546875 0.0515625 0.08984375
1 0.27421875 0.415625 0.05078125 0.1046875
1 0.75390625 0.39453125 0.0328125 0.06171875
1 0.5078125 0.475 0.07578125 0.17421875
1 0.046875 0.4515625 0.05078125 0.0671875
1 0.57421875 0.51796875 0.06484375 0.1515625
1 0.871875 0.4953125 0.0734375 0.16640625
1 0.240625 0.3359375 0.025 0.0390625
1 0.73203125 0.6921875 0.1109375 0.309375
1 0.1875 0.459375 0.040625 0.0578125
1 0.95703125 0.56796875 0.04453125 0.09921875
1 0.91953125 0.65703125 0.1203125 0.2734375
1 0.059375 0.56953125 0.0828125 0.225
1 0.603125 0.41484375 0.0296875 0.0546875
1 0.4984375 0.40390625 0.946875 0.275