0 0.64921875 0.659375 0.03046875 0.0453125
0 0.76953125 0.13125 0.0140625 0.01953125
0 0.671875 0.74375 0.0375 0.0546875
0 0.603125 0.5171875 0.028125 0.04296875
0 0.4265625 0.2203125 0.0140625 0.02109375
0 0.734375 0.09296875 0.01171875 0.01953125
0 0.84453125 0.4265625 0.01953125 0.0328125
0 0.4890625 0.48828125 0.02265625 0.0390625
0 0.75859375 0.9296875 0.03125 0.0546875
0 0.5671875 0.88046875 0.034375 0.0546875
0 0.353125 0.4453125 0.021875 0.03125
0 0.15546875 0.48125 0.01875 0.025
0 0.0265625 0.3671875 0.0140625 0.02109375
0 0.10625 0.43203125 0.01640625 0.02578125
0 0.940625 0.60546875 0.03203125 0.04453125
0 0.48359375 0.3375 0.01640625 0.02734375
0 0.6828125 0.10546875 0.01171875 0.01796875
0 0.696875 0.28046875 0.0171875 0.025
0 0.7140625 0.2484375 0.0171875 0.025
0 0.67109375 0.13125 0.0109375 0.01953125
0 0.0265625 0.81875 0.0234375 0.03359375
0 0.58984375 0.14375 0.0140625 0.01953125
0 0.78203125 0.221875 0.01484375 0.021875
0 0.92734375 0.4515625 0.028125 0.04296875
0 0.16328125 0.56171875 0.01953125 0.0296875
0 0.4953125 0.9140625 0.03125 0.046875
0 0.31640625 0.2296875 0.01171875 0.01953125
0 0.17109375 0.24453125 0.0125 0.01796875
0 0.18359375 0.5046875 0.0171875 0.025
0 0.16015625 0.43671875 0.0171875 0.025
0 0.509375 0.28515625 0.0171875 0.02578125
0 0.1140625 0.3375 0.0140625 0.01953125
0 0.51484375 0.16171875 0.0140625 0.01796875
0 0.65703125 0.07265625 0.01171875 0.01796875
0 0.9546875 0.775 0.0375 0.0546875
0 0.2390625 0.23203125 0.01171875 0.01796875
0 0.32734375 0.171875 0.01171875 0.01796875
0 0.08515625 0.2328125 0.0140625 0.01953125
0 0.62890625 0.1390625 0.01171875 0.01796875
0 0.20625 0.23125 0.01171875 0.0171875
0 0.0453125 0.2953125 0.0140625 0.01953125
0 0.0078125 0.2203125 0.0140625 0.01796875
0 0.3421875 0.228125 0.01171875 0.01953125
0 0.15234375 0.21796875 0.0140625 0.01953125
0 0.62734375 0.2265625 0.0125 0.0234375
0 0.20234375 0.43671875 0.01640625 0.025
0 0.00390625 0.41796875 0.0078125 0.02578125
0 0.2046875 0.15703125 0.0109375 0.0140625
0 0.165625 0.35078125 0.01484375 0.021875
0 0.1265625 0.4625 0.01640625 0.02578125
0 0.29375 0.15703125 0.01171875 0.0171875
0 0.70859375 0.071875 0.0125 0.0171875
0 0.56484375 0.1859375 0.0125 0.02109375
0 0.575 0.14453125 0.0125 0.02109375
0 0.1375 0.38125 0.01484375 0.01953125
0 0.2203125 0.14296875 0.0109375 0.01796875
0 0.74296875 0.240625 0.01484375 0.02109375
0 0.05078125 0.3546875 0.015625 0.01953125
0 0.8015625 0.45546875 0.0234375 0.02578125
0 0.60859375 0.1234375 0.0125 0.01796875
0 0.4359375 0.15546875 0.01171875 0.01953125
0 0.278125 0.26875 0.0140625 0.01953125
0 0.615625 0.18046875 0.01171875 0.01953125
0 0.5671875 0.1171875 0.0140625 0.02109375
0 0.6765625 0.08203125 0.01171875 0.015625
0 0.28203125 0.21328125 0.01171875 0.01796875
0 0.6546875 0.15625 0.01171875 0.01796875
0 0.06328125 0.46328125 0.01640625 0.0234375
0 0.1796875 0.19140625 0.01171875 0.015625
0 0.034375 0.4015625 0.01484375 0.021875
0 0.478125 0.21953125 0.0125 0.021875
0 0.1640625 0.29296875 0.0140625 0.01796875
0 0.50703125 0.13515625 0.01171875 0.015625
0 0.5390625 0.09453125 0.009375 0.0171875
0 0.159375 0.2609375 0.0140625 0.01953125
0 0.74453125 0.065625 0.0109375 0.01953125
0 0.55234375 0.1109375 0.0109375 0.0171875
0 0.134375 0.2453125 0.0125 0.01953125
0 0.46953125 0.19375 0.0140625 0.02109375
0 0.1859375 0.21875 0.01171875 0.01796875
0 0.50078125 0.15546875 0.0140625 0.01953125
0 0.64140625 0.06328125 0.009375 0.0171875
0 0.4640625 0.1421875 0.0125 0.01796875
0 0.0046875 0.36328125 0.00859375 0.02109375
0 0.75234375 0.08203125 0.0125 0.01796875
0 0.04375 0.18125 0.009375 0.0140625
0 0.1203125 0.1796875 0.01171875 0.01796875
0 0.46640625 0.0640625 0.0109375 0.015625
0 0.603125 0.1 0.01171875 0.01796875
0 0.28125 0.315625 0.0140625 0.01953125
0 0.296875 0.13203125 0.01171875 0.0140625
0 0.08671875 0.384375 0.01484375 0.021875
0 0.04765625 0.52265625 0.021875 0.02734375
0 0.6203125 0.09375 0.0109375 0.01796875
0 0.01796875 0.7453125 0.0265625 0.040625
0 0.26484375 0.19296875 0.01171875 0.01796875
0 0.7453125 0.16171875 0.0140625 0.01796875
0 0.79375 0.48125 0.02265625 0.0296875
0 0.08046875 0.4203125 0.01484375 0.01953125
0 0.00703125 0.2453125 0.01171875 0.01953125
0 0.31796875 0.0671875 0.0109375 0.0140625
0 0.26875 0.2265625 0.01171875 0.01796875
0 0.04296875 0.2078125 0.01171875 0.0171875
0 0.63125 0.08046875 0.0109375 0.01796875
0 0.28203125 0.1796875 0.01171875 0.01796875
0 0.55703125 0.04140625 0.00859375 0.015625
0 0.28203125 0.2390625 0.0125 0.01953125
0 0.2453125 0.2078125 0.01171875 0.01953125
0 0.2171875 0.5171875 0.015625 0.025
0 0.190625 0.29296875 0.0140625 0.01796875
0 0.790625 0.01953125 0.00859375 0.015625
0 0.0296875 0.26171875 0.01171875 0.01796875
0 0.00625 0.30703125 0.0125 0.02109375
0 0.44296875 0.0453125 0.0109375 0.0171875
0 0.5265625 0.12265625 0.01171875 0.01796875
0 0.0921875 0.2765625 0.01171875 0.01953125
0 0.16875 0.16640625 0.01171875 0.015625
0 0.48984375 0.12578125 0.0109375 0.0171875
0 0.39453125 0.225 0.0140625 0.01796875
0 0.065625 0.18046875 0.00859375 0.0140625
0 0.784375 0.06015625 0.0109375 0.01796875
0 0.2921875 0.0796875 0.009375 0.0140625
0 0.44453125 0.09296875 0.01171875 0.01953125
0 0.59296875 0.19765625 0.0125 0.01796875
0 0.184375 0.253125 0.0125 0.0171875
0 0.70234375 0.01796875 0.009375 0.01796875
0 0.29765625 0.29921875 0.015625 0.0234375
0 0.5515625 0.14296875 0.01171875 0.01796875
0 0.35625 0.2046875 0.0140625 0.02109375
0 0.659375 0.19375 0.0140625 0.01796875
0 0.04375 0.2578125 0.0125 0.01796875
0 0.2046875 0.19296875 0.009375 0.01796875
0 0.4015625 0.1375 0.0125 0.01953125
0 0.4578125 0.1203125 0.01171875 0.01953125
0 0.228125 0.7546875 0.025 0.0328125
0 0.33046875 0.12890625 0.0109375 0.01796875
0 0.42890625 0.09375 0.009375 0.01796875
0 0.27109375 0.11875 0.0109375 0.0171875
0 0.4296875 0.04765625 0.009375 0.0171875
0 0.2515625 0.13515625 0.0109375 0.015625
0 0.52734375 0.190625 0.0140625 0.01953125
0 0.5296875 0.0546875 0.009375 0.015625
0 0.2328125 0.18046875 0.0109375 0.0171875
0 0.853125 0.16796875 0.01171875 0.01796875
0 0.10625 0.20625 0.01171875 0.0140625
0 0.5828125 0.01953125 0.009375 0.015625
0 0.05703125 0.20390625 0.0109375 0.0171875
0 0.17734375 0.14375 0.0109375 0.0140625
0 0.009375 0.2671875 0.0125 0.01953125
0 0.63984375 0.15546875 0.0125 0.01953125
0 0.1171875 0.22890625 0.01171875 0.01796875
0 0.0859375 0.1578125 0.009375 0.015625
0 0.52109375 0.065625 0.0109375 0.0171875
0 0.76875 0.01875 0.0109375 0.0171875
0 0.6171875 0.00546875 0.009375 0.01015625
0 0.33046875 0.06953125 0.0109375 0.0140625
0 0.040625 0.6359375 0.01875 0.0296875
0 0.50625 0.00625 0.00859375 0.01171875
0 0.24296875 0.15703125 0.0109375 0.0171875
0 0.00703125 0.59921875 0.0140625 0.03671875
0 0.51484375 0.10625 0.0109375 0.0140625
0 0.34296875 0.17578125 0.0125 0.01796875
0 0.23359375 0.14296875 0.0109375 0.01328125
0 0.10390625 0.15546875 0.0109375 0.0140625
0 0.7375 0.65078125 0.03125 0.05234375
0 0.59375 0.00625 0.009375 0.0125
0 0.14453125 0.33046875 0.0140625 0.01796875
0 0.06796875 0.65546875 0.0203125 0.025
0 0.51875 0.03203125 0.0109375 0.0171875
0 0.06640625 0.2171875 0.01171875 0.0140625
0 0.77734375 0.1015625 0.0140625 0.01796875
0 0.19375 0.06796875 0.00859375 0.01328125
0 0.26484375 0.15390625 0.0109375 0.015625
0 0.78203125 0.02890625 0.00859375 0.01328125
0 0.07734375 0.3640625 0.0140625 0.01953125
0 0.5453125 0.04296875 0.0109375 0.01796875
0 0.45546875 0.103125 0.0109375 0.0171875
0 0.74296875 0.025 0.00859375 0.0140625
0 0.01953125 0.3171875 0.0140625 0.0171875
0 0.3078125 0.2046875 0.0109375 0.0171875
0 0.46796875 0.01953125 0.0109375 0.015625
0 0.45390625 0.01796875 0.009375 0.01328125
0 0.68203125 0.1671875 0.0109375 0.0140625
0 0.16328125 0.1375 0.009375 0.0140625
0 0.5296875 0.0140625 0.00859375 0.0140625
0 0.7390625 0.1421875 0.0140625 0.01953125
0 0.140625 0.275 0.01171875 0.01796875
0 0.81953125 0.01796875 0.009375 0.01328125
0 0.55625 0.00625 0.0109375 0.01171875
0 0.20546875 0.60546875 0.01875 0.02578125
0 0.3421875 0.77578125 0.0296875 0.04453125
0 0.790625 0.16640625 0.0109375 0.015625
0 0.05546875 0.33046875 0.0125 0.01796875
0 0.22109375 0.47265625 0.01484375 0.02109375
0 0.6109375 0.0671875 0.009375 0.0171875
0 0.4046875 0.04296875 0.00859375 0.01328125
0 0.01875 0.29296875 0.0140625 0.01796875
0 0.47890625 0.0171875 0.0109375 0.0140625
0 0.50390625 0.05625 0.009375 0.01796875
0 0.82109375 0.0671875 0.0109375 0.0140625
0 0.05625 0.3984375 0.0125 0.02109375
0 0.0546875 0.25625 0.01171875 0.01796875
0 0.040625 0.3296875 0.01484375 0.01953125
0 0.09765625 0.49765625 0.015625 0.02109375