0 0.58671875 0.61015625 0.06015625 0.05234375
0 0.28203125 0.44375 0.05 0.03984375
0 0.484375 0.628125 0.06171875 0.04609375
0 0.18671875 0.56171875 0.06015625 0.04375
0 0.5515625 0.38515625 0.0296875 0.025
0 0.4890625 0.39765625 0.03828125 0.0328125
0 0.61171875 0.02421875 0.03359375 0.03125
0 0.034375 0.7359375 0.06484375 0.05625
0 0.07890625 0.22578125 0.04140625 0.0359375
0 0.10390625 0.7140625 0.08203125 0.0640625
0 0.04140625 0.8453125 0.0765625 0.06640625
0 0.42421875 0.3796875 0.03515625 0.0296875
0 0.29921875 0.3890625 0.03828125 0.03359375
0 0.79921875 0.5140625 0.0515625 0.04375
0 0.584375 0.3890625 0.03203125 0.03125
0 0.09921875 0.30390625 0.03828125 0.02734375
0 0.13828125 0.646875 0.0703125 0.0484375
0 0.3015625 0.2859375 0.03359375 0.0234375
0 0.4890625 0.34609375 0.03203125 0.0296875
0 0.03671875 0.2421875 0.03984375 0.03515625
0 0.078125 0.4421875 0.05 0.03984375
0 0.51484375 0.55703125 0.06015625 0.0359375
0 0.571875 0.3390625 0.0265625 0.01875
0 0.29453125 0.34609375 0.03203125 0.0296875
0 0.7515625 0.303125 0.0234375 0.01640625
0 0.24140625 0.4984375 0.06015625 0.04140625
0 0.559375 0.01328125 0.03515625 0.0265625
0 0.61328125 0.696875 0.0703125 0.05859375
0 0.18671875 0.8953125 0.1 0.07890625
0 0.55390625 0.4359375 0.06171875 0.04140625
0 0.2390625 0.2890625 0.03828125 0.025
0 0.38671875 0.3109375 0.03984375 0.02890625
0 0.06640625 0.515625 0.05703125 0.04609375
0 0.4015625 0.76328125 0.08671875 0.0765625
0 0.2609375 0.540625 0.0546875 0.04140625
0 0.24296875 0.3578125 0.03984375 0.03359375
0 0.38671875 0.39609375 0.04296875 0.0328125
0 0.01015625 0.5453125 0.0203125 0.0515625
0 0.05703125 0.3328125 0.04296875 0.0359375
0 0.159375 0.515625 0.06171875 0.0390625
0 0.67890625 0.3140625 0.021875 0.01640625
0 0.6890625 0.4578125 0.0453125 0.03359375
0 0.0140625 0.3109375 0.028125 0.0390625
0 0.5515625 0.171875 0.03359375 0.0234375
0 0.1890625 0.3953125 0.03828125 0.02734375
0 0.1265625 0.55703125 0.06015625 0.04140625
0 0.18671875 0.265625 0.03359375 0.0265625
0 0.80703125 0.30625 0.0234375 0.0125
0 0.8140625 0.340625 0.021875 0.01640625
0 0.7390625 0.3765625 0.028125 0.02109375
0 0.69140625 0.3703125 0.03359375 0.01875
0 0.371875 0.44921875 0.053125 0.0390625
0 0.784375 0.30546875 0.021875 0.0140625
0 0.90390625 0.46796875 0.0546875 0.0390625
0 0.846875 0.340625 0.0234375 0.01640625
0 0.8640625 0.4046875 0.03828125 0.0265625
0 0.184375 0.31875 0.03828125 0.0328125
0 0.74453125 0.3265625 0.028125 0.01640625
0 0.69140625 0.3328125 0.0234375 0.0140625
0 0.65703125 0.3265625 0.0265625 0.01640625
0 0.70390625 0.1796875 0.021875 0.0140625
0 0.78671875 0.4109375 0.03671875 0.02734375
0 0.6140625 0.4015625 0.03828125 0.0296875
0 0.8578125 0.3171875 0.025 0.0140625
0 0.2890625 0.703125 0.06796875 0.05625
0 0.4640625 0.196875 0.028125 0.01875
0 0.79453125 0.3296875 0.021875 0.01640625
0 0.80703125 0.3796875 0.03359375 0.0234375
0 0.896875 0.3046875 0.0203125 0.0125
0 0.76640625 0.2515625 0.0234375 0.0109375
0 0.69453125 0.2015625 0.021875 0.0140625
0 0.66171875 0.41640625 0.03359375 0.02265625
0 0.86640625 0.36953125 0.03359375 0.0234375
0 0.43671875 0.321875 0.0265625 0.02109375
0 0.084375 0.0328125 0.03203125 0.02890625
0 0.121875 0.60078125 0.06640625 0.0390625
0 0.7140625 0.33828125 0.021875 0.0140625
0 0.66640625 0.2421875 0.0265625 0.0140625
0 0.609375 0.35546875 0.03203125 0.02109375
0 0.44765625 0.18046875 0.025 0.01875
0 0.26640625 0.26015625 0.03359375 0.02265625
0 0.8265625 0.26796875 0.01640625 0.0140625
0 0.453125 0.34453125 0.0296875 0.0234375
0 0.34140625 0.5890625 0.06328125 0.04609375
0 0.62421875 0.44140625 0.04140625 0.0296875
0 0.84453125 0.3046875 0.021875 0.0109375
0 0.771875 0.2171875 0.01640625 0.0109375
0 0.04453125 0.41640625 0.04140625 0.0296875
0 0.84453125 0.22890625 0.021875 0.01015625
0 0.121875 0.3890625 0.03984375 0.0234375
0 0.6640625 0.1953125 0.021875 0.01640625
0 0.87890625 0.33203125 0.021875 0.01640625
0 0.34140625 0.340625 0.03671875 0.0265625
0 0.87890625 0.278125 0.01796875 0.0109375
0 0.86640625 0.25625 0.01640625 0.0125
0 0.65703125 0.54453125 0.05 0.0390625
0 0.96640625 0.30625 0.0234375 0.0125
0 0.909375 0.3171875 0.021875 0.0140625
0 0.6640625 0.35546875 0.028125 0.01875
0 0.75703125 0.35546875 0.0265625 0.01640625
0 0.11953125 0.35078125 0.0515625 0.04140625
0 0.88671875 0.228125 0.0234375 0.0109375
0 0.7765625 0.3859375 0.0265625 0.01875
0 0.68671875 0.27578125 0.0234375 0.01640625
0 0.73515625 0.22734375 0.0203125 0.0125
0 0.75703125 0.26796875 0.0203125 0.0140625
0 0.721875 0.31875 0.0234375 0.0125
0 0.64453125 0.246875 0.025 0.01640625
0 0.771875 0.29296875 0.0234375 0.0140625
0 0.77421875 0.15546875 0.01796875 0.0109375
0 0.78203125 0.2765625 0.0234375 0.0140625
0 0.959375 0.28046875 0.021875 0.0109375
0 0.9265625 0.30546875 0.0234375 0.0109375
0 0.7265625 0.1796875 0.0234375 0.0109375
0 0.7390625 0.19375 0.021875 0.0125
0 0.2265625 0.22421875 0.03359375 0.01875
0 0.25703125 0.3171875 0.03671875 0.025
0 0.921875 0.2296875 0.01640625 0.01015625
0 0.5140625 0.69765625 0.08828125 0.05
0 0.97890625 0.33203125 0.021875 0.01640625
0 0.01640625 0.43984375 0.0328125 0.0328125
0 0.78671875 0.3578125 0.0265625 0.02109375
0 0.846875 0.2765625 0.0203125 0.0140625
0 0.921875 0.41640625 0.03359375 0.0203125
0 0.82890625 0.31875 0.021875 0.0125
0 0.8265625 0.19296875 0.0234375 0.0109375
0 0.63671875 0.35546875 0.0265625 0.01875
0 0.93203125 0.3453125 0.0265625 0.01640625
0 0.7515625 0.21796875 0.0203125 0.0109375
0 0.96640625 0.2421875 0.01640625 0.0109375
0 0.93203125 0.265625 0.0203125 0.0109375
0 0.8765625 0.29453125 0.0234375 0.0109375
0 0.9015625 0.2671875 0.0203125 0.0140625
0 0.70703125 0.2296875 0.0203125 0.0125
0 0.44453125 0.4140625 0.04140625 0.0296875
0 0.94140625 0.24453125 0.01640625 0.00859375
0 0.90390625 0.2828125 0.01796875 0.0109375
0 0.784375 0.2296875 0.021875 0.0109375
0 0.91953125 0.21796875 0.01796875 0.00859375
0 0.80703125 0.28046875 0.0203125 0.0140625
0 0.71640625 0.2015625 0.0203125 0.0109375
0 0.90703125 0.253125 0.01640625 0.0109375
0 0.99140625 0.24375 0.01328125 0.0125
0 0.9515625 0.484375 0.03671875 0.0234375
0 0.95390625 0.3296875 0.028125 0.01640625
0 0.8390625 0.25546875 0.021875 0.0109375
0 0.796875 0.1890625 0.01640625 0.0109375
0 0.56640625 0.2953125 0.0234375 0.02109375
0 0.86953125 0.215625 0.01796875 0.0109375
0 0.36953125 0.24453125 0.028125 0.01875
0 0.984375 0.359375 0.028125 0.01875
0 0.93203125 0.28046875 0.0234375 0.00859375
0 0.31953125 0.18203125 0.025 0.01875
0 0.88203125 0.3171875 0.0203125 0.0140625
0 0.94140625 0.23046875 0.01640625 0.00625
0 0.07421875 0.37109375 0.03828125 0.0296875
0 0.95703125 0.41796875 0.03359375 0.0234375
0 0.39140625 0.16953125 0.0265625 0.01875
0 0.3265625 0.23984375 0.0265625 0.0203125
0 0.94453125 0.2921875 0.021875 0.0109375
0 0.76953125 0.2046875 0.021875 0.0109375
0 0.990625 0.4765625 0.01484375 0.02265625
0 0.94453125 0.2546875 0.021875 0.0109375
0 0.93203125 0.3671875 0.0296875 0.02109375
0 0.94140625 0.21796875 0.01640625 0.00625
0 0.721875 0.2421875 0.0203125 0.0140625
0 0.21640625 0.2515625 0.03359375 0.02265625
0 0.846875 0.24296875 0.0203125 0.0109375
0 0.7765625 0.1890625 0.0203125 0.0109375
0 0.90390625 0.38359375 0.025 0.0171875
0 0.72890625 0.28046875 0.028125 0.0140625
0 0.96640625 0.21796875 0.01328125 0.00625
0 0.8640625 0.24453125 0.021875 0.0109375
0 0.99140625 0.2296875 0.01328125 0.00859375
0 0.65390625 0.3796875 0.028125 0.01640625
0 0.7015625 0.30703125 0.0234375 0.0140625
0 0.43359375 0.2953125 0.0296875 0.01875
0 0.96640625 0.25546875 0.0203125 0.0109375
0 0.81953125 0.23125 0.01796875 0.0125
0 0.95390625 0.26796875 0.021875 0.0109375
0 0.96953125 0.23046875 0.01484375 0.00625
0 0.76640625 0.2390625 0.0203125 0.0125
0 0.7390625 0.20625 0.021875 0.01015625
0 0.00390625 0.25078125 0.0078125 0.0296875
0 0.66171875 0.16484375 0.0234375 0.0125
0 0.809375 0.14296875 0.021875 0.0140625
0 0.234375 0.19765625 0.025 0.0203125
0 0.7140625 0.1671875 0.021875 0.00859375
0 0.89921875 0.49921875 0.0453125 0.0265625
0 0.90703125 0.20546875 0.0203125 0.00625
0 0.9890625 0.309375 0.01796875 0.0140625
0 0.765625 0.1296875 0.01484375 0.00859375
0 0.0265625 0.2046875 0.03671875 0.02109375
0 0.70390625 0.1171875 0.01171875 0.0078125
0 0.13671875 0.29140625 0.03671875 0.0296875
0 0.84453125 0.21953125 0.021875 0.00859375
0 0.8265625 0.165625 0.0203125 0.0109375
0 0.29140625 0.2390625 0.0296875 0.01875
0 0.99296875 0.2578125 0.01015625 0.0125
0 0.8015625 0.20546875 0.0203125 0.0109375
0 0.990625 0.28046875 0.01484375 0.01640625
0 0.88671875 0.21171875 0.01640625 0.0109375
0 0.7265625 0.2953125 0.0265625 0.01640625
0 0.92890625 0.20546875 0.01484375 0.00625
0 0.646875 0.29453125 0.0234375 0.01875
0 0.83671875 0.3640625 0.0265625 0.01875
0 0.2015625 0.4578125 0.053125 0.0359375
0 0.74453125 0.24296875 0.021875 0.0140625
0 0.17421875 0.178125 0.028125 0.01875
0 0.39140625 0.3546875 0.03359375 0.025
0 0.9515625 0.390625 0.0296875 0.02109375
0 0.72890625 0.13203125 0.01484375 0.00859375
0 0.33203125 0.5515625 0.06015625 0.02890625
0 0.984375 0.43671875 0.028125 0.0265625
0 0.84140625 0.2078125 0.0203125 0.01015625
0 0.75703125 0.18203125 0.0203125 0.0109375
0 0.97890625 0.2046875 0.01171875 0.00625
0 0.68671875 0.11328125 0.01328125 0.00859375
0 0.91953125 0.1921875 0.01484375 0.00859375
0 0.39140625 0.2703125 0.0296875 0.01875
0 0.84140625 0.184375 0.01640625 0.0109375
0 0.08671875 0.28046875 0.03359375 0.01875