0 0.66015625 0.4 0.05078125 0.07578125
0 0.97578125 0.26875 0.0453125 0.0640625
0 0.39609375 0.42265625 0.04609375 0.06640625
0 0.825 0.29375 0.0375 0.05625
0 0.10859375 0.4453125 0.05 0.06796875
0 0.03671875 0.82578125 0.06953125 0.1015625
0 0.31328125 0.6546875 0.065625 0.08828125
0 0.76796875 0.40390625 0.05 0.078125
0 0.88984375 0.31796875 0.04609375 0.05703125
0 0.784375 0.3078125 0.0421875 0.0609375
0 0.61640625 0.31875 0.0453125 0.06796875
0 0.2234375 0.4578125 0.04609375 0.05625
0 0.6796875 0.2875 0.040625 0.05078125
0 0.13203125 0.58515625 0.0546875 0.071875
0 0.43515625 0.6546875 0.0671875 0.11171875
0 0.2640625 0.50703125 0.04765625 0.07421875
0 0.95234375 0.18671875 0.0421875 0.05078125
0 0.50390625 0.3484375 0.040625 0.053125
0 0.0484375 0.56796875 0.05625 0.07578125
0 0.16875 0.4375 0.04609375 0.0625
0 0.04921875 0.45390625 0.05390625 0.0765625
0 0.31875 0.44765625 0.0421875 0.05234375
0 0.3015625 0.39296875 0.0375 0.04921875
0 0.3015625 0.57578125 0.05390625 0.06484375
0 0.01015625 0.475 0.0203125 0.0640625
0 0.3546875 0.41015625 0.040625 0.05703125
0 0.4953125 0.40625 0.0546875 0.0859375
0 0.53828125 0.33125 0.03125 0.0484375
0 0.5828125 0.35 0.02734375 0.0375
0 0.4359375 0.5234375 0.05859375 0.0859375
0 0.571875 0.41171875 0.04296875 0.0625
0 0.45 0.4109375 0.034375 0.05859375
0 0.66953125 0.9265625 0.0921875 0.10234375
0 0.98515625 0.4546875 0.0296875 0.08828125
0 0.559375 0.5171875 0.04375 0.1
0 0.9328125 0.21953125 0.02890625 0.04296875