0 0.46640625 0.0796875 0.03671875 0.06171875
0 0.4609375 0.43671875 0.03984375 0.075
0 0.39921875 0.62734375 0.04140625 0.06953125
0 0.2875 0.22578125 0.03671875 0.0640625
0 0.415625 0.31953125 0.03984375 0.0671875
0 0.6265625 0.3015625 0.034375 0.06171875
0 0.63046875 0.221875 0.034375 0.05703125
0 0.8296875 0.1390625 0.034375 0.0515625
0 0.940625 0.65859375 0.0484375 0.06953125
0 0.85 0.48359375 0.03671875 0.059375
0 0.54921875 0.31171875 0.03984375 0.06171875
0 0.9609375 0.28203125 0.02578125 0.05390625
0 0.09453125 0.2484375 0.04375 0.06953125
0 0.67109375 0.68671875 0.046875 0.0796875
0 0.4390625 0.11875 0.034375 0.06171875
0 0.18515625 0.5453125 0.03984375 0.0640625
0 0.2078125 0.125 0.0328125 0.0640625
0 0.38984375 0.78203125 0.03984375 0.08515625
0 0.92109375 0.271875 0.03984375 0.059375
0 0.69375 0.54140625 0.0328125 0.071875
0 0.3140625 0.16640625 0.03125 0.05390625
0 0.08125 0.65625 0.0453125 0.0796875
0 0.49296875 0.24375 0.034375 0.0640625
0 0.27421875 0.15859375 0.034375 0.059375
0 0.6875 0.08984375 0.03125 0.0515625
0 0.52421875 0.74453125 0.0484375 0.07734375
0 0.615625 0.56328125 0.04375 0.06953125
0 0.7828125 0.71875 0.0453125 0.071875
0 0.16640625 0.84921875 0.0484375 0.08984375
0 0.79140625 0.4921875 0.034375 0.0515625
0 0.959375 0.21796875 0.0328125 0.0640625
0 0.29609375 0.6859375 0.03984375 0.0671875
0 0.43125 0.2421875 0.03671875 0.0671875
0 0.04765625 0.46875 0.04375 0.071875
0 0.14296875 0.2484375 0.03671875 0.06953125
0 0.79765625 0.55546875 0.04375 0.0640625
0 0.046875 0.884375 0.0484375 0.103125
0 0.32109375 0.78515625 0.0484375 0.08515625
0 0.5953125 0.728125 0.05234375 0.0796875
0 0.81015625 0.428125 0.03671875 0.05703125
0 0.57265625 0.56171875 0.0453125 0.07734375
0 0.384375 0.08984375 0.0328125 0.0515625
0 0.3671875 0.32890625 0.04375 0.06953125
0 0.9578125 0.484375 0.03671875 0.0671875
0 0.871875 0.140625 0.03125 0.059375
0 0.33828125 0.45625 0.0484375 0.07734375
0 0.74765625 0.5515625 0.03671875 0.0671875
0 0.9015625 0.36953125 0.03984375 0.0640625
0 0.72890625 0.6328125 0.0453125 0.06953125
0 0.75546875 0.42109375 0.03125 0.05390625
0 0.76328125 0.303125 0.04375 0.06953125
0 0.9109375 0.1984375 0.03671875 0.05703125
0 0.5875 0.4203125 0.04375 0.0671875
0 0.465625 0.7359375 0.05234375 0.08984375
0 0.0953125 0.4578125 0.0453125 0.075
0 0.7734375 0.20078125 0.0328125 0.0515625
0 0.72421875 0.40859375 0.034375 0.05390625
0 0.29765625 0.32109375 0.03671875 0.0640625
0 0.50546875 0.140625 0.034375 0.059375
0 0.13046875 0.5140625 0.0453125 0.075
0 0.26015625 0.6171875 0.04140625 0.075
0 0.6453125 0.48359375 0.046875 0.075
0 0.459375 0.325 0.04375 0.071875
0 0.10703125 0.33984375 0.05 0.071875
0 0.85625 0.28984375 0.03828125 0.0640625
0 0.396875 0.15234375 0.0328125 0.06171875
0 0.8171875 0.28359375 0.03671875 0.071875
0 0.4671875 0.5640625 0.0484375 0.07734375
0 0.20078125 0.26015625 0.04375 0.0671875
0 0.35859375 0.146875 0.03984375 0.05703125
0 0.13359375 0.1390625 0.0484375 0.071875
0 0.2671875 0.75546875 0.0484375 0.07734375
0 0.6828125 0.4125 0.03984375 0.071875
0 0.1890625 0.646875 0.04140625 0.0671875
0 0.609375 0.14921875 0.03125 0.05703125
0 0.06796875 0.56171875 0.03828125 0.0515625
0 0.228125 0.21171875 0.0328125 0.06171875
0 0.85390625 0.6375 0.0484375 0.075
0 0.27890625 0.37890625 0.03671875 0.06171875
0 0.81796875 0.37890625 0.034375 0.04140625
0 0.559375 0.053125 0.03125 0.03359375
0 0.8671875 0.54609375 0.03984375 0.06171875
0 0.68203125 0.2 0.034375 0.04375
0 0.73359375 0.25234375 0.0296875 0.0515625
0 0.575 0.22421875 0.034375 0.0515625
0 0.34921875 0.0890625 0.034375 0.04921875
0 0.81328125 0.2046875 0.03671875 0.05390625
0 0.2375 0.48359375 0.04140625 0.0796875
0 0.50625 0.43671875 0.04375 0.06953125
0 0.940625 0.4265625 0.03828125 0.04375
0 0.66640625 0.28828125 0.034375 0.0515625
0 0.040625 0.39921875 0.03671875 0.04609375
0 0.5453125 0.13046875 0.034375 0.059375
0 0.06328125 0.1390625 0.046875 0.07734375
0 0.9296875 0.56328125 0.046875 0.075
0 0.38125 0.24609375 0.03984375 0.059375
0 0.5140625 0.35078125 0.03828125 0.04609375
0 0.7109375 0.4640625 0.0328125 0.06171875
0 0.03203125 0.58125 0.02578125 0.0640625
0 0.290625 0.44453125 0.0296875 0.0640625
0 0.10859375 0.58125 0.03984375 0.05390625
0 0.5765625 0.1171875 0.03125 0.04921875
0 0.69609375 0.26171875 0.034375 0.04921875
0 0.365625 0.2 0.03671875 0.05390625
0 0.21875 0.8234375 0.0484375 0.08515625
0 0.18515625 0.2046875 0.03984375 0.04921875
0 0.40390625 0.428125 0.03671875 0.05703125
0 0.653125 0.0609375 0.03125 0.04375
0 0.26484375 0.10078125 0.03984375 0.0515625
0 0.8640625 0.41640625 0.03671875 0.05390625
0 0.66640625 0.16484375 0.03125 0.04609375
0 0.1640625 0.46484375 0.046875 0.04921875
0 0.59453125 0.28203125 0.0328125 0.05390625
0 0.51015625 0.60078125 0.0453125 0.07734375
0 0.20625 0.73359375 0.05546875 0.05390625
0 0.95234375 0.109375 0.0296875 0.04921875
0 0.06015625 0.3109375 0.03671875 0.0640625
0 0.184375 0.5953125 0.0484375 0.04140625
0 0.33515625 0.615625 0.0453125 0.07734375
0 0.20625 0.35859375 0.0453125 0.071875
0 0.15390625 0.7140625 0.04375 0.07734375
0 0.2375 0.31328125 0.03828125 0.04921875
0 0.653125 0.1171875 0.02421875 0.04921875
0 0.57578125 0.16640625 0.03671875 0.04921875
0 0.034375 0.79375 0.02421875 0.04609375
0 0.56328125 0.49375 0.04375 0.05390625
0 0.21953125 0.690625 0.03984375 0.0359375
0 0.540625 0.234375 0.03984375 0.0515625
0 0.29609375 0.08125 0.0296875 0.059375
0 0.14921875 0.38125 0.04140625 0.05703125
0 0.759375 0.49375 0.03671875 0.04921875
0 0.92421875 0.1546875 0.03671875 0.04140625
0 0.85 0.36953125 0.0328125 0.04375
0 0.675 0.359375 0.03828125 0.03359375
0 0.44375 0.95 0.046875 0.03359375
0 0.55 0.928125 0.05546875 0.071875
0 0.72890625 0.34765625 0.03828125 0.05703125
0 0.78203125 0.2515625 0.0328125 0.04921875
0 0.1796875 0.4171875 0.03984375 0.0515625
0 0.434375 0.06171875 0.02421875 0.0359375
0 0.425 0.4921875 0.0453125 0.0671875
0 0.13125 0.64453125 0.04375 0.04140625
0 0.8890625 0.10078125 0.034375 0.0359375