0 0.49296875 0.59140625 0.01484375 0.02109375
0 0.8265625 0.7828125 0.0359375 0.04453125
0 0.95 0.79765625 0.0296875 0.040625
0 0.96171875 0.75390625 0.03203125 0.03671875
0 0.9203125 0.81875 0.0296875 0.04296875
0 0.4984375 0.6625 0.01640625 0.025
0 0.43828125 0.59453125 0.015625 0.01953125
0 0.35625 0.69296875 0.0140625 0.01796875
0 0.37109375 0.61875 0.0140625 0.01796875
0 0.39140625 0.68125 0.015625 0.01953125
0 0.77265625 0.575 0.01484375 0.01953125
0 0.35625 0.63203125 0.0140625 0.0171875
0 0.5359375 0.59375 0.01640625 0.02109375
0 0.225 0.65078125 0.01875 0.02890625
0 0.5453125 0.61875 0.015625 0.01953125
0 0.5796875 0.5046875 0.0109375 0.0140625
0 0.21796875 0.5046875 0.0109375 0.01171875
0 0.39140625 0.50625 0.009375 0.01171875
0 0.4234375 0.6078125 0.0140625 0.0171875
0 0.28046875 0.49375 0.00703125 0.0078125
0 0.0796875 0.51640625 0.0078125 0.01171875