1 0.5265625 0.66953125 0.128125 0.20546875
1 0.7046875 0.66640625 0.0546875 0.0859375
1 0.559375 0.78046875 0.20390625 0.428125
1 0.253125 0.8109375 0.090625 0.12109375
1 0.38359375 0.66953125 0.06328125 0.1015625
1 0.5859375 0.5609375 0.03515625 0.06875
1 0.74140625 0.64921875 0.040625 0.08203125
1 0.16640625 0.55 0.0515625 0.0765625
1 0.296875 0.51484375 0.0390625 0.0609375
1 0.82109375 0.603125 0.04296875 0.07265625
1 0.25078125 0.8734375 0.2484375 0.24609375
1 0.846875 0.6875 0.096875 0.12734375
1 0.4484375 0.75234375 0.0765625 0.13828125
1 0.2921875 0.765625 0.0796875 0.11484375
1 0.653125 0.66875 0.05078125 0.103125
1 0.1109375 0.60546875 0.0578125 0.0859375
1 0.0484375 0.63984375 0.07421875 0.0953125
1 0.23359375 0.6421875 0.0578125 0.0875
1 0.85234375 0.809375 0.171875 0.37109375
1 0.70078125 0.809375 0.1515625 0.37109375
1 0.5296875 0.5296875 0.0359375 0.05625
1 0.7921875 0.546875 0.03515625 0.06015625
1 0.17578125 0.70234375 0.0921875 0.11875
1 0.69375 0.5875 0.0359375 0.0625
1 0.3453125 0.48125 0.028125 0.0453125
1 0.4625 0.484375 0.034375 0.04453125
1 0.30546875 0.584375 0.04765625 0.071875
1 0.45390625 0.64453125 0.0484375 0.08359375
1 0.2578125 0.5484375 0.0484375 0.07421875
1 0.3203125 0.696875 0.06875 0.09765625
1 0.440625 0.59609375 0.04765625 0.06796875
1 0.91875 0.70859375 0.0515625 0.08046875
1 0.871875 0.59296875 0.04296875 0.06640625
1 0.696875 0.5265625 0.0296875 0.0375
1 0.1109375 0.525 0.05 0.071875
1 0.303125 0.46328125 0.0296875 0.04140625
1 0.746875 0.5890625 0.0421875 0.0640625
1 0.90703125 0.6421875 0.04609375 0.06484375
1 0.090625 0.48203125 0.04609375 0.0625
1 0.20546875 0.5140625 0.04375 0.05703125
1 0.6484375 0.49375 0.0296875 0.04453125
1 0.021875 0.76796875 0.04296875 0.13515625
1 0.43125 0.83828125 0.13203125 0.3125
1 0.77578125 0.4859375 0.02421875 0.0328125
1 0.334375 0.53046875 0.0328125 0.0484375
1 0.83671875 0.49375 0.02265625 0.0296875
1 0.2703125 0.4515625 0.025 0.0390625
1 0.49921875 0.7015625 0.99296875 0.5796875
1 0.0546875 0.5546875 0.053125 0.05703125
1 0.49296875 0.5484375 0.03984375 0.05625
1 0.9671875 0.54921875 0.028125 0.046875
1 0.42734375 0.5484375 0.04375 0.0546875
1 0.5453125 0.4921875 0.0234375 0.04140625
1 0.80546875 0.703125 0.05625 0.125
1 0.04375 0.48046875 0.03203125 0.05234375
1 0.38984375 0.55859375 0.0359375 0.046875
1 0.1453125 0.7875 0.1609375 0.2875
1 0.28671875 0.65390625 0.0578125 0.07265625
1 0.246875 0.475 0.03046875 0.0375
1 0.42890625 0.47890625 0.03125 0.03671875
1 0.34765625 0.621875 0.0453125 0.0640625
1 0.58046875 0.48046875 0.0265625 0.03359375
1 0.0625 0.45859375 0.03125 0.04921875
1 0.74296875 0.5265625 0.0296875 0.04296875
1 0.903125 0.5875 0.028125 0.0390625
1 0.3953125 0.5015625 0.02734375 0.0390625
1 0.91015625 0.55078125 0.02734375 0.03671875
1 0.446875 0.52890625 0.0328125 0.05703125
1 0.5796875 0.46875 0.02734375 0.03671875
1 0.6390625 0.7015625 0.0875 0.16953125
1 0.6265625 0.50078125 0.02421875 0.04296875
1 0.98671875 0.60546875 0.02265625 0.06015625
1 0.1703125 0.58046875 0.071875 0.13828125
1 0.22890625 0.69453125 0.0828125 0.2015625
1 0.96953125 0.6078125 0.028125 0.05703125
1 0.3859375 0.46484375 0.02421875 0.02890625
1 0.159375 0.484375 0.04609375 0.05234375
1 0.0109375 0.48515625 0.021875 0.0640625
1 0.50078125 0.48515625 0.021875 0.0328125
1 0.590625 0.7015625 0.0328125 0.0640625
1 0.75078125 0.66953125 0.06640625 0.125
1 0.353125 0.54140625 0.0265625 0.04921875
1 0.0453125 0.71875 0.0875 0.11953125
1 0.4453125 0.709375 0.071875 0.05703125
1 0.771875 0.66328125 0.03125 0.05625
1 0.9890625 0.653125 0.01953125 0.06640625
1 0.6140625 0.54921875 0.03046875 0.0546875
1 0.8578125 0.49375 0.01875 0.02578125
1 0.22578125 0.4546875 0.025 0.03671875
1 0.60078125 0.49375 0.0265625 0.03671875
1 0.7203125 0.5140625 0.0296875 0.040625
1 0.64140625 0.5671875 0.0421875 0.05625
1 0.8484375 0.7109375 0.05078125 0.07578125
1 0.2375 0.5140625 0.0328125 0.05234375
1 0.0140625 0.59765625 0.02734375 0.08828125
1 0.4203125 0.5015625 0.028125 0.03125
1 0.87109375 0.54140625 0.02734375 0.0390625
1 0.0640625 0.8484375 0.128125 0.29375
1 0.103125 0.82890625 0.07109375 0.1078125
1 0.1703125 0.68046875 0.071875 0.07421875