0 0.8109375 0.48828125 0.0265625 0.03984375
0 0.3703125 0.6734375 0.02734375 0.0453125
0 0.75078125 0.5796875 0.02890625 0.046875
0 0.290625 0.3890625 0.01875 0.0296875
0 0.86015625 0.68359375 0.03984375 0.05234375
0 0.7546875 0.4609375 0.021875 0.03671875
0 0.790625 0.64140625 0.0328125 0.04921875
0 0.271875 0.8828125 0.0484375 0.0765625
0 0.1859375 0.68359375 0.03046875 0.04921875
0 0.9375 0.6453125 0.03359375 0.05625
0 0.4875 0.7625 0.0328125 0.05625
0 0.42890625 0.60703125 0.0265625 0.0421875
0 0.05546875 0.8296875 0.0453125 0.071875
0 0.190625 0.77421875 0.0328125 0.04921875
0 0.634375 0.7296875 0.0328125 0.05078125
0 0.384375 0.628125 0.02421875 0.04375
0 0.871875 0.48828125 0.02734375 0.03984375
0 0.98125 0.484375 0.0265625 0.0453125
0 0.7078125 0.515625 0.02734375 0.0421875
0 0.16875 0.36953125 0.01796875 0.0265625
0 0.80546875 0.39921875 0.02109375 0.03359375
0 0.5578125 0.71328125 0.03046875 0.05625
0 0.48046875 0.68359375 0.0296875 0.0453125
0 0.14375 0.85703125 0.04140625 0.06328125
0 0.903125 0.37421875 0.0203125 0.03125
0 0.21875 0.60078125 0.02734375 0.04375
0 0.72421875 0.74140625 0.03515625 0.05234375
0 0.290625 0.64296875 0.0265625 0.0421875
0 0.03203125 0.58203125 0.02421875 0.0421875
0 0.5953125 0.31875 0.01796875 0.03359375
0 0.7890625 0.47578125 0.0234375 0.03828125
0 0.8328125 0.43984375 0.02578125 0.03359375
0 0.32578125 0.49453125 0.0234375 0.03515625
0 0.95546875 0.41015625 0.02109375 0.03671875
0 0.63359375 0.6734375 0.03046875 0.04921875
0 0.8765625 0.4140625 0.02109375 0.03515625
0 0.17109375 0.5140625 0.0203125 0.03515625
0 0.36015625 0.73828125 0.03359375 0.05390625
0 0.865625 0.44375 0.02734375 0.03515625
0 0.06484375 0.55 0.02109375 0.03359375
0 0.92578125 0.50546875 0.02734375 0.03515625
0 0.053125 0.44375 0.02421875 0.03515625
0 0.62734375 0.28359375 0.01796875 0.028125
0 0.084375 0.65859375 0.02734375 0.046875
0 0.54453125 0.609375 0.0265625 0.04375
0 0.33203125 0.27421875 0.01484375 0.02421875
0 0.46640625 0.18203125 0.0140625 0.02109375
0 0.1671875 0.734375 0.03203125 0.05234375
0 0.4265625 0.859375 0.0359375 0.046875
0 0.0125 0.67421875 0.025 0.0421875
0 0.22890625 0.52890625 0.02109375 0.03359375
0 0.015625 0.76796875 0.03046875 0.046875
0 0.9015625 0.56875 0.0359375 0.05078125
0 0.29140625 0.49921875 0.02421875 0.03671875
0 0.53203125 0.49453125 0.0234375 0.03515625
0 0.240625 0.56015625 0.0265625 0.03359375
0 0.91484375 0.84765625 0.04140625 0.059375
0 0.68125 0.7296875 0.0390625 0.0578125
0 0.315625 0.84453125 0.0390625 0.059375
0 0.96796875 0.2890625 0.0203125 0.0296875
0 0.20234375 0.8296875 0.0421875 0.0578125
0 0.346875 0.4609375 0.021875 0.03671875
0 0.653125 0.4125 0.02109375 0.03515625
0 0.25390625 0.1046875 0.0125 0.02109375
0 0.6203125 0.55390625 0.02578125 0.0421875
0 0.54453125 0.4546875 0.02421875 0.03515625
0 0.44375 0.4796875 0.021875 0.03671875
0 0.92578125 0.925 0.04453125 0.06640625
0 0.1171875 0.628125 0.02734375 0.046875
0 0.79609375 0.18359375 0.0140625 0.02109375
0 0.24296875 0.675 0.0328125 0.04921875
0 0.20546875 0.3484375 0.01875 0.0265625
0 0.61875 0.7890625 0.03671875 0.0609375
0 0.66640625 0.378125 0.02109375 0.03359375
0 0.346875 0.3078125 0.01484375 0.02109375
0 0.60546875 0.353125 0.01875 0.028125
0 0.803125 0.78515625 0.03359375 0.05625
0 0.4703125 0.33984375 0.015625 0.0296875
0 0.50234375 0.353125 0.01875 0.03125
0 0.51484375 0.15390625 0.0140625 0.02109375
0 0.4140625 0.52890625 0.02109375 0.03671875
0 0.03828125 0.3 0.0203125 0.0296875
0 0.190625 0.140625 0.0125 0.02265625
0 0.06796875 0.6109375 0.02578125 0.03671875
0 0.490625 0.61328125 0.0265625 0.0453125
0 0.9328125 0.42109375 0.02421875 0.03828125
0 0.8546875 0.23828125 0.01484375 0.02265625
0 0.96640625 0.18359375 0.0140625 0.02109375
0 0.5515625 0.3890625 0.0203125 0.0296875
0 0.0265625 0.37578125 0.02109375 0.03125
0 0.8328125 0.1265625 0.0125 0.01953125
0 0.41640625 0.4421875 0.0203125 0.03125
0 0.36171875 0.62421875 0.02421875 0.03515625
0 0.0546875 0.65390625 0.02734375 0.0453125
0 0.66484375 0.2890625 0.02109375 0.0296875
0 0.684375 0.3546875 0.0203125 0.03125
0 0.8203125 0.15625 0.0125 0.01953125
0 0.2484375 0.3234375 0.01796875 0.02421875
0 0.58984375 0.2046875 0.0140625 0.02421875
0 0.63203125 0.18203125 0.0140625 0.02109375
0 0.8203125 0.925 0.03828125 0.06640625
0 0.3 0.46328125 0.0203125 0.028125
0 0.80859375 0.30390625 0.01875 0.028125
0 0.890625 0.18125 0.015625 0.0265625
0 0.0203125 0.52421875 0.02578125 0.03515625
0 0.96015625 0.365625 0.021875 0.03125
0 0.5546875 0.503125 0.0265625 0.03828125
0 0.5265625 0.29140625 0.01796875 0.0265625
0 0.3828125 0.5875 0.0265625 0.03828125
0 0.2484375 0.39296875 0.015625 0.028125
0 0.8296875 0.203125 0.01484375 0.02421875
0 0.471875 0.24453125 0.0125 0.02421875
0 0.4453125 0.2703125 0.0140625 0.02265625
0 0.5203125 0.84453125 0.03828125 0.06328125
0 0.50078125 0.5734375 0.0234375 0.03515625
0 0.3078125 0.08984375 0.0125 0.01953125
0 0.10234375 0.19765625 0.0140625 0.02109375
0 0.86484375 0.37578125 0.0203125 0.03125
0 0.228125 0.265625 0.0140625 0.02421875
0 0.7140625 0.1640625 0.01484375 0.02109375
0 0.97734375 0.2515625 0.01796875 0.028125
0 0.8875 0.33359375 0.0203125 0.03125
0 0.821875 0.3296875 0.02109375 0.03359375
0 0.878125 0.28046875 0.015625 0.0265625
0 0.72890625 0.18125 0.0140625 0.01953125
0 0.62734375 0.403125 0.0203125 0.0296875
0 0.40546875 0.29140625 0.01484375 0.0265625
0 0.50234375 0.18359375 0.0125 0.02109375
0 0.240625 0.74296875 0.0328125 0.04921875
0 0.990625 0.64765625 0.0171875 0.046875
0 0.14375 0.8 0.03671875 0.04375
0 0.66640625 0.5734375 0.0296875 0.03828125
0 0.80859375 0.11796875 0.0125 0.015625
0 0.26875 0.3625 0.01875 0.0296875
0 0.30546875 0.33828125 0.01484375 0.02265625
0 0.76796875 0.19140625 0.0140625 0.01953125
0 0.28046875 0.3296875 0.0171875 0.0265625
0 0.15078125 0.46953125 0.02421875 0.03671875
0 0.9109375 0.34453125 0.02109375 0.028125
0 0.31484375 0.27890625 0.0140625 0.02265625
0 0.95546875 0.7625 0.0421875 0.06640625
0 0.6921875 0.4734375 0.02578125 0.03515625
0 0.29375 0.16875 0.0140625 0.02265625
0 0.390625 0.17109375 0.0140625 0.02109375
0 0.4671875 0.4609375 0.021875 0.03671875
0 0.12421875 0.39921875 0.021875 0.03359375
0 0.58203125 0.2640625 0.01484375 0.02421875
0 0.39140625 0.33125 0.0171875 0.0265625
0 0.94375 0.08203125 0.0125 0.0171875
0 0.22890625 0.43203125 0.02109375 0.03125
0 0.45703125 0.11953125 0.0125 0.01953125
0 0.11640625 0.5453125 0.02734375 0.0421875
0 0.5453125 0.14296875 0.01171875 0.0171875
0 0.4203125 0.38125 0.01875 0.028125
0 0.5671875 0.30390625 0.0171875 0.028125
0 0.8421875 0.353125 0.01796875 0.028125
0 0.153125 0.59296875 0.02734375 0.0421875
0 0.2796875 0.2328125 0.01484375 0.02421875
0 0.690625 0.23828125 0.01796875 0.02265625
0 0.78203125 0.234375 0.01484375 0.02109375
0 0.58125 0.240625 0.01484375 0.01953125
0 0.990625 0.378125 0.015625 0.0265625
0 0.35234375 0.34296875 0.01875 0.028125
0 0.4890625 0.4140625 0.02109375 0.03515625
0 0.85 0.20859375 0.015625 0.02265625
0 0.94375 0.14140625 0.01484375 0.02109375
0 0.1890625 0.4484375 0.02109375 0.03359375
0 0.5875 0.384375 0.0203125 0.028125
0 0.14296875 0.5125 0.0234375 0.03125
0 0.3265625 0.33125 0.015625 0.0265625
0 0.36953125 0.24765625 0.0140625 0.02265625
0 0.1765625 0.16015625 0.01484375 0.01953125
0 0.43203125 0.3484375 0.01796875 0.03359375
0 0.86015625 0.265625 0.01796875 0.02421875
0 0.7234375 0.21484375 0.01484375 0.02421875
0 0.7828125 0.2890625 0.01796875 0.0265625
0 0.75625 0.15390625 0.0125 0.0171875
0 0.72734375 0.253125 0.0171875 0.028125
0 0.7265625 0.46796875 0.02421875 0.03671875
0 0.12109375 0.3 0.01796875 0.0296875
0 0.53828125 0.3609375 0.0203125 0.0265625
0 0.3109375 0.39921875 0.02109375 0.03671875
0 0.53203125 0.15390625 0.01171875 0.0171875
0 0.85234375 0.96484375 0.0453125 0.06328125
0 0.86796875 0.34296875 0.02109375 0.03125
0 0.97265625 0.3234375 0.0203125 0.028125
0 0.9453125 0.24140625 0.0140625 0.02109375
0 0.3453125 0.07109375 0.01171875 0.015625
0 0.79765625 0.2234375 0.0171875 0.02421875
0 0.2796875 0.3015625 0.015625 0.02265625
0 0.43828125 0.5734375 0.0265625 0.03515625
0 0.6890625 0.21484375 0.0171875 0.02421875
0 0.80234375 0.2703125 0.01875 0.0265625
0 0.8421875 0.25546875 0.0171875 0.02421875
0 0.6265625 0.36328125 0.02109375 0.03125
0 0.678125 0.2578125 0.01796875 0.0265625
0 0.1078125 0.23203125 0.0125 0.02265625
0 0.190625 0.53515625 0.021875 0.03125
0 0.33203125 0.128125 0.0125 0.01953125
0 0.70234375 0.3234375 0.0203125 0.03125
0 0.25390625 0.49765625 0.0234375 0.03671875
0 0.70390625 0.0765625 0.01171875 0.0171875
0 0.34375 0.203125 0.0140625 0.02421875
0 0.27890625 0.090625 0.01171875 0.02109375
0 0.609375 0.2953125 0.01796875 0.02421875
0 0.34453125 0.24453125 0.0140625 0.02421875
0 0.715625 0.29375 0.01796875 0.028125
0 0.10625 0.5875 0.02890625 0.03828125
0 0.67109375 0.2 0.01484375 0.02265625
0 0.08046875 0.27890625 0.0171875 0.0296875
0 0.39453125 0.2296875 0.0140625 0.0265625
0 0.93203125 0.28671875 0.01796875 0.028125
0 0.7265625 0.36953125 0.0203125 0.0265625
0 0.8828125 0.90546875 0.04140625 0.06640625
0 0.24375 0.196875 0.0125 0.02265625
0 0.54375 0.24296875 0.0140625 0.02109375
0 0.91953125 0.259375 0.0171875 0.02265625
0 0.13359375 0.18984375 0.0140625 0.01953125
0 0.39609375 0.384375 0.01875 0.02421875
0 0.890625 0.14296875 0.0140625 0.02109375
0 0.70234375 0.2640625 0.01796875 0.028125
0 0.55625 0.2296875 0.0140625 0.01953125
0 0.39453125 0.12265625 0.0125 0.0171875
0 0.0765625 0.21640625 0.01484375 0.02109375
0 0.73671875 0.865625 0.0390625 0.059375
0 0.00859375 0.38515625 0.0171875 0.0296875
0 0.43125 0.32109375 0.015625 0.02265625
0 0.4515625 0.346875 0.01796875 0.0265625
0 0.83203125 0.234375 0.0171875 0.02421875
0 0.2921875 0.546875 0.02578125 0.03828125
0 0.92265625 0.2296875 0.01484375 0.02265625
0 0.64375 0.45859375 0.021875 0.03671875
0 0.1265625 0.259375 0.015625 0.0265625
0 0.4078125 0.1640625 0.0140625 0.02109375
0 0.19453125 0.24296875 0.0140625 0.02109375
0 0.35234375 0.26796875 0.01484375 0.0265625
0 0.721875 0.39921875 0.0234375 0.03359375
0 0.9234375 0.3875 0.0203125 0.0296875
0 0.95 0.26796875 0.01796875 0.0265625
0 0.15546875 0.675 0.0296875 0.0453125
0 0.35625 0.37421875 0.0203125 0.02421875
0 0.09140625 0.21953125 0.0140625 0.02265625
0 0.503125 0.234375 0.0140625 0.02109375
0 0.7796875 0.06640625 0.01171875 0.0171875
0 0.89609375 0.30234375 0.01796875 0.02421875
0 0.89609375 0.08203125 0.01171875 0.0171875
0 0.359375 0.2953125 0.0140625 0.02421875
0 0.97578125 0.56875 0.02734375 0.04375
0 0.12890625 0.4546875 0.0203125 0.03515625
0 0.103125 0.74453125 0.0328125 0.059375
0 0.64375 0.16015625 0.0140625 0.01953125
0 0.38828125 0.49453125 0.02109375 0.028125
0 0.41484375 0.25703125 0.0125 0.02109375
0 0.5953125 0.09296875 0.01171875 0.0140625
0 0.0546875 0.36171875 0.0203125 0.03125
0 0.48125 0.18671875 0.01484375 0.02109375
0 0.70390625 0.140625 0.0125 0.01953125
0 0.57265625 0.34296875 0.0171875 0.028125
0 0.33515625 0.4140625 0.0203125 0.03515625
0 0.8203125 0.17734375 0.0140625 0.02265625
0 0.909375 0.12578125 0.0140625 0.02109375
0 0.7453125 0.39140625 0.0234375 0.03125
0 0.7296875 0.15625 0.01171875 0.01953125
0 0.596875 0.1390625 0.0125 0.02265625
0 0.60546875 0.20625 0.01484375 0.02109375
0 0.83203125 0.390625 0.021875 0.03359375
0 0.50859375 0.0671875 0.01171875 0.015625
0 0.775 0.2640625 0.01796875 0.02421875
0 0.0875 0.3296875 0.0203125 0.03359375
0 0.334375 0.55859375 0.02578125 0.0296875
0 0.11875 0.33203125 0.01875 0.03125
0 0.5546875 0.425 0.0203125 0.028125
0 0.02578125 0.24296875 0.015625 0.02421875
0 0.49296875 0.11796875 0.01171875 0.015625
0 0.79453125 0.103125 0.0109375 0.0140625
0 0.51640625 0.3171875 0.01484375 0.0265625
0 0.09375 0.39921875 0.0203125 0.0296875
0 0.609375 0.14296875 0.0125 0.02109375
0 0.1546875 0.3921875 0.0203125 0.0296875
0 0.23046875 0.4828125 0.01875 0.028125
0 0.36640625 0.9796875 0.0546875 0.03671875
0 0.39140625 0.53515625 0.0234375 0.03828125
0 0.29140625 0.259375 0.015625 0.0265625
0 0.2390625 0.3484375 0.0171875 0.0265625
0 0.05 0.2 0.0140625 0.02265625
0 0.5078125 0.1125 0.0125 0.01953125
0 0.16875 0.3234375 0.01796875 0.02421875
0 0.58984375 0.43828125 0.021875 0.03359375
0 0.8796875 0.1046875 0.01171875 0.0171875
0 0.54140625 0.3296875 0.0203125 0.0296875
0 0.69453125 0.17109375 0.01484375 0.0171875
0 0.74375 0.50546875 0.0234375 0.03125
0 0.2609375 0.30234375 0.01796875 0.02421875
0 0.74453125 0.26171875 0.015625 0.02265625
0 0.83203125 0.08828125 0.01171875 0.01953125
0 0.44375 0.15234375 0.01484375 0.02109375
0 0.62734375 0.1515625 0.0140625 0.01953125
0 0.1453125 0.3546875 0.01875 0.028125
0 0.684375 0.2953125 0.0171875 0.028125
0 0.0546875 0.27265625 0.0171875 0.02421875