0 0.68828125 0.31171875 0.0359375 0.05078125
0 0.96015625 0.165625 0.0234375 0.03515625
0 0.1734375 0.28125 0.025 0.04140625
0 0.6375 0.2234375 0.0234375 0.0375
0 0.63984375 0.05546875 0.015625 0.025
0 0.83359375 0.584375 0.05390625 0.078125
0 0.440625 0.18828125 0.0203125 0.0328125
0 0.0921875 0.16875 0.0171875 0.025
0 0.22734375 0.14296875 0.01484375 0.02578125
0 0.04765625 0.3703125 0.0265625 0.04296875
0 0.896875 0.1 0.02421875 0.0375
0 0.29609375 0.33515625 0.03125 0.0484375
0 0.103125 0.428125 0.0375 0.04453125
0 0.3390625 0.5 0.0359375 0.04921875
0 0.2046875 0.15 0.0140625 0.021875
0 0.13203125 0.0734375 0.01171875 0.0171875
0 0.7359375 0.21640625 0.028125 0.04453125
0 0.75703125 0.09375 0.0171875 0.02578125
0 0.39921875 0.23203125 0.02265625 0.03671875
0 0.009375 0.34140625 0.01875 0.0453125
0 0.76875 0.66328125 0.06875 0.09765625
0 0.115625 0.4875 0.04375 0.0609375
0 0.32734375 0.13671875 0.0203125 0.03125
0 0.0609375 0.28046875 0.01953125 0.0296875
0 0.45234375 0.08125 0.0140625 0.01953125
0 0.37890625 0.0171875 0.0140625 0.01953125
0 0.16796875 0.05 0.01171875 0.0171875
0 0.03828125 0.446875 0.0375 0.053125
0 0.06328125 0.0796875 0.0140625 0.01953125
0 0.0296875 0.22265625 0.0171875 0.0234375
0 0.315625 0.0171875 0.0109375 0.01796875
0 0.2171875 0.02890625 0.0109375 0.01796875
0 0.028125 0.1703125 0.01875 0.021875
0 0.07421875 0.1828125 0.0171875 0.025
0 0.21953125 0.0484375 0.01171875 0.0171875
0 0.34296875 0.00625 0.0140625 0.0125
0 0.18828125 0.053125 0.0125 0.01796875
0 0.028125 0.0890625 0.0140625 0.01953125
0 0.09453125 0.01796875 0.0109375 0.01796875
0 0.18203125 0.03203125 0.0109375 0.0171875
0 0.14140625 0.01875 0.0109375 0.0140625
0 0.15703125 0.00625 0.0109375 0.0125
0 0.25703125 0.00625 0.01171875 0.01171875
0 0.0546875 0.0296875 0.009375 0.0140625
0 0.7375 0.3328125 0.03828125 0.053125
0 0.19453125 0.01953125 0.009375 0.015625
0 0.19453125 0.00546875 0.009375 0.01015625
0 0.0046875 0.28203125 0.00859375 0.0375
0 0.00390625 0.10546875 0.0078125 0.01796875
0 0.18125 0.00625 0.0109375 0.01171875
0 0.0046875 0.13203125 0.00859375 0.025
0 0.0828125 0.0171875 0.01171875 0.01953125
0 0.6453125 0.109375 0.0171875 0.02578125
0 0.128125 0.00546875 0.0109375 0.01015625
0 0.21796875 0.00625 0.0109375 0.01171875
0 0.446875 0.01796875 0.0109375 0.01796875
0 0.30859375 0.0578125 0.0140625 0.01953125
0 0.29375 0.00546875 0.01171875 0.01015625
0 0.00390625 0.075 0.0078125 0.01953125
0 0.3078125 0.034375 0.01171875 0.01953125
0 0.06953125 0.02890625 0.009375 0.015625
0 0.115625 0.046875 0.01171875 0.01796875
0 0.2296875 0.00625 0.0109375 0.01171875
0 0.24453125 0.00625 0.0109375 0.01171875
0 0.475 0.13046875 0.01484375 0.0234375
0 0.409375 0.03046875 0.0140625 0.01953125
0 0.2390625 0.05390625 0.01171875 0.0171875
0 0.10625 0.00546875 0.0109375 0.01015625
0 0.44609375 0.04296875 0.01171875 0.01796875