0 0.559375 0.38671875 0.04375 0.05703125
0 0.753125 0.06875 0.01640625 0.02578125
0 0.9203125 0.06875 0.015625 0.025
0 0.9265625 0.7875 0.08203125 0.10703125
0 0.553125 0.06875 0.01875 0.025
0 0.2140625 0.85546875 0.075 0.11171875
0 0.65703125 0.68828125 0.07109375 0.103125
0 0.78125 0.46875 0.0484375 0.05703125
0 0.5203125 0.36171875 0.0328125 0.04921875
0 0.29609375 0.0578125 0.0140625 0.01953125
0 0.0828125 0.115625 0.0171875 0.02578125
0 0.76875 0.5375 0.05625 0.0875
0 0.8984375 0.0171875 0.0140625 0.01953125
0 0.22578125 0.04453125 0.0140625 0.02109375
0 0.4953125 0.15703125 0.0203125 0.0296875
0 0.58046875 0.0875 0.01875 0.02578125
0 0.39453125 0.1125 0.015625 0.025
0 0.47890625 0.03203125 0.01484375 0.021875
0 0.01484375 0.04296875 0.0140625 0.01796875
0 0.12734375 0.1703125 0.02421875 0.0328125
0 0.0265625 0.0921875 0.01640625 0.025
0 0.05234375 0.06015625 0.01484375 0.0234375
0 0.821875 0.01328125 0.0125 0.0234375
0 0.5609375 0.040625 0.015625 0.021875
0 0.103125 0.18046875 0.0171875 0.0296875
0 0.13203125 0.046875 0.0140625 0.01796875
0 0.92734375 0.1140625 0.02265625 0.0328125
0 0.39296875 0.025 0.0125 0.01953125
0 0.92578125 0.27421875 0.0328125 0.0484375
0 0.3453125 0.05625 0.0140625 0.01953125
0 0.9890625 0.30546875 0.0203125 0.05078125
0 0.73125 0.04765625 0.01640625 0.02734375
0 0.34296875 0.09375 0.01484375 0.0234375
0 0.03671875 0.05625 0.0125 0.0234375
0 0.23359375 0.14375 0.0171875 0.02734375
0 0.1578125 0.0421875 0.0140625 0.01953125
0 0.26484375 0.0484375 0.0125 0.01953125
0 0.6171875 0.0546875 0.0140625 0.02109375
0 0.540625 0.040625 0.0140625 0.021875
0 0.54375 0.275 0.0296875 0.04296875
0 0.853125 0.0078125 0.01484375 0.015625
0 0.759375 0.14140625 0.01875 0.025
0 0.4703125 0.00625 0.0125 0.0125
0 0.434375 0.04296875 0.0125 0.0234375
0 0.9390625 0.0875 0.01640625 0.02734375
0 0.3671875 0.04453125 0.0140625 0.02109375
0 0.61484375 0.02890625 0.01484375 0.02109375
0 0.17265625 0.05 0.015625 0.01953125
0 0.565625 0.00625 0.01484375 0.01171875
0 0.86796875 0.01015625 0.01484375 0.01796875
0 0.44453125 0.00625 0.0140625 0.01171875
0 0.58046875 0.03046875 0.0125 0.01953125
0 0.00703125 0.39453125 0.0140625 0.03359375
0 0.08359375 0.178125 0.02265625 0.03359375
0 0.05234375 0.09375 0.01484375 0.0234375
0 0.3828125 0.0578125 0.015625 0.021875
0 0.3703125 0.00625 0.0125 0.01171875
0 0.74453125 0.00625 0.0140625 0.0125
0 0.76796875 0.00625 0.0125 0.01171875
0 0.10625 0.10625 0.01640625 0.025
0 0.5046875 0.0125 0.0140625 0.01953125
0 0.1515625 0.06328125 0.01484375 0.01953125
0 0.79609375 0.01875 0.0140625 0.01953125
0 0.06875 0.08515625 0.01484375 0.021875
0 0.37734375 0.02265625 0.0125 0.0171875
0 0.3296875 0.00546875 0.0140625 0.01015625
0 0.97109375 0.00625 0.0140625 0.0125
0 0.59765625 0.05625 0.0140625 0.01953125
0 0.5765625 0.05703125 0.015625 0.0234375
0 0.19140625 0.0578125 0.0140625 0.021875
0 0.7890625 0.10703125 0.015625 0.0234375
0 0.2421875 0.0765625 0.0140625 0.021875
0 0.13203125 0.1390625 0.0171875 0.02578125
0 0.23125 0.11171875 0.0171875 0.02578125