0 0.60859375 0.66171875 0.03984375 0.0625
0 0.86484375 0.25625 0.0125 0.01953125
0 0.99140625 0.3921875 0.015625 0.02890625
0 0.89609375 0.28125 0.01484375 0.0234375
0 0.95859375 0.38203125 0.0203125 0.0328125
0 0.48125 0.43125 0.01875 0.02578125
0 0.759375 0.3828125 0.01953125 0.02578125
0 0.384375 0.48203125 0.02421875 0.0390625
0 0.85625 0.571875 0.0328125 0.0453125
0 0.60078125 0.6046875 0.03984375 0.0484375
0 0.7140625 0.26796875 0.0125 0.01796875
0 0.9703125 0.47578125 0.02734375 0.0375
0 0.7546875 0.3203125 0.01484375 0.0234375
0 0.790625 0.2703125 0.01171875 0.01953125
0 0.3609375 0.44140625 0.0203125 0.02890625
0 0.640625 0.384375 0.01953125 0.02734375
0 0.92578125 0.26875 0.015625 0.01953125
0 0.353125 0.51875 0.0296875 0.04296875
0 0.8765625 0.3171875 0.01640625 0.025
0 0.84296875 0.25390625 0.0125 0.015625
0 0.8109375 0.27421875 0.0140625 0.025
0 0.6859375 0.2640625 0.01171875 0.0171875
0 0.51484375 0.31875 0.0140625 0.01953125
0 0.91328125 0.76328125 0.05625 0.07265625
0 0.60546875 0.3296875 0.0140625 0.01953125
0 0.44453125 0.3421875 0.01171875 0.0171875
0 0.75703125 0.290625 0.0140625 0.01953125
0 0.5796875 0.271875 0.0140625 0.01796875
0 0.75625 0.2671875 0.0125 0.01796875
0 0.55390625 0.20625 0.009375 0.0140625
0 0.88671875 0.259375 0.01171875 0.0171875
0 0.7328125 0.26796875 0.0109375 0.01796875
0 0.64453125 0.2734375 0.0140625 0.015625
0 0.259375 0.5234375 0.01484375 0.0234375
0 0.45390625 0.20625 0.009375 0.0140625
0 0.6625 0.28828125 0.0125 0.01953125
0 0.98125 0.2296875 0.01171875 0.0171875
0 0.75234375 0.24765625 0.0125 0.015625
0 0.80546875 0.16875 0.00859375 0.01171875
0 0.45859375 0.40625 0.01484375 0.0234375
0 0.8703125 0.18046875 0.00859375 0.0140625
0 0.259375 0.44296875 0.01875 0.02578125
0 0.134375 0.31015625 0.0109375 0.015625
0 0.2390625 0.4515625 0.0171875 0.0234375
0 0.9734375 0.43515625 0.021875 0.02578125
0 0.43203125 0.2921875 0.0109375 0.0140625
0 0.9046875 0.19296875 0.009375 0.01328125
0 0.61796875 0.19375 0.00859375 0.01171875
0 0.59296875 0.19375 0.0109375 0.01328125
0 0.1078125 0.32265625 0.009375 0.015625
0 0.21953125 0.26796875 0.0109375 0.01328125
0 0.471875 0.38828125 0.01484375 0.0234375
0 0.99375 0.17421875 0.0109375 0.01796875
0 0.87734375 0.290625 0.0125 0.01953125
0 0.35625 0.30703125 0.0109375 0.015625
0 0.53203125 0.271875 0.0109375 0.015625
0 0.60859375 0.275 0.0125 0.01796875
0 0.7921875 0.16875 0.009375 0.01171875
0 0.18046875 0.31015625 0.0109375 0.015625
0 0.853125 0.22890625 0.0109375 0.015625
0 0.6421875 0.25625 0.01171875 0.01796875
0 0.95546875 0.15546875 0.00859375 0.01171875
0 0.87890625 0.1953125 0.009375 0.015625
0 0.778125 0.2671875 0.0125 0.01953125
0 0.83671875 0.1875 0.00859375 0.01328125
0 0.08203125 0.2296875 0.009375 0.0140625
0 0.91484375 0.2921875 0.01484375 0.021875
0 0.8546875 0.17890625 0.009375 0.01171875
0 0.15703125 0.2703125 0.009375 0.0140625
0 0.24140625 0.5140625 0.021875 0.03359375
0 0.1046875 0.2421875 0.009375 0.01328125
0 0.9203125 0.18125 0.009375 0.01328125
0 0.89140625 0.1671875 0.0109375 0.0140625
0 0.81875 0.18125 0.00859375 0.01171875
0 0.56484375 0.2953125 0.0125 0.0171875
0 0.86953125 0.2296875 0.0109375 0.0140625
0 0.81875 0.23125 0.0109375 0.0140625
0 0.45703125 0.2671875 0.009375 0.0140625
0 0.45234375 0.4515625 0.01484375 0.02109375
0 0.80703125 0.1921875 0.00859375 0.0140625
0 0.57890625 0.3390625 0.0140625 0.01953125
0 0.60625 0.25625 0.01171875 0.01328125
0 0.59765625 0.30625 0.0140625 0.01796875
0 0.89375 0.19140625 0.00703125 0.01328125
0 0.7453125 0.16875 0.00859375 0.01171875
0 0.64375 0.3015625 0.01171875 0.0171875
0 0.9078125 0.16640625 0.00859375 0.01328125
0 0.5359375 0.209375 0.009375 0.015625
0 0.63203125 0.16640625 0.009375 0.015625
0 0.7203125 0.23125 0.0109375 0.0140625
0 0.10625 0.30546875 0.00859375 0.0140625
0 0.9203125 0.228125 0.009375 0.0171875
0 0.65390625 0.18125 0.0109375 0.01796875