0 0.5375 0.3046875 0.05 0.0703125
0 0.4765625 0.271875 0.040625 0.06796875
0 0.615625 0.3234375 0.0515625 0.07421875
0 0.44140625 0.60390625 0.0640625 0.1015625
0 0.91484375 0.40078125 0.06328125 0.09375
0 0.94453125 0.775 0.08515625 0.12890625
0 0.83671875 0.11875 0.0359375 0.053125
0 0.11640625 0.0484375 0.028125 0.04453125
0 0.9296875 0.1640625 0.0453125 0.06484375
0 0.21171875 0.01796875 0.0234375 0.0359375
0 0.0890625 0.0296875 0.0234375 0.03671875
0 0.43046875 0.00625 0.0203125 0.01171875
0 0.06640625 0.04296875 0.0296875 0.0390625
0 0.325 0.00625 0.02265625 0.01171875
0 0.01484375 0.00625 0.025 0.01171875
0 0.4296875 0.8703125 0.0140625 0.01953125