1 0.5015625 0.671875 0.984375 0.6359375
1 0.54375 0.62421875 0.16015625 0.1796875
1 0.16875 0.678125 0.04140625 0.06015625
1 0.5375 0.56875 0.03046875 0.03828125
1 0.14609375 0.81171875 0.15703125 0.33203125
1 0.08046875 0.6796875 0.05234375 0.0640625
1 0.2890625 0.76484375 0.03828125 0.05
1 0.334375 0.871875 0.03984375 0.05625
1 0.1765625 0.94765625 0.04453125 0.05625
1 0.3515625 0.45 0.05546875 0.16796875
1 0.56328125 0.84765625 0.04140625 0.05234375
1 0.665625 0.9359375 0.05234375 0.071875
1 0.59453125 0.5609375 0.025 0.034375
1 0.37265625 0.88828125 0.04296875 0.05625
1 0.51875 0.9453125 0.05390625 0.0578125
1 0.359375 0.3828125 0.021875 0.0296875
1 0.4828125 0.86015625 0.03515625 0.05625
1 0.73984375 0.475 0.025 0.034375
1 0.26875 0.5453125 0.0234375 0.034375
1 0.64453125 0.578125 0.02890625 0.03984375
1 0.2234375 0.78203125 0.03984375 0.06796875
1 0.75390625 0.45625 0.0234375 0.03203125
1 0.67578125 0.5078125 0.02890625 0.03203125
1 0.1328125 0.66796875 0.04296875 0.05234375
1 0.88203125 0.52578125 0.03203125 0.04375
1 0.55546875 0.921875 0.04453125 0.06015625
1 0.23125 0.93125 0.05546875 0.065625
1 0.246875 0.428125 0.04921875 0.17578125
1 0.11015625 0.959375 0.05390625 0.06171875
1 0.86640625 0.46328125 0.0265625 0.034375
1 0.43984375 0.43515625 0.0234375 0.0296875
1 0.39296875 0.38203125 0.01875 0.028125
1 0.67421875 0.73671875 0.03515625 0.0421875
1 0.6859375 0.559375 0.06171875 0.13828125
1 0.83203125 0.56015625 0.028125 0.0359375
1 0.790625 0.796875 0.03984375 0.05390625
1 0.73984375 0.515625 0.0921875 0.12421875
1 0.38046875 0.5296875 0.021875 0.03203125
1 0.41015625 0.56328125 0.021875 0.0296875
1 0.26640625 0.615625 0.028125 0.04765625
1 0.303125 0.43125 0.04765625 0.1703125
1 0.6328125 0.53125 0.0234375 0.034375
1 0.35625 0.64765625 0.025 0.03203125
1 0.63828125 0.47578125 0.021875 0.03203125
1 0.4328125 0.6578125 0.03046875 0.04765625
1 0.51953125 0.77578125 0.03359375 0.04375
1 0.3625 0.57734375 0.0234375 0.034375
1 0.25 0.35390625 0.021875 0.028125
1 0.7265625 0.91171875 0.03828125 0.06015625
1 0.38984375 0.42109375 0.03671875 0.1421875
1 0.53515625 0.5421875 0.0234375 0.028125
1 0.66171875 0.46484375 0.0203125 0.02578125
1 0.3 0.534375 0.0265625 0.0359375
1 0.35625 0.809375 0.03359375 0.0421875
1 0.80546875 0.46875 0.0234375 0.0296875
1 0.403125 0.82734375 0.02890625 0.0421875
1 0.23046875 0.7140625 0.02890625 0.04375
1 0.53046875 0.4578125 0.0234375 0.03203125
1 0.43046875 0.47578125 0.04765625 0.115625
1 0.91328125 0.4546875 0.0265625 0.034375
1 0.41875 0.525 0.025 0.034375
1 0.5859375 0.640625 0.0265625 0.03828125
1 0.2875 0.78671875 0.06015625 0.09765625
1 0.38125 0.71796875 0.04140625 0.05234375
1 0.4921875 0.43203125 0.0203125 0.028125
1 0.64296875 0.6046875 0.05390625 0.09375
1 0.9578125 0.4640625 0.0265625 0.0359375
1 0.90078125 0.56328125 0.03203125 0.0421875
1 0.6140625 0.5078125 0.0234375 0.03203125
1 0.4546875 0.57890625 0.028125 0.03828125
1 0.51171875 0.65078125 0.025 0.0421875
1 0.01875 0.81328125 0.03671875 0.065625
1 0.62109375 0.96171875 0.04921875 0.0640625
1 0.7046875 0.4578125 0.0203125 0.03203125
1 0.353125 0.91484375 0.07734375 0.13828125
1 0.3171875 0.58515625 0.021875 0.034375
1 0.7625 0.96484375 0.08046875 0.0578125
1 0.19453125 0.52890625 0.0265625 0.034375
1 0.2578125 0.6953125 0.02890625 0.03828125
1 0.7953125 0.846875 0.04609375 0.05390625
1 0.46328125 0.64375 0.0234375 0.0359375
1 0.3078125 0.68125 0.03359375 0.0421875
1 0.81015625 0.57109375 0.028125 0.03828125
1 0.2921875 0.87890625 0.03203125 0.05
1 0.1625 0.29609375 0.0234375 0.0359375
1 0.57265625 0.46328125 0.0203125 0.0296875
1 0.5171875 0.47734375 0.03203125 0.05
1 0.75 0.60234375 0.0265625 0.03203125
1 0.5484375 0.46171875 0.021875 0.03203125
1 0.33828125 0.6859375 0.0234375 0.0359375
1 0.97890625 0.63515625 0.03515625 0.0578125
1 0.60390625 0.6671875 0.028125 0.03828125
1 0.38828125 0.71328125 0.028125 0.03828125
1 0.4703125 0.42890625 0.01875 0.02578125
1 0.58359375 0.79921875 0.04140625 0.06171875
1 0.290625 0.578125 0.0234375 0.03203125
1 0.64375 0.6609375 0.03046875 0.03828125
1 0.72734375 0.6703125 0.03359375 0.04375
1 0.6703125 0.8328125 0.03671875 0.04609375
1 0.48984375 0.46484375 0.03046875 0.09375
1 0.896875 0.684375 0.08359375 0.3
1 0.39375 0.384375 0.02890625 0.03984375
1 0.43125 0.690625 0.05546875 0.11015625
1 0.38046875 0.553125 0.04296875 0.08203125
1 0.30078125 0.83984375 0.03046875 0.03203125
1 0.56484375 0.5203125 0.02890625 0.0359375
1 0.753125 0.45625 0.03359375 0.04765625
1 0.378125 0.67890625 0.02890625 0.034375
1 0.48984375 0.74296875 0.03671875 0.05
1 0.38046875 0.5296875 0.03046875 0.04375
1 0.915625 0.5 0.04921875 0.13984375
1 0.72734375 0.9046875 0.06484375 0.08203125
1 0.56171875 0.73203125 0.03515625 0.04375
1 0.80625 0.50078125 0.04453125 0.09765625
1 0.31640625 0.365625 0.0203125 0.03984375
1 0.4609375 0.78984375 0.03359375 0.04765625
1 0.26796875 0.54609375 0.03359375 0.04765625
1 0.28984375 0.37109375 0.01875 0.0296875
1 0.41015625 0.56484375 0.03046875 0.0421875
1 0.46484375 0.478125 0.03203125 0.13984375
1 0.53984375 0.62265625 0.07578125 0.1578125
1 0.67578125 0.74296875 0.06015625 0.078125