0 0.4265625 0.5640625 0.028125 0.03671875
0 0.7546875 0.3625 0.01640625 0.025
0 0.7453125 0.4359375 0.01875 0.02578125
0 0.384375 0.60625 0.028125 0.04296875
0 0.8921875 0.421875 0.0171875 0.02890625
0 0.11484375 0.7171875 0.03046875 0.04296875
0 0.790625 0.93046875 0.04375 0.06875
0 0.7875 0.6265625 0.034375 0.046875
0 0.4046875 0.42265625 0.0171875 0.025
0 0.70234375 0.86328125 0.03984375 0.0625
0 0.52109375 0.4 0.01875 0.0296875
0 0.35625 0.45546875 0.01875 0.02578125
0 0.94453125 0.34765625 0.015625 0.02109375
0 0.95234375 0.4140625 0.02265625 0.03125
0 0.4984375 0.59921875 0.025 0.0390625
0 0.17109375 0.43515625 0.0171875 0.0234375
0 0.4640625 0.41875 0.01875 0.0296875
0 0.1578125 0.540625 0.0234375 0.03515625
0 0.11953125 0.45078125 0.01640625 0.02578125
0 0.6296875 0.6390625 0.034375 0.046875
0 0.665625 0.3671875 0.0171875 0.0234375
0 0.915625 0.66328125 0.03515625 0.05078125
0 0.56796875 0.39765625 0.01484375 0.021875
0 0.29921875 0.428125 0.01875 0.0234375
0 0.73515625 0.37421875 0.015625 0.025
0 0.81875 0.36796875 0.01640625 0.025
0 0.37578125 0.82890625 0.04296875 0.06640625
0 0.84296875 0.36875 0.0171875 0.0234375
0 0.23125 0.43203125 0.01640625 0.0234375
0 0.92734375 0.4140625 0.0203125 0.02890625
0 0.0125 0.4734375 0.01953125 0.0296875
0 0.0375 0.4640625 0.01953125 0.0328125
0 0.5515625 0.59375 0.02734375 0.0390625
0 0.60859375 0.38671875 0.01640625 0.0234375
0 0.99296875 0.34140625 0.01171875 0.02109375
0 0.9046875 0.35390625 0.015625 0.01796875
0 0.3703125 0.41875 0.0171875 0.025
0 0.5859375 0.48046875 0.021875 0.03125
0 0.0578125 0.46171875 0.01640625 0.025
0 0.7640625 0.53125 0.02734375 0.0390625
0 0.7796875 0.4234375 0.01953125 0.02734375
0 0.47109375 0.4859375 0.0203125 0.03125
0 0.33671875 0.4109375 0.01640625 0.021875
0 0.5875 0.38515625 0.01484375 0.01796875
0 0.35234375 0.4125 0.01484375 0.01953125
0 0.71171875 0.7890625 0.03828125 0.0546875
0 0.6390625 0.3890625 0.015625 0.02109375
0 0.63671875 0.45703125 0.01953125 0.02890625
0 0.259375 0.4421875 0.01953125 0.0296875
0 0.1890625 0.44921875 0.01640625 0.01796875
0 0.36640625 0.54921875 0.0234375 0.03125
0 0.09765625 0.5265625 0.021875 0.0328125
0 0.87578125 0.35 0.015625 0.01796875
0 0.4328125 0.4125 0.01953125 0.025
0 0.20234375 0.596875 0.028125 0.040625
0 0.79375 0.36875 0.01484375 0.01953125
0 0.190625 0.475 0.02265625 0.0328125
0 0.99296875 0.36328125 0.01171875 0.0234375
0 0.70546875 0.36875 0.01484375 0.0171875
0 0.1515625 0.4453125 0.01640625 0.02109375
0 0.4328125 0.3890625 0.01640625 0.01796875
0 0.88515625 0.36875 0.01484375 0.021875
0 0.2109375 0.44296875 0.0171875 0.02578125
0 0.2171875 0.86171875 0.0421875 0.05703125
0 0.075 0.4546875 0.01875 0.02890625
0 0.2484375 0.55078125 0.025 0.03671875
0 0.49140625 0.4109375 0.01484375 0.01953125
0 0.0609375 0.659375 0.0328125 0.0484375
0 0.96015625 0.35 0.01640625 0.01953125
0 0.7140625 0.38671875 0.015625 0.0234375
0 0.13671875 0.4609375 0.0171875 0.0234375
0 0.16875 0.45703125 0.01875 0.0234375
0 0.79140625 0.39375 0.01484375 0.025
0 0.8609375 0.384375 0.01484375 0.021875
0 0.28203125 0.4359375 0.015625 0.0234375
0 0.3828125 0.44453125 0.015625 0.025
0 0.99296875 0.41875 0.01171875 0.0296875
0 0.7171875 0.4625 0.021875 0.0296875
0 0.58046875 0.60546875 0.0265625 0.0390625
0 0.4171875 0.82578125 0.0359375 0.06015625
0 0.33671875 0.43671875 0.01640625 0.025
0 0.17109375 0.4859375 0.01875 0.0296875
0 0.7484375 0.39140625 0.01640625 0.025
0 0.5453125 0.42265625 0.015625 0.021875