0 0.47890625 0.43125 0.028125 0.0390625
0 0.23359375 0.20546875 0.01875 0.02578125
0 0.259375 0.21328125 0.01953125 0.02890625
0 0.36796875 0.096875 0.01640625 0.021875
0 0.334375 0.13515625 0.0125 0.02109375
0 0.69375 0.33515625 0.02265625 0.03515625
0 0.740625 0.33828125 0.02421875 0.0390625
0 0.64921875 0.34765625 0.025 0.0390625
0 0.7796875 0.08203125 0.0140625 0.0234375
0 0.69609375 0.13046875 0.01953125 0.02578125
0 0.16328125 0.65 0.04296875 0.05625
0 0.53203125 0.40703125 0.03046875 0.040625
0 0.56328125 0.56640625 0.0234375 0.0390625
0 0.03359375 0.1390625 0.0203125 0.02890625
0 0.3890625 0.1171875 0.015625 0.0234375
0 0.2078125 0.20703125 0.021875 0.03125
0 0.58359375 0.5296875 0.034375 0.04921875
0 0.74921875 0.38125 0.02421875 0.0375
0 0.4546875 0.13046875 0.0140625 0.0234375
0 0.64140625 0.58125 0.03203125 0.0484375
0 0.36015625 0.9671875 0.05859375 0.0640625
0 0.13984375 0.175 0.02265625 0.0296875
0 0.39609375 0.2140625 0.01875 0.0296875
0 0.50390625 0.11328125 0.015625 0.02109375
0 0.67265625 0.93515625 0.053125 0.078125
0 0.51484375 0.09765625 0.0125 0.02109375
0 0.65859375 0.5375 0.0359375 0.05078125
0 0.33359375 0.04375 0.0125 0.0140625
0 0.3296875 0.0859375 0.015625 0.02109375
0 0.48671875 0.0890625 0.01484375 0.021875
0 0.71171875 0.14921875 0.01640625 0.025
0 0.47265625 0.1171875 0.015625 0.0234375
0 0.49140625 0.00625 0.0140625 0.0125
0 0.5578125 0.04140625 0.01171875 0.02109375
0 0.4546875 0.00625 0.0125 0.0125
0 0.34765625 0.09140625 0.0140625 0.02109375
0 0.771875 0.034375 0.01171875 0.01953125
0 0.075 0.07890625 0.01640625 0.025
0 0.803125 0.03828125 0.01171875 0.0171875
0 0.56328125 0.01171875 0.0109375 0.01796875
0 0.44140625 0.00625 0.01171875 0.01171875
0 0.5890625 0.03125 0.0109375 0.01796875
0 0.36015625 0.15 0.01484375 0.021875
0 0.3953125 0.00625 0.0125 0.0125
0 0.2890625 0.06171875 0.0140625 0.01953125
0 0.284375 0.978125 0.03984375 0.04140625
0 0.50625 0.021875 0.01171875 0.015625
0 0.82890625 0.05390625 0.0109375 0.0140625
0 0.35234375 0.04140625 0.01171875 0.015625
0 0.53515625 0.075 0.0140625 0.01953125
0 0.81953125 0.0203125 0.01171875 0.0171875
0 0.6171875 0.0296875 0.009375 0.01328125
0 0.54453125 0.00625 0.0140625 0.0125
0 0.5796875 0.021875 0.0109375 0.015625
0 0.5421875 0.05625 0.0140625 0.01796875
0 0.85625 0.03125 0.00859375 0.01328125
0 0.503125 0.06953125 0.01484375 0.021875
0 0.53125 0.00625 0.0125 0.0125
0 0.2140625 0.05625 0.0140625 0.01796875
0 0.821875 0.1015625 0.0125 0.01796875
0 0.84140625 0.00625 0.0109375 0.01171875
0 0.53828125 0.1109375 0.0140625 0.01953125
0 0.34453125 0.00625 0.01171875 0.01171875
0 0.25625 0.89765625 0.05546875 0.084375
0 0.409375 0.0453125 0.0109375 0.01953125
0 0.50625 0.00625 0.01171875 0.01171875
0 0.28515625 0.0359375 0.009375 0.0140625
0 0.88203125 0.03046875 0.0078125 0.01171875