0 0.3015625 0.57265625 0.0328125 0.04921875
0 0.91875 0.4109375 0.02421875 0.0328125
0 0.74296875 0.41953125 0.025 0.03671875
0 0.5171875 0.75 0.0390625 0.0625
0 0.38203125 0.2796875 0.0171875 0.02890625
0 0.2796875 0.1671875 0.0125 0.01953125
0 0.35859375 0.28046875 0.0171875 0.0296875
0 0.4671875 0.85 0.046875 0.07578125
0 0.4328125 0.50546875 0.03125 0.04453125
0 0.23125 0.1671875 0.0140625 0.01953125
0 0.67265625 0.3328125 0.021875 0.0296875
0 0.6875 0.4234375 0.0234375 0.0390625
0 0.7765625 0.5375 0.03125 0.04921875
0 0.68828125 0.5375 0.034375 0.05078125
0 0.871875 0.19375 0.0140625 0.01953125
0 0.81328125 0.4 0.02265625 0.0328125
0 0.57890625 0.1859375 0.015625 0.021875
0 0.1828125 0.16796875 0.0140625 0.0234375
0 0.64453125 0.3375 0.021875 0.03125
0 0.484375 0.14765625 0.01171875 0.01953125
0 0.86484375 0.56171875 0.034375 0.05078125
0 0.76484375 0.24375 0.01484375 0.0234375
0 0.5421875 0.24296875 0.01484375 0.025
0 0.4671875 0.1296875 0.01171875 0.01953125
0 0.91875 0.1984375 0.0140625 0.021875
0 0.99296875 0.2265625 0.0125 0.02109375
0 0.790625 0.1921875 0.0125 0.01953125
0 0.32734375 0.13046875 0.0109375 0.01796875
0 0.1359375 0.14296875 0.0140625 0.0234375
0 0.7515625 0.2046875 0.01484375 0.02109375
0 0.4515625 0.253125 0.0171875 0.0296875
0 0.5484375 0.1796875 0.01484375 0.0234375
0 0.8046875 0.2171875 0.015625 0.0234375
0 0.934375 0.2046875 0.0125 0.01953125
0 0.971875 0.25546875 0.01640625 0.02109375
0 0.1 0.08046875 0.0125 0.01796875
0 0.7578125 0.11875 0.009375 0.0140625
0 0.7796875 0.10546875 0.009375 0.01328125
0 0.22890625 0.05703125 0.0109375 0.01328125
0 0.384375 0.08046875 0.0109375 0.01796875
0 0.71640625 0.971875 0.059375 0.053125
0 0.8328125 0.06875 0.00859375 0.01171875
0 0.77109375 0.15546875 0.0109375 0.0140625
0 0.86796875 0.13125 0.00859375 0.01328125
0 0.00625 0.24140625 0.01171875 0.025
0 0.03203125 0.03125 0.00859375 0.01328125
0 0.41796875 0.1484375 0.01171875 0.01796875
0 0.8671875 0.16796875 0.009375 0.01328125
0 0.278125 0.05625 0.0109375 0.01328125
0 0.8359375 0.1859375 0.01171875 0.01796875
0 0.8046875 0.06875 0.0078125 0.01171875
0 0.5640625 0.23125 0.0140625 0.01953125
0 0.3671875 0.04140625 0.0078125 0.01328125
0 0.3359375 0.08515625 0.009375 0.0171875
0 0.25703125 0.04140625 0.009375 0.01328125
0 0.5375 0.1125 0.0109375 0.0171875
0 0.25703125 0.05625 0.009375 0.01328125
0 0.49453125 0.04375 0.00859375 0.0140625
0 0.6625 0.0375 0.00703125 0.01171875
0 0.8546875 0.16640625 0.009375 0.015625
0 0.3078125 0.05546875 0.0078125 0.01171875
0 0.56875 0.11796875 0.0109375 0.0171875
0 0.29375 0.0546875 0.0078125 0.01328125
0 0.4625 0.15546875 0.0140625 0.01953125
0 0.81640625 0.06875 0.0078125 0.01171875
0 0.2421875 0.04296875 0.0078125 0.01328125
0 0.8875 0.13828125 0.009375 0.015625
0 0.70390625 0.14140625 0.0109375 0.0171875
0 0.31171875 0.0375 0.00703125 0.01171875
0 0.603125 0.11796875 0.0109375 0.0171875
0 0.3546875 0.0546875 0.009375 0.01328125
0 0.69375 0.1421875 0.00859375 0.0140625
0 0.91640625 0.11875 0.0109375 0.01328125
0 0.44375 0.0296875 0.00703125 0.01015625
0 0.6390625 0.11171875 0.009375 0.01328125
0 0.353125 0.08125 0.009375 0.0140625
0 0.74375 0.1328125 0.0109375 0.01328125
0 0.3375 0.0375 0.00703125 0.01171875
0 0.68046875 0.03125 0.00703125 0.0078125
0 0.33046875 0.05625 0.00859375 0.01328125
0 0.2375 0.01171875 0.00703125 0.01328125
0 0.13125 0.0171875 0.00703125 0.01171875
0 0.4078125 0.0796875 0.0109375 0.0140625
0 0.85625 0.13125 0.0078125 0.01015625
0 0.51640625 0.05625 0.009375 0.01328125
0 0.05546875 0.0296875 0.00859375 0.01171875
0 0.83046875 0.11796875 0.00703125 0.01171875
0 0.6609375 0.11171875 0.00859375 0.01328125
0 0.5125 0.03828125 0.0078125 0.0140625
0 0.98828125 0.0609375 0.009375 0.0140625
0 0.58046875 0.05546875 0.00859375 0.01171875
0 0.1109375 0.01171875 0.0078125 0.01328125
0 0.07734375 0.03125 0.00859375 0.01328125
0 0.58046875 0.1015625 0.0109375 0.015625
0 0.66875 0.09296875 0.00859375 0.01171875
0 0.4109375 0.06015625 0.00859375 0.015625
0 0.84296875 0.13125 0.00703125 0.01171875
0 0.19453125 0.01796875 0.0078125 0.01328125
0 0.05546875 0.07578125 0.0109375 0.015625
0 0.45625 0.03046875 0.00703125 0.01171875
0 0.43671875 0.0125 0.00703125 0.01171875
0 0.9546875 0.115625 0.009375 0.01328125
0 0.00390625 0.0296875 0.0078125 0.0140625
0 0.8671875 0.0796875 0.0078125 0.01015625
0 0.48125 0.04296875 0.0078125 0.01328125
0 0.25703125 0.08203125 0.009375 0.015625
0 0.91796875 0.1046875 0.0078125 0.01171875
0 0.38046875 0.0046875 0.00703125 0.009375
0 0.9421875 0.10546875 0.00859375 0.01328125
0 0.9046875 0.16640625 0.01171875 0.015625
0 0.36953125 0.10625 0.0109375 0.0140625
0 0.46796875 0.0296875 0.0078125 0.01015625
0 0.20546875 0.04296875 0.00703125 0.01328125
0 0.3921875 0.0046875 0.0078125 0.009375
0 0.69375 0.03125 0.00625 0.0078125