0 0.56796875 0.1 0.01875 0.03125
0 0.13203125 0.19375 0.02734375 0.04296875
0 0.4171875 0.321875 0.0390625 0.053125
0 0.4859375 0.36796875 0.0375 0.0484375
0 0.365625 0.1109375 0.0203125 0.02890625
0 0.56796875 0.025 0.01484375 0.0234375
0 0.353125 0.44375 0.0421875 0.05625
0 0.56640625 0.06875 0.015625 0.0234375
0 0.10859375 0.4765625 0.0484375 0.06484375
0 0.790625 0.29765625 0.02734375 0.040625
0 0.43828125 0.2078125 0.028125 0.04296875
0 0.2359375 0.30078125 0.0375 0.04921875
0 0.22578125 0.11796875 0.0234375 0.0375
0 0.48984375 0.1234375 0.0203125 0.0328125
0 0.5390625 0.1203125 0.021875 0.0328125
0 0.53046875 0.075 0.01875 0.0296875
0 0.36796875 0.175 0.025 0.03515625
0 0.3390625 0.225 0.034375 0.04921875
0 0.946875 0.53125 0.04375 0.05703125
0 0.73359375 0.025 0.01640625 0.02734375
0 0.978125 0.29296875 0.03046875 0.03671875
0 0.603125 0.12421875 0.01875 0.0296875
0 0.64140625 0.0765625 0.015625 0.02734375
0 0.259375 0.13046875 0.02421875 0.03671875
0 0.72265625 0.4921875 0.03125 0.05234375
0 0.0953125 0.7140625 0.07109375 0.084375
0 0.909375 0.29453125 0.03046875 0.0390625
0 0.83359375 0.1546875 0.0203125 0.03125
0 0.68828125 0.07578125 0.0171875 0.02578125
0 0.5890625 0.0765625 0.0171875 0.02890625
0 0.6421875 0.00703125 0.01484375 0.0140625
0 0.63359375 0.1078125 0.01953125 0.0296875
0 0.790625 0.16171875 0.021875 0.03125
0 0.22109375 0.1734375 0.02421875 0.03515625
0 0.66875 0.09921875 0.01953125 0.03125
0 0.36171875 0.6078125 0.0515625 0.071875
0 0.4328125 0.1546875 0.01953125 0.03125
0 0.303125 0.0234375 0.01875 0.02578125
0 0.5546875 0.17421875 0.025 0.03671875
0 0.82734375 0.1171875 0.0203125 0.03125
0 0.815625 0.0640625 0.0203125 0.03359375
0 0.69296875 0.02421875 0.01484375 0.025
0 0.309375 0.1921875 0.0234375 0.0375
0 0.87734375 0.0703125 0.01875 0.02578125
0 0.60078125 0.04140625 0.01484375 0.0234375
0 0.50625 0.00703125 0.01484375 0.0140625
0 0.7 0.11796875 0.0234375 0.0328125
0 0.67421875 0.03828125 0.01875 0.0296875
0 0.5453125 0.021875 0.015625 0.0234375
0 0.85625 0.159375 0.0203125 0.0296875
0 0.76875 0.46171875 0.0359375 0.0484375
0 0.4125 0.0796875 0.01875 0.0296875
0 0.63046875 0.49296875 0.03828125 0.05078125
0 0.64375 0.8484375 0.0578125 0.0875
0 0.64921875 0.66953125 0.04609375 0.06015625
0 0.38046875 0.01875 0.01484375 0.01953125
0 0.9125 0.0609375 0.01875 0.02734375
0 0.75234375 0.09296875 0.01875 0.0296875
0 0.95546875 0.74453125 0.04609375 0.04921875
0 0.4484375 0.1015625 0.021875 0.03671875
0 0.759375 0.421875 0.0265625 0.0390625
0 0.43828125 0.0453125 0.015625 0.021875
0 0.44140625 0.00625 0.015625 0.01171875
0 0.98359375 0.49375 0.03046875 0.0609375
0 0.159375 0.0609375 0.02421875 0.03359375
0 0.74296875 0.1484375 0.02265625 0.03359375
0 0.48125 0.00625 0.01484375 0.01171875
0 0.40390625 0.00625 0.0140625 0.0125
0 0.4859375 0.04140625 0.01484375 0.02578125
0 0.565625 0.00625 0.01484375 0.01171875
0 0.71953125 0.0078125 0.01484375 0.015625
0 0.63671875 0.775 0.0484375 0.04921875
0 0.78203125 0.0078125 0.01640625 0.015625
0 0.9921875 0.4296875 0.0140625 0.046875
0 0.70078125 0.00546875 0.01484375 0.01015625
0 0.8203125 0.0359375 0.0171875 0.01953125
0 0.42265625 0.1109375 0.0203125 0.03125
0 0.97578125 0.05546875 0.034375 0.05078125
0 0.62578125 0.04296875 0.0171875 0.02578125
0 0.61484375 0.228125 0.028125 0.040625
0 0.6046875 0.00625 0.015625 0.01171875
0 0.83515625 0.28515625 0.0234375 0.0390625
0 0.45625 0.06796875 0.0171875 0.02578125
0 0.559375 0.2546875 0.0296875 0.0484375