0 0.06640625 0.646875 0.01953125 0.03125
0 0.21953125 0.81171875 0.021875 0.0328125
0 0.565625 0.01328125 0.0171875 0.02578125
0 0.8 0.95703125 0.02421875 0.03671875
0 0.6453125 0.0140625 0.0171875 0.02578125
0 0.190625 0.5421875 0.0203125 0.0328125
0 0.9046875 0.7109375 0.021875 0.03359375
0 0.353125 0.61015625 0.0203125 0.0296875
0 0.3421875 0.26328125 0.0203125 0.03125
0 0.3265625 0.3078125 0.0171875 0.02734375
0 0.35234375 0.7 0.0203125 0.0328125
0 0.06953125 0.78828125 0.021875 0.0328125
0 0.946875 0.70703125 0.0234375 0.03671875
0 0.6828125 0.02265625 0.01875 0.02734375
0 0.321875 0.11875 0.01875 0.02578125
0 0.859375 0.59453125 0.01953125 0.0328125
0 0.278125 0.51875 0.01875 0.0296875
0 0.909375 0.50703125 0.02265625 0.03515625
0 0.440625 0.10703125 0.01875 0.02578125
0 0.7078125 0.83125 0.0234375 0.03515625
0 0.10546875 0.3171875 0.0171875 0.02734375
0 0.60546875 0.940625 0.0234375 0.03515625
0 0.80234375 0.846875 0.02421875 0.0375
0 0.171875 0.2875 0.0171875 0.025
0 0.26796875 0.68203125 0.0203125 0.03125
0 0.353125 0.3109375 0.01875 0.02578125
0 0.68828125 0.92421875 0.0234375 0.03125
0 0.6765625 0.37265625 0.021875 0.03125
0 0.41328125 0.03125 0.01484375 0.02578125
0 0.709375 0.77421875 0.02421875 0.0328125
0 0.10625 0.09140625 0.01640625 0.02578125
0 0.884375 0.03125 0.01953125 0.02578125
0 0.3671875 0.65078125 0.0234375 0.03359375
0 0.359375 0.7421875 0.0234375 0.03359375
0 0.759375 0.78515625 0.02265625 0.03359375
0 0.70703125 0.30625 0.021875 0.03125
0 0.9859375 0.8921875 0.025 0.0390625
0 0.80078125 0.03125 0.0171875 0.02578125
0 0.43828125 0.7296875 0.0203125 0.0328125
0 0.6109375 0.25078125 0.01953125 0.0296875
0 0.15859375 0.66640625 0.01875 0.02890625
0 0.0421875 0.27421875 0.0171875 0.025
0 0.1453125 0.6015625 0.01953125 0.03125
0 0.45234375 0.6078125 0.02265625 0.0328125
0 0.2 0.275 0.01875 0.0296875
0 0.82734375 0.9578125 0.0265625 0.0375
0 0.0640625 0.753125 0.0203125 0.0296875
0 0.45546875 0.0375 0.01875 0.02890625
0 0.0046875 0.28046875 0.009375 0.0296875
0 0.02421875 0.675 0.01875 0.0296875
0 0.7171875 0.05625 0.0171875 0.02578125
0 0.28359375 0.1984375 0.01875 0.0296875
0 0.19453125 0.234375 0.0171875 0.02578125
0 0.74453125 0.31640625 0.0203125 0.03359375
0 0.71171875 0.584375 0.02265625 0.03359375
0 0.2484375 0.359375 0.01953125 0.03125
0 0.2140625 0.2546875 0.01875 0.0296875
0 0.06875 0.39921875 0.0203125 0.0328125
0 0.81953125 0.30625 0.021875 0.03671875
0 0.7046875 0.48671875 0.021875 0.03125
0 0.484375 0.87421875 0.021875 0.0328125
0 0.37421875 0.175 0.0171875 0.0296875
0 0.7078125 0.2203125 0.01953125 0.03125
0 0.809375 0.0765625 0.01875 0.02890625
0 0.446875 0.53828125 0.021875 0.0296875
0 0.6375 0.50546875 0.021875 0.03125
0 0.87578125 0.678125 0.02265625 0.03359375
0 0.8734375 0.196875 0.0171875 0.02734375
0 0.37890625 0.775 0.01953125 0.0296875
0 0.421875 0.76015625 0.0234375 0.03359375
0 0.5140625 0.55390625 0.0203125 0.0328125
0 0.39296875 0.696875 0.02265625 0.03515625
0 0.31484375 0.909375 0.0203125 0.03515625
0 0.25703125 0.25 0.01953125 0.03125
0 0.08125 0.6796875 0.01953125 0.03125
0 0.54375 0.97421875 0.02265625 0.03125
0 0.35859375 0.8390625 0.02265625 0.0328125
0 0.1546875 0.2015625 0.0171875 0.0296875
0 0.0796875 0.22578125 0.0171875 0.02734375
0 0.61015625 0.41953125 0.021875 0.03125
0 0.4359375 0.15 0.0171875 0.0296875
0 0.64765625 0.9375 0.0234375 0.03671875
0 0.3953125 0.48671875 0.02265625 0.03125
0 0.1109375 0.28203125 0.0171875 0.02734375
0 0.36015625 0.42421875 0.0171875 0.03125
0 0.54375 0.0875 0.01875 0.03125
0 0.3296875 0.07421875 0.0171875 0.02578125
0 0.9265625 0.64453125 0.0234375 0.03671875
0 0.85234375 0.253125 0.01953125 0.0296875
0 0.228125 0.03671875 0.01640625 0.02578125
0 0.3703125 0.0734375 0.01953125 0.02734375
0 0.8515625 0.2125 0.0171875 0.02578125
0 0.35625 0.1546875 0.01953125 0.02734375
0 0.57421875 0.275 0.01953125 0.03125
0 0.21171875 0.2046875 0.01875 0.0296875
0 0.2390625 0.6875 0.021875 0.03671875
0 0.284375 0.43828125 0.0171875 0.02734375
0 0.10625 0.4265625 0.0203125 0.0296875
0 0.1375 0.31796875 0.01953125 0.02578125
0 0.790625 0.775 0.0234375 0.0328125
0 0.90546875 0.221875 0.01875 0.0296875
0 0.56015625 0.5484375 0.02265625 0.0328125
0 0.8875 0.60546875 0.0203125 0.03125
0 0.18125 0.428125 0.01875 0.03125
0 0.2328125 0.39140625 0.021875 0.0328125
0 0.4015625 0.96953125 0.01953125 0.0296875
0 0.86796875 0.78828125 0.02265625 0.0328125
0 0.31015625 0.8671875 0.0203125 0.03125
0 0.5234375 0.9421875 0.0234375 0.0328125
0 0.79375 0.72578125 0.0203125 0.03515625
0 0.79375 0.39453125 0.021875 0.03125
0 0.309375 0.1546875 0.01875 0.02578125
0 0.10625 0.77265625 0.01953125 0.0296875
0 0.38984375 0.45 0.021875 0.0328125
0 0.0609375 0.89453125 0.02265625 0.03125
0 0.98125 0.2125 0.01875 0.03125
0 0.03515625 0.14296875 0.0171875 0.02578125
0 0.7703125 0.90390625 0.021875 0.03359375
0 0.6421875 0.23046875 0.01953125 0.03125
0 0.16875 0.03125 0.0171875 0.02578125
0 0.7515625 0.05078125 0.0171875 0.03125
0 0.2671875 0.32265625 0.0171875 0.02890625
0 0.24375 0.17265625 0.01875 0.0296875
0 0.6375 0.415625 0.021875 0.0296875
0 0.0390625 0.3578125 0.021875 0.0296875
0 0.2421875 0.62421875 0.01953125 0.0296875
0 0.2359375 0.5796875 0.01953125 0.0296875
0 0.415625 0.5296875 0.0203125 0.0328125
0 0.29140625 0.01796875 0.01484375 0.02578125
0 0.24375 0.88203125 0.0203125 0.0328125
0 0.3875 0.8609375 0.0203125 0.0328125
0 0.47109375 0.43828125 0.0203125 0.0328125
0 0.48359375 0.10703125 0.0171875 0.02578125
0 0.15625 0.06796875 0.0171875 0.02578125
0 0.4125 0.22265625 0.01875 0.03125
0 0.28203125 0.6359375 0.01953125 0.0296875
0 0.04921875 0.44765625 0.0203125 0.03125
0 0.228125 0.74921875 0.02265625 0.0328125
0 0.13984375 0.75390625 0.01953125 0.03125
0 0.19609375 0.48125 0.01953125 0.0296875
0 0.6015625 0.67421875 0.0234375 0.03671875
0 0.43828125 0.49921875 0.02265625 0.0296875
0 0.3984375 0.27890625 0.021875 0.03359375
0 0.28671875 0.86953125 0.0203125 0.03359375
0 0.81640625 0.2296875 0.0171875 0.025
0 0.7796875 0.5609375 0.0234375 0.03671875
0 0.0609375 0.15 0.0171875 0.02734375
0 0.3296875 0.6640625 0.01953125 0.02890625
0 0.78203125 0.11171875 0.015625 0.02578125
0 0.76640625 0.01875 0.015625 0.02734375
0 0.7609375 0.37890625 0.0203125 0.03359375
0 0.07109375 0.2734375 0.01953125 0.02578125
0 0.68125 0.2296875 0.0171875 0.0296875
0 0.42578125 0.42421875 0.021875 0.03125
0 0.4484375 0.91875 0.02734375 0.0375
0 0.53203125 0.49296875 0.01953125 0.0296875
0 0.23984375 0.23203125 0.01875 0.02578125
0 0.89765625 0.3296875 0.02265625 0.03359375
0 0.78046875 0.23125 0.0171875 0.0296875
0 0.68828125 0.3375 0.01953125 0.03125
0 0.84453125 0.39296875 0.02265625 0.03671875
0 0.33046875 0.43203125 0.01875 0.02890625
0 0.54375 0.0609375 0.01875 0.025
0 0.171875 0.75390625 0.01953125 0.03125
0 0.18046875 0.628125 0.0203125 0.03515625
0 0.98828125 0.53828125 0.021875 0.0328125
0 0.91015625 0.1296875 0.0171875 0.0296875
0 0.50625 0.1921875 0.01953125 0.0328125
0 0.540625 0.15625 0.01953125 0.03125
0 0.725 0.2015625 0.01875 0.0296875
0 0.2015625 0.0984375 0.0171875 0.02734375
0 0.64453125 0.36875 0.021875 0.03125
0 0.11015625 0.0328125 0.01484375 0.02578125
0 0.43828125 0.24921875 0.01953125 0.0296875
0 0.73984375 0.5921875 0.02421875 0.03359375
0 0.59609375 0.0359375 0.01875 0.0296875
0 0.60625 0.98046875 0.02421875 0.03671875
0 0.41484375 0.9109375 0.02421875 0.0328125
0 0.346875 0.50625 0.0203125 0.02890625
0 0.54453125 0.61640625 0.0203125 0.03515625
0 0.6375 0.5734375 0.02265625 0.0328125
0 0.08125 0.56640625 0.0203125 0.03125
0 0.9234375 0.2609375 0.0171875 0.0296875
0 0.2078125 0.6984375 0.01953125 0.0328125
0 0.12734375 0.0171875 0.01484375 0.025
0 0.66015625 0.76171875 0.0234375 0.03125
0 0.1515625 0.49375 0.01953125 0.0296875
0 0.21171875 0.30625 0.0171875 0.0296875
0 0.81640625 0.79375 0.025 0.0375
0 0.61484375 0.02421875 0.01640625 0.025
0 0.1234375 0.68671875 0.01953125 0.0328125
0 0.26796875 0.1625 0.01875 0.02578125
0 0.221875 0.94921875 0.02421875 0.03671875
0 0.50625 0.4046875 0.0203125 0.0296875
0 0.6390625 0.06015625 0.0171875 0.02578125
0 0.565625 0.13828125 0.01875 0.02890625
0 0.28515625 0.24375 0.0171875 0.02734375
0 0.31640625 0.6140625 0.0234375 0.03515625
0 0.28359375 0.04296875 0.01875 0.02578125
0 0.946875 0.490625 0.02265625 0.03359375
0 0.30234375 0.69375 0.0203125 0.03125
0 0.81875 0.46328125 0.02265625 0.03671875
0 0.5046875 0.0140625 0.01640625 0.025
0 0.725 0.03125 0.01875 0.02578125
0 0.5703125 0.50625 0.021875 0.0328125
0 0.4015625 0.16875 0.01875 0.0296875
0 0.91015625 0.38046875 0.0234375 0.03125
0 0.009375 0.06328125 0.01640625 0.025
0 0.56640625 0.8921875 0.021875 0.03359375
0 0.3703125 0.8046875 0.01953125 0.03125
0 0.0140625 0.14921875 0.0171875 0.0296875
0 0.48125 0.54921875 0.0203125 0.03125
0 0.19296875 0.30703125 0.01875 0.03125
0 0.3578125 0.57890625 0.0171875 0.02734375
0 0.6609375 0.46171875 0.021875 0.0328125
0 0.2109375 0.02890625 0.015625 0.0234375
0 0.50859375 0.14765625 0.01953125 0.02734375
0 0.30234375 0.8015625 0.01875 0.0296875
0 0.85546875 0.71640625 0.025 0.0390625
0 0.6890625 0.1015625 0.0171875 0.02890625
0 0.45 0.66640625 0.01953125 0.03125
0 0.75078125 0.6421875 0.0234375 0.03515625
0 0.7484375 0.23671875 0.0203125 0.03125
0 0.1234375 0.09765625 0.0171875 0.02578125
0 0.409375 0.1171875 0.01875 0.02890625
0 0.73359375 0.7078125 0.0234375 0.0328125
0 0.5890625 0.13515625 0.01953125 0.02890625
0 0.74921875 0.01640625 0.0171875 0.02734375
0 0.575 0.57578125 0.0234375 0.03671875
0 0.9625 0.61953125 0.0234375 0.0390625
0 0.940625 0.80078125 0.02265625 0.03359375
0 0.78984375 0.00625 0.0171875 0.0125
0 0.853125 0.89140625 0.02421875 0.0375
0 0.52109375 0.1234375 0.01640625 0.02578125
0 0.28828125 0.32890625 0.01953125 0.02734375
0 0.009375 0.44765625 0.01640625 0.02890625
0 0.15 0.53125 0.0171875 0.02578125
0 0.26484375 0.02890625 0.0171875 0.02578125
0 0.0125 0.71953125 0.0203125 0.0328125
0 0.671875 0.26640625 0.01953125 0.0296875
0 0.91875 0.5859375 0.02265625 0.03359375
0 0.9171875 0.775 0.02734375 0.03671875
0 0.81875 0.25625 0.01953125 0.0296875
0 0.3796875 0.0125 0.01640625 0.025
0 0.4640625 0.7125 0.02265625 0.03671875
0 0.93125 0.04453125 0.0203125 0.03671875
0 0.36875 0.359375 0.0203125 0.03359375
0 0.60546875 0.2875 0.0171875 0.025
0 0.4046875 0.1421875 0.01875 0.025
0 0.44453125 0.8234375 0.025 0.0328125
0 0.66875 0.8484375 0.0234375 0.0296875
0 0.71953125 0.35 0.01875 0.025
0 0.0796875 0.8453125 0.0203125 0.03359375
0 0.1328125 0.55390625 0.021875 0.03515625
0 0.88125 0.2859375 0.0203125 0.0296875
0 0.5734375 0.75703125 0.0203125 0.0296875
0 0.67265625 0.43515625 0.021875 0.03125
0 0.15703125 0.91171875 0.01953125 0.03125
0 0.40078125 0.00625 0.0171875 0.0125
0 0.50859375 0.6109375 0.02421875 0.0328125
0 0.1546875 0.28046875 0.01640625 0.025
0 0.575 0.3546875 0.01953125 0.0296875
0 0.9765625 0.17265625 0.021875 0.0328125
0 0.54375 0.46640625 0.021875 0.03125
0 0.1078125 0.25390625 0.0171875 0.02578125
0 0.475 0.14921875 0.01640625 0.0296875
0 0.7328125 0.67421875 0.0234375 0.03125
0 0.98984375 0.05 0.01640625 0.0296875
0 0.203125 0.17265625 0.01953125 0.0296875
0 0.3875 0.5875 0.021875 0.03125
0 0.8328125 0.63046875 0.0234375 0.03125
0 0.671875 0.0625 0.0171875 0.02578125
0 0.49140625 0.359375 0.021875 0.03359375
0 0.03671875 0.06953125 0.01484375 0.021875
0 0.31640625 0.2 0.01953125 0.025
0 0.45078125 0.2765625 0.0203125 0.0296875
0 0.57734375 0.0609375 0.01875 0.02578125
0 0.6203125 0.11171875 0.01953125 0.03125
0 0.51875 0.69921875 0.0203125 0.03125
0 0.69609375 0.98046875 0.0203125 0.03125
0 0.040625 0.0921875 0.01640625 0.0234375
0 0.54375 0.41171875 0.02265625 0.03125
0 0.9015625 0.8375 0.0234375 0.03125
0 0.0375 0.33046875 0.01875 0.02578125
0 0.78359375 0.51640625 0.02421875 0.0328125
0 0.85625 0.14140625 0.01640625 0.025
0 0.653125 0.3078125 0.0171875 0.02734375
0 0.8875 0.24296875 0.01875 0.0296875
0 0.2765625 0.13203125 0.01953125 0.0296875
0 0.67890625 0.5875 0.02265625 0.03125
0 0.33671875 0.9140625 0.02265625 0.03125
0 0.884375 0.76640625 0.02265625 0.0328125
0 0.028125 0.8203125 0.0203125 0.03125
0 0.57734375 0.0921875 0.01875 0.02890625
0 0.940625 0.21953125 0.0203125 0.0296875
0 0.81484375 0.01015625 0.0171875 0.0203125
0 0.11875 0.34921875 0.0171875 0.02578125
0 0.7375 0.89453125 0.02421875 0.03125
0 0.896875 0.15546875 0.01875 0.0296875
0 0.18828125 0.86875 0.021875 0.0296875