0 0.11015625 0.74921875 0.09453125 0.13125
0 0.3296875 0.2484375 0.05078125 0.0796875
0 0.5296875 0.2515625 0.046875 0.07578125
0 0.09375 0.05625 0.0453125 0.06796875
0 0.590625 0.20625 0.0484375 0.0765625
0 0.1375 0.56171875 0.0515625 0.0609375
0 0.15 0.0609375 0.04375 0.06484375
0 0.321875 0.0390625 0.046875 0.0703125
0 0.79453125 0.2375 0.0578125 0.0796875
0 0.478125 0.04921875 0.04375 0.06796875
0 0.27265625 0.128125 0.053125 0.071875
0 0.67421875 0.03828125 0.04765625 0.071875
0 0.74375 0.36015625 0.06640625 0.0921875
0 0.7453125 0.0453125 0.0484375 0.07421875
0 0.28046875 0.8765625 0.0859375 0.12734375
0 0.634375 0.43046875 0.065625 0.0921875
0 0.50625 0.346875 0.06171875 0.0921875
0 0.734375 0.16875 0.053125 0.0796875
0 0.728125 0.7890625 0.090625 0.109375
0 0.61328125 0.01875 0.0453125 0.0375
0 0.06328125 0.61796875 0.0640625 0.0796875
0 0.74296875 0.67421875 0.1125 0.10703125
0 0.8921875 0.0125 0.0546875 0.025
0 0.98203125 0.91796875 0.034375 0.09921875
0 0.9671875 0.48046875 0.0640625 0.1015625
0 0.015625 0.0703125 0.03125 0.05234375
0 0.6796875 0.88828125 0.07421875 0.11953125
0 0.2390625 0.06953125 0.0453125 0.0609375