1 0.8875 0.6390625 0.04921875 0.071875
1 0.81171875 0.609375 0.04921875 0.06796875
1 0.39375 0.5625 0.06875 0.22421875
1 0.31640625 0.55390625 0.05546875 0.2203125
1 0.86640625 0.7984375 0.10078125 0.39296875
1 0.44375 0.57734375 0.05390625 0.2203125
1 0.55234375 0.6 0.06953125 0.228125
1 0.53828125 0.64609375 0.91484375 0.6796875
1 0.70859375 0.540625 0.03515625 0.04453125
1 0.73125 0.60546875 0.03671875 0.0546875
1 0.315625 0.4671875 0.03203125 0.04296875
1 0.72734375 0.7328125 0.0625 0.3125
1 0.81171875 0.77578125 0.10078125 0.40078125
1 0.20703125 0.415625 0.03125 0.04140625
1 0.115625 0.47421875 0.06015625 0.1875
1 0.20703125 0.490625 0.06953125 0.19140625
1 0.6765625 0.478125 0.03515625 0.0453125
1 0.1203125 0.39921875 0.028125 0.0375
1 0.6671875 0.68359375 0.06328125 0.27890625
1 0.85 0.4453125 0.028125 0.0390625
1 0.4015625 0.465625 0.02578125 0.0296875
1 0.77109375 0.5921875 0.04453125 0.06484375
1 0.53828125 0.5015625 0.03046875 0.0328125
1 0.7578125 0.4796875 0.03359375 0.04296875
1 0.259375 0.52421875 0.0671875 0.2125
1 0.80546875 0.52421875 0.03359375 0.0375
1 0.709375 0.54921875 0.046875 0.07578125
1 0.8546875 0.5171875 0.04765625 0.18203125
1 0.87890625 0.4296875 0.028125 0.03359375
1 0.43671875 0.48984375 0.03125 0.04453125
1 0.41796875 0.46484375 0.025 0.0390625
1 0.6609375 0.5671875 0.0375 0.0453125
1 0.6140625 0.4859375 0.028125 0.03125
1 0.76640625 0.50390625 0.05390625 0.09375
1 0.28046875 0.4578125 0.0375 0.0375
1 0.95625 0.45234375 0.02890625 0.0375
1 0.22578125 0.396875 0.03046875 0.03359375
1 0.92109375 0.42578125 0.025 0.0234375
1 0.50625 0.45546875 0.02890625 0.03125
1 0.82734375 0.51015625 0.03984375 0.0546875
1 0.50859375 0.48515625 0.03125 0.040625
1 0.1390625 0.3875 0.02421875 0.03515625
1 0.9296875 0.61796875 0.04453125 0.0640625
1 0.96796875 0.6625 0.04765625 0.07578125
1 0.8328125 0.41484375 0.02578125 0.0328125
1 0.35078125 0.46640625 0.03671875 0.04453125
1 0.9390625 0.53359375 0.05546875 0.06796875
1 0.23984375 0.4234375 0.03125 0.03359375
1 0.5796875 0.4328125 0.02734375 0.0296875
1 0.16328125 0.48828125 0.04765625 0.1796875
1 0.28046875 0.5453125 0.04296875 0.21484375
1 0.9296875 0.5453125 0.03828125 0.046875
1 0.61796875 0.3921875 0.01953125 0.0234375
1 0.6328125 0.51484375 0.03203125 0.0375
1 0.5921875 0.4859375 0.02890625 0.0484375
1 0.75234375 0.53359375 0.040625 0.04453125
1 0.73046875 0.415625 0.03203125 0.09375
1 0.63203125 0.46328125 0.02890625 0.02890625
1 0.440625 0.43671875 0.02734375 0.02734375
1 0.53984375 0.42421875 0.021875 0.0234375
1 0.475 0.44453125 0.025 0.02734375
1 0.575 0.4046875 0.028125 0.04140625
1 0.5203125 0.4234375 0.021875 0.021875
1 0.80859375 0.57265625 0.059375 0.13515625
1 0.96328125 0.80859375 0.06875 0.36953125
1 0.76953125 0.74375 0.05078125 0.37109375
1 0.6140625 0.61171875 0.05546875 0.28125
1 0.26953125 0.43203125 0.03671875 0.03359375
1 0.44140625 0.34296875 0.01953125 0.025
1 0.334375 0.3578125 0.02578125 0.046875
1 0.184375 0.41171875 0.02890625 0.04140625
1 0.9203125 0.49140625 0.04375 0.1546875
1 0.6765625 0.48828125 0.046875 0.07265625
1 0.5109375 0.5625 0.040625 0.19296875
1 0.51171875 0.396875 0.02109375 0.021875
1 0.57421875 0.39296875 0.01796875 0.02109375
1 0.95703125 0.46875 0.04453125 0.0703125
1 0.34609375 0.39296875 0.01875 0.02109375
1 0.68046875 0.41171875 0.01953125 0.02109375
1 0.4796875 0.48125 0.03203125 0.0484375
1 0.40625 0.38671875 0.1609375 0.15078125
1 0.70703125 0.61171875 0.03125 0.05703125
1 0.34921875 0.55625 0.04765625 0.225
1 0.97421875 0.5703125 0.04609375 0.06015625
1 0.51953125 0.43359375 0.02578125 0.0390625
1 0.921875 0.78046875 0.0640625 0.3921875
1 0.571875 0.46640625 0.03046875 0.03671875
1 0.634375 0.41796875 0.021875 0.02578125
1 0.3140625 0.40703125 0.02578125 0.02734375
1 0.80546875 0.365625 0.01796875 0.0234375
1 0.61328125 0.40859375 0.03359375 0.05703125
1 0.73125 0.37734375 0.01796875 0.01796875
1 0.4796875 0.52265625 0.03828125 0.178125
1 0.54453125 0.4546875 0.02890625 0.0328125
1 0.9203125 0.4546875 0.040625 0.08046875
1 0.82578125 0.44375 0.03828125 0.08984375
1 0.44296875 0.459375 0.03515625 0.06875
1 0.65546875 0.55625 0.04921875 0.06875
1 0.6578125 0.42734375 0.02421875 0.0234375
1 0.8859375 0.61875 0.04765625 0.03515625
1 0.88671875 0.6375 0.0703125 0.1
1 0.88125 0.50546875 0.040625 0.1875
1 0.68046875 0.42890625 0.034375 0.053125
1 0.92109375 0.42734375 0.03359375 0.0390625
1 0.3484375 0.415625 0.03828125 0.0640625
1 0.76953125 0.60234375 0.034375 0.040625
1 0.97734375 0.4953125 0.03203125 0.0328125
1 0.16875 0.41015625 0.025 0.02578125
1 0.5484375 0.48515625 0.03046875 0.0328125
1 0.52265625 0.49140625 0.02890625 0.040625
1 0.53984375 0.50078125 0.04296875 0.05078125
1 0.83359375 0.553125 0.05390625 0.140625
1 0.6046875 0.4421875 0.03203125 0.03515625
1 0.20546875 0.415625 0.04765625 0.05859375
1 0.70078125 0.7203125 0.040625 0.27734375
1 0.81015625 0.615625 0.0796875 0.10546875