0 0.8078125 0.5109375 0.0125 0.021875
0 0.8078125 0.5984375 0.01640625 0.0296875
0 0.51640625 0.71796875 0.015625 0.0328125
0 0.29140625 0.6359375 0.01484375 0.0296875
0 0.859375 0.696875 0.01953125 0.0296875
0 0.6796875 0.6140625 0.015625 0.02734375
0 0.75859375 0.87265625 0.0203125 0.0390625
0 0.71171875 0.76953125 0.0171875 0.03359375
0 0.4421875 0.62265625 0.01640625 0.02890625
0 0.69453125 0.54453125 0.0140625 0.0234375
0 0.94140625 0.6765625 0.015625 0.0296875
0 0.765625 0.7625 0.01953125 0.0328125
0 0.32734375 0.61875 0.015625 0.02578125
0 0.38203125 0.55546875 0.01484375 0.025
0 0.3921875 0.94375 0.0171875 0.0328125
0 0.52421875 0.9125 0.02421875 0.0390625
0 0.60625 0.66171875 0.01640625 0.02578125
0 0.48359375 0.85 0.0203125 0.0375
0 0.9609375 0.6625 0.0171875 0.03125
0 0.4578125 0.53125 0.0140625 0.0234375
0 0.915625 0.7515625 0.0171875 0.03359375
0 0.64296875 0.61875 0.01640625 0.0296875
0 0.3328125 0.659375 0.0171875 0.0296875
0 0.83046875 0.6703125 0.01875 0.0296875
0 0.5265625 0.65390625 0.015625 0.02890625
0 0.35625 0.9328125 0.0203125 0.040625
0 0.14296875 0.61875 0.01640625 0.03125
0 0.7609375 0.6984375 0.0171875 0.0328125
0 0.53203125 0.54140625 0.0140625 0.0234375
0 0.44609375 0.84921875 0.01953125 0.03125
0 0.86015625 0.75546875 0.0171875 0.03125
0 0.6375 0.85703125 0.021875 0.03359375
0 0.4015625 0.70625 0.01640625 0.0296875
0 0.82109375 0.56015625 0.0140625 0.0234375
0 0.98125 0.63828125 0.01953125 0.02890625
0 0.9171875 0.87421875 0.0203125 0.0375
0 0.50390625 0.775 0.01953125 0.03515625
0 0.78203125 0.38046875 0.01171875 0.01796875
0 0.60625 0.75546875 0.01953125 0.03125
0 0.546875 0.8125 0.0234375 0.03125
0 0.58359375 0.54765625 0.0125 0.021875
0 0.22578125 0.8046875 0.0234375 0.03671875
0 0.3890625 0.6234375 0.01484375 0.02734375
0 0.203125 0.65390625 0.0171875 0.02890625
0 0.9125 0.7921875 0.01875 0.0328125
0 0.72265625 0.53046875 0.0140625 0.025
0 0.60546875 0.7125 0.0171875 0.03125
0 0.5828125 0.83671875 0.021875 0.0296875
0 0.9640625 0.8609375 0.0234375 0.0390625
0 0.603125 0.4234375 0.01171875 0.01796875
0 0.740625 0.8296875 0.0203125 0.03671875
0 0.97109375 0.52265625 0.0125 0.025
0 0.4515625 0.6984375 0.0171875 0.0328125
0 0.7453125 0.36875 0.0109375 0.01796875
0 0.3953125 0.7890625 0.01953125 0.03125
0 0.890625 0.9140625 0.0234375 0.0390625
0 0.47265625 0.74296875 0.0171875 0.0296875
0 0.78203125 0.71640625 0.01875 0.03359375
0 0.83671875 0.56015625 0.01484375 0.02578125
0 0.55625 0.41953125 0.0109375 0.01796875
0 0.696875 0.57890625 0.015625 0.02734375
0 0.57734375 0.9875 0.028125 0.021875
0 0.971875 0.59296875 0.01640625 0.025
0 0.578125 0.7296875 0.01953125 0.0328125
0 0.83359375 0.5109375 0.0125 0.01953125
0 0.8921875 0.44765625 0.0140625 0.02109375
0 0.37890625 0.26953125 0.009375 0.015625
0 0.709375 0.62421875 0.01484375 0.025
0 0.784375 0.546875 0.0140625 0.0234375
0 0.9046875 0.68515625 0.0171875 0.02890625
0 0.046875 0.66796875 0.015625 0.03125
0 0.665625 0.5421875 0.0140625 0.021875
0 0.53828125 0.8484375 0.021875 0.0375
0 0.68984375 0.85 0.02421875 0.0375
0 0.61484375 0.5421875 0.0125 0.01953125
0 0.87734375 0.60546875 0.01484375 0.02578125
0 0.7984375 0.5625 0.01484375 0.02578125
0 0.55546875 0.65 0.01640625 0.02578125
0 0.6234375 0.721875 0.01875 0.02734375
0 0.42109375 0.7125 0.01875 0.03125
0 0.2796875 0.8640625 0.025 0.0375
0 0.36484375 0.5265625 0.01484375 0.025
0 0.54765625 0.7703125 0.0203125 0.0328125
0 0.9296875 0.64921875 0.0171875 0.025
0 0.5578125 0.7140625 0.01953125 0.0328125
0 0.4921875 0.66953125 0.015625 0.03359375
0 0.47109375 0.546875 0.0125 0.0234375
0 0.66015625 0.9640625 0.025 0.0375
0 0.58359375 0.65390625 0.01640625 0.02890625
0 0.85859375 0.5296875 0.0140625 0.0234375
0 0.51953125 0.98203125 0.0234375 0.03359375
0 0.959375 0.4796875 0.0125 0.01953125
0 0.7796875 0.50625 0.0140625 0.025
0 0.51953125 0.521875 0.0140625 0.02109375
0 0.3671875 0.5875 0.015625 0.02734375
0 0.353125 0.43125 0.0140625 0.0234375
0 0.6234375 0.9046875 0.02265625 0.0390625
0 0.73984375 0.396875 0.0109375 0.02109375
0 0.34453125 0.56953125 0.0140625 0.025
0 0.70859375 0.49375 0.0125 0.01953125
0 0.6953125 0.7484375 0.0171875 0.02578125
0 0.67265625 0.64296875 0.015625 0.02578125
0 0.78046875 0.48125 0.0140625 0.01953125
0 0.2078125 0.4546875 0.0140625 0.01953125
0 0.05546875 0.8765625 0.0265625 0.04140625
0 0.6828125 0.47421875 0.0125 0.01796875
0 0.53828125 0.63125 0.01484375 0.025
0 0.9546875 0.55078125 0.015625 0.0234375
0 0.68125 0.5640625 0.0125 0.0234375
0 0.43828125 0.7984375 0.0203125 0.03359375
0 0.3359375 0.84296875 0.01953125 0.0328125
0 0.94921875 0.725 0.01953125 0.03125
0 0.77421875 0.8 0.02265625 0.0328125
0 0.17890625 0.51875 0.01484375 0.02734375
0 0.00703125 0.54765625 0.0140625 0.02734375
0 0.134375 0.5875 0.01484375 0.02734375
0 0.93828125 0.7859375 0.0203125 0.03515625
0 0.9546875 0.58828125 0.01484375 0.0234375
0 0.7984375 0.8625 0.021875 0.0375
0 0.2046875 0.56328125 0.01484375 0.02734375
0 0.62890625 0.55625 0.0140625 0.021875
0 0.5921875 0.4515625 0.01171875 0.02109375
0 0.70859375 0.35546875 0.0109375 0.01796875
0 0.571875 0.9328125 0.025 0.04296875
0 0.6109375 0.56875 0.01484375 0.02578125
0 0.9546875 0.69765625 0.0171875 0.03125
0 0.2140625 0.72578125 0.0203125 0.0296875
0 0.55 0.8984375 0.02421875 0.0390625
0 0.65703125 0.67265625 0.01640625 0.02734375
0 0.5453125 0.6859375 0.01484375 0.025
0 0.4484375 0.94375 0.02734375 0.04296875
0 0.66328125 0.73203125 0.01953125 0.02890625
0 0.47265625 0.7171875 0.0171875 0.025
0 0.95 0.5015625 0.0140625 0.0234375
0 0.665625 0.44375 0.0109375 0.01953125
0 0.56640625 0.478125 0.01171875 0.01953125
0 0.1171875 0.64296875 0.0140625 0.02578125
0 0.6421875 0.44296875 0.01171875 0.01796875
0 0.82734375 0.3921875 0.01171875 0.01953125
0 0.36796875 0.49296875 0.0140625 0.01953125
0 0.90703125 0.56953125 0.01484375 0.025
0 0.93828125 0.58203125 0.01484375 0.02578125
0 0.26484375 0.58203125 0.015625 0.02578125
0 0.70546875 0.69921875 0.01640625 0.02578125
0 0.353125 0.2671875 0.0109375 0.0140625
0 0.71796875 0.71953125 0.01875 0.0328125
0 0.140625 0.8375 0.01953125 0.03125
0 0.2890625 0.4515625 0.0140625 0.01953125
0 0.66875 0.79765625 0.0234375 0.0375
0 0.85078125 0.8953125 0.021875 0.0375
0 0.46953125 0.48125 0.01171875 0.01953125
0 0.875 0.79296875 0.0171875 0.03125
0 0.87578125 0.5796875 0.0140625 0.0234375
0 0.50625 0.86328125 0.02265625 0.0390625
0 0.19140625 0.846875 0.01953125 0.02734375
0 0.44609375 0.40546875 0.01171875 0.01953125
0 0.853125 0.63125 0.01640625 0.0296875
0 0.39375 0.47421875 0.01171875 0.01796875
0 0.584375 0.58828125 0.01484375 0.02578125
0 0.415625 0.5203125 0.0125 0.01953125
0 0.99296875 0.69296875 0.01171875 0.0390625
0 0.04296875 0.365625 0.01171875 0.01796875
0 0.88125 0.821875 0.0203125 0.0328125
0 0.575 0.5046875 0.0140625 0.021875
0 0.7453125 0.4453125 0.0109375 0.02109375
0 0.853125 0.7984375 0.01953125 0.0328125
0 0.75703125 0.5296875 0.0140625 0.025
0 0.190625 0.42890625 0.0140625 0.021875
0 0.5296875 0.46875 0.01171875 0.01796875
0 0.99375 0.584375 0.009375 0.02890625
0 0.46953125 0.7875 0.0203125 0.0375
0 0.4859375 0.4671875 0.01171875 0.01953125
0 0.15234375 0.49375 0.0140625 0.021875
0 0.55390625 0.45703125 0.009375 0.01796875
0 0.971875 0.4546875 0.0140625 0.01953125
0 0.83515625 0.6046875 0.01484375 0.02734375
0 0.0859375 0.49453125 0.0140625 0.0234375
0 0.47578125 0.9078125 0.0234375 0.04140625
0 0.4265625 0.5578125 0.0140625 0.021875
0 0.3296875 0.91015625 0.0234375 0.03671875
0 0.99296875 0.35546875 0.0125 0.01796875
0 0.62265625 0.9859375 0.0265625 0.025
0 0.9328125 0.6109375 0.0171875 0.0296875
0 0.0765625 0.646875 0.0171875 0.03671875
0 0.68359375 0.9296875 0.0234375 0.0390625
0 0.36953125 0.37578125 0.0109375 0.01953125
0 0.95625 0.940625 0.025 0.040625
0 0.54765625 0.525 0.015625 0.021875
0 0.21015625 0.5171875 0.01484375 0.02578125
0 0.646875 0.5546875 0.0125 0.0234375
0 0.36796875 0.6734375 0.01875 0.02734375
0 0.10859375 0.51796875 0.0125 0.0234375
0 0.7140625 0.44375 0.01171875 0.01953125
0 0.17265625 0.78671875 0.0171875 0.03125
0 0.4109375 0.8453125 0.02265625 0.03125
0 0.22578125 0.54296875 0.01484375 0.02578125
0 0.17734375 0.55625 0.01640625 0.0296875
0 0.5953125 0.4765625 0.0140625 0.02109375
0 0.01875 0.8 0.02421875 0.0375
0 0.91015625 0.8375 0.01953125 0.03125
0 0.81953125 0.76796875 0.01953125 0.02578125
0 0.2453125 0.596875 0.015625 0.02734375
0 0.8671875 0.6546875 0.0171875 0.02578125
0 0.0578125 0.6234375 0.0140625 0.0296875
0 0.43046875 0.48828125 0.0125 0.02109375
0 0.3140625 0.41640625 0.0140625 0.02109375
0 0.1203125 0.69296875 0.0171875 0.03125
0 0.63125 0.59453125 0.01484375 0.025
0 0.99296875 0.459375 0.0125 0.02109375
0 0.49140625 0.5140625 0.0140625 0.01953125
0 0.46953125 0.2671875 0.00859375 0.0140625
0 0.865625 0.41953125 0.01171875 0.01796875
0 0.6546875 0.409375 0.009375 0.0171875
0 0.2984375 0.80078125 0.0203125 0.03359375
0 0.84765625 0.46640625 0.0140625 0.02109375
0 0.75078125 0.6078125 0.015625 0.025
0 0.08359375 0.359375 0.0109375 0.02109375
0 0.634375 0.38125 0.0109375 0.01796875
0 0.61796875 0.5140625 0.0140625 0.02109375
0 0.06328125 0.59140625 0.015625 0.02890625
0 0.790625 0.9515625 0.02265625 0.04296875
0 0.69609375 0.4421875 0.01171875 0.01953125
0 0.20078125 0.60703125 0.01484375 0.02578125
0 0.7765625 0.4546875 0.01171875 0.01953125
0 0.01484375 0.4046875 0.0125 0.0234375
0 0.04609375 0.4703125 0.0140625 0.0234375
0 0.0609375 0.5609375 0.0140625 0.025
0 0.0203125 0.271875 0.01171875 0.015625
0 0.73359375 0.57890625 0.01484375 0.025
0 0.17265625 0.73515625 0.0171875 0.0296875
0 0.69453125 0.36875 0.009375 0.01796875
0 0.6828125 0.36796875 0.009375 0.0140625
0 0.63125 0.50078125 0.0125 0.021875
0 0.00703125 0.28046875 0.01171875 0.01953125
0 0.16328125 0.61796875 0.01484375 0.0296875
0 0.8296875 0.79296875 0.0171875 0.03125
0 0.446875 0.490625 0.01171875 0.02109375
0 0.5078125 0.3703125 0.009375 0.0171875
0 0.25390625 0.55546875 0.0140625 0.025
0 0.040625 0.63125 0.01640625 0.0328125
0 0.05234375 0.40078125 0.0125 0.02109375
0 0.10625 0.36875 0.01171875 0.01796875
0 0.1 0.609375 0.01484375 0.03125
0 0.29375 0.38125 0.0109375 0.01796875
0 0.79375 0.39375 0.01171875 0.01953125
0 0.715625 0.47265625 0.0140625 0.02109375
0 0.77109375 0.43125 0.0109375 0.01953125
0 0.071875 0.39140625 0.0125 0.01953125
0 0.51484375 0.5484375 0.0140625 0.0234375
0 0.14453125 0.38125 0.009375 0.01796875
0 0.66875 0.8796875 0.021875 0.0328125
0 0.3328125 0.540625 0.0140625 0.021875
0 0.16484375 0.39296875 0.01171875 0.01796875
0 0.66015625 0.7625 0.01953125 0.0296875
0 0.09453125 0.44375 0.01171875 0.01953125
0 0.7078125 0.41796875 0.01171875 0.01796875
0 0.77109375 0.5875 0.01484375 0.02734375
0 0.628125 0.4078125 0.0109375 0.01796875
0 0.2359375 0.56953125 0.0140625 0.025
0 0.47578125 0.98125 0.021875 0.0328125
0 0.11875 0.3203125 0.0109375 0.015625
0 0.8078125 0.71875 0.01953125 0.03125
0 0.796875 0.43828125 0.01171875 0.01953125
0 0.05546875 0.2671875 0.0109375 0.0140625
0 0.29375 0.34375 0.00859375 0.01328125
0 0.16640625 0.29453125 0.0109375 0.015625
0 0.1640625 0.6578125 0.0171875 0.03359375
0 0.021875 0.5046875 0.0125 0.025
0 0.80625 0.46015625 0.0140625 0.01953125
0 0.4046875 0.26953125 0.009375 0.015625
0 0.92109375 0.4921875 0.0125 0.02109375
0 0.878125 0.3921875 0.0109375 0.0171875
0 0.946875 0.34375 0.0109375 0.01796875
0 0.74296875 0.5234375 0.0140625 0.02109375
0 0.88203125 0.48828125 0.0140625 0.0234375
0 0.5921875 0.4046875 0.0109375 0.01953125
0 0.415625 0.353125 0.0109375 0.0171875
0 0.759375 0.50625 0.01171875 0.02109375
0 0.5015625 0.6015625 0.01484375 0.02578125
0 0.73125 0.48046875 0.01171875 0.01796875
0 0.1828125 0.48203125 0.0125 0.0234375
0 0.065625 0.51015625 0.0125 0.02109375
0 0.57890625 0.3421875 0.0109375 0.0140625
0 0.39296875 0.26796875 0.00859375 0.01328125
0 0.2359375 0.6359375 0.015625 0.02734375
0 0.37890625 0.41328125 0.01171875 0.01953125
0 0.11015625 0.4765625 0.0140625 0.02109375
0 0.31328125 0.33515625 0.0109375 0.0171875
0 0.465625 0.56875 0.0140625 0.02109375
0 0.4796875 0.4046875 0.0109375 0.01796875
0 0.5421875 0.29296875 0.0109375 0.01796875
0 0.89609375 0.98125 0.02421875 0.0328125
0 0.00859375 0.46875 0.01171875 0.0234375
0 0.1828125 0.409375 0.01171875 0.01953125
0 0.58046875 0.6921875 0.01640625 0.0296875
0 0.6453125 0.3546875 0.009375 0.0171875
0 0.696875 0.471875 0.01171875 0.01953125
0 0.903125 0.7140625 0.01875 0.0296875
0 0.5046875 0.5109375 0.0140625 0.01953125
0 0.3078125 0.5203125 0.01484375 0.025