0 0.2796875 0.58671875 0.0609375 0.0921875
0 0.61015625 0.31875 0.03046875 0.0484375
0 0.696875 0.275 0.034375 0.04921875
0 0.0828125 0.2578125 0.034375 0.046875
0 0.64453125 0.01640625 0.021875 0.02734375
0 0.39375 0.02578125 0.01484375 0.0234375
0 0.44140625 0.4046875 0.040625 0.06796875
0 0.7078125 0.34375 0.03984375 0.05703125
0 0.2140625 0.20625 0.0203125 0.03515625
0 0.48671875 0.30703125 0.0359375 0.05703125
0 0.74609375 0.24375 0.03125 0.04453125
0 0.65859375 0.54140625 0.04375 0.07265625
0 0.378125 0.25078125 0.03046875 0.0484375
0 0.32734375 0.43125 0.05 0.0640625
0 0.4015625 0.71640625 0.0765625 0.13046875
0 0.759375 0.18125 0.03203125 0.04453125
0 0.4015625 0.06171875 0.01640625 0.025
0 0.3078125 0.1609375 0.021875 0.0328125
0 0.42265625 0.02421875 0.01484375 0.025
0 0.16953125 0.096875 0.01484375 0.021875
0 0.8109375 0.02265625 0.01953125 0.0296875
0 0.48515625 0.1734375 0.02734375 0.0375
0 0.08203125 0.575 0.053125 0.0765625
0 0.13984375 0.1078125 0.01875 0.0296875
0 0.0609375 0.178125 0.02421875 0.03671875
0 0.04609375 0.23203125 0.0265625 0.0390625
0 0.94296875 0.06015625 0.0203125 0.03125
0 0.69609375 0.0125 0.01484375 0.025
0 0.334375 0.05625 0.01484375 0.0234375
0 0.290625 0.06328125 0.01640625 0.02734375
0 0.14921875 0.175 0.0203125 0.0296875
0 0.83046875 0.1234375 0.0265625 0.03515625
0 0.7734375 0.01953125 0.021875 0.03125
0 0.815625 0.25078125 0.03125 0.04296875
0 0.94140625 0.00703125 0.01953125 0.0140625
0 0.11015625 0.1125 0.015625 0.0296875
0 0.2578125 0.1390625 0.0171875 0.0328125
0 0.51875 0.04375 0.0171875 0.025
0 0.45 0.24375 0.03203125 0.0453125
0 0.475 0.02421875 0.01640625 0.025
0 0.3734375 0.0484375 0.01640625 0.025
0 0.8296875 0.01796875 0.01953125 0.03125
0 0.2015625 0.071875 0.01484375 0.01953125
0 0.52578125 0.0171875 0.01484375 0.02109375
0 0.16015625 0.20625 0.025 0.0328125
0 0.65625 0.05625 0.0171875 0.0296875
0 0.27421875 0.19375 0.02421875 0.0375
0 0.634375 0.06015625 0.01640625 0.0234375
0 0.225 0.09375 0.01875 0.03125
0 0.02265625 0.175 0.0171875 0.02734375
0 0.28203125 0.034375 0.01484375 0.021875
0 0.321875 0.0328125 0.0140625 0.02109375
0 0.24765625 0.0546875 0.01484375 0.0234375
0 0.99375 0.225 0.009375 0.04296875
0 0.3375 0.009375 0.015625 0.01875
0 0.978125 0.0375 0.02265625 0.02890625
0 0.46171875 0.00625 0.01640625 0.01171875
0 0.55234375 0.0796875 0.0203125 0.02734375
0 0.3546875 0.0203125 0.015625 0.021875
0 0.25703125 0.0921875 0.01953125 0.025
0 0.221875 0.02578125 0.01484375 0.02109375
0 0.56328125 0.0109375 0.0171875 0.021875
0 0.10859375 0.190625 0.02421875 0.0375
0 0.74296875 0.0203125 0.0203125 0.0375
0 0.1203125 0.0546875 0.0140625 0.0234375
0 0.015625 0.20390625 0.01953125 0.0296875
0 0.85 0.00625 0.021875 0.0125
0 0.353125 0.075 0.01484375 0.01953125
0 0.1828125 0.0703125 0.01484375 0.02109375
0 0.7375 0.12421875 0.0203125 0.0375
0 0.490625 0.0046875 0.01484375 0.009375
0 0.0828125 0.18671875 0.01953125 0.025
0 0.1515625 0.15 0.01640625 0.01796875
0 0.4578125 0.19375 0.021875 0.0375
0 0.1171875 0.0875 0.015625 0.01953125