0 0.4328125 0.42265625 0.0453125 0.0640625
0 0.3609375 0.01875 0.02734375 0.0375
0 0.27109375 0.025 0.0265625 0.04296875
0 0.04609375 0.38671875 0.05390625 0.08046875
0 0.278125 0.16953125 0.03203125 0.05703125
0 0.14296875 0.69296875 0.06328125 0.09375
0 0.15703125 0.39453125 0.05078125 0.08046875
0 0.2625 0.0890625 0.0375 0.053125
0 0.18828125 0.17421875 0.03515625 0.05703125
0 0.0875 0.1109375 0.0390625 0.05703125
0 0.24296875 0.13828125 0.03203125 0.05703125
0 0.21796875 0.6765625 0.0703125 0.1
0 0.5921875 0.1109375 0.025 0.0375
0 0.7921875 0.5046875 0.0234375 0.03515625
0 0.546875 0.134375 0.021875 0.040625
0 0.44296875 0.00625 0.0234375 0.0125
0 0.46796875 0.08515625 0.0171875 0.02734375
0 0.540625 0.9484375 0.071875 0.1
0 0.8921875 0.475 0.03125 0.0375
0 0.521875 0.1625 0.01484375 0.025
0 0.11171875 0.2015625 0.0421875 0.084375
0 0.171875 0.97421875 0.08203125 0.04921875