0 0.8296875 0.83828125 0.0609375 0.109375
0 0.69140625 0.7625 0.0546875 0.0953125
0 0.14296875 0.915625 0.08125 0.1265625
0 0.43984375 0.88515625 0.07734375 0.13046875
0 0.81328125 0.68828125 0.03203125 0.04296875
0 0.91171875 0.70703125 0.0359375 0.06015625
0 0.55546875 0.6625 0.0359375 0.05078125
0 0.5203125 0.8078125 0.05078125 0.08984375
0 0.834375 0.49765625 0.01953125 0.02890625
0 0.81796875 0.5625 0.02421875 0.03125
0 0.878125 0.66171875 0.03046875 0.04140625
0 0.0984375 0.7734375 0.0640625 0.1015625
0 0.66328125 0.89375 0.0640625 0.09765625
0 0.75703125 0.790625 0.0625 0.05859375
0 0.22265625 0.6625 0.040625 0.0703125
0 0.02109375 0.6859375 0.0421875 0.09609375
0 0.86015625 0.5 0.0171875 0.02578125
0 0.64765625 0.5375 0.021875 0.03125
0 0.34140625 0.69921875 0.0359375 0.0625
0 0.7796875 0.72265625 0.0375 0.0625
0 0.75859375 0.8609375 0.0734375 0.08203125
0 0.3484375 0.625 0.0390625 0.05703125
0 0.2671875 0.6546875 0.05078125 0.07421875
0 0.45234375 0.73046875 0.0484375 0.08046875
0 0.6375 0.56796875 0.02265625 0.03125
0 0.909375 0.6546875 0.03046875 0.0375
0 0.96953125 0.51328125 0.0234375 0.03671875
0 0.76484375 0.56015625 0.0203125 0.02890625
0 0.79375 0.95 0.090625 0.09765625
0 0.6765625 0.62421875 0.0390625 0.05625
0 0.0453125 0.7703125 0.0484375 0.10546875
0 0.0921875 0.55390625 0.028125 0.03515625
0 0.634375 0.48125 0.01875 0.025
0 0.61484375 0.5375 0.0203125 0.02890625
0 0.46953125 0.5453125 0.02265625 0.0328125
0 0.37734375 0.80625 0.0671875 0.1109375
0 0.6546875 0.43125 0.01953125 0.0296875
0 0.80546875 0.50625 0.0203125 0.02578125
0 0.69375 0.49140625 0.0203125 0.0296875
0 0.89296875 0.61875 0.03203125 0.0390625
0 0.990625 0.5640625 0.0171875 0.03359375
0 0.52421875 0.7234375 0.04609375 0.0609375
0 0.4296875 0.625 0.040625 0.05703125
0 0.72109375 0.52578125 0.0203125 0.02890625
0 0.98984375 0.60625 0.01875 0.0375
0 0.5265625 0.56015625 0.0265625 0.03125
0 0.7515625 0.47421875 0.01640625 0.02578125
0 0.72421875 0.4625 0.01875 0.02734375
0 0.94140625 0.5609375 0.02734375 0.0390625
0 0.1515625 0.69921875 0.0546875 0.08046875
0 0.6515625 0.69921875 0.0390625 0.04921875
0 0.40703125 0.48203125 0.01640625 0.02109375
0 0.79375 0.4796875 0.0171875 0.025
0 0.59765625 0.509375 0.021875 0.0296875
0 0.534375 0.6 0.0265625 0.0390625
0 0.9078125 0.5359375 0.02265625 0.0296875
0 0.109375 0.6015625 0.0453125 0.04921875
0 0.503125 0.46796875 0.01875 0.025
0 0.96171875 0.93671875 0.075 0.1234375
0 0.565625 0.6 0.03125 0.04296875
0 0.571875 0.5234375 0.0203125 0.02890625
0 0.87265625 0.58515625 0.0265625 0.0375
0 0.56796875 0.71640625 0.0421875 0.06015625
0 0.9453125 0.6375 0.03515625 0.0484375
0 0.97578125 0.68828125 0.034375 0.0453125
0 0.975 0.8140625 0.04765625 0.08046875
0 0.65546875 0.4859375 0.01875 0.0234375
0 0.515625 0.5125 0.01953125 0.0296875
0 0.6828125 0.575 0.0265625 0.0328125
0 0.4203125 0.5703125 0.021875 0.02890625
0 0.628125 0.65546875 0.0359375 0.04296875
0 0.04609375 0.56875 0.04296875 0.05078125
0 0.81875 0.6484375 0.028125 0.03671875
0 0.6109375 0.57890625 0.03125 0.040625
0 0.4828125 0.50078125 0.021875 0.02734375
0 0.0109375 0.57421875 0.021875 0.03671875
0 0.68203125 0.5390625 0.0203125 0.02578125
0 0.50390625 0.61875 0.025 0.03125
0 0.3578125 0.53046875 0.0203125 0.0296875
0 0.7140625 0.63828125 0.02734375 0.04140625
0 0.56328125 0.48046875 0.01953125 0.02578125
0 0.44453125 0.546875 0.021875 0.02890625
0 0.14921875 0.55625 0.0359375 0.0484375
0 0.50625 0.6625 0.03125 0.04921875
0 0.63203125 0.77890625 0.0625 0.07265625
0 0.8703125 0.5375 0.0265625 0.0375
0 0.17109375 0.6015625 0.04609375 0.0390625
0 0.815625 0.475 0.01640625 0.02578125
0 0.5984375 0.41171875 0.01640625 0.02578125
0 0.57734375 0.36171875 0.0171875 0.02578125
0 0.2171875 0.57421875 0.040625 0.04921875
0 0.321875 0.5546875 0.02734375 0.03125
0 0.98828125 0.646875 0.021875 0.0390625
0 0.17421875 0.80625 0.08125 0.09375
0 0.2796875 0.6 0.0328125 0.0375
0 0.8078125 0.59765625 0.021875 0.02890625
0 0.75078125 0.6203125 0.034375 0.0328125
0 0.86953125 0.73203125 0.0515625 0.04140625
0 0.434375 0.49296875 0.01875 0.025
0 0.74921875 0.65625 0.03828125 0.0390625
0 0.64453125 0.60625 0.02734375 0.0375
0 0.815625 0.728125 0.03203125 0.0375
0 0.44453125 0.5171875 0.01953125 0.025
0 0.78359375 0.58828125 0.0265625 0.03359375
0 0.78828125 0.6578125 0.03125 0.03671875
0 0.54609375 0.5171875 0.01953125 0.0296875
0 0.759375 0.5 0.01953125 0.02578125
0 0.4546875 0.4921875 0.0171875 0.0234375
0 0.9328125 0.51953125 0.021875 0.02890625
0 0.6765625 0.51640625 0.0171875 0.025
0 0.74296875 0.721875 0.034375 0.0453125
0 0.39765625 0.6015625 0.02734375 0.0390625
0 0.475 0.60546875 0.034375 0.04921875
0 0.43828125 0.4546875 0.0203125 0.025
0 0.44609375 0.5765625 0.025 0.03125
0 0.3671875 0.49140625 0.015625 0.01953125
0 0.90703125 0.50390625 0.01953125 0.02890625
0 0.409375 0.50625 0.0203125 0.02578125
0 0.3921875 0.53046875 0.01953125 0.0296875
0 0.4796875 0.4671875 0.0171875 0.02734375
0 0.83046875 0.61015625 0.028125 0.03515625
0 0.575 0.3953125 0.015625 0.02734375
0 0.39296875 0.4703125 0.01484375 0.01796875
0 0.7453125 0.55078125 0.0203125 0.02890625
0 0.4734375 0.66875 0.03515625 0.04296875
0 0.97265625 0.58046875 0.025 0.03125
0 0.7640625 0.52890625 0.0203125 0.02890625
0 0.75546875 0.58828125 0.02421875 0.02890625
0 0.678125 0.41953125 0.01484375 0.0234375
0 0.45625 0.46953125 0.0171875 0.021875
0 0.728125 0.58125 0.02421875 0.0296875
0 0.84765625 0.6546875 0.025 0.0390625
0 0.10859375 0.66171875 0.0421875 0.0625
0 0.3640625 0.584375 0.0234375 0.02890625
0 0.384375 0.5 0.01640625 0.0234375
0 0.59453125 0.4765625 0.021875 0.0234375
0 0.58046875 0.5609375 0.028125 0.0375
0 0.50625 0.58125 0.0265625 0.0296875
0 0.37890625 0.471875 0.0140625 0.0171875
0 0.73125 0.503125 0.01953125 0.025
0 0.41171875 0.54296875 0.0203125 0.02578125
0 0.05703125 0.63828125 0.0421875 0.07265625
0 0.8078125 0.5359375 0.02265625 0.02734375
0 0.31015625 0.59296875 0.028125 0.04296875
0 0.80859375 0.321875 0.0140625 0.01953125
0 0.94453125 0.59921875 0.0328125 0.03125
0 0.99296875 0.46171875 0.01171875 0.0375
0 0.009375 0.925 0.01875 0.115625
0 0.759375 0.31640625 0.01484375 0.0234375
0 0.6203125 0.5046875 0.01953125 0.025
0 0.61953125 0.6140625 0.028125 0.0328125
0 0.9453125 0.69921875 0.0328125 0.03125
0 0.87578125 0.9515625 0.06875 0.09140625
0 0.696875 0.409375 0.01640625 0.021875
0 0.946875 0.74375 0.05 0.04453125