1 0.41875 0.709375 0.12890625 0.20546875
1 0.65859375 0.8671875 0.15703125 0.24765625
1 0.87265625 0.8015625 0.1625 0.24375
1 0.115625 0.4875 0.11171875 0.18828125
1 0.59140625 0.4875 0.09140625 0.13671875
1 0.815625 0.53828125 0.09453125 0.1453125
1 0.2203125 0.925 0.17734375 0.14140625
1 0.4984375 0.49765625 0.99140625 0.97890625
1 0.40859375 0.54296875 0.096875 0.1453125
1 0.43828125 0.29921875 0.065625 0.11953125
1 0.27109375 0.25 0.06875 0.115625
1 0.0484375 0.63046875 0.096875 0.18359375
1 0.43125 0.796875 0.2 0.3890625
1 0.584375 0.64296875 0.1171875 0.14921875
1 0.68125 0.2203125 0.07734375 0.115625
1 0.2703125 0.39765625 0.08828125 0.128125
1 0.56875 0.79453125 0.13125 0.2140625
1 0.72578125 0.6578125 0.1375 0.20546875
1 0.84453125 0.37578125 0.08828125 0.15390625
1 0.284375 0.7734375 0.1515625 0.23046875
1 0.7671875 0.34609375 0.07109375 0.11953125
1 0.68984375 0.39140625 0.08828125 0.14921875
1 0.52734375 0.4078125 0.0828125 0.115625
1 0.184375 0.621875 0.1171875 0.14921875
1 0.72578125 0.76953125 0.1375 0.221875
1 0.45546875 0.5109375 0.07734375 0.1328125
1 0.915625 0.49375 0.08828125 0.1328125
1 0.96875 0.4125 0.05703125 0.12421875
1 0.6296875 0.3421875 0.06015625 0.09375
1 0.1359375 0.39921875 0.09453125 0.1328125
1 0.5859375 0.203125 0.05703125 0.0984375
1 0.2515625 0.58515625 0.09140625 0.1625
1 0.90859375 0.384375 0.05703125 0.10234375
1 0.17890625 0.75234375 0.11171875 0.1796875
1 0.796875 0.23515625 0.0625 0.09375
1 0.1296875 0.21171875 0.05390625 0.08984375
1 0.046875 0.25390625 0.065625 0.10703125
1 0.4140625 0.196875 0.05703125 0.08515625
1 0.2625 0.50859375 0.103125 0.15390625
1 0.89453125 0.29453125 0.0625 0.09375
1 0.55 0.58125 0.09453125 0.128125
1 0.47109375 0.64765625 0.09140625 0.16640625
1 0.196875 0.20703125 0.04609375 0.08125
1 0.71875 0.45703125 0.08828125 0.11953125
1 0.2125 0.38046875 0.07734375 0.1453125
1 0.8859375 0.21796875 0.0625 0.08515625
1 0.35703125 0.43828125 0.0859375 0.0984375
1 0.3359375 0.16875 0.04296875 0.08125
1 0.04609375 0.453125 0.0859375 0.1625
1 0.06171875 0.08125 0.0484375 0.0765625
1 0.5125 0.27578125 0.0828125 0.0984375
1 0.49140625 0.1859375 0.04609375 0.08125
1 0.415625 0.40390625 0.07109375 0.0984375
1 0.9375 0.2796875 0.0515625 0.0984375
1 0.36875 0.16875 0.03984375 0.07265625
1 0.2703125 0.9125 0.13984375 0.1578125
1 0.115625 0.60078125 0.1171875 0.41484375
1 0.81875 0.15625 0.0484375 0.07265625
1 0.5328125 0.48515625 0.065625 0.10703125
1 0.72734375 0.0984375 0.0484375 0.0765625
1 0.0171875 0.371875 0.034375 0.11953125
1 0.3171875 0.26484375 0.04609375 0.08515625
1 0.32421875 0.3609375 0.07734375 0.12421875
1 0.92734375 0.59609375 0.08828125 0.0984375
1 0.14296875 0.12578125 0.03984375 0.07265625
1 0.50703125 0.35078125 0.0828125 0.1109375
1 0.7859375 0.08125 0.03984375 0.08515625
1 0.2125 0.10078125 0.04296875 0.07265625
1 0.3328125 0.64296875 0.09453125 0.14921875
1 0.39453125 0.34609375 0.06875 0.08515625
1 0.70546875 0.54296875 0.096875 0.10234375
1 0.75546875 0.175 0.06015625 0.09375
1 0.80546875 0.4703125 0.1140625 0.1453125
1 0.17421875 0.31171875 0.09140625 0.09375
1 0.35546875 0.51484375 0.0828125 0.10703125