0 0.2390625 0.9203125 0.0140625 0.0203125
0 0.06875 0.20625 0.01484375 0.0234375
0 0.721875 0.95546875 0.01484375 0.021875
0 0.21171875 0.915625 0.0140625 0.01875
0 0.29375 0.97734375 0.01640625 0.025
0 0.45859375 0.06953125 0.0125 0.01875
0 0.028125 0.20078125 0.0125 0.021875
0 0.571875 0.10859375 0.0125 0.0203125
0 0.2796875 0.228125 0.01171875 0.01796875
0 0.7421875 0.08125 0.0140625 0.0203125
0 0.21953125 0.21640625 0.01171875 0.01796875
0 0.2453125 0.35859375 0.0125 0.0203125
0 0.4578125 0.20546875 0.01171875 0.01875
0 0.184375 0.31796875 0.0125 0.0203125
0 0.01796875 0.03828125 0.0125 0.0203125
0 0.58046875 0.44375 0.0109375 0.01484375
0 0.084375 0.36015625 0.0125 0.0234375
0 0.49609375 0.33125 0.0140625 0.01640625
0 0.23828125 0.25390625 0.015625 0.021875
0 0.48359375 0.2796875 0.0125 0.01796875
0 0.13046875 0.146875 0.0125 0.0203125
0 0.2484375 0.97265625 0.0140625 0.021875
0 0.565625 0.18359375 0.0125 0.0203125
0 0.746875 0.1328125 0.0125 0.01640625
0 0.35625 0.63125 0.0109375 0.01484375
0 0.07734375 0.03125 0.0125 0.01796875
0 0.278125 0.58125 0.0125 0.01796875
0 0.178125 0.953125 0.01171875 0.01796875
0 0.415625 0.91484375 0.0125 0.0203125
0 0.471875 0.171875 0.0125 0.0203125
0 0.4796875 0.90625 0.0140625 0.01796875
0 0.64296875 0.11875 0.0109375 0.01796875
0 0.25390625 0.14140625 0.01171875 0.01796875
0 0.25703125 0.20234375 0.0140625 0.01875
0 0.878125 0.96875 0.01484375 0.01875
0 0.6578125 0.39375 0.0140625 0.01796875
0 0.153125 0.09296875 0.0125 0.0203125
0 0.5921875 0.13125 0.0109375 0.01640625
0 0.16875 0.4671875 0.0140625 0.01875
0 0.340625 0.14609375 0.0125 0.01875
0 0.38125 0.11796875 0.01171875 0.01796875
0 0.2625 0.16328125 0.0125 0.01796875
0 0.34453125 0.178125 0.0125 0.0203125
0 0.32734375 0.0671875 0.01171875 0.01875
0 0.43671875 0.43125 0.0125 0.01875
0 0.96953125 0.01875 0.01171875 0.01640625
0 0.63984375 0.16796875 0.0125 0.0203125
0 0.40703125 0.153125 0.0125 0.0203125
0 0.4296875 0.9515625 0.015625 0.0234375
0 0.38359375 0.23125 0.01171875 0.01875
0 0.34609375 0.86796875 0.0125 0.0203125
0 0.384375 0.15859375 0.01171875 0.01796875
0 0.11796875 0.06875 0.0140625 0.01875
0 0.90859375 0.1015625 0.0125 0.0203125
0 0.8828125 0.0078125 0.0125 0.015625
0 0.45234375 0.84375 0.009375 0.01640625
0 0.3953125 0.8703125 0.0140625 0.0203125
0 0.3078125 0.10625 0.0109375 0.01875
0 0.2390625 0.13125 0.01171875 0.01875
0 0.18359375 0.4703125 0.0140625 0.0203125
0 0.4328125 0.49296875 0.0109375 0.01484375
0 0.6203125 0.09609375 0.01171875 0.01640625
0 0.93125 0.01953125 0.0125 0.01875
0 0.1546875 0.940625 0.01171875 0.01640625
0 0.478125 0.10625 0.01171875 0.01875
0 0.30390625 0.3171875 0.0140625 0.01875
0 0.5421875 0.77109375 0.0109375 0.01640625
0 0.0671875 0.28125 0.0140625 0.0203125
0 0.38984375 0.3078125 0.0125 0.01875
0 0.28203125 0.1921875 0.0125 0.01875
0 0.215625 0.59140625 0.0140625 0.01796875
0 0.290625 0.91875 0.0125 0.01875
0 0.43125 0.03359375 0.0125 0.01796875
0 0.28359375 0.32109375 0.0125 0.01875
0 0.14140625 0.11484375 0.0140625 0.0203125
0 0.21171875 0.15859375 0.0140625 0.0203125
0 0.18125 0.39140625 0.0140625 0.0203125
0 0.290625 0.05703125 0.0109375 0.01796875
0 0.33359375 0.58125 0.0109375 0.01640625
0 0.1828125 0.65703125 0.0109375 0.01484375
0 0.65703125 0.18046875 0.01171875 0.01640625
0 0.56640625 0.3671875 0.01171875 0.01640625
0 0.4953125 0.29453125 0.0125 0.01875
0 0.746875 0.9578125 0.0140625 0.01875
0 0.09453125 0.0078125 0.0140625 0.015625
0 0.40703125 0.70625 0.0109375 0.01484375
0 0.25625 0.86640625 0.01171875 0.01796875
0 0.34453125 0.71640625 0.01171875 0.01796875
0 0.5453125 0.33203125 0.009375 0.01484375
0 0.4203125 0.04375 0.009375 0.01796875
0 0.6515625 0.88203125 0.01171875 0.01796875
0 0.3546875 0.153125 0.0140625 0.01796875
0 0.43984375 0.06640625 0.0125 0.01796875
0 0.27890625 0.6828125 0.0109375 0.01640625
0 0.528125 0.27890625 0.0125 0.01640625
0 0.315625 0.3328125 0.0125 0.01875
0 0.78203125 0.61796875 0.009375 0.01484375
0 0.3703125 0.97265625 0.015625 0.01875
0 0.25625 0.2796875 0.0125 0.01796875
0 0.1453125 0.02109375 0.01171875 0.01875
0 0.6828125 0.5796875 0.009375 0.01484375
0 0.4921875 0.19375 0.01171875 0.01796875
0 0.6046875 0.68046875 0.009375 0.01640625
0 0.44609375 0.96875 0.0140625 0.01875
0 0.3703125 0.66796875 0.009375 0.01484375
0 0.42109375 0.84296875 0.0109375 0.01484375
0 0.1203125 0.00703125 0.0125 0.0140625
0 0.4828125 0.84140625 0.0109375 0.01796875
0 0.49296875 0.94140625 0.0125 0.0203125
0 0.34453125 0.96953125 0.015625 0.021875
0 0.15859375 0.58125 0.0125 0.01875
0 0.13203125 0.30234375 0.0140625 0.01875
0 0.265625 0.74375 0.01171875 0.01796875
0 0.45390625 0.65390625 0.0109375 0.01640625
0 0.90546875 0.00625 0.0140625 0.0125
0 0.44296875 0.51875 0.0109375 0.01484375
0 0.690625 0.25546875 0.0109375 0.01640625
0 0.78203125 0.1546875 0.01171875 0.01484375
0 0.44375 0.74140625 0.00859375 0.01484375
0 0.2421875 0.66875 0.01171875 0.01796875
0 0.3203125 0.68203125 0.009375 0.01484375
0 0.34453125 0.68046875 0.0109375 0.01328125
0 0.23125 0.70625 0.009375 0.01484375
0 0.56953125 0.54375 0.009375 0.01484375
0 0.86640625 0.94453125 0.0140625 0.01875
0 0.5203125 0.16953125 0.01171875 0.01875
0 0.48125 0.6546875 0.00859375 0.01484375
0 0.11875 0.4046875 0.0125 0.0203125
0 0.60703125 0.73203125 0.0109375 0.01484375
0 0.58828125 0.56015625 0.00859375 0.01484375
0 0.64140625 0.3421875 0.009375 0.01640625
0 0.4421875 0.17734375 0.0140625 0.01640625
0 0.70546875 0.45625 0.0109375 0.01640625
0 0.66875 0.2421875 0.0109375 0.01640625
0 0.24609375 0.18046875 0.0140625 0.01875
0 0.38046875 0.46796875 0.0109375 0.01484375
0 0.45390625 0.61796875 0.0109375 0.01484375
0 0.2765625 0.61875 0.0109375 0.01796875
0 0.6921875 0.18984375 0.01484375 0.0203125
0 0.3203125 0.70625 0.009375 0.01796875
0 0.7578125 0.91875 0.009375 0.01640625
0 0.665625 0.47734375 0.0109375 0.01875
0 0.1828125 0.1765625 0.0125 0.0203125
0 0.30546875 0.70390625 0.0109375 0.01640625
0 0.1609375 0.90859375 0.009375 0.01796875
0 0.115625 0.5296875 0.01171875 0.01796875
0 0.63125 0.54375 0.0109375 0.01640625
0 0.5921875 0.16875 0.01171875 0.01796875
0 0.3296875 0.68125 0.009375 0.01484375
0 0.79375 0.65546875 0.00859375 0.01328125
0 0.75703125 0.55703125 0.009375 0.01484375
0 0.62890625 0.51796875 0.009375 0.01484375
0 0.1453125 0.96953125 0.0140625 0.01875
0 0.46953125 0.65546875 0.009375 0.01640625
0 0.621875 0.46640625 0.0125 0.01796875
0 0.296875 0.22890625 0.01171875 0.01875
0 0.69453125 0.27734375 0.009375 0.01640625
0 0.35390625 0.06796875 0.0109375 0.01796875
0 0.3703125 0.2328125 0.01171875 0.01875
0 0.6171875 0.75390625 0.009375 0.01640625
0 0.8453125 0.36875 0.0109375 0.01484375
0 0.6703125 0.6546875 0.0109375 0.01484375
0 0.74453125 0.55390625 0.00859375 0.01015625
0 0.46953125 0.2828125 0.01171875 0.01640625
0 0.39296875 0.9421875 0.0125 0.01640625
0 0.30546875 0.50703125 0.0109375 0.01484375
0 0.35546875 0.00546875 0.01171875 0.01015625
0 0.17890625 0.1578125 0.0140625 0.01875
0 0.63125 0.63046875 0.00859375 0.01328125
0 0.11796875 0.11171875 0.0125 0.0203125
0 0.74453125 0.46796875 0.00859375 0.01171875
0 0.1203125 0.91640625 0.0109375 0.01796875
0 0.68984375 0.1671875 0.0125 0.01875
0 0.2734375 0.97109375 0.0140625 0.021875
0 0.17109375 0.4453125 0.0125 0.01796875
0 0.62890625 0.66796875 0.009375 0.01484375
0 0.26953125 0.31640625 0.0140625 0.01796875
0 0.41875 0.66953125 0.00859375 0.01640625
0 0.41875 0.65546875 0.009375 0.01328125
0 0.39296875 0.69296875 0.00859375 0.01171875
0 0.4953125 0.00546875 0.01171875 0.01015625
0 0.6546875 0.93984375 0.01171875 0.01796875
0 0.3578125 0.17734375 0.009375 0.01875
0 0.93984375 0.80234375 0.0125 0.01640625
0 0.48359375 0.984375 0.0140625 0.021875
0 0.0828125 0.4578125 0.0140625 0.01875
0 0.59453125 0.63046875 0.0078125 0.01015625
0 0.50625 0.56875 0.00859375 0.01328125
0 0.70390625 0.56875 0.0109375 0.01484375
0 0.85390625 0.40546875 0.0109375 0.01328125
0 0.6171875 0.61953125 0.009375 0.01640625
0 0.7796875 0.43046875 0.0078125 0.01328125
0 0.00390625 0.2921875 0.0078125 0.021875
0 0.65546875 0.84375 0.0109375 0.01640625
0 0.40703125 0.65625 0.0078125 0.01484375
0 0.50703125 0.55625 0.0078125 0.01171875
0 0.1546875 0.16015625 0.0125 0.0203125
0 0.5796875 0.65625 0.0078125 0.01171875
0 0.4671875 0.63125 0.009375 0.01484375
0 0.3203125 0.8296875 0.009375 0.01484375
0 0.75625 0.94296875 0.0125 0.01796875
0 0.215625 0.32890625 0.0140625 0.01875
0 0.08359375 0.4046875 0.0125 0.01796875
0 0.49453125 0.54296875 0.00859375 0.01484375
0 0.4578125 0.91953125 0.01171875 0.01640625
0 0.3421875 0.41796875 0.0125 0.01796875
0 0.45390625 0.68125 0.009375 0.01484375
0 0.5921875 0.41875 0.0109375 0.01640625
0 0.15703125 0.28125 0.0140625 0.0203125
0 0.5375 0.53671875 0.00859375 0.01484375
0 0.99453125 0.6921875 0.00859375 0.01640625
0 0.63125 0.37890625 0.0109375 0.01640625
0 0.21796875 0.1328125 0.0140625 0.01875
0 0.2546875 0.6671875 0.009375 0.01640625
0 0.1921875 0.940625 0.009375 0.01640625
0 0.2828125 0.4671875 0.0109375 0.01640625
0 0.1375 0.63671875 0.0109375 0.01796875
0 0.5953125 0.37734375 0.0109375 0.01875
0 0.046875 0.06796875 0.0140625 0.0203125
0 0.46953125 0.54140625 0.00859375 0.01484375
0 0.0828125 0.13046875 0.0140625 0.01875
0 0.9359375 0.0421875 0.01171875 0.01875
0 0.19140625 0.89140625 0.01171875 0.0203125
0 0.290625 0.86640625 0.0125 0.01796875
0 0.5125 0.80859375 0.0109375 0.01796875
0 0.48125 0.053125 0.01171875 0.01796875
0 0.61796875 0.9171875 0.0109375 0.01640625
0 0.27890625 0.78125 0.0109375 0.01640625
0 0.5578125 0.76875 0.009375 0.01640625
0 0.3921875 0.47578125 0.009375 0.01640625
0 0.5171875 0.65390625 0.0078125 0.01015625
0 0.7171875 0.1671875 0.0109375 0.01640625
0 0.58046875 0.70625 0.00859375 0.01484375
0 0.353125 0.84296875 0.0109375 0.01796875
0 0.19140625 0.0421875 0.0140625 0.01875
0 0.2171875 0.48203125 0.01171875 0.01796875
0 0.43046875 0.5671875 0.00859375 0.01328125
0 0.38125 0.26796875 0.01171875 0.01796875
0 0.090625 0.096875 0.0125 0.0203125
0 0.48125 0.33203125 0.0109375 0.01796875
0 0.81953125 0.60625 0.009375 0.01640625
0 0.65703125 0.30546875 0.01171875 0.01640625
0 0.60625 0.35625 0.0109375 0.01640625
0 0.3921875 0.6546875 0.0078125 0.01171875
0 0.2625 0.55703125 0.0109375 0.01796875
0 0.4171875 0.06640625 0.009375 0.01796875
0 0.66640625 0.60390625 0.0109375 0.01640625
0 0.46640625 0.8296875 0.0109375 0.01484375
0 0.66875 0.4953125 0.01171875 0.01796875
0 0.290625 0.7171875 0.01171875 0.01640625
0 0.77890625 0.65546875 0.00859375 0.01328125
0 0.41171875 0.81328125 0.00703125 0.01484375
0 0.46171875 0.81171875 0.00859375 0.01484375
0 0.2796875 0.640625 0.0109375 0.01640625
0 0.66640625 0.36796875 0.0109375 0.01484375
0 0.1546875 0.21953125 0.01171875 0.01875
0 0.03203125 0.3421875 0.0140625 0.021875
0 0.253125 0.60546875 0.0109375 0.01640625
0 0.228125 0.0671875 0.01171875 0.01640625
0 0.49296875 0.65390625 0.00859375 0.01015625
0 0.33125 0.71796875 0.0109375 0.01484375
0 0.26796875 0.29296875 0.0125 0.01796875
0 0.84296875 0.91953125 0.0125 0.01875
0 0.5578125 0.21875 0.0109375 0.01796875
0 0.43203125 0.64140625 0.00859375 0.01484375
0 0.29375 0.66875 0.009375 0.01640625
0 0.35625 0.65546875 0.01171875 0.01875
0 0.1828125 0.24140625 0.0125 0.0203125
0 0.6546875 0.57890625 0.00859375 0.01640625
0 0.3421875 0.74296875 0.00859375 0.01484375
0 0.05390625 0.2828125 0.0140625 0.01875
0 0.38203125 0.01875 0.01171875 0.01796875
0 0.3171875 0.74375 0.009375 0.01484375
0 0.29375 0.08359375 0.009375 0.01796875
0 0.134375 0.196875 0.0140625 0.0203125
0 0.71953125 0.9328125 0.0109375 0.01640625
0 0.61796875 0.41796875 0.0109375 0.01484375
0 0.06640625 0.07734375 0.0140625 0.01875
0 0.4703125 0.1421875 0.0140625 0.01875
0 0.60859375 0.2578125 0.0109375 0.01640625
0 0.48125 0.2296875 0.01171875 0.01796875
0 0.82890625 0.64375 0.009375 0.01328125
0 0.38203125 0.83125 0.0078125 0.01484375
0 0.25390625 0.7046875 0.009375 0.01484375
0 0.7171875 0.58046875 0.00859375 0.01328125
0 0.34296875 0.46796875 0.0109375 0.01484375
0 0.37734375 0.90234375 0.0125 0.01640625
0 0.378125 0.04296875 0.0109375 0.01796875
0 0.59453125 0.59375 0.00859375 0.01171875
0 0.55546875 0.44453125 0.0109375 0.01640625
0 0.265625 0.67890625 0.01171875 0.01640625
0 0.48671875 0.56015625 0.00859375 0.01484375
0 0.315625 0.08046875 0.0109375 0.01640625
0 0.35625 0.21953125 0.01171875 0.01875
0 0.7203125 0.48125 0.0109375 0.01484375
0 0.71953125 0.55625 0.0078125 0.01171875
0 0.20234375 0.89296875 0.01171875 0.01796875
0 0.6265625 0.74296875 0.0109375 0.01484375
0 0.73359375 0.9171875 0.0109375 0.01640625
0 0.315625 0.65390625 0.0109375 0.01640625