0 0.4046875 0.3546875 0.01640625 0.0625
0 0.76484375 0.6125 0.02421875 0.08671875
0 0.35078125 0.6140625 0.0296875 0.06015625
0 0.1375 0.1140625 0.0125 0.0296875
0 0.8109375 0.68125 0.0234375 0.08671875
0 0.359375 0.3609375 0.01953125 0.05078125
0 0.0828125 0.1140625 0.01484375 0.0296875
0 0.5765625 0.20625 0.01484375 0.065625
0 0.29453125 0.353125 0.0203125 0.06015625
0 0.6953125 0.41015625 0.0171875 0.06015625
0 0.165625 0.3265625 0.0203125 0.065625
0 0.6875 0.615625 0.0234375 0.075
0 0.7125 0.60625 0.01875 0.08046875
0 0.846875 0.671875 0.025 0.0984375
0 0.29609375 0.62890625 0.03984375 0.09609375
0 0.78203125 0.20546875 0.01875 0.05078125
0 0.440625 0.50625 0.0265625 0.065625
0 0.5078125 0.52265625 0.0234375 0.0625
0 0.49296875 0.4296875 0.02421875 0.075
0 0.64375 0.45625 0.0203125 0.075
0 0.5203125 0.4203125 0.0171875 0.08046875
0 0.89765625 0.503125 0.02265625 0.06015625
0 0.23125 0.2921875 0.0171875 0.04453125
0 0.184375 0.13203125 0.0140625 0.0296875
0 0.2453125 0.04609375 0.0109375 0.0265625
0 0.740625 0.41328125 0.01953125 0.065625
0 0.73359375 0.55078125 0.0171875 0.065625
0 0.1328125 0.15546875 0.015625 0.0359375
0 0.67109375 0.2171875 0.01484375 0.04453125
0 0.48125 0.31171875 0.0140625 0.078125
0 0.15859375 0.115625 0.0125 0.0328125
0 0.35234375 0.4203125 0.02421875 0.08046875
0 0.1953125 0.16640625 0.0140625 0.0390625
0 0.6453125 0.39375 0.0171875 0.05078125
0 0.11796875 0.09765625 0.0109375 0.0265625
0 0.571875 0.465625 0.0234375 0.0625
0 0.1828125 0.18125 0.0140625 0.0390625
0 0.6765625 0.4640625 0.0171875 0.06015625
0 0.4359375 0.26484375 0.015625 0.04453125
0 0.028125 0.1015625 0.0125 0.0296875
0 0.4125 0.278125 0.01484375 0.071875
0 0.0296875 0.0078125 0.0125 0.01484375
0 0.25390625 0.13046875 0.01171875 0.0265625
0 0.14609375 0.23515625 0.01640625 0.04453125
0 0.20390625 0.12578125 0.0140625 0.0296875
0 0.2046875 0.02265625 0.01171875 0.02109375
0 0.63203125 0.721875 0.0390625 0.11953125
0 0.2203125 0.1734375 0.0140625 0.0296875
0 0.37578125 0.4234375 0.021875 0.075
0 0.76796875 0.5 0.02265625 0.1015625
0 0.35546875 0.01171875 0.0109375 0.0234375
0 0.46171875 0.24375 0.01640625 0.05078125
0 0.46953125 0.08671875 0.0109375 0.02421875
0 0.5609375 0.175 0.0140625 0.0390625
0 0.0453125 0.22421875 0.01484375 0.0359375
0 0.37421875 0.02578125 0.0125 0.0328125
0 0.534375 0.08203125 0.01484375 0.0390625
0 0.9421875 0.73359375 0.02265625 0.08359375
0 0.15703125 0.19140625 0.01484375 0.0359375
0 0.1625 0.06171875 0.01171875 0.0265625
0 0.03203125 0.06875 0.01171875 0.0296875
0 0.32734375 0.1046875 0.0109375 0.0296875
0 0.64921875 0.3234375 0.0171875 0.06015625
0 0.85234375 0.459375 0.0171875 0.05703125
0 0.6234375 0.3125 0.0203125 0.075
0 0.88125 0.45234375 0.0203125 0.065625
0 0.571875 0.603125 0.03203125 0.1046875
0 0.15390625 0.01640625 0.0109375 0.02109375
0 0.12578125 0.0265625 0.0109375 0.02421875
0 0.0421875 0.1015625 0.015625 0.0421875
0 0.21171875 0.30546875 0.01875 0.04765625
0 0.58359375 0.15703125 0.0125 0.0390625
0 0.52109375 0.35625 0.01484375 0.05390625
0 0.2796875 0.09609375 0.01171875 0.0359375
0 0.184375 0.0078125 0.0125 0.01484375
0 0.20859375 0.19296875 0.01484375 0.0390625
0 0.04609375 0.01484375 0.01171875 0.02421875
0 0.2765625 0.1875 0.01484375 0.0390625
0 0.10859375 0.26640625 0.01484375 0.0359375
0 0.30625 0.140625 0.0125 0.0296875
0 0.9203125 0.571875 0.02734375 0.08984375
0 0.08515625 0.01015625 0.0109375 0.0203125
0 0.1109375 0.19140625 0.015625 0.0421875