1 0.7796875 0.63203125 0.30390625 0.41484375
1 0.4859375 0.4765625 0.05 0.06640625
1 0.39375 0.5640625 0.06171875 0.0796875
1 0.49921875 0.63515625 0.0625 0.09140625
1 0.1984375 0.49453125 0.1390625 0.434375
1 0.159375 0.31484375 0.05078125 0.07421875
1 0.340625 0.540625 0.05859375 0.0875
1 0.38984375 0.4421875 0.040625 0.06484375
1 0.4359375 0.4171875 0.0390625 0.06015625
1 0.21953125 0.2578125 0.0265625 0.040625
1 0.0578125 0.73203125 0.0796875 0.12421875
1 0.0609375 0.44296875 0.0328125 0.0484375
1 0.51328125 0.4 0.034375 0.05234375
1 0.94140625 0.34296875 0.1109375 0.140625
1 0.165625 0.340625 0.07421875 0.1265625
1 0.62109375 0.40390625 0.0375 0.04921875
1 0.81640625 0.2 0.02734375 0.0375
1 0.75546875 0.1984375 0.02265625 0.03359375
1 0.48984375 0.5515625 0.10625 0.21640625
1 0.30546875 0.95859375 0.1203125 0.078125
1 0.39921875 0.66328125 0.09375 0.27734375
1 0.9515625 0.1953125 0.0234375 0.0390625
1 0.8015625 0.31796875 0.0328125 0.04453125
1 0.37890625 0.34921875 0.025 0.03671875
1 0.46484375 0.765625 0.16796875 0.35234375
1 0.23515625 0.46796875 0.0328125 0.04921875
1 0.2390625 0.378125 0.0265625 0.0390625
1 0.64375 0.35625 0.0328125 0.0390625
1 0.1265625 0.40078125 0.03203125 0.040625
1 0.5734375 0.3734375 0.03046875 0.040625
1 0.03203125 0.6125 0.05390625 0.071875
1 0.446875 0.36328125 0.02734375 0.040625
1 0.33359375 0.65859375 0.08515625 0.3234375
1 0.50078125 0.24453125 0.01875 0.025
1 0.759375 0.30703125 0.0265625 0.0375
1 0.24765625 0.415625 0.034375 0.04296875
1 0.3140625 0.43828125 0.04375 0.0546875
1 0.35390625 0.38359375 0.028125 0.0453125
1 0.10625 0.8328125 0.209375 0.325
1 0.79609375 0.3984375 0.046875 0.0640625
1 0.08125 0.50234375 0.1140625 0.16796875
1 0.61796875 0.51484375 0.11640625 0.17734375
1 0.4234375 0.3546875 0.03046875 0.0390625
1 0.0484375 0.39921875 0.028125 0.03671875
1 0.71171875 0.42265625 0.0421875 0.04921875
1 0.01875 0.9171875 0.0375 0.084375
1 0.21328125 0.31796875 0.06171875 0.1640625
1 0.20390625 0.44296875 0.040625 0.06015625
1 0.0140625 0.64375 0.02734375 0.0875
1 0.55703125 0.51484375 0.03984375 0.09609375
1 0.5109375 0.35703125 0.0265625 0.03671875
1 0.7640625 0.1359375 0.02265625 0.0328125
1 0.5234375 0.44140625 0.0703125 0.13984375
1 0.7140625 0.35234375 0.03125 0.03125
1 0.10234375 0.36484375 0.02265625 0.02890625
1 0.025 0.975 0.05 0.04453125
1 0.28203125 0.3796875 0.03046875 0.0375
1 0.96171875 0.465625 0.0734375 0.30546875
1 0.5234375 0.3265625 0.0234375 0.0328125
1 0.434375 0.48828125 0.06953125 0.20234375
1 0.02265625 0.43828125 0.03203125 0.046875
1 0.45 0.3171875 0.01953125 0.02890625
1 0.375 0.40390625 0.03125 0.0390625
1 0.68515625 0.41328125 0.0359375 0.05234375
1 0.28046875 0.36640625 0.03046875 0.03671875
1 0.60078125 0.26171875 0.01953125 0.02734375
1 0.634375 0.309375 0.01953125 0.02578125
1 0.50625 0.31796875 0.02265625 0.02890625
1 0.6984375 0.265625 0.01953125 0.02734375
1 0.934375 0.05625 0.02265625 0.03125
1 0.90703125 0.08125 0.0203125 0.03515625
1 0.821875 0.30859375 0.02265625 0.0375
1 0.48359375 0.340625 0.0265625 0.03359375
1 0.428125 0.3296875 0.02421875 0.02890625
1 0.3734375 0.46640625 0.07421875 0.11328125
1 0.71015625 0.23046875 0.01875 0.0234375
1 0.503125 0.27265625 0.01640625 0.0234375
1 0.7546875 0.23359375 0.053125 0.1171875
1 0.03828125 0.3484375 0.02734375 0.0375
1 0.5 0.49765625 0.9921875 0.984375
1 0.7546875 0.19921875 0.0328125 0.046875
1 0.653125 0.25703125 0.01875 0.0234375
1 0.875 0.16328125 0.01953125 0.02890625
1 0.58984375 0.15 0.0171875 0.02109375
1 0.60625 0.653125 0.1453125 0.45625
1 0.5875 0.17890625 0.0546875 0.08203125
1 0.565625 0.11484375 0.01484375 0.01796875
1 0.2671875 0.509375 0.09375 0.2359375
1 0.934375 0.2125 0.0875 0.159375
1 0.0765625 0.3671875 0.021875 0.02734375
1 0.47734375 0.309375 0.01875 0.02734375
1 0.98125 0.13984375 0.01875 0.02734375
1 0.1234375 0.45234375 0.05078125 0.14375
1 0.3140625 0.340625 0.03046875 0.04140625
1 0.31953125 0.35078125 0.02265625 0.02890625
1 0.7609375 0.36796875 0.03046875 0.04296875
1 0.8078125 0.3375 0.0546875 0.0859375
1 0.53671875 0.32890625 0.01875 0.0296875
1 0.35078125 0.328125 0.01953125 0.025
1 0.66875 0.21484375 0.02265625 0.03125
1 0.86328125 0.18984375 0.0234375 0.0296875
1 0.35234375 0.40859375 0.03828125 0.0953125
1 0.98515625 0.05234375 0.02421875 0.02890625
1 0.59765625 0.33359375 0.02734375 0.03359375
1 0.871875 0.25078125 0.02421875 0.03515625
1 0.5921875 0.4453125 0.040625 0.04296875
1 0.91484375 0.1984375 0.0171875 0.02890625
1 0.8234375 0.240625 0.0515625 0.12109375
1 0.92734375 0.4734375 0.13984375 0.39921875
1 0.6203125 0.5 0.08515625 0.1109375
1 0.57734375 0.4078125 0.05859375 0.10546875
1 0.29296875 0.34296875 0.01953125 0.03125
1 0.95625 0.653125 0.0828125 0.6828125
1 0.36015625 0.353125 0.01953125 0.02890625
1 0.6375 0.09921875 0.015625 0.0234375
1 0.09296875 0.6890625 0.18046875 0.2203125
1 0.759375 0.3171875 0.0421875 0.06015625