0 0.821875 0.6375 0.03125 0.05078125
0 0.2296875 0.61171875 0.0328125 0.04921875
0 0.6859375 0.50390625 0.02734375 0.04140625
0 0.503125 0.3296875 0.0140625 0.01953125
0 0.53515625 0.90703125 0.0546875 0.0875
0 0.73359375 0.75703125 0.03984375 0.06875
0 0.4171875 0.825 0.040625 0.06875
0 0.9125 0.475 0.0203125 0.0328125
0 0.17109375 0.4203125 0.0203125 0.0296875
0 0.478125 0.3828125 0.0140625 0.02109375
0 0.63203125 0.5109375 0.02265625 0.0328125
0 0.84765625 0.46015625 0.0171875 0.02734375
0 0.1390625 0.6359375 0.040625 0.05625
0 0.15 0.446875 0.0203125 0.0296875
0 0.83203125 0.4359375 0.0171875 0.025
0 0.34453125 0.540625 0.02421875 0.0375
0 0.5890625 0.4046875 0.0171875 0.02578125
0 0.415625 0.5609375 0.0265625 0.03671875
0 0.58203125 0.85625 0.0453125 0.0640625
0 0.4984375 0.5953125 0.02734375 0.0390625
0 0.334375 0.3296875 0.01171875 0.01953125
0 0.878125 0.45625 0.01640625 0.025
0 0.51875 0.40625 0.0171875 0.0234375
0 0.371875 0.3375 0.0140625 0.01796875
0 0.4625 0.428125 0.0171875 0.0234375
0 0.38984375 0.38515625 0.01484375 0.01796875
0 0.4671875 0.334375 0.01171875 0.01796875
0 0.4265625 0.38125 0.0140625 0.02109375
0 0.59765625 0.61640625 0.0328125 0.053125
0 0.56328125 0.39921875 0.0171875 0.025
0 0.56328125 0.36640625 0.01484375 0.021875
0 0.4265625 0.525 0.021875 0.0328125
0 0.325 0.3765625 0.01484375 0.02109375
0 0.18046875 0.5109375 0.0265625 0.0328125
0 0.453125 0.3625 0.0140625 0.01953125
0 0.27578125 0.3859375 0.01484375 0.01953125
0 0.4953125 0.5609375 0.0234375 0.02578125
0 0.7875 0.4328125 0.01484375 0.021875
0 0.5375 0.31171875 0.0125 0.01953125
0 0.0890625 0.76171875 0.03515625 0.04453125
0 0.00703125 0.2890625 0.0140625 0.02109375
0 0.29609375 0.32890625 0.0125 0.01953125
0 0.3921875 0.26796875 0.01171875 0.01796875
0 0.253125 0.41015625 0.01640625 0.02109375
0 0.26953125 0.259375 0.0140625 0.0171875
0 0.41484375 0.35 0.0140625 0.01796875
0 0.24296875 0.3515625 0.0125 0.01796875
0 0.440625 0.39296875 0.01484375 0.01796875
0 0.290625 0.28828125 0.0125 0.0140625
0 0.3328125 0.26953125 0.01171875 0.015625
0 0.553125 0.3078125 0.01171875 0.01953125
0 0.7765625 0.45 0.0171875 0.01953125
0 0.53203125 0.3546875 0.0140625 0.01953125
0 0.978125 0.31796875 0.01171875 0.01796875
0 0.440625 0.29765625 0.0140625 0.0171875
0 0.9640625 0.2796875 0.01171875 0.01796875
0 0.99375 0.37890625 0.009375 0.02109375
0 0.4640625 0.52265625 0.02265625 0.0328125
0 0.23515625 0.4015625 0.015625 0.021875
0 0.24375 0.38046875 0.0125 0.01796875
0 0.99453125 0.34453125 0.00859375 0.0171875
0 0.42109375 0.2796875 0.01171875 0.01796875
0 0.365625 0.2671875 0.01171875 0.01796875
0 0.4265625 0.40546875 0.01484375 0.025
0 0.353125 0.26875 0.01171875 0.0171875
0 0.9828125 0.25546875 0.009375 0.01328125
0 0.96953125 0.3828125 0.01171875 0.015625
0 0.34765625 0.43125 0.015625 0.021875
0 0.31484375 0.30546875 0.0125 0.0171875
0 0.03046875 0.2796875 0.01484375 0.0234375
0 0.25390625 0.27890625 0.01171875 0.01796875
0 0.29375 0.2578125 0.01171875 0.015625
0 0.76875 0.47421875 0.01953125 0.02578125
0 0.2046875 0.26875 0.01171875 0.0171875
0 0.965625 0.346875 0.0140625 0.0171875
0 0.621875 0.3203125 0.0125 0.02109375
0 0.315625 0.26875 0.0109375 0.0140625
0 0.40703125 0.3890625 0.01484375 0.01796875
0 0.25390625 0.30078125 0.0140625 0.01796875
0 0.1953125 0.25703125 0.009375 0.0140625
0 0.24296875 0.22890625 0.00859375 0.01328125
0 0.35625 0.50078125 0.0203125 0.02734375
0 0.90859375 0.365625 0.0125 0.01796875
0 0.21953125 0.39453125 0.0140625 0.02109375
0 0.9328125 0.2671875 0.009375 0.0140625
0 0.5578125 0.5359375 0.0265625 0.0375
0 0.4046875 0.31875 0.01171875 0.0140625
0 0.96953125 0.24375 0.00859375 0.01328125
0 0.54375 0.4453125 0.0171875 0.02578125
0 0.20234375 0.353125 0.0140625 0.0171875
0 0.915625 0.2578125 0.00859375 0.01328125