0 0.4640625 0.209375 0.02734375 0.046875
0 0.97734375 0.0140625 0.0203125 0.028125
0 0.196875 0.25625 0.0375 0.0546875
0 0.33671875 0.178125 0.03125 0.046875
0 0.03515625 0.24375 0.04296875 0.05703125
0 0.7734375 0.24296875 0.0328125 0.0453125
0 0.50859375 0.16953125 0.0265625 0.046875
0 0.81875 0.14296875 0.0265625 0.0390625
0 0.909375 0.35703125 0.04609375 0.06015625
0 0.478125 0.0375 0.0203125 0.0296875
0 0.85078125 0.17421875 0.0296875 0.04453125
0 0.35 0.11015625 0.0265625 0.040625
0 0.7453125 0.2 0.03046875 0.0484375
0 0.2453125 0.22890625 0.028125 0.05234375
0 0.4265625 0.1796875 0.0296875 0.04921875
0 0.60859375 0.25546875 0.0359375 0.05703125
0 0.23828125 0.1296875 0.0296875 0.0484375
0 0.1703125 0.1671875 0.0328125 0.05078125
0 0.01796875 0.18203125 0.0359375 0.0546875
0 0.0796875 0.1953125 0.03515625 0.0546875
0 0.42890625 0.06328125 0.0234375 0.03515625
0 0.678125 0.03515625 0.0203125 0.03359375
0 0.39296875 0.04921875 0.0265625 0.03671875
0 0.1125 0.1328125 0.0265625 0.04140625
0 0.26875 0.1578125 0.03203125 0.046875
0 0.54375 0.79921875 0.071875 0.11953125
0 0.33828125 0.01015625 0.0234375 0.0203125
0 0.4046875 0.01484375 0.0234375 0.0296875
0 0.29375 0.11171875 0.03125 0.04453125
0 0.00625 0.034375 0.01171875 0.040625
0 0.428125 0.009375 0.021875 0.01875
0 0.15546875 0.00625 0.0234375 0.01171875
0 0.884375 0.0640625 0.0234375 0.03359375
0 0.4515625 0.025 0.0203125 0.03125
0 0.37890625 0.23671875 0.03515625 0.04453125
0 0.42265625 0.03515625 0.021875 0.02578125
0 0.03203125 0.00625 0.021875 0.01171875
0 0.38046875 0.0953125 0.02421875 0.0390625
0 0.3734375 0.0296875 0.0203125 0.03125
0 0.6203125 0.8609375 0.0171875 0.025
0 0.303125 0.72265625 0.0203125 0.0234375
0 0.265625 0.0921875 0.025 0.0390625
0 0.33203125 0.2484375 0.0328125 0.0546875
0 0.7140625 0.33828125 0.03125 0.05234375
0 0.80859375 0.08203125 0.0234375 0.03671875