0 0.4046875 0.1515625 0.015625 0.025
0 0.3921875 0.1953125 0.01953125 0.02890625
0 0.44375 0.5734375 0.03828125 0.05859375
0 0.27890625 0.11328125 0.01484375 0.0234375
0 0.44140625 0.16953125 0.0171875 0.0234375
0 0.59453125 0.25625 0.02421875 0.0375
0 0.3140625 0.3078125 0.0203125 0.0328125
0 0.0578125 0.8265625 0.07109375 0.09375
0 0.31328125 0.2140625 0.01953125 0.0296875
0 0.2484375 0.1546875 0.01640625 0.025
0 0.26796875 0.2734375 0.0203125 0.02890625
0 0.56328125 0.71328125 0.0421875 0.06484375
0 0.31015625 0.17265625 0.01640625 0.025
0 0.090625 0.56796875 0.04375 0.0625
0 0.4109375 0.2734375 0.02265625 0.03671875
0 0.33671875 0.17421875 0.01640625 0.02578125
0 0.59609375 0.109375 0.0125 0.02109375
0 0.37578125 0.0734375 0.01171875 0.01953125
0 0.00703125 0.15625 0.0140625 0.03125
0 0.353125 0.7359375 0.03515625 0.0390625
0 0.1609375 0.11953125 0.01640625 0.02578125
0 0.01640625 0.2609375 0.0328125 0.040625
0 0.9359375 0.49375 0.021875 0.03125
0 0.4890625 0.08671875 0.01171875 0.0171875
0 0.37578125 0.15390625 0.015625 0.0234375
0 0.18125 0.15390625 0.0171875 0.0234375
0 0.60625 0.05625 0.01171875 0.0171875
0 0.446875 0.1234375 0.01484375 0.01953125
0 0.30078125 0.1203125 0.015625 0.021875
0 0.73359375 0.10546875 0.0125 0.01796875
0 0.05625 0.2625 0.0171875 0.025
0 0.42734375 0.034375 0.0109375 0.0171875
0 0.6328125 0.06953125 0.009375 0.0140625
0 0.509375 0.084375 0.01171875 0.01796875
0 0.54609375 0.1109375 0.0125 0.01796875
0 0.715625 0.1125 0.0125 0.0171875
0 0.5578125 0.0828125 0.01171875 0.0171875
0 0.35859375 0.1359375 0.0140625 0.01953125
0 0.4734375 0.12421875 0.0140625 0.01953125
0 0.63203125 0.0328125 0.009375 0.015625
0 0.46484375 0.0875 0.0140625 0.01796875
0 0.91875 0.43125 0.0203125 0.03671875
0 0.38984375 0.10546875 0.0125 0.01796875
0 0.57109375 0.04375 0.0109375 0.0140625
0 0.50703125 0.0296875 0.009375 0.0140625
0 0.628125 0.10078125 0.0109375 0.01953125
0 0.55546875 0.0296875 0.00859375 0.01328125
0 0.45234375 0.0625 0.0140625 0.01796875
0 0.3953125 0.0796875 0.01171875 0.01953125
0 0.73125 0.03828125 0.00859375 0.0140625
0 0.59453125 0.040625 0.00859375 0.0140625
0 0.65703125 0.04296875 0.00859375 0.01328125
0 0.1765625 0.11171875 0.01484375 0.02578125
0 0.66875 0.01640625 0.00703125 0.01171875
0 0.415625 0.06875 0.0125 0.01953125
0 0.60546875 0.01796875 0.0078125 0.01328125
0 0.5796875 0.00546875 0.0078125 0.01015625
0 0.59375 0.01796875 0.0078125 0.01328125
0 0.55625 0.00546875 0.00703125 0.01015625
0 0.65546875 0.0171875 0.0078125 0.01171875
0 0.64296875 0.01796875 0.00703125 0.01328125
0 0.71796875 0.01796875 0.00703125 0.01328125
0 0.59296875 0.0046875 0.00703125 0.009375
0 0.91484375 0.3703125 0.0171875 0.021875
0 0.51796875 0.03046875 0.00859375 0.01171875
0 0.64296875 0.0046875 0.00703125 0.009375
0 0.7171875 0.0421875 0.009375 0.0140625
0 0.66875 0.03125 0.0078125 0.01328125
0 0.70546875 0.01796875 0.00703125 0.01328125
0 0.68046875 0.01796875 0.00703125 0.01328125
0 0.6453125 0.03203125 0.00859375 0.0140625
0 0.575 0.025 0.00859375 0.01328125
0 0.34453125 0.09375 0.01171875 0.01796875
0 0.69296875 0.01796875 0.00703125 0.01328125
0 0.54375 0.0921875 0.01171875 0.0171875
0 0.61875 0.0046875 0.00703125 0.009375
0 0.61484375 0.3734375 0.01484375 0.01953125
0 0.68046875 0.00546875 0.00703125 0.01015625
0 0.73125 0.01796875 0.0078125 0.01328125
0 0.69453125 0.04453125 0.00859375 0.015625
0 0.5125 0.10625 0.0125 0.01953125
0 0.7625 0.01171875 0.00859375 0.01328125
0 0.69375 0.0046875 0.00703125 0.009375
0 0.5359375 0.0125 0.00859375 0.0140625
0 0.49296875 0.04375 0.0109375 0.0140625
0 0.5421875 0.0296875 0.009375 0.01328125
0 0.5296875 0.0296875 0.00859375 0.0140625
0 0.56953125 0.00546875 0.0078125 0.01015625
0 0.44453125 0.025 0.009375 0.0171875
0 0.74296875 0.08125 0.0109375 0.0171875
0 0.63203125 0.01796875 0.0078125 0.01328125
0 0.78203125 0.01875 0.00859375 0.0140625
0 0.70546875 0.0046875 0.00703125 0.009375
0 0.63125 0.0046875 0.00703125 0.009375
0 0.79453125 0.04765625 0.0109375 0.0140625
0 0.4296875 0.0546875 0.01171875 0.01796875
0 0.74375 0.04140625 0.00703125 0.01328125
0 0.76640625 0.09375 0.009375 0.01796875
0 0.60625 0.0046875 0.00703125 0.009375
0 0.1515625 0.196875 0.0234375 0.02734375
0 0.73125 0.0046875 0.00859375 0.009375
0 0.78046875 0.00625 0.00703125 0.01171875
0 0.6171875 0.01796875 0.0078125 0.01328125
0 0.75703125 0.0421875 0.00859375 0.0140625
0 0.7421875 0.0171875 0.0078125 0.01171875
0 0.74453125 0.00546875 0.00859375 0.01015625
0 0.33203125 0.08203125 0.0140625 0.01796875
0 0.8796875 0.4921875 0.02265625 0.02578125
0 0.71875 0.00546875 0.0078125 0.0078125