0 0.31640625 0.48828125 0.021875 0.03359375
0 0.6859375 0.55625 0.02734375 0.0453125
0 0.7765625 0.5609375 0.03125 0.04921875
0 0.6375 0.91171875 0.0484375 0.07265625
0 0.62578125 0.5375 0.0296875 0.04296875
0 0.06875 0.37421875 0.01640625 0.01953125
0 0.2734375 0.56328125 0.02734375 0.040625
0 0.7140625 0.38203125 0.015625 0.025
0 0.3375 0.4921875 0.0203125 0.03671875
0 0.79375 0.95703125 0.0625 0.08359375
0 0.715625 0.74921875 0.04375 0.0640625
0 0.590625 0.69375 0.0421875 0.0640625
0 0.2609375 0.48203125 0.0234375 0.03671875
0 0.26875 0.4328125 0.01953125 0.0296875
0 0.83671875 0.66171875 0.0421875 0.05703125
0 0.353125 0.5984375 0.03046875 0.0453125
0 0.4078125 0.80625 0.0484375 0.0703125
0 0.75625 0.63828125 0.03125 0.046875
0 0.7421875 0.38125 0.0171875 0.0296875
0 0.44765625 0.7015625 0.0421875 0.05859375
0 0.13203125 0.3703125 0.0171875 0.025
0 0.6171875 0.5921875 0.02734375 0.04140625
0 0.5296875 0.3609375 0.01484375 0.0234375
0 0.0375 0.73515625 0.03828125 0.05078125
0 0.80234375 0.31875 0.0125 0.01953125
0 0.1390625 0.31328125 0.015625 0.01953125
0 0.096875 0.7640625 0.03203125 0.040625
0 0.2453125 0.37890625 0.01875 0.02109375
0 0.67890625 0.2828125 0.009375 0.01796875
0 0.865625 0.2453125 0.01171875 0.0140625
0 0.2234375 0.35546875 0.01640625 0.0234375
0 0.4109375 0.3640625 0.01484375 0.01953125
0 0.5609375 0.65 0.0328125 0.053125
0 0.38828125 0.365625 0.01484375 0.01796875
0 0.2078125 0.7203125 0.0328125 0.0390625
0 0.128125 0.4734375 0.01875 0.025
0 0.11796875 0.7234375 0.034375 0.040625
0 0.11171875 0.37421875 0.01640625 0.025
0 0.0890625 0.97578125 0.053125 0.0453125
0 0.72109375 0.2859375 0.0125 0.0171875
0 0.2328125 0.4359375 0.0203125 0.02890625
0 0.84453125 0.2578125 0.0109375 0.015625
0 0.6375 0.34453125 0.0140625 0.021875
0 0.5296875 0.29296875 0.0125 0.01796875
0 0.8921875 0.25546875 0.009375 0.01328125
0 0.196875 0.28671875 0.0125 0.01796875
0 0.9890625 0.21015625 0.009375 0.0140625
0 0.9578125 0.33203125 0.01171875 0.01796875
0 0.18046875 0.965625 0.06171875 0.06640625
0 0.03671875 0.6140625 0.0359375 0.040625
0 0.00625 0.61875 0.0125 0.03515625
0 0.67109375 0.3125 0.0125 0.01796875
0 0.9671875 0.25546875 0.009375 0.01328125
0 0.1390625 0.346875 0.015625 0.01953125
0 0.67109375 0.21875 0.0109375 0.01328125
0 0.65546875 0.2171875 0.0109375 0.01171875
0 0.24453125 0.759375 0.034375 0.05078125
0 0.0921875 0.65625 0.03515625 0.03671875
0 0.09921875 0.60546875 0.02421875 0.02578125
0 0.77890625 0.28203125 0.0109375 0.0140625
0 0.7046875 0.24296875 0.01171875 0.0171875
0 0.9328125 0.2453125 0.0109375 0.0140625
0 0.7875 0.23671875 0.0109375 0.01328125
0 0.6140625 0.22265625 0.01171875 0.015625
0 0.70546875 0.2796875 0.0109375 0.0140625
0 0.80625 0.24765625 0.0109375 0.015625
0 0.9046875 0.2421875 0.0109375 0.01328125
0 0.94453125 0.19375 0.0078125 0.01171875
0 0.946875 0.26796875 0.0109375 0.01328125
0 0.74296875 0.26875 0.0109375 0.0140625
0 0.99453125 0.259375 0.00859375 0.0171875
0 0.828125 0.25546875 0.01171875 0.01328125
0 0.96796875 0.2046875 0.00703125 0.01171875
0 0.978125 0.20546875 0.0078125 0.01328125
0 0.95625 0.19375 0.00703125 0.01015625
0 0.55546875 0.29296875 0.0109375 0.01328125
0 0.75625 0.28046875 0.00859375 0.01171875
0 0.9671875 0.228125 0.00859375 0.01171875
0 0.9796875 0.21796875 0.009375 0.01171875
0 0.90546875 0.2171875 0.0078125 0.0078125
0 0.94375 0.2296875 0.00859375 0.01171875
0 0.67109375 0.34375 0.0140625 0.01796875
0 0.98359375 0.2578125 0.01171875 0.015625
0 0.315625 0.20625 0.0140625 0.0171875
0 0.815625 0.20703125 0.00859375 0.01328125
0 0.69140625 0.3078125 0.01171875 0.0171875
0 0.99453125 0.33046875 0.00859375 0.01796875
0 0.9359375 0.26171875 0.00859375 0.01328125
0 0.91953125 0.26953125 0.0109375 0.01328125
0 0.7421875 0.24375 0.009375 0.01796875
0 0.88203125 0.18125 0.0078125 0.01171875
0 0.98125 0.315625 0.0109375 0.0171875
0 0.465625 0.3625 0.01484375 0.01953125
0 0.2703125 0.1359375 0.01171875 0.0140625
0 0.8875 0.2125 0.00859375 0.01171875
0 0.9171875 0.25625 0.009375 0.01171875
0 0.415625 0.3921875 0.0140625 0.01953125
0 0.9890625 0.2890625 0.01171875 0.01796875
0 0.84453125 0.23046875 0.01171875 0.01328125
0 0.803125 0.2078125 0.0109375 0.0140625
0 0.99453125 0.23125 0.00859375 0.0140625