0 0.415625 0.66640625 0.01953125 0.03203125
0 0.81015625 0.40390625 0.01484375 0.0234375
0 0.9859375 0.82109375 0.025 0.040625
0 0.23046875 0.665625 0.025 0.0421875
0 0.18828125 0.5390625 0.02265625 0.03203125
0 0.403125 0.4953125 0.01484375 0.025
0 0.80390625 0.43203125 0.01484375 0.0234375
0 0.03671875 0.5140625 0.0203125 0.03515625
0 0.14609375 0.7046875 0.0265625 0.03984375
0 0.2484375 0.6046875 0.02265625 0.03515625
0 0.00703125 0.5703125 0.0140625 0.03671875
0 0.87578125 0.5765625 0.01953125 0.03203125
0 0.509375 0.559375 0.0171875 0.02890625
0 0.27109375 0.59140625 0.0203125 0.03515625
0 0.29140625 0.97421875 0.034375 0.0484375
0 0.2140625 0.80390625 0.03125 0.05
0 0.26640625 0.759375 0.0296875 0.0453125
0 0.67109375 0.56015625 0.01953125 0.03046875
0 0.92890625 0.76875 0.028125 0.046875
0 0.0265625 0.5984375 0.0203125 0.03984375
0 0.228125 0.52421875 0.0203125 0.03203125
0 0.928125 0.559375 0.01953125 0.02890625
0 0.17265625 0.5765625 0.0234375 0.03828125
0 0.7 0.75859375 0.0203125 0.03203125
0 0.7859375 0.54921875 0.01640625 0.02890625
0 0.5296875 0.61640625 0.021875 0.03203125
0 0.12578125 0.58046875 0.02265625 0.03671875
0 0.6390625 0.54921875 0.0171875 0.02890625
0 0.48984375 0.71875 0.02265625 0.03515625
0 0.7890625 0.50546875 0.015625 0.028125
0 0.584375 0.56640625 0.01953125 0.02890625
0 0.35078125 0.58828125 0.021875 0.03203125
0 0.9203125 0.60625 0.021875 0.03203125
0 0.690625 0.3015625 0.0125 0.0203125
0 0.75078125 0.86796875 0.02734375 0.046875
0 0.2296875 0.40703125 0.015625 0.02890625
0 0.2984375 0.63046875 0.0234375 0.03671875
0 0.84453125 0.25859375 0.0125 0.021875
0 0.15546875 0.43828125 0.01875 0.025
0 0.1890625 0.71953125 0.02734375 0.0484375
0 0.665625 0.28984375 0.0125 0.0171875
0 0.0921875 0.4171875 0.0171875 0.03203125
0 0.3546875 0.63359375 0.0203125 0.03984375
0 0.890625 0.48203125 0.0171875 0.02890625
0 0.0328125 0.43828125 0.01640625 0.03046875
0 0.8328125 0.821875 0.0296875 0.0453125
0 0.3671875 0.5453125 0.0171875 0.03046875
0 0.528125 0.40703125 0.0140625 0.0203125
0 0.3734375 0.740625 0.025 0.046875
0 0.46640625 0.528125 0.01640625 0.028125
0 0.521875 0.7484375 0.02421875 0.03828125
0 0.15859375 0.46796875 0.01875 0.03046875
0 0.7640625 0.38671875 0.01484375 0.0265625
0 0.34140625 0.46015625 0.01640625 0.028125
0 0.2 0.49453125 0.0203125 0.03203125
0 0.01640625 0.52421875 0.021875 0.03203125
0 0.9046875 0.428125 0.01640625 0.025
0 0.72265625 0.30546875 0.01171875 0.01875
0 0.971875 0.59453125 0.02265625 0.03203125
0 0.253125 0.87578125 0.034375 0.05546875
0 0.3296875 0.5453125 0.01953125 0.03046875
0 0.89609375 0.6578125 0.02265625 0.03671875
0 0.70078125 0.45625 0.01484375 0.025
0 0.56953125 0.7796875 0.0296875 0.0453125
0 0.21015625 0.428125 0.0171875 0.028125
0 0.70390625 0.24375 0.0140625 0.021875
0 0.7140625 0.696875 0.02265625 0.03828125
0 0.0875 0.4671875 0.0171875 0.03203125
0 0.76640625 0.421875 0.015625 0.0234375
0 0.73359375 0.54921875 0.0171875 0.02890625
0 0.8296875 0.55546875 0.01953125 0.028125
0 0.3546875 0.475 0.01484375 0.025
0 0.56875 0.42890625 0.01484375 0.0203125
0 0.8078125 0.67265625 0.021875 0.03359375
0 0.665625 0.37109375 0.0140625 0.021875
0 0.31875 0.4328125 0.01484375 0.025
0 0.6984375 0.51015625 0.015625 0.025
0 0.2796875 0.40078125 0.01484375 0.025
0 0.05625 0.5875 0.0203125 0.03671875
0 0.85625 0.73984375 0.0234375 0.03671875
0 0.82734375 0.27265625 0.0140625 0.0203125
0 0.3078125 0.5703125 0.015625 0.028125
0 0.8984375 0.32578125 0.015625 0.021875
0 0.04375 0.903125 0.0359375 0.05
0 0.528125 0.52421875 0.0171875 0.02890625
0 0.9421875 0.534375 0.0171875 0.02890625
0 0.496875 0.38515625 0.0125 0.0203125
0 0.66875 0.65546875 0.02265625 0.03671875
0 0.084375 0.29375 0.01171875 0.01875
0 0.60078125 0.5203125 0.01953125 0.028125
0 0.39921875 0.584375 0.0203125 0.03203125
0 0.07890625 0.58515625 0.021875 0.03984375
0 0.8734375 0.5234375 0.0171875 0.028125
0 0.7765625 0.459375 0.015625 0.0234375
0 0.26484375 0.34609375 0.0125 0.021875
0 0.05546875 0.4890625 0.0203125 0.03203125
0 0.478125 0.49296875 0.01640625 0.025
0 0.63203125 0.35390625 0.0140625 0.021875
0 0.33046875 0.378125 0.0125 0.01875
0 0.634375 0.24765625 0.01171875 0.0203125
0 0.35234375 0.39609375 0.01171875 0.021875
0 0.12265625 0.428125 0.01640625 0.03046875
0 0.5921875 0.3828125 0.0140625 0.025
0 0.6171875 0.24375 0.01171875 0.01640625
0 0.55625 0.55234375 0.01875 0.028125
0 0.70859375 0.19375 0.0125 0.021875
0 0.478125 0.32109375 0.01171875 0.01875
0 0.73984375 0.5203125 0.01640625 0.025
0 0.83515625 0.4078125 0.01484375 0.025
0 0.1625 0.50390625 0.01875 0.03515625
0 0.2171875 0.3578125 0.0140625 0.025
0 0.74921875 0.4484375 0.01484375 0.025
0 0.91953125 0.44609375 0.01484375 0.025
0 0.13984375 0.39296875 0.01640625 0.025
0 0.771875 0.75 0.025 0.0421875
0 0.65390625 0.45390625 0.01484375 0.0234375
0 0.94140625 0.68671875 0.0234375 0.03515625
0 0.7453125 0.5875 0.01640625 0.028125
0 0.478125 0.35703125 0.01171875 0.0171875
0 0.85625 0.321875 0.01484375 0.0203125
0 0.71796875 0.27890625 0.0140625 0.01875
0 0.56640625 0.2328125 0.009375 0.0171875
0 0.25703125 0.4953125 0.01484375 0.025
0 0.10078125 0.5234375 0.021875 0.03359375
0 0.6203125 0.4140625 0.0140625 0.0234375
0 0.87890625 0.30390625 0.0140625 0.025
0 0.3015625 0.37890625 0.0140625 0.0203125
0 0.98984375 0.3109375 0.01640625 0.025
0 0.4921875 0.5453125 0.015625 0.025
0 0.9484375 0.32890625 0.015625 0.021875
0 0.24921875 0.42890625 0.0171875 0.040625
0 0.5921875 0.4640625 0.01484375 0.0234375
0 0.25078125 0.38203125 0.01484375 0.0234375
0 0.42109375 0.428125 0.01484375 0.025
0 0.459375 0.34296875 0.01171875 0.0171875
0 0.46484375 0.40703125 0.0140625 0.0234375
0 0.8296875 0.63828125 0.021875 0.02890625
0 0.60546875 0.68359375 0.0171875 0.0265625
0 0.71171875 0.43125 0.01640625 0.025
0 0.6234375 0.48203125 0.0171875 0.0265625
0 0.765625 0.2546875 0.01171875 0.0171875
0 0.1234375 0.4609375 0.01875 0.02890625
0 0.13984375 0.31875 0.01171875 0.021875
0 0.3828125 0.38203125 0.0140625 0.0203125
0 0.56640625 0.61640625 0.01953125 0.02890625
0 0.065625 0.2640625 0.0109375 0.01875
0 0.48515625 0.453125 0.01484375 0.025
0 0.29375 0.4921875 0.01640625 0.0265625
0 0.29609375 0.35703125 0.0125 0.0203125
0 0.1703125 0.29296875 0.009375 0.0171875
0 0.3875 0.48125 0.01484375 0.025
0 0.36484375 0.378125 0.0125 0.0203125
0 0.66875 0.19140625 0.0140625 0.021875
0 0.5546875 0.38203125 0.01171875 0.0203125
0 0.95390625 0.271875 0.015625 0.021875
0 0.571875 0.39609375 0.0140625 0.021875
0 0.21796875 0.32890625 0.0140625 0.021875
0 0.190625 0.353125 0.0140625 0.0203125
0 0.82890625 0.49140625 0.015625 0.028125
0 0.8640625 0.93203125 0.03125 0.0453125
0 0.75390625 0.275 0.0140625 0.0171875
0 0.8578125 0.48125 0.01484375 0.025
0 0.2328125 0.26796875 0.009375 0.0171875
0 0.2625 0.55625 0.01953125 0.02890625
0 0.03125 0.3296875 0.0140625 0.0234375
0 0.0265625 0.38125 0.015625 0.028125
0 0.0296875 0.26796875 0.009375 0.01484375
0 0.2390625 0.33984375 0.0140625 0.0203125
0 0.1796875 0.4828125 0.01953125 0.03359375
0 0.75625 0.49296875 0.01484375 0.025
0 0.55859375 0.34296875 0.0140625 0.021875
0 0.11796875 0.28046875 0.0109375 0.01875
0 0.74296875 0.2546875 0.0140625 0.01484375
0 0.0671875 0.3265625 0.0140625 0.0203125
0 0.38203125 0.40703125 0.0140625 0.0203125
0 0.40703125 0.35390625 0.01171875 0.01875
0 0.12109375 0.54921875 0.0171875 0.02890625
0 0.86484375 0.40703125 0.01640625 0.02890625
0 0.603125 0.24375 0.01171875 0.01875
0 0.5890625 0.31875 0.01171875 0.01875
0 0.321875 0.5140625 0.01640625 0.0265625
0 0.440625 0.68671875 0.0203125 0.03203125
0 0.10859375 0.48828125 0.0171875 0.028125
0 0.9859375 0.5640625 0.01953125 0.02890625
0 0.61484375 0.32578125 0.0125 0.01875
0 0.92890625 0.47109375 0.0171875 0.028125
0 0.0046875 0.31875 0.00859375 0.021875
0 0.21953125 0.3078125 0.01171875 0.0171875
0 0.9796875 0.3390625 0.015625 0.021875
0 0.35859375 0.3546875 0.0109375 0.0171875
0 0.77734375 0.26484375 0.0140625 0.0203125
0 0.4390625 0.4359375 0.01484375 0.021875
0 0.5546875 0.29375 0.01171875 0.01875
0 0.5578125 0.45234375 0.015625 0.0203125
0 0.50390625 0.2296875 0.009375 0.01484375
0 0.5828125 0.21875 0.01171875 0.01640625
0 0.9203125 0.40390625 0.01484375 0.0234375
0 0.5421875 0.22890625 0.009375 0.01640625
0 0.1703125 0.271875 0.0109375 0.01640625
0 0.8046875 0.27265625 0.0140625 0.0171875
0 0.25625 0.26953125 0.0109375 0.0171875
0 0.39140625 0.26875 0.009375 0.01328125
0 0.52734375 0.37578125 0.0140625 0.01875
0 0.09609375 0.365625 0.0125 0.021875
0 0.03203125 0.29453125 0.009375 0.0171875
0 0.21953125 0.26875 0.009375 0.01640625
0 0.95546875 0.478125 0.01875 0.03046875
0 0.6375 0.50546875 0.01640625 0.025
0 0.08359375 0.33203125 0.0125 0.0203125
0 0.16484375 0.34296875 0.01171875 0.01875
0 0.14609375 0.26953125 0.0109375 0.0171875
0 0.5171875 0.4890625 0.015625 0.0234375
0 0.596875 0.3546875 0.0125 0.0171875
0 0.25625 0.5234375 0.01640625 0.028125
0 0.05390625 0.3046875 0.009375 0.0171875
0 0.09296875 0.265625 0.0109375 0.01640625
0 0.0453125 0.265625 0.009375 0.01640625
0 0.40703125 0.21953125 0.00859375 0.01484375
0 0.1375 0.2859375 0.0109375 0.01875
0 0.7171875 0.590625 0.015625 0.025
0 0.38203125 0.2328125 0.009375 0.01484375
0 0.42265625 0.7125 0.021875 0.03359375
0 0.4421875 0.47734375 0.01484375 0.0234375
0 0.353125 0.33125 0.0109375 0.01875
0 0.20234375 0.29296875 0.0109375 0.0171875
0 0.41484375 0.33203125 0.01171875 0.0171875
0 0.21796875 0.2046875 0.00703125 0.01484375
0 0.1265625 0.6734375 0.0234375 0.040625
0 0.01640625 0.265625 0.0109375 0.01640625
0 0.05546875 0.2828125 0.0109375 0.0171875
0 0.01875 0.29296875 0.0109375 0.0171875
0 0.86875 0.28359375 0.0125 0.021875
0 0.28203125 0.53046875 0.01875 0.028125
0 0.44453125 0.2546875 0.009375 0.01484375
0 0.89609375 0.2796875 0.01484375 0.0203125
0 0.68046875 0.40703125 0.01484375 0.0203125
0 0.5203125 0.44296875 0.0140625 0.021875
0 0.34140625 0.2828125 0.0109375 0.0171875
0 0.16875 0.32109375 0.01171875 0.021875
0 0.53203125 0.3078125 0.01171875 0.0171875
0 0.37734375 0.6296875 0.0203125 0.03515625
0 0.50234375 0.43984375 0.0125 0.025
0 0.55546875 0.25078125 0.0109375 0.01875
0 0.571875 0.3296875 0.0125 0.0203125
0 0.3921875 0.3671875 0.01171875 0.0171875
0 0.978125 0.984375 0.0390625 0.028125
0 0.12890625 0.24453125 0.009375 0.0171875
0 0.5015625 0.3046875 0.0109375 0.0171875
0 0.2046875 0.40078125 0.0140625 0.025
0 0.28046875 0.2046875 0.00703125 0.01171875
0 0.24296875 0.2046875 0.00703125 0.01171875
0 0.8328125 0.33203125 0.0140625 0.0203125
0 0.315625 0.3671875 0.0125 0.0203125
0 0.44140625 0.55234375 0.0171875 0.028125
0 0.57734375 0.3078125 0.0140625 0.0171875
0 0.66015625 0.39609375 0.0140625 0.025
0 0.68828125 0.3859375 0.0140625 0.021875
0 0.37890625 0.50625 0.0140625 0.0234375
0 0.1296875 0.9 0.0328125 0.0484375
0 0.18046875 0.4359375 0.01640625 0.028125
0 0.675 0.6203125 0.01953125 0.028125
0 0.615625 0.30078125 0.01171875 0.01875
0 0.00625 0.2796875 0.0109375 0.0171875
0 0.346875 0.42109375 0.01484375 0.021875
0 0.4171875 0.37578125 0.0140625 0.01875
0 0.465625 0.44296875 0.0125 0.021875
0 0.7796875 0.615625 0.0171875 0.025
0 0.68046875 0.2546875 0.0109375 0.0171875
0 0.15703125 0.38984375 0.0140625 0.0203125
0 0.16171875 0.6375 0.02421875 0.03984375
0 0.6359375 0.2859375 0.0140625 0.01875
0 0.3046875 0.29296875 0.009375 0.0171875
0 0.32734375 0.3328125 0.01171875 0.01875
0 0.31796875 0.290625 0.0109375 0.01640625
0 0.49140625 0.40703125 0.0140625 0.0203125
0 0.28203125 0.3046875 0.0109375 0.0171875
0 0.178125 0.378125 0.0125 0.021875
0 0.2328125 0.3078125 0.009375 0.0171875
0 0.64609375 0.378125 0.0125 0.021875
0 0.2453125 0.31796875 0.0109375 0.0171875
0 0.51796875 0.23046875 0.00859375 0.01640625
0 0.43125 0.37890625 0.0125 0.0171875
0 0.34140625 0.5203125 0.01640625 0.025
0 0.4046875 0.315625 0.0109375 0.01640625
0 0.03203125 0.15546875 0.0078125 0.01171875
0 0.5421875 0.26484375 0.009375 0.0171875
0 0.92109375 0.29375 0.01484375 0.021875
0 0.80234375 0.37109375 0.0125 0.025
0 0.13046875 0.26484375 0.0109375 0.0171875
0 0.7421875 0.38203125 0.0140625 0.0171875
0 0.92734375 0.35625 0.01484375 0.025
0 0.4265625 0.3546875 0.01171875 0.0171875
0 0.61875 0.2765625 0.0125 0.0171875
0 0.3578125 0.26484375 0.0109375 0.0171875
0 0.2421875 0.2828125 0.009375 0.0171875
0 0.63984375 0.63046875 0.01875 0.028125
0 0.6234375 0.4390625 0.01484375 0.0203125
0 0.59453125 0.4390625 0.0140625 0.0203125
0 0.3390625 0.74375 0.021875 0.040625
0 0.40703125 0.23984375 0.009375 0.0171875