0 0.2453125 0.85703125 0.0265625 0.03671875
0 0.1609375 0.946875 0.02734375 0.03515625
0 0.39296875 0.82578125 0.02265625 0.0234375
0 0.45703125 0.9015625 0.0234375 0.0328125
0 0.49375 0.86796875 0.02421875 0.0328125
0 0.5796875 0.63125 0.0140625 0.02109375
0 0.53125 0.65390625 0.0140625 0.02109375
0 0.11015625 0.97890625 0.03203125 0.0390625
0 0.84765625 0.66796875 0.015625 0.0234375
0 0.425 0.63125 0.0140625 0.01953125
0 0.6859375 0.68125 0.0140625 0.021875
0 0.44609375 0.6453125 0.01171875 0.01953125
0 0.69296875 0.5953125 0.0125 0.02109375
0 0.853125 0.5796875 0.0109375 0.01796875
0 0.528125 0.6234375 0.0140625 0.01796875
0 0.45625 0.6328125 0.01171875 0.01796875
0 0.83046875 0.58046875 0.0125 0.01796875
0 0.36640625 0.61796875 0.009375 0.0140625
0 0.1765625 0.91328125 0.025 0.0328125
0 0.4359375 0.6109375 0.0109375 0.015625
0 0.784375 0.65625 0.0140625 0.01796875
0 0.478125 0.92265625 0.02265625 0.025
0 0.38984375 0.63203125 0.0125 0.01953125
0 0.7046875 0.67578125 0.0140625 0.02578125
0 0.35625 0.64453125 0.009375 0.015625
0 0.75390625 0.51953125 0.0078125 0.01015625
0 0.2953125 0.84375 0.01484375 0.03125
0 0.81015625 0.55078125 0.0109375 0.015625
0 0.8078125 0.53046875 0.00859375 0.01171875
0 0.54375 0.51796875 0.00625 0.0078125
0 0.1546875 0.63125 0.0078125 0.01171875
0 0.7421875 0.5296875 0.0078125 0.0078125
0 0.49375 0.9484375 0.02734375 0.03515625
0 0.5171875 0.5171875 0.00625 0.00625
0 0.16796875 0.69375 0.0078125 0.01171875
0 0.82734375 0.56015625 0.0109375 0.015625
0 0.8671875 0.56875 0.009375 0.0140625
0 0.3703125 0.5703125 0.009375 0.01328125
0 0.23046875 0.63125 0.0078125 0.01171875
0 0.16328125 0.7125 0.0078125 0.01328125
0 0.3296875 0.61875 0.0078125 0.01171875
0 0.50703125 0.55625 0.0078125 0.01171875
0 0.83046875 0.4921875 0.00703125 0.0078125
0 0.19140625 0.69296875 0.0078125 0.01015625
0 0.25390625 0.68125 0.0078125 0.01171875