1 0.49375 0.82890625 0.01953125 0.02890625
1 0.684375 0.82109375 0.01640625 0.02890625
1 0.5265625 0.8296875 0.0203125 0.03046875
1 0.4015625 0.8890625 0.01875 0.02890625
1 0.30078125 0.76875 0.03125 0.0640625
1 0.8921875 0.784375 0.06640625 0.10390625
1 0.33515625 0.90859375 0.01640625 0.03046875
1 0.459375 0.80546875 0.015625 0.0265625
1 0.56484375 0.72109375 0.01875 0.03046875
1 0.47734375 0.753125 0.01953125 0.03359375
1 0.31171875 0.82421875 0.01875 0.03203125
1 0.41953125 0.95234375 0.03203125 0.06328125
1 0.7734375 0.72421875 0.01953125 0.03046875
1 0.2109375 0.8359375 0.01953125 0.03203125
1 0.91328125 0.7484375 0.0203125 0.02890625
1 0.47578125 0.8921875 0.0234375 0.03359375
1 0.5171875 0.73359375 0.0234375 0.03515625
1 0.1078125 0.95390625 0.02265625 0.03359375
1 0.453125 0.93359375 0.0171875 0.028125
1 0.56796875 0.903125 0.034375 0.07890625
1 0.334375 0.72109375 0.01875 0.025
1 0.57421875 0.6765625 0.03515625 0.0671875
1 0.415625 0.73984375 0.0171875 0.025
1 0.4203125 0.934375 0.01953125 0.0265625
1 0.61875 0.96015625 0.01640625 0.02890625
1 0.259375 0.884375 0.01640625 0.02890625
1 0.71328125 0.3953125 0.03046875 0.0703125
1 0.1515625 0.94921875 0.021875 0.03359375
1 0.57109375 0.90078125 0.01875 0.03203125
1 0.390625 0.82734375 0.0171875 0.0265625
1 0.60078125 0.71015625 0.015625 0.0203125
1 0.4671875 0.86875 0.02734375 0.03359375
1 0.21875 0.7375 0.0171875 0.028125
1 0.30078125 0.75 0.0171875 0.0265625
1 0.478125 0.76328125 0.03203125 0.06328125
1 0.725 0.928125 0.01640625 0.03203125
1 0.3390625 0.9265625 0.0359375 0.0640625
1 0.525 0.85234375 0.03984375 0.07578125
1 0.1125 0.66015625 0.0171875 0.0234375
1 0.62265625 0.496875 0.01484375 0.0171875
1 0.6421875 0.5109375 0.01875 0.02109375
1 0.66953125 0.51328125 0.01796875 0.015625
1 0.703125 0.5203125 0.0125 0.021875
1 0.73828125 0.53671875 0.01484375 0.01484375
1 0.77265625 0.5375 0.0125 0.015625
1 0.48515625 0.53046875 0.01171875 0.0140625
1 0.5109375 0.5359375 0.01328125 0.01484375
1 0.54140625 0.5203125 0.0125 0.01796875
1 0.509375 0.5 0.0109375 0.015625
1 0.44921875 0.5109375 0.01328125 0.015625
1 0.4734375 0.49140625 0.01171875 0.0171875
1 0.4796875 0.51796875 0.0140625 0.01484375
1 0.57578125 0.49921875 0.01484375 0.0140625
1 0.51796875 0.67734375 0.0140625 0.0203125
1 0.49921875 0.65546875 0.015625 0.0203125
1 0.47109375 0.68671875 0.0171875 0.025
1 0.43203125 0.70625 0.015625 0.01875
1 0.40859375 0.678125 0.01484375 0.01796875
1 0.353125 0.67890625 0.0140625 0.02109375
1 0.32734375 0.6578125 0.015625 0.02109375
1 0.3171875 0.71171875 0.01484375 0.02265625
1 0.37421875 0.65078125 0.01328125 0.02109375
1 0.41796875 0.6265625 0.015625 0.02421875
1 0.44765625 0.6390625 0.01640625 0.02578125
1 0.475 0.64296875 0.01484375 0.021875
1 0.26796875 0.98359375 0.01875 0.03046875
1 0.3 0.98828125 0.01796875 0.0234375
1 0.515625 0.93203125 0.015625 0.025
1 0.5390625 0.92265625 0.01640625 0.02890625
1 0.4453125 0.8640625 0.0125 0.03203125
1 0.41953125 0.81796875 0.015625 0.0265625
1 0.21484375 0.9171875 0.02421875 0.03125
1 0.16484375 0.90234375 0.01953125 0.025
1 0.0765625 0.95625 0.021875 0.03359375
1 0.184375 0.95546875 0.015625 0.0375
1 0.359375 0.79296875 0.01953125 0.02734375
1 0.38203125 0.78125 0.02109375 0.02734375
1 0.52578125 0.76953125 0.02109375 0.0296875
1 0.56171875 0.76328125 0.0171875 0.03046875
1 0.5578125 0.82578125 0.01796875 0.028125
1 0.59296875 0.81484375 0.015625 0.025
1 0.609375 0.87421875 0.015625 0.0234375