0 0.7765625 0.15390625 0.01953125 0.03125
0 0.965625 0.35703125 0.04375 0.0546875
0 0.696875 0.31875 0.0296875 0.04140625
0 0.490625 0.071875 0.01484375 0.025
0 0.415625 0.0578125 0.0140625 0.021875
0 0.39609375 0.0578125 0.0125 0.021875
0 0.3359375 0.2390625 0.02734375 0.040625
0 0.74375 0.165625 0.0203125 0.03515625
0 0.5703125 0.85625 0.078125 0.11875
0 0.975 0.1921875 0.03046875 0.03515625
0 0.56171875 0.13671875 0.0171875 0.03125
0 0.46796875 0.1546875 0.01875 0.02890625
0 0.9859375 0.225 0.0265625 0.0375
0 0.4671875 0.8375 0.0734375 0.09921875
0 0.26640625 0.16328125 0.0171875 0.0296875
0 0.91328125 0.1328125 0.025 0.03671875
0 0.6203125 0.1328125 0.02265625 0.03359375
0 0.84453125 0.071875 0.01953125 0.0296875
0 0.025 0.33203125 0.02734375 0.03671875
0 0.64921875 0.2453125 0.0265625 0.04296875
0 0.43984375 0.6203125 0.05546875 0.08203125
0 0.296875 0.14921875 0.01953125 0.0296875
0 0.6796875 0.1609375 0.025 0.0375
0 0.390625 0.29296875 0.03125 0.04921875
0 0.77421875 0.30625 0.03125 0.04296875
0 0.571875 0.0421875 0.0140625 0.021875
0 0.44140625 0.0171875 0.0140625 0.01953125
0 0.61015625 0.0796875 0.015625 0.025
0 0.22578125 0.12578125 0.02265625 0.0328125
0 0.39296875 0.571875 0.05390625 0.0765625
0 0.31484375 0.0484375 0.0125 0.0234375
0 0.596875 0.0671875 0.01484375 0.021875
0 0.3390625 0.19921875 0.02265625 0.03125
0 0.38203125 0.165625 0.0171875 0.0296875
0 0.8125 0.0796875 0.0171875 0.0296875
0 0.33671875 0.16796875 0.0203125 0.02578125
0 0.36015625 0.16953125 0.021875 0.02578125
0 0.1546875 0.1046875 0.015625 0.025
0 0.5328125 0.07578125 0.01484375 0.0234375
0 0.88984375 0.9234375 0.08671875 0.12734375
0 0.359375 0.03515625 0.01171875 0.01796875
0 0.5078125 0.01953125 0.0140625 0.02109375
0 0.55 0.08671875 0.01484375 0.025
0 0.60625 0.0125 0.0125 0.01953125
0 0.5546875 0.0359375 0.0140625 0.01953125
0 0.2109375 0.34453125 0.02734375 0.0328125
0 0.3359375 0.0375 0.0140625 0.01953125
0 0.509375 0.0484375 0.01484375 0.02109375
0 0.071875 0.1015625 0.01484375 0.02109375
0 0.28671875 0.11328125 0.01484375 0.02578125
0 0.20625 0.1421875 0.0171875 0.02578125
0 0.66875 0.02890625 0.0140625 0.0234375
0 0.8015625 0.0203125 0.015625 0.021875
0 0.36328125 0.0796875 0.015625 0.0234375
0 0.41875 0.01796875 0.0125 0.01796875
0 0.3875 0.0375 0.0125 0.01953125
0 0.84453125 0.03125 0.0171875 0.02578125
0 0.85234375 0.19765625 0.03046875 0.03359375
0 0.23125 0.4015625 0.0203125 0.02734375
0 0.11484375 0.103125 0.01640625 0.025
0 0.56875 0.00859375 0.0125 0.0171875
0 0.78359375 0.0203125 0.01484375 0.021875
0 0.3953125 0.1375 0.01953125 0.0296875
0 0.0765625 0.05625 0.01484375 0.01796875
0 0.440625 0.040625 0.0125 0.01953125
0 0.1203125 0.02265625 0.01484375 0.021875
0 0.4828125 0.00703125 0.0140625 0.0140625
0 0.29296875 0.04453125 0.01171875 0.02109375
0 0.4140625 0.09140625 0.015625 0.02109375
0 0.046875 0.04453125 0.015625 0.02109375
0 0.0203125 0.0703125 0.015625 0.0234375
0 0.0890625 0.0796875 0.01640625 0.02578125
0 0.46796875 0.05546875 0.0125 0.01953125
0 0.10703125 0.00703125 0.01484375 0.0140625
0 0.43671875 0.0609375 0.0125 0.02109375
0 0.35234375 0.06328125 0.0140625 0.01953125
0 0.346875 0.0125 0.0140625 0.01953125
0 0.040625 0.06875 0.01640625 0.025
0 0.37578125 0.1015625 0.015625 0.0234375
0 0.290625 0.08671875 0.0140625 0.01953125
0 0.58671875 0.0390625 0.0140625 0.0234375
0 0.528125 0.00703125 0.0125 0.0140625
0 0.32734375 0.0171875 0.0140625 0.01953125
0 0.10234375 0.0390625 0.01484375 0.02109375
0 0.584375 0.01171875 0.01171875 0.01796875
0 0.70546875 0.2546875 0.02265625 0.0328125
0 0.86640625 0.0046875 0.01484375 0.009375
0 0.4546875 0.0421875 0.01171875 0.01953125
0 0.57734375 0.096875 0.01640625 0.01953125
0 0.3078125 0.0078125 0.0140625 0.015625
0 0.1078125 0.06640625 0.01484375 0.0234375
0 0.3421875 0.1203125 0.015625 0.025
0 0.0515625 0.00546875 0.015625 0.01015625
0 0.81328125 0.046875 0.01640625 0.02578125