1 0.44609375 0.5796875 0.0703125 0.1484375
1 0.6671875 0.83515625 0.10859375 0.228125
1 0.0796875 0.734375 0.0703125 0.1609375
1 0.2859375 0.74296875 0.10078125 0.225
1 0.38046875 0.77890625 0.08125 0.18828125
1 0.89375 0.8984375 0.1359375 0.1921875
1 0.77734375 0.93203125 0.1171875 0.12890625
1 0.575 0.8203125 0.08671875 0.21015625
1 0.75703125 0.6328125 0.053125 0.11796875
1 0.49140625 0.64296875 0.0453125 0.1046875
1 0.65390625 0.4078125 0.03203125 0.06875
1 0.259375 0.81171875 0.15234375 0.3625
1 0.8859375 0.634375 0.06875 0.1234375
1 0.38125 0.83984375 0.14375 0.31015625
1 0.7390625 0.490625 0.04375 0.08359375
1 0.0765625 0.37265625 0.03203125 0.0671875
1 0.65703125 0.63515625 0.05390625 0.103125
1 0.26953125 0.59296875 0.053125 0.103125
1 0.4515625 0.7484375 0.1046875 0.48515625
1 0.7078125 0.640625 0.05078125 0.13203125
1 0.6515625 0.5125 0.05078125 0.1046875
1 0.528125 0.95078125 0.0859375 0.090625
1 0.37734375 0.56484375 0.04375 0.09453125
1 0.12421875 0.95078125 0.13203125 0.090625
1 0.6921875 0.43984375 0.02734375 0.0578125
1 0.81953125 0.7390625 0.08671875 0.2140625
1 0.1359375 0.49609375 0.03203125 0.06171875
1 0.790625 0.81015625 0.1546875 0.3546875
1 0.16796875 0.39609375 0.03125 0.0671875
1 0.96015625 0.7796875 0.0703125 0.16484375
1 0.61875 0.6953125 0.09375 0.1234375
1 0.546875 0.48828125 0.0234375 0.05234375
1 0.10078125 0.81484375 0.1421875 0.33671875
1 0.8015625 0.5328125 0.0359375 0.090625
1 0.58203125 0.5875 0.04296875 0.0921875
1 0.234375 0.3953125 0.03125 0.0578125
1 0.0171875 0.73671875 0.034375 0.1578125
1 0.64453125 0.55 0.0859375 0.1828125
1 0.6140625 0.95546875 0.10625 0.08125
1 0.49921875 0.65859375 0.9859375 0.6578125
1 0.01640625 0.3921875 0.0328125 0.10703125
1 0.771875 0.4578125 0.028125 0.05625
1 0.78359375 0.5546875 0.03828125 0.08671875
1 0.20390625 0.39140625 0.025 0.0578125
1 0.5265625 0.4828125 0.0234375 0.0453125
1 0.49375 0.56328125 0.034375 0.07265625
1 0.88515625 0.69140625 0.0734375 0.2375
1 0.08125 0.49609375 0.05859375 0.31484375
1 0.765625 0.57265625 0.0484375 0.08359375
1 0.2609375 0.42265625 0.03046875 0.06015625
1 0.5015625 0.7296875 0.06875 0.2828125
1 0.26484375 0.3765625 0.0265625 0.046875
1 0.24921875 0.69765625 0.09453125 0.3078125
1 0.03125 0.37109375 0.02734375 0.07265625
1 0.62578125 0.4546875 0.02734375 0.06171875
1 0.13125 0.43671875 0.02734375 0.04375
1 0.3828125 0.60703125 0.06640625 0.18125
1 0.56171875 0.64140625 0.05 0.06484375
1 0.521875 0.415625 0.01875 0.034375
1 0.4265625 0.3953125 0.02421875 0.03984375
1 0.140625 0.60390625 0.05859375 0.27734375
1 0.303125 0.3734375 0.03984375 0.0546875
1 0.84921875 0.39296875 0.01875 0.03984375
1 0.65390625 0.43984375 0.0578125 0.134375
1 0.2359375 0.4375 0.05 0.14296875
1 0.8 0.41484375 0.0203125 0.0359375
1 0.69375 0.7515625 0.06875 0.16328125
1 0.88671875 0.47890625 0.03125 0.18671875
1 0.0953125 0.44453125 0.0234375 0.04921875
1 0.55390625 0.6796875 0.05078125 0.07265625
1 0.9390625 0.384375 0.01640625 0.0359375
1 0.5734375 0.51640625 0.02265625 0.046875
1 0.953125 0.38828125 0.0171875 0.034375
1 0.940625 0.48359375 0.03515625 0.225
1 0.171875 0.53984375 0.0859375 0.365625
1 0.721875 0.5625 0.03984375 0.06015625
1 0.9109375 0.39609375 0.0203125 0.03828125
1 0.42109375 0.42265625 0.03984375 0.09609375
1 0.0296875 0.82578125 0.059375 0.33671875
1 0.5546875 0.40546875 0.01953125 0.03984375
1 0.84921875 0.4734375 0.0359375 0.19375
1 0.7125 0.45 0.02265625 0.05234375
1 0.5390625 0.54375 0.05859375 0.1703125