1 0.5671875 0.7375 0.04609375 0.078125
1 0.659375 0.86796875 0.053125 0.10078125
1 0.4859375 0.8890625 0.1265625 0.21328125
1 0.66796875 0.8921875 0.1265625 0.20703125
1 0.26640625 0.4828125 0.0390625 0.0609375
1 0.36796875 0.7796875 0.046875 0.0828125
1 0.2390625 0.6734375 0.0390625 0.07421875
1 0.1703125 0.803125 0.04296875 0.0828125
1 0.39375 0.72890625 0.03828125 0.07109375
1 0.75 0.7640625 0.0390625 0.07265625
1 0.19921875 0.4921875 0.0328125 0.06328125
1 0.3109375 0.728125 0.08125 0.3578125
1 0.475 0.83671875 0.065625 0.1078125
1 0.10859375 0.33984375 0.028125 0.04296875
1 0.2 0.58359375 0.0796875 0.246875
1 0.3703125 0.575 0.04296875 0.06953125
1 0.66015625 0.55078125 0.03515625 0.06640625
1 0.37578125 0.6453125 0.07734375 0.21015625
1 0.15078125 0.87890625 0.11015625 0.23359375
1 0.7078125 0.51640625 0.03203125 0.05625
1 0.21484375 0.83828125 0.12109375 0.30625
1 0.36953125 0.91171875 0.0515625 0.10234375
1 0.65625 0.64140625 0.0390625 0.06640625
1 0.51640625 0.578125 0.05 0.0796875
1 0.259375 0.41640625 0.0359375 0.0578125
1 0.69921875 0.60234375 0.03515625 0.06484375
1 0.1078125 0.4671875 0.06640625 0.3015625
1 0.46171875 0.53046875 0.0453125 0.07578125
1 0.37578125 0.928125 0.07890625 0.134375
1 0.1890625 0.73046875 0.06328125 0.09140625
1 0.33203125 0.85 0.0484375 0.084375
1 0.07734375 0.715625 0.0484375 0.0796875
1 0.3171875 0.90078125 0.08671875 0.1890625
1 0.58125 0.55078125 0.04609375 0.07578125
1 0.45234375 0.33984375 0.025 0.0484375
1 0.503125 0.34375 0.0265625 0.03984375
1 0.41328125 0.4984375 0.790625 0.98515625
1 0.628125 0.4796875 0.03203125 0.0609375
1 0.04296875 0.78046875 0.05078125 0.08125
1 0.6 0.27109375 0.02734375 0.04140625
1 0.2875 0.35078125 0.0296875 0.04453125
1 0.54375 0.27109375 0.034375 0.0515625
1 0.60078125 0.3609375 0.06328125 0.221875
1 0.3140625 0.58828125 0.0453125 0.07578125
1 0.45078125 0.459375 0.03828125 0.06953125
1 0.95234375 0.6078125 0.03125 0.07109375
1 0.5171875 0.61328125 0.0671875 0.15234375
1 0.415625 0.340625 0.03125 0.05
1 0.73359375 0.6625 0.084375 0.17421875
1 0.49453125 0.76328125 0.059375 0.0796875
1 0.1578125 0.6046875 0.0453125 0.07109375
1 0.56953125 0.82421875 0.078125 0.278125
1 0.7078125 0.7828125 0.05625 0.07109375
1 0.7328125 0.6140625 0.04609375 0.0765625
1 0.26484375 0.97265625 0.07109375 0.0484375
1 0.6265625 0.7828125 0.0484375 0.10390625
1 0.35 0.4515625 0.040625 0.06640625
1 0.26484375 0.5828125 0.06875 0.26328125
1 0.40546875 0.434375 0.0359375 0.0609375
1 0.75625 0.825 0.07890625 0.2203125
1 0.584375 0.59921875 0.06953125 0.171875
1 0.678125 0.40859375 0.03515625 0.053125
1 0.4171875 0.26171875 0.025 0.03828125
1 0.146875 0.18125 0.02265625 0.03984375
1 0.08984375 0.2375 0.040625 0.17578125
1 0.46484375 0.6953125 0.05859375 0.0890625
1 0.25859375 0.45546875 0.075 0.1390625
1 0.28125 0.25703125 0.0234375 0.04140625
1 0.1640625 0.42578125 0.0390625 0.06796875
1 0.146875 0.26171875 0.05078125 0.20390625
1 0.68984375 0.7203125 0.0515625 0.09140625
1 0.34609375 0.25703125 0.02265625 0.03828125
1 0.653125 0.57890625 0.07109375 0.12578125
1 0.50078125 0.4234375 0.0640625 0.2
1 0.79765625 0.75234375 0.028125 0.07578125
1 0.5734375 0.7046875 0.0890625 0.14609375
1 0.475 0.85234375 0.04609375 0.07421875
1 0.653125 0.67421875 0.06875 0.1390625
1 0.6359375 0.271875 0.0234375 0.03828125
1 0.746875 0.4765625 0.0296875 0.05
1 0.2265625 0.25703125 0.0234375 0.04140625
1 0.7078125 0.53671875 0.06953125 0.10390625
1 0.4515625 0.375 0.046875 0.12265625
1 0.51328125 0.69375 0.03984375 0.06484375
1 0.56171875 0.46875 0.0328125 0.05625
1 0.5046875 0.25078125 0.02265625 0.03671875
1 0.4609375 0.62421875 0.0546875 0.07421875
1 0.66875 0.50078125 0.04765625 0.06328125
1 0.375 0.81796875 0.06875 0.159375
1 0.278125 0.3046875 0.05078125 0.1359375
1 0.20234375 0.37578125 0.065625 0.1984375
1 0.31328125 0.59765625 0.0296875 0.04765625
1 0.1609375 0.48125 0.06171875 0.17890625
1 0.20234375 0.296875 0.02421875 0.03984375
1 0.31953125 0.29375 0.025 0.0484375
1 0.346875 0.27734375 0.03828125 0.08125
1 0.4609375 0.578125 0.084375 0.171875
1 0.675 0.4375 0.05546875 0.1109375
1 0.346875 0.35859375 0.0671875 0.12890625
1 0.4890625 0.29609375 0.0375 0.05625
1 0.69296875 0.3375 0.06171875 0.228125
1 0.159375 0.659375 0.078125 0.17890625
1 0.6625 0.8234375 0.0625 0.06953125
1 0.18046875 0.24375 0.02421875 0.03828125
1 0.47578125 0.4625 0.028125 0.0546875
1 0.54375 0.35703125 0.0484375 0.2234375
1 0.0890625 0.16640625 0.01953125 0.03125
1 0.7828125 0.659375 0.040625 0.078125
1 0.49375 0.77109375 0.03515625 0.05625
1 0.35859375 0.19765625 0.025 0.04296875
1 0.35390625 0.51015625 0.06953125 0.18359375
1 0.10234375 0.6625 0.05546875 0.0828125
1 0.41640625 0.30234375 0.04765625 0.11953125
1 0.35 0.31796875 0.03125 0.04765625
1 0.95625 0.68125 0.04296875 0.078125
1 0.40390625 0.48203125 0.0734375 0.15703125
1 0.3890625 0.3890625 0.0390625 0.05625
1 0.39765625 0.76328125 0.0515625 0.1390625
1 0.0421875 0.21953125 0.034375 0.1671875
1 0.0453125 0.1265625 0.02265625 0.034375
1 0.19453125 0.2109375 0.0234375 0.04296875
1 0.384375 0.32109375 0.028125 0.04453125
1 0.73984375 0.9609375 0.07890625 0.06953125
1 0.24453125 0.7265625 0.06171875 0.18046875
1 0.53125 0.53515625 0.0453125 0.0765625
1 0.28984375 0.40390625 0.0671875 0.15078125
1 0.18828125 0.26953125 0.025 0.04140625
1 0.31640625 0.51015625 0.0390625 0.0625
1 0.46328125 0.25 0.0265625 0.04453125
1 0.39765625 0.2015625 0.02421875 0.03984375
1 0.46171875 0.54140625 0.03203125 0.04765625
1 0.696875 0.23828125 0.0234375 0.0328125
1 0.1125 0.72734375 0.0828125 0.21171875
1 0.0890625 0.16875 0.028125 0.04453125
1 0.33671875 0.8640625 0.034375 0.053125