0 0.4296875 0.19765625 0.025 0.0390625
0 0.83046875 0.4609375 0.04375 0.06796875
0 0.425 0.3015625 0.0265625 0.04296875
0 0.821875 0.1421875 0.0296875 0.04453125
0 0.8078125 0.22265625 0.02734375 0.04140625
0 0.3703125 0.19375 0.0296875 0.04453125
0 0.4984375 0.2640625 0.03203125 0.04921875
0 0.7421875 0.2421875 0.03125 0.04453125
0 0.64609375 0.1078125 0.02421875 0.0375
0 0.7625 0.13203125 0.028125 0.040625
0 0.66484375 0.459375 0.04296875 0.06484375
0 0.165625 0.0125 0.01875 0.025
0 0.33046875 0.06875 0.02265625 0.03359375
0 0.63203125 0.20078125 0.0375 0.0546875
0 0.12578125 0.24296875 0.03515625 0.0453125
0 0.2625 0.2390625 0.03125 0.04296875
0 0.2765625 0.06640625 0.01953125 0.03125
0 0.978125 0.625 0.0421875 0.09375
0 0.58359375 0.115625 0.0265625 0.0390625
0 0.9265625 0.0140625 0.01953125 0.02734375
0 0.20625 0.29375 0.03046875 0.0453125
0 0.3109375 0.18671875 0.0234375 0.0328125
0 0.0359375 0.3609375 0.02734375 0.0390625
0 0.34375 0.04296875 0.0171875 0.02578125
0 0.9359375 0.3421875 0.0421875 0.0625
0 0.2875 0.0375 0.01875 0.025
0 0.3046875 0.23203125 0.03125 0.04453125
0 0.67734375 0.0171875 0.0203125 0.03125
0 0.08359375 0.05625 0.01640625 0.02734375
0 0.21328125 0.00625 0.0203125 0.0125
0 0.12421875 0.02421875 0.0171875 0.0296875
0 0.73984375 0.6375 0.0671875 0.1
0 0.971875 0.00625 0.021875 0.0125
0 0.325 0.00859375 0.0171875 0.0171875
0 0.99140625 0.1078125 0.01484375 0.03515625
0 0.4671875 0.00625 0.01875 0.01171875
0 0.275 0.0140625 0.01875 0.02578125
0 0.40703125 0.00625 0.0203125 0.01171875
0 0.946875 0.02578125 0.01953125 0.02890625
0 0.36953125 0.0125 0.01640625 0.025
0 0.64375 0.00625 0.0171875 0.01171875
0 0.85859375 0.06875 0.02265625 0.03125
0 0.10234375 0.053125 0.01953125 0.03125
0 0.08671875 0.01328125 0.0171875 0.02578125
0 0.14609375 0.0296875 0.01875 0.02578125
0 0.29296875 0.00625 0.0171875 0.0125
0 0.85859375 0.13125 0.02421875 0.03671875