0 0.42421875 0.8390625 0.03046875 0.0484375
0 0.78203125 0.959375 0.0375 0.06015625
0 0.63671875 0.7796875 0.03125 0.04921875
0 0.48359375 0.65703125 0.0171875 0.025
0 0.134375 0.7125 0.021875 0.0328125
0 0.10078125 0.7015625 0.02265625 0.0390625
0 0.62890625 0.54765625 0.0140625 0.021875
0 0.56875 0.5609375 0.0125 0.01953125
0 0.95 0.78046875 0.028125 0.0375
0 0.94453125 0.8203125 0.0296875 0.0390625
0 0.4890625 0.59453125 0.015625 0.021875
0 0.4625 0.834375 0.0296875 0.04921875
0 0.65390625 0.53203125 0.01484375 0.01953125
0 0.75625 0.59296875 0.01640625 0.025
0 0.23359375 0.49453125 0.01171875 0.015625
0 0.3421875 0.68125 0.01484375 0.01796875
0 0.42109375 0.60625 0.01484375 0.01953125
0 0.40703125 0.665625 0.015625 0.021875
0 0.36875 0.50625 0.0109375 0.01171875
0 0.77109375 0.64296875 0.0125 0.02578125
0 0.38125 0.66875 0.01640625 0.025
0 0.98359375 0.90390625 0.03046875 0.0625
0 0.4671875 0.49453125 0.00859375 0.01328125
0 0.5953125 0.5140625 0.0140625 0.02109375
0 0.60859375 0.5109375 0.0125 0.01953125
0 0.62890625 0.5140625 0.01171875 0.0171875
0 0.48125 0.49375 0.00859375 0.01328125
0 0.65703125 0.41796875 0.0078125 0.0078125
0 0.61796875 0.49375 0.00859375 0.0140625
0 0.7296875 0.43125 0.009375 0.01171875
0 0.59375 0.6625 0.0171875 0.0234375
0 0.3421875 0.50390625 0.00859375 0.01328125
0 0.4953125 0.4921875 0.0078125 0.01015625
0 0.7578125 0.61875 0.015625 0.01953125
0 0.51875 0.49765625 0.0109375 0.01328125
0 0.3671875 0.63671875 0.015625 0.01796875
0 0.690625 0.41796875 0.00703125 0.0078125
0 0.54375 0.47890625 0.00703125 0.01015625
0 0.63359375 0.49375 0.0109375 0.01328125