1 0.7734375 0.65859375 0.0875 0.16484375
1 0.4265625 0.5046875 0.0625 0.13359375
1 0.47734375 0.46015625 0.06484375 0.14296875
1 0.6640625 0.3234375 0.0625 0.1296875
1 0.6046875 0.375 0.0546875 0.125
1 0.24375 0.6359375 0.0921875 0.15625
1 0.5796875 0.70546875 0.08984375 0.1609375
1 0.7796875 0.47578125 0.0703125 0.1203125
1 0.4234375 0.75234375 0.0828125 0.14765625
1 0.38125 0.40390625 0.05234375 0.1203125
1 0.6671875 0.58671875 0.075 0.13828125
1 0.11640625 0.31953125 0.05234375 0.1203125
1 0.04375 0.6875 0.0671875 0.1515625
1 0.8765625 0.41484375 0.07265625 0.13359375
1 0.18515625 0.2390625 0.05 0.11171875
1 0.6609375 0.72734375 0.07734375 0.14296875
1 0.2765625 0.3859375 0.05234375 0.11171875
1 0.9359375 0.5828125 0.07734375 0.1296875
1 0.6359375 0.4953125 0.0578125 0.10703125
1 0.525 0.23671875 0.06015625 0.10703125
1 0.4609375 0.27421875 0.05234375 0.08515625
1 0.47890625 0.92890625 0.12265625 0.13359375
1 0.79609375 0.1296875 0.05234375 0.0890625
1 0.4984375 0.4953125 0.97265625 0.98203125
1 0.6703125 0.8234375 0.2046875 0.33515625
1 0.79375 0.72734375 0.17734375 0.30390625
1 0.7734375 0.38828125 0.0578125 0.0890625
1 0.32265625 0.1140625 0.05 0.10234375
1 0.2609375 0.77421875 0.19765625 0.4328125
1 0.37734375 0.046875 0.0453125 0.09375
1 0.5015625 0.5515625 0.12265625 0.32578125
1 0.1265625 0.52890625 0.12265625 0.53984375
1 0.3640625 0.4890625 0.1125 0.28984375
1 0.0796875 0.7984375 0.159375 0.384375
1 0.2875 0.2546875 0.0453125 0.0890625
1 0.43984375 0.609375 0.075 0.1203125
1 0.61484375 0.2140625 0.05 0.0890625
1 0.27265625 0.4890625 0.06015625 0.09375
1 0.4765625 0.08515625 0.04765625 0.0984375
1 0.38046875 0.0734375 0.0828125 0.146875
1 0.14140625 0.1921875 0.0421875 0.10703125
1 0.45625 0.36640625 0.04765625 0.0984375
1 0.64140625 0.95546875 0.1578125 0.08046875
1 0.6109375 0.45078125 0.1375 0.2765625
1 0.10390625 0.21875 0.04765625 0.0890625
1 0.4875 0.1296875 0.1046875 0.1875
1 0.39375 0.890625 0.0875 0.1203125
1 0.19375 0.36640625 0.1125 0.36640625
1 0.3984375 0.18515625 0.04765625 0.10234375
1 0.7234375 0.15625 0.0625 0.10703125
1 0.775 0.54921875 0.1296875 0.26796875
1 0.2578125 0.2390625 0.0453125 0.10234375
1 0.6859375 0.39921875 0.12265625 0.28125
1 0.0171875 0.58828125 0.034375 0.1171875
1 0.4640625 0.33671875 0.1171875 0.21015625
1 0.6859375 0.10078125 0.04765625 0.07578125
1 0.64765625 0.16953125 0.0546875 0.08046875
1 0.62734375 0.06015625 0.0453125 0.07578125
1 0.26015625 0.48671875 0.08515625 0.14296875
1 0.79765625 0.2234375 0.1296875 0.26796875
1 0.38359375 0.24296875 0.1125 0.21015625
1 0.54765625 0.03359375 0.03984375 0.0671875
1 0.93125 0.671875 0.12734375 0.3078125
1 0.21953125 0.03984375 0.0359375 0.0796875
1 0.82734375 0.94453125 0.1046875 0.10234375
1 0.8203125 0.4109375 0.0453125 0.10703125
1 0.5953125 0.14296875 0.05 0.0890625
1 0.56640625 0.75859375 0.1328125 0.26796875
1 0.78359375 0.4953125 0.09765625 0.16953125
1 0.22265625 0.96171875 0.08515625 0.0671875
1 0.5234375 0.27421875 0.07734375 0.1828125
1 0.36484375 0.18515625 0.0453125 0.09375
1 0.37109375 0.9640625 0.1078125 0.0625
1 0.5484375 0.09609375 0.0921875 0.1921875
1 0.90625 0.93984375 0.09765625 0.11171875
1 0.1453125 0.96015625 0.0953125 0.07109375
1 0.83515625 0.1140625 0.0546875 0.10234375
1 0.88359375 0.0515625 0.04765625 0.09375
1 0.4984375 0.19453125 0.04765625 0.08515625
1 0.4328125 0.57578125 0.16015625 0.2765625