0 0.3421875 0.0140625 0.015625 0.0234375
0 0.9 0.228125 0.0359375 0.053125
0 0.38046875 0.03046875 0.01875 0.025
0 0.60859375 0.04453125 0.01640625 0.02578125
0 0.396875 0.1 0.01484375 0.025
0 0.42734375 0.009375 0.0140625 0.01875
0 0.63203125 0.0328125 0.01484375 0.02578125
0 0.1375 0.18828125 0.021875 0.0328125
0 0.446875 0.05 0.01640625 0.025
0 0.5203125 0.08203125 0.0171875 0.02890625
0 0.725 0.04765625 0.01875 0.0296875
0 0.3484375 0.09375 0.0171875 0.02578125
0 0.2109375 0.15625 0.021875 0.03125
0 0.48125 0.09296875 0.01875 0.0296875
0 0.04375 0.13671875 0.0171875 0.02578125
0 0.3234375 0.08671875 0.015625 0.025
0 0.6765625 0.06875 0.01953125 0.0328125
0 0.37578125 0.10703125 0.015625 0.02578125
0 0.1734375 0.17890625 0.0203125 0.03515625
0 0.3921875 0.0734375 0.01484375 0.021875
0 0.28984375 0.04375 0.01484375 0.025
0 0.43203125 0.1109375 0.01640625 0.02578125
0 0.81015625 0.28828125 0.028125 0.0453125
0 0.82890625 0.02578125 0.0203125 0.03359375
0 0.34609375 0.0453125 0.01484375 0.021875
0 0.34453125 0.06796875 0.01640625 0.0234375
0 0.29609375 0.0953125 0.01640625 0.02578125
0 0.48125 0.0171875 0.01640625 0.02578125
0 0.6765625 0.0375 0.01953125 0.02578125
0 0.08359375 0.125 0.02265625 0.02578125
0 0.75078125 0.00703125 0.01875 0.0140625
0 0.3109375 0.03828125 0.01484375 0.021875
0 0.22109375 0.13046875 0.01875 0.02578125
0 0.89375 0.00625 0.015625 0.0125
0 0.0046875 0.08828125 0.00859375 0.02890625
0 0.665625 0.00625 0.015625 0.0125
0 0.42421875 0.084375 0.01640625 0.02578125
0 0.0140625 0.12890625 0.0171875 0.02578125
0 0.41171875 0.0078125 0.01484375 0.015625
0 0.6453125 0.00703125 0.01484375 0.0140625
0 0.06640625 0.0984375 0.0171875 0.025
0 0.54609375 0.05703125 0.0171875 0.02578125
0 0.978125 0.01171875 0.01875 0.0234375
0 0.9046875 0.025 0.01953125 0.025