1 0.62109375 0.89375 0.08828125 0.12734375
1 0.7828125 0.63203125 0.08671875 0.1296875
1 0.1171875 0.84140625 0.1 0.1515625
1 0.54375 0.653125 0.08984375 0.12265625
1 0.26171875 0.27578125 0.05703125 0.09140625
1 0.58671875 0.51015625 0.0625 0.1046875
1 0.86640625 0.76640625 0.08671875 0.14921875
1 0.83671875 0.55703125 0.0640625 0.12734375
1 0.3078125 0.63046875 0.1015625 0.1453125
1 0.24296875 0.453125 0.059375 0.0890625
1 0.4390625 0.62578125 0.07890625 0.12734375
1 0.72265625 0.59375 0.0625 0.125
1 0.32890625 0.2734375 0.05078125 0.09609375
1 0.64375 0.390625 0.05078125 0.08515625
1 0.47578125 0.56484375 0.07890625 0.1296875
1 0.37578125 0.91640625 0.1734375 0.15859375
1 0.471875 0.46640625 0.059375 0.08515625
1 0.13046875 0.74140625 0.11015625 0.125
1 0.59921875 0.61796875 0.07734375 0.11640625
1 0.4984375 0.496875 0.98984375 0.984375
1 0.3734375 0.28671875 0.04609375 0.0734375
1 0.22265625 0.91171875 0.1078125 0.16328125
1 0.63515625 0.2234375 0.04765625 0.07578125
1 0.3703125 0.54765625 0.0625 0.1140625
1 0.16484375 0.52109375 0.08359375 0.12734375
1 0.83984375 0.40078125 0.0703125 0.09140625
1 0.40546875 0.653125 0.0640625 0.09609375
1 0.30234375 0.69609375 0.2046875 0.2765625
1 0.76875 0.2546875 0.05234375 0.07109375
1 0.5390625 0.95390625 0.08515625 0.0828125
1 0.65234375 0.596875 0.059375 0.109375
1 0.02734375 0.18515625 0.04765625 0.08046875
1 0.53046875 0.35703125 0.04765625 0.07109375
1 0.3953125 0.35625 0.05546875 0.0828125
1 0.4734375 0.359375 0.059375 0.07109375
1 0.7296875 0.74453125 0.27578125 0.3546875
1 0.21953125 0.6359375 0.0953125 0.11171875
1 0.29765625 0.39375 0.04453125 0.0828125
1 0.3140625 0.50234375 0.0609375 0.11171875
1 0.35390625 0.84453125 0.07890625 0.09609375
1 0.52421875 0.534375 0.05546875 0.09140625
1 0.3734375 0.44453125 0.04296875 0.08046875
1 0.70234375 0.9171875 0.0640625 0.0890625
1 0.21640625 0.31015625 0.04296875 0.07109375
1 0.6625 0.91328125 0.18359375 0.16484375
1 0.27421875 0.53671875 0.07734375 0.1046875
1 0.91484375 0.38828125 0.05546875 0.09375
1 0.5640625 0.3171875 0.05546875 0.08515625
1 0.86484375 0.61015625 0.1265625 0.234375
1 0.9375 0.86171875 0.11796875 0.1515625
1 0.96875 0.546875 0.05546875 0.125
1 0.71015625 0.175 0.0390625 0.06015625
1 0.1421875 0.29375 0.04765625 0.06484375
1 0.73515625 0.38515625 0.0703125 0.078125
1 0.57421875 0.24921875 0.05703125 0.078125
1 0.6484375 0.46640625 0.0609375 0.07578125
1 0.04296875 0.8046875 0.08515625 0.19453125
1 0.6578125 0.315625 0.04453125 0.0734375
1 0.546875 0.44765625 0.05703125 0.0734375
1 0.715625 0.47578125 0.0734375 0.07578125
1 0.04453125 0.2578125 0.08828125 0.2296875
1 0.4625 0.28203125 0.06875 0.078125
1 0.1828125 0.3015625 0.040625 0.08046875
1 0.15546875 0.2421875 0.05546875 0.06015625
1 0.6078125 0.08515625 0.04296875 0.0578125
1 0.515625 0.190625 0.0375 0.06484375
1 0.8796875 0.28203125 0.04453125 0.08671875
1 0.47421875 0.20625 0.040625 0.06015625
1 0.7640625 0.1921875 0.059375 0.0671875
1 0.91171875 0.315625 0.05546875 0.078125
1 0.3515625 0.21953125 0.040625 0.0734375
1 0.86640625 0.484375 0.0703125 0.11171875
1 0.06171875 0.53203125 0.05703125 0.09609375
1 0.178125 0.44296875 0.0609375 0.08671875
1 0.415625 0.27890625 0.040625 0.07578125
1 0.72890625 0.42265625 0.05703125 0.06484375
1 0.27265625 0.29453125 0.08984375 0.13359375
1 0.18046875 0.3796875 0.06875 0.07109375
1 0.2921875 0.22578125 0.04296875 0.0671875
1 0.34453125 0.38515625 0.0625 0.078125
1 0.815625 0.18515625 0.034375 0.0578125
1 0.096875 0.28125 0.0359375 0.0625
1 0.9234375 0.09296875 0.040625 0.06015625
1 0.0234375 0.43046875 0.046875 0.0984375
1 0.3046875 0.12421875 0.04609375 0.05546875
1 0.790625 0.34609375 0.05078125 0.08046875
1 0.84921875 0.10625 0.0390625 0.06953125
1 0.95703125 0.59375 0.07890625 0.22734375
1 0.6984375 0.6453125 0.11171875 0.22734375
1 0.6046875 0.15703125 0.0390625 0.06484375
1 0.115625 0.16875 0.040625 0.046875
1 0.04765625 0.34296875 0.04296875 0.06484375
1 0.6625 0.09453125 0.0359375 0.0515625
1 0.48671875 0.71953125 0.05234375 0.06953125
1 0.4671875 0.1640625 0.0390625 0.0515625
1 0.8640625 0.1765625 0.0390625 0.0578125
1 0.21171875 0.25078125 0.0390625 0.06015625
1 0.69453125 0.3703125 0.05390625 0.08046875
1 0.70703125 0.1125 0.04453125 0.06953125
1 0.4734375 0.06328125 0.0328125 0.0515625
1 0.35703125 0.09453125 0.0359375 0.06015625
1 0.86640625 0.84140625 0.09375 0.30390625
1 0.4984375 0.1984375 0.98359375 0.3796875
1 0.25546875 0.3703125 0.05234375 0.0671875
1 0.10546875 0.40703125 0.04765625 0.08671875
1 0.62109375 0.29609375 0.05234375 0.06015625
1 0.31640625 0.66328125 0.07578125 0.08046875
1 0.6109375 0.628125 0.04765625 0.09140625
1 0.12265625 0.59921875 0.08828125 0.1453125
1 0.17578125 0.5390625 0.05546875 0.0828125