0 0.2453125 0.63828125 0.0125 0.0453125
0 0.10546875 0.703125 0.0171875 0.06328125
0 0.17734375 0.90703125 0.02265625 0.07421875
0 0.4234375 0.7703125 0.01953125 0.05078125
0 0.23671875 0.8421875 0.0203125 0.08203125
0 0.58515625 0.9640625 0.02734375 0.06640625
0 0.14609375 0.66484375 0.0125 0.0453125
0 0.4328125 0.71875 0.01640625 0.0421875
0 0.31875 0.64609375 0.01171875 0.03984375
0 0.2015625 0.578125 0.015625 0.0421875
0 0.15703125 0.63125 0.0125 0.0421875
0 0.12421875 0.9296875 0.0234375 0.06640625
0 0.46953125 0.8265625 0.01640625 0.0609375
0 0.73359375 0.83515625 0.01953125 0.06328125
0 0.6578125 0.84375 0.0203125 0.05859375
0 0.21953125 0.6328125 0.01171875 0.03984375
0 0.2296875 0.67890625 0.0140625 0.04765625
0 0.93203125 0.71875 0.01484375 0.053125
0 0.15859375 0.7171875 0.01875 0.0609375
0 0.48203125 0.7125 0.01484375 0.0609375
0 0.978125 0.66328125 0.01484375 0.053125
0 0.84375 0.56796875 0.0140625 0.03203125
0 0.0578125 0.59296875 0.0140625 0.05078125
0 0.2796875 0.809375 0.01953125 0.053125
0 0.7453125 0.6140625 0.01171875 0.03984375
0 0.30234375 0.66328125 0.01484375 0.04765625
0 0.56640625 0.8328125 0.0234375 0.07421875
0 0.678125 0.8140625 0.01953125 0.06328125
0 0.80546875 0.61171875 0.0140625 0.03984375
0 0.6375 0.796875 0.01875 0.06640625
0 0.60078125 0.6390625 0.015625 0.053125
0 0.3078125 0.56484375 0.0109375 0.03203125
0 0.3328125 0.86328125 0.021875 0.0609375
0 0.7 0.8234375 0.0171875 0.05546875
0 0.371875 0.61640625 0.01484375 0.05546875
0 0.84296875 0.62734375 0.0125 0.0453125
0 0.815625 0.55859375 0.0140625 0.03984375
0 0.7828125 0.8265625 0.0171875 0.05546875
0 0.56640625 0.709375 0.01953125 0.0609375
0 0.3109375 0.60625 0.0140625 0.034375
0 0.50078125 0.68984375 0.0203125 0.053125
0 0.61484375 0.67265625 0.01640625 0.071875
0 0.6359375 0.65546875 0.0140625 0.04765625
0 0.2625 0.60234375 0.0140625 0.053125
0 0.67578125 0.7125 0.015625 0.05546875
0 0.2796875 0.55859375 0.01171875 0.05078125
0 0.196875 0.53046875 0.0125 0.03203125
0 0.3328125 0.571875 0.01171875 0.034375
0 0.6953125 0.62890625 0.0140625 0.0375
0 0.32734375 0.68984375 0.01484375 0.04765625
0 0.6375 0.734375 0.01484375 0.0421875
0 0.0046875 0.62890625 0.009375 0.053125
0 0.884375 0.6140625 0.01484375 0.0453125
0 0.2875 0.6953125 0.01484375 0.053125
0 0.19375 0.62890625 0.0109375 0.053125
0 0.259375 0.77734375 0.0203125 0.06328125
0 0.78203125 0.71875 0.01484375 0.06328125
0 0.34375 0.5453125 0.0140625 0.03984375
0 0.95 0.66171875 0.0171875 0.05078125
0 0.1828125 0.58984375 0.0109375 0.03984375
0 0.246875 0.5890625 0.0140625 0.0421875
0 0.2828125 0.62578125 0.0140625 0.0421875
0 0.61328125 0.8765625 0.0234375 0.06640625
0 0.790625 0.61796875 0.01171875 0.03203125
0 0.2140625 0.6828125 0.0140625 0.03984375
0 0.4578125 0.69609375 0.0171875 0.05546875
0 0.9359375 0.878125 0.0296875 0.12734375
0 0.7265625 0.60078125 0.015625 0.05078125
0 0.803125 0.91796875 0.02421875 0.0796875
0 0.1234375 0.6828125 0.0140625 0.05078125
0 0.0453125 0.65 0.0140625 0.053125
0 0.23359375 0.5546875 0.0125 0.0375
0 0.99375 0.746875 0.009375 0.0609375
0 0.26796875 0.55703125 0.0109375 0.0421875
0 0.21953125 0.59140625 0.01171875 0.0375
0 0.8859375 0.690625 0.01484375 0.06640625
0 0.81953125 0.6671875 0.0140625 0.071875
0 0.2578125 0.5265625 0.009375 0.02890625
0 0.69296875 0.72578125 0.0125 0.05078125
0 0.4203125 0.9203125 0.0265625 0.08515625
0 0.0171875 0.73203125 0.01953125 0.053125
0 0.7796875 0.5765625 0.01171875 0.03984375
0 0.909375 0.9234375 0.0171875 0.0796875
0 0.290625 0.58515625 0.01171875 0.0453125
0 0.5015625 0.903125 0.0234375 0.071875
0 0.853125 0.7703125 0.01875 0.06640625
0 0.38984375 0.6828125 0.015625 0.0609375
0 0.7390625 0.54140625 0.01171875 0.03203125
0 0.5109375 0.84765625 0.0203125 0.05546875
0 0.915625 0.70859375 0.01171875 0.0421875
0 0.80390625 0.8421875 0.02265625 0.0609375
0 0.8453125 0.68828125 0.01484375 0.0609375
0 0.3296875 0.6328125 0.01171875 0.05078125
0 0.5828125 0.578125 0.015625 0.053125
0 0.3328125 0.9546875 0.03515625 0.07421875
0 0.93125 0.66015625 0.0125 0.05859375
0 0.8875 0.93671875 0.02421875 0.08515625
0 0.1453125 0.6140625 0.0140625 0.05078125
0 0.475 0.9828125 0.03828125 0.02890625
0 0.7828125 0.6484375 0.0109375 0.05078125
0 0.77109375 0.90546875 0.01640625 0.071875
0 0.76484375 0.66015625 0.015625 0.053125
0 0.759375 0.6046875 0.01171875 0.03203125
0 0.40703125 0.578125 0.0140625 0.053125
0 0.278125 0.859375 0.0203125 0.053125
0 0.7078125 0.53828125 0.00859375 0.02109375
0 0.09296875 0.8140625 0.0171875 0.06328125
0 0.6171875 0.60625 0.01171875 0.03984375
0 0.2015625 0.7390625 0.015625 0.0609375
0 0.0296875 0.61640625 0.0125 0.0453125
0 0.25078125 0.6953125 0.01484375 0.053125
0 0.9078125 0.64296875 0.0140625 0.05546875
0 0.2171875 0.55546875 0.0109375 0.03984375
0 0.234375 0.58984375 0.01171875 0.03984375
0 0.94921875 0.78125 0.01953125 0.0609375
0 0.028125 0.89765625 0.02421875 0.0875
0 0.6765625 0.58125 0.0140625 0.03203125
0 0.6203125 0.54609375 0.009375 0.03203125
0 0.1796875 0.53984375 0.01171875 0.034375
0 0.7203125 0.54609375 0.0109375 0.03203125
0 0.05390625 0.875 0.021875 0.07421875
0 0.87265625 0.7625 0.01640625 0.0609375
0 0.8796875 0.840625 0.021875 0.06328125
0 0.64921875 0.61015625 0.0125 0.0421875
0 0.603125 0.53203125 0.009375 0.02890625
0 0.0140625 0.78671875 0.015625 0.071875
0 0.69375 0.56484375 0.0109375 0.04765625
0 0.5828125 0.53984375 0.01171875 0.02421875
0 0.66875 0.55859375 0.0109375 0.02890625
0 0.6796875 0.54765625 0.009375 0.02890625
0 0.66953125 0.94921875 0.0515625 0.0953125
0 0.09140625 0.66953125 0.01484375 0.05078125
0 0.36171875 0.5375 0.0109375 0.034375
0 0.49140625 0.82734375 0.01640625 0.06328125
0 0.34765625 0.68828125 0.0140625 0.05078125
0 0.63203125 0.615625 0.01171875 0.0421875
0 0.75546875 0.5078125 0.00703125 0.01875
0 0.3921875 0.55703125 0.0140625 0.0421875
0 0.5828125 0.7015625 0.0140625 0.05546875
0 0.3109375 0.53203125 0.009375 0.02890625
0 0.3734375 0.53046875 0.009375 0.0421875
0 0.6203125 0.50390625 0.009375 0.02109375
0 0.65703125 0.53203125 0.00859375 0.02421875
0 0.65546875 0.66015625 0.0125 0.06328125
0 0.6734375 0.52421875 0.0078125 0.02890625
0 0.77109375 0.534375 0.0109375 0.02890625
0 0.83359375 0.7296875 0.0125 0.053125
0 0.8578125 0.646875 0.01484375 0.053125
0 0.86171875 0.5421875 0.0109375 0.02890625
0 0.7078125 0.57421875 0.0140625 0.034375
0 0.671875 0.659375 0.01171875 0.05546875
0 0.3703125 0.859375 0.0203125 0.05859375
0 0.3234375 0.528125 0.0109375 0.0375
0 0.665625 0.61171875 0.0140625 0.05078125
0 0.41015625 0.703125 0.015625 0.0421875
0 0.7828125 0.50546875 0.00859375 0.02421875
0 0.68046875 0.50546875 0.00859375 0.01875
0 0.69453125 0.50546875 0.0078125 0.01875
0 0.26640625 0.66484375 0.01484375 0.0453125
0 0.85625 0.58359375 0.0109375 0.0421875
0 0.32578125 0.78671875 0.01484375 0.05078125
0 0.64140625 0.5328125 0.0109375 0.03203125
0 0.2796875 0.97890625 0.02734375 0.0375
0 0.60859375 0.50390625 0.0078125 0.02109375
0 0.7625 0.55859375 0.0109375 0.02890625
0 0.721875 0.7203125 0.0125 0.05546875
0 0.353125 0.62578125 0.01484375 0.053125
0 0.5234375 0.9234375 0.0171875 0.053125
0 0.3046875 0.81328125 0.0171875 0.08203125
0 0.7328125 0.51171875 0.0109375 0.02109375
0 0.7953125 0.54765625 0.009375 0.03984375
0 0.846875 0.97109375 0.0203125 0.053125
0 0.77109375 0.50625 0.00859375 0.02109375
0 0.90703125 0.56796875 0.0140625 0.0421875
0 0.0046875 0.9234375 0.00859375 0.07421875
0 0.5453125 0.7453125 0.015625 0.053125
0 0.41875 0.98125 0.0328125 0.03203125
0 0.653125 0.55546875 0.0125 0.02890625
0 0.284375 0.76015625 0.01640625 0.05078125
0 0.70234375 0.50546875 0.00859375 0.01875
0 0.4046875 0.84375 0.0203125 0.05859375
0 0.45234375 0.65390625 0.01484375 0.034375
0 0.796875 0.77578125 0.0140625 0.05546875
0 0.8046875 0.66171875 0.01171875 0.0609375
0 0.821875 0.6078125 0.0125 0.04765625
0 0.96015625 0.72265625 0.01484375 0.03984375
0 0.21796875 0.7390625 0.01875 0.0609375