1 0.6234375 0.7796875 0.046875 0.07578125
1 0.48671875 0.565625 0.0359375 0.053125
1 0.4078125 0.57890625 0.03828125 0.053125
1 0.85 0.73671875 0.0375 0.05703125
1 0.35625 0.515625 0.03125 0.04453125
1 0.634375 0.86953125 0.13203125 0.25234375
1 0.38125 0.7484375 0.0328125 0.0453125
1 0.84609375 0.53984375 0.0359375 0.053125
1 0.65390625 0.63359375 0.03203125 0.05625
1 0.2625 0.50625 0.0265625 0.0390625
1 0.71015625 0.61484375 0.0328125 0.06015625
1 0.625 0.6171875 0.03125 0.05703125
1 0.5875 0.553125 0.03203125 0.046875
1 0.2703125 0.62890625 0.08515625 0.28125
1 0.2203125 0.4984375 0.0265625 0.0375
1 0.9640625 0.75859375 0.0359375 0.05859375
1 0.1375 0.6421875 0.075 0.26953125
1 0.8953125 0.55 0.034375 0.053125
1 0.590625 0.46796875 0.02734375 0.0375
1 0.79375 0.571875 0.0328125 0.04453125
1 0.48984375 0.6796875 0.0734375 0.28125
1 0.54609375 0.48671875 0.02734375 0.046875
1 0.97421875 0.50625 0.028125 0.0390625
1 0.13125 0.52578125 0.03046875 0.03671875
1 0.06484375 0.5 0.03046875 0.0390625
1 0.45625 0.35625 0.02265625 0.03515625
1 0.903125 0.7140625 0.0328125 0.04296875
1 0.39765625 0.640625 0.0609375 0.1796875
1 0.51875 0.4703125 0.0296875 0.0390625
1 0.39609375 0.4578125 0.03046875 0.04296875
1 0.503125 0.43828125 0.03203125 0.04296875
1 0.21015625 0.45234375 0.0296875 0.0453125
1 0.4390625 0.47890625 0.02734375 0.03671875
1 0.37421875 0.76875 0.0640625 0.08984375
1 0.75234375 0.47265625 0.03203125 0.046875
1 0.34296875 0.43828125 0.025 0.03515625
1 0.1421875 0.4546875 0.03046875 0.0390625
1 0.6515625 0.46328125 0.028125 0.04140625
1 0.2625 0.4546875 0.03125 0.0375
1 0.86328125 0.45078125 0.02734375 0.04453125
1 0.48984375 0.35625 0.02421875 0.03515625
1 0.3546875 0.38671875 0.0234375 0.03671875
1 0.128125 0.409375 0.02421875 0.03515625
1 0.68671875 0.38359375 0.0296875 0.04296875
1 0.28125 0.3671875 0.0296875 0.0390625
1 0.5609375 0.30859375 0.02265625 0.03671875
1 0.91484375 0.4734375 0.03125 0.04296875
1 0.57109375 0.3546875 0.0234375 0.03515625
1 0.35390625 0.6421875 0.07734375 0.296875
1 0.6640625 0.49375 0.03125 0.03671875
1 0.4421875 0.42578125 0.02421875 0.0390625
1 0.8609375 0.36953125 0.0265625 0.03671875
1 0.37109375 0.34453125 0.0234375 0.03515625
1 0.21484375 0.62265625 0.0625 0.28671875
1 0.6171875 0.37265625 0.025 0.0390625
1 0.7453125 0.565625 0.03125 0.0453125
1 0.64375 0.23515625 0.01953125 0.0296875
1 0.06171875 0.621875 0.07734375 0.2796875
1 0.5328125 0.6546875 0.053125 0.10390625
1 0.66640625 0.56015625 0.0578125 0.16640625
1 0.4125 0.353125 0.02734375 0.04296875
1 0.77265625 0.39921875 0.028125 0.04296875
1 0.3 0.4546875 0.03125 0.04140625
1 0.44140625 0.59921875 0.0703125 0.27578125
1 0.203125 0.3265625 0.0234375 0.0328125
1 0.37421875 0.475 0.028125 0.0375
1 0.52265625 0.3515625 0.02265625 0.03359375
1 0.3296875 0.3671875 0.0234375 0.03359375
1 0.615625 0.334375 0.0203125 0.03359375
1 0.82265625 0.44453125 0.028125 0.03515625
1 0.72421875 0.30390625 0.02265625 0.02734375
1 0.0125 0.47734375 0.025 0.04296875
1 0.0875 0.3296875 0.02421875 0.03515625
1 0.9578125 0.8625 0.08125 0.2671875
1 0.59453125 0.353125 0.021875 0.03515625
1 0.55 0.8140625 0.0296875 0.05078125
1 0.3859375 0.3953125 0.025 0.03515625
1 0.6 0.38359375 0.021875 0.0296875
1 0.0140625 0.32265625 0.0234375 0.03671875
1 0.52421875 0.28671875 0.02421875 0.03125
1 0.459375 0.31875 0.02421875 0.0328125
1 0.6734375 0.45703125 0.0234375 0.03359375
1 0.79375 0.38984375 0.025 0.04296875
1 0.175 0.4234375 0.02734375 0.04140625
1 0.63984375 0.35390625 0.02265625 0.03359375
1 0.98515625 0.44765625 0.0265625 0.03671875
1 0.759375 0.534375 0.034375 0.053125
1 0.72109375 0.76640625 0.09453125 0.36328125
1 0.58359375 0.325 0.02265625 0.03515625
1 0.84453125 0.85234375 0.06328125 0.2875
1 0.4921875 0.4046875 0.0296875 0.03671875
1 0.58515625 0.6328125 0.065625 0.20546875
1 0.6046875 0.228125 0.0171875 0.0234375
1 0.59453125 0.5203125 0.075 0.1421875
1 0.1375 0.2703125 0.01875 0.025
1 0.85078125 0.63984375 0.065625 0.25390625
1 0.28515625 0.31796875 0.01953125 0.02578125
1 0.134375 0.3046875 0.0203125 0.03359375
1 0.13125 0.4984375 0.02734375 0.03125
1 0.9046875 0.62734375 0.0546875 0.20859375
1 0.23984375 0.32734375 0.0203125 0.0328125
1 0.82890625 0.19921875 0.0171875 0.0234375
1 0.7078125 0.334375 0.02265625 0.03125
1 0.871875 0.23984375 0.021875 0.02890625
1 0.0984375 0.45234375 0.02421875 0.0328125
1 0.3625 0.31484375 0.01953125 0.03359375
1 0.925 0.528125 0.0296875 0.04296875
1 0.9734375 0.2203125 0.015625 0.0234375
1 0.93359375 0.28125 0.0453125 0.10703125
1 0.81875 0.2953125 0.0234375 0.0296875
1 0.0359375 0.4796875 0.025 0.040625
1 0.08359375 0.48359375 0.0265625 0.03515625
1 0.975 0.32890625 0.0265625 0.0375
1 0.9421875 0.38984375 0.02265625 0.040625
1 0.29375 0.34375 0.0296875 0.03125
1 0.4015625 0.41640625 0.0265625 0.03359375
1 0.93125 0.240625 0.0171875 0.02890625
1 0.68046875 0.3109375 0.021875 0.03125
1 0.6828125 0.3453125 0.021875 0.03671875
1 0.77734375 0.72109375 0.071875 0.34140625
1 0.85234375 0.32421875 0.0234375 0.0390625
1 0.48203125 0.259375 0.0203125 0.02734375
1 0.45390625 0.39453125 0.0578125 0.11484375
1 0.20390625 0.37890625 0.025 0.02890625
1 0.52578125 0.24375 0.01875 0.025
1 0.4640625 0.25703125 0.01875 0.02734375
1 0.85078125 0.48515625 0.03046875 0.0375
1 0.82578125 0.4078125 0.0265625 0.03515625
1 0.784375 0.5078125 0.0296875 0.04453125
1 0.5578125 0.45234375 0.025 0.0296875
1 0.08203125 0.425 0.025 0.03515625
1 0.66484375 0.7203125 0.0609375 0.23046875
1 0.11875 0.3234375 0.02265625 0.0328125
1 0.3421875 0.26796875 0.01875 0.02890625
1 0.7625 0.28515625 0.02265625 0.03125
1 0.64609375 0.28671875 0.0203125 0.02578125
1 0.21640625 0.2859375 0.01875 0.02734375
1 0.57265625 0.39296875 0.0265625 0.03359375
1 0.53984375 0.5375 0.05078125 0.15234375
1 0.709375 0.3765625 0.0234375 0.03515625
1 0.00859375 0.41796875 0.0171875 0.03359375
1 0.8234375 0.51796875 0.028125 0.0390625
1 0.8859375 0.4078125 0.025 0.03515625
1 0.496875 0.24140625 0.0171875 0.025
1 0.88671875 0.2078125 0.01953125 0.025
1 0.22109375 0.31796875 0.0203125 0.03671875
1 0.9328125 0.32109375 0.02265625 0.0296875
1 0.759375 0.25 0.01875 0.0234375
1 0.89453125 0.84453125 0.07421875 0.30078125
1 0.975 0.2625 0.03984375 0.1109375
1 0.15 0.3234375 0.02265625 0.0328125
1 0.0953125 0.2765625 0.0171875 0.025
1 0.30078125 0.42578125 0.02734375 0.03125
1 0.7671875 0.3234375 0.02265625 0.0328125
1 0.91640625 0.3375 0.02421875 0.02734375
1 0.2453125 0.38125 0.0265625 0.0296875
1 0.45859375 0.4546875 0.028125 0.03671875
1 0.2296875 0.41171875 0.02734375 0.0390625
1 0.959375 0.37578125 0.02265625 0.0296875
1 0.50703125 0.34453125 0.01953125 0.03515625
1 0.2703125 0.41015625 0.0265625 0.04140625
1 0.20703125 0.40625 0.025 0.03359375
1 0.8890625 0.43984375 0.028125 0.0390625
1 0.6984375 0.43359375 0.05625 0.140625
1 0.325 0.3453125 0.02265625 0.0296875
1 0.52734375 0.3921875 0.04296875 0.11171875
1 0.5078125 0.31015625 0.021875 0.03125
1 0.7328125 0.425 0.025 0.0375
1 0.56796875 0.2390625 0.01875 0.025
1 0.08671875 0.30859375 0.040625 0.08828125
1 0.790625 0.4828125 0.0296875 0.040625
1 0.32890625 0.4078125 0.05546875 0.11171875
1 0.88515625 0.478125 0.03203125 0.0390625
1 0.728125 0.39453125 0.0265625 0.03671875
1 0.3265625 0.29765625 0.02265625 0.02734375
1 0.9734375 0.6296875 0.05 0.28515625
1 0.04375 0.40546875 0.02421875 0.040625
1 0.65234375 0.434375 0.025 0.0328125
1 0.0171875 0.6078125 0.034375 0.303125
1 0.39921875 0.49375 0.040625 0.11484375
1 0.57890625 0.425 0.0421875 0.0953125
1 0.14921875 0.5140625 0.0671875 0.1546875
1 0.2625 0.509375 0.0421875 0.05625
1 0.50078125 0.4921875 0.9890625 0.59921875
1 0.60859375 0.26796875 0.0390625 0.10390625
1 0.01953125 0.28515625 0.01953125 0.03125