1 0.49921875 0.496875 0.9890625 0.98671875
1 0.5359375 0.89296875 0.046875 0.06015625
1 0.41171875 0.5421875 0.0359375 0.06015625
1 0.5046875 0.384375 0.03359375 0.053125
1 0.2140625 0.909375 0.03984375 0.06015625
1 0.140625 0.6171875 0.0359375 0.05703125
1 0.78359375 0.69921875 0.0359375 0.053125
1 0.26953125 0.82265625 0.03984375 0.06015625
1 0.47109375 0.79765625 0.0375 0.05703125
1 0.0765625 0.46484375 0.03359375 0.053125
1 0.0390625 0.48125 0.03359375 0.053125
1 0.30703125 0.7125 0.03125 0.046875
1 0.38203125 0.81640625 0.0375 0.06015625
1 0.4484375 0.4578125 0.03359375 0.053125
1 0.496875 0.84296875 0.0359375 0.06015625
1 0.25859375 0.496875 0.03125 0.05
1 0.51796875 0.72421875 0.03359375 0.05
1 0.2484375 0.75234375 0.03359375 0.053125
1 0.425 0.7359375 0.03125 0.046875
1 0.628125 0.428125 0.03125 0.046875
1 0.66796875 0.51640625 0.0359375 0.05703125
1 0.5359375 0.928125 0.08671875 0.13046875
1 0.859375 0.61171875 0.0359375 0.053125
1 0.69921875 0.7859375 0.0359375 0.06015625
1 0.4484375 0.38828125 0.02890625 0.046875
1 0.5390625 0.69375 0.03125 0.05
1 0.69609375 0.9015625 0.0375 0.06328125
1 0.07578125 0.6859375 0.03125 0.03984375
1 0.59765625 0.7421875 0.0375 0.053125
1 0.41328125 0.61171875 0.05546875 0.20703125
1 0.06015625 0.62890625 0.03125 0.046875
1 0.2515625 0.65390625 0.0359375 0.05703125
1 0.72421875 0.58515625 0.0359375 0.053125
1 0.88515625 0.79921875 0.0421875 0.0671875
1 0.8140625 0.4515625 0.02890625 0.046875
1 0.13671875 0.73046875 0.03359375 0.05
1 0.15703125 0.32109375 0.03359375 0.046875
1 0.95234375 0.46328125 0.03359375 0.05
1 0.38046875 0.93671875 0.03984375 0.0671875
1 0.79140625 0.91953125 0.05546875 0.0734375
1 0.5671875 0.43515625 0.03359375 0.046875
1 0.75703125 0.3328125 0.03125 0.05
1 0.79609375 0.5265625 0.03359375 0.05
1 0.75625 0.6375 0.0421875 0.06328125
1 0.3109375 0.50859375 0.03359375 0.053125
1 0.60234375 0.79453125 0.0421875 0.06328125
1 0.8734375 0.20546875 0.03125 0.05
1 0.10703125 0.38125 0.03125 0.053125
1 0.6265625 0.8625 0.0375 0.0671875
1 0.553125 0.35625 0.02890625 0.05
1 0.34609375 0.6453125 0.06484375 0.22734375
1 0.87109375 0.75078125 0.03984375 0.06328125
1 0.965625 0.621875 0.0421875 0.06015625
1 0.35 0.55703125 0.0359375 0.05703125
1 0.31875 0.2625 0.0265625 0.04375
1 0.1640625 0.66015625 0.02890625 0.05
1 0.38984375 0.86640625 0.0625 0.16015625
1 0.35625 0.48515625 0.03125 0.053125
1 0.6890625 0.72421875 0.03359375 0.05
1 0.30859375 0.903125 0.0375 0.053125
1 0.51328125 0.77265625 0.0734375 0.146875
1 0.515625 0.44453125 0.03359375 0.053125
1 0.35625 0.2375 0.0359375 0.053125
1 0.91640625 0.528125 0.03359375 0.053125
1 0.29765625 0.95 0.0375 0.053125
1 0.80703125 0.6140625 0.0375 0.05703125
1 0.965625 0.903125 0.0421875 0.0671875
1 0.36875 0.7578125 0.0375 0.05703125
1 0.628125 0.45625 0.0578125 0.11015625
1 0.31328125 0.7625 0.05546875 0.146875
1 0.584375 0.70078125 0.03359375 0.05
1 0.28515625 0.41328125 0.0359375 0.05
1 0.340625 0.36484375 0.03125 0.03984375
1 0.86875 0.4765625 0.0359375 0.05703125
1 0.246875 0.3375 0.03125 0.03984375
1 0.596875 0.84453125 0.07578125 0.1640625
1 0.6703125 0.54375 0.0625 0.11015625
1 0.14375 0.46171875 0.02890625 0.046875
1 0.384375 0.95 0.09140625 0.09375
1 0.95078125 0.57890625 0.03984375 0.053125
1 0.91953125 0.88984375 0.03984375 0.0671875
1 0.40546875 0.69921875 0.0359375 0.046875
1 0.5578125 0.2875 0.02890625 0.046875
1 0.3828125 0.46015625 0.0265625 0.04375
1 0.15703125 0.89296875 0.0421875 0.06015625
1 0.059375 0.39296875 0.03359375 0.05
1 0.29609375 0.22265625 0.0265625 0.05
1 0.6625 0.70390625 0.03359375 0.05
1 0.13828125 0.77421875 0.0578125 0.1375
1 0.2609375 0.58203125 0.0671875 0.22109375
1 0.33984375 0.42109375 0.03359375 0.046875
1 0.85625 0.69765625 0.0375 0.05703125
1 0.0765625 0.77421875 0.0421875 0.06328125
1 0.8140625 0.5671875 0.03359375 0.05
1 0.84765625 0.41484375 0.02890625 0.053125
1 0.5703125 0.77109375 0.0359375 0.05
1 0.7484375 0.4015625 0.0359375 0.046875
1 0.51328125 0.32421875 0.03359375 0.053125
1 0.13359375 0.64921875 0.0578125 0.1203125
1 0.77578125 0.759375 0.06875 0.17421875
1 0.159375 0.35625 0.0515625 0.1171875
1 0.45078125 0.909375 0.0375 0.053125
1 0.56875 0.4578125 0.05546875 0.10703125
1 0.7703125 0.27578125 0.0265625 0.04375
1 0.4765625 0.9765625 0.04453125 0.03984375
1 0.746875 0.6953125 0.06875 0.18046875
1 0.68046875 0.30625 0.02890625 0.04375
1 0.71171875 0.41328125 0.03359375 0.05
1 0.65703125 0.74921875 0.0359375 0.053125
1 0.22734375 0.41796875 0.0359375 0.053125
1 0.41640625 0.4265625 0.03125 0.05
1 0.19609375 0.27109375 0.03125 0.046875
1 0.22734375 0.3109375 0.0265625 0.046875
1 0.8515625 0.87421875 0.0515625 0.0703125
1 0.759375 0.56328125 0.0359375 0.05703125
1 0.64453125 0.9265625 0.0375 0.06015625
1 0.07578125 0.25234375 0.03125 0.05
1 0.3515625 0.13515625 0.0265625 0.04375
1 0.03359375 0.2859375 0.0359375 0.05
1 0.25625 0.528125 0.053125 0.1140625
1 0.89296875 0.853125 0.0890625 0.1671875
1 0.9140625 0.3328125 0.02890625 0.04375
1 0.5859375 0.48359375 0.0265625 0.05
1 0.0390625 0.55546875 0.05546875 0.20078125
1 0.3015625 0.38125 0.02890625 0.046875
1 0.18359375 0.48671875 0.03359375 0.05
1 0.9796875 0.79609375 0.03125 0.06015625
1 0.08359375 0.53984375 0.05546875 0.20390625
1 0.2515625 0.67421875 0.04453125 0.096875
1 0.7453125 0.95625 0.0421875 0.0734375
1 0.65390625 0.2859375 0.02890625 0.04375
1 0.10703125 0.17734375 0.0359375 0.053125
1 0.80546875 0.31953125 0.02890625 0.04375
1 0.1890625 0.61015625 0.03125 0.05
1 0.66484375 0.353125 0.02890625 0.05
1 0.803125 0.115625 0.02890625 0.05
1 0.21953125 0.93828125 0.0734375 0.1171875
1 0.87890625 0.27890625 0.02890625 0.04375
1 0.134375 0.96328125 0.0421875 0.06015625
1 0.615625 0.29296875 0.02890625 0.04375
1 0.41171875 0.3140625 0.03125 0.046875
1 0.87734375 0.41953125 0.03125 0.05
1 0.71953125 0.878125 0.03984375 0.0703125
1 0.3578125 0.17421875 0.02890625 0.03984375
1 0.353125 0.828125 0.03359375 0.05703125
1 0.1625 0.6953125 0.053125 0.1203125
1 0.4375 0.209375 0.02421875 0.04375
1 0.18125 0.8078125 0.0375 0.05703125
1 0.465625 0.5203125 0.0359375 0.05
1 0.09140625 0.909375 0.04453125 0.06015625
1 0.5359375 0.2109375 0.03359375 0.053125
1 0.225 0.51640625 0.0578125 0.24453125
1 0.140625 0.521875 0.053125 0.1671875
1 0.6015625 0.38984375 0.03125 0.05
1 0.49765625 0.24453125 0.96875 0.4546875
1 0.30703125 0.7125 0.04453125 0.0671875
1 0.20390625 0.66875 0.03359375 0.053125
1 0.615625 0.53984375 0.03359375 0.05
1 0.2703125 0.45 0.02890625 0.05
1 0.66796875 0.51875 0.04921875 0.08046875