0 0.0515625 0.6390625 0.0296875 0.0453125
0 0.0796875 0.5421875 0.025 0.0375
0 0.0265625 0.59453125 0.028125 0.040625
0 0.046875 0.725 0.0375 0.05625
0 0.3921875 0.41875 0.015625 0.01953125
0 0.796875 0.7765625 0.05078125 0.08203125
0 0.040625 0.41953125 0.01640625 0.01796875
0 0.009375 0.69765625 0.01875 0.0484375
0 0.34453125 0.89140625 0.053125 0.0796875
0 0.48828125 0.4375 0.015625 0.02578125
0 0.01796875 0.4046875 0.01484375 0.0171875
0 0.53125 0.4203125 0.0171875 0.0296875
0 0.94375 0.3671875 0.01640625 0.0234375
0 0.50703125 0.44921875 0.01953125 0.02578125
0 0.76796875 0.3921875 0.01484375 0.0234375
0 0.25625 0.36796875 0.0125 0.0171875
0 0.33203125 0.37265625 0.0140625 0.01796875
0 0.40546875 0.3234375 0.0125 0.0140625
0 0.1171875 0.3796875 0.01171875 0.0140625
0 0.36484375 0.4234375 0.01484375 0.01953125
0 0.8421875 0.41015625 0.01171875 0.0234375
0 0.4578125 0.30703125 0.01171875 0.015625
0 0.440625 0.3234375 0.0109375 0.0140625
0 0.353125 0.32578125 0.0109375 0.01796875
0 0.7453125 0.39375 0.015625 0.025
0 0.93828125 0.29921875 0.0140625 0.01796875
0 0.87578125 0.32421875 0.0140625 0.01796875
0 0.3703125 0.31328125 0.0109375 0.01953125
0 0.8078125 0.29296875 0.0078125 0.01328125
0 0.1859375 0.33515625 0.0109375 0.0140625
0 0.6765625 0.31875 0.009375 0.01328125
0 0.21953125 0.3359375 0.01171875 0.015625
0 0.8453125 0.46953125 0.0140625 0.01953125
0 0.0046875 0.40625 0.00859375 0.01796875
0 0.07734375 0.39765625 0.01484375 0.0171875
0 0.86015625 0.38046875 0.01484375 0.0234375
0 0.7171875 0.36640625 0.01171875 0.0140625
0 0.70625 0.25546875 0.00703125 0.0078125
0 0.140625 0.33125 0.01171875 0.0140625
0 0.1546875 0.33046875 0.0109375 0.01328125
0 0.940625 0.2828125 0.0109375 0.015625
0 0.69296875 0.25546875 0.00703125 0.0078125
0 0.815625 0.29296875 0.00859375 0.01328125
0 0.70859375 0.31796875 0.0109375 0.01796875
0 0.49296875 0.2796875 0.0109375 0.01328125
0 0.78828125 0.2875 0.0078125 0.01171875
0 0.3703125 0.34296875 0.0109375 0.01953125
0 0.73125 0.2546875 0.00703125 0.009375
0 0.46953125 0.3296875 0.009375 0.0140625
0 0.38984375 0.31796875 0.01171875 0.01328125
0 0.70546875 0.29296875 0.00859375 0.01328125
0 0.39765625 0.365625 0.0140625 0.01796875
0 0.74296875 0.25625 0.00703125 0.01171875
0 0.61875 0.2671875 0.0078125 0.01171875
0 0.99453125 0.29453125 0.00859375 0.02109375
0 0.14296875 0.39296875 0.0125 0.01328125
0 0.16875 0.33515625 0.0109375 0.0140625
0 0.8578125 0.42265625 0.0140625 0.01953125
0 0.89140625 0.296875 0.0109375 0.015625
0 0.753125 0.31875 0.00859375 0.01328125
0 0.2546875 0.3265625 0.009375 0.0140625
0 0.3859375 0.5125 0.021875 0.0296875
0 0.05625 0.36875 0.0140625 0.0140625
0 0.828125 0.47421875 0.0140625 0.01796875
0 0.29375 0.3546875 0.0125 0.01953125
0 0.040625 0.36796875 0.0125 0.0140625
0 0.65703125 0.296875 0.00859375 0.01328125
0 0.68046875 0.2828125 0.00859375 0.01328125
0 0.7796875 0.303125 0.00859375 0.01328125
0 0.7953125 0.30625 0.009375 0.01328125
0 0.75703125 0.30546875 0.0078125 0.01171875
0 0.71796875 0.25625 0.00703125 0.01171875
0 0.6625 0.2609375 0.00703125 0.01171875
0 0.96796875 0.35390625 0.0125 0.01796875
0 0.68046875 0.24375 0.00703125 0.0078125
0 0.63203125 0.2671875 0.0078125 0.01015625