0 0.065625 0.03984375 0.0265625 0.040625
0 0.17109375 0.7 0.05546875 0.09140625
0 0.2828125 0.46796875 0.0421875 0.06640625
0 0.18828125 0.015625 0.02265625 0.03125
0 0.4421875 0.2921875 0.040625 0.0578125
0 0.57890625 0.06875 0.0265625 0.0453125
0 0.6921875 0.18046875 0.0328125 0.04921875
0 0.0296875 0.3609375 0.04296875 0.06640625
0 0.13984375 0.396875 0.04609375 0.0734375
0 0.928125 0.75234375 0.0578125 0.09140625
0 0.8875 0.20859375 0.0328125 0.06015625
0 0.72109375 0.059375 0.0265625 0.04296875
0 0.753125 0.27109375 0.04375 0.06640625
0 0.96171875 0.2375 0.03984375 0.04921875
0 0.384375 0.12109375 0.0296875 0.05078125
0 0.59453125 0.41796875 0.05078125 0.08125
0 0.9546875 0.5515625 0.05625 0.0640625
0 0.03203125 0.62265625 0.05078125 0.0859375
0 0.5125 0.02109375 0.0265625 0.0390625
0 0.0921875 0.05390625 0.028125 0.04296875
0 0.0203125 0.2734375 0.0390625 0.0640625
0 0.153125 0.5453125 0.0546875 0.0796875
0 0.86796875 0.0890625 0.0265625 0.04296875
0 0.471875 0.94921875 0.075 0.09921875
0 0.259375 0.1015625 0.028125 0.04140625
0 0.83671875 0.89453125 0.07109375 0.109375
0 0.77421875 0.05234375 0.0265625 0.04140625
0 0.5828125 0.2640625 0.03515625 0.046875
0 0.3765625 0.62265625 0.05859375 0.06796875
0 0.2078125 0.46875 0.046875 0.078125
0 0.67421875 0.23203125 0.03828125 0.0546875
0 0.11171875 0.2875 0.04609375 0.05859375
0 0.8671875 0.5328125 0.0609375 0.078125
0 0.63125 0.58046875 0.05390625 0.08515625
0 0.26640625 0.34921875 0.03203125 0.05859375
0 0.4953125 0.61796875 0.0625 0.09765625
0 0.2125 0.12109375 0.02421875 0.0453125
0 0.38203125 0.0609375 0.028125 0.040625
0 0.36796875 0.19921875 0.028125 0.0484375
0 0.3109375 0.0890625 0.0328125 0.04296875
0 0.3890625 0.5328125 0.0515625 0.07578125
0 0.45234375 0.04921875 0.03046875 0.03515625
0 0.3421875 0.07109375 0.028125 0.0453125
0 0.48984375 0.0453125 0.0265625 0.040625
0 0.42421875 0.36796875 0.0421875 0.06796875
0 0.9421875 0.85390625 0.07109375 0.1015625
0 0.17109375 0.06328125 0.028125 0.04296875
0 0.46953125 0.0875 0.028125 0.04140625
0 0.38125 0.70859375 0.0734375 0.09140625
0 0.44453125 0.0140625 0.0296875 0.028125
0 0.65 0.17109375 0.0328125 0.04921875
0 0.11484375 0.64921875 0.06328125 0.09296875
0 0.5234375 0.36796875 0.0453125 0.07578125
0 0.01640625 0.059375 0.03046875 0.040625
0 0.6296875 0.3203125 0.040625 0.06171875
0 0.8265625 0.1421875 0.03515625 0.04921875
0 0.5078125 0.79921875 0.0609375 0.07578125
0 0.3046875 0.18046875 0.0390625 0.0546875
0 0.36875 0.30703125 0.03203125 0.0546875
0 0.88984375 0.45859375 0.0578125 0.071875
0 0.1390625 0.16328125 0.0328125 0.046875
0 0.2109375 0.3875 0.046875 0.065625
0 0.475 0.38984375 0.04375 0.071875
0 0.4328125 0.09921875 0.02734375 0.04453125
0 0.7109375 0.29140625 0.03515625 0.05390625
0 0.14921875 0.815625 0.06328125 0.0890625
0 0.01796875 0.178125 0.0265625 0.040625
0 0.421875 0.05390625 0.0234375 0.03515625
0 0.0296875 0.475 0.04765625 0.07578125
0 0.9640625 0.61875 0.0671875 0.07578125
0 0.37734375 0.9609375 0.0828125 0.07578125
0 0.70390625 0.6234375 0.0609375 0.09296875
0 0.2609375 0.21171875 0.0328125 0.0546875
0 0.14453125 0.25234375 0.03515625 0.06015625
0 0.33671875 0.31328125 0.03203125 0.0546875
0 0.228125 0.17734375 0.02734375 0.04140625
0 0.97109375 0.478125 0.05546875 0.078125
0 0.0875 0.51796875 0.05546875 0.078125
0 0.40703125 0.80625 0.0625 0.0953125
0 0.690625 0.39453125 0.04765625 0.071875
0 0.31875 0.378125 0.0375 0.06640625
0 0.58125 0.77578125 0.0671875 0.0859375
0 0.36484375 0.41328125 0.05 0.071875
0 0.7484375 0.0296875 0.02734375 0.0390625
0 0.0421875 0.1375 0.0359375 0.0453125
0 0.57109375 0.55859375 0.06171875 0.08125
0 0.1671875 0.20625 0.03515625 0.046875
0 0.3609375 0.15390625 0.0375 0.03671875
0 0.25078125 0.01640625 0.02265625 0.0328125
0 0.978125 0.1015625 0.03203125 0.04140625
0 0.8390625 0.34453125 0.0390625 0.0578125
0 0.53828125 0.06171875 0.03125 0.04453125
0 0.5859375 0.325 0.046875 0.0625
0 0.5203125 0.2875 0.03984375 0.05234375
0 0.1359375 0.90703125 0.06640625 0.09765625
0 0.228125 0.946875 0.0828125 0.10078125
0 0.709375 0.01640625 0.025 0.0328125
0 0.3390625 0.2375 0.0375 0.0546875
0 0.39453125 0.26875 0.03515625 0.0578125
0 0.675 0.1234375 0.025 0.040625
0 0.134375 0.11875 0.0375 0.0390625
0 0.221875 0.03984375 0.03046875 0.0453125
0 0.54609375 0.23515625 0.03203125 0.046875
0 0.4984375 0.23203125 0.03828125 0.05234375
0 0.64140625 0.85859375 0.0703125 0.1109375
0 0.4359375 0.2421875 0.0390625 0.040625
0 0.896875 0.66640625 0.0671875 0.071875
0 0.81328125 0.02265625 0.025 0.03515625
0 0.2359375 0.2609375 0.0375 0.0578125
0 0.1546875 0.0140625 0.025 0.028125
0 0.31796875 0.5328125 0.0515625 0.0703125
0 0.071875 0.2421875 0.0390625 0.05859375
0 0.76875 0.796875 0.06953125 0.10546875
0 0.08359375 0.1703125 0.03203125 0.0484375
0 0.68671875 0.52734375 0.0546875 0.05234375
0 0.8390625 0.27265625 0.04296875 0.06015625
0 0.60859375 0.1421875 0.025 0.046875
0 0.30625 0.12578125 0.03046875 0.03515625
0 0.446875 0.5375 0.053125 0.071875
0 0.8015625 0.396875 0.04296875 0.0703125
0 0.6296875 0.24921875 0.04609375 0.04921875
0 0.32734375 0.4734375 0.05 0.05078125
0 0.51875 0.11875 0.03203125 0.04921875
0 0.228125 0.63984375 0.0515625 0.0734375
0 0.89609375 0.32109375 0.03984375 0.04921875
0 0.27109375 0.146875 0.028125 0.0484375
0 0.2703125 0.596875 0.05625 0.0875
0 0.86015625 0.04921875 0.0359375 0.03515625
0 0.915625 0.0828125 0.03203125 0.0453125
0 0.915625 0.1421875 0.02734375 0.046875
0 0.12578125 0.0828125 0.03515625 0.03515625
0 0.09765625 0.3515625 0.03515625 0.05859375
0 0.721875 0.1609375 0.028125 0.0453125
0 0.425 0.88515625 0.05625 0.0625
0 0.72265625 0.10859375 0.03125 0.046875
0 0.11796875 0.0171875 0.025 0.03359375
0 0.97734375 0.7 0.04375 0.08125
0 0.7796875 0.5734375 0.05859375 0.0890625
0 0.95546875 0.95703125 0.075 0.08359375
0 0.9328125 0.3421875 0.0421875 0.0578125
0 0.73125 0.48515625 0.0484375 0.06640625
0 0.56328125 0.01796875 0.0265625 0.0359375
0 0.071875 0.8828125 0.0578125 0.09296875
0 0.2875 0.71640625 0.05546875 0.08203125
0 0.6 0.01640625 0.0203125 0.0328125
0 0.04375 0.2015625 0.03125 0.04296875
0 0.48671875 0.86640625 0.0515625 0.05859375
0 0.21328125 0.21640625 0.034375 0.0328125
0 0.67890625 0.05390625 0.02734375 0.040625
0 0.77734375 0.2046875 0.0390625 0.05859375
0 0.59296875 0.20390625 0.03828125 0.05234375
0 0.8078125 0.08984375 0.028125 0.04453125
0 0.8984375 0.375 0.0375 0.05625
0 0.853125 0.0140625 0.0265625 0.02734375
0 0.6046875 0.0828125 0.03046875 0.040625
0 0.75625 0.14921875 0.03203125 0.0453125
0 0.41328125 0.0140625 0.0234375 0.02734375
0 0.79921875 0.67109375 0.05546875 0.0890625
0 0.95390625 0.2828125 0.040625 0.0453125
0 0.97265625 0.03046875 0.025 0.040625
0 0.4765625 0.146875 0.03515625 0.0484375
0 0.9859375 0.31171875 0.025 0.05078125
0 0.2828125 0.29921875 0.0390625 0.0578125
0 0.6296875 0.0421875 0.02734375 0.04296875
0 0.4046875 0.165625 0.025 0.046875
0 0.24296875 0.87578125 0.065625 0.05234375
0 0.5609375 0.16328125 0.03828125 0.05234375
0 0.9296875 0.18515625 0.0328125 0.04140625
0 0.34140625 0.0234375 0.0265625 0.02890625
0 0.48984375 0.1890625 0.0421875 0.03671875
0 0.9859375 0.1734375 0.0265625 0.04140625
0 0.1125 0.97890625 0.07734375 0.0390625
0 0.4921875 0.50625 0.040625 0.0703125
0 0.946875 0.03515625 0.03046875 0.046875
0 0.56640625 0.61796875 0.05078125 0.04296875
0 0.2171875 0.00546875 0.0296875 0.01015625
0 0.2625 0.065625 0.03046875 0.0328125
0 0.29375 0.02265625 0.028125 0.04296875
0 0.94375 0.13671875 0.0265625 0.04140625
0 0.12109375 0.21328125 0.03125 0.03515625
0 0.67109375 0.3328125 0.05 0.046875
0 0.85625 0.1609375 0.0328125 0.0375
0 0.440625 0.15234375 0.028125 0.03515625
0 0.665625 0.00859375 0.0234375 0.0171875
0 0.7625 0.91875 0.06328125 0.103125
0 0.91875 0.26796875 0.03515625 0.0453125
0 0.0125 0.01015625 0.0234375 0.01953125
0 0.00859375 0.096875 0.0171875 0.0453125
0 0.378125 0.028125 0.0265625 0.025
0 0.6109375 0.50859375 0.0421875 0.04296875
0 0.75625 0.10390625 0.03203125 0.03515625
0 0.20546875 0.30390625 0.03984375 0.05234375
0 0.0734375 0.44453125 0.0421875 0.0484375
0 0.5515625 0.29453125 0.02734375 0.04296875
0 0.64609375 0.1109375 0.02421875 0.04140625
0 0.4828125 0.315625 0.03515625 0.05234375
0 0.55546875 0.12109375 0.034375 0.02734375
0 0.58359375 0.6875 0.05390625 0.07734375
0 0.64296875 0.98984375 0.075 0.01796875
0 0.77265625 0.4515625 0.04609375 0.065625
0 0.6515625 0.4609375 0.0484375 0.03125
0 0.7765625 0.33515625 0.0421875 0.04296875
0 0.79609375 0.9921875 0.0578125 0.01328125
0 0.6234375 0.00859375 0.02421875 0.0171875
0 0.46953125 0.01796875 0.0234375 0.03125
0 0.17421875 0.3546875 0.03203125 0.0375
0 0.02265625 0.9484375 0.0453125 0.096875
0 0.73515625 0.21171875 0.03203125 0.04140625
0 0.93984375 0.00546875 0.0203125 0.01015625
0 0.00703125 0.8671875 0.0140625 0.0625
0 0.0109375 0.41875 0.021875 0.0484375
0 0.03984375 0.01796875 0.0265625 0.0359375
0 0.784375 0.15625 0.02421875 0.03515625
0 0.87421875 0.74765625 0.05 0.0796875
0 0.34765625 0.80390625 0.0453125 0.0890625
0 0.9171875 0.00703125 0.0265625 0.0140625
0 0.00703125 0.77578125 0.0140625 0.1125
0 0.315625 0.046875 0.02265625 0.03125
0 0.20234375 0.08515625 0.028125 0.0234375
0 0.840625 0.19921875 0.0328125 0.04296875
0 0.0484375 0.08515625 0.02734375 0.03515625
0 0.99375 0.05703125 0.009375 0.0328125
0 0.99296875 0.01640625 0.01171875 0.0296875
0 0.08203125 0.009375 0.02734375 0.01796875