0 0.50625 0.375 0.0375 0.0625
0 0.58359375 0.6171875 0.0515625 0.08046875
0 0.134375 0.075 0.0234375 0.0328125
0 0.17421875 0.0703125 0.0203125 0.03359375
0 0.0453125 0.01328125 0.0203125 0.02578125
0 0.3140625 0.2125 0.028125 0.04296875
0 0.38984375 0.6734375 0.0578125 0.0859375
0 0.58046875 0.44296875 0.04609375 0.05703125
0 0.4703125 0.8421875 0.0734375 0.10703125
0 0.9359375 0.64375 0.06875 0.1
0 0.078125 0.096875 0.025 0.0375
0 0.1390625 0.034375 0.0203125 0.0328125
0 0.29375 0.1171875 0.0234375 0.03671875
0 0.13671875 0.23671875 0.03125 0.04453125
0 0.5421875 0.0953125 0.0171875 0.02890625
0 0.79375 0.096875 0.01875 0.02734375
0 0.46484375 0.50625 0.0234375 0.02890625
0 0.50078125 0.025 0.015625 0.02734375
0 0.04921875 0.83828125 0.02421875 0.0390625
0 0.5546875 0.55078125 0.0484375 0.0625
0 0.07734375 0.77265625 0.02421875 0.0375
0 0.821875 0.03125 0.0171875 0.02578125
0 0.23515625 0.09375 0.021875 0.03671875
0 0.0890625 0.7140625 0.028125 0.03515625
0 0.7703125 0.00625 0.015625 0.0125
0 0.8203125 0.00625 0.015625 0.0125
0 0.1953125 0.0078125 0.015625 0.015625
0 0.0828125 0.86875 0.01953125 0.03125
0 0.78828125 0.1484375 0.0140625 0.02109375
0 0.25390625 0.0171875 0.015625 0.0234375