0 0.2234375 0.76484375 0.025 0.0421875
0 0.26171875 0.78046875 0.02578125 0.04375
0 0.59375 0.7703125 0.02265625 0.0375
0 0.29296875 0.69765625 0.02265625 0.0375
0 0.8671875 0.66796875 0.02109375 0.02734375
0 0.684375 0.59375 0.01015625 0.01953125
0 0.49140625 0.81484375 0.028125 0.046875
0 0.53125 0.63203125 0.01640625 0.02734375
0 0.55546875 0.76484375 0.02265625 0.0390625
0 0.77109375 0.6578125 0.015625 0.02734375
0 0.38828125 0.63203125 0.015625 0.02734375
0 0.0640625 0.86953125 0.040625 0.06171875
0 0.87734375 0.5921875 0.0125 0.01953125
0 0.65546875 0.70625 0.021875 0.034375
0 0.6390625 0.75703125 0.02421875 0.0390625
0 0.41953125 0.64453125 0.015625 0.02890625
0 0.53359375 0.703125 0.01953125 0.03046875
0 0.390625 0.70625 0.01875 0.03203125
0 0.77890625 0.58828125 0.01328125 0.02109375
0 0.22890625 0.59609375 0.01328125 0.02109375
0 0.20625 0.66875 0.021875 0.034375
0 0.27734375 0.63046875 0.015625 0.02734375
0 0.6078125 0.69921875 0.02109375 0.03203125
0 0.54609375 0.60625 0.01328125 0.02109375
0 0.73828125 0.68125 0.01875 0.03203125
0 0.153125 0.715625 0.02578125 0.04375
0 0.25703125 0.6484375 0.01875 0.03046875
0 0.7796875 0.7046875 0.02265625 0.0359375
0 0.50703125 0.65234375 0.01796875 0.03203125
0 0.66953125 0.62109375 0.0125 0.02109375
0 0.940625 0.61953125 0.01875 0.02578125
0 0.44609375 0.59609375 0.01328125 0.02109375
0 0.47890625 0.63515625 0.01484375 0.02734375
0 0.14765625 0.603125 0.01484375 0.02421875
0 0.46640625 0.6703125 0.01953125 0.03203125
0 0.1390625 0.8359375 0.040625 0.06640625
0 0.090625 0.7265625 0.03359375 0.046875
0 0.7078125 0.68125 0.01484375 0.02265625
0 0.1734375 0.5921875 0.015625 0.02265625
0 0.4546875 0.82109375 0.03046875 0.046875
0 0.86640625 0.628125 0.01796875 0.02578125
0 0.6796875 0.64140625 0.01640625 0.02734375
0 0.490625 0.7265625 0.025 0.0375
0 0.628125 0.659375 0.01640625 0.02734375
0 0.7984375 0.63984375 0.01640625 0.02421875
0 0.2609375 0.6046875 0.01484375 0.02421875
0 0.4921875 0.60625 0.015625 0.02421875
0 0.07265625 0.61953125 0.02109375 0.03203125
0 0.29921875 0.615625 0.015625 0.02421875
0 0.64609375 0.59921875 0.01171875 0.01953125
0 0.55859375 0.58046875 0.01171875 0.01796875
0 0.35625 0.8046875 0.03828125 0.05859375
0 0.765625 0.62265625 0.015625 0.02109375
0 0.871875 0.5703125 0.01171875 0.01484375
0 0.51640625 0.57734375 0.01015625 0.01796875
0 0.575 0.62265625 0.01328125 0.02109375
0 0.78046875 0.56484375 0.0125 0.01328125
0 0.9171875 0.65390625 0.01953125 0.03203125
0 0.9578125 0.58828125 0.01171875 0.02109375
0 0.421875 0.590625 0.01328125 0.02265625
0 0.31875 0.5921875 0.0125 0.01640625
0 0.75859375 0.5921875 0.01328125 0.01953125
0 0.696875 0.6359375 0.01328125 0.02265625
0 0.4078125 0.54296875 0.01015625 0.01484375
0 0.1296875 0.671875 0.02109375 0.034375
0 0.80546875 0.71328125 0.021875 0.03046875
0 0.17890625 0.55234375 0.01015625 0.01484375
0 0.7328125 0.64453125 0.01484375 0.01953125
0 0.3796875 0.57421875 0.01171875 0.01640625
0 0.7015625 0.6046875 0.0125 0.02109375
0 0.79609375 0.58046875 0.0125 0.01796875
0 0.1765625 0.8046875 0.02578125 0.04375
0 0.43359375 0.5703125 0.01015625 0.01796875
0 0.26640625 0.571875 0.01015625 0.01796875
0 0.72578125 0.590625 0.0125 0.01953125
0 0.46484375 0.58828125 0.0125 0.02109375
0 0.15546875 0.5765625 0.01328125 0.01953125
0 0.33125 0.56640625 0.01015625 0.01328125
0 0.9203125 0.61953125 0.01875 0.02578125
0 0.06171875 0.57890625 0.01328125 0.02109375
0 0.08125 0.54296875 0.01171875 0.01484375
0 0.1203125 0.54453125 0.01015625 0.01484375
0 0.0984375 0.56875 0.01484375 0.02109375
0 0.11015625 0.6421875 0.01875 0.02734375
0 0.13515625 0.56640625 0.0125 0.02265625
0 0.39375 0.7609375 0.02734375 0.046875
0 0.09453125 0.54296875 0.01015625 0.01484375
0 0.81171875 0.6703125 0.01796875 0.02578125
0 0.5921875 0.59765625 0.0125 0.01796875
0 0.3203125 0.55546875 0.009375 0.01328125
0 0.49765625 0.68515625 0.02265625 0.0328125
0 0.2265625 0.7140625 0.02734375 0.0375
0 0.1078125 0.54296875 0.01171875 0.01484375
0 0.3578125 0.56796875 0.01171875 0.01640625
0 0.715625 0.57734375 0.01171875 0.01796875
0 0.71484375 0.61640625 0.01328125 0.01953125
0 0.2921875 0.5703125 0.01015625 0.01796875
0 0.58359375 0.5703125 0.01171875 0.01484375
0 0.21015625 0.5609375 0.01171875 0.01796875
0 0.84609375 0.55546875 0.01015625 0.01328125
0 0.33984375 0.5859375 0.0125 0.01953125
0 0.4046875 0.59765625 0.01328125 0.01796875
0 0.896875 0.60078125 0.015625 0.01953125
0 0.94609375 0.57890625 0.0125 0.01796875
0 0.90546875 0.5703125 0.0125 0.01484375
0 0.06875 0.54296875 0.009375 0.01484375
0 0.6953125 0.56640625 0.01015625 0.01328125
0 0.82265625 0.5703125 0.01171875 0.01484375
0 0.4265625 0.61640625 0.01484375 0.02578125
0 0.928125 0.55390625 0.01015625 0.01171875
0 0.34296875 0.7046875 0.025 0.0390625
0 0.2515625 0.56640625 0.01015625 0.01640625
0 0.29140625 0.55390625 0.01015625 0.01171875
0 0.48125 0.55390625 0.01015625 0.01171875
0 0.82109375 0.63203125 0.01640625 0.02421875
0 0.34453125 0.56640625 0.009375 0.01328125
0 0.51796875 0.54453125 0.009375 0.01171875
0 0.30625 0.55703125 0.009375 0.01328125
0 0.6984375 0.715625 0.02265625 0.040625
0 0.35546875 0.628125 0.01484375 0.02265625
0 0.5296875 0.56484375 0.01171875 0.01640625
0 0.6796875 0.56640625 0.01015625 0.01328125
0 0.20390625 0.5390625 0.01171875 0.01328125
0 0.79609375 0.55390625 0.01171875 0.01171875
0 0.85625 0.6046875 0.0125 0.01796875
0 0.596875 0.6359375 0.01484375 0.02265625
0 0.6203125 0.57890625 0.01015625 0.01484375
0 0.51953125 0.59765625 0.01171875 0.01796875
0 0.4953125 0.54296875 0.009375 0.01171875
0 0.74140625 0.56875 0.01171875 0.01484375
0 0.3703125 0.6140625 0.015625 0.02109375
0 0.5671875 0.5390625 0.00859375 0.01328125
0 0.46640625 0.5625 0.01015625 0.01484375
0 0.08046875 0.52890625 0.009375 0.01328125
0 0.46796875 0.54140625 0.00703125 0.01171875
0 0.59375 0.52890625 0.00859375 0.01328125
0 0.16796875 0.57265625 0.01171875 0.01640625
0 0.915625 0.5921875 0.01484375 0.01953125
0 0.603125 0.55546875 0.01015625 0.01328125
0 0.32265625 0.65546875 0.01953125 0.02890625
0 0.4796875 0.5703125 0.01171875 0.01484375
0 0.53046875 0.53046875 0.00703125 0.0109375
0 0.9125 0.746875 0.021875 0.0359375
0 0.83828125 0.68125 0.01796875 0.02890625
0 0.1328125 0.54140625 0.009375 0.01171875
0 0.165625 0.54140625 0.01171875 0.01171875
0 0.8515625 0.57890625 0.01171875 0.01484375
0 0.48984375 0.56875 0.009375 0.01484375
0 0.24453125 0.53046875 0.00859375 0.01328125
0 0.80546875 0.55703125 0.009375 0.01328125
0 0.3546875 0.55234375 0.01015625 0.01171875
0 0.54375 0.53046875 0.00859375 0.01328125
0 0.6953125 0.54140625 0.00859375 0.01171875
0 0.93359375 0.73359375 0.01875 0.02578125
0 0.94296875 0.52890625 0.009375 0.01328125
0 0.6140625 0.6046875 0.01328125 0.01796875
0 0.22890625 0.53046875 0.009375 0.01328125
0 0.728125 0.55234375 0.01171875 0.01171875
0 0.7421875 0.540625 0.00859375 0.0109375
0 0.6125 0.66484375 0.01640625 0.02421875
0 0.41875 0.54140625 0.00859375 0.01171875
0 0.9546875 0.6515625 0.01796875 0.02109375
0 0.815625 0.54296875 0.01015625 0.01171875
0 0.28125 0.53046875 0.00703125 0.0109375
0 0.6546875 0.5390625 0.00859375 0.01328125
0 0.27890625 0.54296875 0.009375 0.01171875
0 0.33125 0.54296875 0.00859375 0.01171875
0 0.9328125 0.57734375 0.01171875 0.01796875
0 0.56875 0.59453125 0.01171875 0.01796875
0 0.88359375 0.55390625 0.01015625 0.01171875
0 0.18125 0.52890625 0.00859375 0.01328125
0 0.05078125 0.6140625 0.021875 0.0328125
0 0.44375 0.55390625 0.01015625 0.01171875
0 0.0875 0.6828125 0.02421875 0.02890625
0 0.53125 0.54296875 0.00859375 0.01171875
0 0.78046875 0.54296875 0.00859375 0.01171875
0 0.76796875 0.53046875 0.00859375 0.0109375
0 0.58046875 0.5171875 0.00703125 0.009375
0 0.21953125 0.54140625 0.009375 0.01171875
0 0.1921875 0.52890625 0.00859375 0.01328125
0 0.2578125 0.54140625 0.00859375 0.01171875
0 0.04140625 0.5390625 0.01015625 0.01328125
0 0.05546875 0.5390625 0.00859375 0.01328125
0 0.24296875 0.60390625 0.01640625 0.02578125
0 0.640625 0.53046875 0.00703125 0.0109375
0 0.3125 0.70625 0.01796875 0.0359375
0 0.5921875 0.55546875 0.009375 0.01328125
0 0.29375 0.53046875 0.00703125 0.0109375
0 0.128125 0.59375 0.0125 0.02265625
0 0.31875 0.5703125 0.009375 0.01484375
0 0.8328125 0.55234375 0.01171875 0.01171875
0 0.14296875 0.53046875 0.009375 0.0109375
0 0.4421875 0.53046875 0.00703125 0.01328125
0 0.89609375 0.67578125 0.02109375 0.03046875
0 0.89375 0.57890625 0.0125 0.01484375
0 0.8546875 0.54296875 0.01015625 0.01171875
0 0.94296875 0.55703125 0.01015625 0.01328125
0 0.34375 0.54296875 0.00703125 0.01171875
0 0.89453125 0.54296875 0.009375 0.01171875
0 0.90546875 0.5453125 0.00859375 0.0109375
0 0.58125 0.53046875 0.00859375 0.0109375
0 0.34375 0.64765625 0.01796875 0.02578125
0 0.58203125 0.54140625 0.01015625 0.01171875
0 0.51796875 0.53046875 0.00703125 0.0109375
0 0.8671875 0.55234375 0.01015625 0.01171875
0 0.06875 0.53046875 0.00703125 0.0109375
0 0.0375 0.590625 0.01015625 0.02265625
0 0.45546875 0.53046875 0.00859375 0.0109375
0 0.43046875 0.54140625 0.00859375 0.01171875
0 0.24453125 0.54453125 0.00859375 0.01171875
0 0.5546875 0.53046875 0.00703125 0.0109375
0 0.6125 0.53515625 0.00859375 0.01171875
0 0.5625 0.64140625 0.015625 0.02421875
0 0.9546875 0.55390625 0.01171875 0.01171875
0 0.88046875 0.53046875 0.00859375 0.0109375
0 0.95625 0.53046875 0.01015625 0.01328125
0 0.50703125 0.52890625 0.00703125 0.0109375
0 0.9296875 0.53046875 0.00859375 0.0109375
0 0.60859375 0.57890625 0.01171875 0.01484375
0 0.75625 0.53046875 0.00703125 0.0109375
0 0.63046875 0.53046875 0.00703125 0.0109375
0 0.1828125 0.61953125 0.01796875 0.02890625
0 0.75546875 0.5453125 0.00859375 0.0109375
0 0.50390625 0.56484375 0.01171875 0.01328125
0 0.68046875 0.53046875 0.00703125 0.0109375
0 0.5421875 0.54296875 0.009375 0.01171875
0 0.17421875 0.6421875 0.01796875 0.0328125
0 0.66796875 0.53046875 0.00703125 0.0109375
0 0.84296875 0.61953125 0.01484375 0.01953125
0 0.11328125 0.6140625 0.01640625 0.02109375
0 0.76796875 0.54296875 0.00859375 0.01171875
0 0.6796875 0.54296875 0.00859375 0.01171875
0 0.3875 0.5375 0.00703125 0.0109375
0 0.36796875 0.5453125 0.00859375 0.0109375
0 0.1171875 0.53046875 0.00859375 0.01328125
0 0.63125 0.55546875 0.00859375 0.01328125
0 0.23046875 0.659375 0.015625 0.03046875
0 0.8671875 0.53046875 0.00703125 0.0109375
0 0.23984375 0.57578125 0.01328125 0.01953125
0 0.56875 0.5171875 0.00625 0.009375
0 0.13125 0.5171875 0.00625 0.009375
0 0.71796875 0.54296875 0.00859375 0.01171875
0 0.4921875 0.53046875 0.00703125 0.0109375
0 0.71796875 0.55546875 0.00859375 0.0109375
0 0.8375 0.5375 0.00703125 0.0109375
0 0.65390625 0.5765625 0.01015625 0.01640625
0 0.91875 0.55234375 0.01015625 0.01171875
0 0.33125 0.53046875 0.00859375 0.0109375
0 0.6671875 0.54296875 0.009375 0.01171875
0 0.275 0.52421875 0.00703125 0.0109375
0 0.70546875 0.53046875 0.00859375 0.0109375
0 0.71796875 0.65 0.015625 0.01796875
0 0.921875 0.57265625 0.01328125 0.01640625
0 0.4734375 0.52421875 0.00703125 0.0109375
0 0.34296875 0.53046875 0.00625 0.0109375
0 0.19296875 0.5703125 0.01015625 0.01484375
0 0.85625 0.53046875 0.00703125 0.0109375
0 0.3046875 0.54296875 0.00625 0.01171875
0 0.3046875 0.53046875 0.00625 0.0109375
0 0.453125 0.54453125 0.01015625 0.01171875
0 0.81640625 0.55390625 0.01171875 0.01171875
0 0.63203125 0.54296875 0.00859375 0.01171875
0 0.40546875 0.53046875 0.00625 0.0109375
0 0.40625 0.56484375 0.01171875 0.01328125
0 0.23046875 0.5171875 0.00703125 0.009375
0 0.37421875 0.52421875 0.00859375 0.0109375
0 0.7234375 0.52421875 0.00859375 0.0109375
0 0.53125 0.5171875 0.00625 0.009375
0 0.51796875 0.5171875 0.00703125 0.00625
0 0.25703125 0.5171875 0.00625 0.00625
0 0.80234375 0.6046875 0.01328125 0.01796875
0 0.74296875 0.53046875 0.00703125 0.0109375
0 0.20625 0.5171875 0.00703125 0.009375
0 0.49296875 0.5171875 0.00625 0.009375
0 0.653125 0.66171875 0.01953125 0.02578125
0 0.3234375 0.52421875 0.00625 0.0109375
0 0.55546875 0.5171875 0.00625 0.00625
0 0.78046875 0.53046875 0.00625 0.0078125
0 0.6171875 0.55703125 0.00859375 0.01328125
0 0.79296875 0.53046875 0.00859375 0.0078125
0 0.56171875 0.61640625 0.0125 0.01953125
0 0.425 0.52421875 0.00703125 0.0109375
0 0.48046875 0.5171875 0.00703125 0.009375
0 0.40546875 0.5171875 0.00625 0.009375
0 0.38046875 0.55390625 0.00859375 0.01171875
0 0.05546875 0.55390625 0.01015625 0.01484375
0 0.45390625 0.93203125 0.0671875 0.0359375
0 0.834375 0.5921875 0.01171875 0.01640625
0 0.65625 0.62421875 0.01484375 0.01796875
0 0.63984375 0.628125 0.015625 0.01953125
0 0.38125 0.5171875 0.00625 0.009375
0 0.41796875 0.55390625 0.01015625 0.01484375
0 0.76640625 0.56640625 0.01171875 0.01328125
0 0.16796875 0.5046875 0.00703125 0.0078125
0 0.21796875 0.5171875 0.00625 0.009375
0 0.56796875 0.55390625 0.009375 0.01484375
0 0.6171875 0.5171875 0.00625 0.009375
0 0.69296875 0.5171875 0.00625 0.009375
0 0.31875 0.6140625 0.015625 0.02109375
0 0.10546875 0.51953125 0.00703125 0.0078125