0 0.221875 0.30546875 0.034375 0.05078125
0 0.38203125 0.16796875 0.025 0.0390625
0 0.35546875 0.1125 0.0234375 0.03515625
0 0.271875 0.275 0.03046875 0.04921875
0 0.08046875 0.21796875 0.03203125 0.04296875
0 0.28203125 0.19375 0.0265625 0.04140625
0 0.7171875 0.12421875 0.02734375 0.04296875
0 0.33671875 0.1796875 0.0265625 0.04140625
0 0.19921875 0.09921875 0.025 0.03671875
0 0.1484375 0.18671875 0.0296875 0.04296875
0 0.0640625 0.3484375 0.0390625 0.053125
0 0.49296875 0.15546875 0.02421875 0.04296875
0 0.42109375 0.1046875 0.02265625 0.0375
0 0.57734375 0.39375 0.0390625 0.05625
0 0.565625 0.05390625 0.02265625 0.0328125
0 0.6546875 0.27890625 0.0296875 0.046875
0 0.13359375 0.10625 0.025 0.0375
0 0.27265625 0.0984375 0.02265625 0.03515625
0 0.36171875 0.07578125 0.0203125 0.03125
0 0.52109375 0.14375 0.02265625 0.0375
0 0.5234375 0.0765625 0.02734375 0.04140625
0 0.6625 0.15 0.03046875 0.0484375
0 0.76875 0.1375 0.0265625 0.0375
0 0.05078125 0.08046875 0.0234375 0.03671875
0 0.4640625 0.7484375 0.06328125 0.10390625
0 0.74921875 0.17578125 0.0359375 0.05234375
0 0.803125 0.1984375 0.03125 0.0453125
0 0.01015625 0.2234375 0.0203125 0.0484375
0 0.78515625 0.271875 0.0375 0.05703125
0 0.259375 0.1453125 0.02421875 0.03515625
0 0.3875 0.3734375 0.04609375 0.0609375
0 0.8953125 0.09765625 0.02734375 0.04453125
0 0.60078125 0.0921875 0.0234375 0.03671875
0 0.10078125 0.44375 0.040625 0.0609375
0 0.384375 0.2890625 0.0390625 0.05703125
0 0.52734375 0.74453125 0.0546875 0.09375
0 0.6375 0.3734375 0.04296875 0.0640625
0 0.9609375 0.05625 0.0234375 0.03125
0 0.97265625 0.33046875 0.05078125 0.09375
0 0.0046875 0.0921875 0.009375 0.03515625
0 0.946875 0.08203125 0.025 0.03671875
0 0.825 0.15703125 0.03203125 0.0484375
0 0.44609375 0.009375 0.0203125 0.01875
0 0.84375 0.00625 0.01875 0.0125
0 0.03046875 0.04375 0.02421875 0.0296875
0 0.1421875 0.00703125 0.021875 0.0140625
0 0.01484375 0.00859375 0.01875 0.0171875
0 0.35625 0.00625 0.01875 0.01171875
0 0.85546875 0.17890625 0.025 0.0375
0 0.884375 0.803125 0.03515625 0.03671875
0 0.86796875 0.11328125 0.02265625 0.02109375
0 0.09453125 0.00625 0.02265625 0.01171875