1 0.5 0.77734375 0.99296875 0.425
1 0.465625 0.85390625 0.03671875 0.0625
1 0.64453125 0.9234375 0.0546875 0.0921875
1 0.3484375 0.89765625 0.040625 0.0703125
1 0.2796875 0.8984375 0.040625 0.07265625
1 0.34921875 0.92734375 0.0984375 0.13515625
1 0.4765625 0.9078125 0.06875 0.175
1 0.01953125 0.84140625 0.03828125 0.07734375
1 0.21953125 0.91484375 0.0453125 0.0703125
1 0.73359375 0.94375 0.0421875 0.07734375
1 0.5734375 0.85390625 0.03125 0.04765625
1 0.13984375 0.90625 0.04375 0.0625
1 0.22265625 0.9359375 0.06640625 0.1171875
1 0.42734375 0.84375 0.03359375 0.05234375
1 0.3140625 0.89609375 0.03515625 0.0625
1 0.5765625 0.94375 0.05078125 0.0671875
1 0.6515625 0.81484375 0.071875 0.13515625
1 0.1078125 0.9046875 0.03359375 0.06484375
1 0.20625 0.79765625 0.0296875 0.05
1 0.140625 0.9609375 0.0421875 0.0578125
1 0.421875 0.90625 0.0859375 0.17734375
1 0.18046875 0.8953125 0.0421875 0.06484375
1 0.771875 0.94140625 0.0421875 0.0671875
1 0.64921875 0.7796875 0.03125 0.06015625
1 0.52421875 0.94765625 0.03828125 0.06015625
1 0.10078125 0.82890625 0.03359375 0.0578125
1 0.96171875 0.85 0.03515625 0.06015625
1 0.68828125 0.94140625 0.04375 0.0671875
1 0.32734375 0.78515625 0.0296875 0.03984375
1 0.80625 0.84609375 0.03359375 0.0578125
1 0.49140625 0.81875 0.03125 0.05234375
1 0.9046875 0.94609375 0.04765625 0.07265625
1 0.0671875 0.825 0.03359375 0.05
1 0.2875 0.92890625 0.06328125 0.1328125
1 0.01953125 0.60390625 0.02421875 0.0421875
1 0.27421875 0.83359375 0.03359375 0.04765625
1 0.04296875 0.7 0.0265625 0.03984375
1 0.22109375 0.86484375 0.0421875 0.05
1 0.9125 0.8796875 0.05625 0.0703125
1 0.03671875 0.8984375 0.0734375 0.1921875
1 0.2484375 0.65234375 0.01953125 0.0296875
1 0.771875 0.6328125 0.028125 0.03984375
1 0.7796875 0.3953125 0.2265625 0.71484375
1 0.515625 0.82109375 0.028125 0.04765625
1 0.10703125 0.6 0.02109375 0.03515625
1 0.1671875 0.8515625 0.0296875 0.0421875
1 0.378125 0.8625 0.03359375 0.0546875
1 0.30078125 0.68515625 0.02265625 0.03984375
1 0.15546875 0.6203125 0.03359375 0.1296875
1 0.1421875 0.93515625 0.0734375 0.1203125
1 0.7703125 0.6796875 0.05234375 0.13984375
1 0.309375 0.62890625 0.02265625 0.0328125
1 0.08828125 0.93359375 0.07578125 0.12265625
1 0.7578125 0.84765625 0.03515625 0.0546875
1 0.384375 0.74765625 0.02421875 0.0453125
1 0.72109375 0.8296875 0.03125 0.0453125
1 0.10703125 0.6765625 0.02421875 0.0375
1 0.57890625 0.90625 0.06328125 0.15234375
1 0.2328125 0.79140625 0.0296875 0.05234375
1 0.0921875 0.77734375 0.0296875 0.03984375
1 0.79921875 0.07734375 0.04375 0.075
1 0.56953125 0.74765625 0.0265625 0.03984375
1 0.78125 0.2640625 0.03671875 0.0671875
1 0.82578125 0.91640625 0.040625 0.05234375
1 0.8515625 0.8421875 0.03359375 0.06484375
1 0.8875 0.7625 0.028125 0.03984375
1 0.4265625 0.9234375 0.03828125 0.05234375
1 0.3984375 0.83515625 0.03125 0.0546875
1 0.0953125 0.64375 0.02265625 0.0375
1 0.153125 0.5703125 0.01953125 0.0296875
1 0.8015625 0.54375 0.02421875 0.0375
1 0.178125 0.73515625 0.0265625 0.03984375
1 0.27890625 0.7921875 0.028125 0.0453125
1 0.0875 0.7015625 0.02421875 0.0375
1 0.52578125 0.7640625 0.0296875 0.0421875
1 0.30078125 0.79140625 0.0265625 0.04765625
1 0.909375 0.81484375 0.0296875 0.0453125
1 0.55234375 0.8140625 0.02421875 0.0421875
1 0.5078125 0.7515625 0.0296875 0.04765625
1 0.64765625 0.78125 0.059375 0.0921875
1 0.3578125 0.7625 0.02421875 0.0453125
1 0.26875 0.6890625 0.028125 0.0375
1 0.6703125 0.8703125 0.0453125 0.05
1 0.26328125 0.7484375 0.028125 0.04765625
1 0.390625 0.78359375 0.040625 0.05234375
1 0.2015625 0.69765625 0.02421875 0.03984375
1 0.80859375 0.9640625 0.05625 0.0625
1 0.821875 0.80859375 0.0296875 0.0421875
1 0.45234375 0.7640625 0.028125 0.04765625
1 0.9875 0.87890625 0.02109375 0.0671875
1 0.46640625 0.8546875 0.06640625 0.0953125
1 0.878125 0.87109375 0.040625 0.07265625
1 0.72421875 0.88515625 0.0453125 0.06484375
1 0.809375 0.9046875 0.03671875 0.06015625