0 0.3203125 0.2390625 0.01875 0.02734375
0 0.91953125 0.60703125 0.0296875 0.04921875
0 0.2453125 0.28671875 0.01875 0.03046875
0 0.64609375 0.4765625 0.025 0.0390625
0 0.8890625 0.5453125 0.028125 0.0421875
0 0.903125 0.278125 0.0203125 0.03046875
0 0.65546875 0.63671875 0.03203125 0.05390625
0 0.1234375 0.89453125 0.03515625 0.0625
0 0.14140625 0.43359375 0.02578125 0.0421875
0 0.24296875 0.39296875 0.02265625 0.040625
0 0.92109375 0.38671875 0.02265625 0.03359375
0 0.15390625 0.05546875 0.0109375 0.0203125
0 0.37890625 0.86796875 0.03203125 0.05234375
0 0.71015625 0.41484375 0.025 0.03515625
0 0.47578125 0.8234375 0.0328125 0.05625
0 0.75859375 0.59375 0.0296875 0.04921875
0 0.93046875 0.44296875 0.025 0.040625
0 0.83984375 0.59375 0.0296875 0.04921875
0 0.375 0.71484375 0.03125 0.059375
0 0.6890625 0.51171875 0.025 0.0421875
0 0.62890625 0.2859375 0.02109375 0.02578125
0 0.6203125 0.56640625 0.028125 0.04609375
0 0.43359375 0.74375 0.03203125 0.05390625
0 0.39765625 0.3890625 0.02421875 0.03203125
0 0.47421875 0.48828125 0.02578125 0.0421875
0 0.55 0.35 0.0203125 0.03203125
0 0.7796875 0.4640625 0.02421875 0.0421875
0 0.83515625 0.80703125 0.0390625 0.0578125
0 0.03359375 0.86796875 0.0390625 0.0640625
0 0.69453125 0.33359375 0.02109375 0.03203125
0 0.4640625 0.54921875 0.028125 0.0453125
0 0.96953125 0.51953125 0.025 0.040625
0 0.0734375 0.3984375 0.028125 0.0390625
0 0.5453125 0.6171875 0.0296875 0.05078125
0 0.678125 0.2984375 0.021875 0.03046875
0 0.234375 0.78828125 0.034375 0.05234375
0 0.790625 0.234375 0.01640625 0.025
0 0.915625 0.23984375 0.01796875 0.02734375
0 0.37578125 0.51328125 0.02578125 0.04765625
0 0.82421875 0.4765625 0.025 0.0390625
0 0.49375 0.64375 0.03125 0.05390625
0 0.87578125 0.22265625 0.01640625 0.021875
0 0.79765625 0.29609375 0.0203125 0.02890625
0 0.41015625 0.89453125 0.0359375 0.0625
0 0.88359375 0.484375 0.02734375 0.0421875
0 0.278125 0.46953125 0.02734375 0.0421875
0 0.59609375 0.10703125 0.0140625 0.0234375
0 0.29375 0.90625 0.03828125 0.06796875
0 0.8890625 0.2453125 0.01640625 0.02890625
0 0.98984375 0.31640625 0.01796875 0.03203125
0 0.80859375 0.23359375 0.01640625 0.0234375
0 0.25078125 0.6171875 0.03125 0.05234375
0 0.43515625 0.68515625 0.03125 0.04609375
0 0.225 0.334375 0.02109375 0.03359375
0 0.175 0.31640625 0.021875 0.03515625
0 0.76875 0.525 0.025 0.03359375
0 0.61484375 0.43828125 0.025 0.0375
0 0.29765625 0.28046875 0.01796875 0.02890625
0 0.284375 0.40546875 0.025 0.0390625
0 0.8625 0.3640625 0.021875 0.0375
0 0.80390625 0.084375 0.0140625 0.0203125
0 0.28984375 0.0890625 0.0140625 0.021875
0 0.85859375 0.9578125 0.04375 0.0640625
0 0.82890625 0.3796875 0.01875 0.025
0 0.73359375 0.75234375 0.03515625 0.05078125
0 0.734375 0.40859375 0.02421875 0.0390625
0 0.5171875 0.0640625 0.01328125 0.0203125
0 0.940625 0.7609375 0.028125 0.0453125
0 0.57578125 0.49921875 0.02265625 0.03203125
0 0.65 0.3609375 0.02109375 0.03046875
0 0.12890625 0.05234375 0.01328125 0.0203125
0 0.859375 0.20625 0.01640625 0.0234375
0 0.91015625 0.865625 0.04296875 0.065625
0 0.5328125 0.4484375 0.021875 0.03515625
0 0.678125 0.26875 0.01875 0.0234375
0 0.8046875 0.1953125 0.01640625 0.025
0 0.1390625 0.29609375 0.0203125 0.02890625
0 0.578125 0.08828125 0.01171875 0.0203125
0 0.2703125 0.23359375 0.01875 0.02578125
0 0.5984375 0.721875 0.03984375 0.0625
0 0.47578125 0.34921875 0.02109375 0.03359375
0 0.64296875 0.2234375 0.01640625 0.0234375
0 0.36015625 0.3625 0.02265625 0.03359375
0 0.86484375 0.30703125 0.02109375 0.03046875
0 0.93359375 0.97109375 0.046875 0.05546875
0 0.41875 0.11796875 0.0140625 0.021875
0 0.78984375 0.12265625 0.01484375 0.021875
0 0.303125 0.22421875 0.0171875 0.02734375
0 0.0859375 0.303125 0.01875 0.03203125
0 0.0203125 0.98359375 0.040625 0.0265625
0 0.4015625 0.19296875 0.01328125 0.0203125
0 0.35390625 0.17890625 0.0140625 0.0203125
0 0.34921875 0.33125 0.02109375 0.03203125
0 0.7859375 0.81953125 0.03671875 0.05390625
0 0.54375 0.10703125 0.0140625 0.0203125
0 0.18828125 0.2046875 0.01640625 0.0203125
0 0.69140625 0.2109375 0.01796875 0.02734375
0 0.85546875 0.73671875 0.034375 0.059375
0 0.47109375 0.3015625 0.01875 0.03203125
0 0.509375 0.27734375 0.01484375 0.02578125
0 0.10546875 0.11875 0.0140625 0.0203125
0 0.21796875 0.2171875 0.0171875 0.02734375
0 0.84453125 0.2453125 0.01875 0.02890625
0 0.81953125 0.66015625 0.0296875 0.04609375
0 0.58515625 0.23671875 0.01640625 0.02890625
0 0.11875 0.10390625 0.01328125 0.021875
0 0.61484375 0.090625 0.01484375 0.021875
0 0.534375 0.3296875 0.01875 0.02890625
0 0.76484375 0.3109375 0.0203125 0.03359375
0 0.7390625 0.26171875 0.01875 0.021875
0 0.3203125 0.06484375 0.01328125 0.021875
0 0.44296875 0.2171875 0.01640625 0.021875
0 0.30390625 0.50703125 0.03125 0.05078125
0 0.4296875 0.4921875 0.025 0.040625
0 0.76484375 0.26328125 0.0203125 0.03046875
0 0.1015625 0.2046875 0.01640625 0.0203125
0 0.31796875 0.33984375 0.02109375 0.03515625
0 0.49453125 0.06640625 0.0109375 0.01875
0 0.23984375 0.22265625 0.01640625 0.021875
0 0.30859375 0.10625 0.0140625 0.0234375
0 0.94453125 0.27109375 0.0203125 0.03203125
0 0.93359375 0.11640625 0.0140625 0.0203125
0 0.47109375 0.39453125 0.021875 0.02578125
0 0.73828125 0.21875 0.0171875 0.025
0 0.36875 0.22890625 0.01640625 0.025
0 0.48984375 0.10703125 0.0140625 0.0203125
0 0.36953125 0.10703125 0.01484375 0.021875
0 0.07734375 0.2296875 0.0171875 0.021875
0 0.88984375 0.0953125 0.0140625 0.01875
0 0.665625 0.91875 0.04375 0.06640625
0 0.965625 0.22109375 0.01640625 0.025
0 0.33984375 0.2171875 0.01640625 0.02734375
0 0.21875 0.25234375 0.01875 0.02890625
0 0.26015625 0.0953125 0.0140625 0.021875
0 0.61640625 0.21484375 0.0140625 0.0203125
0 0.4703125 0.18203125 0.01328125 0.021875
0 0.11953125 0.19609375 0.01484375 0.0203125
0 0.603125 0.3546875 0.01796875 0.02734375
0 0.99375 0.3921875 0.01015625 0.03515625
0 0.93984375 0.1578125 0.0140625 0.021875
0 0.16953125 0.69375 0.034375 0.05234375
0 0.46015625 0.209375 0.01640625 0.0234375
0 0.1453125 0.2453125 0.01640625 0.0234375
0 0.41953125 0.22734375 0.01484375 0.02734375
0 0.61953125 0.19453125 0.01484375 0.0203125
0 0.0828125 0.6484375 0.03515625 0.05234375
0 0.9 0.1453125 0.0140625 0.0234375
0 0.915625 0.11796875 0.01328125 0.01875
0 0.440625 0.27109375 0.01796875 0.03203125
0 0.75859375 0.37578125 0.0203125 0.03203125
0 0.5703125 0.96015625 0.04140625 0.07421875
0 0.53515625 0.2296875 0.01640625 0.0234375
0 0.14609375 0.20625 0.0171875 0.02578125
0 0.3296875 0.1703125 0.0140625 0.01875
0 0.14140625 0.115625 0.01171875 0.021875
0 0.9859375 0.25703125 0.0203125 0.02890625
0 0.55625 0.22578125 0.01640625 0.021875
0 0.53984375 0.41640625 0.021875 0.02890625
0 0.69453125 0.4640625 0.02578125 0.0390625
0 0.08359375 0.08203125 0.01328125 0.021875
0 0.5203125 0.25859375 0.01640625 0.0234375
0 0.309375 0.19921875 0.01484375 0.021875
0 0.984375 0.48515625 0.025 0.0390625
0 0.1578125 0.2796875 0.01875 0.03046875
0 0.66953125 0.2171875 0.01640625 0.025
0 0.2546875 0.21328125 0.0140625 0.0234375
0 0.71171875 0.26875 0.01796875 0.02890625
0 0.7640625 0.21640625 0.01484375 0.0203125
0 0.13046875 0.13984375 0.01328125 0.01875
0 0.32890625 0.10078125 0.0140625 0.021875
0 0.62421875 0.7890625 0.03984375 0.059375
0 0.625 0.23515625 0.01484375 0.02578125
0 0.475 0.2671875 0.01640625 0.0234375
0 0.81796875 0.121875 0.01328125 0.0203125
0 0.50546875 0.45625 0.025 0.0421875
0 0.1 0.571875 0.028125 0.04921875
0 0.9328125 0.20234375 0.01640625 0.021875
0 0.78359375 0.21171875 0.01640625 0.0234375
0 0.8953125 0.221875 0.01484375 0.0203125
0 0.11015625 0.0609375 0.01171875 0.0203125
0 0.83515625 0.353125 0.01875 0.025
0 0.965625 0.14609375 0.01171875 0.01875
0 0.278125 0.04140625 0.01328125 0.021875
0 0.290625 0.06953125 0.01015625 0.0171875
0 0.059375 0.06640625 0.01484375 0.0203125
0 0.92109375 0.14140625 0.0140625 0.021875
0 0.11484375 0.2171875 0.01640625 0.021875
0 0.4484375 0.08984375 0.01328125 0.0171875
0 0.2859375 0.80078125 0.0328125 0.05546875
0 0.6109375 0.2453125 0.01484375 0.02578125
0 0.95390625 0.10859375 0.01171875 0.0203125
0 0.3328125 0.07890625 0.01328125 0.01875
0 0.27421875 0.10859375 0.0140625 0.0203125
0 0.9609375 0.171875 0.0140625 0.01875
0 0.24375 0.0984375 0.0109375 0.0203125
0 0.3828125 0.08046875 0.0140625 0.01875
0 0.140625 0.02265625 0.01328125 0.01875
0 0.98125 0.19296875 0.01484375 0.0203125
0 0.35546875 0.0796875 0.01328125 0.0171875
0 0.0703125 0.1453125 0.01328125 0.0203125
0 0.27265625 0.209375 0.01484375 0.021875
0 0.8890625 0.1296875 0.0140625 0.01875
0 0.68984375 0.184375 0.0109375 0.0203125
0 0.06796875 0.1140625 0.01171875 0.01875
0 0.5125 0.2359375 0.01484375 0.021875
0 0.2453125 0.15390625 0.0109375 0.0203125
0 0.22109375 0.0328125 0.01171875 0.01875
0 0.17265625 0.02578125 0.01328125 0.0203125
0 0.99375 0.13046875 0.01015625 0.0203125
0 0.259375 0.2609375 0.0203125 0.0234375
0 0.1125 0.28203125 0.0171875 0.03046875
0 0.4046875 0.2171875 0.01484375 0.025
0 0.20078125 0.8796875 0.028125 0.0609375
0 0.99453125 0.184375 0.009375 0.0203125
0 0.07421875 0.18203125 0.01640625 0.025
0 0.10078125 0.00546875 0.0140625 0.0109375
0 0.5359375 0.25546875 0.01484375 0.02578125
0 0.259375 0.1578125 0.01484375 0.021875
0 0.4984375 0.3109375 0.0171875 0.02734375
0 0.5140625 0.2109375 0.0140625 0.021875
0 0.93125 0.17890625 0.01484375 0.01875
0 0.37109375 0.17890625 0.0140625 0.021875
0 0.1890625 0.2328125 0.0171875 0.025
0 0.15390625 0.00703125 0.0140625 0.0140625
0 0.09140625 0.0640625 0.01171875 0.0171875
0 0.3390625 0.1875 0.0140625 0.0203125
0 0.94453125 0.6296875 0.025 0.02890625
0 0.43359375 0.10859375 0.01171875 0.0203125
0 0.1703125 0.89609375 0.034375 0.05390625
0 0.98046875 0.13203125 0.0109375 0.0171875
0 0.378125 0.25390625 0.01484375 0.0234375
0 0.06796875 0.44453125 0.034375 0.05078125
0 0.94765625 0.23671875 0.01640625 0.0234375
0 0.9546875 0.19921875 0.01484375 0.0234375
0 0.6328125 0.09453125 0.01328125 0.0203125
0 0.44296875 0.15078125 0.0140625 0.0203125
0 0.4953125 0.171875 0.0140625 0.021875
0 0.71953125 0.23125 0.0203125 0.025
0 0.52890625 0.11875 0.01484375 0.0234375
0 0.9296875 0.06640625 0.0109375 0.0171875
0 0.959375 0.128125 0.0109375 0.015625
0 0.99453125 0.1515625 0.009375 0.021875