0 0.71796875 0.26796875 0.0265625 0.0390625
0 0.26484375 0.37421875 0.0375 0.05625
0 0.13359375 0.66171875 0.0625 0.08359375
0 0.65078125 0.25078125 0.028125 0.0453125
0 0.4578125 0.51015625 0.04296875 0.0625
0 0.20390625 0.7171875 0.0578125 0.0765625
0 0.31484375 0.5171875 0.04375 0.0640625
0 0.61953125 0.1859375 0.02265625 0.03671875
0 0.95234375 0.06171875 0.01953125 0.025
0 0.6859375 0.2859375 0.028125 0.0453125
0 0.4703125 0.6109375 0.0515625 0.07421875
0 0.33046875 0.9359375 0.07109375 0.1
0 0.3109375 0.18046875 0.021875 0.0328125
0 0.3703125 0.2875 0.0234375 0.0328125
0 0.3328125 0.2265625 0.025 0.0390625
0 0.96171875 0.13828125 0.0203125 0.03125
0 0.9921875 0.17578125 0.0140625 0.03125
0 0.00703125 0.59375 0.0140625 0.0859375