0 0.2703125 0.8171875 0.02734375 0.0453125
0 0.90625 0.71640625 0.03125 0.04453125
0 0.7796875 0.68125 0.028125 0.0390625
0 0.596875 0.56640625 0.01640625 0.0234375
0 0.1828125 0.65546875 0.0203125 0.0296875
0 0.028125 0.6890625 0.02421875 0.03359375
0 0.3703125 0.6453125 0.01953125 0.02734375
0 0.4671875 0.5953125 0.015625 0.02578125
0 0.70703125 0.5640625 0.021875 0.02890625
0 0.73828125 0.73828125 0.0296875 0.04453125
0 0.1078125 0.696875 0.0203125 0.02734375
0 0.384375 0.9203125 0.03203125 0.053125
0 0.01640625 0.65 0.021875 0.02578125
0 0.690625 0.68125 0.0265625 0.03671875
0 0.93828125 0.80078125 0.03828125 0.0546875
0 0.9890625 0.6765625 0.0203125 0.04296875
0 0.96171875 0.6125 0.025 0.0375
0 0.821875 0.66875 0.0265625 0.0375
0 0.128125 0.6640625 0.02265625 0.03125
0 0.53515625 0.66171875 0.021875 0.03125
0 0.63671875 0.53125 0.0140625 0.02109375
0 0.321875 0.58515625 0.0140625 0.01953125
0 0.62578125 0.615625 0.021875 0.03359375
0 0.57109375 0.69453125 0.0265625 0.0375
0 0.3296875 0.63515625 0.01484375 0.0234375
0 0.72421875 0.6734375 0.0203125 0.03359375
0 0.01484375 0.86953125 0.0296875 0.0421875
0 0.4828125 0.55390625 0.015625 0.01953125
0 0.51484375 0.659375 0.01953125 0.0296875
0 0.72734375 0.56875 0.0171875 0.02578125
0 0.70546875 0.5296875 0.01640625 0.021875
0 0.40703125 0.6015625 0.01640625 0.02109375
0 0.80234375 0.503125 0.01484375 0.021875
0 0.540625 0.525 0.0125 0.0140625
0 0.29140625 0.61796875 0.01484375 0.025
0 0.696875 0.6109375 0.021875 0.0296875
0 0.6921875 0.503125 0.0140625 0.01953125
0 0.790625 0.4859375 0.0125 0.01796875
0 0.53203125 0.55703125 0.01484375 0.02109375
0 0.35234375 0.58828125 0.0140625 0.01796875
0 0.846875 0.54765625 0.01640625 0.021875
0 0.009375 0.76328125 0.01875 0.0390625
0 0.5703125 0.5484375 0.015625 0.02109375
0 0.98125 0.77421875 0.0328125 0.05078125
0 0.128125 0.63671875 0.0171875 0.0234375
0 0.95859375 0.51875 0.0203125 0.0296875
0 0.66796875 0.4890625 0.01171875 0.0140625
0 0.0546875 0.6390625 0.0171875 0.021875
0 0.81328125 0.58203125 0.0171875 0.0234375
0 0.4390625 0.60625 0.0140625 0.01953125
0 0.61328125 0.53671875 0.015625 0.0234375
0 0.01484375 0.62265625 0.015625 0.01796875
0 0.49296875 0.53125 0.0109375 0.01328125
0 0.8578125 0.58125 0.015625 0.025
0 0.88203125 0.5421875 0.01953125 0.0296875
0 0.1375 0.7046875 0.01640625 0.0296875
0 0.284375 0.64765625 0.01484375 0.025
0 0.63984375 0.47890625 0.0109375 0.015625
0 0.8046875 0.4640625 0.01171875 0.0171875
0 0.08828125 0.6125 0.01484375 0.01953125
0 0.50703125 0.5453125 0.01171875 0.0171875
0 0.70234375 0.48125 0.0109375 0.0171875
0 0.48125 0.53046875 0.00859375 0.01171875
0 0.7671875 0.45625 0.01171875 0.0140625
0 0.7578125 0.49375 0.0140625 0.01796875
0 0.6203125 0.47890625 0.0109375 0.015625
0 0.6515625 0.48125 0.0109375 0.0140625
0 0.759375 0.52890625 0.0125 0.02109375
0 0.45234375 0.565625 0.01484375 0.01953125
0 0.9328125 0.5875 0.021875 0.02578125
0 0.64140625 0.45546875 0.0109375 0.01328125
0 0.6015625 0.51796875 0.0140625 0.01796875
0 0.0578125 0.6140625 0.015625 0.021875
0 0.37890625 0.6109375 0.0171875 0.01953125
0 0.7765625 0.50703125 0.01484375 0.021875
0 0.48515625 0.58515625 0.015625 0.021875
0 0.00625 0.565625 0.0125 0.01953125
0 0.50625 0.5296875 0.00859375 0.01171875
0 0.5296875 0.53828125 0.0125 0.0140625
0 0.51796875 0.53046875 0.0109375 0.01171875
0 0.628125 0.51640625 0.0140625 0.0171875
0 0.6546875 0.45625 0.009375 0.0140625
0 0.58046875 0.478125 0.00859375 0.01171875
0 0.54609375 0.54296875 0.01484375 0.01796875
0 0.6859375 0.4859375 0.0109375 0.0140625
0 0.3671875 0.11875 0.009375 0.01328125
0 0.46953125 0.5296875 0.00859375 0.01015625
0 0.49765625 0.56328125 0.01484375 0.01953125
0 0.40703125 0.1453125 0.009375 0.0140625
0 0.29375 0.59453125 0.0125 0.0171875
0 0.04375 0.59296875 0.01484375 0.01953125
0 0.315625 0.6484375 0.01640625 0.0234375
0 0.53828125 0.58125 0.0171875 0.025
0 0.61875 0.45625 0.00703125 0.01171875
0 0.71953125 0.46953125 0.0109375 0.0140625
0 0.446875 0.64296875 0.01484375 0.0234375
0 0.4328125 0.5515625 0.01171875 0.0140625
0 0.5921875 0.4671875 0.0078125 0.01015625
0 0.09453125 0.64140625 0.01640625 0.021875