1 0.096875 0.46171875 0.06875 0.1328125
1 0.55 0.4453125 0.04609375 0.1015625
1 0.6859375 0.45546875 0.07109375 0.1421875
1 0.85234375 0.534375 0.0921875 0.1421875
1 0.33515625 0.52109375 0.07734375 0.15546875
1 0.58984375 0.621875 0.1953125 0.55078125
1 0.6625 0.28203125 0.04296875 0.0890625
1 0.2328125 0.48359375 0.05859375 0.11328125
1 0.6125 0.6 0.0625 0.1375
1 0.4890625 0.596875 0.05078125 0.11015625
1 0.82109375 0.67890625 0.08125 0.13125
1 0.7171875 0.26328125 0.0421875 0.08203125
1 0.9625 0.61328125 0.0703125 0.16171875
1 0.36015625 0.27421875 0.0390625 0.07109375
1 0.48515625 0.49609375 0.046875 0.11171875
1 0.07890625 0.271875 0.03515625 0.07421875
1 0.9109375 0.35078125 0.0625 0.103125
1 0.8234375 0.24609375 0.04296875 0.0984375
1 0.459375 0.42890625 0.05390625 0.0984375
1 0.86484375 0.4296875 0.0515625 0.0875
1 0.090625 0.58359375 0.16796875 0.378125
1 0.85390625 0.29375 0.04765625 0.09375
1 0.7640625 0.4015625 0.05078125 0.0921875
1 0.03046875 0.40390625 0.0609375 0.13046875
1 0.93203125 0.76171875 0.13203125 0.45859375
1 0.915625 0.20546875 0.0453125 0.07578125
1 0.19609375 0.640625 0.15 0.3734375
1 0.3015625 0.6171875 0.2625 0.378125
1 0.75234375 0.31015625 0.05 0.090625
1 0.78984375 0.778125 0.1875 0.340625
1 0.56953125 0.31015625 0.03828125 0.07265625
1 0.7296875 0.58046875 0.0625 0.10703125
1 0.3265625 0.371875 0.04375 0.0875
1 0.621875 0.37578125 0.03984375 0.0890625
1 0.12421875 0.41875 0.04609375 0.096875
1 0.946875 0.47890625 0.0875 0.146875
1 0.1890625 0.2734375 0.03984375 0.07578125
1 0.14140625 0.25 0.0328125 0.0578125
1 0.4953125 0.2109375 0.0375 0.07109375
1 0.6109375 0.25390625 0.040625 0.08203125
1 0.50703125 0.15859375 0.0328125 0.0546875
1 0.97890625 0.25 0.03828125 0.0953125
1 0.56484375 0.203125 0.034375 0.06796875
1 0.16171875 0.3484375 0.03984375 0.08359375
1 0.37890625 0.1953125 0.0328125 0.06953125
1 0.65 0.20078125 0.0375 0.06484375
1 0.68671875 0.1546875 0.03046875 0.06328125
1 0.0328125 0.31640625 0.04765625 0.07265625
1 0.44375 0.19296875 0.0375 0.05625
1 0.10078125 0.18359375 0.03046875 0.06171875
1 0.68828125 0.625 0.159375 0.484375
1 0.4109375 0.19296875 0.0328125 0.06484375
1 0.30078125 0.29765625 0.04296875 0.06796875
1 0.17734375 0.1859375 0.03046875 0.0515625
1 0.26015625 0.29609375 0.04609375 0.07421875
1 0.290625 0.38671875 0.0390625 0.0921875
1 0.490625 0.64296875 0.1875 0.4203125
1 0.95546875 0.15625 0.034375 0.06796875
1 0.02578125 0.24296875 0.03828125 0.06484375
1 0.50703125 0.3171875 0.0421875 0.0859375
1 0.0171875 0.534375 0.034375 0.115625
1 0.73359375 0.190625 0.0296875 0.06328125
1 0.2078125 0.375 0.0375 0.08203125
1 0.07265625 0.1875 0.03046875 0.0578125
1 0.8078125 0.48828125 0.096875 0.16484375
1 0.1359375 0.1625 0.025 0.053125
1 0.85546875 0.09296875 0.0296875 0.05
1 0.35625 0.42734375 0.04375 0.0859375
1 0.33125 0.53984375 0.053125 0.11171875
1 0.2765625 0.13359375 0.02421875 0.04375
1 0.17265625 0.1265625 0.02265625 0.040625
1 0.19765625 0.53515625 0.06328125 0.15
1 0.61875 0.20546875 0.03984375 0.06328125
1 0.5609375 0.13359375 0.02421875 0.046875
1 0.3796875 0.53671875 0.0296875 0.090625
1 0.33515625 0.44765625 0.0671875 0.0875
1 0.49921875 0.49453125 0.99296875 0.97421875
1 0.83828125 0.13828125 0.03046875 0.059375
1 0.66875 0.3171875 0.07734375 0.15859375
1 0.58125 0.15 0.025 0.0484375
1 0.46015625 0.13125 0.0265625 0.0453125
1 0.43671875 0.13515625 0.0296875 0.05
1 0.85 0.60234375 0.13984375 0.278125
1 0.52890625 0.12578125 0.0265625 0.0515625
1 0.42109375 0.05703125 0.0234375 0.0375
1 0.92109375 0.13125 0.0359375 0.053125
1 0.0984375 0.31796875 0.0921875 0.16640625
1 0.4421875 0.27265625 0.03515625 0.06953125
1 0.02265625 0.1953125 0.03203125 0.0421875
1 0.7109375 0.309375 0.06875 0.17109375
1 0.95390625 0.34921875 0.0390625 0.096875
1 0.0453125 0.12734375 0.02421875 0.0453125
1 0.34140625 0.065625 0.02421875 0.03515625
1 0.21953125 0.23125 0.03203125 0.0578125
1 0.23359375 0.125 0.025 0.046875
1 0.6140625 0.2734375 0.0671875 0.12265625
1 0.73125 0.146875 0.034375 0.0453125
1 0.35078125 0.10546875 0.0234375 0.040625
1 0.38984375 0.0546875 0.0203125 0.03359375
1 0.2703125 0.19296875 0.03125 0.05625
1 0.0765625 0.13359375 0.0234375 0.04375
1 0.884375 0.2 0.0359375 0.07265625
1 0.10078125 0.12265625 0.02421875 0.0421875
1 0.79296875 0.1109375 0.025 0.040625
1 0.4078125 0.33203125 0.0296875 0.08359375
1 0.3265625 0.15625 0.0265625 0.059375
1 0.2140625 0.12578125 0.02265625 0.0421875
1 0.21953125 0.4234375 0.14140625 0.2328125
1 0.58828125 0.071875 0.028125 0.046875
1 0.528125 0.2265625 0.03515625 0.07734375
1 0.77265625 0.18828125 0.03984375 0.08359375
1 0.82421875 0.2859375 0.13125 0.26328125
1 0.81015625 0.696875 0.05546875 0.0890625
1 0.5609375 0.49765625 0.13671875 0.30234375