0 0.86015625 0.2125 0.0171875 0.02578125
0 0.534375 0.34296875 0.0265625 0.0375
0 0.74296875 0.31015625 0.02421875 0.0390625
0 0.0203125 0.39921875 0.0234375 0.0328125
0 0.82890625 0.3515625 0.02734375 0.04140625
0 0.4703125 0.33046875 0.0171875 0.03125
0 0.4296875 0.17890625 0.0140625 0.01953125
0 0.73515625 0.39453125 0.02734375 0.0390625
0 0.19296875 0.2046875 0.0125 0.02109375
0 0.42265625 0.30625 0.0203125 0.0296875
0 0.6171875 0.3421875 0.021875 0.03359375
0 0.7953125 0.15625 0.015625 0.0234375
0 0.28046875 0.15703125 0.0140625 0.0171875
0 0.5859375 0.19296875 0.0140625 0.0234375
0 0.07734375 0.36640625 0.01953125 0.02734375
0 0.57734375 0.3703125 0.025 0.03515625
0 0.40390625 0.2140625 0.01484375 0.021875
0 0.08671875 0.31875 0.02265625 0.02578125
0 0.915625 0.178125 0.01640625 0.0234375
0 0.50703125 0.19375 0.01484375 0.0234375
0 0.884375 0.13828125 0.0140625 0.02109375
0 0.04609375 0.24765625 0.0171875 0.02578125
0 0.24296875 0.20703125 0.01484375 0.02109375
0 0.55234375 0.1921875 0.01640625 0.025
0 0.40859375 0.159375 0.0125 0.01953125
0 0.96953125 0.11796875 0.01640625 0.01953125
0 0.94609375 0.24375 0.02421875 0.03125
0 0.5265625 0.15625 0.0140625 0.02109375
0 0.55546875 0.15703125 0.0125 0.0171875
0 0.2078125 0.16640625 0.01171875 0.01796875
0 0.103125 0.11640625 0.0125 0.0171875
0 0.12734375 0.11875 0.0109375 0.0140625
0 0.946875 0.1921875 0.0171875 0.025
0 0.7421875 0.15546875 0.0140625 0.01953125
0 0.85859375 0.15625 0.01484375 0.0234375
0 0.13125 0.16640625 0.0125 0.015625
0 0.16875 0.2234375 0.0140625 0.021875
0 0.8453125 0.09765625 0.0140625 0.01796875
0 0.2609375 0.1359375 0.009375 0.0140625
0 0.253125 0.159375 0.0140625 0.0171875
0 0.165625 0.17890625 0.0125 0.01953125
0 0.69609375 0.096875 0.01171875 0.0171875
0 0.29921875 0.21796875 0.01484375 0.025
0 0.81640625 0.19296875 0.0171875 0.02109375
0 0.615625 0.128125 0.01171875 0.0171875
0 0.759375 0.08125 0.0109375 0.0140625
0 0.10234375 0.1734375 0.0140625 0.02109375
0 0.88203125 0.09453125 0.01171875 0.0140625
0 0.91875 0.0921875 0.01171875 0.0140625
0 0.81640625 0.2171875 0.01953125 0.02734375
0 0.39375 0.1703125 0.0140625 0.01953125
0 0.34140625 0.13203125 0.0109375 0.0140625
0 0.1 0.1546875 0.0125 0.0171875
0 0.86484375 0.125 0.0125 0.01796875
0 0.95703125 0.1046875 0.0140625 0.0171875
0 0.06640625 0.12578125 0.01171875 0.0171875
0 0.7453125 0.0796875 0.0109375 0.015625
0 0.63984375 0.12890625 0.0109375 0.015625
0 0.72265625 0.11640625 0.01171875 0.0171875
0 0.9234375 0.14921875 0.015625 0.01953125
0 0.82734375 0.16875 0.01484375 0.025
0 0.5921875 0.071875 0.009375 0.0140625
0 0.1671875 0.15703125 0.0109375 0.0140625
0 0.14296875 0.29765625 0.01640625 0.01953125
0 0.99375 0.09765625 0.009375 0.015625
0 0.3515625 0.2359375 0.015625 0.025
0 0.98125 0.09296875 0.0109375 0.0140625
0 0.65703125 0.10390625 0.0109375 0.01328125
0 0.73671875 0.1015625 0.0125 0.01796875
0 0.7328125 0.1796875 0.015625 0.02109375
0 0.059375 0.225 0.01875 0.02578125
0 0.07890625 0.40625 0.0203125 0.03125
0 0.3578125 0.08046875 0.0109375 0.01328125
0 0.9296875 0.0546875 0.0078125 0.01015625
0 0.34375 0.06796875 0.0078125 0.0078125
0 0.79375 0.053125 0.00859375 0.01328125
0 0.56953125 0.06953125 0.0078125 0.01171875
0 0.8921875 0.0421875 0.0078125 0.01171875
0 0.9921875 0.12421875 0.01171875 0.01953125
0 0.03515625 0.14296875 0.0140625 0.01796875
0 0.74375 0.03046875 0.00703125 0.01171875
0 0.94375 0.05625 0.00703125 0.0078125
0 0.96953125 0.0921875 0.0109375 0.01328125
0 0.99453125 0.25 0.00859375 0.03125
0 0.99375 0.0796875 0.0109375 0.01171875
0 0.94453125 0.0765625 0.009375 0.01328125
0 0.90546875 0.05625 0.00703125 0.01171875
0 0.83046875 0.1484375 0.01484375 0.01796875
0 0.86015625 0.08671875 0.009375 0.0140625
0 0.94375 0.0921875 0.0109375 0.01328125
0 0.6671875 0.0765625 0.009375 0.01328125
0 0.2328125 0.16328125 0.009375 0.0140625
0 0.69140625 0.06953125 0.009375 0.0140625
0 0.96953125 0.06875 0.0078125 0.01015625
0 0.1203125 0.14296875 0.01171875 0.01796875
0 0.69609375 0.125 0.01171875 0.01796875
0 0.50390625 0.09296875 0.0078125 0.01171875
0 0.9171875 0.05625 0.009375 0.01328125
0 0.1546875 0.1046875 0.00859375 0.01171875
0 0.19140625 0.16640625 0.01171875 0.015625
0 0.69453125 0.0296875 0.00625 0.01015625
0 0.85625 0.03046875 0.00625 0.01171875
0 0.4328125 0.1515625 0.009375 0.0140625
0 0.76796875 0.01875 0.00703125 0.01171875
0 0.3375 0.0875 0.00703125 0.01328125
0 0.88046875 0.08046875 0.0109375 0.01328125
0 0.7625 0.0640625 0.00859375 0.01328125
0 0.74296875 0.01796875 0.00703125 0.0078125
0 0.41875 0.0921875 0.00703125 0.01015625
0 0.34375 0.05546875 0.0078125 0.00625
0 0.79375 0.0296875 0.00703125 0.0078125
0 0.6203125 0.09375 0.009375 0.01328125
0 0.7171875 0.0546875 0.00859375 0.01328125
0 0.69375 0.0171875 0.00703125 0.01171875
0 0.84375 0.03046875 0.0078125 0.01171875
0 0.83046875 0.03046875 0.00703125 0.01171875
0 0.28046875 0.06796875 0.0078125 0.0078125
0 0.61875 0.06875 0.00703125 0.01171875
0 0.2359375 0.1359375 0.009375 0.0140625
0 0.74140625 0.05625 0.00859375 0.01328125
0 0.65703125 0.08125 0.00859375 0.01171875
0 0.6546875 0.06640625 0.009375 0.01328125
0 0.24296875 0.06796875 0.00703125 0.0078125
0 0.95546875 0.05625 0.00703125 0.0078125
0 0.73125 0.06875 0.00859375 0.01171875
0 0.98125 0.06875 0.0078125 0.01171875
0 0.29375 0.05546875 0.00703125 0.00625
0 0.6375 0.0875 0.00859375 0.01328125
0 0.71796875 0.0171875 0.00703125 0.01171875
0 0.87890625 0.05390625 0.0078125 0.01171875
0 0.30546875 0.0546875 0.00625 0.0078125
0 0.84453125 0.05625 0.00859375 0.01328125
0 0.63125 0.06796875 0.00703125 0.01015625
0 0.62734375 0.1859375 0.0125 0.01796875
0 0.8375 0.0125 0.0078125 0.01171875
0 0.46875 0.06875 0.0078125 0.0078125
0 0.71796875 0.0296875 0.00703125 0.0078125
0 0.728125 0.08515625 0.0109375 0.0140625
0 0.70546875 0.0171875 0.00703125 0.0078125
0 0.89375 0.08203125 0.0109375 0.01328125
0 0.90546875 0.0421875 0.0078125 0.009375
0 0.278125 0.2015625 0.0140625 0.01796875
0 0.85625 0.0171875 0.00625 0.0078125
0 0.64140625 0.06875 0.009375 0.01171875
0 0.34296875 0.04375 0.00703125 0.00625
0 0.8953125 0.11875 0.01171875 0.0171875
0 0.73125 0.0171875 0.00703125 0.01171875
0 0.415625 0.10546875 0.00859375 0.01328125
0 0.68046875 0.03125 0.00703125 0.01015625
0 0.31875 0.06796875 0.00703125 0.0078125
0 0.70546875 0.03046875 0.00703125 0.01171875
0 0.89296875 0.0046875 0.00703125 0.009375
0 0.91875 0.06875 0.00859375 0.01171875
0 0.88125 0.0171875 0.00625 0.0078125
0 0.43125 0.09375 0.0078125 0.01015625
0 0.89296875 0.1625 0.01640625 0.02109375
0 0.75625 0.0046875 0.00703125 0.009375
0 0.6015625 0.10625 0.009375 0.0140625
0 0.78125 0.0171875 0.0078125 0.01171875
0 0.19375 0.0921875 0.00703125 0.01171875
0 0.89296875 0.0171875 0.00703125 0.0078125
0 0.1109375 0.31875 0.0171875 0.0234375
0 0.80546875 0.0296875 0.00703125 0.01015625
0 0.95546875 0.0796875 0.00859375 0.01171875
0 0.36875 0.04296875 0.0078125 0.0078125
0 0.90546875 0.01796875 0.0078125 0.0078125
0 0.2734375 0.075 0.00625 0.01171875
0 0.28828125 0.0609375 0.00625 0.0078125
0 0.76796875 0.0046875 0.00703125 0.009375
0 0.66875 0.01796875 0.00625 0.0078125
0 0.48125 0.0171875 0.00703125 0.00625
0 0.74375 0.0046875 0.00703125 0.009375
0 0.78203125 0.04296875 0.0078125 0.01328125
0 0.55546875 0.06875 0.00703125 0.01171875
0 0.81953125 0.046875 0.0078125 0.01328125
0 0.41875 0.05546875 0.00625 0.00625
0 0.3328125 0.1171875 0.00859375 0.01015625
0 0.4546875 0.0796875 0.00625 0.0078125
0 0.8671875 0.03125 0.00625 0.01015625
0 0.29375 0.06875 0.00625 0.00625
0 0.79375 0.01796875 0.00625 0.0078125
0 0.61796875 0.08046875 0.00859375 0.01328125
0 0.61796875 0.04296875 0.00703125 0.0078125
0 0.63125 0.0421875 0.00703125 0.009375
0 0.40546875 0.09140625 0.00703125 0.01015625
0 0.4296875 0.08046875 0.00625 0.0078125
0 0.4375 0.0609375 0.0078125 0.0078125
0 0.6578125 0.13125 0.0109375 0.0140625
0 0.93125 0.06875 0.00703125 0.01171875
0 0.80546875 0.0171875 0.00703125 0.01171875
0 0.915625 0.2375 0.0171875 0.025
0 0.21171875 0.0875 0.00703125 0.01328125
0 0.39296875 0.05625 0.00703125 0.0078125
0 0.3921875 0.04296875 0.00625 0.0078125
0 0.71484375 0.375 0.0171875 0.02578125
0 0.2625 0.0609375 0.00625 0.0078125
0 0.3796875 0.0796875 0.0078125 0.01015625