0 0.16015625 0.38046875 0.02734375 0.0390625
0 0.29609375 0.13515625 0.0125 0.01796875
0 0.5921875 0.1359375 0.015625 0.025
0 0.7765625 0.2703125 0.034375 0.05078125
0 0.44140625 0.45390625 0.03515625 0.05078125
0 0.6890625 0.1546875 0.0171875 0.025
0 0.9359375 0.3421875 0.03515625 0.05078125
0 0.2 0.34140625 0.0265625 0.03671875
0 0.734375 0.2 0.025 0.0375
0 0.23984375 0.1796875 0.01640625 0.0234375
0 0.6515625 0.146875 0.0171875 0.02890625
0 0.61875 0.39921875 0.0328125 0.05078125
0 0.37421875 0.1578125 0.01875 0.02578125
0 0.52109375 0.0453125 0.0125 0.0171875
0 0.14296875 0.1265625 0.0125 0.02109375
0 0.790625 0.3734375 0.0390625 0.05625
0 0.371875 0.04296875 0.0125 0.01796875
0 0.10625 0.365625 0.03125 0.04140625
0 0.759375 0.20703125 0.0265625 0.03359375
0 0.86484375 0.40546875 0.03828125 0.05078125
0 0.6125 0.20546875 0.01953125 0.03125
0 0.4015625 0.16328125 0.01875 0.02734375
0 0.246875 0.14921875 0.0125 0.01953125
0 0.67890625 0.35390625 0.03515625 0.04921875
0 0.55625 0.06328125 0.0125 0.01953125
0 0.6984375 0.18125 0.021875 0.0296875
0 0.35234375 0.12265625 0.01484375 0.0234375
0 0.478125 0.1859375 0.01875 0.02578125
0 0.075 0.23203125 0.01875 0.02578125
0 0.3109375 0.1734375 0.01484375 0.02109375
0 0.2328125 0.3546875 0.0234375 0.0328125
0 0.29609375 0.1984375 0.0171875 0.025
0 0.596875 0.09453125 0.01484375 0.01953125
0 0.00625 0.2375 0.01171875 0.0296875
0 0.90703125 0.30546875 0.03203125 0.05078125
0 0.47734375 0.15 0.01484375 0.025
0 0.19609375 0.05625 0.01171875 0.01796875
0 0.62578125 0.13046875 0.0171875 0.02578125
0 0.6234375 0.10703125 0.01640625 0.02109375
0 0.10078125 0.17421875 0.0171875 0.02578125
0 0.4984375 0.14453125 0.01484375 0.0234375
0 0.16875 0.70625 0.0515625 0.0765625
0 0.475 0.103125 0.01484375 0.021875
0 0.5453125 0.09140625 0.0140625 0.02109375
0 0.16171875 0.11171875 0.0125 0.01796875
0 0.415625 0.10390625 0.0140625 0.02109375
0 0.08359375 0.10078125 0.0125 0.01953125
0 0.4921875 0.021875 0.01171875 0.015625
0 0.4046875 0.04375 0.01171875 0.0171875
0 0.3046875 0.0515625 0.01171875 0.0171875
0 0.0078125 0.11953125 0.015625 0.02109375
0 0.134375 0.0484375 0.0109375 0.015625
0 0.97578125 0.4859375 0.03125 0.04296875
0 0.98125 0.35625 0.02421875 0.0375
0 0.1828125 0.0890625 0.0109375 0.0171875
0 0.48046875 0.0640625 0.0140625 0.02109375
0 0.1453125 0.0921875 0.01171875 0.0140625
0 0.4328125 0.04375 0.01171875 0.0171875
0 0.26796875 0.178125 0.01484375 0.02109375
0 0.3828125 0.0640625 0.0140625 0.01796875
0 0.31875 0.0328125 0.0109375 0.015625
0 0.43203125 0.01953125 0.0109375 0.015625
0 0.13125 0.09453125 0.0125 0.0171875
0 0.38125 0.0140625 0.0109375 0.015625
0 0.45859375 0.05078125 0.0109375 0.01796875
0 0.21796875 0.1171875 0.0140625 0.015625
0 0.2171875 0.08046875 0.0125 0.01796875
0 0.26875 0.01953125 0.0109375 0.015625
0 0.4671875 0.03046875 0.00859375 0.0140625
0 0.4953125 0.175 0.0171875 0.0296875
0 0.478125 0.0171875 0.0109375 0.015625
0 0.48125 0.0390625 0.0109375 0.01796875
0 0.4125 0.0109375 0.00859375 0.0140625
0 0.42109375 0.0796875 0.0125 0.01796875
0 0.3671875 0.12578125 0.0140625 0.01953125
0 0.16484375 0.071875 0.01171875 0.0171875
0 0.415625 0.05546875 0.01171875 0.0171875
0 0.384375 0.10546875 0.01171875 0.01796875
0 0.2421875 0.00546875 0.009375 0.01015625
0 0.51796875 0.065625 0.01484375 0.01953125
0 0.45546875 0.00625 0.0109375 0.01171875
0 0.54375 0.1140625 0.0140625 0.021875
0 0.49375 0.04765625 0.0125 0.0171875
0 0.44296875 0.00625 0.0109375 0.01171875
0 0.2078125 0.0140625 0.00859375 0.01328125
0 0.34296875 0.01953125 0.0109375 0.015625
0 0.2421875 0.0296875 0.0078125 0.01171875
0 0.43125 0.00546875 0.0109375 0.01015625
0 0.28203125 0.0609375 0.0109375 0.0171875
0 0.30234375 0.0328125 0.0109375 0.015625
0 0.3046875 0.0171875 0.009375 0.015625
0 0.35625 0.00625 0.009375 0.01171875
0 0.20390625 0.03125 0.0109375 0.01328125
0 0.3421875 0.05390625 0.0109375 0.0140625
0 0.23125 0.0296875 0.00859375 0.0140625
0 0.25625 0.00546875 0.00859375 0.01015625
0 0.34453125 0.00625 0.00859375 0.01171875
0 0.2171875 0.0296875 0.00859375 0.01171875
0 0.25390625 0.01875 0.009375 0.0140625
0 0.28046875 0.00546875 0.0109375 0.01015625
0 0.09453125 0.065625 0.009375 0.0171875
0 0.15703125 0.03125 0.00859375 0.01328125
0 0.16875 0.0296875 0.00859375 0.0140625
0 0.06640625 0.0796875 0.009375 0.0140625
0 0.19453125 0.1015625 0.01171875 0.015625
0 0.23984375 0.04765625 0.0109375 0.0171875
0 0.26796875 0.06015625 0.0109375 0.015625
0 0.2296875 0.00546875 0.009375 0.01015625
0 0.540625 0.06015625 0.01171875 0.01796875
0 0.2796875 0.01796875 0.009375 0.01796875
0 0.3328125 0.03125 0.009375 0.01328125
0 0.559375 0.10390625 0.0125 0.02109375
0 0.29140625 0.00546875 0.0109375 0.01015625
0 0.1796875 0.02890625 0.009375 0.01328125
0 0.25390625 0.0671875 0.009375 0.0140625
0 0.3296875 0.103125 0.01171875 0.0171875