0 0.865625 0.0546875 0.01875 0.02578125
0 0.60234375 0.10625 0.01484375 0.025
0 0.40859375 0.58125 0.04375 0.0640625
0 0.43984375 0.1046875 0.0125 0.01953125
0 0.7671875 0.06796875 0.0140625 0.0234375
0 0.309375 0.4796875 0.04375 0.0609375
0 0.05 0.2234375 0.0171875 0.0296875
0 0.7953125 0.525 0.040625 0.0609375
0 0.64765625 0.44375 0.03515625 0.0546875
0 0.76875 0.36015625 0.03125 0.053125
0 0.54375 0.43046875 0.040625 0.0640625
0 0.88203125 0.096875 0.01953125 0.02734375
0 0.84296875 0.0640625 0.01484375 0.0234375
0 0.78359375 0.290625 0.03046875 0.0453125
0 0.62578125 0.5046875 0.0421875 0.0609375
0 0.2671875 0.1546875 0.01484375 0.0234375
0 0.4875 0.253125 0.0203125 0.03515625
0 0.103125 0.24375 0.01640625 0.02578125
0 0.5890625 0.1359375 0.0171875 0.02734375
0 0.8015625 0.05546875 0.015625 0.025
0 0.68046875 0.50546875 0.04609375 0.06796875
0 0.4796875 0.7796875 0.0515625 0.08828125
0 0.7625 0.17890625 0.0234375 0.03515625
0 0.571875 0.07265625 0.0140625 0.02109375
0 0.87578125 0.57421875 0.04765625 0.08046875
0 0.371875 0.09765625 0.0140625 0.02109375
0 0.42265625 0.14453125 0.015625 0.0234375
0 0.81875 0.1734375 0.02421875 0.03515625
0 0.28203125 0.2328125 0.01953125 0.02734375
0 0.6890625 0.05546875 0.0140625 0.01953125
0 0.70546875 0.0765625 0.01484375 0.02109375
0 0.45859375 0.125 0.01640625 0.0234375
0 0.53671875 0.14375 0.01875 0.02734375
0 0.83671875 0.1 0.01875 0.02578125
0 0.778125 0.04140625 0.0125 0.02109375
0 0.575 0.10390625 0.01484375 0.0234375
0 0.74921875 0.30703125 0.03046875 0.0390625
0 0.075 0.18671875 0.01875 0.025
0 0.503125 0.07578125 0.0125 0.02109375
0 0.20234375 0.1828125 0.0171875 0.02734375
0 0.590625 0.0796875 0.0125 0.02109375
0 0.74375 0.06328125 0.0140625 0.01953125
0 0.503125 0.14296875 0.01484375 0.01796875
0 0.9046875 0.06171875 0.01875 0.025
0 0.6421875 0.1046875 0.0140625 0.01953125
0 0.1203125 0.23125 0.0171875 0.025
0 0.84765625 0.03203125 0.015625 0.021875
0 0.65703125 0.00625 0.01171875 0.01171875
0 0.70703125 0.01796875 0.0140625 0.01796875
0 0.946875 0.075 0.01875 0.025
0 0.57421875 0.225 0.0171875 0.02578125
0 0.728125 0.00625 0.0125 0.0125
0 0.68125 0.0078125 0.0125 0.015625
0 0.9421875 0.0484375 0.0171875 0.025
0 0.6296875 0.03046875 0.0140625 0.01953125
0 0.603125 0.00625 0.01171875 0.01171875
0 0.69609375 0.034375 0.01171875 0.0171875
0 0.31796875 0.0921875 0.0109375 0.01328125
0 0.746875 0.0140625 0.0140625 0.01953125
0 0.64296875 0.0203125 0.0125 0.01953125
0 0.66015625 0.04296875 0.01171875 0.01796875
0 0.76640625 0.00625 0.0140625 0.0125
0 0.16796875 0.14453125 0.0140625 0.01796875
0 0.2890625 0.1046875 0.0140625 0.0171875
0 0.33203125 0.0921875 0.009375 0.0140625
0 0.5921875 0.0390625 0.01171875 0.02109375
0 0.51484375 0.03828125 0.0109375 0.0171875
0 0.915625 0.13125 0.0234375 0.03671875
0 0.653125 0.0640625 0.0140625 0.02109375
0 0.378125 0.0609375 0.0109375 0.0171875
0 0.45546875 0.0375 0.0109375 0.0140625
0 0.28203125 0.14296875 0.0125 0.01796875
0 0.6359375 0.1390625 0.01484375 0.0234375
0 0.609375 0.034375 0.01171875 0.01953125
0 0.1453125 0.24375 0.01953125 0.02578125
0 0.79609375 0.03125 0.01484375 0.01796875
0 0.30625 0.1328125 0.0125 0.01796875
0 0.33046875 0.11640625 0.0125 0.01953125
0 0.3046875 0.09140625 0.009375 0.01328125
0 0.21953125 0.1390625 0.0140625 0.01796875
0 0.4671875 0.04296875 0.0109375 0.01328125
0 0.93984375 0.00625 0.01875 0.01171875
0 0.0671875 0.08046875 0.00859375 0.0078125
0 0.97265625 0.65 0.053125 0.09375
0 0.884375 0.02265625 0.0171875 0.021875
0 0.2671875 0.0921875 0.0109375 0.01015625
0 0.48828125 0.0375 0.009375 0.01796875
0 0.1671875 0.11875 0.009375 0.01328125
0 0.99296875 0.07578125 0.0125 0.02578125
0 0.446875 0.021875 0.0109375 0.015625
0 0.32734375 0.14765625 0.0140625 0.021875
0 0.1453125 0.08125 0.00859375 0.01171875
0 0.23125 0.10546875 0.00859375 0.01328125
0 0.6171875 0.00625 0.01171875 0.01171875
0 0.503125 0.1171875 0.01484375 0.0234375
0 0.0421875 0.1046875 0.009375 0.01171875
0 0.79375 0.01328125 0.0125 0.01796875
0 0.565625 0.0359375 0.0109375 0.0171875
0 0.89296875 0.00625 0.01484375 0.01171875
0 0.19609375 0.0703125 0.0109375 0.01328125
0 0.58671875 0.01171875 0.0109375 0.01796875
0 0.25625 0.0796875 0.00859375 0.01015625
0 0.3625 0.06171875 0.0109375 0.0140625
0 0.3515625 0.1171875 0.0140625 0.01796875
0 0.55625 0.00625 0.0125 0.01171875
0 0.1453125 0.10546875 0.009375 0.01328125
0 0.0546875 0.08046875 0.0078125 0.0078125
0 0.1625 0.08671875 0.00859375 0.01171875
0 0.54375 0.00703125 0.01171875 0.0140625
0 0.62890625 0.05546875 0.01171875 0.01953125
0 0.3421875 0.09140625 0.0109375 0.01328125
0 0.16796875 0.34609375 0.0296875 0.0453125
0 0.24296875 0.08046875 0.00703125 0.0078125
0 0.809375 0.00625 0.0125 0.01171875
0 0.715625 0.525 0.0296875 0.05078125
0 0.9078125 0.00625 0.01484375 0.01171875
0 0.31953125 0.24375 0.01953125 0.02734375
0 0.09453125 0.08046875 0.00859375 0.0078125
0 0.11796875 0.07890625 0.00859375 0.009375
0 0.2703125 0.109375 0.01171875 0.015625
0 0.4328125 0.03125 0.009375 0.01328125
0 0.1296875 0.06875 0.00859375 0.00625
0 0.7640625 0.0421875 0.0140625 0.01953125
0 0.64140625 0.00625 0.009375 0.01171875
0 0.61328125 0.18046875 0.021875 0.0296875
0 0.57734375 0.540625 0.0421875 0.05859375
0 0.4203125 0.10390625 0.0140625 0.02109375
0 0.24375 0.046875 0.0109375 0.01328125
0 0.2421875 0.11875 0.009375 0.0140625
0 0.05546875 0.1046875 0.00859375 0.009375
0 0.96953125 0.1046875 0.0171875 0.025
0 0.09296875 0.0921875 0.00703125 0.01015625
0 0.25546875 0.103125 0.0109375 0.01171875
0 0.35703125 0.04375 0.0109375 0.0140625
0 0.26796875 0.0796875 0.00859375 0.01171875
0 0.34296875 0.065625 0.0109375 0.0140625
0 0.1796875 0.07890625 0.009375 0.01171875
0 0.01875 0.0921875 0.00703125 0.0078125
0 0.0046875 0.08046875 0.00859375 0.0078125
0 0.10625 0.09296875 0.00859375 0.01171875
0 0.01796875 0.08046875 0.00859375 0.0078125
0 0.8671875 0.00625 0.0140625 0.01171875
0 0.72734375 0.0609375 0.0140625 0.01796875
0 0.24375 0.1046875 0.00703125 0.01171875
0 0.2921875 0.08046875 0.0109375 0.01328125
0 0.0046875 0.09296875 0.00859375 0.01171875
0 0.20625 0.15546875 0.0140625 0.01953125
0 0.51953125 0.00625 0.009375 0.01171875
0 0.1296875 0.07890625 0.00859375 0.009375
0 0.6765625 0.046875 0.01171875 0.01796875
0 0.44375 0.08046875 0.01171875 0.01796875
0 0.228125 0.0921875 0.0078125 0.0078125
0 0.66640625 0.01640625 0.0109375 0.0140625
0 0.009375 0.93046875 0.01875 0.0328125
0 0.06953125 0.10546875 0.0078125 0.0078125
0 0.0046875 0.44375 0.009375 0.025
0 0.5859375 0.0609375 0.01171875 0.0171875
0 0.23046875 0.0796875 0.0078125 0.01171875
0 0.97578125 0.13828125 0.02421875 0.02734375
0 0.08515625 0.7140625 0.07890625 0.07265625
0 0.05859375 0.17578125 0.01953125 0.025
0 0.40234375 0.1421875 0.01640625 0.046875