0 0.2984375 0.27265625 0.0296875 0.0453125
0 0.415625 0.075 0.0171875 0.0296875
0 0.52421875 0.1515625 0.0265625 0.040625
0 0.26484375 0.0875 0.0171875 0.02578125
0 0.4796875 0.08046875 0.015625 0.02578125
0 0.24140625 0.26171875 0.02734375 0.0390625
0 0.496875 0.23515625 0.0265625 0.040625
0 0.0484375 0.28203125 0.028125 0.0328125
0 0.571875 0.06953125 0.01875 0.0296875
0 0.76484375 0.5609375 0.03984375 0.0546875
0 0.2140625 0.18046875 0.025 0.0375
0 0.22265625 0.10078125 0.0171875 0.025
0 0.81171875 0.48671875 0.0421875 0.0625
0 0.446875 0.06875 0.0171875 0.0296875
0 0.61328125 0.05625 0.0171875 0.02578125
0 0.1828125 0.06015625 0.0140625 0.0234375
0 0.15703125 0.0375 0.0140625 0.02109375
0 0.46953125 0.2859375 0.0296875 0.040625
0 0.34921875 0.0921875 0.01875 0.02578125
0 0.8734375 0.58046875 0.0453125 0.04453125
0 0.78515625 0.1 0.0234375 0.03125
0 0.2 0.04296875 0.01640625 0.0234375
0 0.75625 0.8734375 0.05390625 0.084375
0 0.3578125 0.03828125 0.015625 0.021875
0 0.30234375 0.09921875 0.0203125 0.03125
0 0.87578125 0.65078125 0.04609375 0.0703125
0 0.759375 0.209375 0.0203125 0.02890625
0 0.478125 0.33046875 0.0234375 0.03671875
0 0.57734375 0.19375 0.02421875 0.0390625
0 0.746875 0.11875 0.0203125 0.03125
0 0.00703125 0.0578125 0.0140625 0.021875
0 0.05234375 0.03828125 0.01640625 0.02734375
0 0.00703125 0.23203125 0.0140625 0.03671875
0 0.91875 0.10390625 0.0421875 0.06484375
0 0.3109375 0.1828125 0.021875 0.0328125
0 0.3421875 0.0421875 0.01484375 0.021875
0 0.0265625 0.115625 0.01484375 0.02109375
0 0.290625 0.0078125 0.0140625 0.015625
0 0.98515625 0.36015625 0.021875 0.0296875
0 0.00625 0.00859375 0.01171875 0.0171875
0 0.26796875 0.0078125 0.01484375 0.015625
0 0.38984375 0.07578125 0.015625 0.0234375
0 0.14375 0.0203125 0.0140625 0.01953125
0 0.9890625 0.046875 0.01953125 0.09375
0 0.38984375 0.0390625 0.01484375 0.02109375