1 0.2109375 0.73203125 0.0453125 0.08203125
1 0.09296875 0.865625 0.06796875 0.11875
1 0.478125 0.68359375 0.0359375 0.06484375
1 0.71640625 0.8359375 0.0640625 0.10859375
1 0.8609375 0.709375 0.0421875 0.0734375
1 0.521875 0.78828125 0.0625 0.096875
1 0.7609375 0.74140625 0.053125 0.08671875
1 0.58203125 0.60234375 0.03203125 0.06015625
1 0.5109375 0.86796875 0.13359375 0.25390625
1 0.18828125 0.61328125 0.034375 0.05546875
1 0.79921875 0.6921875 0.046875 0.078125
1 0.5 0.6953125 0.99296875 0.5890625
1 0.63984375 0.58203125 0.02890625 0.0484375
1 0.8859375 0.63125 0.03671875 0.06015625
1 0.11953125 0.765625 0.05 0.08828125
1 0.5359375 0.653125 0.03125 0.05703125
1 0.0609375 0.7125 0.0359375 0.06328125
1 0.95546875 0.64296875 0.0421875 0.06015625
1 0.08359375 0.90078125 0.16328125 0.1921875
1 0.8015625 0.60234375 0.028125 0.05
1 0.403125 0.54921875 0.01875 0.0296875
1 0.69921875 0.653125 0.03203125 0.05
1 0.23203125 0.534375 0.02421875 0.03984375
1 0.1046875 0.6203125 0.03203125 0.05546875
1 0.48203125 0.5953125 0.02578125 0.0453125
1 0.7203125 0.8875 0.16328125 0.21875
1 0.753125 0.634375 0.0265625 0.04375
1 0.90234375 0.5984375 0.0359375 0.0515625
1 0.759375 0.5953125 0.03203125 0.0453125
1 0.23515625 0.59453125 0.0546875 0.16015625
1 0.35703125 0.5640625 0.021875 0.03671875
1 0.5203125 0.57734375 0.02578125 0.04375
1 0.6171875 0.5390625 0.02109375 0.03359375
1 0.44453125 0.78046875 0.13125 0.26171875
1 0.14140625 0.6359375 0.03359375 0.05
1 0.665625 0.53125 0.021875 0.03671875
1 0.03984375 0.68046875 0.03359375 0.05859375
1 0.0453125 0.60859375 0.03203125 0.0515625
1 0.33046875 0.590625 0.0296875 0.05
1 0.6125 0.603125 0.02421875 0.04140625
1 0.3265625 0.62578125 0.078125 0.1203125
1 0.6078125 0.709375 0.10234375 0.27734375
1 0.45234375 0.55234375 0.0203125 0.03359375
1 0.51171875 0.5265625 0.01640625 0.03203125
1 0.29453125 0.48671875 0.015625 0.025
1 0.23828125 0.48671875 0.01875 0.028125
1 0.82109375 0.840625 0.1890625 0.28515625
1 0.86796875 0.76953125 0.07578125 0.19375
1 0.4046875 0.59453125 0.053125 0.1234375
1 0.6953125 0.58359375 0.0265625 0.04140625
1 0.5828125 0.51640625 0.01875 0.03203125
1 0.48359375 0.62265625 0.053125 0.1
1 0.225 0.83046875 0.103125 0.28203125
1 0.58125 0.553125 0.03984375 0.0515625
1 0.17109375 0.55703125 0.01796875 0.03203125
1 0.53515625 0.696875 0.08359375 0.1453125
1 0.33125 0.86640625 0.10703125 0.1734375
1 0.03203125 0.5078125 0.01875 0.0265625
1 0.46640625 0.709375 0.0734375 0.1203125
1 0.1671875 0.4859375 0.01640625 0.0296875
1 0.4796875 0.5421875 0.01875 0.03359375
1 0.95625 0.69140625 0.06796875 0.15703125
1 0.5015625 0.59296875 0.01875 0.03671875
1 0.328125 0.5375 0.01796875 0.03359375
1 0.36171875 0.4859375 0.01640625 0.0234375
1 0.06328125 0.50546875 0.0203125 0.03359375
1 0.56640625 0.51484375 0.02109375 0.03515625
1 0.1171875 0.5859375 0.028125 0.046875
1 0.38515625 0.528125 0.01640625 0.025
1 0.8140625 0.5375 0.021875 0.03671875
1 0.76171875 0.5578125 0.02578125 0.03671875
1 0.36796875 0.603125 0.05859375 0.11484375
1 0.7546875 0.6578125 0.04765625 0.08984375
1 0.3015625 0.51640625 0.04140625 0.08515625
1 0.4015625 0.51953125 0.0140625 0.0203125
1 0.95 0.46015625 0.015625 0.025
1 0.0625 0.78984375 0.0703125 0.2171875
1 0.08984375 0.49609375 0.015625 0.0265625
1 0.1890625 0.646875 0.05234375 0.125
1 0.6890625 0.5484375 0.021875 0.03515625
1 0.8046875 0.6296875 0.0578125 0.10703125
1 0.89921875 0.50234375 0.02578125 0.03671875
1 0.3390625 0.4796875 0.0140625 0.01875
1 0.7078125 0.81015625 0.05546875 0.06875
1 0.21640625 0.47890625 0.0203125 0.0265625
1 0.88828125 0.53515625 0.04765625 0.1015625
1 0.02578125 0.96640625 0.0515625 0.0578125
1 0.753125 0.496875 0.0203125 0.03203125
1 0.7140625 0.5234375 0.01796875 0.028125
1 0.6 0.6546875 0.08203125 0.16328125
1 0.38359375 0.48515625 0.0140625 0.021875
1 0.75390625 0.61875 0.05 0.0953125
1 0.64609375 0.61015625 0.05 0.10546875
1 0.665625 0.4765625 0.01796875 0.028125
1 0.06796875 0.575 0.01875 0.03203125
1 0.5203125 0.821875 0.09296875 0.16171875
1 0.44921875 0.58671875 0.04140625 0.1015625
1 0.1359375 0.846875 0.0921875 0.25234375
1 0.465625 0.46796875 0.015625 0.025
1 0.14140625 0.68984375 0.071875 0.15703125
1 0.30234375 0.771875 0.05546875 0.071875
1 0.7875 0.49765625 0.01875 0.03359375
1 0.82578125 0.603125 0.0234375 0.03515625
1 0.95625 0.515625 0.01875 0.0296875
1 0.13125 0.5578125 0.01796875 0.0265625
1 0.45 0.46796875 0.015625 0.01875
1 0.04140625 0.6484375 0.06328125 0.13203125
1 0.80703125 0.51171875 0.01796875 0.028125
1 0.184375 0.4875 0.015625 0.0265625
1 0.89296875 0.696875 0.06875 0.18828125
1 0.14765625 0.49453125 0.0203125 0.03359375
1 0.2640625 0.4796875 0.015625 0.025
1 0.09375 0.50546875 0.034375 0.05
1 0.403125 0.55 0.028125 0.04140625
1 0.93359375 0.5234375 0.0203125 0.03203125
1 0.20390625 0.49296875 0.01640625 0.028125
1 0.34140625 0.50234375 0.03203125 0.06328125
1 0.15546875 0.6015625 0.03359375 0.0515625
1 0.1015625 0.6546875 0.05703125 0.1234375
1 0.8125 0.55078125 0.03671875 0.06328125
1 0.7 0.69453125 0.06640625 0.13671875
1 0.71953125 0.55078125 0.02578125 0.03984375
1 0.928125 0.5734375 0.03125 0.0484375
1 0.77890625 0.5515625 0.021875 0.03515625