1 0.49921875 0.49765625 0.9921875 0.99140625
1 0.65390625 0.78203125 0.0390625 0.06015625
1 0.8421875 0.95 0.05625 0.075
1 0.76640625 0.48828125 0.0296875 0.03984375
1 0.675 0.56796875 0.028125 0.03984375
1 0.61015625 0.78671875 0.0296875 0.04375
1 0.41171875 0.771875 0.0328125 0.04375
1 0.76171875 0.728125 0.0328125 0.04765625
1 0.8375 0.78671875 0.034375 0.05234375
1 0.4671875 0.67578125 0.028125 0.03984375
1 0.80625 0.40546875 0.034375 0.04375
1 0.80625 0.51796875 0.071875 0.26875
1 0.459375 0.74921875 0.0625 0.18515625
1 0.1265625 0.79375 0.028125 0.0375
1 0.40859375 0.871875 0.0734375 0.24375
1 0.2328125 0.771875 0.025 0.03515625
1 0.85625 0.70390625 0.034375 0.05390625
1 0.3796875 0.74609375 0.03125 0.04140625
1 0.89375 0.33671875 0.028125 0.04375
1 0.65546875 0.66640625 0.0828125 0.24140625
1 0.534375 0.765625 0.028125 0.03984375
1 0.7578125 0.58671875 0.0625 0.23984375
1 0.721875 0.93671875 0.046875 0.06484375
1 0.7546875 0.69296875 0.03125 0.04375
1 0.44375 0.98125 0.0375 0.03359375
1 0.390625 0.678125 0.025 0.03515625
1 0.72109375 0.49140625 0.0265625 0.0375
1 0.6109375 0.6875 0.028125 0.04140625
1 0.21953125 0.60625 0.0234375 0.02890625
1 0.3140625 0.85703125 0.03125 0.04375
1 0.42265625 0.53203125 0.0234375 0.03515625
1 0.2484375 0.96953125 0.03125 0.03984375
1 0.08203125 0.72421875 0.0234375 0.03515625
1 0.6984375 0.86796875 0.040625 0.06484375
1 0.825 0.67578125 0.03125 0.04375
1 0.8390625 0.25390625 0.028125 0.04140625
1 0.925 0.546875 0.03125 0.04375
1 0.684375 0.45390625 0.028125 0.04140625
1 0.3265625 0.88359375 0.028125 0.04140625
1 0.2234375 0.92890625 0.03125 0.04140625
1 0.25078125 0.628125 0.0265625 0.03515625
1 0.72734375 0.88671875 0.0484375 0.05234375
1 0.8546875 0.89453125 0.04375 0.05234375
1 0.25546875 0.69375 0.0515625 0.16640625
1 0.86953125 0.85 0.0421875 0.05859375
1 0.8890625 0.52890625 0.03125 0.04609375
1 0.9734375 0.53671875 0.034375 0.05234375
1 0.65390625 0.55546875 0.0296875 0.03984375
1 0.05703125 0.68125 0.0234375 0.02890625
1 0.4859375 0.52109375 0.025 0.03359375
1 0.2890625 0.55 0.028125 0.03359375
1 0.2015625 0.73203125 0.028125 0.03515625
1 0.51875 0.65703125 0.028125 0.03515625
1 0.54453125 0.66640625 0.0265625 0.0375
1 0.5453125 0.909375 0.034375 0.04375
1 0.36875 0.61796875 0.021875 0.03125
1 0.06171875 0.859375 0.0265625 0.03515625
1 0.63984375 0.44453125 0.0265625 0.03984375
1 0.2953125 0.80078125 0.028125 0.03984375
1 0.58671875 0.67578125 0.0265625 0.03984375
1 0.646875 0.31796875 0.021875 0.03125
1 0.33359375 0.68984375 0.0265625 0.0375
1 0.48671875 0.39609375 0.0234375 0.02890625
1 0.33203125 0.625 0.0234375 0.03359375
1 0.11953125 0.859375 0.0609375 0.16875
1 0.89765625 0.42578125 0.0640625 0.22265625
1 0.19453125 0.48359375 0.0203125 0.02890625
1 0.5171875 0.746875 0.03125 0.03984375
1 0.1546875 0.75390625 0.028125 0.03359375
1 0.74921875 0.77109375 0.0828125 0.19609375
1 0.284375 0.60859375 0.05 0.15390625
1 0.58984375 0.96796875 0.0515625 0.05625
1 0.228125 0.82265625 0.05625 0.1375
1 0.7203125 0.95 0.06875 0.09140625
1 0.4328125 0.46015625 0.021875 0.02890625
1 0.52890625 0.82890625 0.0734375 0.16640625
1 0.56328125 0.346875 0.0265625 0.03515625
1 0.44921875 0.38203125 0.0234375 0.03125
1 0.60625 0.87734375 0.065625 0.22890625
1 0.16875 0.671875 0.021875 0.03125
1 0.41328125 0.45234375 0.0234375 0.03359375
1 0.71875 0.26640625 0.021875 0.03359375
1 0.80859375 0.25390625 0.0265625 0.0375
1 0.62109375 0.29453125 0.0234375 0.03125
1 0.484375 0.44453125 0.04375 0.12734375
1 0.39453125 0.52265625 0.0234375 0.02890625
1 0.52578125 0.884375 0.0328125 0.04375
1 0.215625 0.65546875 0.04375 0.12734375
1 0.89609375 0.28203125 0.0265625 0.03984375
1 0.321875 0.92890625 0.0625 0.13359375
1 0.225 0.49453125 0.021875 0.02734375
1 0.70625 0.39921875 0.025 0.03984375
1 0.0765625 0.475 0.01875 0.025
1 0.67890625 0.85234375 0.0328125 0.05390625
1 0.73046875 0.39921875 0.0265625 0.03984375
1 0.5421875 0.71640625 0.078125 0.1375
1 0.4125 0.596875 0.0625 0.16484375
1 0.5765625 0.46796875 0.025 0.03515625
1 0.59375 0.42109375 0.021875 0.02890625
1 0.2828125 0.47578125 0.025 0.02734375
1 0.109375 0.76015625 0.025 0.0375
1 0.67265625 0.14765625 0.0203125 0.02890625
1 0.2140625 0.90078125 0.03125 0.03984375
1 0.1703125 0.56171875 0.025 0.03125
1 0.515625 0.52578125 0.021875 0.03515625
1 0.51171875 0.453125 0.0203125 0.03515625
1 0.3875 0.39375 0.021875 0.02890625
1 0.6046875 0.47890625 0.028125 0.0375
1 0.59140625 0.56796875 0.0234375 0.03515625
1 0.875 0.15078125 0.025 0.03515625
1 0.8828125 0.6125 0.0625 0.2125
1 0.04765625 0.81015625 0.0265625 0.03359375
1 0.121875 0.97578125 0.034375 0.03515625
1 0.78671875 0.21328125 0.0234375 0.03515625
1 0.81875 0.20390625 0.021875 0.03359375
1 0.565625 0.40078125 0.05 0.14375
1 0.5515625 0.54453125 0.025 0.03515625
1 0.79609375 0.77109375 0.0359375 0.05
1 0.58984375 0.60859375 0.0640625 0.12109375
1 0.71171875 0.55234375 0.0609375 0.15859375
1 0.55546875 0.2875 0.0265625 0.0375
1 0.7578125 0.41171875 0.025 0.03515625
1 0.15 0.67578125 0.021875 0.03125
1 0.3953125 0.70625 0.046875 0.09140625
1 0.4203125 0.690625 0.025 0.03515625
1 0.1796875 0.871875 0.028125 0.03984375
1 0.4859375 0.61171875 0.021875 0.03125
1 0.30859375 0.72421875 0.0234375 0.03515625
1 0.94609375 0.70625 0.0296875 0.05390625
1 0.3640625 0.49765625 0.025 0.03359375
1 0.08671875 0.928125 0.0265625 0.03515625
1 0.6546875 0.87109375 0.071875 0.24140625
1 0.79609375 0.33203125 0.0265625 0.03984375
1 0.92578125 0.70390625 0.0296875 0.05859375
1 0.7703125 0.19765625 0.021875 0.03359375
1 0.80625 0.40859375 0.046875 0.06640625
1 0.86640625 0.34921875 0.0265625 0.03515625
1 0.9328125 0.75703125 0.034375 0.04765625
1 0.1640625 0.86171875 0.025 0.03984375
1 0.96640625 0.690625 0.0328125 0.04765625
1 0.609375 0.78984375 0.04375 0.0625
1 0.67890625 0.378125 0.0265625 0.03515625
1 0.61328125 0.73359375 0.0546875 0.13359375
1 0.91953125 0.98125 0.0640625 0.03359375
1 0.4578125 0.61015625 0.025 0.0375
1 0.8046875 0.91640625 0.0375 0.05859375
1 0.96015625 0.36796875 0.0578125 0.24375