0 0.2078125 0.61171875 0.0484375 0.07578125
0 0.3546875 0.0828125 0.01484375 0.025
0 0.4328125 0.05546875 0.015625 0.025
0 0.3546875 0.271875 0.0296875 0.046875
0 0.4234375 0.22578125 0.02734375 0.04296875
0 0.503125 0.53671875 0.0453125 0.07265625
0 0.83046875 0.0171875 0.0203125 0.0328125
0 0.68828125 0.19375 0.02734375 0.04453125
0 0.8359375 0.125 0.025 0.03671875
0 0.103125 0.6953125 0.05859375 0.08828125
0 0.3390625 0.37890625 0.03515625 0.05703125
0 0.165625 0.021875 0.0140625 0.02109375
0 0.8 0.05703125 0.0171875 0.02890625
0 0.45703125 0.6078125 0.0546875 0.0875
0 0.1515625 0.05546875 0.01640625 0.025
0 0.6515625 0.56875 0.0859375 0.13671875
0 0.603125 0.35 0.03984375 0.05703125
0 0.65703125 0.2328125 0.025 0.04296875
0 0.44453125 0.34140625 0.0296875 0.05234375
0 0.36640625 0.0578125 0.01640625 0.025
0 0.3703125 0.8375 0.0703125 0.10703125
0 0.95 0.1109375 0.028125 0.04140625
0 0.90703125 0.0796875 0.02265625 0.03671875
0 0.5671875 0.2359375 0.0296875 0.0484375
0 0.540625 0.26015625 0.03046875 0.05234375
0 0.84453125 0.26171875 0.03515625 0.04453125
0 0.9046875 0.00859375 0.0234375 0.0171875
0 0.6265625 0.4546875 0.0453125 0.06484375
0 0.37890625 0.1796875 0.025 0.0390625
0 0.48515625 0.02890625 0.01484375 0.0234375
0 0.66484375 0.03828125 0.0171875 0.02734375
0 0.0875 0.0484375 0.01484375 0.0234375
0 0.7484375 0.0234375 0.01875 0.02578125
0 0.821875 0.1734375 0.0296875 0.04296875
0 0.8609375 0.0296875 0.01953125 0.03359375
0 0.8421875 0.32421875 0.0359375 0.05703125
0 0.6609375 0.1640625 0.0234375 0.0390625
0 0.446875 0.01640625 0.01484375 0.021875
0 0.0125 0.04765625 0.0140625 0.021875
0 0.92890625 0.1828125 0.028125 0.04296875
0 0.884375 0.08515625 0.0234375 0.0328125
0 0.4796875 0.06640625 0.01484375 0.02578125
0 0.434375 0.790625 0.0640625 0.1
0 0.65546875 0.0140625 0.01484375 0.02109375
0 0.07734375 0.08515625 0.01484375 0.021875
0 0.7515625 0.09296875 0.0203125 0.0328125
0 0.63125 0.22265625 0.0203125 0.04921875
0 0.93828125 0.0734375 0.02734375 0.0328125
0 0.2734375 0.13125 0.01953125 0.03125
0 0.2375 0.0765625 0.0171875 0.02734375
0 0.040625 0.05 0.0140625 0.01953125
0 0.35625 0.02265625 0.0171875 0.021875
0 0.30546875 0.03046875 0.01640625 0.025
0 0.696875 0.14453125 0.0234375 0.03359375
0 0.4625 0.025 0.01484375 0.021875
0 0.0265625 0.0859375 0.01640625 0.0234375
0 0.19375 0.053125 0.01640625 0.0234375
0 0.97734375 0.01796875 0.01953125 0.03125
0 0.68828125 0.00859375 0.015625 0.0171875
0 0.0859375 0.11640625 0.0171875 0.025
0 0.78984375 0.0296875 0.01484375 0.021875
0 0.07578125 0.00625 0.01484375 0.01171875
0 0.1234375 0.0203125 0.0140625 0.01953125
0 0.19375 0.0109375 0.01484375 0.01953125
0 0.33359375 0.00625 0.01484375 0.01171875
0 0.54140625 0.0390625 0.01484375 0.02109375
0 0.05546875 0.03828125 0.01484375 0.01953125
0 0.528125 0.00625 0.015625 0.0125
0 0.26796875 0.00625 0.01640625 0.01171875
0 0.70546875 0.10625 0.01875 0.025
0 0.5609375 0.0609375 0.015625 0.0234375
0 0.628125 0.03046875 0.0125 0.01953125
0 0.04921875 0.00625 0.01484375 0.01171875
0 0.48984375 0.00625 0.01484375 0.01171875
0 0.1125 0.0921875 0.01484375 0.0234375
0 0.8015625 0.00703125 0.0171875 0.0140625
0 0.190625 0.12578125 0.0171875 0.02734375
0 0.2109375 0.11171875 0.0171875 0.02578125
0 0.690625 0.04140625 0.01640625 0.02578125
0 0.1515625 0.0171875 0.0140625 0.01796875
0 0.2359375 0.009375 0.015625 0.01875
0 0.5125 0.040625 0.01484375 0.021875
0 0.1375 0.09140625 0.01484375 0.0234375
0 0.75078125 0.0046875 0.01875 0.009375
0 0.371875 0.09375 0.01875 0.02578125
0 0.5453125 0.0828125 0.01484375 0.021875
0 0.634375 0.0109375 0.01484375 0.01953125
0 0.95 0.00625 0.01953125 0.01171875
0 0.29375 0.00625 0.015625 0.0125
0 0.61953125 0.00703125 0.01484375 0.0140625
0 0.4828125 0.97890625 0.078125 0.0390625