0 0.94140625 0.63671875 0.071875 0.10703125
0 0.63984375 0.36328125 0.0515625 0.08359375
0 0.9203125 0.3546875 0.03515625 0.053125
0 0.47578125 0.2765625 0.034375 0.05625
0 0.17890625 0.325 0.065625 0.11328125
0 0.3703125 0.275 0.0625 0.09921875
0 0.28828125 0.2359375 0.0453125 0.07578125
0 0.859375 0.55390625 0.07421875 0.1078125
0 0.88125 0.35 0.0359375 0.0375
0 0.74921875 0.3390625 0.0484375 0.0640625
0 0.8640625 0.3890625 0.040625 0.053125
0 0.97421875 0.4203125 0.05 0.0796875
0 0.059375 0.35625 0.07734375 0.1265625
0 0.1359375 0.225 0.06171875 0.08203125
0 0.575 0.68125 0.128125 0.17421875
0 0.70234375 0.3296875 0.03828125 0.0609375
0 0.72578125 0.44375 0.07109375 0.08203125
0 0.0328125 0.2375 0.0640625 0.06875
0 0.24296875 0.79140625 0.1109375 0.17734375
0 0.27109375 0.15390625 0.03046875 0.04921875
0 0.103125 0.09375 0.0296875 0.04453125
0 0.34921875 0.43515625 0.08125 0.11953125
0 0.446875 0.21796875 0.0296875 0.0484375
0 0.3546875 0.15390625 0.03203125 0.0390625
0 0.35078125 0.1953125 0.04296875 0.04453125
0 0.65703125 0.26875 0.0265625 0.0328125
0 0.04609375 0.04375 0.02421875 0.0375
0 0.18671875 0.1625 0.03828125 0.05703125
0 0.2234375 0.17890625 0.0453125 0.05859375
0 0.8078125 0.3484375 0.0328125 0.053125
0 0.7921875 0.4390625 0.04765625 0.0703125
0 0.628125 0.2578125 0.02265625 0.03125
0 0.41171875 0.3484375 0.06171875 0.0921875
0 0.134375 0.1140625 0.0375 0.0453125
0 0.7765625 0.2625 0.0203125 0.025
0 0.08671875 0.18828125 0.0421875 0.0640625
0 0.60625 0.5109375 0.0890625 0.115625
0 0.70234375 0.27890625 0.025 0.03125
0 0.39765625 0.17265625 0.02734375 0.0453125
0 0.83046875 0.28515625 0.0203125 0.02890625
0 0.3875 0.21015625 0.0296875 0.0328125
0 0.42109375 0.1859375 0.02421875 0.03671875
0 0.3140625 0.58671875 0.1015625 0.1578125
0 0.54375 0.25625 0.034375 0.05078125
0 0.81640625 0.2296875 0.0140625 0.01953125
0 0.74765625 0.275 0.02265625 0.03125
0 0.5828125 0.234375 0.02734375 0.0390625
0 0.80859375 0.2796875 0.0234375 0.0328125
0 0.0078125 0.0921875 0.015625 0.03359375
0 0.15703125 0.07421875 0.02265625 0.03125
0 0.55390625 0.1546875 0.0140625 0.01796875
0 0.9125 0.2828125 0.0203125 0.02890625
0 0.9328125 0.4171875 0.03828125 0.06875
0 0.5578125 0.17578125 0.01484375 0.02109375
0 0.8359375 0.4515625 0.046875 0.0484375
0 0.696875 0.38515625 0.04296875 0.0390625
0 0.86484375 0.24375 0.01484375 0.01796875
0 0.2984375 0.18046875 0.03125 0.0375
0 0.5828125 0.3109375 0.0375 0.06875
0 0.6828125 0.2515625 0.021875 0.02890625
0 0.6046875 0.18125 0.015625 0.01953125
0 0.353125 0.1203125 0.0171875 0.01953125
0 0.64453125 0.20078125 0.015625 0.02578125
0 0.94609375 0.26796875 0.0171875 0.01796875
0 0.05 0.10546875 0.03046875 0.03671875
0 0.228125 0.2625 0.04765625 0.0875
0 0.1640625 0.1171875 0.02734375 0.0390625
0 0.225 0.1359375 0.0265625 0.025
0 0.25234375 0.1171875 0.01875 0.02578125
0 0.478125 0.1421875 0.01484375 0.02109375
0 0.9203125 0.25546875 0.015625 0.01796875
0 0.78359375 0.24296875 0.0125 0.0171875
0 0.50703125 0.1546875 0.01171875 0.01796875
0 0.08984375 0.134375 0.03125 0.03515625
0 0.99296875 0.30078125 0.0125 0.03125
0 0.8203125 0.25078125 0.015625 0.01953125
0 0.584375 0.18125 0.01484375 0.01796875
0 0.628125 0.225 0.0171875 0.02890625
0 0.4859375 0.16015625 0.0140625 0.01796875
0 0.621875 0.19296875 0.0125 0.01796875
0 0.6453125 0.16875 0.01171875 0.0171875
0 0.046875 0.15078125 0.0390625 0.0546875
0 0.14296875 0.15703125 0.0421875 0.0484375
0 0.53203125 0.16953125 0.0125 0.01796875
0 0.75390625 0.24765625 0.015625 0.02109375
0 0.7453125 0.2046875 0.01171875 0.0140625
0 0.6890625 0.19375 0.0140625 0.0140625
0 0.940625 0.2453125 0.01484375 0.01953125
0 0.540625 0.1546875 0.01171875 0.0171875
0 0.521875 0.31796875 0.03203125 0.0546875
0 0.66875 0.1921875 0.0125 0.0140625
0 0.0078125 0.15390625 0.015625 0.08046875
0 0.446875 0.1671875 0.0203125 0.0296875
0 0.7296875 0.21875 0.0140625 0.01796875
0 0.40390625 0.13046875 0.01484375 0.01796875
0 0.2125 0.0984375 0.0171875 0.02734375
0 0.3203125 0.11640625 0.0171875 0.025
0 0.69609375 0.21796875 0.0140625 0.01953125
0 0.52109375 0.14296875 0.0109375 0.01328125
0 0.665625 0.225 0.0171875 0.0234375
0 0.29609375 0.09296875 0.0140625 0.01953125
0 0.88125 0.23125 0.0125 0.0171875
0 0.703125 0.24296875 0.0171875 0.025
0 0.85078125 0.2953125 0.021875 0.0375
0 0.3765625 0.1171875 0.01484375 0.02109375
0 0.765625 0.2046875 0.01171875 0.0140625
0 0.190625 0.1109375 0.02265625 0.0296875
0 0.884375 0.27890625 0.02421875 0.03359375
0 0.8859375 0.31640625 0.02734375 0.03125
0 0.70625 0.2046875 0.01171875 0.0140625
0 0.54453125 0.18125 0.01484375 0.0234375
0 0.8421875 0.23125 0.01171875 0.0140625
0 0.56953125 0.15546875 0.01171875 0.0140625
0 0.98046875 0.28203125 0.0171875 0.021875
0 0.8015625 0.2359375 0.0140625 0.0171875
0 0.0046875 0.05703125 0.00859375 0.02578125
0 0.56796875 0.2015625 0.0203125 0.0296875
0 0.83671875 0.2578125 0.01875 0.02109375
0 0.44375 0.14296875 0.01484375 0.01796875
0 0.184375 0.08515625 0.01875 0.025
0 0.5265625 0.19140625 0.01875 0.02890625
0 0.65546875 0.18125 0.0125 0.0140625
0 0.88125 0.2515625 0.01640625 0.01796875
0 0.946875 0.3046875 0.0234375 0.02890625
0 0.32421875 0.1578125 0.025 0.04453125
0 0.73125 0.16796875 0.01171875 0.01796875
0 0.728125 0.24375 0.0203125 0.0296875
0 0.6234375 0.29765625 0.04375 0.040625
0 0.38359375 0.14140625 0.01484375 0.021875
0 0.8640625 0.26953125 0.0171875 0.0234375
0 0.6765625 0.20625 0.0140625 0.0171875
0 0.4875 0.22890625 0.02421875 0.02890625
0 0.7671875 0.2296875 0.01171875 0.0171875
0 0.6078125 0.21796875 0.021875 0.0296875
0 0.5609375 0.1375 0.0109375 0.0140625
0 0.6078125 0.15546875 0.009375 0.0140625
0 0.43046875 0.13203125 0.0140625 0.0140625
0 0.82734375 0.39921875 0.0375 0.0453125
0 0.95390625 0.84921875 0.08984375 0.10703125
0 0.54609375 0.2078125 0.01953125 0.0296875
0 0.7171875 0.21875 0.01171875 0.01796875
0 0.67890625 0.2859375 0.0171875 0.0296875
0 0.49296875 0.1890625 0.02265625 0.03359375
0 0.4953125 0.1453125 0.01171875 0.0140625
0 0.3421875 0.09453125 0.0140625 0.0171875
0 0.7453125 0.22890625 0.01171875 0.01796875
0 0.6125 0.1375 0.0109375 0.0140625
0 0.0953125 0.0453125 0.0171875 0.025
0 0.03828125 0.07265625 0.0234375 0.02578125
0 0.54375 0.4015625 0.0328125 0.071875
0 0.51796875 0.165625 0.0125 0.0171875
0 0.4671875 0.1640625 0.0171875 0.01796875
0 0.99140625 0.3296875 0.01484375 0.02578125
0 0.8390625 0.7125 0.11328125 0.17421875
0 0.215625 0.0140625 0.01484375 0.021875
0 0.134375 0.0796875 0.0203125 0.0234375
0 0.6453125 0.23671875 0.0171875 0.02578125
0 0.6171875 0.17265625 0.01171875 0.0171875
0 0.01484375 0.509375 0.0296875 0.1625
0 0.61796875 0.15546875 0.0109375 0.0140625
0 0.67734375 0.18046875 0.0109375 0.0140625
0 0.96015625 0.28203125 0.0171875 0.01953125
0 0.2796875 0.1046875 0.0171875 0.021875
0 0.91015625 0.2125 0.01171875 0.01796875
0 0.63203125 0.16796875 0.01171875 0.01328125
0 0.59140625 0.13203125 0.0109375 0.0140625
0 0.90546875 0.24765625 0.0140625 0.015625
0 0.5046875 0.134375 0.009375 0.0140625
0 0.2453125 0.09375 0.015625 0.02109375
0 0.80078125 0.52578125 0.0546875 0.0859375
0 0.5140625 0.4765625 0.0578125 0.11171875
0 0.69453125 0.1390625 0.01171875 0.01796875