0 0.6796875 0.15 0.0234375 0.03671875
0 0.1 0.2484375 0.03828125 0.05234375
0 0.85390625 0.13125 0.0203125 0.03359375
0 0.315625 0.24375 0.03046875 0.0484375
0 0.7140625 0.15546875 0.02421875 0.0375
0 0.5484375 0.5265625 0.040625 0.0609375
0 0.1625 0.28671875 0.0359375 0.0546875
0 0.48359375 0.7359375 0.0609375 0.0921875
0 0.27109375 0.08046875 0.01484375 0.0234375
0 0.35859375 0.2734375 0.03125 0.046875
0 0.228125 0.3609375 0.0421875 0.0546875
0 0.478125 0.2546875 0.0328125 0.0453125
0 0.5609375 0.05390625 0.0171875 0.02734375
0 0.60625 0.03046875 0.01953125 0.0328125
0 0.371875 0.753125 0.0609375 0.0875
0 0.1 0.471875 0.0578125 0.0796875
0 0.51796875 0.09765625 0.0203125 0.03125
0 0.915625 0.0328125 0.01875 0.02578125
0 0.21171875 0.2578125 0.03203125 0.04921875
0 0.46953125 0.5234375 0.0453125 0.06796875
0 0.86171875 0.0125 0.01875 0.025
0 0.8953125 0.10703125 0.01953125 0.03125
0 0.0859375 0.38125 0.046875 0.05703125
0 0.65546875 0.0140625 0.0171875 0.028125
0 0.884375 0.025 0.0171875 0.02734375
0 0.196875 0.50625 0.0546875 0.07578125
0 0.034375 0.39765625 0.04609375 0.0609375
0 0.76484375 0.44375 0.046875 0.05625
0 0.7125 0.0171875 0.0171875 0.02890625
0 0.8640625 0.0953125 0.01953125 0.02578125
0 0.759375 0.821875 0.05390625 0.08984375
0 0.915625 0.25390625 0.025 0.03359375
0 0.29609375 0.08515625 0.01484375 0.021875
0 0.378125 0.06015625 0.0171875 0.02890625
0 0.9171875 0.1203125 0.021875 0.0296875
0 0.85078125 0.7984375 0.0625 0.08984375
0 0.2390625 0.97421875 0.0875 0.04921875
0 0.84140625 0.0140625 0.0203125 0.028125
0 0.32265625 0.01328125 0.01484375 0.02578125
0 0.62578125 0.1171875 0.02265625 0.03671875
0 0.98828125 0.25546875 0.021875 0.03671875
0 0.6765625 0.04453125 0.0171875 0.02578125
0 0.734375 0.00703125 0.01953125 0.0140625
0 0.60234375 0.00625 0.0171875 0.01171875
0 0.5125 0.5484375 0.0390625 0.05078125
0 0.4296875 0.0140625 0.0140625 0.02109375
0 0.53515625 0.0109375 0.0171875 0.021875
0 0.796875 0.50546875 0.04296875 0.0625
0 0.790625 0.00546875 0.01953125 0.01015625
0 0.85234375 0.2703125 0.025 0.0375