0 0.51640625 0.0296875 0.0171875 0.02890625
0 0.22265625 0.1625 0.02734375 0.04296875
0 0.4890625 0.02890625 0.0171875 0.02890625
0 0.64296875 0.4265625 0.0578125 0.0765625
0 0.35546875 0.3109375 0.0375 0.05703125
0 0.33046875 0.0140625 0.01875 0.02734375
0 0.5453125 0.0484375 0.0203125 0.03359375
0 0.409375 0.24140625 0.03203125 0.05078125
0 0.5859375 0.0375 0.01953125 0.0328125
0 0.478125 0.228125 0.034375 0.05078125
0 0.19765625 0.021875 0.01484375 0.0234375
0 0.23359375 0.0796875 0.0203125 0.0296875
0 0.3796875 0.04921875 0.0171875 0.03125
0 0.434375 0.03671875 0.0171875 0.02578125
0 0.2921875 0.0875 0.021875 0.03125
0 0.33359375 0.0640625 0.01875 0.02890625
0 0.0703125 0.0984375 0.021875 0.0296875
0 0.17265625 0.09453125 0.0171875 0.0296875
0 0.2484375 0.17578125 0.02734375 0.0390625
0 0.38984375 0.4515625 0.04296875 0.07578125
0 0.665625 0.00625 0.01875 0.0125
0 0.13359375 0.06875 0.0171875 0.025
0 0.0078125 0.11953125 0.015625 0.03359375
0 0.70234375 0.0875 0.02265625 0.03515625
0 0.1671875 0.046875 0.015625 0.02578125
0 0.878125 0.08203125 0.0265625 0.04140625
0 0.73828125 0.0125 0.0234375 0.025
0 0.10078125 0.08046875 0.0171875 0.02578125
0 0.103125 0.04140625 0.01875 0.02578125
0 0.603125 0.00625 0.0171875 0.01171875
0 0.3 0.03671875 0.0171875 0.02578125
0 0.0484375 0.10625 0.0234375 0.0296875
0 0.80234375 0.00625 0.01640625 0.01171875
0 0.83359375 0.09453125 0.02265625 0.0375
0 0.26484375 0.00546875 0.01640625 0.01015625
0 0.3328125 0.1171875 0.0171875 0.02578125
0 0.409375 0.00625 0.0171875 0.01171875
0 0.290625 0.06015625 0.01640625 0.0234375
0 0.0828125 0.00625 0.015625 0.01171875
0 0.23984375 0.2734375 0.034375 0.046875
0 0.47734375 0.9484375 0.13203125 0.1