0 0.18828125 0.87109375 0.03046875 0.05390625
0 0.015625 0.8421875 0.03125 0.05703125
0 0.42578125 0.8125 0.02734375 0.046875
0 0.7078125 0.7078125 0.01953125 0.02890625
0 0.16796875 0.534375 0.01953125 0.03359375
0 0.5578125 0.84296875 0.025 0.040625
0 0.103125 0.8 0.028125 0.05078125
0 0.35625 0.68515625 0.0234375 0.0390625
0 0.725 0.87109375 0.02421875 0.0421875
0 0.26484375 0.96484375 0.034375 0.0609375
0 0.61875 0.74140625 0.0203125 0.0375
0 0.7125 0.78984375 0.0234375 0.03671875
0 0.759375 0.8484375 0.0234375 0.0421875
0 0.67578125 0.80703125 0.0234375 0.04375
0 0.3015625 0.93125 0.028125 0.05703125
0 0.475 0.74375 0.0265625 0.0453125
0 0.0890625 0.3828125 0.015625 0.025
0 0.04765625 0.31640625 0.01484375 0.025
0 0.03515625 0.5671875 0.025 0.040625
0 0.0375 0.7109375 0.028125 0.05234375
0 0.8078125 0.86171875 0.0234375 0.0375
0 0.37265625 0.8328125 0.028125 0.046875
0 0.7875 0.98046875 0.025 0.03671875
0 0.11484375 0.70546875 0.0265625 0.0453125
0 0.571875 0.96484375 0.02734375 0.05234375
0 0.3734375 0.934375 0.0296875 0.05546875
0 0.4015625 0.6171875 0.01953125 0.03359375
0 0.7453125 0.621875 0.0140625 0.0203125
0 0.35625 0.4171875 0.0125 0.0203125
0 0.83046875 0.9734375 0.03203125 0.04765625
0 0.33828125 0.9625 0.034375 0.0578125
0 0.6828125 0.75078125 0.02265625 0.03359375
0 0.06640625 0.36171875 0.015625 0.02890625
0 0.134375 0.34296875 0.01484375 0.02578125
0 0.1671875 0.4203125 0.0171875 0.03203125
0 0.6171875 0.86484375 0.025 0.040625
0 0.3421875 0.57890625 0.0171875 0.03046875
0 0.0296875 0.46015625 0.02265625 0.03359375
0 0.4984375 0.91796875 0.0296875 0.05078125
0 0.56875 0.90078125 0.02421875 0.046875
0 0.446875 0.53125 0.01484375 0.025
0 0.0734375 0.56796875 0.021875 0.0421875
0 0.26484375 0.60390625 0.02421875 0.0421875
0 0.234375 0.515625 0.01953125 0.03203125
0 0.00859375 0.39375 0.01484375 0.02578125
0 0.65703125 0.74453125 0.021875 0.03359375
0 0.43828125 0.65546875 0.02265625 0.0375
0 0.23125 0.81484375 0.03046875 0.05078125
0 0.2515625 0.8734375 0.028125 0.04375
0 0.23125 0.671875 0.021875 0.03671875
0 0.4359375 0.70859375 0.02421875 0.0421875
0 0.08046875 0.2421875 0.0125 0.01875
0 0.2875 0.553125 0.01875 0.03359375
0 0.61875 0.96328125 0.0296875 0.05390625
0 0.88984375 0.6921875 0.01875 0.03203125
0 0.01875 0.6125 0.02421875 0.03359375
0 0.4890625 0.828125 0.02734375 0.040625
0 0.38203125 0.5734375 0.0171875 0.03046875
0 0.20546875 0.94921875 0.0359375 0.0578125
0 0.5296875 0.71640625 0.02265625 0.040625
0 0.3078125 0.503125 0.015625 0.02890625
0 0.29375 0.4578125 0.01484375 0.02578125
0 0.28984375 0.84140625 0.025 0.04921875
0 0.66640625 0.984375 0.028125 0.02890625
0 0.196875 0.4375 0.01640625 0.02578125
0 0.3390625 0.884375 0.02734375 0.0453125
0 0.11171875 0.6265625 0.0203125 0.0375
0 0.41796875 0.96015625 0.03125 0.05390625
0 0.29609375 0.68671875 0.025 0.0421875
0 0.1890625 0.58125 0.0171875 0.03515625
0 0.384375 0.43203125 0.0125 0.021875
0 0.340625 0.53515625 0.01484375 0.02890625
0 0.4015625 0.78125 0.025 0.0453125
0 0.009375 0.428125 0.01875 0.03359375
0 0.02578125 0.65 0.028125 0.04375
0 0.17421875 0.6828125 0.02421875 0.04375
0 0.04453125 0.6078125 0.0203125 0.0375
0 0.403125 0.7390625 0.02421875 0.03359375
0 0.859375 0.72734375 0.0171875 0.02734375
0 0.6765625 0.6421875 0.01484375 0.02890625
0 0.1609375 0.846875 0.0296875 0.05390625
0 0.3328125 0.7765625 0.02734375 0.0453125
0 0.05390625 0.39765625 0.01640625 0.025
0 0.30546875 0.43984375 0.01484375 0.021875
0 0.56484375 0.728125 0.0203125 0.040625
0 0.1828125 0.471875 0.01640625 0.025
0 0.1046875 0.584375 0.021875 0.0375
0 0.18984375 0.35078125 0.01484375 0.025
0 0.1984375 0.484375 0.0171875 0.03359375
0 0.61171875 0.82578125 0.02421875 0.03203125
0 0.1171875 0.4328125 0.0171875 0.02890625
0 0.22578125 0.3640625 0.01484375 0.025
0 0.22265625 0.43671875 0.015625 0.025
0 0.83203125 0.59375 0.015625 0.021875
0 0.38125 0.5265625 0.01640625 0.025
0 0.1265625 0.47890625 0.0203125 0.03359375
0 0.54296875 0.546875 0.0140625 0.0203125
0 0.24375 0.28203125 0.0125 0.0171875
0 0.5703125 0.55625 0.0140625 0.01875
0 0.28515625 0.39375 0.0140625 0.0203125
0 0.24375 0.453125 0.01875 0.02578125
0 0.31796875 0.39296875 0.0125 0.021875
0 0.503125 0.759375 0.02421875 0.0421875
0 0.0796875 0.68046875 0.025 0.046875
0 0.53671875 0.90859375 0.0265625 0.046875
0 0.20859375 0.26875 0.0125 0.0203125
0 0.54375 0.49453125 0.0125 0.0203125
0 0.93046875 0.746875 0.01875 0.02890625
0 0.18828125 0.29921875 0.0140625 0.0203125
0 0.65 0.89765625 0.0265625 0.04765625
0 0.9296875 0.6796875 0.015625 0.021875
0 0.4796875 0.48203125 0.0140625 0.01875
0 0.04375 0.34609375 0.01640625 0.02578125
0 0.165625 0.26796875 0.01171875 0.021875
0 0.30234375 0.2921875 0.0109375 0.0171875
0 0.14609375 0.43515625 0.01875 0.02734375
0 0.0984375 0.3484375 0.01640625 0.02734375
0 0.56875 0.6921875 0.01640625 0.0234375
0 0.7140625 0.621875 0.0140625 0.0203125
0 0.321875 0.59375 0.01875 0.03359375
0 0.59453125 0.71640625 0.021875 0.03515625
0 0.14609375 0.31484375 0.01484375 0.025
0 0.60625 0.50703125 0.01171875 0.0171875
0 0.4203125 0.38125 0.009375 0.015625
0 0.25390625 0.51875 0.015625 0.02578125
0 0.66328125 0.675 0.0171875 0.02734375
0 0.0734375 0.31796875 0.015625 0.021875
0 0.4640625 0.48125 0.0140625 0.0203125
0 0.0796875 0.434375 0.0203125 0.02890625
0 0.0828125 0.34453125 0.01484375 0.02578125
0 0.1578125 0.35703125 0.01484375 0.025
0 0.98984375 0.69453125 0.01640625 0.02578125
0 0.2796875 0.2921875 0.01171875 0.0171875
0 0.70234375 0.55546875 0.0125 0.0203125
0 0.9640625 0.75703125 0.01875 0.02890625
0 0.728125 0.9890625 0.0265625 0.01875
0 0.1125 0.5375 0.01953125 0.03515625
0 0.35234375 0.38046875 0.01171875 0.01875
0 0.66875 0.6171875 0.0125 0.01875
0 0.31328125 0.46171875 0.01484375 0.025
0 0.3046875 0.37734375 0.01171875 0.01875
0 0.19453125 0.26875 0.01171875 0.0203125
0 0.621875 0.703125 0.0171875 0.025
0 0.075 0.63671875 0.02265625 0.02890625
0 0.05625 0.2703125 0.0125 0.0203125
0 0.446875 0.46875 0.0140625 0.021875
0 0.33515625 0.509375 0.01484375 0.021875
0 0.134375 0.55234375 0.01875 0.03203125
0 0.09453125 0.31640625 0.0140625 0.021875
0 0.3203125 0.34375 0.009375 0.01875
0 0.30546875 0.33125 0.0109375 0.0171875
0 0.26484375 0.33125 0.0125 0.0203125
0 0.384375 0.38046875 0.01171875 0.01875
0 0.88203125 0.628125 0.0140625 0.0203125
0 0.4296875 0.50234375 0.0140625 0.01875
0 0.45859375 0.45234375 0.0125 0.0203125
0 0.7703125 0.58125 0.01171875 0.0203125
0 0.071875 0.40390625 0.01875 0.02890625
0 0.359375 0.446875 0.0140625 0.021875
0 0.1015625 0.453125 0.015625 0.03203125
0 0.09609375 0.2453125 0.0125 0.0171875
0 0.3453125 0.434375 0.0140625 0.0203125
0 0.43671875 0.43515625 0.0125 0.01875
0 0.09609375 0.965625 0.03828125 0.0625
0 0.340625 0.6203125 0.02421875 0.0375
0 0.734375 0.6578125 0.015625 0.025
0 0.3921875 0.409375 0.01171875 0.01875
0 0.18671875 0.54296875 0.0171875 0.03046875
0 0.50859375 0.4671875 0.01171875 0.015625
0 0.5828125 0.51875 0.01171875 0.0203125
0 0.4671875 0.9734375 0.034375 0.04765625
0 0.5578125 0.446875 0.0109375 0.015625
0 0.37890625 0.34140625 0.009375 0.01484375
0 0.23125 0.4125 0.0140625 0.0203125
0 0.15 0.9859375 0.0390625 0.025
0 0.8734375 0.671875 0.015625 0.025
0 0.34453125 0.35234375 0.01171875 0.015625
0 0.690625 0.5703125 0.0140625 0.015625
0 0.64296875 0.5921875 0.01484375 0.01875
0 0.60625 0.4296875 0.00859375 0.01328125
0 0.32734375 0.46796875 0.0125 0.0203125
0 0.4671875 0.53984375 0.0125 0.01875
0 0.33359375 0.328125 0.0109375 0.01328125
0 0.16875 0.93671875 0.0296875 0.059375
0 0.25078125 0.37578125 0.01484375 0.021875
0 0.609375 0.56796875 0.01171875 0.0203125
0 0.421875 0.4203125 0.01171875 0.0171875
0 0.196875 0.32421875 0.01484375 0.0203125
0 0.16484375 0.64375 0.02421875 0.0375
0 0.5828125 0.43125 0.0078125 0.01328125
0 0.66796875 0.55390625 0.01171875 0.0171875
0 0.53203125 0.40390625 0.009375 0.01484375
0 0.03046875 0.27265625 0.0125 0.01875
0 0.84140625 0.62890625 0.01484375 0.021875
0 0.4953125 0.478125 0.01171875 0.0171875
0 0.509375 0.70625 0.01640625 0.02890625
0 0.1171875 0.33125 0.0140625 0.0234375
0 0.43203125 0.5875 0.01640625 0.02890625
0 0.234375 0.3046875 0.0140625 0.021875
0 0.58203125 0.47734375 0.009375 0.015625
0 0.94609375 0.67265625 0.0140625 0.0203125
0 0.83359375 0.75234375 0.01875 0.03046875
0 0.75625 0.56953125 0.01171875 0.0203125
0 0.503125 0.41953125 0.0109375 0.015625
0 0.440625 0.3796875 0.0109375 0.01484375
0 0.55546875 0.428125 0.00859375 0.01328125
0 0.5859375 0.55703125 0.0140625 0.0234375
0 0.7171875 0.54375 0.01171875 0.0203125
0 0.2578125 0.4265625 0.015625 0.021875
0 0.5125 0.58046875 0.0125 0.021875
0 0.8015625 0.653125 0.01484375 0.021875
0 0.63203125 0.52578125 0.01171875 0.0203125
0 0.7765625 0.63046875 0.01484375 0.021875
0 0.6453125 0.4671875 0.009375 0.015625
0 0.1203125 0.23515625 0.0109375 0.0171875
0 0.54609375 0.596875 0.0140625 0.021875
0 0.35625 0.3265625 0.009375 0.015625
0 0.13671875 0.26171875 0.0140625 0.0234375
0 0.52890625 0.43984375 0.0109375 0.015625
0 0.3640625 0.578125 0.0171875 0.03203125
0 0.64609375 0.5671875 0.0109375 0.0171875
0 0.728125 0.58984375 0.01171875 0.0203125
0 0.90703125 0.79140625 0.01953125 0.03359375
0 0.8078125 0.69609375 0.01640625 0.0234375
0 0.36953125 0.30703125 0.00859375 0.01328125
0 0.215625 0.89765625 0.0265625 0.0390625
0 0.4421875 0.39609375 0.009375 0.01328125
0 0.009375 0.5640625 0.01875 0.040625
0 0.98671875 0.76328125 0.0203125 0.03515625
0 0.60625 0.45390625 0.00859375 0.01328125
0 0.5953125 0.47734375 0.0109375 0.015625
0 0.728125 0.56796875 0.01171875 0.01875
0 0.14765625 0.3796875 0.0171875 0.0234375
0 0.56953125 0.53515625 0.01171875 0.0203125
0 0.65703125 0.5421875 0.009375 0.01484375
0 0.46796875 0.4046875 0.0109375 0.015625
0 0.69609375 0.6078125 0.0140625 0.0203125
0 0.51953125 0.41796875 0.009375 0.015625
0 0.05546875 0.815625 0.03046875 0.04921875
0 0.5125 0.50546875 0.0140625 0.021875
0 0.2734375 0.38125 0.0140625 0.021875
0 0.00703125 0.30625 0.0140625 0.025
0 0.56953125 0.5078125 0.01171875 0.015625
0 0.4046875 0.40703125 0.0109375 0.0171875
0 0.3421875 0.30390625 0.009375 0.01484375
0 0.03828125 0.2921875 0.01484375 0.0203125
0 0.63203125 0.49609375 0.009375 0.015625
0 0.634375 0.63046875 0.0140625 0.021875
0 0.478125 0.421875 0.01171875 0.015625
0 0.59140625 0.45390625 0.00859375 0.01328125
0 0.1171875 0.26171875 0.01171875 0.0171875
0 0.6453125 0.5015625 0.009375 0.0171875
0 0.61875 0.45546875 0.00703125 0.01328125
0 0.11484375 0.36640625 0.01484375 0.02890625
0 0.31875 0.328125 0.0109375 0.01328125
0 0.3921875 0.35703125 0.0109375 0.01328125
0 0.459375 0.86640625 0.025 0.040625
0 0.2859375 0.42265625 0.01484375 0.0203125
0 0.415625 0.4390625 0.0125 0.0203125
0 0.628125 0.43203125 0.00859375 0.01484375
0 0.23984375 0.34453125 0.0125 0.0203125
0 0.97734375 0.67265625 0.0140625 0.0203125
0 0.73046875 0.74453125 0.0171875 0.02890625
0 0.3984375 0.4953125 0.0140625 0.0234375
0 0.528125 0.5421875 0.0140625 0.0203125
0 0.5671875 0.46484375 0.009375 0.0171875
0 0.309375 0.5453125 0.01484375 0.02890625
0 0.496875 0.8703125 0.0296875 0.04375
0 0.515625 0.65859375 0.0234375 0.03203125
0 0.771875 0.78671875 0.01953125 0.03203125
0 0.47890625 0.403125 0.0109375 0.01328125
0 0.565625 0.4171875 0.00859375 0.01171875
0 0.1421875 0.23515625 0.009375 0.0171875
0 0.4828125 0.45390625 0.009375 0.01875
0 0.96640625 0.6890625 0.01640625 0.0203125
0 0.56875 0.43125 0.00859375 0.01328125
0 0.9328125 0.65546875 0.0140625 0.0203125
0 0.6171875 0.48046875 0.009375 0.015625
0 0.146875 0.27890625 0.01171875 0.0203125
0 0.2015625 0.4078125 0.015625 0.025
0 0.50078125 0.9828125 0.03046875 0.03203125
0 0.43046875 0.3671875 0.00859375 0.01328125
0 0.38046875 0.35703125 0.0109375 0.015625
0 0.40703125 0.35234375 0.00859375 0.01328125
0 0.45546875 0.41953125 0.0109375 0.015625
0 0.5203125 0.796875 0.028125 0.0421875
0 0.30546875 0.58359375 0.01875 0.03359375
0 0.12890625 0.79140625 0.0234375 0.0421875
0 0.27109375 0.30625 0.0109375 0.015625
0 0.50390625 0.40546875 0.009375 0.01171875
0 0.6921875 0.4671875 0.009375 0.015625
0 0.0546875 0.9890625 0.040625 0.01875
0 0.03203125 0.3234375 0.0140625 0.021875
0 0.25703125 0.49140625 0.0171875 0.02890625
0 0.56328125 0.48515625 0.0109375 0.0171875
0 0.90390625 0.64453125 0.01484375 0.025
0 0.50625 0.52734375 0.01171875 0.0171875
0 0.45546875 0.37890625 0.00859375 0.01328125
0 0.92734375 0.79921875 0.02421875 0.0375
0 0.215625 0.24375 0.0125 0.01875