0 0.59453125 0.13125 0.01484375 0.0234375
0 0.44296875 0.18671875 0.01875 0.025
0 0.58046875 0.1109375 0.01484375 0.0234375
0 0.475 0.4234375 0.028125 0.0453125
0 0.7796875 0.1625 0.021875 0.0296875
0 0.40703125 0.1984375 0.0171875 0.02734375
0 0.88203125 0.525 0.046875 0.07421875
0 0.44609375 0.2203125 0.0171875 0.02890625
0 0.821875 0.34140625 0.0328125 0.04921875
0 0.81484375 0.23125 0.0265625 0.0375
0 0.9046875 0.35703125 0.03515625 0.0546875
0 0.4609375 0.35 0.0234375 0.0375
0 0.75390625 0.1828125 0.021875 0.0328125
0 0.56953125 0.16015625 0.01484375 0.02578125
0 0.553125 0.0703125 0.0125 0.02109375
0 0.47578125 0.21015625 0.0171875 0.02734375
0 0.903125 0.69453125 0.05546875 0.08203125
0 0.85859375 0.22890625 0.028125 0.04453125
0 0.49921875 0.2875 0.02421875 0.03671875
0 0.40234375 0.0921875 0.0140625 0.021875
0 0.5953125 0.2390625 0.02265625 0.0375
0 0.53359375 0.1421875 0.01484375 0.0234375
0 0.48984375 0.1671875 0.01640625 0.02734375
0 0.63671875 0.125 0.0171875 0.02578125
0 0.4421875 0.1546875 0.01484375 0.0234375
0 0.68984375 0.1109375 0.0125 0.02109375
0 0.665625 0.109375 0.01484375 0.0234375
0 0.5359375 0.3703125 0.028125 0.0453125
0 0.4609375 0.2609375 0.021875 0.0328125
0 0.98828125 0.2984375 0.021875 0.046875
0 0.91875 0.23125 0.028125 0.0375
0 0.6296875 0.6828125 0.0484375 0.08984375
0 0.74765625 0.46796875 0.034375 0.0484375
0 0.51875 0.19296875 0.0171875 0.03125
0 0.8890625 0.084375 0.01484375 0.02109375
0 0.54609375 0.1046875 0.0140625 0.01953125
0 0.5484375 0.19375 0.0171875 0.02578125
0 0.690625 0.16796875 0.0171875 0.02578125
0 0.653125 0.14453125 0.01875 0.02890625
0 0.73671875 0.115625 0.01640625 0.0234375
0 0.9359375 0.165625 0.02421875 0.0375
0 0.3578125 0.20546875 0.0171875 0.02578125
0 0.70234375 0.41796875 0.034375 0.04921875
0 0.440625 0.0609375 0.0140625 0.01953125
0 0.48671875 0.11875 0.01484375 0.0234375
0 0.3421875 0.759375 0.053125 0.0796875
0 0.94375 0.32265625 0.034375 0.046875
0 0.04375 0.9578125 0.0609375 0.08203125
0 0.6 0.1671875 0.01875 0.02734375
0 0.92890625 0.1015625 0.0171875 0.02578125
0 0.9234375 0.01796875 0.0171875 0.0234375
0 0.671875 0.2109375 0.021875 0.02578125
0 0.73359375 0.51328125 0.0421875 0.05703125
0 0.65703125 0.30078125 0.025 0.0390625
0 0.60859375 0.03046875 0.0125 0.01953125
0 0.4578125 0.096875 0.0140625 0.01953125
0 0.38125 0.05625 0.0125 0.01796875
0 0.59453125 0.01796875 0.0125 0.01796875
0 0.46796875 0.03046875 0.0140625 0.01953125
0 0.46484375 0.0671875 0.0140625 0.01953125
0 0.5546875 0.24921875 0.0234375 0.0375
0 0.4984375 0.0515625 0.0140625 0.01953125
0 0.4265625 0.04296875 0.01171875 0.01796875
0 0.81640625 0.01875 0.0140625 0.01953125
0 0.4609375 0.11875 0.0140625 0.021875
0 0.32890625 0.6765625 0.0453125 0.0640625
0 0.70234375 0.00625 0.0125 0.01171875
0 0.48359375 0.00703125 0.0140625 0.0140625
0 0.70234375 0.09296875 0.01484375 0.025
0 0.4921875 0.08125 0.0140625 0.025
0 0.3734375 0.7046875 0.0375 0.0546875
0 0.23359375 0.63046875 0.034375 0.04453125
0 0.41015625 0.0421875 0.01171875 0.01953125
0 0.73671875 0.0796875 0.01484375 0.0234375
0 0.7625 0.09140625 0.01484375 0.0234375
0 0.63203125 0.86796875 0.06640625 0.10546875
0 0.31796875 0.596875 0.0421875 0.053125
0 0.53203125 0.00625 0.0140625 0.01171875
0 0.78203125 0.40546875 0.03046875 0.05078125
0 0.35546875 0.03828125 0.01171875 0.0171875
0 0.67109375 0.2484375 0.0265625 0.03671875
0 0.7765625 0.01875 0.0125 0.01953125
0 0.52578125 0.1 0.01484375 0.02109375
0 0.653125 0.00625 0.0125 0.01171875
0 0.88828125 0.0078125 0.01484375 0.015625
0 0.5109375 0.03046875 0.0140625 0.01953125
0 0.4078125 0.0625 0.0140625 0.01796875
0 0.628125 0.00625 0.0125 0.0125
0 0.3390625 0.0546875 0.0140625 0.02109375
0 0.5546875 0.0453125 0.01171875 0.01953125
0 0.821875 0.0828125 0.0140625 0.021875
0 0.66875 0.01953125 0.0125 0.01796875
0 0.51796875 0.07890625 0.0125 0.01953125
0 0.48125 0.0453125 0.0125 0.01953125
0 0.67734375 0.04375 0.0125 0.01953125
0 0.8515625 0.0484375 0.015625 0.0234375
0 0.4453125 0.0171875 0.009375 0.015625
0 0.5828125 0.040625 0.01171875 0.0171875
0 0.565625 0.00625 0.0140625 0.01171875
0 0.39609375 0.05625 0.0125 0.01796875
0 0.70234375 0.0234375 0.0125 0.01796875
0 0.35859375 0.065625 0.0125 0.01953125
0 0.634375 0.0296875 0.0109375 0.01328125
0 0.665625 0.00625 0.01171875 0.01171875
0 0.7890625 0.7703125 0.0578125 0.0921875
0 0.38359375 0.03828125 0.01171875 0.0171875
0 0.6234375 0.0390625 0.0125 0.015625
0 0.36484375 0.1265625 0.01484375 0.02109375
0 0.1828125 0.87421875 0.05859375 0.08203125
0 0.653125 0.0390625 0.0125 0.01796875
0 0.44375 0.09140625 0.0125 0.01796875
0 0.53828125 0.0796875 0.0140625 0.01953125
0 0.45546875 0.04296875 0.0109375 0.01796875
0 0.33671875 0.0359375 0.0109375 0.0140625
0 0.51484375 0.00625 0.0125 0.01171875
0 0.4296875 0.0921875 0.01171875 0.01796875
0 0.571875 0.0328125 0.0109375 0.01796875
0 0.559375 0.01875 0.0140625 0.0140625
0 0.5796875 0.0046875 0.01171875 0.009375
0 0.7453125 0.00546875 0.0140625 0.01015625
0 0.5546875 0.128125 0.0140625 0.01953125
0 0.828125 0.0046875 0.0140625 0.009375
0 0.43046875 0.0171875 0.0140625 0.0140625
0 0.3578125 0.10390625 0.0140625 0.01796875
0 0.5453125 0.00625 0.015625 0.0125
0 0.61484375 0.00625 0.0125 0.01171875
0 0.9390625 0.0296875 0.01484375 0.01953125
0 0.41875 0.021875 0.0109375 0.01328125
0 0.6953125 0.0609375 0.0140625 0.01953125
0 0.5484375 0.165625 0.01484375 0.021875
0 0.76484375 0.00625 0.0125 0.01171875
0 0.3203125 0.28515625 0.03515625 0.05234375
0 0.30078125 0.1265625 0.021875 0.0265625
0 0.72421875 0.2828125 0.03515625 0.0609375