0 0.68046875 0.2078125 0.0125 0.01953125
0 0.10859375 0.334375 0.0203125 0.02578125
0 0.77265625 0.303125 0.021875 0.02890625
0 0.434375 0.47265625 0.02421875 0.03671875
0 0.88125 0.7171875 0.05546875 0.08203125
0 0.98359375 0.36953125 0.028125 0.04140625
0 0.73984375 0.31328125 0.0203125 0.0296875
0 0.61171875 0.5734375 0.03203125 0.05078125
0 0.88359375 0.16796875 0.01171875 0.01796875
0 0.940625 0.3390625 0.02421875 0.03515625
0 0.1453125 0.4234375 0.02265625 0.0328125
0 0.17578125 0.3328125 0.0171875 0.025
0 0.446875 0.39296875 0.025 0.03671875
0 0.85859375 0.16875 0.01171875 0.0171875
0 0.37890625 0.3609375 0.021875 0.0296875
0 0.4 0.45 0.02421875 0.0375
0 0.70390625 0.64921875 0.0265625 0.0453125
0 0.93046875 0.31171875 0.02421875 0.0296875
0 0.48984375 0.38828125 0.02265625 0.03125
0 0.06328125 0.3375 0.0171875 0.0234375
0 0.06328125 0.39453125 0.01640625 0.02578125
0 0.4484375 0.296875 0.015625 0.02109375
0 0.11171875 0.29375 0.01875 0.025
0 0.50078125 0.30546875 0.01640625 0.025
0 0.63515625 0.30078125 0.01484375 0.0234375
0 0.3921875 0.2453125 0.01171875 0.0171875
0 0.83125 0.17421875 0.01171875 0.01796875
0 0.5125 0.26953125 0.01484375 0.02109375
0 0.32734375 0.6890625 0.0421875 0.06796875
0 0.784375 0.1703125 0.0109375 0.0171875
0 0.3890625 0.49765625 0.021875 0.03359375
0 0.73125 0.1921875 0.01484375 0.01953125
0 0.6515625 0.196875 0.015625 0.01953125
0 0.4828125 0.30625 0.01484375 0.02578125
0 0.70234375 0.20390625 0.0125 0.01953125
0 0.91328125 0.1609375 0.009375 0.0171875
0 0.9453125 0.1703125 0.0140625 0.01953125
0 0.740625 0.74140625 0.01875 0.021875
0 0.3703125 0.21796875 0.0109375 0.0140625
0 0.39375 0.2046875 0.01171875 0.0140625
0 0.65546875 0.2796875 0.0125 0.01953125
0 0.10390625 0.3859375 0.0203125 0.0296875
0 0.50625 0.19296875 0.00859375 0.01328125
0 0.58359375 0.19453125 0.0109375 0.0140625
0 0.6421875 0.22421875 0.01171875 0.01796875
0 0.89609375 0.18046875 0.0109375 0.0171875
0 0.77890625 0.78125 0.0421875 0.0625
0 0.56953125 0.21953125 0.009375 0.0140625
0 0.421875 0.21953125 0.01171875 0.0140625
0 0.98359375 0.14296875 0.0109375 0.01796875
0 0.6109375 0.209375 0.009375 0.015625
0 0.70546875 0.18125 0.0125 0.0140625
0 0.3421875 0.2203125 0.00859375 0.01328125
0 0.35703125 0.3734375 0.01484375 0.021875
0 0.5375 0.2625 0.0125 0.01953125
0 0.35234375 0.26796875 0.01171875 0.01796875
0 0.89140625 0.14140625 0.009375 0.01171875
0 0.3671875 0.2390625 0.009375 0.0140625
0 0.5359375 0.2125 0.009375 0.0171875
0 0.31640625 0.2171875 0.009375 0.01328125
0 0.4671875 0.19375 0.009375 0.01171875
0 0.56484375 0.19453125 0.0109375 0.0140625
0 0.496875 0.359375 0.0171875 0.0234375
0 0.69140625 0.18046875 0.01171875 0.0140625
0 0.5296875 0.1953125 0.00859375 0.01328125
0 0.33046875 0.221875 0.00859375 0.0140625
0 0.0046875 0.35 0.00859375 0.02890625
0 0.51640625 0.21640625 0.0109375 0.01328125
0 0.99375 0.11953125 0.0109375 0.015625
0 0.9421875 0.15 0.009375 0.0140625
0 0.49296875 0.18515625 0.00859375 0.01328125
0 0.2765625 0.14453125 0.009375 0.01328125
0 0.61484375 0.2296875 0.0109375 0.0171875
0 0.290625 0.70078125 0.01875 0.02578125
0 0.553125 0.20703125 0.0109375 0.015625
0 0.37890625 0.2796875 0.01171875 0.0171875
0 0.9015625 0.14296875 0.0109375 0.01328125
0 0.50703125 0.20546875 0.009375 0.01328125
0 0.96953125 0.15390625 0.0109375 0.015625
0 0.8453125 0.1421875 0.0109375 0.0140625
0 0.92734375 0.1625 0.0109375 0.01796875
0 0.35703125 0.2328125 0.0109375 0.0140625
0 0.6296875 0.22578125 0.009375 0.0171875