0 0.978125 0.553125 0.0296875 0.04921875
0 0.48671875 0.79296875 0.05 0.08515625
0 0.075 0.2 0.0328125 0.05625
0 0.4609375 0.50703125 0.03515625 0.0671875
0 0.11875 0.4 0.0390625 0.07265625
0 0.4671875 0.33515625 0.02734375 0.0546875
0 0.0265625 0.16875 0.0328125 0.05859375
0 0.23125 0.64453125 0.04609375 0.08828125
0 0.4109375 0.40546875 0.034375 0.0546875
0 0.6515625 0.759375 0.0421875 0.0671875
0 0.55 0.76796875 0.0484375 0.08984375
0 0.2546875 0.37890625 0.03515625 0.065625
0 0.39609375 0.47578125 0.03984375 0.07265625
0 0.3921875 0.96328125 0.0515625 0.0703125
0 0.33828125 0.50703125 0.03984375 0.07421875
0 0.11484375 0.28828125 0.03984375 0.06328125
0 0.11328125 0.9234375 0.0546875 0.10390625
0 0.5890625 0.91640625 0.046875 0.08671875
0 0.86328125 0.85859375 0.0390625 0.06015625
0 0.88203125 0.29609375 0.0171875 0.03671875
0 0.18125 0.3921875 0.03828125 0.07421875
0 0.97734375 0.96484375 0.04296875 0.0671875
0 0.53984375 0.3375 0.0265625 0.053125
0 0.3953125 0.775 0.053125 0.096875
0 0.971875 0.43671875 0.02421875 0.0421875
0 0.6375 0.49609375 0.03046875 0.05625
0 0.103125 0.153125 0.0328125 0.05859375
0 0.3734375 0.65546875 0.0421875 0.078125
0 0.81640625 0.68359375 0.0390625 0.06328125
0 0.96875 0.2546875 0.0171875 0.0390625
0 0.73984375 0.59296875 0.028125 0.0546875
0 0.321875 0.24375 0.03125 0.053125
0 0.68125 0.5984375 0.03203125 0.05859375
0 0.459375 0.97265625 0.05 0.0515625
0 0.90703125 0.58203125 0.0328125 0.05859375
0 0.2421875 0.228125 0.0296875 0.05625
0 0.96796875 0.178125 0.01875 0.03515625
0 0.75078125 0.74921875 0.04609375 0.0703125
0 0.16640625 0.14765625 0.028125 0.0546875
0 0.68828125 0.30390625 0.021875 0.0421875
0 0.5796875 0.3609375 0.028125 0.0515625
0 0.9359375 0.38671875 0.021875 0.0421875
0 0.375 0.56953125 0.0390625 0.07265625
0 0.78515625 0.2078125 0.0171875 0.03671875
0 0.6140625 0.4546875 0.03125 0.0515625
0 0.3203125 0.30625 0.0296875 0.06171875
0 0.48046875 0.4109375 0.03125 0.05859375
0 0.95625 0.78515625 0.0421875 0.065625
0 0.7625 0.2078125 0.01875 0.03671875
0 0.9421875 0.48828125 0.02734375 0.04453125
0 0.06328125 0.46796875 0.05 0.08828125
0 0.59453125 0.56640625 0.0328125 0.065625
0 0.6546875 0.54296875 0.028125 0.05859375
0 0.7 0.35546875 0.025 0.04921875
0 0.92578125 0.06953125 0.015625 0.0296875
0 0.125 0.23359375 0.03125 0.03515625
0 0.43046875 0.15546875 0.02421875 0.0390625
0 0.38203125 0.18359375 0.02734375 0.053125
0 0.1890625 0.29296875 0.0390625 0.0671875
0 0.16953125 0.63984375 0.0578125 0.09921875
0 0.26484375 0.30625 0.03125 0.0515625
0 0.215625 0.196875 0.0265625 0.04765625
0 0.8265625 0.24609375 0.021875 0.03671875
0 0.8828125 0.49609375 0.0234375 0.053125
0 0.73359375 0.4859375 0.0265625 0.04921875
0 0.475 0.2359375 0.02265625 0.04453125
0 0.55078125 0.15546875 0.021875 0.0390625
0 0.0828125 0.0671875 0.034375 0.05625
0 0.85625 0.14765625 0.01875 0.03359375
0 0.88984375 0.21328125 0.01875 0.03671875
0 0.778125 0.5984375 0.03828125 0.06171875
0 0.91015625 0.040625 0.015625 0.03203125
0 0.85625 0.19140625 0.01640625 0.0296875
0 0.634375 0.14453125 0.01953125 0.03515625
0 0.2640625 0.53125 0.0453125 0.07265625
0 0.8921875 0.68671875 0.0328125 0.04765625
0 0.89296875 0.44453125 0.0265625 0.04765625
0 0.02890625 0.2703125 0.03984375 0.06015625
0 0.62578125 0.10078125 0.0203125 0.0390625
0 0.84453125 0.3375 0.021875 0.03515625
0 0.82734375 0.446875 0.021875 0.0421875
0 0.68828125 0.03359375 0.01640625 0.03203125
0 0.2421875 0.11640625 0.02734375 0.04921875
0 0.865625 0.578125 0.03046875 0.06015625
0 0.5015625 0.1734375 0.0203125 0.0390625
0 0.709375 0.8609375 0.04375 0.0515625
0 0.7 0.48828125 0.0296875 0.0546875
0 0.74765625 0.6796875 0.03984375 0.06171875
0 0.31640625 0.64453125 0.0390625 0.08125
0 0.159375 0.48046875 0.04765625 0.08828125
0 0.4671875 0.62734375 0.0390625 0.0671875
0 0.8328125 0.5046875 0.028125 0.04765625
0 0.41796875 0.009375 0.0171875 0.01875
0 0.134375 0.04609375 0.0265625 0.04609375
0 0.546875 0.5015625 0.0375 0.06015625
0 0.0796875 0.3453125 0.0375 0.05859375
0 0.90703125 0.259375 0.01875 0.03515625
0 0.45859375 0.02734375 0.01640625 0.0265625
0 0.7015625 0.93359375 0.053125 0.08671875
0 0.1765625 0.09296875 0.02734375 0.04765625
0 0.5140625 0.04296875 0.01484375 0.0265625
0 0.27109375 0.653125 0.03984375 0.08671875
0 0.71328125 0.196875 0.0203125 0.03671875
0 0.7453125 0.1140625 0.01484375 0.0265625
0 0.7109375 0.5984375 0.02734375 0.06171875
0 0.95859375 0.215625 0.01875 0.03515625
0 0.82734375 0.10625 0.015625 0.028125
0 0.22578125 0.0671875 0.025 0.04921875
0 0.41875 0.33828125 0.02421875 0.0546875
0 0.825 0.82265625 0.0421875 0.07578125
0 0.790625 0.49375 0.025 0.0515625
0 0.9578125 0.040625 0.0140625 0.028125
0 0.72109375 0.103125 0.01484375 0.0296875
0 0.2921875 0.134375 0.02734375 0.04609375
0 0.75546875 0.1421875 0.01484375 0.03359375
0 0.821875 0.38671875 0.0203125 0.0390625
0 0.509375 0.13671875 0.01640625 0.03359375
0 0.9328125 0.22109375 0.0171875 0.03203125
0 0.72109375 0.290625 0.01875 0.0296875
0 0.6828125 0.715625 0.0359375 0.0671875
0 0.67578125 0.35546875 0.0234375 0.04921875
0 0.78984375 0.06171875 0.0171875 0.03203125
0 0.796875 0.38984375 0.0234375 0.040625
0 0.9296875 0.67421875 0.040625 0.07578125
0 0.39453125 0.3453125 0.02734375 0.0515625
0 0.81875 0.32421875 0.01953125 0.03671875
0 0.8328125 0.009375 0.015625 0.01875
0 0.0515625 0.01875 0.02734375 0.03671875
0 0.9265625 0.259375 0.01953125 0.0390625
0 0.5296875 0.103125 0.0171875 0.03359375
0 0.80859375 0.21796875 0.0171875 0.03671875
0 0.76484375 0.48828125 0.02734375 0.0515625
0 0.32734375 0.96015625 0.0484375 0.07578125
0 0.475 0.18359375 0.0203125 0.0421875
0 0.58359375 0.153125 0.01640625 0.0296875
0 0.7 0.428125 0.0265625 0.04453125
0 0.2 0.52734375 0.0453125 0.07578125
0 0.33125 0.43671875 0.03828125 0.053125
0 0.50859375 0.55390625 0.03125 0.0515625
0 0.88359375 0.009375 0.0140625 0.01875
0 0.23671875 0.02734375 0.02421875 0.04453125
0 0.009375 0.0578125 0.01875 0.059375
0 0.8734375 0.371875 0.021875 0.040625
0 0.41875 0.1890625 0.02421875 0.0421875
0 0.92890625 0.53828125 0.0234375 0.04765625
0 0.6140625 0.059375 0.0171875 0.03359375
0 0.540625 0.28828125 0.0234375 0.0390625
0 0.83125 0.21328125 0.0171875 0.0296875
0 0.446875 0.4078125 0.028125 0.05625
0 0.009375 0.69609375 0.01875 0.0828125
0 0.215625 0.14453125 0.02421875 0.0421875
0 0.73125 0.0296875 0.01640625 0.03203125
0 0.76796875 0.2828125 0.0203125 0.0390625
0 0.971875 0.10625 0.01640625 0.03203125
0 0.1859375 0.2359375 0.03125 0.04765625
0 0.88203125 0.10078125 0.0171875 0.03203125
0 0.66875 0.2 0.0171875 0.03515625
0 0.7609375 0.43671875 0.02734375 0.0421875
0 0.95234375 0.30625 0.01875 0.03671875
0 0.36796875 0.26796875 0.0265625 0.04453125
0 0.37265625 0.3171875 0.0265625 0.04765625
0 0.55625 0.01953125 0.0171875 0.03203125
0 0.28203125 0.01484375 0.021875 0.0296875
0 0.3546875 0.15546875 0.0234375 0.04921875
0 0.27109375 0.04296875 0.02265625 0.040625
0 0.3703125 0.228125 0.028125 0.0390625
0 0.83203125 0.57265625 0.0328125 0.05625
0 0.64453125 0.23359375 0.015625 0.0390625
0 0.496875 0.22265625 0.0171875 0.0421875
0 0.80546875 0.1328125 0.01640625 0.03203125
0 0.69453125 0.12421875 0.0171875 0.03359375
0 0.42265625 0.0828125 0.015625 0.03203125
0 0.540625 0.6109375 0.0453125 0.078125
0 0.45234375 0.05625 0.015625 0.028125
0 0.9109375 0.34296875 0.021875 0.03515625
0 0.5921875 0.04296875 0.015625 0.0296875
0 0.84765625 0.29296875 0.01953125 0.03515625
0 0.27421875 0.23046875 0.028125 0.0546875
0 0.6515625 0.09296875 0.01640625 0.0296875
0 0.48125 0.05390625 0.015625 0.0296875
0 0.73984375 0.24140625 0.0203125 0.03671875
0 0.79375 0.00703125 0.0171875 0.0140625
0 0.4578125 0.0953125 0.01953125 0.03515625
0 0.7546875 0.37890625 0.0234375 0.040625
0 0.82734375 0.03515625 0.01640625 0.028125
0 0.728125 0.16875 0.0171875 0.0296875
0 0.66328125 0.009375 0.0171875 0.01875
0 0.696875 0.26484375 0.021875 0.0390625
0 0.06875 0.4 0.03828125 0.04765625
0 0.5515625 0.06875 0.0171875 0.03203125
0 0.99296875 0.2625 0.0125 0.03671875
0 0.88125 0.79296875 0.03828125 0.06328125
0 0.78828125 0.1421875 0.0171875 0.03359375
0 0.37265625 0.00703125 0.02265625 0.0140625
0 0.8515625 0.11953125 0.015625 0.02265625
0 0.196875 0.028125 0.025 0.03203125
0 0.30546875 0.18671875 0.025 0.04765625
0 0.4234375 0.11953125 0.01484375 0.0265625
0 0.60234375 0.32265625 0.025 0.04453125
0 0.94453125 0.07265625 0.01484375 0.03203125
0 0.7703125 0.04609375 0.01484375 0.028125
0 0.58359375 0.18984375 0.0203125 0.03359375
0 0.3703125 0.10078125 0.02265625 0.0421875
0 0.571875 0.259375 0.02265625 0.0390625
0 0.33046875 0.19453125 0.02421875 0.0390625
0 0.5546875 0.1140625 0.0171875 0.03359375
0 0.89453125 0.74140625 0.03515625 0.0515625
0 0.40703125 0.10859375 0.01953125 0.03671875
0 0.58046875 0.07265625 0.01640625 0.03203125
0 0.8 0.4390625 0.02421875 0.04453125
0 0.1671875 0.03515625 0.0234375 0.0390625
0 0.290625 0.08203125 0.02421875 0.040625
0 0.8109375 0.16328125 0.01640625 0.0296875
0 0.446875 0.12890625 0.01875 0.03203125
0 0.91953125 0.1421875 0.01484375 0.0296875
0 0.91875 0.00546875 0.0171875 0.0109375
0 0.75703125 0.32421875 0.02265625 0.03671875
0 0.50625 0.2796875 0.02265625 0.04453125
0 0.6546875 0.43125 0.02421875 0.04921875
0 0.9671875 0.0671875 0.01484375 0.03203125
0 0.6171875 0.21796875 0.021875 0.04453125
0 0.61953125 0.178125 0.01640625 0.028125
0 0.99296875 0.04296875 0.01171875 0.03671875
0 0.36015625 0.03125 0.0171875 0.03671875
0 0.5640625 0.215625 0.0234375 0.0421875
0 0.353125 0.06640625 0.0171875 0.03359375
0 0.459375 0.2796875 0.025 0.040625
0 0.49453125 0.0328125 0.01640625 0.0265625
0 0.628125 0.0125 0.01640625 0.025
0 0.190625 0.1765625 0.0265625 0.04921875
0 0.6515625 0.196875 0.0171875 0.0296875
0 0.31484375 0.0125 0.01875 0.025
0 0.7203125 0.32421875 0.0203125 0.03671875
0 0.415625 0.27265625 0.0234375 0.04453125
0 0.61875 0.403125 0.0203125 0.03203125
0 0.45078125 0.2203125 0.0203125 0.04453125
0 0.63125 0.06171875 0.01640625 0.028125
0 0.7125 0.8015625 0.04375 0.06875
0 0.8015625 0.92109375 0.0453125 0.0828125
0 0.978125 0.49921875 0.0296875 0.04453125
0 0.596875 0.009375 0.01875 0.01875
0 0.60078125 0.259375 0.01953125 0.0390625
0 0.98046875 0.21328125 0.0171875 0.03359375
0 0.4046875 0.153125 0.0203125 0.04453125
0 0.0953125 0.00703125 0.02734375 0.0140625
0 0.934375 0.45 0.0203125 0.03359375
0 0.73125 0.00546875 0.01640625 0.0109375
0 0.21484375 0.39453125 0.03125 0.06171875
0 0.7734375 0.11875 0.015625 0.028125
0 0.859375 0.22109375 0.0171875 0.03515625
0 0.5296875 0.06953125 0.01484375 0.02265625
0 0.009375 0.009375 0.01875 0.01875
0 0.26875 0.11640625 0.0203125 0.03515625
0 0.78046875 0.24375 0.01875 0.03203125
0 0.39609375 0.078125 0.01875 0.03203125
0 0.92890625 0.97265625 0.034375 0.0515625
0 0.528125 0.13984375 0.01875 0.03515625
0 0.4953125 0.103125 0.015625 0.0296875
0 0.69296875 0.0953125 0.01484375 0.025
0 0.7390625 0.13984375 0.01484375 0.03203125
0 0.96171875 0.3828125 0.02265625 0.04453125
0 0.934375 0.04609375 0.01484375 0.028125
0 0.65703125 0.0515625 0.01640625 0.03203125
0 0.7 0.0078125 0.0171875 0.015625
0 0.2390625 0.33515625 0.0296875 0.03359375
0 0.73125 0.3765625 0.02265625 0.04609375
0 0.99296875 0.35625 0.0125 0.03671875
0 0.39375 0.00703125 0.0171875 0.0140625
0 0.73359375 0.98671875 0.0421875 0.02265625
0 0.9953125 0.11875 0.0078125 0.028125
0 0.7640625 0.00546875 0.015625 0.0109375
0 0.83125 0.140625 0.01484375 0.03359375
0 0.8703125 0.0515625 0.01640625 0.03203125
0 0.73828125 0.2796875 0.0171875 0.040625
0 0.859375 0.46328125 0.01953125 0.03515625
0 0.85625 0.0078125 0.0171875 0.015625
0 0.46875 0.14453125 0.0171875 0.03203125
0 0.12578125 0.00703125 0.0234375 0.0140625
0 0.41875 0.23046875 0.0234375 0.040625
0 0.6203125 0.26953125 0.02265625 0.03671875
0 0.8140625 0.2796875 0.0203125 0.03359375
0 0.5203125 0.19140625 0.01953125 0.03671875
0 0.1203125 0.0875 0.03125 0.05859375
0 0.6546875 0.15 0.0171875 0.028125
0 0.665625 0.2359375 0.0171875 0.03359375
0 0.66875 0.30390625 0.0203125 0.0421875
0 0.434375 0.0140625 0.01875 0.028125
0 0.83203125 0.06171875 0.015625 0.03203125
0 0.43828125 0.08984375 0.015625 0.03203125
0 0.13984375 0.1609375 0.0296875 0.05625
0 0.45390625 0.00703125 0.015625 0.0140625
0 0.63984375 0.03828125 0.01640625 0.0296875
0 0.95234375 0.53515625 0.02265625 0.053125
0 0.4421875 0.74375 0.0390625 0.06015625
0 0.26953125 0.178125 0.0234375 0.0421875
0 0.43046875 0.0484375 0.01875 0.0296875
0 0.49296875 0.0078125 0.01640625 0.015625
0 0.88515625 0.03359375 0.01484375 0.03203125
0 0.00625 0.121875 0.01171875 0.053125
0 0.6375 0.31953125 0.0203125 0.0421875