1 0.54375 0.84375 0.0984375 0.13984375
1 0.75625 0.79609375 0.09453125 0.1484375
1 0.4109375 0.74765625 0.053125 0.08671875
1 0.64296875 0.74296875 0.0671875 0.103125
1 0.5296875 0.88359375 0.12890625 0.2234375
1 0.82890625 0.71015625 0.0484375 0.0734375
1 0.49609375 0.76171875 0.0796875 0.10625
1 0.43984375 0.63125 0.0359375 0.0546875
1 0.13984375 0.63203125 0.0359375 0.053125
1 0.7625 0.85703125 0.1203125 0.2734375
1 0.33515625 0.703125 0.04609375 0.0703125
1 0.8546875 0.6078125 0.04609375 0.06875
1 0.78828125 0.47734375 0.03046875 0.0484375
1 0.9328125 0.72109375 0.053125 0.08359375
1 0.5046875 0.57734375 0.0296875 0.0453125
1 0.77890625 0.60234375 0.04375 0.06015625
1 0.27734375 0.69453125 0.04296875 0.06328125
1 0.16484375 0.9015625 0.1453125 0.18828125
1 0.49921875 0.58515625 0.99296875 0.80859375
1 0.20859375 0.6859375 0.04375 0.06015625
1 0.61640625 0.525 0.03046875 0.046875
1 0.57890625 0.584375 0.03125 0.0484375
1 0.92890625 0.628125 0.040625 0.06484375
1 0.97734375 0.53671875 0.03984375 0.06484375
1 0.90703125 0.42421875 0.0296875 0.0453125
1 0.5890625 0.66796875 0.03828125 0.06484375
1 0.89921875 0.5359375 0.0390625 0.06328125
1 0.7046875 0.596875 0.0328125 0.053125
1 0.6859375 0.475 0.03125 0.046875
1 0.728125 0.68828125 0.0484375 0.06796875
1 0.39921875 0.6421875 0.03515625 0.0546875
1 0.3171875 0.61328125 0.0296875 0.04140625
1 0.98046875 0.72421875 0.03515625 0.08671875
1 0.53984375 0.4515625 0.0234375 0.03515625
1 0.6390625 0.47265625 0.02734375 0.04296875
1 0.70625 0.4359375 0.025 0.03671875
1 0.46171875 0.51171875 0.02734375 0.04140625
1 0.40078125 0.56640625 0.03046875 0.046875
1 0.7453125 0.42890625 0.0265625 0.04296875
1 0.85859375 0.4375 0.03046875 0.0484375
1 0.4609375 0.8515625 0.16015625 0.28515625
1 0.6671875 0.52734375 0.0296875 0.0484375
1 0.53828125 0.5828125 0.03125 0.0515625
1 0.81015625 0.25703125 0.0203125 0.03203125
1 0.54765625 0.66875 0.0296875 0.0515625
1 0.6265625 0.6515625 0.05078125 0.0796875
1 0.57890625 0.52734375 0.0234375 0.03984375
1 0.49921875 0.45234375 0.021875 0.03359375
1 0.27265625 0.74765625 0.0828125 0.16640625
1 0.0484375 0.8125 0.05 0.071875
1 0.12890625 0.6890625 0.0765625 0.16328125
1 0.775 0.64375 0.0765625 0.146875
1 0.26875 0.56171875 0.0234375 0.03203125
1 0.44375 0.6703125 0.05859375 0.13203125
1 0.2484375 0.70078125 0.03125 0.05703125
1 0.36875 0.56640625 0.0296875 0.04375
1 0.22578125 0.54921875 0.0234375 0.03359375
1 0.33203125 0.75390625 0.0640625 0.16875
1 0.7828125 0.5140625 0.07890625 0.125
1 0.896875 0.48203125 0.09296875 0.16484375
1 0.60078125 0.45546875 0.0203125 0.03359375
1 0.20390625 0.59375 0.0234375 0.03828125
1 0.22421875 0.81640625 0.05 0.05625
1 0.915625 0.37734375 0.028125 0.04296875
1 0.9171875 0.76875 0.1015625 0.1796875
1 0.82890625 0.7546875 0.07421875 0.16171875
1 0.31484375 0.5578125 0.02265625 0.03359375
1 0.76640625 0.40078125 0.0234375 0.03671875
1 0.10546875 0.63671875 0.02734375 0.04375
1 0.53828125 0.4875 0.0609375 0.10703125
1 0.96796875 0.38671875 0.03203125 0.04140625
1 0.396875 0.84609375 0.10859375 0.28359375
1 0.66640625 0.5578125 0.05390625 0.11328125
1 0.62578125 0.590625 0.04609375 0.05703125
1 0.8109375 0.44375 0.02734375 0.04375
1 0.65546875 0.4234375 0.021875 0.03515625
1 0.34453125 0.56484375 0.0265625 0.03828125
1 0.70390625 0.63046875 0.06953125 0.125
1 0.0140625 0.70390625 0.028125 0.05703125
1 0.70234375 0.39140625 0.021875 0.03203125
1 0.18203125 0.7328125 0.096875 0.1546875
1 0.8140625 0.309375 0.04375 0.13984375
1 0.4578125 0.76953125 0.028125 0.078125
1 0.9484375 0.334375 0.025 0.04296875
1 0.415625 0.53046875 0.02734375 0.03984375
1 0.5375 0.62265625 0.0546875 0.13125
1 0.50078125 0.6171875 0.04765625 0.125
1 0.88671875 0.31640625 0.02734375 0.04140625
1 0.7765625 0.28984375 0.02421875 0.03203125
1 0.60234375 0.3953125 0.01875 0.03203125
1 0.72265625 0.71953125 0.0640625 0.13125
1 0.8515625 0.36328125 0.025 0.04375
1 0.96953125 0.415625 0.05390625 0.0984375
1 0.64296875 0.82421875 0.096875 0.26328125
1 0.81015625 0.39765625 0.0265625 0.04296875
1 0.1671875 0.54609375 0.02265625 0.03359375
1 0.74921875 0.4796875 0.03125 0.05
1 0.43515625 0.46328125 0.0203125 0.03515625
1 0.22734375 0.58515625 0.03046875 0.04375
1 0.8953125 0.359375 0.02265625 0.03984375
1 0.20625 0.61640625 0.0421875 0.0796875
1 0.4453125 0.5234375 0.01953125 0.03515625
1 0.6921875 0.5 0.0515625 0.1
1 0.4546875 0.5515625 0.0640625 0.11796875
1 0.36015625 0.52578125 0.02421875 0.03359375
1 0.34140625 0.5265625 0.0203125 0.03203125
1 0.28046875 0.51875 0.02265625 0.0296875
1 0.2671875 0.58515625 0.04296875 0.0796875
1 0.1609375 0.87109375 0.10234375 0.128125
1 0.07109375 0.6328125 0.021875 0.03984375
1 0.83125 0.40390625 0.02421875 0.04296875
1 0.709375 0.45625 0.03984375 0.078125
1 0.06328125 0.75859375 0.034375 0.04375
1 0.29765625 0.5609375 0.0203125 0.03671875
1 0.846875 0.63359375 0.0703125 0.1234375
1 0.14140625 0.5828125 0.0296875 0.03984375
1 0.9203125 0.6625 0.090625 0.13671875
1 0.7765625 0.3375 0.05546875 0.125
1 0.11171875 0.76015625 0.0421875 0.06171875