0 0.3015625 0.11875 0.0171875 0.025
0 0.3421875 0.05625 0.01484375 0.021875
0 0.71015625 0.6859375 0.05390625 0.0859375
0 0.83515625 0.2171875 0.028125 0.0390625
0 0.065625 0.25625 0.025 0.0390625
0 0.33046875 0.01640625 0.01484375 0.021875
0 0.9171875 0.24140625 0.03046875 0.04296875
0 0.31328125 0.16171875 0.0171875 0.02578125
0 0.27109375 0.1234375 0.01640625 0.02734375
0 0.36328125 0.15625 0.021875 0.03125
0 0.70859375 0.20703125 0.028125 0.0390625
0 0.6234375 0.64921875 0.0546875 0.0921875
0 0.21953125 0.04296875 0.01484375 0.0234375
0 0.571875 0.234375 0.025 0.04140625
0 0.12421875 0.23046875 0.0234375 0.0390625
0 0.41875 0.303125 0.02734375 0.04140625
0 0.196875 0.11875 0.0171875 0.02578125
0 0.28203125 0.3890625 0.03203125 0.05078125
0 0.2453125 0.05625 0.0140625 0.021875
0 0.66484375 0.21953125 0.03125 0.040625
0 0.56875 0.1109375 0.01953125 0.0296875
0 0.5015625 0.07421875 0.01640625 0.02578125
0 0.95 0.37890625 0.0390625 0.05234375
0 0.26796875 0.0421875 0.0125 0.01953125
0 0.1578125 0.25625 0.0234375 0.0375
0 0.14140625 0.14765625 0.0171875 0.0296875
0 0.29609375 0.06875 0.01484375 0.0234375
0 0.75859375 0.05078125 0.01484375 0.0234375
0 0.3890625 0.04140625 0.01484375 0.0234375
0 0.66015625 0.10703125 0.0234375 0.03359375
0 0.0890625 0.04375 0.0140625 0.025
0 0.184375 0.02265625 0.0140625 0.021875
0 0.3359375 0.34296875 0.03515625 0.05625
0 0.53203125 0.0921875 0.0171875 0.02578125
0 0.0796875 0.00625 0.01484375 0.01171875
0 0.65078125 0.025 0.01484375 0.02578125
0 0.08359375 0.11953125 0.01640625 0.02578125
0 0.5890625 0.0640625 0.01875 0.02578125
0 0.4421875 0.00859375 0.0140625 0.0171875
0 0.29296875 0.0453125 0.0140625 0.01953125
0 0.3109375 0.05390625 0.0140625 0.021875
0 0.03828125 0.14921875 0.01953125 0.0328125
0 0.2484375 0.03046875 0.0140625 0.01953125
0 0.82890625 0.05625 0.01484375 0.01953125
0 0.36484375 0.01796875 0.0125 0.01796875
0 0.121875 0.04375 0.0125 0.025
0 0.55625 0.00625 0.0125 0.01171875
0 0.16328125 0.04140625 0.015625 0.0234375
0 0.6203125 0.0171875 0.0140625 0.02109375
0 0.259375 0.08203125 0.0140625 0.0234375
0 0.67109375 0.02421875 0.01484375 0.01953125
0 0.509375 0.0125 0.015625 0.025
0 0.00625 0.1453125 0.01171875 0.0328125
0 0.390625 0.00703125 0.0140625 0.0140625
0 0.16328125 0.0078125 0.0140625 0.015625
0 0.98046875 0.7265625 0.0375 0.1171875
0 0.9078125 0.4 0.0234375 0.03125
0 0.10859375 0.0140625 0.01484375 0.02109375
0 0.53984375 0.0109375 0.01484375 0.021875
0 0.32734375 0.0734375 0.0140625 0.021875
0 0.2625 0.009375 0.0125 0.01875
0 0.73125 0.00703125 0.0140625 0.0140625
0 0.1421875 0.05078125 0.0140625 0.02109375
0 0.01875 0.040625 0.01484375 0.021875
0 0.61796875 0.075 0.0171875 0.0296875
0 0.134375 0.1171875 0.0171875 0.02578125
0 0.603125 0.00625 0.0140625 0.01171875
0 0.134375 0.021875 0.0140625 0.02109375
0 0.415625 0.04140625 0.0125 0.02109375
0 0.0046875 0.09375 0.00859375 0.02578125
0 0.284375 0.0171875 0.0140625 0.01796875
0 0.784375 0.06875 0.01484375 0.025
0 0.371875 0.0671875 0.0140625 0.01953125
0 0.3078125 0.00625 0.01171875 0.01171875
0 0.51953125 0.04140625 0.015625 0.02109375
0 0.753125 0.0078125 0.01484375 0.015625
0 0.06171875 0.1140625 0.01875 0.0296875
0 0.071875 0.20625 0.021875 0.0328125
0 0.671875 0.06171875 0.015625 0.01953125
0 0.10078125 0.23515625 0.02265625 0.03515625
0 0.06171875 0.03671875 0.0125 0.02109375
0 0.01875 0.00625 0.0140625 0.01171875