0 0.3796875 0.1875 0.02265625 0.03125
0 0.25859375 0.18046875 0.01953125 0.0296875
0 0.321875 0.38828125 0.03203125 0.05234375
0 0.42265625 0.24765625 0.0265625 0.0390625
0 0.27109375 0.42421875 0.034375 0.04921875
0 0.24921875 0.30390625 0.03046875 0.040625
0 0.41875 0.37890625 0.028125 0.04453125
0 0.28515625 0.1015625 0.015625 0.02109375
0 0.3421875 0.18203125 0.02265625 0.03125
0 0.3703125 0.10703125 0.01484375 0.0234375
0 0.37734375 0.14921875 0.0203125 0.025
0 0.134375 0.21875 0.0203125 0.02578125
0 0.7421875 0.7296875 0.06875 0.09765625
0 0.2046875 0.12265625 0.01484375 0.02109375
0 0.1796875 0.32890625 0.03125 0.0375
0 0.2953125 0.05625 0.0140625 0.01796875
0 0.0921875 0.2125 0.025 0.03125
0 0.353125 0.07578125 0.0125 0.02109375
0 0.296875 0.19375 0.021875 0.03125
0 0.90703125 0.63671875 0.06953125 0.08046875
0 0.059375 0.3 0.03046875 0.0375
0 0.1859375 0.1578125 0.015625 0.0234375
0 0.1890625 0.1109375 0.01484375 0.01953125
0 0.2703125 0.06875 0.01171875 0.01953125
0 0.4296875 0.43203125 0.03515625 0.05703125
0 0.0171875 0.4109375 0.0328125 0.0484375
0 0.31328125 0.08125 0.0140625 0.01953125
0 0.01328125 0.1625 0.01484375 0.01953125
0 0.00859375 0.19375 0.01484375 0.0234375
0 0.0359375 0.171875 0.0171875 0.02578125
0 0.8046875 0.04296875 0.015625 0.01796875
0 0.14296875 0.0796875 0.0125 0.0140625
0 0.9890625 0.21640625 0.01953125 0.0234375
0 0.1671875 0.0875 0.0140625 0.0171875
0 0.15703125 0.0671875 0.0125 0.0171875
0 0.12109375 0.08515625 0.0140625 0.0171875
0 0.0109375 0.25625 0.021875 0.03125
0 0.15703125 0.16875 0.0171875 0.025
0 0.8515625 0.06328125 0.015625 0.021875
0 0.30390625 0.00625 0.0109375 0.0125
0 0.0265625 0.0828125 0.0125 0.0171875
0 0.24375 0.065625 0.0140625 0.0171875
0 0.103125 0.103125 0.0125 0.0171875
0 0.15546875 0.1109375 0.0125 0.01796875
0 0.1921875 0.05625 0.0140625 0.0140625
0 0.478125 0.28828125 0.03046875 0.04296875
0 0.325 0.0703125 0.0125 0.01796875
0 0.14921875 0.14921875 0.01640625 0.01953125
0 0.5171875 0.36875 0.0296875 0.0375
0 0.2140625 0.04296875 0.0109375 0.01328125
0 0.25703125 0.01796875 0.009375 0.01328125
0 0.17109375 0.065625 0.0125 0.0171875
0 0.859375 0.0390625 0.0171875 0.02109375
0 0.3109375 0.05625 0.0109375 0.0171875
0 0.8859375 0.0734375 0.0171875 0.01953125
0 0.23125 0.03125 0.009375 0.01328125
0 0.2171875 0.06328125 0.009375 0.0140625
0 0.84453125 0.115625 0.015625 0.015625
0 0.20390625 0.0921875 0.0140625 0.01796875
0 0.03203125 0.04375 0.01171875 0.0140625
0 0.24375 0.04296875 0.0109375 0.01328125
0 0.971875 0.27421875 0.02265625 0.0296875
0 0.8421875 0.00703125 0.01640625 0.0140625
0 0.00625 0.06328125 0.01171875 0.0171875
0 0.28203125 0.00625 0.0109375 0.01171875
0 0.25703125 0.03125 0.009375 0.01328125
0 0.89609375 0.09765625 0.01484375 0.02109375
0 0.31953125 0.00625 0.01171875 0.01171875
0 0.00703125 0.0921875 0.01171875 0.0140625
0 0.0703125 0.03203125 0.009375 0.0140625
0 0.0171875 0.6421875 0.034375 0.0609375