1 0.49921875 0.5 0.9953125 0.9859375
1 0.2953125 0.740625 0.05625 0.08515625
1 0.5125 0.596875 0.04375 0.0609375
1 0.72578125 0.84296875 0.0546875 0.096875
1 0.490625 0.828125 0.06328125 0.11796875
1 0.4671875 0.50859375 0.0375 0.0734375
1 0.44296875 0.3640625 0.0390625 0.05859375
1 0.43359375 0.60234375 0.046875 0.06875
1 0.76328125 0.58984375 0.0546875 0.08515625
1 0.47578125 0.66640625 0.0484375 0.06875
1 0.78984375 0.80078125 0.0453125 0.0828125
1 0.2984375 0.65703125 0.05 0.078125
1 0.13515625 0.3125 0.028125 0.05390625
1 0.421875 0.8140625 0.0578125 0.12265625
1 0.1140625 0.4390625 0.0421875 0.06640625
1 0.5875 0.32421875 0.0328125 0.05390625
1 0.1984375 0.91484375 0.059375 0.10390625
1 0.6640625 0.84921875 0.0546875 0.10390625
1 0.3625 0.83515625 0.0578125 0.08984375
1 0.825 0.6859375 0.0453125 0.08046875
1 0.2484375 0.640625 0.046875 0.0734375
1 0.2828125 0.9265625 0.06328125 0.09453125
1 0.22265625 0.75234375 0.0546875 0.08984375
1 0.3921875 0.390625 0.0390625 0.0734375
1 0.6265625 0.3265625 0.0390625 0.0640625
1 0.3734375 0.67578125 0.0515625 0.0828125
1 0.9296875 0.37734375 0.0421875 0.08046875
1 0.9640625 0.95625 0.059375 0.0828125
1 0.9703125 0.715625 0.053125 0.1015625
1 0.6671875 0.6390625 0.0484375 0.07109375
1 0.11953125 0.2265625 0.03125 0.07109375
1 0.6421875 0.9609375 0.0578125 0.06875
1 0.19140625 0.56015625 0.0421875 0.078125
1 0.23359375 0.45546875 0.0421875 0.06640625
1 0.603125 0.93125 0.0453125 0.08515625
1 0.6859375 0.7546875 0.0515625 0.08515625
1 0.77109375 0.4390625 0.0421875 0.08046875
1 0.865625 0.81875 0.06484375 0.08984375
1 0.7296875 0.2453125 0.034375 0.0515625
1 0.0734375 0.47421875 0.0328125 0.046875
1 0.8578125 0.9234375 0.06796875 0.1296875
1 0.55078125 0.6578125 0.0453125 0.08046875
1 0.95078125 0.6296875 0.0515625 0.08984375
1 0.071875 0.81640625 0.0453125 0.08046875
1 0.24921875 0.85625 0.0578125 0.08046875
1 0.02734375 0.68046875 0.0484375 0.0828125
1 0.08046875 0.3421875 0.03125 0.05625
1 0.46328125 0.17109375 0.0265625 0.04453125
1 0.71484375 0.36328125 0.0390625 0.046875
1 0.1421875 0.6734375 0.0453125 0.0828125
1 0.3375 0.56484375 0.0484375 0.0734375
1 0.18046875 0.73125 0.040625 0.08515625
1 0.71796875 0.46015625 0.0359375 0.06640625
1 0.92890625 0.16640625 0.03125 0.05390625
1 0.18203125 0.4671875 0.0375 0.05625
1 0.2890625 0.76796875 0.07265625 0.1390625
1 0.39453125 0.296875 0.03125 0.046875
1 0.434375 0.91484375 0.0546875 0.08984375
1 0.0875 0.94375 0.06484375 0.09921875
1 0.91015625 0.30625 0.040625 0.07578125
1 0.53671875 0.13359375 0.0296875 0.04453125
1 0.4171875 0.73828125 0.0546875 0.07578125
1 0.0421875 0.32421875 0.03125 0.04921875
1 0.2828125 0.49140625 0.040625 0.05390625
1 0.8984375 0.6625 0.0484375 0.08046875
1 0.93203125 0.9046875 0.06328125 0.096875
1 0.66328125 0.3015625 0.028125 0.05625
1 0.125 0.77265625 0.0546875 0.06875
1 0.425 0.63359375 0.06796875 0.1296875
1 0.31484375 0.8375 0.05 0.09921875
1 0.8453125 0.31484375 0.0296875 0.05859375
1 0.85625 0.49609375 0.0546875 0.05859375
1 0.0359375 0.3984375 0.0375 0.05625
1 0.89453125 0.1578125 0.034375 0.0609375
1 0.303125 0.2109375 0.028125 0.04453125
1 0.7921875 0.3859375 0.0375 0.0640625
1 0.8203125 0.2171875 0.0328125 0.0609375
1 0.534375 0.90703125 0.11328125 0.1765625
1 0.12109375 0.28984375 0.06640625 0.1984375
1 0.44921875 0.4140625 0.07109375 0.1578125
1 0.2796875 0.39296875 0.040625 0.0640625
1 0.434375 0.29375 0.0328125 0.04453125
1 0.178125 0.22265625 0.0265625 0.03984375
1 0.02734375 0.80625 0.0453125 0.08515625
1 0.671875 0.37109375 0.0390625 0.0640625
1 0.43359375 0.115625 0.028125 0.0375
1 0.77109375 0.528125 0.0421875 0.06640625
1 0.66640625 0.17421875 0.03125 0.0515625
1 0.02578125 0.94453125 0.0515625 0.1015625
1 0.63203125 0.7453125 0.05 0.09453125
1 0.040625 0.19375 0.025 0.0421875
1 0.2421875 0.20859375 0.028125 0.04921875
1 0.9796875 0.3953125 0.034375 0.0734375
1 0.5203125 0.73828125 0.053125 0.0609375
1 0.75546875 0.74609375 0.0546875 0.0921875
1 0.81953125 0.10703125 0.03125 0.0640625
1 0.39921875 0.56015625 0.04375 0.0640625
1 0.9203125 0.74296875 0.0515625 0.08984375
1 0.103125 0.7171875 0.0484375 0.06640625
1 0.95078125 0.29375 0.0328125 0.05859375
1 0.97734375 0.09453125 0.0265625 0.0421875
1 0.35234375 0.765625 0.053125 0.06875
1 0.09609375 0.2265625 0.028125 0.05625
1 0.70234375 0.7015625 0.0484375 0.078125
1 0.86640625 0.4265625 0.046875 0.07578125
1 0.3890625 0.21484375 0.0390625 0.0609375
1 0.43671875 0.66875 0.04375 0.0734375
1 0.97578125 0.846875 0.0421875 0.08984375
1 0.13984375 0.93984375 0.05625 0.10625
1 0.92578125 0.46953125 0.034375 0.0609375
1 0.2515625 0.546875 0.04375 0.05625
1 0.36484375 0.446875 0.04375 0.0640625
1 0.1203125 0.571875 0.0421875 0.0640625
1 0.346875 0.56953125 0.0296875 0.05390625