0 0.27421875 0.665625 0.03203125 0.034375
0 0.4515625 0.65703125 0.021875 0.0265625
0 0.37578125 0.659375 0.03125 0.034375
0 0.53046875 0.678125 0.04375 0.04296875
0 0.13515625 0.67734375 0.0734375 0.06953125
0 0.4671875 0.7453125 0.0796875 0.0671875
0 0.71953125 0.72421875 0.1 0.06953125
0 0.628125 0.69765625 0.0265625 0.034375
0 0.57734375 0.640625 0.02265625 0.025
0 0.321875 0.6375 0.0234375 0.0296875
0 0.684375 0.63984375 0.0234375 0.02265625
0 0.40703125 0.63203125 0.01953125 0.0234375
0 0.38203125 0.61875 0.01953125 0.0171875
0 0.478125 0.62890625 0.01875 0.01953125
0 0.271875 0.63125 0.025 0.02421875
0 0.5578125 0.64609375 0.01640625 0.0203125
0 0.8421875 0.696875 0.0390625 0.03515625
0 0.5265625 0.63984375 0.0203125 0.01640625
0 0.4953125 0.6625 0.0234375 0.03125
0 0.43828125 0.69453125 0.0328125 0.03515625
0 0.0546875 0.72109375 0.0625 0.0578125
0 0.571875 0.6203125 0.015625 0.0140625
0 0.34453125 0.62890625 0.0203125 0.021875
0 0.94296875 0.790625 0.08671875 0.07109375
0 0.63125 0.603125 0.0125 0.0140625
0 0.85 0.7765625 0.11640625 0.0765625
0 0.3640625 0.63046875 0.01953125 0.01875
0 0.015625 0.66015625 0.03125 0.040625
0 0.6796875 0.6171875 0.015625 0.015625
0 0.7046875 0.6171875 0.015625 0.0140625
0 0.6078125 0.6375 0.021875 0.02265625
0 0.50703125 0.63046875 0.0171875 0.01484375
0 0.74375 0.64453125 0.02734375 0.021875
0 0.65703125 0.5921875 0.0109375 0.01171875
0 0.5421875 0.60546875 0.0140625 0.0140625
0 0.2484375 0.63125 0.02265625 0.028125
0 0.2078125 0.64140625 0.0234375 0.03046875
0 0.6421875 0.62890625 0.025 0.015625
0 0.66875 0.5921875 0.0109375 0.01171875
0 0.61796875 0.6046875 0.0109375 0.0140625
0 0.55546875 0.61796875 0.0140625 0.0125
0 0.69453125 0.5921875 0.01171875 0.01171875
0 0.97890625 0.71953125 0.03984375 0.0671875
0 0.6828125 0.5890625 0.0109375 0.0140625
0 0.4265625 0.628125 0.01484375 0.01640625
0 0.46796875 0.68515625 0.02421875 0.028125
0 0.64609375 0.60625 0.0125 0.0125
0 0.71171875 0.63984375 0.02265625 0.0265625
0 0.61875 0.5796875 0.00703125 0.009375
0 0.7421875 0.58046875 0.01171875 0.0125
0 0.64375 0.5921875 0.0109375 0.0109375
0 0.5421875 0.5921875 0.0109375 0.0109375
0 0.64609375 0.659375 0.02421875 0.028125
0 0.77265625 0.64375 0.0171875 0.01953125
0 0.49375 0.6171875 0.0140625 0.0140625
0 0.4609375 0.61171875 0.01171875 0.0125
0 0.3 0.628125 0.01953125 0.0203125
0 0.66875 0.58046875 0.00859375 0.00859375
0 0.63203125 0.5796875 0.0078125 0.0078125
0 0.59296875 0.58046875 0.00703125 0.00859375
0 0.853125 0.66015625 0.0375 0.03515625
0 0.44453125 0.628125 0.0171875 0.01484375
0 0.75625 0.61796875 0.01640625 0.01484375
0 0.6421875 0.57890625 0.0078125 0.009375
0 0.7046875 0.57734375 0.0109375 0.0109375
0 0.56796875 0.58046875 0.00703125 0.00859375
0 0.603125 0.60625 0.0125 0.0125
0 0.52890625 0.5921875 0.0109375 0.01171875
0 0.196875 0.7265625 0.05 0.0484375
0 0.6546875 0.58046875 0.00859375 0.00859375
0 0.69296875 0.5671875 0.00703125 0.00859375
0 0.49296875 0.6046875 0.0109375 0.009375
0 0.60625 0.58046875 0.0078125 0.00859375
0 0.5953125 0.6203125 0.01484375 0.0125
0 0.7390625 0.6203125 0.015625 0.0140625
0 0.60625 0.5921875 0.0109375 0.009375
0 0.90703125 0.70546875 0.065625 0.04609375
0 0.7578125 0.58046875 0.0140625 0.0125
0 0.55546875 0.5921875 0.00859375 0.00859375
0 0.58046875 0.58046875 0.00859375 0.00859375
0 0.515625 0.6046875 0.01171875 0.0140625
0 0.56953125 0.5921875 0.009375 0.009375
0 0.53046875 0.61796875 0.0125 0.0109375
0 0.6671875 0.56953125 0.009375 0.0078125
0 0.7703125 0.58046875 0.01171875 0.0125
0 0.70625 0.5421875 0.00703125 0.0109375
0 0.71484375 0.59296875 0.0140625 0.0140625
0 0.80546875 0.56875 0.0140625 0.01484375
0 0.6796875 0.56796875 0.0078125 0.00703125
0 0.69453125 0.5796875 0.009375 0.009375
0 0.4078125 0.75078125 0.0390625 0.0578125
0 0.5859375 0.690625 0.03515625 0.0453125
0 0.72578125 0.97265625 0.134375 0.053125
0 0.71953125 0.66875 0.02421875 0.0203125
0 0.6796875 0.55546875 0.0078125 0.00703125
0 0.6421875 0.56875 0.0078125 0.00703125
0 0.6171875 0.61796875 0.015625 0.0140625
0 0.678125 0.67421875 0.04296875 0.034375
0 0.7171875 0.56875 0.009375 0.00859375
0 0.64296875 0.55546875 0.00703125 0.00703125
0 0.6546875 0.5546875 0.0078125 0.0078125
0 0.66875 0.5546875 0.00703125 0.0078125
0 0.58046875 0.59453125 0.0109375 0.00859375
0 0.7046875 0.55625 0.0078125 0.00703125
0 0.61796875 0.56875 0.00703125 0.00703125
0 0.69375 0.55625 0.00703125 0.00703125
0 0.66875 0.5296875 0.00703125 0.00703125
0 0.56875 0.603125 0.0125 0.01171875
0 0.00703125 0.7171875 0.0140625 0.065625
0 0.5921875 0.5921875 0.0109375 0.009375
0 0.55625 0.5828125 0.00703125 0.00859375
0 0.65546875 0.56875 0.00703125 0.00703125
0 0.73125 0.5546875 0.00859375 0.009375
0 0.7171875 0.55703125 0.00859375 0.00859375
0 0.884375 0.6375 0.0234375 0.0203125