0 0.8359375 0.7984375 0.053125 0.10546875
0 0.921875 0.73359375 0.04296875 0.09453125
0 0.14140625 0.4953125 0.021875 0.05078125
0 0.1375 0.596875 0.03046875 0.06875
0 0.18046875 0.53359375 0.0265625 0.05078125
0 0.759375 0.784375 0.0453125 0.090625
0 0.11484375 0.725 0.0421875 0.0890625
0 0.02265625 0.565625 0.028125 0.06328125
0 0.45546875 0.38984375 0.01640625 0.03984375
0 0.7109375 0.6421875 0.03125 0.07265625
0 0.9046875 0.57890625 0.02734375 0.06171875
0 0.10625 0.3265625 0.01484375 0.0328125
0 0.853125 0.42109375 0.021875 0.046875
0 0.171875 0.746875 0.040625 0.08515625
0 0.265625 0.44140625 0.01953125 0.04375
0 0.31796875 0.3671875 0.01875 0.03828125
0 0.790625 0.546875 0.02421875 0.06328125
0 0.6640625 0.5890625 0.0296875 0.07421875
0 0.5015625 0.71796875 0.04609375 0.09609375
0 0.2046875 0.3765625 0.015625 0.03828125
0 0.965625 0.95078125 0.0609375 0.09453125
0 0.48125 0.59609375 0.03046875 0.07109375
0 0.7546875 0.34453125 0.0171875 0.03984375
0 0.28046875 0.6125 0.03203125 0.07421875
0 0.2171875 0.28828125 0.0140625 0.02890625
0 0.1453125 0.42109375 0.021875 0.03984375
0 0.165625 0.33828125 0.0171875 0.03828125
0 0.58828125 0.5546875 0.028125 0.07109375
0 0.31484375 0.69453125 0.05 0.08203125
0 0.39609375 0.35234375 0.01484375 0.0328125
0 0.93671875 0.63984375 0.0328125 0.06328125
0 0.28515625 0.40390625 0.0171875 0.04140625
0 0.56796875 0.39140625 0.01875 0.04140625
0 0.925 0.88203125 0.0515625 0.10546875
0 0.3875 0.41171875 0.01875 0.04375
0 0.240625 0.52890625 0.025 0.05625
0 0.92265625 0.40234375 0.0234375 0.04140625
0 0.06015625 0.39140625 0.0203125 0.0453125
0 0.73671875 0.575 0.028125 0.065625
0 0.43671875 0.58203125 0.0265625 0.07109375
0 0.3234375 0.615625 0.03515625 0.06875
0 0.2109375 0.43359375 0.0171875 0.04375
0 0.1171875 0.38671875 0.01953125 0.03984375
0 0.43046875 0.48671875 0.02265625 0.0546875
0 0.63203125 0.75390625 0.04296875 0.0890625
0 0.02109375 0.3390625 0.01484375 0.0328125
0 0.61796875 0.859375 0.059375 0.09609375
0 0.0890625 0.38359375 0.02421875 0.04140625
0 0.09609375 0.48671875 0.02421875 0.046875
0 0.0375 0.3875 0.01875 0.0453125
0 0.79609375 0.653125 0.03203125 0.0796875
0 0.596875 0.43203125 0.0203125 0.046875
0 0.1453125 0.34609375 0.015625 0.034375
0 0.2421875 0.315625 0.0140625 0.02890625
0 0.56015625 0.3390625 0.01640625 0.02578125
0 0.35703125 0.3546875 0.01484375 0.034375
0 0.3296875 0.44375 0.01953125 0.0453125
0 0.88203125 0.3984375 0.021875 0.04921875
0 0.8109375 0.434375 0.025 0.05625
0 0.12578125 0.33125 0.015625 0.034375
0 0.06953125 0.53984375 0.02734375 0.06015625
0 0.3453125 0.4984375 0.02734375 0.04921875
0 0.221875 0.6234375 0.034375 0.078125
0 0.478125 0.4171875 0.0171875 0.04375
0 0.4109375 0.4140625 0.0171875 0.04375
0 0.66328125 0.415625 0.021875 0.046875
0 0.70234375 0.4875 0.021875 0.06015625
0 0.64453125 0.3359375 0.015625 0.0328125
0 0.75859375 0.5046875 0.02421875 0.0546875
0 0.5203125 0.959375 0.07734375 0.078125
0 0.50078125 0.41171875 0.0171875 0.04375
0 0.0484375 0.3125 0.01484375 0.0328125
0 0.5125 0.48203125 0.0234375 0.06328125
0 0.35859375 0.5546875 0.028125 0.0671875
0 0.2984375 0.490625 0.0203125 0.04921875
0 0.4671875 0.46953125 0.01953125 0.0453125
0 0.41796875 0.37734375 0.0171875 0.0328125
0 0.36875 0.4796875 0.01875 0.04921875
0 0.26875 0.33203125 0.0140625 0.0328125
0 0.1203125 0.29609375 0.01484375 0.02578125
0 0.6375 0.5234375 0.0203125 0.05234375
0 0.07734375 0.33046875 0.01484375 0.02890625
0 0.39921875 0.46484375 0.0203125 0.05078125
0 0.253125 0.3421875 0.01484375 0.034375
0 0.11875 0.2578125 0.0140625 0.021875
0 0.54375 0.4328125 0.01953125 0.0453125
0 0.1828125 0.3609375 0.015625 0.0328125
0 0.26015625 0.38984375 0.01484375 0.04375
0 0.36328125 0.38984375 0.015625 0.04375
0 0.55234375 0.50390625 0.02421875 0.0671875
0 0.6078125 0.3484375 0.015625 0.0359375
0 0.415625 0.30703125 0.0125 0.02578125
0 0.3078125 0.3375 0.0140625 0.0328125
0 0.55 0.37109375 0.01953125 0.0453125
0 0.7765625 0.43046875 0.021875 0.046875
0 0.3796875 0.26484375 0.0140625 0.01796875
0 0.2828125 0.27734375 0.01484375 0.021875
0 0.24375 0.38984375 0.01484375 0.04375
0 0.03828125 0.28125 0.0140625 0.02578125
0 0.1796875 0.40625 0.015625 0.03984375
0 0.35625 0.971875 0.0703125 0.05234375
0 0.7296875 0.3546875 0.01484375 0.03828125
0 0.38359375 0.378125 0.0171875 0.03046875
0 0.45625 0.26875 0.01171875 0.01796875
0 0.38203125 0.34140625 0.0140625 0.0359375
0 0.5234375 0.378125 0.0171875 0.0453125
0 0.00703125 0.27421875 0.0140625 0.02890625
0 0.43671875 0.39765625 0.01875 0.04375
0 0.0125 0.45546875 0.025 0.046875
0 0.0609375 0.35234375 0.0171875 0.0328125
0 0.4921875 0.36484375 0.015625 0.0328125
0 0.25703125 0.259375 0.01171875 0.01796875
0 0.70390625 0.325 0.015625 0.0328125
0 0.921875 0.47109375 0.025 0.05625
0 0.846875 0.38046875 0.0203125 0.034375
0 0.1671875 0.4765625 0.0203125 0.04921875
0 0.88203125 0.459375 0.0234375 0.0546875
0 0.7484375 0.41953125 0.0203125 0.04375
0 0.28828125 0.3078125 0.0140625 0.02734375
0 0.178125 0.26015625 0.01171875 0.0203125
0 0.35859375 0.4390625 0.01640625 0.0359375
0 0.47109375 0.259375 0.0125 0.021875
0 0.140625 0.38359375 0.01953125 0.03828125
0 0.8375 0.56796875 0.02734375 0.05078125
0 0.0046875 0.3125 0.00859375 0.02890625
0 0.315625 0.5328125 0.028125 0.04140625
0 0.01796875 0.26015625 0.0125 0.0234375
0 0.0171875 0.3984375 0.0234375 0.04140625
0 0.346875 0.271875 0.0140625 0.021875
0 0.44453125 0.303125 0.0140625 0.02890625
0 0.28515625 0.3390625 0.015625 0.02890625
0 0.01640625 0.49921875 0.02734375 0.03984375
0 0.70546875 0.36328125 0.0203125 0.0359375
0 0.13984375 0.26015625 0.0125 0.0234375
0 0.8234375 0.621875 0.0234375 0.07109375
0 0.5921875 0.3890625 0.0171875 0.03046875
0 0.228125 0.2703125 0.0125 0.021875
0 0.37578125 0.30859375 0.0125 0.02578125
0 0.0921875 0.28046875 0.015625 0.02734375
0 0.06484375 0.26015625 0.0125 0.0234375
0 0.8296875 0.4 0.0171875 0.04140625
0 0.9015625 0.36953125 0.0203125 0.04140625
0 0.78671875 0.39296875 0.01875 0.03828125
0 0.49375 0.26640625 0.0125 0.021875
0 0.290625 0.82421875 0.059375 0.11640625
0 0.221875 0.35390625 0.01484375 0.02890625
0 0.95859375 0.33125 0.01875 0.03828125
0 0.353125 0.3265625 0.01484375 0.02578125
0 0.32890625 0.27734375 0.0140625 0.02578125
0 0.3359375 0.2484375 0.0140625 0.021875
0 0.3703125 0.28125 0.0140625 0.021875
0 0.15703125 0.2796875 0.015625 0.02578125
0 0.95859375 0.415625 0.01875 0.0328125
0 0.48984375 0.303125 0.01484375 0.02578125
0 0.296875 0.26875 0.01171875 0.01796875
0 0.19609375 0.27734375 0.0140625 0.02578125
0 0.403125 0.31484375 0.0140625 0.034375
0 0.509375 0.2703125 0.0125 0.021875
0 0.96953125 0.4546875 0.0296875 0.06015625
0 0.66171875 0.3375 0.01484375 0.02890625
0 0.609375 0.38671875 0.0171875 0.0359375
0 0.49375 0.33046875 0.01484375 0.02890625
0 0.20625 0.31953125 0.0140625 0.02890625
0 0.478125 0.515625 0.02734375 0.0546875
0 0.05390625 0.4546875 0.0234375 0.05625
0 0.7328125 0.46953125 0.0203125 0.04921875
0 0.51875 0.33359375 0.0140625 0.02890625
0 0.04140625 0.346875 0.01484375 0.02578125
0 0.321875 0.40546875 0.01875 0.03828125
0 0.3984375 0.27734375 0.0140625 0.021875
0 0.3015625 0.303125 0.0140625 0.02578125
0 0.57734375 0.43046875 0.01640625 0.046875
0 0.22734375 0.309375 0.0140625 0.02734375
0 0.346875 0.3984375 0.01640625 0.03828125
0 0.62578125 0.3265625 0.01484375 0.0359375
0 0.43046875 0.3421875 0.01484375 0.034375
0 0.44140625 0.271875 0.01171875 0.01796875
0 0.05234375 0.24609375 0.0125 0.0203125
0 0.0765625 0.27734375 0.015625 0.02578125
0 0.178125 0.28828125 0.0125 0.02578125
0 0.5015625 0.85234375 0.0546875 0.09609375
0 0.715625 0.40234375 0.01875 0.04140625
0 0.1828125 0.31640625 0.01484375 0.02734375
0 0.7203125 0.3234375 0.01640625 0.0359375
0 0.67109375 0.3671875 0.01640625 0.03828125
0 0.0921875 0.44765625 0.02265625 0.034375
0 0.071875 0.30234375 0.0140625 0.02734375
0 0.99296875 0.41953125 0.01171875 0.0546875
0 0.4609375 0.29609375 0.0140625 0.02890625
0 0.3625 0.30546875 0.0140625 0.02734375
0 0.659375 0.53046875 0.0265625 0.04140625
0 0.2796875 0.46796875 0.01484375 0.03984375
0 0.69375 0.4 0.01953125 0.04140625
0 0.86796875 0.31875 0.0203125 0.04921875
0 0.4734375 0.35234375 0.01484375 0.0328125
0 0.34609375 0.3 0.01484375 0.03046875
0 0.27421875 0.5578125 0.025 0.03828125
0 0.21171875 0.26171875 0.0109375 0.01796875
0 0.16328125 0.253125 0.0140625 0.0234375
0 0.2375 0.34296875 0.0140625 0.02578125
0 0.99140625 0.8265625 0.01484375 0.103125
0 0.50703125 0.30703125 0.01171875 0.02578125
0 0.7171875 0.2828125 0.015625 0.0328125
0 0.5609375 0.43359375 0.015625 0.046875
0 0.00625 0.35546875 0.0125 0.0359375
0 0.1578125 0.375 0.01640625 0.03828125
0 0.9640625 0.2984375 0.015625 0.02734375
0 0.52421875 0.2734375 0.0109375 0.0234375
0 0.409375 0.24296875 0.0140625 0.021875
0 0.92421875 0.36484375 0.0203125 0.0359375
0 0.31875 0.48671875 0.01875 0.03984375