0 0.01796875 0.11328125 0.0203125 0.02890625
0 0.065625 0.3609375 0.03046875 0.0484375
0 0.4046875 0.240625 0.0203125 0.03359375
0 0.14921875 0.259375 0.02265625 0.0328125
0 0.22109375 0.69921875 0.04765625 0.07578125
0 0.6890625 0.19453125 0.01640625 0.025
0 0.38046875 0.16875 0.01875 0.0296875
0 0.36875 0.4515625 0.03515625 0.05625
0 0.20859375 0.2609375 0.02265625 0.0328125
0 0.21953125 0.19296875 0.01953125 0.02578125
0 0.628125 0.31328125 0.028125 0.0453125
0 0.0296875 0.1921875 0.021875 0.0328125
0 0.23984375 0.09453125 0.01484375 0.025
0 0.240625 0.2875 0.0265625 0.0390625
0 0.5671875 0.56640625 0.03515625 0.05703125
0 0.13125 0.48125 0.03984375 0.05625
0 0.22890625 0.2453125 0.0203125 0.0328125
0 0.4359375 0.2390625 0.021875 0.03515625
0 0.946875 0.34921875 0.0328125 0.04921875
0 0.28359375 0.09140625 0.01484375 0.02109375
0 0.0828125 0.2203125 0.02265625 0.03671875
0 0.478125 0.771875 0.05625 0.09140625
0 0.63984375 0.6828125 0.04765625 0.07421875
0 0.5296875 0.06875 0.0125 0.01796875
0 0.27265625 0.19921875 0.02265625 0.03125
0 0.784375 0.6234375 0.05546875 0.0765625
0 0.53203125 0.12265625 0.0140625 0.02109375
0 0.3 0.171875 0.01484375 0.02578125
0 0.78203125 0.1828125 0.0171875 0.02734375
0 0.7453125 0.27421875 0.01953125 0.0328125
0 0.33046875 0.16875 0.01640625 0.0296875
0 0.22421875 0.11015625 0.01484375 0.021875
0 0.13828125 0.2265625 0.0203125 0.02578125
0 0.78203125 0.21875 0.021875 0.03125
0 0.6203125 0.81171875 0.05390625 0.0875
0 0.478125 0.06796875 0.0125 0.02109375
0 0.67109375 0.1546875 0.01484375 0.0234375
0 0.53203125 0.1859375 0.01640625 0.02578125
0 0.70390625 0.234375 0.021875 0.03125
0 0.94375 0.115625 0.01484375 0.02109375
0 0.6703125 0.09140625 0.015625 0.02109375
0 0.509375 0.06875 0.0125 0.0234375
0 0.7453125 0.17265625 0.0171875 0.02734375
0 0.88203125 0.32578125 0.03515625 0.03125
0 0.159375 0.221875 0.0171875 0.02734375
0 0.8171875 0.171875 0.01640625 0.02890625
0 0.6203125 0.190625 0.0171875 0.0296875
0 0.87265625 0.3671875 0.0359375 0.0546875
0 0.5078125 0.1421875 0.0140625 0.0234375
0 0.1625 0.15 0.0203125 0.03125
0 0.56953125 0.1078125 0.0140625 0.021875
0 0.6234375 0.25625 0.02265625 0.0328125
0 0.18828125 0.0953125 0.015625 0.0234375
0 0.96328125 0.16953125 0.01484375 0.0234375
0 0.11171875 0.075 0.01640625 0.025
0 0.740625 0.0953125 0.0125 0.02109375
0 0.7953125 0.08046875 0.0140625 0.01796875
0 0.04609375 0.0125 0.0125 0.01953125
0 0.5890625 0.0625 0.01171875 0.01796875
0 0.75703125 0.04375 0.01171875 0.0140625
0 0.64609375 0.16796875 0.01484375 0.02578125
0 0.73203125 0.14921875 0.01484375 0.025
0 0.2453125 0.0125 0.0125 0.01953125
0 0.00625 0.01328125 0.0125 0.0234375
0 0.83671875 0.08203125 0.0140625 0.02109375
0 0.1859375 0.16015625 0.01640625 0.0234375
0 0.5921875 0.03046875 0.009375 0.0140625
0 0.3703125 0.01875 0.0109375 0.0171875
0 0.134375 0.01015625 0.0140625 0.01796875
0 0.70859375 0.0671875 0.0109375 0.0171875
0 0.33203125 0.00625 0.0140625 0.01171875
0 0.70390625 0.08828125 0.0140625 0.01796875
0 0.81640625 0.09921875 0.01171875 0.01796875
0 0.2703125 0.00625 0.01171875 0.01171875
0 0.3921875 0.053125 0.01171875 0.01796875
0 0.15234375 0.0359375 0.0140625 0.01953125
0 0.69375 0.01875 0.0109375 0.0140625
0 0.60078125 0.18125 0.01484375 0.0234375
0 0.61171875 0.13828125 0.01484375 0.0234375
0 0.36484375 0.259375 0.0203125 0.0296875
0 0.628125 0.12578125 0.0140625 0.01953125
0 0.5265625 0.1453125 0.01484375 0.021875
0 0.415625 0.0171875 0.0109375 0.0171875
0 0.07734375 0.0265625 0.0125 0.01953125
0 0.946875 0.15078125 0.01484375 0.02109375
0 0.78046875 0.1 0.0125 0.01796875
0 0.384375 0.0078125 0.0125 0.015625
0 0.6546875 0.0921875 0.0140625 0.0234375
0 0.76171875 0.08828125 0.0140625 0.02109375
0 0.440625 0.0734375 0.0140625 0.01953125
0 0.6828125 0.0171875 0.0109375 0.0140625
0 0.28203125 0.01328125 0.01171875 0.01796875
0 0.7109375 0.20625 0.015625 0.01953125
0 0.565625 0.06015625 0.0109375 0.01796875
0 0.440625 0.04765625 0.0109375 0.0171875
0 0.6796875 0.38828125 0.0296875 0.04453125
0 0.915625 0.18828125 0.0171875 0.02734375
0 0.84296875 0.0421875 0.0109375 0.0140625
0 0.7421875 0.040625 0.009375 0.0171875
0 0.303125 0.00625 0.009375 0.0125
0 0.6078125 0.03125 0.009375 0.01796875
0 0.56796875 0.0421875 0.0109375 0.0140625
0 0.665625 0.05546875 0.0109375 0.0171875
0 0.6203125 0.01875 0.0109375 0.0140625
0 0.153125 0.00625 0.0140625 0.01171875
0 0.17109375 0.0296875 0.0125 0.01796875
0 0.1953125 0.0171875 0.009375 0.01796875
0 0.26640625 0.034375 0.0140625 0.01953125
0 0.31328125 0.02890625 0.0140625 0.02109375
0 0.7265625 0.2421875 0.015625 0.0234375
0 0.9546875 0.05625 0.01171875 0.01796875
0 0.79375 0.04453125 0.009375 0.015625
0 0.86953125 0.01953125 0.0109375 0.015625
0 0.35625 0.0296875 0.01171875 0.01796875
0 0.6828125 0.06953125 0.0109375 0.0171875
0 0.55390625 0.021875 0.009375 0.015625
0 0.340625 0.0515625 0.0140625 0.01953125
0 0.56640625 0.08046875 0.01171875 0.01796875
0 0.7421875 0.01640625 0.009375 0.0140625
0 0.284375 0.034375 0.0125 0.01953125
0 0.853125 0.05546875 0.0109375 0.0171875
0 0.653125 0.0671875 0.0125 0.0171875
0 0.8046875 0.046875 0.009375 0.015625
0 0.9015625 0.09296875 0.01171875 0.01953125
0 0.409375 0.03125 0.0109375 0.01796875
0 0.75546875 0.00546875 0.0109375 0.01015625
0 0.4765625 0.040625 0.0140625 0.0171875
0 0.78203125 0.08046875 0.0109375 0.01796875
0 0.83046875 0.0046875 0.0109375 0.009375
0 0.23125 0.00625 0.01171875 0.01171875
0 0.46171875 0.01171875 0.0109375 0.01796875
0 0.6328125 0.04375 0.009375 0.0140625
0 0.7671875 0.03125 0.009375 0.01328125
0 0.353125 0.00625 0.01171875 0.01171875
0 0.8171875 0.0421875 0.00859375 0.0140625
0 0.80703125 0.00625 0.0109375 0.0125
0 0.896875 0.21328125 0.01875 0.02578125
0 0.86953125 0.06640625 0.0109375 0.01796875
0 0.9328125 0.16953125 0.015625 0.02109375
0 0.31953125 0.00625 0.009375 0.01171875
0 0.9875 0.13203125 0.01484375 0.021875
0 0.3484375 0.14921875 0.01484375 0.025
0 0.59765625 0.26875 0.015625 0.0296875
0 0.85625 0.00703125 0.01171875 0.0140625
0 0.79609375 0.11796875 0.01484375 0.01953125
0 0.596875 0.66953125 0.034375 0.0625
0 0.86484375 0.04296875 0.0109375 0.01796875
0 0.85625 0.0796875 0.01171875 0.01953125
0 0.5796875 0.04375 0.009375 0.0140625
0 0.9328125 0.19375 0.01484375 0.01953125
0 0.7109375 0.0140625 0.009375 0.015625
0 0.79375 0.00625 0.0109375 0.01171875
0 0.978125 0.10625 0.01171875 0.0171875
0 0.6546875 0.14140625 0.0140625 0.021875
0 0.7109375 0.0359375 0.009375 0.0171875
0 0.7796875 0.03046875 0.00859375 0.0140625
0 0.6796875 0.0421875 0.009375 0.0140625
0 0.06875 0.00546875 0.0125 0.01015625
0 0.50859375 0.16796875 0.0140625 0.01796875
0 0.56328125 0.16171875 0.0140625 0.0234375
0 0.81875 0.0140625 0.00859375 0.015625
0 0.80546875 0.02890625 0.00859375 0.015625
0 0.94140625 0.0640625 0.01171875 0.02109375
0 0.715625 0.1859375 0.01484375 0.025
0 0.64140625 0.08125 0.009375 0.0140625
0 0.40390625 0.0609375 0.0109375 0.01796875