0 0.03359375 0.821875 0.03828125 0.07109375
0 0.96953125 0.87109375 0.03203125 0.07109375
0 0.8359375 0.67421875 0.0265625 0.06015625
0 0.41953125 0.95703125 0.0359375 0.07890625
0 0.4921875 0.88359375 0.028125 0.08203125
0 0.278125 0.9734375 0.0359375 0.0453125
0 0.01484375 0.33671875 0.021875 0.05234375
0 0.8609375 0.3015625 0.0203125 0.0484375
0 0.42421875 0.33515625 0.0265625 0.05625
0 0.2953125 0.70234375 0.03046875 0.07890625
0 0.01953125 0.58203125 0.03046875 0.05625
0 0.63671875 0.046875 0.02421875 0.0484375
0 0.646875 0.5765625 0.03203125 0.075
0 0.70078125 0.56015625 0.0265625 0.05625
0 0.3609375 0.87265625 0.028125 0.075
0 0.59296875 0.11796875 0.02421875 0.0484375
0 0.8046875 0.159375 0.0203125 0.04140625
0 0.375 0.9640625 0.03203125 0.06328125
0 0.09609375 0.6796875 0.0265625 0.06328125
0 0.834375 0.0953125 0.0203125 0.0484375
0 0.08984375 0.13125 0.021875 0.05234375
0 0.70234375 0.61796875 0.021875 0.06015625
0 0.1421875 0.046875 0.021875 0.0484375
0 0.65234375 0.91953125 0.03046875 0.07109375
0 0.090625 0.32734375 0.02421875 0.0484375
0 0.0375 0.0546875 0.021875 0.04140625
0 0.66328125 0.7375 0.028125 0.075
0 0.47109375 0.7453125 0.03046875 0.075
0 0.7421875 0.3015625 0.0203125 0.06328125
0 0.025 0.11015625 0.021875 0.0484375
0 0.69375 0.0390625 0.0203125 0.0484375
0 0.9859375 0.72265625 0.02421875 0.0671875
0 0.93671875 0.03359375 0.01796875 0.0453125
0 0.8296875 0.32734375 0.021875 0.06328125
0 0.5203125 0.59765625 0.02421875 0.05625
0 0.1046875 0.50390625 0.028125 0.07109375
0 0.8859375 0.5109375 0.021875 0.07109375
0 0.8484375 0.75078125 0.03203125 0.07890625
0 0.74921875 0.73046875 0.034375 0.075
0 0.60078125 0.9625 0.0359375 0.0671875
0 0.3546875 0.50390625 0.02421875 0.06328125
0 0.740625 0.91953125 0.03046875 0.07109375
0 0.521875 0.68203125 0.028125 0.075
0 0.446875 0.08203125 0.01796875 0.05234375
0 0.88203125 0.725 0.03046875 0.07109375
0 0.434375 0.7375 0.03046875 0.075
0 0.1484375 0.1234375 0.021875 0.05234375
0 0.3015625 0.08203125 0.021875 0.05234375
0 0.0546875 0.70234375 0.03203125 0.07109375
0 0.41015625 0.8 0.03046875 0.06328125
0 0.434375 0.40625 0.0265625 0.06328125
0 0.3609375 0.215625 0.02421875 0.05625
0 0.709375 0.39140625 0.02421875 0.05625
0 0.6078125 0.6609375 0.021875 0.06328125
0 0.78203125 0.7078125 0.0203125 0.08203125
0 0.590625 0.5765625 0.03203125 0.0671875
0 0.315625 0.4703125 0.0265625 0.0484375
0 0.5171875 0.0546875 0.021875 0.04140625
0 0.20234375 0.103125 0.021875 0.0484375
0 0.809375 0.97578125 0.0421875 0.04140625
0 0.21640625 0.6234375 0.03046875 0.06328125
0 0.32421875 0.0265625 0.02421875 0.0453125
0 0.76171875 0.61796875 0.028125 0.075
0 0.340625 0.42890625 0.02421875 0.07109375
0 0.7734375 0.16640625 0.021875 0.05625
0 0.13671875 0.50390625 0.03203125 0.07109375
0 0.5734375 0.89921875 0.034375 0.0671875
0 0.2296875 0.1515625 0.02421875 0.06328125
0 0.63671875 0.51328125 0.02421875 0.0453125
0 0.16953125 0.78125 0.0359375 0.06328125
0 0.59609375 0.4921875 0.0265625 0.06328125
0 0.26328125 0.3859375 0.0265625 0.06015625
0 0.0671875 0.39296875 0.03046875 0.075
0 0.4484375 0.86484375 0.03046875 0.075
0 0.3921875 0.11796875 0.021875 0.0484375
0 0.53828125 0.821875 0.028125 0.06328125
0 0.66796875 0.8296875 0.0265625 0.06328125
0 0.93359375 0.2078125 0.0203125 0.0484375
0 0.44453125 0.271875 0.021875 0.04140625
0 0.1796875 0.84453125 0.03203125 0.07109375
0 0.46953125 0.06953125 0.0203125 0.0484375
0 0.25234375 0.92890625 0.03203125 0.0671875
0 0.959375 0.271875 0.0203125 0.0484375
0 0.97578125 0.37265625 0.02421875 0.0484375
0 0.78359375 0.82734375 0.0265625 0.075
0 0.47109375 0.9734375 0.03828125 0.0453125
0 0.14296875 0.97578125 0.040625 0.04140625
0 0.9625 0.19453125 0.021875 0.06015625
0 0.75625 0.54140625 0.02421875 0.06328125
0 0.36796875 0.0953125 0.021875 0.0484375
0 0.5484375 0.1234375 0.02421875 0.0453125
0 0.121875 0.2375 0.0265625 0.05625
0 0.30546875 0.39296875 0.021875 0.05234375
0 0.78046875 0.0546875 0.02421875 0.05625
0 0.08984375 0.94765625 0.03046875 0.0671875
0 0.8546875 0.08203125 0.01640625 0.0375
0 0.87734375 0.8 0.028125 0.07109375
0 0.3671875 0.59765625 0.028125 0.07109375
0 0.5359375 0.98515625 0.040625 0.02265625
0 0.47890625 0.209375 0.021875 0.06015625
0 0.8046875 0.33671875 0.02421875 0.06015625
0 0.840625 0.92734375 0.040625 0.10078125
0 0.81328125 0.50546875 0.021875 0.06015625
0 0.14296875 0.3578125 0.03203125 0.06328125
0 0.7921875 0.5671875 0.03203125 0.07109375
0 0.184375 0.97578125 0.03828125 0.04140625
0 0.31328125 0.53359375 0.03046875 0.06328125
0 0.98984375 0.20234375 0.01640625 0.05234375
0 0.19765625 0.709375 0.03203125 0.0859375
0 0.86484375 0.0265625 0.0203125 0.05234375
0 0.1453125 0.7171875 0.03203125 0.07109375
0 0.33203125 0.09765625 0.021875 0.05234375
0 0.340625 0.321875 0.02421875 0.06015625
0 0.7984375 0.22265625 0.028125 0.06328125
0 0.021875 0.18203125 0.028125 0.06328125
0 0.45546875 0.56171875 0.03203125 0.075
0 0.11796875 0.63828125 0.03046875 0.05625
0 0.50078125 0.1046875 0.021875 0.06015625
0 0.34296875 0.159375 0.0203125 0.0484375
0 0.0796875 0.075 0.0265625 0.05234375
0 0.85546875 0.16640625 0.0265625 0.06328125
0 0.34375 0.265625 0.03046875 0.06015625
0 0.6421875 0.821875 0.0265625 0.07890625
0 0.4265625 0.4984375 0.03046875 0.0671875
0 0.14296875 0.5671875 0.03203125 0.06328125
0 0.81875 0.83671875 0.0359375 0.06328125
0 0.7046875 0.0953125 0.021875 0.0484375
0 0.22890625 0.5109375 0.03046875 0.07890625
0 0.128125 0.86484375 0.0421875 0.075
0 0.8921875 0.6515625 0.0265625 0.08203125
0 0.184375 0.6125 0.0265625 0.06328125
0 0.40234375 0.61796875 0.0265625 0.075
0 0.37734375 0.78828125 0.0359375 0.0484375
0 0.8359375 0.03359375 0.021875 0.0453125
0 0.13125 0.8 0.0359375 0.0484375
0 0.4921875 0.309375 0.02421875 0.0484375
0 0.10078125 0.434375 0.03203125 0.06015625
0 0.75078125 0.06953125 0.021875 0.04140625
0 0.40234375 0.40078125 0.03046875 0.06015625
0 0.57734375 0.37265625 0.021875 0.06328125
0 0.25234375 0.4703125 0.02421875 0.05625
0 0.91328125 0.48515625 0.02421875 0.04140625
0 0.3328125 0.9421875 0.040625 0.07890625
0 0.6171875 0.4140625 0.0203125 0.06328125
0 0.178125 0.92734375 0.0421875 0.06328125
0 0.72265625 0.0390625 0.01796875 0.04140625
0 0.21953125 0.4421875 0.02421875 0.05234375
0 0.715625 0.9640625 0.0359375 0.06328125
0 0.16015625 0.01328125 0.021875 0.0265625
0 0.42265625 0.87109375 0.0265625 0.05625
0 0.40703125 0.271875 0.02421875 0.05625
0 0.584375 0.69453125 0.02421875 0.07109375
0 0.3640625 0.37265625 0.021875 0.07109375
0 0.271875 0.61015625 0.028125 0.0671875
0 0.02734375 0.9734375 0.0421875 0.0453125
0 0.8046875 0.42109375 0.028125 0.06328125
0 0.97890625 0.54140625 0.03046875 0.06328125
0 0.53359375 0.90078125 0.03046875 0.07890625
0 0.3171875 0.18203125 0.03046875 0.06328125
0 0.13125 0.01328125 0.02421875 0.0265625
0 0.9921875 0.0546875 0.01171875 0.04140625
0 0.55859375 0.06171875 0.02421875 0.05625
0 0.83203125 0.56171875 0.03046875 0.06015625
0 0.91796875 0.90625 0.034375 0.08203125
0 0.04140625 0.48515625 0.03046875 0.05625
0 0.26953125 0.0484375 0.03046875 0.05234375
0 0.2671875 0.54140625 0.0265625 0.07109375
0 0.8859375 0.28671875 0.021875 0.06328125
0 0.58359375 0.0109375 0.0234375 0.021875
0 0.59609375 0.0546875 0.0265625 0.0484375
0 0.6734375 0.5484375 0.0203125 0.06328125
0 0.8859375 0.075 0.021875 0.06015625
0 0.48203125 0.6609375 0.0359375 0.07890625
0 0.06953125 0.48515625 0.03046875 0.07109375
0 0.871875 0.378125 0.0265625 0.06015625
0 0.740625 0.66640625 0.0265625 0.05234375
0 0.0171875 0.75078125 0.03046875 0.06328125
0 0.01171875 0.8859375 0.0234375 0.05625
0 0.0515625 0.2453125 0.021875 0.06328125
0 0.28203125 0.79375 0.03203125 0.06015625
0 0.1015625 0.378125 0.0265625 0.05234375
0 0.83046875 0.39140625 0.02421875 0.0484375
0 0.94140625 0.309375 0.02421875 0.05625
0 0.43125 0.16640625 0.0203125 0.04140625
0 0.00625 0.08984375 0.01171875 0.0453125
0 0.72265625 0.4984375 0.034375 0.06015625
0 0.2125 0.253125 0.021875 0.0484375
0 0.975 0.65390625 0.03046875 0.06328125
0 0.1703125 0.0546875 0.021875 0.0484375
0 0.9421875 0.8296875 0.021875 0.0859375
0 0.4546875 0.03359375 0.01796875 0.0453125
0 0.290625 0.434375 0.02421875 0.05234375
0 0.2359375 0.878125 0.028125 0.0484375
0 0.68828125 0.50390625 0.021875 0.0484375
0 0.4578125 0.140625 0.02421875 0.0484375
0 0.9125 0.39921875 0.0265625 0.06328125
0 0.85859375 0.253125 0.02421875 0.0484375
0 0.88359375 0.0203125 0.0171875 0.040625
0 0.05625 0.58203125 0.03203125 0.05625
0 0.01171875 0.67890625 0.0234375 0.0703125
0 0.91796875 0.0953125 0.021875 0.0484375
0 0.09453125 0.25859375 0.02421875 0.06015625
0 0.98203125 0.9703125 0.03203125 0.05234375
0 0.728125 0.8015625 0.03203125 0.075
0 0.44140625 0.22265625 0.02421875 0.0484375
0 0.09453125 0.77890625 0.0359375 0.05234375
0 0.49609375 0.046875 0.0203125 0.0484375
0 0.90546875 0.821875 0.028125 0.07890625
0 0.75703125 0.80703125 0.0265625 0.07109375
0 0.18828125 0.54140625 0.0265625 0.05625
0 0.2421875 0.61796875 0.0203125 0.05234375
0 0.97109375 0.01484375 0.021875 0.0296875
0 0.85703125 0.58984375 0.0203125 0.07109375
0 0.246875 0.67421875 0.0265625 0.0671875
0 0.74921875 0.209375 0.01796875 0.0453125
0 0.365625 0.70234375 0.03046875 0.06328125
0 0.26796875 0.17421875 0.02421875 0.0484375
0 0.340625 0.63125 0.03203125 0.0859375
0 0.01171875 0.23671875 0.0234375 0.0421875
0 0.76171875 0.4828125 0.02421875 0.06015625
0 0.428125 0.12578125 0.021875 0.0484375
0 0.7078125 0.70234375 0.028125 0.07109375
0 0.54296875 0.6609375 0.01796875 0.06328125
0 0.94375 0.39140625 0.02421875 0.07109375
0 0.521875 0.47734375 0.02421875 0.05625
0 0.60390625 0.85 0.03046875 0.075
0 0.39296875 0.01875 0.0203125 0.0375
0 0.3015625 0.321875 0.021875 0.05234375
0 0.90703125 0.00546875 0.0203125 0.0109375
0 0.75390625 0.01875 0.02421875 0.0375
0 0.5578125 0.434375 0.0265625 0.0453125
0 0.51171875 0.78125 0.028125 0.07109375
0 0.2890625 0.215625 0.0265625 0.05625
0 0.490625 0.4921875 0.034375 0.07109375
0 0.72578125 0.4421875 0.02421875 0.05234375
0 0.82890625 0.23046875 0.0203125 0.05625
0 0.525 0.14609375 0.03046875 0.05234375
0 0.50078125 0.25859375 0.0265625 0.05234375
0 0.24375 0.103125 0.02421875 0.04140625
0 0.23515625 0.8 0.03046875 0.07109375
0 0.34296875 0.78125 0.028125 0.07109375
0 0.9 0.17421875 0.01796875 0.04140625
0 0.06484375 0.13828125 0.0203125 0.0453125
0 0.63671875 0.3578125 0.02421875 0.04140625
0 0.76484375 0.27890625 0.021875 0.06328125
0 0.16796875 0.47734375 0.0265625 0.06328125
0 0.97109375 0.1125 0.021875 0.05234375
0 0.79609375 0.01484375 0.02421875 0.0296875
0 0.05625 0.0765625 0.02421875 0.0484375
0 0.09296875 0.8296875 0.028125 0.05625
0 0.54296875 0.765625 0.0265625 0.0484375
0 0.94375 0.765625 0.0359375 0.0484375
0 0.3046875 0.1328125 0.0203125 0.04140625
0 0.2046875 0.88359375 0.0265625 0.05234375
0 0.7609375 0.9703125 0.034375 0.05234375
0 0.84609375 0.5109375 0.021875 0.0484375
0 0.41328125 0.01875 0.0203125 0.0375
0 0.6453125 0.0953125 0.02421875 0.04140625
0 0.15859375 0.215625 0.0265625 0.06328125
0 0.875 0.209375 0.0203125 0.05234375
0 0.7359375 0.39921875 0.02421875 0.04140625
0 0.40234375 0.1890625 0.0265625 0.06328125
0 0.23671875 0.7375 0.03046875 0.05234375
0 0.0796875 0.03203125 0.021875 0.04140625
0 0.08046875 0.878125 0.03203125 0.06328125
0 0.7015625 0.31484375 0.0203125 0.0375
0 0.1421875 0.42734375 0.0265625 0.05234375
0 0.1734375 0.3015625 0.0203125 0.0484375
0 0.740625 0.103125 0.01796875 0.04140625
0 0.98671875 0.26015625 0.021875 0.05625
0 0.15 0.65390625 0.034375 0.06328125
0 0.00390625 0.0203125 0.0078125 0.040625
0 0.0375 0.54140625 0.0265625 0.0484375
0 0.79453125 0.11796875 0.0203125 0.04140625
0 0.10859375 0.046875 0.0203125 0.04140625
0 0.81484375 0.7734375 0.03203125 0.06328125
0 0.90859375 0.53359375 0.03046875 0.07109375
0 0.23046875 0.215625 0.0265625 0.05625
0 0.68671875 0.4546875 0.021875 0.0484375
0 0.5109375 0.01328125 0.021875 0.0265625
0 0.9171875 0.6125 0.02421875 0.07890625
0 0.90859375 0.321875 0.0265625 0.0671875
0 0.9625 0.06171875 0.021875 0.0484375
0 0.08046875 0.63125 0.03203125 0.06328125
0 0.4546875 0.4625 0.021875 0.0484375
0 0.9484375 0.67421875 0.0265625 0.0671875
0 0.66796875 0.12578125 0.021875 0.0484375
0 0.18828125 0.225 0.0265625 0.06015625
0 0.271875 0.31640625 0.02421875 0.06328125
0 0.44453125 0.6328125 0.0265625 0.08984375
0 0.38203125 0.31484375 0.021875 0.05234375
0 0.36796875 0.06015625 0.021875 0.0375
0 0.93125 0.25859375 0.02421875 0.05234375
0 0.17578125 0.1125 0.02421875 0.05234375
0 0.3046875 0.0078125 0.0203125 0.01484375
0 0.19375 0.0109375 0.021875 0.021875
0 0.12578125 0.13828125 0.021875 0.0453125
0 0.68359375 0.39921875 0.0203125 0.0484375
0 0.84453125 0.0078125 0.0203125 0.01484375
0 0.64453125 0.4421875 0.03046875 0.0671875