0 0.4578125 0.3125 0.03515625 0.05234375
0 0.409375 0.26015625 0.0375 0.04921875
0 0.28046875 0.48125 0.04765625 0.06875
0 0.90703125 0.01953125 0.02265625 0.03359375
0 0.5859375 0.3421875 0.03515625 0.0609375
0 0.78046875 0.03125 0.01875 0.03125
0 0.75078125 0.27421875 0.034375 0.05625
0 0.2484375 0.24296875 0.0359375 0.05625
0 0.75625 0.18203125 0.03203125 0.05234375
0 0.49609375 0.0609375 0.0171875 0.02578125
0 0.790625 0.06796875 0.025 0.03671875
0 0.1859375 0.1859375 0.03125 0.0453125
0 0.40703125 0.0125 0.01640625 0.025
0 0.5890625 0.2390625 0.0359375 0.05625
0 0.88671875 0.071875 0.025 0.0375
0 0.81953125 0.04921875 0.02265625 0.03125
0 0.3734375 0.01796875 0.0171875 0.02578125
0 0.02421875 0.28203125 0.03984375 0.05078125
0 0.8609375 0.11953125 0.02734375 0.04140625
0 0.3078125 0.0234375 0.01640625 0.0234375
0 0.0765625 0.16875 0.021875 0.0296875
0 0.3875 0.0765625 0.01875 0.025
0 0.0265625 0.709375 0.053125 0.1
0 0.7984375 0.19375 0.0234375 0.0375
0 0.28203125 0.05625 0.0171875 0.021875
0 0.54609375 0.0421875 0.0203125 0.0296875
0 0.75859375 0.0140625 0.0203125 0.028125
0 0.6546875 0.08203125 0.025 0.0390625
0 0.74765625 0.7484375 0.0734375 0.1
0 0.1109375 0.05078125 0.015625 0.02109375
0 0.05546875 0.05546875 0.01640625 0.025
0 0.1765625 0.1015625 0.01484375 0.0234375
0 0.96015625 0.03671875 0.02734375 0.03671875
0 0.26953125 0.125 0.0171875 0.02578125
0 0.96875 0.00625 0.021875 0.0125
0 0.8171875 0.0140625 0.0171875 0.02734375
0 0.84453125 0.44375 0.0546875 0.06796875
0 0.584375 0.025 0.01484375 0.01953125
0 0.7078125 0.0375 0.021875 0.025
0 0.66796875 0.0125 0.01953125 0.025
0 0.45234375 0.0609375 0.01953125 0.02578125
0 0.4671875 0.01953125 0.01640625 0.0234375
0 0.1390625 0.00625 0.01484375 0.01171875
0 0.5546875 0.3359375 0.025 0.0390625
0 0.34609375 0.0796875 0.01875 0.02734375
0 0.696875 0.00703125 0.01953125 0.0140625
0 0.20859375 0.01640625 0.01640625 0.021875
0 0.33125 0.00625 0.0171875 0.01171875
0 0.08046875 0.075 0.01484375 0.01953125
0 0.63125 0.00625 0.01953125 0.01171875
0 0.278125 0.00859375 0.01484375 0.0171875
0 0.18828125 0.0296875 0.015625 0.021875
0 0.0328125 0.1921875 0.0171875 0.02734375
0 0.7078125 0.46796875 0.0453125 0.0640625
0 0.428125 0.00625 0.01484375 0.01171875
0 0.24453125 0.0921875 0.01640625 0.02109375
0 0.01484375 0.06875 0.0171875 0.025
0 0.03046875 0.846875 0.0609375 0.1078125
0 0.096875 0.1625 0.01875 0.025
0 0.12734375 0.06875 0.01875 0.0234375
0 0.21640625 0.09765625 0.01640625 0.02109375
0 0.2453125 0.13203125 0.025 0.03515625
0 0.13203125 0.13125 0.0171875 0.025
0 0.853125 0.67578125 0.0328125 0.04453125
0 0.3453125 0.04765625 0.01640625 0.021875
0 0.6890625 0.07890625 0.0203125 0.0328125
0 0.1578125 0.00546875 0.01484375 0.01015625