0 0.89296875 0.63671875 0.03046875 0.04453125
0 0.109375 0.428125 0.01953125 0.03359375
0 0.72890625 0.3109375 0.01953125 0.03671875
0 0.9109375 0.4796875 0.03359375 0.040625
0 0.61640625 0.690625 0.03359375 0.0484375
0 0.9109375 0.69609375 0.03359375 0.0515625
0 0.29453125 0.36640625 0.021875 0.03671875
0 0.3484375 0.68671875 0.03046875 0.0484375
0 0.46640625 0.359375 0.021875 0.0296875
0 0.09140625 0.628125 0.03359375 0.0484375
0 0.61640625 0.32578125 0.021875 0.0296875
0 0.21640625 0.2109375 0.021875 0.0296875
0 0.4359375 0.69609375 0.03359375 0.0515625
0 0.315625 0.86875 0.04140625 0.06328125
0 0.05703125 0.4484375 0.025 0.03671875
0 0.82890625 0.7890625 0.04140625 0.059375
0 0.14140625 0.50546875 0.028125 0.040625
0 0.44296875 0.45703125 0.025 0.040625
0 0.75546875 0.69609375 0.03359375 0.059375
0 0.19609375 0.69609375 0.0359375 0.059375
0 0.39296875 0.5203125 0.025 0.040625
0 0.24609375 0.7109375 0.0359375 0.0515625
0 0.378125 0.56875 0.028125 0.040625
0 0.48046875 0.1390625 0.01640625 0.02578125
0 0.50546875 0.540625 0.028125 0.04453125
0 0.48203125 0.65546875 0.0359375 0.0515625
0 0.59140625 0.6484375 0.03359375 0.0515625
0 0.690625 0.6484375 0.0359375 0.059375
0 0.25390625 0.38671875 0.025 0.03359375
0 0.56953125 0.3796875 0.021875 0.040625
0 0.35546875 0.2890625 0.021875 0.0296875
0 0.26953125 0.5 0.028125 0.04453125
0 0.675 0.3796875 0.01640625 0.040625
0 0.51640625 0.7890625 0.0390625 0.059375
0 0.8859375 0.5390625 0.03359375 0.040625
0 0.86953125 0.5984375 0.03359375 0.0484375
0 0.828125 0.43515625 0.028125 0.040625
0 0.5109375 0.3984375 0.021875 0.040625
0 0.43046875 0.36875 0.021875 0.040625
0 0.61640625 0.4 0.021875 0.03671875
0 0.165625 0.91875 0.0359375 0.059375
0 0.06796875 0.38515625 0.025 0.03671875
0 0.81796875 0.340625 0.01953125 0.03671875
0 0.71796875 0.26875 0.01953125 0.03359375
0 0.51953125 0.30703125 0.01640625 0.0296875
0 0.4265625 0.609375 0.025 0.040625
0 0.890625 0.840625 0.0359375 0.0515625
0 0.4 0.29609375 0.01640625 0.0296875
0 0.11640625 0.96640625 0.04453125 0.059375
0 0.67890625 0.3203125 0.01953125 0.02578125
0 0.10390625 0.4609375 0.025 0.040625
0 0.65546875 0.51875 0.028125 0.03671875
0 0.36953125 0.778125 0.0390625 0.059375
0 0.7875 0.93515625 0.04140625 0.06328125
0 0.9765625 0.7484375 0.025 0.0515625
0 0.78046875 0.31875 0.021875 0.03671875
0 0.37890625 0.6296875 0.0359375 0.0515625
0 0.96953125 0.10703125 0.01640625 0.0296875
0 0.03046875 0.1890625 0.021875 0.0296875
0 0.75546875 0.2 0.01640625 0.0296875
0 0.26796875 0.31875 0.01953125 0.0296875
0 0.57109375 0.56875 0.025 0.040625
0 0.23203125 0.31875 0.01953125 0.0296875
0 0.7375 0.1890625 0.01953125 0.0296875
0 0.209375 0.2703125 0.01953125 0.0296875
0 0.24296875 0.35546875 0.01953125 0.0296875
0 0.30546875 0.30703125 0.021875 0.0296875
0 0.14609375 0.36875 0.025 0.040625
0 0.81640625 0.190625 0.01640625 0.02578125
0 0.60546875 0.19609375 0.01640625 0.0296875
0 0.90859375 0.89609375 0.0390625 0.059375
0 0.9640625 0.4 0.021875 0.03671875
0 0.275 0.6390625 0.03359375 0.0484375
0 0.328125 0.6390625 0.028125 0.040625
0 0.85546875 0.33515625 0.021875 0.03359375
0 0.10390625 0.3484375 0.025 0.03671875
0 0.66640625 0.20703125 0.01640625 0.0296875
0 0.703125 0.178125 0.01640625 0.0296875
0 0.34140625 0.2 0.01640625 0.0296875
0 0.46796875 0.30703125 0.01953125 0.0296875
0 0.24140625 0.978125 0.04453125 0.03671875
0 0.628125 0.0703125 0.01640625 0.021875
0 0.61640625 0.128125 0.01640625 0.01875
0 0.5125 0.70703125 0.03046875 0.0515625
0 0.4390625 0.259375 0.01640625 0.0296875
0 0.128125 0.1296875 0.021875 0.0296875
0 0.4109375 0.16640625 0.01640625 0.0296875
0 0.3265625 0.528125 0.025 0.040625
0 0.0234375 0.55 0.01953125 0.0484375
0 0.0859375 0.240625 0.01640625 0.0296875
0 0.62890625 0.2890625 0.01953125 0.0296875
0 0.51953125 0.13515625 0.01640625 0.02578125
0 0.19140625 0.36640625 0.021875 0.03671875
0 0.71640625 0.21875 0.01640625 0.0296875
0 0.18359375 0.33671875 0.021875 0.0296875
0 0.5625 0.30703125 0.01953125 0.03671875
0 0.96796875 0.15546875 0.01953125 0.0296875
0 0.61796875 0.7796875 0.04140625 0.0703125
0 0.85390625 0.1890625 0.01953125 0.0296875
0 0.60546875 0.16640625 0.01640625 0.021875
0 0.29609375 0.5984375 0.025 0.040625
0 0.58046875 0.4984375 0.028125 0.040625
0 0.084375 0.4984375 0.03046875 0.040625
0 0.78046875 0.1796875 0.01640625 0.02578125
0 0.659375 0.0890625 0.01953125 0.0296875
0 0.13046875 0.67578125 0.028125 0.040625
0 0.12890625 0.5796875 0.03046875 0.040625
0 0.01953125 0.2484375 0.01640625 0.0296875
0 0.76796875 0.028125 0.0140625 0.01875
0 0.57890625 0.059375 0.01953125 0.0296875
0 0.646875 0.21875 0.01640625 0.0296875
0 0.4859375 0.23671875 0.01640625 0.0296875
0 0.03046875 0.428125 0.021875 0.040625
0 0.39140625 0.2109375 0.01640625 0.0296875
0 0.58046875 0.20546875 0.01640625 0.02578125
0 0.79140625 0.40546875 0.021875 0.040625
0 0.54296875 0.15 0.01953125 0.02578125
0 0.578125 0.12578125 0.01640625 0.021875
0 0.64140625 0.128125 0.01640625 0.01875
0 0.66953125 0.16640625 0.01640625 0.0296875
0 0.32890625 0.26640625 0.01953125 0.0296875
0 0.09296875 0.378125 0.01953125 0.0296875
0 0.11953125 0.2984375 0.021875 0.03359375
0 0.36640625 0.23671875 0.021875 0.0296875
0 0.79296875 0.28515625 0.025 0.0296875
0 0.56953125 0.159375 0.01640625 0.0296875
0 0.16796875 0.259375 0.01953125 0.0296875
0 0.7765625 0.078125 0.0140625 0.0296875
0 0.053125 0.3296875 0.021875 0.0296875
0 0.75546875 0.0890625 0.01640625 0.0296875
0 0.82890625 0.10546875 0.01953125 0.02578125
0 0.45703125 0.21875 0.01953125 0.0296875
0 0.6890625 0.0890625 0.01640625 0.0296875
0 0.71953125 0.6984375 0.03359375 0.06328125
0 0.609375 0.01875 0.01953125 0.021875
0 0.86953125 0.13671875 0.01640625 0.0296875
0 0.625 0.2 0.01640625 0.0296875
0 0.73046875 0.0484375 0.01640625 0.021875
0 0.92890625 0.01875 0.0140625 0.021875
0 0.65546875 0.15703125 0.01640625 0.02578125
0 0.89296875 0.75703125 0.03046875 0.0484375
0 0.728125 0.1484375 0.01640625 0.021875
0 0.65546875 0.478125 0.021875 0.0296875
0 0.08046875 0.540625 0.028125 0.04453125
0 0.528125 0.2109375 0.01640625 0.021875
0 0.89453125 0.109375 0.01640625 0.02578125
0 0.05390625 0.29609375 0.01953125 0.0296875
0 0.09453125 0.19609375 0.021875 0.03671875
0 0.49453125 0.06875 0.01640625 0.02578125
0 0.65390625 0.56640625 0.025 0.04453125
0 0.359375 0.48671875 0.03046875 0.040625
0 0.634375 0.04609375 0.01953125 0.02578125
0 0.44140625 0.15 0.01640625 0.02578125
0 0.8109375 0.1609375 0.01640625 0.02578125
0 0.84296875 0.15703125 0.0140625 0.01875
0 0.69296875 0.00546875 0.0140625 0.0109375
0 0.54140625 0.26640625 0.01640625 0.0296875
0 0.54296875 0.2984375 0.01953125 0.040625
0 0.70546875 0.95703125 0.04453125 0.06328125
0 0.80546875 0.090625 0.01640625 0.02578125
0 0.25859375 0.2296875 0.01640625 0.0296875
0 0.94140625 0.11640625 0.01640625 0.02578125
0 0.74453125 0.140625 0.01640625 0.0296875
0 0.47890625 0.090625 0.01953125 0.02578125
0 0.55703125 0.0296875 0.0140625 0.0296875
0 0.503125 0.35703125 0.021875 0.03359375
0 0.33046875 0.3 0.021875 0.0296875
0 0.3890625 0.36640625 0.021875 0.0296875
0 0.95546875 0.0609375 0.01640625 0.02578125
0 0.703125 0.15546875 0.01640625 0.021875
0 0.82890625 0.17578125 0.01953125 0.02578125
0 0.23046875 0.428125 0.021875 0.03359375
0 0.4875 0.20546875 0.01953125 0.02578125
0 0.81640625 0.13671875 0.01640625 0.0296875
0 0.66796875 0.028125 0.0140625 0.01875
0 0.3625 0.19609375 0.01953125 0.0296875
0 0.79140625 0.35 0.021875 0.03359375
0 0.79296875 0.15703125 0.0140625 0.01875
0 0.59140625 0.15703125 0.01640625 0.01875
0 0.83046875 0.040625 0.01640625 0.0296875
0 0.65390625 0.378125 0.01953125 0.03671875
0 0.903125 0.1390625 0.01640625 0.02578125
0 0.35859375 0.40703125 0.021875 0.0296875
0 0.72890625 0.028125 0.0140625 0.01875
0 0.678125 0.578125 0.028125 0.04453125
0 0.765625 0.15703125 0.0140625 0.02578125
0 0.09140625 0.159375 0.021875 0.0296875
0 0.97890625 0.8609375 0.025 0.06328125
0 0.08046875 0.3 0.021875 0.0296875
0 0.50546875 0.04609375 0.01640625 0.02578125
0 0.5125 0.090625 0.01953125 0.02578125
0 0.63046875 0.16875 0.01640625 0.02578125
0 0.23046875 0.38671875 0.021875 0.040625
0 0.95 0.859375 0.03359375 0.0515625
0 0.640625 0.00703125 0.015625 0.0140625
0 0.69296875 0.25 0.01953125 0.03359375
0 0.93046875 0.959375 0.03359375 0.0515625
0 0.421875 0.13671875 0.01640625 0.0296875
0 0.56796875 0.0890625 0.0140625 0.0296875
0 0.740625 0.0796875 0.0140625 0.02578125
0 0.15546875 0.159375 0.021875 0.0296875
0 0.4734375 0.16640625 0.01953125 0.0296875