1 0.49921875 0.64765625 0.99609375 0.69296875
1 0.7984375 0.93359375 0.04609375 0.09375
1 0.396875 0.86953125 0.04296875 0.07578125
1 0.5125 0.80234375 0.03984375 0.07578125
1 0.40546875 0.69453125 0.0359375 0.06171875
1 0.8828125 0.93515625 0.04296875 0.07890625
1 0.3265625 0.840625 0.046875 0.071875
1 0.475 0.8109375 0.03828125 0.06484375
1 0.5265625 0.88671875 0.04375 0.0828125
1 0.175 0.85078125 0.0390625 0.06875
1 0.3453125 0.77734375 0.040625 0.0703125
1 0.6046875 0.83203125 0.0421875 0.0703125
1 0.79296875 0.8171875 0.04296875 0.071875
1 0.8796875 0.7765625 0.0390625 0.06015625
1 0.57890625 0.9640625 0.0390625 0.06015625
1 0.68046875 0.9484375 0.046875 0.08671875
1 0.62421875 0.971875 0.0453125 0.05078125
1 0.8296875 0.70859375 0.03984375 0.06015625
1 0.05859375 0.790625 0.06640625 0.08828125
1 0.1609375 0.6359375 0.034375 0.06015625
1 0.640625 0.77265625 0.040625 0.0671875
1 0.834375 0.91015625 0.040625 0.0921875
1 0.50859375 0.72890625 0.03125 0.06328125
1 0.5421875 0.75625 0.034375 0.05859375
1 0.4796875 0.90078125 0.046875 0.07421875
1 0.2171875 0.65703125 0.03203125 0.0578125
1 0.3 0.95078125 0.05859375 0.08984375
1 0.47578125 0.53828125 0.025 0.03671875
1 0.475 0.9671875 0.04609375 0.06015625
1 0.575 0.61015625 0.0296875 0.04453125
1 0.1625 0.97265625 0.0546875 0.04921875
1 0.178125 0.79140625 0.0421875 0.0546875
1 0.0546875 0.64296875 0.0328125 0.04921875
1 0.4421875 0.6109375 0.0328125 0.04609375
1 0.20703125 0.8359375 0.0375 0.0671875
1 0.80390625 0.94140625 0.08984375 0.109375
1 0.4359375 0.734375 0.03203125 0.0578125
1 0.225 0.58515625 0.02734375 0.04453125
1 0.27734375 0.715625 0.04296875 0.05859375
1 0.9515625 0.82265625 0.03515625 0.065625
1 0.3609375 0.9421875 0.05 0.07578125
1 0.48984375 0.60390625 0.028125 0.04375
1 0.09296875 0.96328125 0.06328125 0.0671875
1 0.2625 0.93046875 0.04609375 0.0828125
1 0.340625 0.72890625 0.034375 0.04375
1 0.21171875 0.675 0.06328125 0.096875
1 0.6984375 0.61328125 0.025 0.04375
1 0.29765625 0.75546875 0.0421875 0.06328125
1 0.8296875 0.63125 0.025 0.04765625
1 0.13984375 0.74296875 0.03515625 0.04765625
1 0.625 0.5765625 0.02734375 0.0421875
1 0.784375 0.59296875 0.028125 0.04453125
1 0.92265625 0.52890625 0.02734375 0.03671875
1 0.396875 0.98046875 0.0578125 0.03671875
1 0.56640625 0.8390625 0.03515625 0.05859375
1 0.3625 0.61640625 0.0296875 0.04375
1 0.396875 0.4890625 0.021875 0.03515625
1 0.37578125 0.565625 0.02265625 0.0375
1 0.4484375 0.7125 0.03203125 0.053125
1 0.2375 0.53828125 0.025 0.03671875
1 0.11640625 0.61484375 0.03046875 0.04609375
1 0.46328125 0.4609375 0.03203125 0.0546875
1 0.37890625 0.771875 0.040625 0.071875
1 0.63828125 0.62578125 0.03046875 0.04453125
1 0.8578125 0.5640625 0.0234375 0.0421875
1 0.59609375 0.66796875 0.03203125 0.04609375
1 0.60703125 0.70234375 0.03046875 0.04375
1 0.803125 0.6265625 0.03046875 0.04765625
1 0.45390625 0.50078125 0.08515625 0.13203125
1 0.834375 0.571875 0.025 0.0421875
1 0.88125 0.725 0.034375 0.04453125
1 0.2625 0.8296875 0.05390625 0.06875
1 0.75859375 0.5375 0.02265625 0.040625
1 0.771875 0.9265625 0.0328125 0.0828125
1 0.3953125 0.5265625 0.0203125 0.03203125
1 0.91875 0.603125 0.03046875 0.0421875
1 0.93671875 0.8921875 0.0515625 0.0703125
1 0.54296875 0.96171875 0.046875 0.06328125
1 0.0125 0.91015625 0.025 0.07890625
1 0.0203125 0.88046875 0.040625 0.0796875
1 0.1453125 0.68828125 0.0796875 0.165625
1 0.76953125 0.7859375 0.03515625 0.06015625
1 0.9234375 0.98046875 0.046875 0.03671875
1 0.21015625 0.54609375 0.0234375 0.03515625
1 0.9796875 0.94453125 0.0375 0.096875
1 0.1609375 0.578125 0.02421875 0.0421875
1 0.9625 0.60859375 0.02734375 0.04453125
1 0.67109375 0.81796875 0.0390625 0.03671875
1 0.728125 0.7734375 0.0328125 0.0515625
1 0.4453125 0.56640625 0.021875 0.03046875
1 0.3 0.615625 0.0296875 0.0390625
1 0.14765625 0.51015625 0.0234375 0.03671875
1 0.2546875 0.51484375 0.0265625 0.03671875
1 0.0890625 0.75390625 0.034375 0.06015625
1 0.3375 0.6109375 0.03203125 0.04609375
1 0.1828125 0.596875 0.02734375 0.0375
1 0.18359375 0.8953125 0.109375 0.1609375
1 0.73359375 0.50390625 0.021875 0.03515625
1 0.44453125 0.98203125 0.0453125 0.03359375
1 0.05390625 0.60625 0.03125 0.03515625
1 0.7484375 0.978125 0.0515625 0.0375
1 0.9734375 0.734375 0.0328125 0.0515625
1 0.13046875 0.8953125 0.04609375 0.07734375
1 0.38984375 0.64296875 0.028125 0.04375
1 0.34296875 0.503125 0.0203125 0.03359375
1 0.240625 0.80546875 0.0375 0.04921875
1 0.88203125 0.5265625 0.02421875 0.03515625
1 0.91015625 0.72109375 0.0296875 0.05078125
1 0.44453125 0.9484375 0.05625 0.05625
1 0.76484375 0.64375 0.03125 0.0390625
1 0.63984375 0.671875 0.03125 0.04453125
1 0.42890625 0.8625 0.0328125 0.06484375
1 0.903125 0.6859375 0.03125 0.0390625
1 0.4078125 0.80625 0.03203125 0.053125