0 0.58359375 0.5625 0.034375 0.0546875
0 0.5203125 0.271875 0.0171875 0.02578125
0 0.25546875 0.2453125 0.0125 0.01953125
0 0.80703125 0.2671875 0.0203125 0.03125
0 0.3703125 0.3359375 0.01953125 0.03125
0 0.21875 0.38125 0.0171875 0.03125
0 0.28203125 0.26875 0.01640625 0.025
0 0.4671875 0.2546875 0.015625 0.021875
0 0.196875 0.94296875 0.0703125 0.10390625
0 0.43515625 0.80625 0.0578125 0.09375
0 0.5296875 0.39921875 0.0234375 0.0375
0 0.15 0.38125 0.0171875 0.0296875
0 0.6546875 0.565625 0.0328125 0.0484375
0 0.4234375 0.44140625 0.028125 0.04453125
0 0.82109375 0.46796875 0.0359375 0.05078125
0 0.2421875 0.36171875 0.01953125 0.03125
0 0.6859375 0.50625 0.0359375 0.05078125
0 0.1203125 0.3796875 0.021875 0.0328125
0 0.18125 0.5140625 0.03046875 0.04296875
0 0.971875 0.49453125 0.0359375 0.0546875
0 0.909375 0.4 0.03125 0.04921875
0 0.64296875 0.3859375 0.02265625 0.0375
0 0.746875 0.2609375 0.0171875 0.0296875
0 0.659375 0.2515625 0.01484375 0.02578125
0 0.6203125 0.2546875 0.01640625 0.02734375
0 0.3703125 0.25703125 0.0140625 0.025
0 0.4359375 0.36171875 0.02265625 0.03671875
0 0.40078125 0.31328125 0.01640625 0.0296875
0 0.13203125 0.51796875 0.03515625 0.04921875
0 0.190625 0.29140625 0.01640625 0.0234375
0 0.92890625 0.24453125 0.0171875 0.02890625
0 0.978125 0.37890625 0.03203125 0.05234375
0 0.23046875 0.2453125 0.0140625 0.0171875
0 0.8390625 0.3890625 0.03203125 0.04921875
0 0.284375 0.33046875 0.01640625 0.02578125
0 0.32890625 0.253125 0.015625 0.021875
0 0.33046875 0.29296875 0.01640625 0.02578125
0 0.25703125 0.90703125 0.0484375 0.0765625
0 0.4890625 0.35 0.0234375 0.0375
0 0.715625 0.27890625 0.01875 0.02890625
0 0.7421875 0.234375 0.015625 0.0234375
0 0.6859375 0.38671875 0.0265625 0.0390625
0 0.228125 0.3234375 0.0203125 0.0296875
0 0.3078125 0.34453125 0.0171875 0.0296875
0 0.915625 0.47265625 0.040625 0.06015625
0 0.0234375 0.42421875 0.0234375 0.0390625
0 0.946875 0.29453125 0.0203125 0.03359375
0 0.13125 0.2640625 0.01640625 0.02109375
0 0.6765625 0.25625 0.015625 0.025
0 0.37578125 0.4484375 0.02421875 0.04296875
0 0.38125 0.29765625 0.01640625 0.02734375
0 0.5546875 0.50390625 0.0328125 0.05234375
0 0.95 0.19375 0.01953125 0.02578125
0 0.46875 0.290625 0.0171875 0.0296875
0 0.82734375 0.21796875 0.01875 0.025
0 0.39140625 0.34921875 0.021875 0.03125
0 0.6921875 0.4484375 0.034375 0.05078125
0 0.59375 0.38125 0.0234375 0.0375
0 0.98359375 0.603125 0.03046875 0.06875
0 0.88984375 0.2984375 0.01953125 0.0296875
0 0.4328125 0.2296875 0.015625 0.021875
0 0.3421875 0.34375 0.01953125 0.03125
0 0.4171875 0.2796875 0.015625 0.02734375
0 0.11328125 0.30390625 0.015625 0.025
0 0.6328125 0.2046875 0.0140625 0.025
0 0.2390625 0.2890625 0.0171875 0.0234375
0 0.85390625 0.24375 0.01484375 0.025
0 0.5921875 0.44921875 0.0265625 0.0390625
0 0.28359375 0.4984375 0.03046875 0.04453125
0 0.759375 0.3921875 0.03046875 0.0453125
0 0.5953125 0.20625 0.0140625 0.01953125
0 0.89609375 0.26796875 0.02265625 0.02578125
0 0.77265625 0.275 0.0171875 0.03125
0 0.4484375 0.23828125 0.01484375 0.02109375
0 0.08203125 0.24921875 0.015625 0.01953125
0 0.26484375 0.30546875 0.0171875 0.025
0 0.38203125 0.23125 0.0140625 0.01953125
0 0.14375 0.2953125 0.0171875 0.025
0 0.79375 0.20625 0.01640625 0.025
0 0.196875 0.259375 0.015625 0.021875
0 0.01015625 0.36875 0.0203125 0.03671875
0 0.8875 0.225 0.01953125 0.02578125
0 0.57734375 0.240625 0.01484375 0.0234375
0 0.25078125 0.7171875 0.04609375 0.05703125
0 0.5734375 0.2859375 0.0171875 0.0296875
0 0.55390625 0.38515625 0.02265625 0.03359375
0 0.5703125 0.20546875 0.0140625 0.01796875
0 0.61875 0.28046875 0.01875 0.025
0 0.0265625 0.171875 0.0171875 0.02578125
0 0.065625 0.43671875 0.02421875 0.0375
0 0.1515625 0.24375 0.01484375 0.021875
0 0.43125 0.25390625 0.01484375 0.0234375
0 0.2765625 0.24375 0.0140625 0.01953125
0 0.17734375 0.31640625 0.01640625 0.0234375
0 0.09609375 0.41171875 0.02421875 0.03125
0 0.0484375 0.3734375 0.021875 0.03515625
0 0.853125 0.27890625 0.01484375 0.02578125
0 0.02109375 0.31640625 0.01640625 0.0234375
0 0.959375 0.2328125 0.01875 0.021875
0 0.3171875 0.21796875 0.0140625 0.01953125
0 0.3046875 0.23671875 0.0140625 0.01796875
0 0.98359375 0.2296875 0.01875 0.025
0 0.64609375 0.28046875 0.01640625 0.025
0 0.8109375 0.2359375 0.0171875 0.025
0 0.08359375 0.3328125 0.01875 0.025
0 0.15 0.19375 0.0125 0.01953125
0 0.34453125 0.2671875 0.015625 0.025
0 0.4328125 0.3171875 0.015625 0.021875
0 0.39609375 0.24296875 0.0125 0.01953125
0 0.0375 0.3078125 0.01484375 0.025
0 0.5265625 0.24375 0.015625 0.0234375
0 0.553125 0.2125 0.0125 0.01953125
0 0.1796875 0.4015625 0.025 0.03515625
0 0.00390625 0.17265625 0.0078125 0.021875
0 0.7640625 0.21796875 0.01484375 0.025
0 0.0046875 0.31953125 0.009375 0.025
0 0.16015625 0.2921875 0.015625 0.021875
0 0.0546875 0.29921875 0.015625 0.02578125
0 0.09921875 0.284375 0.01484375 0.021875
0 0.45546875 0.40390625 0.02421875 0.03125
0 0.27109375 0.0671875 0.0125 0.01953125
0 0.23125 0.26640625 0.01953125 0.021875
0 0.353125 0.22578125 0.0140625 0.01953125
0 0.596875 0.24375 0.01484375 0.0234375
0 0.2046875 0.32265625 0.0171875 0.0234375
0 0.33359375 0.20625 0.0125 0.01953125
0 0.42109375 0.2078125 0.0125 0.01953125
0 0.0921875 0.44296875 0.021875 0.03125
0 0.19140625 0.36796875 0.0171875 0.025
0 0.21953125 0.353125 0.01875 0.021875
0 0.825 0.28125 0.01953125 0.03125
0 0.86640625 0.29765625 0.0171875 0.0296875
0 0.53203125 0.3609375 0.0234375 0.02734375
0 0.053125 0.3421875 0.01875 0.0234375
0 0.12734375 0.2 0.0125 0.01953125
0 0.6421875 0.3078125 0.0171875 0.02734375
0 0.103125 0.24765625 0.0125 0.01796875
0 0.36796875 0.22265625 0.0140625 0.015625
0 0.103125 0.21640625 0.01484375 0.01796875
0 0.5375 0.2125 0.01171875 0.01796875
0 0.06640625 0.2484375 0.0140625 0.01953125
0 0.8734375 0.2640625 0.0171875 0.025
0 0.08359375 0.2765625 0.01484375 0.021875
0 0.00625 0.4 0.01171875 0.0328125
0 0.99453125 0.259375 0.00859375 0.0296875