0 0.790625 0.02265625 0.015625 0.025
0 0.6265625 0.11875 0.0171875 0.0296875
0 0.396875 0.2984375 0.03203125 0.0546875
0 0.5765625 0.1625 0.0234375 0.0375
0 0.6671875 0.628125 0.046875 0.07421875
0 0.3234375 0.2015625 0.03046875 0.046875
0 0.92109375 0.12421875 0.02265625 0.0328125
0 0.50703125 0.28828125 0.0328125 0.0484375
0 0.68046875 0.72265625 0.05546875 0.09140625
0 0.96953125 0.09375 0.0203125 0.03125
0 0.4859375 0.21953125 0.02734375 0.040625
0 0.4234375 0.1 0.01953125 0.0296875
0 0.51796875 0.08046875 0.01640625 0.02578125
0 0.9015625 0.51171875 0.05546875 0.06796875
0 0.92109375 0.0625 0.01875 0.02578125
0 0.7421875 0.76796875 0.07421875 0.10703125
0 0.5171875 0.33828125 0.03515625 0.05234375
0 0.9640625 0.0578125 0.01953125 0.02734375
0 0.7765625 0.11875 0.0203125 0.0296875
0 0.825 0.1234375 0.0203125 0.03125
0 0.228125 0.0703125 0.0171875 0.02890625
0 0.4328125 0.253125 0.0296875 0.0453125
0 0.6546875 0.14921875 0.02265625 0.0328125
0 0.653125 0.0375 0.01875 0.02578125
0 0.175 0.08125 0.0203125 0.0296875
0 0.2234375 0.2109375 0.028125 0.046875
0 0.584375 0.09375 0.01953125 0.03125
0 0.32734375 0.5828125 0.0578125 0.0875
0 0.33046875 0.1078125 0.01875 0.0296875
0 0.0421875 0.0828125 0.0203125 0.0296875
0 0.415625 0.1296875 0.021875 0.0328125
0 0.603125 0.17890625 0.02421875 0.03515625
0 0.45234375 0.17890625 0.025 0.04296875
0 0.06328125 0.13203125 0.02265625 0.0328125
0 0.49140625 0.03515625 0.01640625 0.02578125
0 0.38125 0.1265625 0.0203125 0.03359375
0 0.86484375 0.11875 0.0203125 0.03125
0 0.09296875 0.27421875 0.0328125 0.0484375
0 0.31640625 0.4546875 0.046875 0.06875
0 0.02109375 0.2671875 0.0359375 0.0546875
0 0.48359375 0.11875 0.0203125 0.0328125
0 0.58515625 0.37890625 0.03984375 0.06015625
0 0.103125 0.36875 0.04296875 0.053125
0 0.68671875 0.07578125 0.01875 0.02578125
0 0.29375 0.19296875 0.0265625 0.0390625
0 0.31953125 0.16171875 0.01953125 0.02578125
0 0.165625 0.23671875 0.03203125 0.04921875
0 0.65390625 0.2203125 0.028125 0.046875
0 0.853125 0.04140625 0.0171875 0.02890625
0 0.72578125 0.09296875 0.01953125 0.0328125
0 0.653125 0.0953125 0.01875 0.03125
0 0.825 0.0234375 0.01953125 0.02578125
0 0.7796875 0.0734375 0.0203125 0.0296875
0 0.39921875 0.48203125 0.04609375 0.06484375
0 0.090625 0.13515625 0.01875 0.03359375
0 0.153125 0.40703125 0.0421875 0.05859375
0 0.84765625 0.09921875 0.01953125 0.03125
0 0.34765625 0.69375 0.05859375 0.0859375
0 0.64921875 0.06796875 0.01875 0.02578125
0 0.7296875 0.01328125 0.015625 0.0234375
0 0.084375 0.096875 0.02421875 0.0296875
0 0.2625 0.1125 0.01953125 0.0296875
0 0.50234375 0.065625 0.01875 0.025
0 0.46953125 0.04140625 0.0171875 0.02578125
0 0.2625 0.0421875 0.01640625 0.02734375
0 0.3453125 0.159375 0.0234375 0.03515625
0 0.7546875 0.084375 0.021875 0.03125
0 0.23125 0.0375 0.0203125 0.0296875
0 0.1171875 0.07578125 0.01953125 0.02578125
0 0.52421875 0.13125 0.0203125 0.03359375
0 0.2796875 0.05390625 0.021875 0.0296875
0 0.3421875 0.05703125 0.015625 0.02578125
0 0.478125 0.28828125 0.028125 0.0484375
0 0.08359375 0.06875 0.01875 0.025
0 0.8796875 0.0921875 0.021875 0.02578125
0 0.3140625 0.04765625 0.01640625 0.025
0 0.70078125 0.00625 0.0140625 0.0125
0 0.3734375 0.0390625 0.01875 0.02578125
0 0.02421875 0.06640625 0.01875 0.02578125
0 0.1140625 0.10703125 0.021875 0.02890625
0 0.0625 0.33203125 0.0390625 0.05234375
0 0.9640625 0.20703125 0.02734375 0.03671875
0 0.09453125 0.1859375 0.02265625 0.03671875
0 0.53984375 0.9859375 0.06875 0.025
0 0.61328125 0.2125 0.0234375 0.04296875
0 0.50390625 0.2484375 0.01953125 0.0296875
0 0.9046875 0.0296875 0.0203125 0.02578125
0 0.70859375 0.0484375 0.01640625 0.025
0 0.10625 0.034375 0.01640625 0.021875
0 0.9421875 0.1 0.0171875 0.0296875
0 0.3375 0.01015625 0.015625 0.0203125
0 0.31953125 0.13203125 0.0171875 0.025
0 0.1203125 0.1359375 0.0203125 0.0328125
0 0.00859375 0.0953125 0.0171875 0.0234375
0 0.0171875 0.4671875 0.034375 0.08125
0 0.009375 0.13671875 0.01875 0.0296875