0 0.853125 0.3828125 0.0375 0.05703125
0 0.7359375 0.5125 0.03515625 0.05078125
0 0.38984375 0.1234375 0.01875 0.0296875
0 0.1796875 0.06640625 0.021875 0.03125
0 0.253125 0.09453125 0.0171875 0.0296875
0 0.21328125 0.0140625 0.01640625 0.02578125
0 0.6625 0.18046875 0.025 0.0375
0 0.20859375 0.0890625 0.01875 0.0296875
0 0.246875 0.01875 0.01875 0.025
0 0.6578125 0.025 0.0171875 0.02734375
0 0.6078125 0.0703125 0.0171875 0.02890625
0 0.565625 0.11875 0.02265625 0.03515625
0 0.58125 0.071875 0.0171875 0.02734375
0 0.33125 0.08203125 0.01953125 0.03125
0 0.55546875 0.23203125 0.025 0.04453125
0 0.74296875 0.0359375 0.0171875 0.02734375
0 0.70859375 0.034375 0.0203125 0.0296875
0 0.565625 0.02890625 0.01640625 0.02890625
0 0.20546875 0.13515625 0.0203125 0.03125
0 0.26015625 0.04375 0.01484375 0.025
0 0.325 0.12421875 0.0203125 0.0328125
0 0.23671875 0.04921875 0.01640625 0.02578125
0 0.0484375 0.06328125 0.015625 0.025
0 0.14921875 0.1171875 0.0203125 0.03359375
0 0.08828125 0.1828125 0.0203125 0.0296875
0 0.825 0.0125 0.01953125 0.025
0 0.28671875 0.0421875 0.01484375 0.025
0 0.7640625 0.0140625 0.015625 0.02578125
0 0.42734375 0.00625 0.01484375 0.01171875
0 0.06953125 0.0765625 0.015625 0.0234375
0 0.68046875 0.4890625 0.04765625 0.06640625
0 0.60625 0.5125 0.025 0.0296875
0 0.00703125 0.08046875 0.0140625 0.0234375
0 0.40703125 0.00625 0.01484375 0.01171875
0 0.3046875 0.0765625 0.015625 0.02578125
0 0.6734375 0.06328125 0.021875 0.0296875
0 0.0265625 0.09140625 0.01484375 0.02109375
0 0.51328125 0.01328125 0.01484375 0.0234375
0 0.990625 0.04921875 0.0171875 0.03671875
0 0.7109375 0.00859375 0.0171875 0.0171875
0 0.22890625 0.08046875 0.01484375 0.03125
0 0.540625 0.05625 0.01640625 0.02578125