1 0.49921875 0.496875 0.99375 0.98984375
1 0.62578125 0.68203125 0.0203125 0.0453125
1 0.1421875 0.82890625 0.025 0.0515625
1 0.3375 0.95 0.02734375 0.04921875
1 0.78515625 0.825 0.0234375 0.0515625
1 0.1265625 0.52421875 0.02421875 0.04140625
1 0.775 0.89140625 0.025 0.05546875
1 0.265625 0.76640625 0.021875 0.053125
1 0.17734375 0.7984375 0.02421875 0.04921875
1 0.58828125 0.71875 0.02109375 0.04296875
1 0.9546875 0.890625 0.025 0.053125
1 0.246875 0.765625 0.021875 0.0515625
1 0.55234375 0.96953125 0.021875 0.053125
1 0.64140625 0.91015625 0.025 0.053125
1 0.9515625 0.72421875 0.021875 0.04296875
1 0.0859375 0.77265625 0.0234375 0.053125
1 0.67578125 0.9140625 0.0234375 0.05703125
1 0.6125 0.75703125 0.02109375 0.0453125
1 0.52421875 0.68671875 0.021875 0.04296875
1 0.67421875 0.6671875 0.01796875 0.03515625
1 0.4375 0.6015625 0.01796875 0.03359375
1 0.096875 0.65234375 0.02109375 0.0453125
1 0.5953125 0.86875 0.02734375 0.04921875
1 0.32734375 0.90546875 0.02578125 0.05546875
1 0.22578125 0.85078125 0.021875 0.046875
1 0.78203125 0.96640625 0.02578125 0.05546875
1 0.75703125 0.703125 0.01875 0.0390625
1 0.2390625 0.69609375 0.02109375 0.04140625
1 0.375 0.91328125 0.02421875 0.046875
1 0.928125 0.621875 0.01875 0.0390625
1 0.4375 0.825 0.02734375 0.0515625
1 0.75 0.88125 0.02109375 0.04921875
1 0.2140625 0.6640625 0.02109375 0.0453125
1 0.8984375 0.96875 0.02578125 0.05546875
1 0.284375 0.7625 0.01875 0.04140625
1 0.14140625 0.8984375 0.05 0.190625
1 0.0546875 0.734375 0.0234375 0.06328125
1 0.90703125 0.89296875 0.02578125 0.04921875
1 0.409375 0.7609375 0.02109375 0.0453125
1 0.7125 0.78125 0.02109375 0.04296875
1 0.6921875 0.734375 0.02421875 0.0515625
1 0.51796875 0.90859375 0.025 0.04140625
1 0.375 0.72109375 0.021875 0.04921875
1 0.15078125 0.73203125 0.02109375 0.04296875
1 0.1828125 0.675 0.01875 0.04296875
1 0.12734375 0.59921875 0.04375 0.190625
1 0.83828125 0.87265625 0.0234375 0.04921875
1 0.49140625 0.8546875 0.02421875 0.0515625
1 0.44453125 0.75078125 0.02109375 0.0453125
1 0.57890625 0.925 0.02421875 0.0515625
1 0.2328125 0.9203125 0.021875 0.04921875
1 0.6609375 0.5734375 0.021875 0.04140625
1 0.37890625 0.85859375 0.025 0.0515625
1 0.940625 0.79296875 0.021875 0.04296875
1 0.34140625 0.86484375 0.0234375 0.0453125
1 0.88046875 0.77578125 0.0234375 0.04296875
1 0.55859375 0.734375 0.021875 0.046875
1 0.803125 0.72109375 0.028125 0.06875