0 0.84453125 0.2796875 0.03125 0.0484375
0 0.77109375 0.3265625 0.0265625 0.04140625
0 0.8375 0.01796875 0.01875 0.02578125
0 0.79296875 0.2046875 0.03125 0.0484375
0 0.55234375 0.0578125 0.01875 0.0296875
0 0.43125 0.05625 0.01875 0.02734375
0 0.60859375 0.0625 0.01875 0.02578125
0 0.84609375 0.11796875 0.02421875 0.0328125
0 0.8921875 0.75703125 0.084375 0.12109375
0 0.065625 0.13671875 0.01640625 0.0234375
0 0.359375 0.24375 0.0296875 0.04453125
0 0.51171875 0.05625 0.0171875 0.02578125
0 0.81875 0.1375 0.0265625 0.04296875
0 0.240625 0.21171875 0.0265625 0.0375
0 0.2 0.2 0.0265625 0.0375
0 0.69921875 0.45078125 0.0375 0.05234375
0 0.07734375 0.0203125 0.0125 0.0171875
0 0.17109375 0.00703125 0.0140625 0.0140625
0 0.0515625 0.01640625 0.0140625 0.01953125
0 0.03984375 0.0734375 0.0140625 0.01953125
0 0.6734375 0.06640625 0.01953125 0.02890625
0 0.1078125 0.0078125 0.0140625 0.015625
0 0.0296875 0.1140625 0.01640625 0.021875
0 0.08046875 0.00625 0.0125 0.01171875
0 0.121875 0.0140625 0.0125 0.01796875