1 0.4984375 0.49765625 0.99296875 0.98984375
1 0.42109375 0.27578125 0.040625 0.071875
1 0.925 0.71484375 0.05546875 0.09375
1 0.77578125 0.3234375 0.04609375 0.09375
1 0.25234375 0.37421875 0.0515625 0.08671875
1 0.303125 0.6625 0.046875 0.08359375
1 0.6140625 0.703125 0.053125 0.08046875
1 0.45546875 0.571875 0.04375 0.065625
1 0.61875 0.58203125 0.05 0.08359375
1 0.346875 0.33984375 0.046875 0.0875
1 0.42890625 0.6921875 0.04375 0.08203125
1 0.3140625 0.55546875 0.0453125 0.0921875
1 0.88203125 0.5515625 0.040625 0.07734375
1 0.759375 0.575 0.0453125 0.0890625
1 0.16484375 0.5734375 0.0484375 0.0921875
1 0.0328125 0.696875 0.04375 0.09375
1 0.77265625 0.24453125 0.034375 0.0640625
1 0.34375 0.8109375 0.053125 0.096875
1 0.5796875 0.23671875 0.0328125 0.06015625
1 0.23359375 0.6796875 0.06171875 0.08203125
1 0.4015625 0.20703125 0.03515625 0.065625
1 0.48515625 0.4359375 0.040625 0.07890625
1 0.78671875 0.67421875 0.0515625 0.0890625
1 0.1703125 0.13125 0.03203125 0.06875
1 0.49296875 0.36953125 0.04609375 0.06328125
1 0.82734375 0.8734375 0.06171875 0.11015625
1 0.3703125 0.51640625 0.04296875 0.071875
1 0.4671875 0.271875 0.040625 0.065625
1 0.665625 0.68828125 0.04375 0.08203125
1 0.1078125 0.81796875 0.0578125 0.08671875
1 0.02421875 0.52890625 0.03984375 0.075
1 0.390625 0.784375 0.05078125 0.10390625
1 0.3875 0.45703125 0.0453125 0.0671875
1 0.23828125 0.79140625 0.0453125 0.08359375
1 0.59921875 0.5171875 0.04765625 0.071875
1 0.12265625 0.22734375 0.034375 0.06875
1 0.12421875 0.36484375 0.0484375 0.07578125
1 0.11640625 0.71484375 0.05625 0.0921875
1 0.41875 0.94375 0.05859375 0.10703125
1 0.625 0.3203125 0.0453125 0.08515625
1 0.4890625 0.5265625 0.040625 0.065625
1 0.73046875 0.390625 0.05859375 0.10234375
1 0.06171875 0.21015625 0.0375 0.071875
1 0.3125 0.26640625 0.0453125 0.0734375
1 0.728125 0.69140625 0.05390625 0.10234375
1 0.2203125 0.21953125 0.034375 0.06171875
1 0.57890625 0.803125 0.05625 0.10390625
1 0.50703125 0.90078125 0.053125 0.09921875
1 0.39765625 0.36484375 0.03984375 0.08515625
1 0.7625 0.7796875 0.0578125 0.11015625
1 0.8890625 0.3796875 0.03828125 0.07734375
1 0.15234375 0.49453125 0.0484375 0.075
1 0.1578125 0.6453125 0.13203125 0.24609375
1 0.928125 0.32421875 0.03203125 0.065625
1 0.0421875 0.42421875 0.0453125 0.08359375
1 0.31484375 0.60625 0.1203125 0.19609375
1 0.6296875 0.19921875 0.0359375 0.06171875
1 0.82734375 0.103125 0.0359375 0.06875
1 0.55625 0.5890625 0.05859375 0.0953125
1 0.6875 0.33359375 0.0390625 0.0671875
1 0.3015625 0.16328125 0.0328125 0.065625
1 0.85390625 0.8265625 0.04609375 0.10390625
1 0.4734375 0.33046875 0.04609375 0.06015625
1 0.534375 0.3109375 0.08203125 0.159375
1 0.38984375 0.09609375 0.03984375 0.06328125
1 0.35625 0.38984375 0.09765625 0.1921875
1 0.5359375 0.26796875 0.0375 0.0703125
1 0.265625 0.24375 0.03125 0.05390625
1 0.89609375 0.51171875 0.1125 0.20625
1 0.91171875 0.4546875 0.04765625 0.0921875
1 0.3296875 0.053125 0.0359375 0.06328125
1 0.18828125 0.26015625 0.03828125 0.06875
1 0.1265625 0.953125 0.065625 0.0875
1 0.6734375 0.8375 0.07421875 0.140625
1 0.80859375 0.20078125 0.03515625 0.06171875
1 0.50703125 0.15625 0.02734375 0.05703125
1 0.484375 0.47734375 0.0921875 0.1640625
1 0.1515625 0.90625 0.06328125 0.090625
1 0.12421875 0.43203125 0.046875 0.08203125
1 0.51796875 0.11171875 0.03046875 0.0515625
1 0.15546875 0.33359375 0.03828125 0.07578125
1 0.915625 0.2265625 0.0390625 0.06015625
1 0.475 0.20703125 0.0296875 0.06015625
1 0.31328125 0.48984375 0.04765625 0.065625
1 0.91171875 0.93359375 0.06171875 0.1125
1 0.07734375 0.775 0.0515625 0.1125
1 0.9203125 0.62578125 0.0453125 0.08046875
1 0.54453125 0.08515625 0.03046875 0.05859375
1 0.584375 0.15078125 0.0328125 0.06171875
1 0.72109375 0.0546875 0.034375 0.065625
1 0.6765625 0.2734375 0.0421875 0.071875
1 0.64609375 0.59921875 0.1515625 0.28828125
1 0.68984375 0.75625 0.05390625 0.07734375
1 0.190625 0.56171875 0.028125 0.0890625
1 0.5078125 0.82265625 0.05859375 0.08515625
1 0.2484375 0.20546875 0.03125 0.065625
1 0.60703125 0.08828125 0.03046875 0.06015625
1 0.53671875 0.365625 0.0421875 0.06328125
1 0.9625 0.6765625 0.0390625 0.07890625
1 0.49140625 0.65234375 0.040625 0.07734375
1 0.828125 0.90703125 0.11328125 0.17734375
1 0.13984375 0.103125 0.034375 0.06015625
1 0.215625 0.10546875 0.0328125 0.05546875
1 0.81171875 0.47109375 0.0390625 0.0703125
1 0.2359375 0.26640625 0.0765625 0.15546875
1 0.6203125 0.925 0.06171875 0.12265625
1 0.81796875 0.71171875 0.14375 0.20234375
1 0.95234375 0.83203125 0.0703125 0.0953125
1 0.5125 0.178125 0.0703125 0.1859375
1 0.3109375 0.90703125 0.075 0.11875
1 0.23359375 0.478125 0.05390625 0.08671875
1 0.66875 0.39765625 0.0453125 0.08046875
1 0.46484375 0.0796875 0.03125 0.05703125
1 0.79296875 0.0484375 0.0328125 0.06171875