0 0.30390625 0.78125 0.01484375 0.0234375
0 0.42734375 0.796875 0.01484375 0.02109375
0 0.61796875 0.8359375 0.0203125 0.02890625
0 0.9359375 0.834375 0.015625 0.0234375
0 0.7671875 0.86171875 0.01953125 0.02578125
0 0.4015625 0.7671875 0.0140625 0.01953125
0 0.6828125 0.8296875 0.01953125 0.03125
0 0.86953125 0.87578125 0.0203125 0.0296875
0 0.27109375 0.759375 0.0125 0.01953125
0 0.57734375 0.8140625 0.01953125 0.02890625
0 0.5421875 0.815625 0.015625 0.02734375
0 0.9171875 0.825 0.015625 0.025
0 0.86484375 0.83203125 0.01640625 0.02578125
0 0.4796875 0.81640625 0.01484375 0.0234375
0 0.23125 0.78046875 0.01484375 0.025
0 0.8921875 0.84453125 0.0171875 0.0296875
0 0.7828125 0.7390625 0.01484375 0.01953125
0 0.290625 0.8203125 0.0171875 0.03125
0 0.9203125 0.78046875 0.01484375 0.025
0 0.021875 0.82265625 0.02421875 0.03359375
0 0.13046875 0.759375 0.0125 0.021875
0 0.63125 0.70703125 0.0125 0.01796875
0 0.3390625 0.79453125 0.015625 0.0234375
0 0.9515625 0.80625 0.01484375 0.025
0 0.85859375 0.7484375 0.0140625 0.021875
0 0.04375 0.8375 0.02265625 0.03671875
0 0.38125 0.878125 0.02421875 0.03515625
0 0.85625 0.8078125 0.01640625 0.021875
0 0.7046875 0.759375 0.0140625 0.021875
0 0.12109375 0.68125 0.0140625 0.01953125
0 0.24140625 0.8203125 0.021875 0.03125
0 0.35 0.815625 0.01640625 0.025
0 0.2921875 0.878125 0.0234375 0.03515625
0 0.0765625 0.734375 0.015625 0.02109375
0 0.040625 0.71875 0.0140625 0.02109375
0 0.3953125 0.834375 0.0171875 0.03125
0 0.603125 0.68125 0.01171875 0.0171875
0 0.6828125 0.69375 0.01171875 0.01796875
0 0.65859375 0.7875 0.01484375 0.025
0 0.378125 0.79140625 0.01484375 0.0234375
0 0.86640625 0.69375 0.0140625 0.01953125
0 0.11640625 0.70546875 0.0140625 0.01796875
0 0.4984375 0.71796875 0.0125 0.01953125
0 0.0078125 0.7796875 0.015625 0.0296875
0 0.090625 0.7 0.0140625 0.0171875
0 0.971875 0.8109375 0.01640625 0.0234375
0 0.7375 0.84296875 0.0171875 0.025
0 0.74453125 0.81328125 0.01640625 0.025
0 0.78046875 0.7015625 0.0125 0.01953125
0 0.10078125 0.76875 0.015625 0.025
0 0.190625 0.84375 0.0203125 0.03125
0 0.9328125 0.8671875 0.0203125 0.03125
0 0.2703125 0.80546875 0.015625 0.025
0 0.71015625 0.73671875 0.01484375 0.01796875
0 0.2453125 0.75625 0.01484375 0.0234375
0 0.20390625 0.68515625 0.0140625 0.01796875
0 0.628125 0.7875 0.01484375 0.0234375
0 0.15546875 0.74375 0.01484375 0.021875
0 0.46328125 0.7875 0.01484375 0.0234375
0 0.428125 0.740625 0.01171875 0.01796875
0 0.88359375 0.69765625 0.01171875 0.01796875
0 0.753125 0.76015625 0.01484375 0.0234375
0 0.25625 0.79765625 0.01484375 0.021875
0 0.1828125 0.67265625 0.0125 0.0171875
0 0.46953125 0.7171875 0.0125 0.01796875
0 0.35859375 0.75625 0.0125 0.02109375
0 0.92734375 0.7171875 0.0125 0.01796875
0 0.8140625 0.86328125 0.0171875 0.03125
0 0.29609375 0.73125 0.0140625 0.01953125
0 0.32734375 0.7734375 0.01171875 0.01796875
0 0.79765625 0.8265625 0.0171875 0.02734375
0 0.52109375 0.72890625 0.0125 0.02109375
0 0.2046875 0.803125 0.0171875 0.02578125
0 0.578125 0.7046875 0.0140625 0.01953125
0 0.30390625 0.66953125 0.009375 0.015625
0 0.9890625 0.8984375 0.01953125 0.02890625
0 0.290625 0.69765625 0.01171875 0.01796875
0 0.8390625 0.7796875 0.015625 0.0234375
0 0.32734375 0.86015625 0.021875 0.03515625
0 0.59765625 0.75078125 0.015625 0.021875
0 0.17578125 0.7546875 0.015625 0.021875
0 0.81796875 0.74375 0.0125 0.01953125
0 0.978125 0.69140625 0.0125 0.01796875
0 0.01875 0.66875 0.01171875 0.0171875
0 0.053125 0.6609375 0.01171875 0.0140625
0 0.99296875 0.70546875 0.0125 0.01796875
0 0.74296875 0.71875 0.0125 0.01796875
0 0.22265625 0.965625 0.0546875 0.06640625
0 0.26484375 0.69921875 0.01171875 0.01796875
0 0.03203125 0.6546875 0.01171875 0.0171875
0 0.73125 0.87890625 0.01953125 0.03359375
0 0.34453125 0.72578125 0.0125 0.01953125
0 0.1375 0.7109375 0.0125 0.02109375
0 0.728125 0.77421875 0.0140625 0.01953125
0 0.12734375 0.6546875 0.0125 0.0171875
0 0.1921875 0.69921875 0.0140625 0.01796875
0 0.7140625 0.82890625 0.01640625 0.0296875
0 0.5609375 0.73125 0.0140625 0.01953125
0 0.44140625 0.81875 0.015625 0.0296875
0 0.40703125 0.69140625 0.0109375 0.015625
0 0.35859375 0.70078125 0.01171875 0.01796875
0 0.9578125 0.72890625 0.0140625 0.01796875
0 0.83125 0.85078125 0.0171875 0.0296875
0 0.01484375 0.58046875 0.0125 0.01796875
0 0.5375 0.7578125 0.01484375 0.02109375
0 0.20859375 0.7671875 0.0125 0.01953125
0 0.00625 0.70078125 0.0125 0.02109375
0 0.23125 0.70625 0.0140625 0.01953125
0 0.88203125 0.7359375 0.0140625 0.01953125
0 0.928125 0.68125 0.01171875 0.0171875
0 0.6421875 0.5953125 0.009375 0.015625
0 0.70546875 0.68203125 0.0125 0.01796875
0 0.23828125 0.7265625 0.015625 0.01796875
0 0.9703125 0.71796875 0.0140625 0.01953125
0 0.6296875 0.73828125 0.01484375 0.02109375
0 0.146875 0.68125 0.01171875 0.01796875
0 0.3796875 0.7375 0.0140625 0.0171875
0 0.63125 0.6796875 0.0109375 0.015625
0 0.04375 0.6296875 0.01171875 0.0140625
0 0.415625 0.6703125 0.0109375 0.0140625
0 0.4546875 0.7 0.01171875 0.0171875
0 0.47890625 0.65703125 0.0109375 0.0140625
0 0.00625 0.65625 0.01171875 0.01796875
0 0.78359375 0.7796875 0.01484375 0.0234375
0 0.45390625 0.75546875 0.0140625 0.01796875
0 0.1546875 0.6984375 0.01171875 0.0171875
0 0.82109375 0.675 0.01171875 0.0171875
0 0.15546875 0.6296875 0.0109375 0.0140625
0 0.9328125 0.7671875 0.0140625 0.01953125
0 0.378125 0.75625 0.0140625 0.01953125
0 0.61640625 0.64296875 0.009375 0.01796875
0 0.42890625 0.69453125 0.009375 0.0140625
0 0.08046875 0.65 0.0109375 0.0140625
0 0.70390625 0.54296875 0.0109375 0.01328125
0 0.54609375 0.71796875 0.01171875 0.01953125
0 0.6640625 0.7125 0.0140625 0.01796875
0 0.884375 0.64375 0.0125 0.01953125
0 0.38671875 0.71640625 0.01171875 0.01796875
0 0.79375 0.678125 0.0125 0.01796875
0 0.01484375 0.7484375 0.015625 0.02109375
0 0.16875 0.65 0.0109375 0.0140625
0 0.5046875 0.6546875 0.009375 0.0140625
0 0.7453125 0.6234375 0.01171875 0.0171875
0 0.49296875 0.68515625 0.0109375 0.015625
0 0.21953125 0.6671875 0.0109375 0.0171875
0 0.034375 0.571875 0.0109375 0.0140625
0 0.94609375 0.69296875 0.01171875 0.01796875
0 0.24296875 0.64375 0.0109375 0.0140625
0 0.38125 0.6546875 0.00859375 0.0140625
0 0.95390625 0.5140625 0.009375 0.01328125
0 0.84140625 0.66328125 0.0109375 0.0140625
0 0.334375 0.7046875 0.01171875 0.01796875
0 0.865625 0.6671875 0.01171875 0.0171875
0 0.88125 0.51953125 0.0109375 0.01328125
0 0.43046875 0.7140625 0.0109375 0.0171875
0 0.3296875 0.6421875 0.009375 0.0140625
0 0.3390625 0.7453125 0.0140625 0.01953125
0 0.5578125 0.6859375 0.01171875 0.01796875
0 0.0578125 0.6171875 0.0109375 0.015625
0 0.75703125 0.73671875 0.0140625 0.01796875
0 0.9734375 0.91796875 0.02265625 0.03125
0 0.53984375 0.68125 0.01171875 0.01796875
0 0.7484375 0.69921875 0.01171875 0.01796875
0 0.240625 0.6671875 0.01171875 0.0171875
0 0.8515625 0.71171875 0.0140625 0.0171875
0 0.76484375 0.696875 0.0125 0.01953125
0 0.0546875 0.68203125 0.0140625 0.02109375
0 0.440625 0.7046875 0.0109375 0.015625
0 0.90703125 0.7984375 0.015625 0.02109375
0 0.84609375 0.69296875 0.0125 0.01796875
0 0.91875 0.6984375 0.01171875 0.0171875
0 0.6453125 0.53046875 0.00859375 0.01171875
0 0.00625 0.49296875 0.0109375 0.0140625
0 0.915625 0.5171875 0.01171875 0.0140625
0 0.7171875 0.66875 0.01171875 0.0140625
0 0.26484375 0.6546875 0.0109375 0.0140625
0 0.915625 0.74140625 0.0140625 0.021875
0 0.72578125 0.7046875 0.0140625 0.0171875
0 0.1453125 0.50625 0.00859375 0.01171875
0 0.12890625 0.56640625 0.009375 0.01328125
0 0.10625 0.6390625 0.0109375 0.0171875
0 0.98125 0.5296875 0.01171875 0.0171875
0 0.30703125 0.53046875 0.00859375 0.01171875
0 0.4625 0.6828125 0.0109375 0.0171875
0 0.190625 0.6421875 0.0109375 0.0140625
0 0.03203125 0.6875 0.01171875 0.01796875
0 0.80625 0.72578125 0.0140625 0.01953125
0 0.59453125 0.65546875 0.009375 0.0140625
0 0.11484375 0.5796875 0.0109375 0.0140625
0 0.12890625 0.80703125 0.0171875 0.02578125
0 0.95234375 0.7125 0.0125 0.01796875
0 0.9921875 0.7828125 0.0140625 0.0234375
0 0.10625 0.5671875 0.00859375 0.0140625
0 0.40703125 0.80078125 0.01484375 0.0234375
0 0.57734375 0.68046875 0.0109375 0.0171875
0 0.05703125 0.96875 0.04609375 0.06015625
0 0.80546875 0.5171875 0.0109375 0.01171875
0 0.0546875 0.47890625 0.009375 0.01328125
0 0.03203125 0.51640625 0.00859375 0.0140625
0 0.38046875 0.6796875 0.0109375 0.015625
0 0.9078125 0.68125 0.0109375 0.0171875
0 0.0046875 0.73125 0.00859375 0.025
0 0.30390625 0.6296875 0.00859375 0.0140625
0 0.54375 0.49375 0.00703125 0.01171875
0 0.45390625 0.65546875 0.0109375 0.01171875
0 0.1546875 0.65625 0.0109375 0.01796875
0 0.98671875 0.565625 0.0125 0.01953125
0 0.35625 0.5296875 0.0078125 0.01015625
0 0.08671875 0.5625 0.0109375 0.01328125
0 0.8390625 0.72578125 0.0140625 0.01953125
0 0.7703125 0.75078125 0.0140625 0.01953125
0 0.6171875 0.5921875 0.009375 0.01328125
0 0.38125 0.69765625 0.0109375 0.015625
0 0.2078125 0.6296875 0.009375 0.0140625
0 0.7171875 0.51640625 0.009375 0.0140625
0 0.96953125 0.85 0.01953125 0.02578125
0 0.6828125 0.54375 0.00859375 0.0140625
0 0.0953125 0.64375 0.0109375 0.0140625
0 0.4953125 0.6421875 0.0109375 0.0140625
0 0.08125 0.603125 0.0109375 0.0140625
0 0.9953125 0.84765625 0.0078125 0.02578125
0 0.803125 0.53203125 0.01171875 0.0140625
0 0.77890625 0.68125 0.0109375 0.0140625
0 0.1703125 0.60546875 0.0109375 0.01328125
0 0.18203125 0.60546875 0.00859375 0.01328125
0 0.9046875 0.7625 0.01484375 0.01953125
0 0.1671875 0.6296875 0.009375 0.0140625
0 0.01796875 0.61640625 0.0109375 0.0140625
0 0.05546875 0.5140625 0.00859375 0.01328125
0 0.41953125 0.7140625 0.0109375 0.0171875
0 0.61875 0.5296875 0.00703125 0.01015625
0 0.18203125 0.5390625 0.00859375 0.01328125
0 0.7328125 0.50625 0.0109375 0.01171875
0 0.0046875 0.63125 0.00859375 0.01796875
0 0.49296875 0.9875 0.03203125 0.021875
0 0.8421875 0.6078125 0.01171875 0.0171875
0 0.09296875 0.49140625 0.00703125 0.01171875
0 0.13203125 0.54375 0.0078125 0.01171875
0 0.7453125 0.5203125 0.009375 0.0140625
0 0.56796875 0.50546875 0.00703125 0.01015625
0 0.06953125 0.55625 0.009375 0.01328125
0 0.321875 0.65703125 0.0109375 0.0171875
0 0.46796875 0.6046875 0.00703125 0.01171875
0 0.253125 0.63125 0.00859375 0.01171875
0 0.54375 0.78125 0.01484375 0.0234375
0 0.1125 0.48671875 0.00703125 0.01328125
0 0.14140625 0.546875 0.009375 0.01328125
0 0.59296875 0.5171875 0.00703125 0.01171875
0 0.1875 0.5125 0.0078125 0.01171875
0 0.57890625 0.63046875 0.009375 0.01328125
0 0.0296875 0.46953125 0.0078125 0.009375
0 0.28828125 0.5375 0.0078125 0.01171875
0 0.4046875 0.71328125 0.01171875 0.01796875
0 0.36796875 0.5296875 0.00703125 0.01015625
0 0.61796875 0.50546875 0.00859375 0.01015625
0 0.06875 0.4578125 0.00859375 0.01171875
0 0.7625 0.5109375 0.00859375 0.01171875
0 0.27109375 0.6796875 0.0109375 0.015625
0 0.11796875 0.5421875 0.00859375 0.01171875
0 0.33828125 0.6609375 0.0109375 0.0140625
0 0.040625 0.46875 0.0109375 0.01015625
0 0.44296875 0.6140625 0.00703125 0.0140625
0 0.66796875 0.5296875 0.0078125 0.01171875
0 0.14140625 0.625 0.009375 0.01328125
0 0.05390625 0.53203125 0.009375 0.0140625
0 0.34296875 0.5171875 0.0078125 0.0078125
0 0.6921875 0.66328125 0.009375 0.0171875
0 0.7703125 0.55625 0.01171875 0.0140625
0 0.8578125 0.51875 0.009375 0.0140625
0 0.60625 0.41875 0.0078125 0.00625
0 0.1203125 0.46875 0.0078125 0.0078125
0 0.13046875 0.50625 0.00703125 0.01171875
0 0.596875 0.70546875 0.0140625 0.01796875
0 0.99375 0.51875 0.009375 0.0140625
0 0.165625 0.68046875 0.01171875 0.0171875
0 0.65703125 0.603125 0.00859375 0.0140625
0 0.1796875 0.48046875 0.0078125 0.01328125
0 0.66875 0.50625 0.0078125 0.01171875
0 0.01875 0.49375 0.0109375 0.01328125
0 0.78984375 0.6390625 0.0140625 0.01953125
0 0.97109375 0.58046875 0.0125 0.01796875
0 0.890625 0.6171875 0.01171875 0.015625
0 0.01796875 0.47890625 0.00859375 0.01015625
0 0.81796875 0.6546875 0.0109375 0.01328125
0 0.05703125 0.56640625 0.00859375 0.01328125
0 0.15703125 0.4671875 0.00859375 0.0078125
0 0.28359375 0.68046875 0.0109375 0.0140625
0 0.52734375 0.70546875 0.0140625 0.01796875
0 0.834375 0.75390625 0.0125 0.01796875
0 0.10625 0.5296875 0.00859375 0.01015625
0 0.1734375 0.525 0.0078125 0.01328125
0 0.60625 0.50703125 0.0078125 0.01171875
0 0.99453125 0.72890625 0.00859375 0.01796875
0 0.63046875 0.52890625 0.00703125 0.01015625
0 0.6640625 0.74375 0.015625 0.021875
0 0.21953125 0.5171875 0.0078125 0.01015625
0 0.25625 0.5171875 0.00703125 0.0078125
0 0.7171875 0.53125 0.009375 0.01328125
0 0.56796875 0.51875 0.00703125 0.01171875
0 0.546875 0.65703125 0.009375 0.0140625