0 0.5140625 0.79921875 0.028125 0.0453125
0 0.92421875 0.78203125 0.021875 0.03671875
0 0.97578125 0.79453125 0.028125 0.0453125
0 0.7703125 0.86171875 0.03125 0.053125
0 0.69140625 0.80703125 0.02890625 0.053125
0 0.37265625 0.77421875 0.02578125 0.04140625
0 0.74765625 0.68671875 0.015625 0.0234375
0 0.18125 0.6515625 0.01328125 0.0234375
0 0.46875 0.69921875 0.01796875 0.028125
0 0.76953125 0.7515625 0.0234375 0.03984375
0 0.1359375 0.74453125 0.021875 0.03828125
0 0.70703125 0.69453125 0.015625 0.025
0 0.64296875 0.68203125 0.01328125 0.0265625
0 0.06796875 0.65703125 0.0140625 0.0234375
0 0.35703125 0.821875 0.03359375 0.053125
0 0.07578125 0.68203125 0.01640625 0.0265625
0 0.60859375 0.80390625 0.0296875 0.0484375
0 0.246875 0.7765625 0.028125 0.053125
0 0.9203125 0.98046875 0.0546875 0.03515625
0 0.20859375 0.74453125 0.01875 0.03515625
0 0.8046875 0.72890625 0.02109375 0.03828125
0 0.28828125 0.659375 0.01640625 0.028125
0 0.86796875 0.7390625 0.0234375 0.04140625
0 0.746875 0.809375 0.028125 0.0484375
0 0.10390625 0.84140625 0.0390625 0.06015625
0 0.046875 0.69921875 0.01875 0.03203125
0 0.56484375 0.73203125 0.01875 0.03359375
0 0.3609375 0.7015625 0.02109375 0.03671875
0 0.2296875 0.64140625 0.0125 0.0203125
0 0.8421875 0.69921875 0.015625 0.025
0 0.921875 0.746875 0.01640625 0.0234375
0 0.02734375 0.79453125 0.02578125 0.0453125
0 0.33515625 0.71953125 0.01875 0.03515625
0 0.39296875 0.67890625 0.015625 0.028125
0 0.49140625 0.64296875 0.0109375 0.0203125
0 0.11640625 0.60703125 0.0109375 0.01640625
0 0.87578125 0.69921875 0.01328125 0.025
0 0.5421875 0.65703125 0.0109375 0.0234375
0 0.56640625 0.64453125 0.0109375 0.01796875
0 0.0140625 0.6640625 0.01796875 0.028125
0 0.96953125 0.7515625 0.01640625 0.0265625
0 0.83359375 0.66640625 0.01328125 0.0203125
0 0.3453125 0.634375 0.0109375 0.01796875
0 0.7125 0.72421875 0.01640625 0.03203125
0 0.6359375 0.77890625 0.02421875 0.04140625
0 0.70625 0.66640625 0.01015625 0.0203125
0 0.2890625 0.63203125 0.01015625 0.0203125
0 0.66875 0.72890625 0.021875 0.03828125
0 0.1859375 0.6140625 0.01015625 0.01484375
0 0.10625 0.71171875 0.02109375 0.03671875
0 0.3140625 0.6765625 0.01796875 0.0265625
0 0.79296875 0.6640625 0.0125 0.01796875
0 0.97890625 0.66640625 0.0109375 0.01640625
0 0.73203125 0.66640625 0.0125 0.0203125
0 0.71796875 0.640625 0.00859375 0.01484375
0 0.95390625 0.6640625 0.01015625 0.01796875
0 0.56796875 0.8921875 0.0359375 0.0546875
0 0.928125 0.69921875 0.01328125 0.021875
0 0.61640625 0.6890625 0.015625 0.025
0 0.2109375 0.709375 0.0203125 0.028125
0 0.1296875 0.62890625 0.01015625 0.01796875
0 0.8671875 0.671875 0.01015625 0.01640625
0 0.20546875 0.6390625 0.0109375 0.01796875
0 0.1015625 0.67890625 0.01640625 0.021875
0 0.5453125 0.62890625 0.01015625 0.01796875
0 0.26640625 0.621875 0.01015625 0.01640625
0 0.1296875 0.6078125 0.01015625 0.01484375
0 0.371875 0.6390625 0.0125 0.01796875
0 0.68671875 0.70703125 0.015625 0.03359375
0 0.3046875 0.62890625 0.0109375 0.01796875
0 0.90546875 0.65390625 0.00859375 0.01484375
0 0.03359375 0.67421875 0.01328125 0.021875
0 0.35234375 0.93671875 0.0359375 0.0734375
0 0.08125 0.61953125 0.0109375 0.01796875
0 0.8078125 0.66640625 0.0109375 0.0203125
0 0.253125 0.63203125 0.0109375 0.0203125
0 0.01796875 0.64140625 0.0125 0.0203125
0 0.703125 0.64140625 0.00859375 0.01328125
0 0.2484375 0.6640625 0.01640625 0.028125
0 0.09140625 0.7515625 0.01875 0.03359375
0 0.04296875 0.61640625 0.0109375 0.0203125
0 0.14296875 0.60703125 0.01015625 0.01328125
0 0.09375 0.6078125 0.01015625 0.01484375
0 0.18203125 0.8890625 0.02890625 0.0515625
0 0.76640625 0.68203125 0.0109375 0.0234375
0 0.8109375 0.696875 0.0140625 0.0234375
0 0.30703125 0.6078125 0.00859375 0.01484375
0 0.91875 0.65390625 0.00859375 0.01171875
0 0.23359375 0.6140625 0.01015625 0.01796875
0 0.93125 0.65703125 0.00859375 0.01640625
0 0.27890625 0.60390625 0.00859375 0.01796875
0 0.421875 0.6640625 0.01640625 0.028125
0 0.515625 0.66640625 0.01328125 0.0265625
0 0.5796875 0.62890625 0.00859375 0.01171875
0 0.8921875 0.65390625 0.00859375 0.01171875
0 0.3296875 0.65390625 0.0125 0.021875
0 0.403125 0.6171875 0.00859375 0.01484375
0 0.60546875 0.71640625 0.01796875 0.0265625
0 0.9453125 0.71640625 0.01796875 0.0265625
0 0.9828125 0.70390625 0.0140625 0.021875
0 0.16796875 0.621875 0.0109375 0.01640625
0 0.80390625 0.64453125 0.01015625 0.01484375
0 0.45234375 0.746875 0.021875 0.03671875
0 0.95625 0.69453125 0.0140625 0.021875
0 0.64296875 0.62890625 0.0078125 0.01171875
0 0.86796875 0.6515625 0.00859375 0.01640625
0 0.3578125 0.6640625 0.01328125 0.025
0 0.5671875 0.61953125 0.0078125 0.01171875
0 0.6328125 0.65703125 0.0125 0.0203125
0 0.79140625 0.64453125 0.0078125 0.01484375
0 0.50703125 0.69140625 0.01328125 0.0265625
0 0.203125 0.66953125 0.01328125 0.025
0 0.43203125 0.61953125 0.0078125 0.01484375
0 0.6578125 0.640625 0.00859375 0.01484375
0 0.65703125 0.61640625 0.00703125 0.01015625
0 0.353125 0.61640625 0.00859375 0.01328125
0 0.45859375 0.671875 0.01640625 0.0234375
0 0.91640625 0.6765625 0.0109375 0.01640625
0 0.38046875 0.61953125 0.0078125 0.01484375
0 0.60703125 0.646875 0.00859375 0.01640625
0 0.48125 0.6140625 0.00859375 0.01796875
0 0.31796875 0.61640625 0.00859375 0.01640625
0 0.59296875 0.61953125 0.00703125 0.01171875
0 0.5375 0.61171875 0.0078125 0.01328125
0 0.02734375 0.75390625 0.0234375 0.028125
0 0.05703125 0.59453125 0.00859375 0.01484375
0 0.31796875 0.59453125 0.0078125 0.01171875
0 0.48203125 0.59140625 0.00546875 0.01015625
0 0.47421875 0.72890625 0.01875 0.03515625
0 0.521875 0.64140625 0.0125 0.0203125
0 0.4203125 0.63203125 0.00859375 0.01640625
0 0.33046875 0.59453125 0.0078125 0.01171875
0 0.24296875 0.57890625 0.00703125 0.01171875
0 0.771875 0.65390625 0.01015625 0.01796875
0 0.4375 0.58671875 0.00703125 0.01328125
0 0.44296875 0.621875 0.00859375 0.01640625
0 0.68046875 0.60703125 0.0078125 0.01015625
0 0.63046875 0.62890625 0.0078125 0.01171875
0 0.20625 0.61953125 0.01015625 0.01796875
0 0.82421875 0.7390625 0.0203125 0.028125
0 0.60703125 0.61640625 0.00703125 0.01328125
0 0.33203125 0.57890625 0.00546875 0.00859375
0 0.2953125 0.609375 0.00859375 0.01484375
0 0.45546875 0.59453125 0.00703125 0.01171875
0 0.78046875 0.63203125 0.0078125 0.01328125
0 0.69296875 0.62890625 0.0078125 0.01171875
0 0.2875 0.58671875 0.00703125 0.01328125
0 0.36640625 0.61953125 0.00859375 0.01484375
0 0.38984375 0.61640625 0.00859375 0.01328125
0 0.33671875 0.58671875 0.00703125 0.01328125
0 0.36796875 0.60390625 0.0078125 0.01171875
0 0.15546875 0.65390625 0.01328125 0.025
0 0.43125 0.60390625 0.00703125 0.01171875
0 0.73125 0.64140625 0.00859375 0.01328125
0 0.065625 0.61640625 0.0109375 0.01640625
0 0.44296875 0.60390625 0.00859375 0.01171875
0 0.41796875 0.59453125 0.0078125 0.01171875
0 0.50703125 0.58203125 0.00703125 0.01015625
0 0.55546875 0.61640625 0.00859375 0.01328125
0 0.94296875 0.64140625 0.00859375 0.01328125
0 0.74375 0.65703125 0.0125 0.0203125
0 0.15078125 0.69140625 0.01796875 0.0265625
0 0.46640625 0.61640625 0.00859375 0.01328125
0 0.33359375 0.61640625 0.00859375 0.01640625
0 0.53046875 0.59140625 0.0078125 0.01015625
0 0.5171875 0.61953125 0.0078125 0.01171875
0 0.68125 0.6765625 0.01328125 0.01640625
0 0.61953125 0.61640625 0.0078125 0.01328125
0 0.38046875 0.59453125 0.00546875 0.01171875
0 0.3875 0.58671875 0.00703125 0.01328125
0 0.8453125 0.646875 0.00859375 0.01328125
0 0.03125 0.596875 0.00859375 0.01640625
0 0.23203125 0.59140625 0.0078125 0.01328125
0 0.315625 0.771875 0.021875 0.04296875
0 0.71796875 0.6046875 0.0078125 0.01015625
0 0.31640625 0.64140625 0.0109375 0.01640625
0 0.66796875 0.61640625 0.0078125 0.01015625
0 0.565625 0.68203125 0.0109375 0.0265625
0 0.378125 0.68203125 0.0125 0.0296875
0 0.69296875 0.60703125 0.00703125 0.01015625
0 0.58046875 0.60703125 0.0078125 0.01015625
0 0.40703125 0.59453125 0.00703125 0.01171875
0 0.2625 0.58671875 0.00703125 0.01328125
0 0.56796875 0.60703125 0.0078125 0.01015625
0 0.7546875 0.61953125 0.00859375 0.01171875
0 0.23828125 0.69453125 0.01640625 0.028125
0 0.6671875 0.64453125 0.0078125 0.01171875
0 0.74296875 0.60390625 0.00703125 0.00859375
0 0.5171875 0.59140625 0.00546875 0.01015625
0 0.28046875 0.58203125 0.0078125 0.01015625
0 0.73203125 0.60703125 0.00546875 0.01015625
0 0.48046875 0.57890625 0.0078125 0.00859375
0 0.6953125 0.66640625 0.0109375 0.0203125
0 0.39296875 0.57890625 0.00703125 0.00859375
0 0.59296875 0.63203125 0.00859375 0.01328125
0 0.3625 0.58671875 0.00546875 0.01328125
0 0.66796875 0.6640625 0.01015625 0.01796875
0 0.60546875 0.59453125 0.00703125 0.00859375
0 0.50390625 0.61953125 0.0078125 0.01484375
0 0.75546875 0.60390625 0.00703125 0.00859375
0 0.61953125 0.6390625 0.01015625 0.01484375
0 0.4625 0.58671875 0.00546875 0.01015625
0 0.66953125 0.62890625 0.0078125 0.01171875
0 0.50546875 0.60390625 0.00703125 0.01171875
0 0.828125 0.640625 0.0078125 0.01484375
0 0.68359375 0.65703125 0.01015625 0.01640625
0 0.7671875 0.63203125 0.0078125 0.01328125
0 0.30703125 0.57890625 0.00703125 0.00859375
0 0.4921875 0.59140625 0.00703125 0.01015625
0 0.55546875 0.59453125 0.00703125 0.00859375
0 0.34296875 0.57890625 0.00703125 0.00859375
0 0.803125 0.8890625 0.0375 0.0515625
0 0.31796875 0.57890625 0.0078125 0.00859375
0 0.7625 0.61171875 0.00703125 0.01328125
0 0.73203125 0.61640625 0.00546875 0.01015625
0 0.21640625 0.60234375 0.0078125 0.01484375
0 0.61171875 0.58671875 0.003125 0.00703125
0 0.96796875 0.65390625 0.00859375 0.01484375
0 0.44375 0.64140625 0.01015625 0.01640625
0 0.8796875 0.64453125 0.00859375 0.01171875
0 0.50703125 0.59140625 0.00703125 0.01015625
0 0.49296875 0.58203125 0.00703125 0.01015625
0 0.45546875 0.58203125 0.00703125 0.01015625
0 0.4921875 0.621875 0.00703125 0.01640625
0 0.46796875 0.58203125 0.0078125 0.01015625
0 0.36796875 0.56953125 0.0078125 0.00859375
0 0.6359375 0.61171875 0.00546875 0.01015625
0 0.6015625 0.66953125 0.0125 0.01796875
0 0.3046875 0.65390625 0.0109375 0.021875
0 0.74453125 0.6390625 0.00859375 0.01171875
0 0.53046875 0.60390625 0.0078125 0.01171875
0 0.43046875 0.58203125 0.0078125 0.01015625
0 0.43046875 0.59140625 0.0078125 0.01328125
0 0.93203125 0.6765625 0.0109375 0.01640625
0 0.89296875 0.67890625 0.0109375 0.01796875
0 0.63359375 0.72890625 0.015625 0.028125
0 0.71796875 0.61640625 0.0078125 0.01015625
0 0.7796875 0.6203125 0.0078125 0.01015625
0 0.79296875 0.60703125 0.00703125 0.01015625
0 0.74296875 0.6203125 0.00703125 0.01015625
0 0.503125 0.6390625 0.0109375 0.01796875
0 0.9046875 0.671875 0.01015625 0.01640625
0 0.59296875 0.57890625 0.00703125 0.00859375
0 0.5859375 0.58671875 0.00546875 0.00703125
0 0.20546875 0.60390625 0.00859375 0.01484375
0 0.79296875 0.6203125 0.00703125 0.01015625
0 0.30703125 0.56640625 0.00703125 0.00703125
0 0.73125 0.62890625 0.00703125 0.01171875
0 0.58203125 0.57890625 0.00546875 0.00859375
0 0.59296875 0.60703125 0.00703125 0.01015625
0 0.4171875 0.57890625 0.00546875 0.00859375
0 0.70546875 0.60390625 0.00703125 0.00859375
0 0.7125 0.61171875 0.00703125 0.01328125
0 0.45390625 0.62890625 0.01015625 0.01796875
0 0.68046875 0.61640625 0.0078125 0.01328125
0 0.78046875 0.60390625 0.0078125 0.00859375
0 0.5828125 0.6515625 0.01015625 0.01640625
0 0.5625 0.58671875 0.00546875 0.01015625
0 0.56796875 0.59453125 0.0078125 0.00859375
0 0.35703125 0.59140625 0.00703125 0.01015625
0 0.6375 0.58671875 0.003125 0.00703125
0 0.66796875 0.59453125 0.0078125 0.00859375
0 0.54296875 0.59453125 0.00703125 0.01171875
0 0.7625 0.58671875 0.00703125 0.00703125
0 0.615625 0.97578125 0.0421875 0.0453125
0 0.23203125 0.6640625 0.01328125 0.025
0 0.40546875 0.57890625 0.00703125 0.00859375
0 0.396875 0.6390625 0.0109375 0.01796875
0 0.79296875 0.59453125 0.00703125 0.00859375
0 0.21796875 0.58203125 0.0078125 0.01015625
0 0.0671875 0.59453125 0.0078125 0.01484375
0 0.78671875 0.58671875 0.00703125 0.00703125
0 0.29296875 0.56953125 0.00703125 0.00859375
0 0.65546875 0.60703125 0.00703125 0.01015625
0 0.59296875 0.59453125 0.00703125 0.00859375
0 0.71796875 0.59453125 0.0078125 0.00859375
0 0.1375 0.65703125 0.01328125 0.0265625
0 0.75703125 0.6640625 0.0109375 0.01796875
0 0.61796875 0.59453125 0.0078125 0.00859375
0 0.3734375 0.57421875 0.00703125 0.01171875
0 0.64296875 0.59453125 0.00703125 0.00859375
0 0.35546875 0.57890625 0.00703125 0.00859375
0 0.6421875 0.60390625 0.00703125 0.00859375
0 0.878125 0.66640625 0.01015625 0.01640625
0 0.84296875 0.62890625 0.00703125 0.01171875
0 0.7671875 0.59453125 0.00546875 0.00859375
0 0.6125 0.75390625 0.0203125 0.03203125
0 0.24296875 0.59453125 0.00859375 0.01171875
0 0.678125 0.63203125 0.0078125 0.01328125
0 0.83125 0.61953125 0.00703125 0.01171875
0 0.34296875 0.56640625 0.00703125 0.00703125
0 0.4234375 0.57421875 0.00703125 0.01171875
0 0.53671875 0.58671875 0.00703125 0.00703125
0 0.65546875 0.59453125 0.00703125 0.00859375
0 0.70546875 0.61953125 0.00703125 0.00859375
0 0.56796875 0.57890625 0.00546875 0.00859375
0 0.58046875 0.59453125 0.0078125 0.00859375
0 0.3171875 0.56640625 0.00546875 0.00703125
0 0.69296875 0.59453125 0.00703125 0.00859375
0 0.01953125 0.56640625 0.01015625 0.01328125