0 0.303125 0.06796875 0.01484375 0.02109375
0 0.38203125 0.1640625 0.021875 0.02890625
0 0.34453125 0.1671875 0.02265625 0.0296875
0 0.54375 0.60390625 0.0328125 0.05234375
0 0.39140625 0.2390625 0.0203125 0.0328125
0 0.17578125 0.1109375 0.015625 0.02578125
0 0.35546875 0.2125 0.0234375 0.03125
0 0.13125 0.24375 0.02265625 0.0328125
0 0.60859375 0.8734375 0.0515625 0.0640625
0 0.525 0.38828125 0.0328125 0.05234375
0 0.478125 0.3046875 0.025 0.04140625
0 0.1203125 0.15 0.01953125 0.02734375
0 0.1921875 0.15703125 0.0171875 0.02734375
0 0.1703125 0.08203125 0.015625 0.02109375
0 0.134375 0.05703125 0.01484375 0.02109375
0 0.2765625 0.27421875 0.02421875 0.0375
0 0.08515625 0.19375 0.02265625 0.0328125
0 0.159375 0.15625 0.01875 0.02578125
0 0.45625 0.38125 0.0265625 0.0375
0 0.3015625 0.17421875 0.0234375 0.03125
0 0.27890625 0.1640625 0.0203125 0.03125
0 0.31875 0.12578125 0.01875 0.0296875
0 0.5828125 0.78046875 0.0640625 0.08203125
0 0.26640625 0.0296875 0.0140625 0.01796875
0 0.1484375 0.08046875 0.0171875 0.02578125
0 0.1921875 0.05703125 0.01484375 0.01796875
0 0.51640625 0.0625 0.015625 0.02109375
0 0.0265625 0.16640625 0.01953125 0.03125
0 0.2 0.1109375 0.01640625 0.025
0 0.00703125 0.32578125 0.0140625 0.03671875
0 0.009375 0.12734375 0.01875 0.0296875
0 0.1140625 0.07265625 0.01484375 0.0234375
0 0.225 0.0703125 0.01484375 0.02578125
0 0.2609375 0.0546875 0.015625 0.02109375
0 0.49140625 0.00625 0.01484375 0.01171875
0 0.3921875 0.46640625 0.03125 0.04453125
0 0.43203125 0.0078125 0.01484375 0.015625
0 0.496875 0.10078125 0.0171875 0.02734375
0 0.4171875 0.03671875 0.0140625 0.01796875
0 0.10078125 0.2484375 0.0234375 0.03359375
0 0.45390625 0.0296875 0.0140625 0.0234375
0 0.29375 0.025 0.0125 0.01796875
0 0.471875 0.0453125 0.01484375 0.021875
0 0.2421875 0.05078125 0.0140625 0.02109375
0 0.4546875 0.00625 0.0140625 0.01171875
0 0.31640625 0.00625 0.01171875 0.01171875
0 0.9546875 0.34453125 0.0140625 0.021875
0 0.59921875 0.44921875 0.0515625 0.07578125
0 0.225 0.10546875 0.01484375 0.0234375
0 0.29609375 0.00625 0.0125 0.01171875
0 0.50390625 0.03046875 0.015625 0.025
0 0.52109375 0.00625 0.0125 0.01171875
0 0.26796875 0.00625 0.0125 0.01171875
0 0.54375 0.00625 0.0125 0.01171875
0 0.2453125 0.0296875 0.0125 0.01953125
0 0.24609375 0.00703125 0.0140625 0.0140625
0 0.28046875 0.00625 0.0140625 0.01171875
0 0.99453125 0.01796875 0.00859375 0.01796875
0 0.3421875 0.00546875 0.0109375 0.01015625
0 0.2828125 0.09296875 0.01484375 0.01953125
0 0.23828125 0.084375 0.015625 0.02109375