0 0.828125 0.1453125 0.0234375 0.03515625
0 0.690625 0.0125 0.01484375 0.025
0 0.88828125 0.4046875 0.04765625 0.06640625
0 0.49453125 0.10390625 0.01484375 0.0234375
0 0.09765625 0.53203125 0.040625 0.05859375
0 0.82265625 0.58203125 0.059375 0.08359375
0 0.39453125 0.0921875 0.015625 0.02109375
0 0.31796875 0.1125 0.01484375 0.025
0 0.13125 0.46875 0.034375 0.05234375
0 0.53203125 0.3921875 0.03828125 0.0640625
0 0.2265625 0.2578125 0.0234375 0.03671875
0 0.71015625 0.0328125 0.0140625 0.02109375
0 0.5890625 0.2140625 0.0265625 0.0375
0 0.54375 0.2296875 0.0234375 0.03515625
0 0.73515625 0.10703125 0.015625 0.0234375
0 0.3046875 0.34765625 0.0296875 0.046875
0 0.0953125 0.42578125 0.03515625 0.04921875
0 0.6515625 0.23203125 0.0234375 0.03671875
0 0.72734375 0.0453125 0.0140625 0.021875
0 0.7609375 0.08046875 0.01484375 0.02578125
0 0.29375 0.1296875 0.01484375 0.021875
0 0.4640625 0.1 0.015625 0.025
0 0.70859375 0.11875 0.01640625 0.02578125
0 0.4234375 0.25546875 0.0234375 0.03671875
0 0.34609375 0.11796875 0.01484375 0.025
0 0.85625 0.1453125 0.0203125 0.0328125
0 0.25625 0.25625 0.02421875 0.0375
0 0.06328125 0.478125 0.0359375 0.053125
0 0.75234375 0.0328125 0.0125 0.02109375
0 0.4640625 0.0703125 0.01171875 0.01796875
0 0.4859375 0.065625 0.0140625 0.021875
0 0.43671875 0.13046875 0.0171875 0.02578125
0 0.12890625 0.3625 0.03515625 0.0328125
0 0.63203125 0.0640625 0.0140625 0.02109375
0 0.3734375 0.10546875 0.015625 0.02578125
0 0.5078125 0.19296875 0.021875 0.03125
0 0.4453125 0.08046875 0.0140625 0.01796875
0 0.459375 0.2046875 0.02421875 0.03671875
0 0.61796875 0.02890625 0.01484375 0.02109375
0 0.1 0.61015625 0.04765625 0.0765625
0 0.41875 0.0875 0.01484375 0.01953125
0 0.8515625 0.1125 0.0171875 0.025
0 0.96875 0.075 0.0171875 0.0296875
0 0.521875 0.09375 0.0125 0.0234375
0 0.12734375 0.40625 0.0359375 0.04921875
0 0.7171875 0.00625 0.0140625 0.01171875
0 0.1890625 0.30625 0.02734375 0.03125
0 0.50078125 0.0734375 0.0140625 0.01953125
0 0.596875 0.0171875 0.0125 0.02109375
0 0.34765625 0.2453125 0.025 0.040625
0 0.578125 0.01015625 0.01171875 0.01796875
0 0.64609375 0.03828125 0.01484375 0.021875
0 0.671875 0.03671875 0.0140625 0.0234375
0 0.36640625 0.1359375 0.0171875 0.025
0 0.44140625 0.05390625 0.0140625 0.01953125
0 0.665625 0.14296875 0.0171875 0.03125
0 0.565625 0.37890625 0.03203125 0.06796875
0 0.68828125 0.05625 0.01484375 0.0234375
0 0.74453125 0.05078125 0.01484375 0.02109375
0 0.31875 0.16796875 0.01640625 0.0234375
0 0.771875 0.05 0.0125 0.025
0 0.803125 0.0171875 0.01171875 0.01953125
0 0.82734375 0.00625 0.0125 0.01171875
0 0.55546875 0.28671875 0.025 0.0390625
0 0.5546875 0.01640625 0.01171875 0.0171875
0 0.45546875 0.0390625 0.0109375 0.01796875
0 0.99453125 0.0609375 0.00859375 0.021875
0 0.478125 0.0171875 0.01171875 0.01796875
0 0.496875 0.03203125 0.0125 0.01953125
0 0.5171875 0.02890625 0.01171875 0.01796875
0 0.5171875 0.21953125 0.0203125 0.0328125
0 0.34765625 0.20078125 0.021875 0.03671875
0 0.51796875 0.2484375 0.0203125 0.02578125
0 0.28203125 0.17265625 0.01640625 0.025
0 0.671875 0.00625 0.01171875 0.01171875
0 0.47734375 0.0421875 0.01171875 0.01953125
0 0.475 0.134375 0.01875 0.02734375
0 0.5171875 0.00703125 0.01171875 0.0140625
0 0.540625 0.00625 0.0125 0.0125
0 0.653125 0.00546875 0.0140625 0.01015625
0 0.78984375 0.24765625 0.0171875 0.03359375
0 0.55546875 0.0671875 0.0125 0.01953125
0 0.73515625 0.009375 0.0140625 0.01875
0 0.18125 0.3375 0.0328125 0.04296875
0 0.50390625 0.00625 0.01171875 0.01171875
0 0.7796875 0.00625 0.0125 0.01171875
0 0.4578125 0.0171875 0.01171875 0.0171875