0 0.196875 0.3875 0.03125 0.0453125
0 0.18828125 0.45390625 0.03984375 0.05859375
0 0.025 0.2359375 0.0234375 0.0375
0 0.24375 0.1671875 0.02734375 0.04296875
0 0.5546875 0.1359375 0.0234375 0.0328125
0 0.1515625 0.1984375 0.02265625 0.03515625
0 0.284375 0.0625 0.01875 0.02578125
0 0.428125 0.09140625 0.01953125 0.02578125
0 0.60234375 0.0125 0.0171875 0.025
0 0.18828125 0.0640625 0.01875 0.02578125
0 0.66640625 0.17890625 0.028125 0.040625
0 0.178125 0.25 0.03046875 0.04453125
0 0.38359375 0.06328125 0.0203125 0.0296875
0 0.4578125 0.70546875 0.053125 0.08828125
0 0.0234375 0.178125 0.021875 0.02890625
0 0.30234375 0.16796875 0.02421875 0.0390625
0 0.5265625 0.5765625 0.046875 0.0765625
0 0.88984375 0.08046875 0.0203125 0.02578125
0 0.1921875 0.14765625 0.02734375 0.0375
0 0.0796875 0.06875 0.0171875 0.025
0 0.3046875 0.0375 0.0171875 0.0234375
0 0.3375 0.19140625 0.03046875 0.04453125
0 0.54921875 0.1984375 0.0265625 0.0375
0 0.628125 0.06328125 0.0171875 0.02734375
0 0.6375 0.2765625 0.03828125 0.05625
0 0.4765625 0.06875 0.0171875 0.03125
0 0.20703125 0.2171875 0.0296875 0.0453125
0 0.25703125 0.13125 0.02265625 0.03125
0 0.11484375 0.04375 0.01640625 0.025
0 0.5296875 0.05390625 0.0171875 0.025
0 0.51875 0.2578125 0.0375 0.04921875
0 0.07734375 0.3015625 0.034375 0.05078125
0 0.39140625 0.01328125 0.01484375 0.0234375
0 0.24375 0.06640625 0.01875 0.02578125
0 0.45390625 0.3265625 0.0390625 0.053125
0 0.1234375 0.1515625 0.02265625 0.0296875
0 0.38203125 0.14765625 0.02265625 0.0328125
0 0.64921875 0.4734375 0.04609375 0.0609375
0 0.746875 0.09765625 0.02421875 0.03125
0 0.34453125 0.0640625 0.0171875 0.02890625
0 0.74609375 0.25546875 0.03125 0.04453125
0 0.040625 0.2046875 0.0203125 0.0296875
0 0.58359375 0.0296875 0.01640625 0.025
0 0.98828125 0.03828125 0.021875 0.0328125
0 0.51953125 0.1953125 0.02734375 0.0390625
0 0.62421875 0.17265625 0.02421875 0.04296875
0 0.684375 0.04140625 0.01875 0.02890625
0 0.5921875 0.05625 0.0203125 0.0296875
0 0.45234375 0.15 0.02421875 0.03671875
0 0.078125 0.2 0.025 0.0375
0 0.24765625 0.01640625 0.01640625 0.021875
0 0.846875 0.0125 0.0203125 0.025
0 0.78125 0.2921875 0.0390625 0.053125
0 0.80703125 0.1015625 0.02265625 0.03671875
0 0.2171875 0.06875 0.01953125 0.02890625
0 0.3625 0.01953125 0.0171875 0.0234375
0 0.90546875 0.05625 0.0171875 0.03125
0 0.5578125 0.09296875 0.021875 0.0296875
0 0.73984375 0.2125 0.02265625 0.0328125
0 0.12421875 0.08515625 0.01875 0.02734375
0 0.75390625 0.0125 0.01953125 0.025
0 0.5890625 0.1546875 0.0265625 0.03515625
0 0.81953125 0.2640625 0.03125 0.04453125
0 0.3171875 0.0171875 0.01640625 0.0234375
0 0.4046875 0.03671875 0.01640625 0.02578125
0 0.65390625 0.03671875 0.01640625 0.0234375
0 0.45546875 0.0328125 0.01875 0.02578125
0 0.3328125 0.15 0.025 0.0296875
0 0.4546875 0.00625 0.01953125 0.01171875
0 0.51328125 0.0796875 0.0203125 0.02890625
0 0.20859375 0.02578125 0.01640625 0.0234375
0 0.665625 0.09921875 0.021875 0.03125
0 0.9046875 0.18046875 0.028125 0.0375
0 0.16796875 0.06171875 0.0171875 0.025
0 0.8734375 0.0578125 0.01953125 0.02734375
0 0.0453125 0.525 0.0484375 0.0625
0 0.4984375 0.0140625 0.0171875 0.025
0 0.665625 0.00625 0.01640625 0.01171875
0 0.63359375 0.03203125 0.01484375 0.021875
0 0.93046875 0.05625 0.0203125 0.0296875
0 0.4046875 0.1625 0.021875 0.0375
0 0.7046875 0.03125 0.0171875 0.02578125
0 0.54609375 0.021875 0.01640625 0.02109375
0 0.2828125 0.1390625 0.0203125 0.0296875
0 0.2296875 0.03046875 0.0171875 0.025
0 0.00703125 0.00859375 0.0140625 0.0171875
0 0.0921875 0.1703125 0.0234375 0.0296875
0 0.0921875 0.01328125 0.015625 0.0234375
0 0.2953125 0.009375 0.015625 0.01875
0 0.321875 0.04375 0.01875 0.025
0 0.3296875 0.09453125 0.0171875 0.025
0 0.259375 0.0875 0.01953125 0.02578125
0 0.43828125 0.23828125 0.02265625 0.03359375
0 0.55234375 0.06171875 0.01875 0.025
0 0.7921875 0.00625 0.01484375 0.01171875
0 0.9078125 0.02421875 0.0171875 0.025
0 0.8765625 0.178125 0.02734375 0.04140625
0 0.0421875 0.00625 0.01484375 0.01171875
0 0.78984375 0.03125 0.01953125 0.02578125
0 0.184375 0.021875 0.01484375 0.02109375
0 0.16875 0.01796875 0.015625 0.0234375
0 0.22734375 0.0078125 0.01484375 0.015625
0 0.64453125 0.00625 0.0140625 0.0125
0 0.040625 0.3296875 0.0328125 0.04921875
0 0.9359375 0.31640625 0.03828125 0.0546875
0 0.28203125 0.01953125 0.0171875 0.0234375
0 0.45546875 0.11953125 0.0203125 0.0234375
0 0.0890625 0.1421875 0.01953125 0.02734375
0 0.74453125 0.04375 0.0203125 0.0296875
0 0.1953125 0.00625 0.015625 0.01171875
0 0.3375 0.009375 0.015625 0.01875
0 0.58046875 0.10546875 0.0203125 0.03125
0 0.04375 0.1125 0.01875 0.0296875
0 0.6828125 0.0078125 0.015625 0.015625
0 0.11953125 0.009375 0.0140625 0.01875
0 0.89140625 0.1140625 0.0234375 0.03515625
0 0.4171875 0.00546875 0.015625 0.01015625