0 0.8078125 0.4890625 0.0578125 0.0875
0 0.5953125 0.1796875 0.034375 0.0546875
0 0.64296875 0.44921875 0.05390625 0.07578125
0 0.76875 0.39296875 0.05546875 0.07578125
0 0.94609375 0.43125 0.05625 0.07578125
0 0.6921875 0.7609375 0.0921875 0.134375
0 0.66875 0.0515625 0.028125 0.04296875
0 0.69921875 0.35546875 0.0453125 0.06796875
0 0.3640625 0.671875 0.0640625 0.1015625
0 0.796875 0.19765625 0.0375 0.05234375
0 0.13984375 0.1546875 0.02734375 0.0390625
0 0.965625 0.23203125 0.0359375 0.04921875
0 0.19296875 0.83828125 0.06953125 0.09921875
0 0.1078125 0.1546875 0.0265625 0.04140625
0 0.41171875 0.3078125 0.05 0.0765625
0 0.109375 0.60625 0.06640625 0.0875
0 0.2671875 0.36953125 0.046875 0.06484375
0 0.66328125 0.61328125 0.07109375 0.1015625
0 0.840625 0.2140625 0.0359375 0.05078125
0 0.634375 0.34375 0.0390625 0.0625
0 0.6734375 0.11640625 0.0328125 0.04296875
0 0.89609375 0.2234375 0.03046875 0.040625
0 0.0875 0.11875 0.0234375 0.03515625
0 0.97578125 0.7015625 0.04609375 0.11171875
0 0.84453125 0.284375 0.0390625 0.05625
0 0.50703125 0.3296875 0.0453125 0.0625
0 0.853125 0.35 0.04609375 0.0640625
0 0.15 0.08203125 0.0296875 0.04140625
0 0.5921875 0.2609375 0.03984375 0.071875
0 0.9265625 0.2984375 0.0328125 0.0390625
0 0.9578125 0.3296875 0.0453125 0.05234375
0 0.92109375 0.25 0.034375 0.04921875
0 0.70703125 0.06953125 0.0234375 0.03515625
0 0.8109375 0.690625 0.1015625 0.1734375