0 0.85 0.01796875 0.01953125 0.02578125
0 0.39609375 0.46953125 0.03828125 0.0609375
0 0.31640625 0.52421875 0.04296875 0.06875
0 0.63828125 0.3609375 0.0359375 0.0546875
0 0.2984375 0.1828125 0.02734375 0.04296875
0 0.259375 0.3171875 0.02734375 0.04296875
0 0.4703125 0.0890625 0.0203125 0.0296875
0 0.725 0.33046875 0.03828125 0.04921875
0 0.46015625 0.19375 0.02734375 0.0390625
0 0.02109375 0.2890625 0.0359375 0.05234375
0 0.759375 0.47890625 0.046875 0.06796875
0 0.60625 0.0203125 0.01875 0.02734375
0 0.4953125 0.34453125 0.03203125 0.053125
0 0.8859375 0.2734375 0.0390625 0.04921875
0 0.7046875 0.4015625 0.0390625 0.05625
0 0.48359375 0.009375 0.0203125 0.01875
0 0.73359375 0.01328125 0.01953125 0.02578125
0 0.540625 0.1484375 0.0234375 0.03359375
0 0.41171875 0.0265625 0.02421875 0.03515625
0 0.278125 0.1453125 0.0265625 0.0375
0 0.08359375 0.1484375 0.03046875 0.04140625
0 0.41875 0.61796875 0.04765625 0.0796875
0 0.11484375 0.296875 0.03046875 0.04453125
0 0.146875 0.14453125 0.03046875 0.0390625
0 0.6421875 0.05078125 0.0203125 0.03359375
0 0.52578125 0.428125 0.03984375 0.05703125
0 0.34453125 0.70390625 0.0578125 0.0875
0 0.6296875 0.50703125 0.04765625 0.06875
0 0.415625 0.1875 0.0265625 0.04140625
0 0.96015625 0.50078125 0.04765625 0.0640625
0 0.96796875 0.19453125 0.0296875 0.040625
0 0.2140625 0.5359375 0.03984375 0.0609375
0 0.7875 0.33046875 0.0359375 0.04921875
0 0.98671875 0.0921875 0.02421875 0.03671875
0 0.93828125 0.24765625 0.0296875 0.04453125
0 0.796875 0.08671875 0.01953125 0.025
0 0.9390625 0.13828125 0.028125 0.0390625
0 0.75703125 0.0375 0.0171875 0.0296875
0 0.809375 0.02578125 0.01875 0.02578125
0 0.253125 0.5796875 0.05546875 0.08359375
0 0.7703125 0.01328125 0.0234375 0.02578125
0 0.66875 0.02890625 0.01953125 0.03125
0 0.9421875 0.065625 0.02265625 0.0375
0 0.878125 0.08203125 0.0203125 0.03125
0 0.16484375 0.36796875 0.03203125 0.05078125
0 0.903125 0.0796875 0.0234375 0.0328125
0 0.83046875 0.07578125 0.01875 0.0234375
0 0.6703125 0.3546875 0.0328125 0.05078125
0 0.12421875 0.3578125 0.0359375 0.05078125
0 0.8046875 0.00625 0.015625 0.01171875
0 0.24296875 0.70625 0.05390625 0.0875
0 0.70703125 0.01796875 0.0171875 0.02578125
0 0.48984375 0.5 0.03984375 0.05703125
0 0.5328125 0.10703125 0.02265625 0.03359375
0 0.43984375 0.04921875 0.01875 0.02578125
0 0.5890625 0.23046875 0.0359375 0.04921875
0 0.56328125 0.08515625 0.01953125 0.0296875
0 0.53515625 0.06875 0.021875 0.0328125
0 0.82265625 0.3 0.034375 0.04296875
0 0.85078125 0.06875 0.02265625 0.0296875
0 0.99140625 0.24375 0.015625 0.0328125
0 0.72265625 0.04296875 0.01953125 0.03125
0 0.9578125 0.025 0.0234375 0.0328125
0 0.63515625 0.10546875 0.0203125 0.03671875
0 0.99140625 0.1421875 0.01484375 0.0296875
0 0.71640625 0.1015625 0.02265625 0.02890625
0 0.56328125 0.1515625 0.0203125 0.0375
0 0.2140625 0.93046875 0.1 0.13671875
0 0.39140625 0.0828125 0.021875 0.03515625