0 0.8671875 0.93515625 0.02734375 0.0515625
0 0.3046875 0.75546875 0.0234375 0.03828125
0 0.8171875 0.82890625 0.0234375 0.040625
0 0.93125 0.825 0.02734375 0.0421875
0 0.7390625 0.69140625 0.0234375 0.03515625
0 0.38984375 0.77578125 0.02421875 0.03828125
0 0.675 0.79375 0.0265625 0.046875
0 0.02421875 0.7375 0.02421875 0.0421875
0 0.82734375 0.70546875 0.02421875 0.040625
0 0.4921875 0.8859375 0.0296875 0.046875
0 0.17265625 0.721875 0.021875 0.03515625
0 0.90234375 0.19296875 0.0171875 0.02890625
0 0.7171875 0.1578125 0.0171875 0.02890625
0 0.7078125 0.765625 0.025 0.040625
0 0.85 0.85078125 0.0265625 0.046875
0 0.3921875 0.865625 0.0296875 0.04375
0 0.8015625 0.7796875 0.025 0.0421875
0 0.7046875 0.865625 0.025 0.03828125
0 0.9671875 0.2125 0.01640625 0.02890625
0 0.2796875 0.67578125 0.02265625 0.03671875
0 0.2046875 0.9078125 0.028125 0.046875
0 0.1140625 0.765625 0.021875 0.03515625
0 0.7921875 0.1984375 0.015625 0.03046875
0 0.79765625 0.62109375 0.021875 0.040625
0 0.91484375 0.1015625 0.01484375 0.025
0 0.13359375 0.46015625 0.01953125 0.03359375
0 0.534375 0.1125 0.01484375 0.0234375
0 0.440625 0.9421875 0.0265625 0.0453125
0 0.61875 0.88125 0.0265625 0.04375
0 0.721875 0.64140625 0.02421875 0.03828125
0 0.63984375 0.59609375 0.0203125 0.03515625
0 0.7671875 0.93203125 0.0296875 0.0453125
0 0.6015625 0.82890625 0.02734375 0.046875
0 0.1375 0.91015625 0.0234375 0.0421875
0 0.7421875 0.528125 0.0171875 0.025
0 0.046875 0.88671875 0.0234375 0.03984375
0 0.9640625 0.97421875 0.03203125 0.0484375
0 0.0921875 0.41328125 0.01953125 0.03046875
0 0.22265625 0.81171875 0.025 0.0421875
0 0.34453125 0.9453125 0.0265625 0.0421875
0 0.659375 0.69375 0.02421875 0.03828125
0 0.36328125 0.75078125 0.0234375 0.03828125
0 0.81328125 0.16953125 0.01953125 0.03203125
0 0.025 0.94609375 0.0296875 0.05
0 0.1828125 0.825 0.02265625 0.0421875
0 0.94453125 0.190625 0.0171875 0.02890625
0 0.934375 0.0734375 0.01484375 0.0265625
0 0.8375 0.60546875 0.0234375 0.03984375
0 0.09375 0.0078125 0.015625 0.015625
0 0.5484375 0.29765625 0.01953125 0.03046875
0 0.878125 0.11953125 0.01484375 0.025
0 0.990625 0.85703125 0.0171875 0.0421875
0 0.390625 0.73671875 0.0234375 0.03203125
0 0.740625 0.615625 0.01953125 0.03046875
0 0.64921875 0.81171875 0.0265625 0.0421875
0 0.2765625 0.63359375 0.021875 0.03203125
0 0.4703125 0.7296875 0.0234375 0.03671875
0 0.75078125 0.12265625 0.0171875 0.03203125
0 0.68046875 0.11953125 0.01484375 0.025
0 0.790625 0.5765625 0.021875 0.03515625
0 0.459375 0.67265625 0.0203125 0.03984375
0 0.62578125 0.06640625 0.0140625 0.021875
0 0.7890625 0.15859375 0.0171875 0.03046875
0 0.72265625 0.72265625 0.025 0.03671875
0 0.59609375 0.64140625 0.0203125 0.03203125
0 0.946875 0.6453125 0.02421875 0.0421875
0 0.59765625 0.15625 0.015625 0.025
0 0.2578125 0.05234375 0.015625 0.025
0 0.1703125 0.7859375 0.021875 0.03515625
0 0.38125 0.68046875 0.02265625 0.03671875
0 0.41875 0.4890625 0.0171875 0.03203125
0 0.5203125 0.946875 0.02734375 0.0421875
0 0.20390625 0.06015625 0.015625 0.0265625
0 0.9875 0.71953125 0.0234375 0.03671875
0 0.75859375 0.02890625 0.0140625 0.025
0 0.26484375 0.7328125 0.0234375 0.03984375
0 0.54609375 0.91015625 0.0265625 0.0421875
0 0.79609375 0.02890625 0.0140625 0.021875
0 0.14453125 0.61953125 0.0171875 0.03203125
0 0.2140625 0.6046875 0.021875 0.03515625
0 0.86171875 0.41875 0.0203125 0.03515625
0 0.621875 0.65234375 0.0171875 0.03359375
0 0.8921875 0.62578125 0.0234375 0.03359375
0 0.2265625 0.1015625 0.015625 0.028125
0 0.1640625 0.5140625 0.015625 0.03203125
0 0.3390625 0.11640625 0.01484375 0.025
0 0.23671875 0.53125 0.01875 0.03203125
0 0.50625 0.821875 0.0265625 0.03984375
0 0.57890625 0.06953125 0.015625 0.025
0 0.91875 0.13359375 0.015625 0.025
0 0.09765625 0.1484375 0.015625 0.028125
0 0.95234375 0.159375 0.01640625 0.0265625
0 0.0609375 0.63359375 0.02265625 0.03515625
0 0.1546875 0.9828125 0.02734375 0.03203125
0 0.41875 0.025 0.01484375 0.0234375
0 0.07734375 0.8046875 0.021875 0.03984375
0 0.7796875 0.53828125 0.01640625 0.028125
0 0.73828125 0.8296875 0.0234375 0.03671875
0 0.4046875 0.92890625 0.028125 0.0484375
0 0.0578125 0.2015625 0.015625 0.025
0 0.6765625 0.09453125 0.0140625 0.025
0 0.471875 0.62734375 0.02265625 0.03359375
0 0.45546875 0.428125 0.01875 0.03046875
0 0.12890625 0.66171875 0.0234375 0.03828125
0 0.4171875 0.08515625 0.015625 0.0265625
0 0.44140625 0.2046875 0.0171875 0.02890625
0 0.92109375 0.1765625 0.0171875 0.028125
0 0.30078125 0.0921875 0.015625 0.0234375
0 0.246875 0.65546875 0.02421875 0.03671875
0 0.5140625 0.6484375 0.021875 0.02890625
0 0.6546875 0.16953125 0.015625 0.02890625
0 0.075 0.5765625 0.01953125 0.03515625
0 0.66796875 0.034375 0.0140625 0.025
0 0.13203125 0.3265625 0.0171875 0.02890625
0 0.0671875 0.45625 0.0171875 0.03359375
0 0.07734375 0.11640625 0.015625 0.028125
0 0.14375 0.37578125 0.0171875 0.028125
0 0.36484375 0.16875 0.01484375 0.025
0 0.43671875 0.77265625 0.02421875 0.03984375
0 0.415625 0.1578125 0.0140625 0.0234375
0 0.65546875 0.1125 0.01484375 0.0234375
0 0.39609375 0.609375 0.01875 0.03203125
0 0.19453125 0.4921875 0.01953125 0.02890625
0 0.6046875 0.0671875 0.015625 0.0234375
0 0.128125 0.090625 0.01484375 0.0265625
0 0.4484375 0.17265625 0.01484375 0.0265625
0 0.13359375 0.83671875 0.025 0.0453125
0 0.421875 0.11953125 0.015625 0.025
0 0.26484375 0.15859375 0.0140625 0.025
0 0.1453125 0.215625 0.015625 0.025
0 0.85625 0.77578125 0.025 0.03828125
0 0.57265625 0.68359375 0.0203125 0.03828125
0 0.2515625 0.1765625 0.01484375 0.025
0 0.65859375 0.66171875 0.0203125 0.0265625
0 0.23125 0.49296875 0.015625 0.025
0 0.034375 0.446875 0.0203125 0.03203125
0 0.68046875 0.05625 0.01484375 0.025
0 0.66875 0.95234375 0.0296875 0.05390625
0 0.59609375 0.7859375 0.02421875 0.03828125
0 0.63125 0.503125 0.01953125 0.028125
0 0.15703125 0.16953125 0.015625 0.0265625
0 0.7265625 0.94921875 0.0234375 0.0421875
0 0.24296875 0.1234375 0.01484375 0.025
0 0.11484375 0.5875 0.0203125 0.03046875
0 0.28203125 0.184375 0.01484375 0.0234375
0 0.3109375 0.61640625 0.0203125 0.03828125
0 0.5765625 0.1578125 0.01484375 0.0265625
0 0.321875 0.6796875 0.021875 0.03515625
0 0.0265625 0.18046875 0.01484375 0.0234375
0 0.04453125 0.15546875 0.01484375 0.0265625
0 0.10234375 0.0921875 0.01484375 0.0265625
0 0.5296875 0.0140625 0.01484375 0.025
0 0.3953125 0.04140625 0.01484375 0.025
0 0.046875 0.528125 0.01953125 0.03046875
0 0.17265625 0.16640625 0.015625 0.025
0 0.89296875 0.7796875 0.02421875 0.03984375
0 0.77421875 0.6375 0.02265625 0.0421875
0 0.06796875 0.36484375 0.01484375 0.02890625
0 0.1453125 0.13359375 0.0140625 0.025
0 0.5078125 0.14453125 0.015625 0.025
0 0.93828125 0.1125 0.015625 0.02890625
0 0.04375 0.3578125 0.01640625 0.03046875
0 0.6375 0.14765625 0.01484375 0.0265625
0 0.51484375 0.4640625 0.01953125 0.03203125
0 0.509375 0.56640625 0.01953125 0.02890625
0 0.06640625 0.26171875 0.015625 0.025
0 0.89921875 0.66640625 0.02421875 0.03828125
0 0.18515625 0.25078125 0.01640625 0.028125
0 0.390625 0.46015625 0.01953125 0.03046875
0 0.64296875 0.55546875 0.0203125 0.03046875
0 0.5578125 0.15625 0.015625 0.025
0 0.4921875 0.0234375 0.015625 0.0234375
0 0.546875 0.13359375 0.0140625 0.021875
0 0.0296875 0.80390625 0.025 0.03515625
0 0.8921875 0.5921875 0.021875 0.03046875
0 0.275 0.13125 0.0125 0.025
0 0.26171875 0.55546875 0.0234375 0.03984375
0 0.0234375 0.06328125 0.015625 0.0265625
0 0.12890625 0.55625 0.01953125 0.03203125
0 0.59765625 0.7265625 0.021875 0.03984375
0 0.4984375 0.084375 0.01484375 0.025
0 0.4078125 0.52421875 0.0203125 0.03515625
0 0.23125 0.31875 0.01640625 0.028125
0 0.128125 0.49453125 0.0203125 0.03203125
0 0.340625 0.746875 0.02421875 0.040625
0 0.1546875 0.43984375 0.01953125 0.03359375
0 0.20546875 0.25859375 0.01484375 0.025
0 0.48671875 0.54921875 0.02265625 0.03515625
0 0.040625 0.01640625 0.0140625 0.0234375
0 0.3046875 0.87265625 0.02734375 0.046875
0 0.56953125 0.109375 0.0140625 0.021875
0 0.51015625 0.68359375 0.0203125 0.03203125
0 0.01015625 0.54921875 0.0203125 0.03203125
0 0.09765625 0.71171875 0.021875 0.03515625
0 0.5546875 0.0078125 0.015625 0.015625
0 0.7640625 0.54921875 0.015625 0.02890625
0 0.225 0.76484375 0.0265625 0.0421875
0 0.15703125 0.246875 0.01640625 0.028125
0 0.9046875 0.55625 0.0203125 0.03203125
0 0.20234375 0.025 0.01484375 0.0234375
0 0.10234375 0.540625 0.01953125 0.03046875
0 0.8328125 0.02734375 0.0140625 0.025
0 0.3453125 0.8828125 0.02734375 0.04375
0 0.27578125 0.24453125 0.01484375 0.0234375
0 0.746875 0.77578125 0.0234375 0.03828125
0 0.33046875 0.71171875 0.02265625 0.03515625
0 0.08046875 0.47890625 0.01875 0.03203125
0 0.13984375 0.27578125 0.0171875 0.028125
0 0.878125 0.0921875 0.01484375 0.0265625
0 0.28359375 0.796875 0.01875 0.03203125
0 0.59765625 0.55625 0.0171875 0.02890625
0 0.42421875 0.68671875 0.0203125 0.03828125
0 0.471875 0.090625 0.01484375 0.0234375
0 0.1859375 0.1875 0.015625 0.0234375
0 0.37890625 0.21171875 0.015625 0.025
0 0.36953125 0.00625 0.0140625 0.0125
0 0.37734375 0.0953125 0.01484375 0.0234375
0 0.88203125 0.71875 0.02265625 0.03515625
0 0.9671875 0.771875 0.0296875 0.046875
0 0.1546875 0.47734375 0.01953125 0.03203125
0 0.346875 0.58828125 0.02265625 0.03203125
0 0.9859375 0.6625 0.025 0.03984375
0 0.6890625 0.60234375 0.0171875 0.03046875
0 0.59296875 0.4890625 0.0171875 0.03203125
0 0.190625 0.01015625 0.01484375 0.0203125
0 0.5296875 0.43203125 0.0171875 0.02890625
0 0.12734375 0.0140625 0.01484375 0.025
0 0.271875 0.38984375 0.01875 0.02890625
0 0.234375 0.290625 0.015625 0.025
0 0.5796875 0.00625 0.015625 0.0125
0 0.09453125 0.23359375 0.015625 0.028125
0 0.08203125 0.51953125 0.0171875 0.0265625
0 0.16875 0.65859375 0.01953125 0.03203125
0 0.0203125 0.2078125 0.015625 0.0265625
0 0.61171875 0.15859375 0.01484375 0.021875
0 0.2046875 0.3265625 0.0171875 0.02890625
0 0.1921875 0.1234375 0.01484375 0.025
0 0.54609375 0.63046875 0.01875 0.03046875
0 0.25703125 0.26484375 0.01484375 0.0265625
0 0.40390625 0.00625 0.0140625 0.0125
0 0.4328125 0.240625 0.015625 0.025
0 0.53671875 0.065625 0.01484375 0.0234375
0 0.3296875 0.8109375 0.0234375 0.03828125
0 0.29296875 0.475 0.01953125 0.028125
0 0.21171875 0.3609375 0.01640625 0.025
0 0.7234375 0.57109375 0.021875 0.03515625
0 0.1796875 0.36796875 0.015625 0.025
0 0.2953125 0.52421875 0.0171875 0.03515625
0 0.846875 0.6671875 0.02265625 0.03359375
0 0.3234375 0.13046875 0.015625 0.0265625
0 0.03828125 0.7015625 0.02734375 0.03515625
0 0.51484375 0.16875 0.015625 0.025
0 0.03671875 0.22890625 0.01484375 0.025
0 0.93046875 0.69453125 0.02265625 0.03984375
0 0.11484375 0.0640625 0.01640625 0.025
0 0.01953125 0.5765625 0.021875 0.03203125
0 0.08515625 0.08828125 0.01484375 0.025
0 0.10078125 0.1984375 0.01484375 0.025
0 0.01796875 0.33984375 0.01640625 0.02890625
0 0.8421875 0.171875 0.0203125 0.03046875
0 0.178125 0.29375 0.01875 0.025
0 0.2640625 0.09921875 0.015625 0.025
0 0.35 0.6203125 0.01953125 0.03359375
0 0.07109375 0.15546875 0.0140625 0.0265625
0 0.0765625 0.29765625 0.015625 0.028125
0 0.18046875 0.3296875 0.01640625 0.02890625
0 0.4359375 0.58125 0.01953125 0.03515625
0 0.6375 0.6765625 0.01953125 0.03203125
0 0.15703125 0.08125 0.015625 0.025
0 0.11953125 0.20390625 0.01484375 0.025
0 0.0578125 0.28984375 0.015625 0.0265625
0 0.2921875 0.7234375 0.021875 0.03203125
0 0.00703125 0.07734375 0.0140625 0.0265625
0 0.7421875 0.9875 0.025 0.021875
0 0.7828125 0.70546875 0.02734375 0.040625
0 0.371875 0.565625 0.0171875 0.03046875
0 0.48125 0.29765625 0.01875 0.03046875
0 0.7484375 0.56015625 0.0171875 0.025
0 0.3703125 0.503125 0.01953125 0.03046875
0 0.2359375 0.221875 0.01484375 0.025
0 0.59453125 0.24453125 0.01640625 0.02890625
0 0.35078125 0.53203125 0.0171875 0.03046875
0 0.8265625 0.05234375 0.015625 0.0265625
0 0.66015625 0.0640625 0.0140625 0.021875
0 0.571875 0.63359375 0.021875 0.03359375
0 0.47421875 0.79375 0.0203125 0.03828125
0 0.0046875 0.4953125 0.00859375 0.028125
0 0.32890625 0.165625 0.015625 0.0234375
0 0.05234375 0.3921875 0.01875 0.03203125
0 0.2125 0.39296875 0.01875 0.03046875
0 0.56875 0.4390625 0.0203125 0.03203125
0 0.0296875 0.26875 0.015625 0.025
0 0.4828125 0.35703125 0.01484375 0.0234375
0 0.2703125 0.50625 0.021875 0.03828125
0 0.0125 0.4328125 0.0203125 0.03046875
0 0.36875 0.446875 0.01484375 0.02890625
0 0.0296875 0.30078125 0.0171875 0.028125
0 0.2953125 0.35 0.01484375 0.0265625
0 0.0984375 0.3609375 0.0171875 0.028125
0 0.9265625 0.74296875 0.02734375 0.0453125