0 0.72265625 0.15703125 0.02734375 0.04296875
0 0.5296875 0.4484375 0.03203125 0.05078125
0 0.72265625 0.40703125 0.0328125 0.05078125
0 0.31640625 0.1984375 0.025 0.04296875
0 0.5328125 0.0953125 0.02265625 0.0390625
0 0.628125 0.31015625 0.03046875 0.046875
0 0.58359375 0.12421875 0.0265625 0.0375
0 0.35625 0.02265625 0.0203125 0.0296875
0 0.31640625 0.03125 0.01953125 0.03125
0 0.29765625 0.32265625 0.03046875 0.04921875
0 0.5859375 0.2453125 0.0296875 0.0484375
0 0.80859375 0.36640625 0.0390625 0.053125
0 0.48125 0.10546875 0.02265625 0.0390625
0 0.803125 0.53203125 0.04296875 0.0640625
0 0.78828125 0.2046875 0.028125 0.0453125
0 0.44375 0.16640625 0.0265625 0.04453125
0 0.46796875 0.15 0.0234375 0.0390625
0 0.221875 0.3125 0.034375 0.0546875
0 0.6671875 0.25625 0.03046875 0.04453125
0 0.26328125 0.1875 0.0265625 0.04140625
0 0.36015625 0.22890625 0.0296875 0.04453125
0 0.3421875 0.06796875 0.0203125 0.03125
0 0.728125 0.59453125 0.040625 0.06875
0 0.9296875 0.36875 0.040625 0.0625
0 0.4640625 0.2875 0.03046875 0.05078125
0 0.30546875 0.09765625 0.02265625 0.03671875
0 0.60234375 0.17578125 0.0265625 0.0390625
0 0.53203125 0.1859375 0.028125 0.04140625
0 0.4125 0.30625 0.034375 0.04921875
0 0.61875 0.07890625 0.02421875 0.03515625
0 0.34453125 0.11796875 0.02265625 0.0375
0 0.378125 0.0546875 0.02265625 0.03671875
0 0.290625 0.03671875 0.01953125 0.03125
0 0.8640625 0.0375 0.01953125 0.0296875
0 0.278125 0.06875 0.0171875 0.0328125
0 0.8921875 0.02421875 0.01953125 0.0296875
0 0.04609375 0.02578125 0.01875 0.02578125
0 0.15703125 0.38671875 0.0390625 0.05703125
0 0.39296875 0.13515625 0.02265625 0.04453125
0 0.69765625 0.07265625 0.0203125 0.03359375
0 0.28515625 0.46640625 0.046875 0.06484375
0 0.31875 0.1375 0.02421875 0.0375
0 0.7234375 0.01640625 0.0171875 0.0296875
0 0.49296875 0.17890625 0.03046875 0.040625
0 0.15 0.04140625 0.0171875 0.02890625
0 0.63671875 0.01875 0.01953125 0.0328125
0 0.84453125 0.2171875 0.0328125 0.0453125
0 0.91875 0.0109375 0.0203125 0.021875
0 0.4328125 0.0953125 0.0234375 0.02890625
0 0.10625 0.3875 0.0328125 0.0484375
0 0.3375 0.1640625 0.02734375 0.04453125
0 0.81875 0.04765625 0.02265625 0.0296875
0 0.7640625 0.00546875 0.021875 0.01015625
0 0.4203125 0.1484375 0.0234375 0.0390625
0 0.821875 0.00625 0.01875 0.0125
0 0.5796875 0.41328125 0.03125 0.0484375
0 0.9609375 0.00625 0.01953125 0.01171875
0 0.03203125 0.3453125 0.03203125 0.03359375
0 0.36484375 0.11875 0.0203125 0.0296875
0 0.965625 0.075 0.01875 0.025