0 0.25390625 0.65078125 0.015625 0.0265625
0 0.26328125 0.73046875 0.01796875 0.03203125
0 0.1609375 0.90703125 0.021875 0.0375
0 0.67734375 0.51875 0.0140625 0.01875
0 0.95703125 0.5984375 0.01796875 0.0296875
0 0.790625 0.70234375 0.01796875 0.0296875
0 0.5203125 0.73828125 0.02421875 0.0375
0 0.63984375 0.734375 0.02421875 0.0296875
0 0.43125 0.54296875 0.0140625 0.01875
0 0.2078125 0.70234375 0.015625 0.0296875
0 0.17890625 0.73828125 0.01796875 0.03203125
0 0.7953125 0.6546875 0.01796875 0.0296875
0 0.28125 0.8265625 0.021875 0.0375
0 0.521875 0.80234375 0.0203125 0.0375
0 0.2828125 0.70703125 0.01796875 0.0265625
0 0.06875 0.65078125 0.01796875 0.0265625
0 0.29375 0.67890625 0.015625 0.0296875
0 0.4609375 0.9703125 0.02578125 0.04296875
0 0.328125 0.7984375 0.02421875 0.034375
0 0.4640625 0.80703125 0.02421875 0.03984375
0 0.15625 0.6265625 0.015625 0.0265625
0 0.37421875 0.9265625 0.028125 0.03984375
0 0.4140625 0.61484375 0.015625 0.02421875
0 0.409375 0.7984375 0.01796875 0.0296875
0 0.83203125 0.71484375 0.0203125 0.0265625
0 0.19375 0.61875 0.015625 0.0265625
0 0.23125 0.790625 0.01796875 0.034375
0 0.30390625 0.64296875 0.015625 0.0265625
0 0.32578125 0.9546875 0.028125 0.04296875
0 0.690625 0.60234375 0.0140625 0.0265625
0 0.490625 0.61875 0.01796875 0.0265625
0 0.35390625 0.65078125 0.015625 0.0265625
0 0.27890625 0.55859375 0.0140625 0.01875
0 0.4203125 0.6625 0.015625 0.0296875
0 0.42734375 0.790625 0.01796875 0.034375
0 0.73984375 0.70703125 0.0203125 0.0265625
0 0.246875 0.70703125 0.01796875 0.0265625
0 0.11875 0.8828125 0.021875 0.0375
0 0.646875 0.77890625 0.01796875 0.03203125
0 0.35390625 0.5703125 0.015625 0.02109375
0 0.0953125 0.60703125 0.01796875 0.02421875
0 0.49765625 0.81484375 0.0203125 0.034375
0 0.0140625 0.68671875 0.0203125 0.0296875
0 0.71171875 0.69453125 0.0203125 0.0296875
0 0.44609375 0.70703125 0.0203125 0.0265625
0 0.57265625 0.93828125 0.02578125 0.0375
0 0.21484375 0.93828125 0.02578125 0.0375
0 0.3359375 0.65078125 0.015625 0.0265625
0 0.234375 0.646875 0.0203125 0.02421875
0 0.33515625 0.53046875 0.0140625 0.02109375
0 0.57265625 0.63046875 0.01796875 0.0296875
0 0.815625 0.646875 0.015625 0.0296875
0 0.7421875 0.634375 0.015625 0.0265625
0 0.21015625 0.76640625 0.015625 0.0296875
0 0.6 0.86640625 0.028125 0.0375
0 0.02890625 0.86640625 0.021875 0.0265625
0 0.3453125 0.61875 0.01796875 0.0265625
0 0.553125 0.58671875 0.0140625 0.0265625
0 0.16328125 0.77890625 0.021875 0.0375
0 0.6171875 0.6984375 0.021875 0.03203125
0 0.62265625 0.63828125 0.01796875 0.02421875
0 0.278125 0.96640625 0.02421875 0.0453125
0 0.6109375 0.65859375 0.01796875 0.0265625
0 0.315625 0.67734375 0.0203125 0.03203125
0 0.2078125 0.59453125 0.015625 0.0265625
0 0.76484375 0.590625 0.0140625 0.02421875
0 0.3578125 0.6828125 0.0203125 0.03203125
0 0.5203125 0.634375 0.015625 0.0265625
0 0.31484375 0.75859375 0.021875 0.034375
0 0.684375 0.7703125 0.0203125 0.03203125
0 0.74296875 0.66640625 0.0140625 0.0265625
0 0.0890625 0.76015625 0.021875 0.03203125
0 0.01328125 0.9828125 0.02578125 0.0296875
0 0.953125 0.72265625 0.01796875 0.0375
0 0.16796875 0.690625 0.0203125 0.03203125
0 0.50234375 0.8625 0.02421875 0.03984375
0 0.0140625 0.728125 0.0203125 0.03203125
0 0.09296875 0.84296875 0.021875 0.0375
0 0.0296875 0.90234375 0.0203125 0.034375
0 0.76875 0.55078125 0.0140625 0.02421875
0 0.25703125 0.834375 0.021875 0.0375
0 0.7328125 0.590625 0.0140625 0.0296875
0 0.7703125 0.79453125 0.02421875 0.0375
0 0.7890625 0.51484375 0.0140625 0.02109375
0 0.16484375 0.98125 0.02578125 0.03203125
0 0.603125 0.8109375 0.021875 0.0375
0 0.55234375 0.62265625 0.015625 0.02421875
0 0.0796875 0.62265625 0.0203125 0.02421875
0 0.459375 0.675 0.01796875 0.0265625
0 0.5046875 0.95859375 0.02578125 0.03984375
0 0.84296875 0.50703125 0.0140625 0.02109375
0 0.57734375 0.6703125 0.01796875 0.02421875
0 0.17890625 0.5984375 0.0140625 0.02421875
0 0.79296875 0.5828125 0.0140625 0.02421875
0 0.1828125 0.8265625 0.021875 0.03203125
0 0.640625 0.6828125 0.0140625 0.0265625
0 0.65078125 0.6546875 0.01796875 0.02421875
0 0.840625 0.62265625 0.01796875 0.02421875
0 0.30078125 0.73046875 0.021875 0.03203125
0 0.4640625 0.5984375 0.015625 0.02421875
0 0.8390625 0.7625 0.021875 0.0375
0 0.55703125 0.8109375 0.021875 0.0375
0 0.7828125 0.47890625 0.0140625 0.01875
0 0.04296875 0.675 0.01796875 0.0265625
0 0.62578125 0.9546875 0.02421875 0.04296875
0 0.06015625 0.56640625 0.015625 0.02421875
0 0.15703125 0.72265625 0.01796875 0.03203125
0 0.57734375 0.59296875 0.01796875 0.02421875
0 0.246875 0.73828125 0.01796875 0.0265625
0 0.925 0.66640625 0.01796875 0.0265625
0 0.5453125 0.5625 0.01796875 0.02109375
0 0.896875 0.65859375 0.01796875 0.0265625
0 0.3703125 0.7734375 0.0203125 0.03203125
0 0.953125 0.5703125 0.01796875 0.02109375
0 0.47734375 0.75078125 0.021875 0.034375
0 0.32265625 0.60234375 0.0140625 0.02109375
0 0.9390625 0.590625 0.01796875 0.02421875
0 0.71171875 0.775 0.0203125 0.0296875
0 0.79296875 0.5546875 0.0140625 0.02109375
0 0.60078125 0.58671875 0.01796875 0.0265625
0 0.66796875 0.590625 0.01171875 0.02421875
0 0.59375 0.76640625 0.02421875 0.034375
0 0.484375 0.7109375 0.015625 0.0296875
0 0.20625 0.890625 0.02421875 0.0375
0 0.8890625 0.51484375 0.0140625 0.02109375
0 0.27890625 0.51484375 0.0140625 0.02109375
0 0.9890625 0.66640625 0.01796875 0.0265625
0 0.24296875 0.98671875 0.02578125 0.02109375
0 0.2078125 0.64296875 0.015625 0.0265625
0 0.65 0.92265625 0.02421875 0.04296875
0 0.67890625 0.6828125 0.01796875 0.0265625
0 0.653125 0.56171875 0.0140625 0.02421875
0 0.240625 0.51875 0.01015625 0.01875
0 0.815625 0.54296875 0.015625 0.02421875
0 0.44921875 0.5796875 0.0140625 0.02421875
0 0.3453125 0.7625 0.01796875 0.0265625
0 0.71875 0.57890625 0.0140625 0.0265625
0 0.88125 0.61875 0.0140625 0.02109375
0 0.04921875 0.734375 0.021875 0.0296875
0 0.0296875 0.5703125 0.01171875 0.02109375
0 0.42265625 0.575 0.0140625 0.02421875
0 0.82734375 0.68125 0.01796875 0.02421875
0 0.04609375 0.80234375 0.02421875 0.03203125
0 0.32890625 0.91484375 0.02578125 0.03203125
0 0.065625 0.93828125 0.02421875 0.0375
0 0.18671875 0.65859375 0.0140625 0.0265625
0 0.5796875 0.6984375 0.015625 0.0265625
0 0.125 0.81484375 0.021875 0.034375
0 0.653125 0.49453125 0.0140625 0.01875
0 0.125 0.7625 0.021875 0.0265625
0 0.01015625 0.8546875 0.0203125 0.034375
0 0.640625 0.6359375 0.0140625 0.02421875
0 0.61328125 0.75078125 0.021875 0.0296875
0 0.25625 0.7921875 0.0203125 0.03203125
0 0.26328125 0.890625 0.021875 0.0375
0 0.57265625 0.746875 0.01796875 0.0375
0 0.51484375 0.51484375 0.0140625 0.02109375
0 0.559375 0.54296875 0.01796875 0.02421875
0 0.328125 0.85078125 0.02421875 0.0375
0 0.39765625 0.934375 0.0203125 0.034375
0 0.48671875 0.5625 0.0140625 0.02109375
0 0.17734375 0.5703125 0.0140625 0.02109375
0 0.60078125 0.634375 0.01796875 0.02109375
0 0.3703125 0.71484375 0.0203125 0.0265625
0 0.01015625 0.82265625 0.0203125 0.0296875
0 0.23671875 0.55859375 0.0140625 0.01875
0 0.09296875 0.49453125 0.0140625 0.01875
0 0.87265625 0.6828125 0.01796875 0.0265625
0 0.21484375 0.51875 0.0140625 0.01875
0 0.12734375 0.634375 0.01796875 0.0265625
0 0.32734375 0.5546875 0.0140625 0.02109375
0 0.90390625 0.59453125 0.015625 0.02109375
0 0.953125 0.675 0.01796875 0.0265625
0 0.14296875 0.5984375 0.0140625 0.02421875
0 0.25390625 0.61484375 0.015625 0.02421875
0 0.3046875 0.590625 0.0140625 0.01875
0 0.8578125 0.55625 0.015625 0.02421875
0 0.06015625 0.6265625 0.015625 0.0265625
0 0.23828125 0.61875 0.015625 0.02109375
0 0.87890625 0.5828125 0.01796875 0.02421875
0 0.6328125 0.575 0.01796875 0.02421875
0 0.37109375 0.60234375 0.0140625 0.02109375
0 0.85703125 0.45859375 0.0140625 0.02109375
0 0.57890625 0.5625 0.0140625 0.02109375
0 0.63828125 0.60234375 0.0203125 0.0265625
0 0.34765625 0.83828125 0.02421875 0.03984375
0 0.22578125 0.73828125 0.0203125 0.0265625
0 0.03984375 0.60234375 0.015625 0.02109375
0 0.228125 0.7109375 0.0203125 0.0296875
0 0.38671875 0.61875 0.0140625 0.0265625
0 0.690625 0.5546875 0.0140625 0.02109375
0 0.08125 0.8109375 0.021875 0.03203125
0 0.125 0.66640625 0.021875 0.03203125
0 0.740625 0.5703125 0.0140625 0.02109375
0 0.8171875 0.51875 0.0140625 0.01328125
0 0.37265625 0.87890625 0.02578125 0.034375
0 0.91796875 0.63828125 0.015625 0.02421875
0 0.51328125 0.70703125 0.01796875 0.0265625
0 0.525 0.54296875 0.0140625 0.01875
0 0.8046875 0.61484375 0.01796875 0.0296875
0 0.4078125 0.50703125 0.01171875 0.02109375
0 0.95078125 0.490625 0.0140625 0.02109375
0 0.8578125 0.64296875 0.015625 0.0265625
0 0.09296875 0.55078125 0.0140625 0.01875
0 0.4953125 0.690625 0.01796875 0.0265625
0 0.953125 0.64921875 0.01796875 0.02421875
0 0.86484375 0.61875 0.01796875 0.0265625
0 0.4046875 0.55078125 0.0140625 0.01875
0 0.93203125 0.490625 0.01171875 0.02109375
0 0.909375 0.7265625 0.021875 0.034375
0 0.596875 0.68671875 0.01796875 0.0296875
0 0.12734375 0.6984375 0.01796875 0.0265625
0 0.15703125 0.55859375 0.0140625 0.01875
0 0.3921875 0.51875 0.01171875 0.01875
0 0.68203125 0.44296875 0.01171875 0.015625
0 0.04296875 0.70234375 0.021875 0.0296875
0 0.5328125 0.51875 0.0140625 0.01875
0 0.66875 0.5546875 0.0140625 0.02109375
0 0.13515625 0.94296875 0.02578125 0.0453125
0 0.82109375 0.59453125 0.0140625 0.02109375
0 0.50625 0.4828125 0.01171875 0.015625
0 0.078125 0.59453125 0.015625 0.02109375
0 0.44609375 0.6546875 0.0203125 0.0296875
0 0.62734375 0.53828125 0.0140625 0.02109375
0 0.021875 0.54296875 0.01171875 0.01875
0 0.7453125 0.546875 0.01796875 0.02109375
0 0.009375 0.646875 0.01796875 0.02421875
0 0.46875 0.46640625 0.0140625 0.015625
0 0.76484375 0.64921875 0.0140625 0.02421875
0 0.51484375 0.60703125 0.0140625 0.01875
0 0.2453125 0.54296875 0.0140625 0.01875
0 0.79296875 0.46640625 0.0140625 0.02109375
0 0.90703125 0.52265625 0.01796875 0.02109375
0 0.65 0.82265625 0.02421875 0.034375
0 0.5453125 0.44296875 0.01015625 0.015625
0 0.1828125 0.50234375 0.01015625 0.01875
0 0.04375 0.5546875 0.015625 0.02109375
0 0.7328125 0.7703125 0.021875 0.0375
0 0.28125 0.61875 0.0140625 0.02109375
0 0.3109375 0.54765625 0.0140625 0.02421875
0 0.67265625 0.7265625 0.021875 0.0296875
0 0.47890625 0.51875 0.0140625 0.01875
0 0.6078125 0.46640625 0.01171875 0.02109375
0 0.7328125 0.50234375 0.0140625 0.01875
0 0.02109375 0.590625 0.0140625 0.02421875
0 0.725 0.63828125 0.01796875 0.0296875
0 0.14296875 0.5546875 0.0140625 0.02109375
0 0.15625 0.46953125 0.01171875 0.015625
0 0.4171875 0.4796875 0.01015625 0.015625
0 0.1671875 0.4546875 0.01015625 0.01328125
0 0.91328125 0.690625 0.021875 0.0265625
0 0.8296875 0.55859375 0.01171875 0.01875
0 0.5828125 0.51484375 0.01015625 0.02109375
0 0.86875 0.77890625 0.01796875 0.0265625
0 0.4 0.675 0.015625 0.0265625
0 0.62109375 0.51875 0.0140625 0.01875
0 0.00703125 0.93828125 0.0140625 0.04296875
0 0.1453125 0.51875 0.01015625 0.01875
0 0.31796875 0.51484375 0.015625 0.02109375
0 0.1046875 0.734375 0.01796875 0.02421875
0 0.35390625 0.50234375 0.01171875 0.01875
0 0.57109375 0.50703125 0.0140625 0.02109375
0 0.36796875 0.51484375 0.01171875 0.02109375
0 0.0828125 0.68125 0.01796875 0.02421875
0 0.22734375 0.50234375 0.01015625 0.01875
0 0.5171875 0.56640625 0.01015625 0.01875
0 0.6890625 0.65078125 0.01796875 0.0265625
0 0.46875 0.49453125 0.0140625 0.01875
0 0.540625 0.4625 0.01015625 0.01328125
0 0.1609375 0.871875 0.021875 0.03203125
0 0.4609375 0.51484375 0.01015625 0.02109375
0 0.390625 0.82265625 0.021875 0.034375
0 0.8953125 0.4625 0.0140625 0.01875
0 0.98515625 0.54765625 0.01796875 0.02421875
0 0.75703125 0.61875 0.0140625 0.0265625
0 0.0546875 0.8546875 0.01796875 0.0296875
0 0.91796875 0.48671875 0.01171875 0.01875
0 0.053125 0.47890625 0.01015625 0.01875
0 0.5890625 0.45078125 0.0140625 0.015625
0 0.9 0.9546875 0.02421875 0.04296875
0 0.96875 0.47890625 0.0140625 0.01875
0 0.10390625 0.5703125 0.015625 0.02109375
0 0.05078125 0.97890625 0.02578125 0.0375
0 0.28125 0.490625 0.01015625 0.015625
0 0.18984375 0.5265625 0.01171875 0.01875
0 0.20078125 0.5546875 0.0140625 0.02109375
0 0.00625 0.51875 0.01171875 0.01875
0 0.0671875 0.52265625 0.0140625 0.02109375
0 0.99375 0.47890625 0.0078125 0.01875
0 0.37421875 0.475 0.0078125 0.015625
0 0.01875 0.4984375 0.0140625 0.02109375
0 0.12578125 0.55859375 0.015625 0.01875
0 0.0640625 0.49609375 0.01171875 0.015625
0 0.97265625 0.58671875 0.0140625 0.0265625
0 0.8453125 0.4796875 0.0140625 0.015625
0 0.30703125 0.61484375 0.0140625 0.01875
0 0.703125 0.51875 0.01015625 0.01875
0 0.20625 0.49453125 0.0078125 0.01875
0 0.0078125 0.4546875 0.01171875 0.01328125
0 0.22265625 0.675 0.0140625 0.0265625