0 0.51796875 0.3109375 0.03984375 0.0625
0 0.53203125 0.43125 0.05390625 0.08046875
0 0.6375 0.2359375 0.0375 0.0546875
0 0.1921875 0.85 0.07109375 0.1
0 0.23984375 0.4296875 0.04375 0.06484375
0 0.7140625 0.18515625 0.03203125 0.05234375
0 0.31015625 0.025 0.01640625 0.025
0 0.31328125 0.0875 0.0234375 0.0375
0 0.94453125 0.23671875 0.0484375 0.07578125
0 0.48125 0.1328125 0.02265625 0.03671875
0 0.409375 0.1140625 0.025 0.040625
0 0.3546875 0.65 0.06640625 0.0921875
0 0.43828125 0.22421875 0.03046875 0.04140625
0 0.12578125 0.1625 0.01953125 0.02890625
0 0.878125 0.81171875 0.075 0.0875
0 0.784375 0.18515625 0.0453125 0.06484375
0 0.9890625 0.10390625 0.0203125 0.05703125
0 0.4015625 0.0390625 0.0234375 0.03671875
0 0.0203125 0.1546875 0.0171875 0.0234375
0 0.0515625 0.13125 0.0171875 0.025
0 0.040625 0.70546875 0.0609375 0.09375
0 0.48359375 0.0484375 0.02421875 0.0390625
0 0.33671875 0.04296875 0.02265625 0.03671875
0 0.71171875 0.26015625 0.0421875 0.06796875
0 0.18359375 0.04375 0.0171875 0.025
0 0.228125 0.00859375 0.015625 0.0171875
0 0.13203125 0.05703125 0.01953125 0.02109375
0 0.86796875 0.00703125 0.028125 0.0140625
0 0.0296875 0.359375 0.03984375 0.0546875
0 0.8875 0.1859375 0.0359375 0.0640625
0 0.871875 0.90546875 0.08671875 0.0953125
0 0.27265625 0.0546875 0.0171875 0.02578125
0 0.29609375 0.46796875 0.0328125 0.05078125
0 0.47734375 0.00625 0.01953125 0.01171875
0 0.103125 0.178125 0.0171875 0.02578125
0 0.11328125 0.1375 0.015625 0.01953125
0 0.12734375 0.0375 0.01875 0.01953125
0 0.2453125 0.02578125 0.015625 0.0234375
0 0.775 0.025 0.02421875 0.03515625
0 0.05 0.1546875 0.0171875 0.02578125
0 0.35390625 0.52890625 0.0203125 0.03671875
0 0.28671875 0.0109375 0.01875 0.021875
0 0.215625 0.03046875 0.0171875 0.025