0 0.31640625 0.2859375 0.0171875 0.025
0 0.8984375 0.67890625 0.053125 0.07421875
0 0.825 0.4640625 0.03203125 0.0484375
0 0.065625 0.3546875 0.02421875 0.0328125
0 0.40546875 0.5640625 0.0359375 0.0546875
0 0.3359375 0.56171875 0.0390625 0.05625
0 0.08671875 0.43203125 0.028125 0.03671875
0 0.178125 0.30625 0.01953125 0.0296875
0 0.4421875 0.5671875 0.034375 0.053125
0 0.025 0.3578125 0.0234375 0.0296875
0 0.16875 0.28046875 0.0203125 0.025
0 0.5984375 0.63671875 0.03515625 0.0546875
0 0.56875 0.18828125 0.0125 0.01953125
0 0.27890625 0.234375 0.01484375 0.01796875
0 0.13984375 0.30078125 0.0171875 0.0234375
0 0.746875 0.61328125 0.04765625 0.06796875
0 0.22109375 0.29921875 0.01875 0.0234375
0 0.46953125 0.421875 0.028125 0.0390625
0 0.03828125 0.3109375 0.0234375 0.02890625
0 0.3671875 0.2296875 0.0140625 0.021875
0 0.23984375 0.2796875 0.01875 0.02578125
0 0.53515625 0.32421875 0.01953125 0.03125
0 0.48359375 0.21796875 0.0125 0.01953125
0 0.57109375 0.2921875 0.01484375 0.021875
0 0.3796875 0.3109375 0.021875 0.0296875
0 0.63125 0.26328125 0.01640625 0.0234375
0 0.54609375 0.20546875 0.0125 0.01796875
0 0.009375 0.43125 0.01875 0.03671875
0 0.1109375 0.30625 0.01953125 0.02734375
0 0.496875 0.31796875 0.01875 0.03125
0 0.346875 0.2375 0.01484375 0.025
0 0.29375 0.24375 0.01484375 0.01953125
0 0.43828125 0.25546875 0.015625 0.0234375
0 0.59453125 0.19140625 0.01171875 0.015625
0 0.571875 0.525 0.028125 0.0484375
0 0.3953125 0.22265625 0.01171875 0.01796875
0 0.94375 0.16875 0.0125 0.0140625
0 0.903125 0.15703125 0.0125 0.0140625
0 0.35625 0.3328125 0.01953125 0.0296875
0 0.375 0.52421875 0.03125 0.0453125
0 0.8796875 0.19375 0.0140625 0.01953125
0 0.6921875 0.16796875 0.009375 0.01328125
0 0.08359375 0.315625 0.0203125 0.021875
0 0.440625 0.225 0.0140625 0.01796875
0 0.31328125 0.25390625 0.0171875 0.0234375
0 0.915625 0.1921875 0.01171875 0.0171875
0 0.46484375 0.23125 0.0140625 0.01953125
0 0.59453125 0.21328125 0.0125 0.02109375
0 0.6046875 0.18125 0.009375 0.01328125
0 0.6484375 0.26875 0.015625 0.025
0 0.65703125 0.18828125 0.01171875 0.0171875
0 0.5203125 0.2140625 0.01171875 0.01953125
0 0.8421875 0.15546875 0.0109375 0.01171875
0 0.5921875 0.32421875 0.01640625 0.0234375
0 0.9921875 0.2453125 0.0140625 0.021875
0 0.85859375 0.15625 0.0109375 0.01328125
0 0.93046875 0.13046875 0.0109375 0.01328125
0 0.26484375 0.2953125 0.01953125 0.02734375
0 0.50390625 0.20703125 0.01171875 0.015625
0 0.80390625 0.146875 0.009375 0.01328125
0 0.47578125 0.31875 0.0171875 0.02578125
0 0.87890625 0.15546875 0.009375 0.01171875
0 0.33203125 0.24765625 0.015625 0.02109375
0 0.6703125 0.16953125 0.009375 0.01328125
0 0.95546875 0.14375 0.0109375 0.0140625
0 0.76796875 0.14375 0.00859375 0.01171875
0 0.75390625 0.14375 0.009375 0.01171875
0 0.51796875 0.29765625 0.01640625 0.021875
0 0.978125 0.14375 0.0109375 0.0140625
0 0.63125 0.18046875 0.0109375 0.0140625
0 0.8921875 0.1515625 0.0109375 0.0140625
0 0.9296875 0.14765625 0.01171875 0.0140625
0 0.48125 0.50625 0.02265625 0.03359375
0 0.73125 0.15546875 0.00859375 0.01171875
0 0.21953125 0.275 0.01640625 0.01953125
0 0.76796875 0.1671875 0.00859375 0.01171875
0 0.7109375 0.16171875 0.009375 0.01328125
0 0.6546875 0.1703125 0.009375 0.01171875
0 0.7671875 0.18125 0.01171875 0.0140625
0 0.30546875 0.5671875 0.0203125 0.02734375
0 0.99453125 0.13125 0.00859375 0.01328125
0 0.29609375 0.2671875 0.01875 0.0234375
0 0.78203125 0.16796875 0.009375 0.01328125
0 0.41875 0.21875 0.01171875 0.01328125
0 0.82734375 0.17421875 0.01171875 0.01796875
0 0.73671875 0.1859375 0.0109375 0.01796875
0 0.74453125 0.16640625 0.00859375 0.01328125
0 0.99453125 0.1546875 0.00859375 0.0171875
0 0.84296875 0.725 0.0484375 0.06015625
0 0.79609375 0.159375 0.0109375 0.0140625
0 0.278125 0.2625 0.01875 0.025
0 0.61796875 0.2171875 0.0125 0.01796875
0 0.0046875 0.36640625 0.00859375 0.0296875
0 0.7546875 0.16640625 0.00859375 0.01328125
0 0.890625 0.1703125 0.01171875 0.0171875
0 0.8671875 0.17578125 0.01171875 0.01796875
0 0.58671875 0.4671875 0.03046875 0.04296875
0 0.8203125 0.20546875 0.0140625 0.01796875
0 0.50078125 0.23203125 0.0125 0.02109375
0 0.2 0.2890625 0.0171875 0.02578125
0 0.70859375 0.175 0.0109375 0.0140625
0 0.4671875 0.2640625 0.015625 0.0234375
0 0.85546875 0.19453125 0.01171875 0.0171875
0 0.61640625 0.18125 0.009375 0.01328125
0 0.975 0.175 0.01171875 0.0140625
0 0.978125 0.196875 0.0125 0.01953125
0 0.60625 0.0546875 0.00859375 0.0078125
0 0.821875 0.1515625 0.0109375 0.0140625
0 0.7875 0.1859375 0.0109375 0.01796875
0 0.9453125 0.24453125 0.0140625 0.02109375
0 0.67734375 0.19453125 0.0125 0.0171875
0 0.9671875 0.15 0.009375 0.0140625
0 0.634375 0.23671875 0.01484375 0.01796875
0 0.65546875 0.0546875 0.00703125 0.0078125
0 0.92109375 0.16796875 0.0109375 0.01796875