0 0.19140625 0.44609375 0.01953125 0.040625
0 0.6453125 0.20625 0.0171875 0.03359375
0 0.56875 0.1671875 0.01640625 0.03203125
0 0.603125 0.45625 0.01953125 0.040625
0 0.29375 0.43125 0.01875 0.03671875
0 0.30625 0.92890625 0.0203125 0.0421875
0 0.67109375 0.12421875 0.01640625 0.03359375
0 0.34609375 0.2515625 0.01484375 0.03359375
0 0.065625 0.6671875 0.01640625 0.03828125
0 0.821875 0.4546875 0.01953125 0.03671875
0 0.4671875 0.1921875 0.01640625 0.03203125
0 0.8046875 0.4265625 0.0171875 0.03359375
0 0.61796875 0.74609375 0.0171875 0.03515625
0 0.91640625 0.82109375 0.0203125 0.0453125
0 0.653125 0.56875 0.0171875 0.04375
0 0.0359375 0.41875 0.0171875 0.03828125
0 0.6296875 0.46484375 0.0171875 0.040625
0 0.45234375 0.88125 0.02265625 0.04375
0 0.10625 0.81484375 0.0203125 0.03828125
0 0.6171875 0.30703125 0.0171875 0.03671875
0 0.290625 0.72109375 0.0203125 0.040625
0 0.96953125 0.7453125 0.02265625 0.040625
0 0.5921875 0.534375 0.01953125 0.03828125
0 0.1 0.7453125 0.02265625 0.040625
0 0.1625 0.76015625 0.0203125 0.03671875
0 0.8203125 0.37578125 0.0171875 0.03359375
0 0.82109375 0.6046875 0.0203125 0.0421875
0 0.6796875 0.36640625 0.0171875 0.03515625
0 0.83515625 0.40859375 0.0171875 0.03515625
0 0.4953125 0.6671875 0.0171875 0.0421875
0 0.51875 0.5421875 0.0171875 0.03359375
0 0.69140625 0.64921875 0.01953125 0.03359375
0 0.94453125 0.434375 0.021875 0.03671875
0 0.8421875 0.87109375 0.0234375 0.04375
0 0.66484375 0.815625 0.0203125 0.04375
0 0.56171875 0.36328125 0.0171875 0.03828125
0 0.9015625 0.7375 0.025 0.0453125
0 0.06328125 0.5640625 0.021875 0.040625
0 0.44453125 0.3390625 0.015625 0.03359375
0 0.12890625 0.31953125 0.0171875 0.03515625
0 0.51875 0.3671875 0.0171875 0.03359375
0 0.15234375 0.01328125 0.0171875 0.0265625
0 0.63046875 0.15859375 0.01875 0.03203125
0 0.73984375 0.58046875 0.01875 0.040625
0 0.44453125 0.78828125 0.01953125 0.04375
0 0.321875 0.58125 0.0171875 0.03828125
0 0.28828125 0.88125 0.01953125 0.04375
0 0.409375 0.40859375 0.01875 0.03515625
0 0.09453125 0.48828125 0.01953125 0.03671875
0 0.88984375 0.35546875 0.01875 0.03671875
0 0.690625 0.48125 0.0203125 0.03671875
0 0.03359375 0.6203125 0.01875 0.0421875
0 0.14296875 0.88515625 0.0203125 0.0421875
0 0.14609375 0.234375 0.01640625 0.03515625
0 0.878125 0.5125 0.0203125 0.03828125
0 0.2515625 0.35390625 0.01640625 0.03671875
0 0.79375 0.0859375 0.0171875 0.03359375
0 0.33359375 0.88359375 0.0203125 0.0421875
0 0.7328125 0.78671875 0.021875 0.04375
0 0.63984375 0.3609375 0.01875 0.03671875
0 0.2328125 0.9171875 0.021875 0.0453125
0 0.25390625 0.615625 0.01953125 0.04375
0 0.403125 0.4484375 0.0203125 0.03828125
0 0.3671875 0.8109375 0.0234375 0.0421875
0 0.3078125 0.23359375 0.0171875 0.03359375
0 0.7671875 0.51875 0.01953125 0.040625
0 0.3546875 0.32890625 0.015625 0.03359375
0 0.03203125 0.77421875 0.01953125 0.0453125
0 0.3015625 0.85078125 0.01953125 0.04375
0 0.50390625 0.5734375 0.01953125 0.04375
0 0.121875 0.6515625 0.0171875 0.03828125
0 0.89765625 0.47890625 0.021875 0.03828125
0 0.5125 0.915625 0.0234375 0.0453125
0 0.028125 0.22265625 0.0171875 0.03515625
0 0.2078125 0.14609375 0.0171875 0.03359375
0 0.853125 0.2421875 0.01875 0.03828125
0 0.45546875 0.4625 0.01640625 0.03828125
0 0.040625 0.36328125 0.01953125 0.03828125
0 0.9046875 0.125 0.0171875 0.03515625
0 0.815625 0.50234375 0.0203125 0.0421875
0 0.73359375 0.70703125 0.02265625 0.03828125
0 0.715625 0.440625 0.01875 0.0421875
0 0.59140625 0.14765625 0.01484375 0.03359375
0 0.76484375 0.66796875 0.01953125 0.04375
0 0.9625 0.69296875 0.02421875 0.040625
0 0.42734375 0.63359375 0.0203125 0.0421875
0 0.7109375 0.3265625 0.0171875 0.03515625
0 0.88046875 0.171875 0.01875 0.03515625
0 0.12890625 0.36640625 0.0171875 0.0421875
0 0.7734375 0.95234375 0.025 0.0421875
0 0.7078125 0.23828125 0.01953125 0.03671875
0 0.5609375 0.8890625 0.025 0.04375
0 0.81484375 0.65703125 0.02421875 0.0421875
0 0.3265625 0.37109375 0.0171875 0.040625
0 0.86484375 0.7859375 0.02421875 0.0453125
0 0.95390625 0.08828125 0.015625 0.03515625
0 0.34453125 0.4359375 0.01953125 0.03359375
0 0.91015625 0.38671875 0.0171875 0.03203125
0 0.70859375 0.53515625 0.02421875 0.04375
0 0.70546875 0.5828125 0.01875 0.03828125
0 0.31171875 0.10859375 0.0171875 0.03515625
0 0.6765625 0.45078125 0.01953125 0.03828125
0 0.35390625 0.92421875 0.0203125 0.04375
0 0.77734375 0.21640625 0.0171875 0.03359375
0 0.5125 0.1203125 0.0171875 0.03515625
0 0.49921875 0.4546875 0.0171875 0.03671875
0 0.98515625 0.7875 0.021875 0.0421875
0 0.23515625 0.19140625 0.0171875 0.03671875
0 0.50625 0.28359375 0.01640625 0.03671875
0 0.10625 0.1140625 0.0171875 0.03359375
0 0.6734375 0.753125 0.021875 0.04375
0 0.9671875 0.8234375 0.021875 0.04375
0 0.971875 0.05234375 0.01640625 0.03046875
0 0.00859375 0.88515625 0.0171875 0.0453125
0 0.16015625 0.5390625 0.0171875 0.03828125
0 0.16484375 0.8015625 0.0203125 0.0421875
0 0.796875 0.70859375 0.021875 0.0421875
0 0.18828125 0.20703125 0.0171875 0.03515625
0 0.534375 0.66640625 0.0203125 0.04375
0 0.2625 0.03515625 0.01875 0.03671875
0 0.3546875 0.71875 0.0171875 0.03515625
0 0.2109375 0.78359375 0.021875 0.040625
0 0.2328125 0.440625 0.015625 0.03828125
0 0.509375 0.86015625 0.0234375 0.0421875
0 0.32734375 0.73046875 0.01953125 0.0453125
0 0.02421875 0.4765625 0.01875 0.04375
0 0.75390625 0.54921875 0.01953125 0.03828125
0 0.37578125 0.8703125 0.021875 0.0421875
0 0.0546875 0.11484375 0.0171875 0.03203125
0 0.98125 0.4328125 0.01875 0.03671875
0 0.8734375 0.384375 0.01875 0.03671875
0 0.29375 0.14296875 0.01640625 0.03359375
0 0.73984375 0.36640625 0.01484375 0.02890625
0 0.89765625 0.2828125 0.01640625 0.03203125
0 0.5234375 0.3109375 0.0171875 0.03515625
0 0.190625 0.36875 0.0171875 0.040625
0 0.1859375 0.55703125 0.01875 0.040625
0 0.759375 0.45078125 0.0171875 0.03828125
0 0.35859375 0.49296875 0.01875 0.040625
0 0.5265625 0.57265625 0.01640625 0.03515625
0 0.80234375 0.8421875 0.02265625 0.04375
0 0.209375 0.04375 0.01875 0.03359375
0 0.49296875 0.1671875 0.01640625 0.03203125
0 0.596875 0.19609375 0.01875 0.03359375
0 0.2140625 0.5078125 0.0203125 0.03515625
0 0.83046875 0.20625 0.01875 0.03671875
0 0.3296875 0.47265625 0.0171875 0.03828125
0 0.21015625 0.88515625 0.021875 0.0421875
0 0.0125 0.6734375 0.01953125 0.0421875
0 0.80625 0.03359375 0.01875 0.03359375
0 0.603125 0.38671875 0.0171875 0.0421875
0 0.53828125 0.95078125 0.025 0.0453125
0 0.6234375 0.6125 0.01875 0.04375
0 0.7390625 0.29609375 0.01953125 0.0421875
0 0.0640625 0.34765625 0.0171875 0.03671875
0 0.0578125 0.75625 0.0171875 0.03828125
0 0.62890625 0.6921875 0.0234375 0.0421875
0 0.696875 0.3875 0.01875 0.03359375
0 0.271875 0.5671875 0.01875 0.03671875
0 0.44140625 0.72265625 0.01953125 0.03515625
0 0.0671875 0.30390625 0.01640625 0.03359375
0 0.41875 0.58671875 0.0203125 0.0421875
0 0.91796875 0.8859375 0.025 0.04375
0 0.85078125 0.34765625 0.01953125 0.03671875
0 0.68515625 0.68828125 0.02265625 0.04375
0 0.78515625 0.36171875 0.0171875 0.03515625
0 0.73359375 0.175 0.0171875 0.03203125
0 0.8140625 0.2546875 0.0171875 0.03671875
0 0.23828125 0.24609375 0.0171875 0.03828125
0 0.57734375 0.8234375 0.02265625 0.046875
0 0.91875 0.3453125 0.0171875 0.03671875
0 0.040625 0.88671875 0.0171875 0.0421875
0 0.00703125 0.6046875 0.0140625 0.03828125
0 0.78046875 0.16796875 0.01875 0.03359375
0 0.1125 0.23828125 0.0171875 0.03671875
0 0.1203125 0.41796875 0.01640625 0.040625
0 0.27109375 0.375 0.01640625 0.03515625
0 0.9359375 0.84921875 0.0234375 0.040625
0 0.13984375 0.59765625 0.0171875 0.040625
0 0.4640625 0.7625 0.01953125 0.03828125
0 0.965625 0.2640625 0.01875 0.03515625
0 0.9359375 0.11015625 0.01640625 0.03203125
0 0.61484375 0.56640625 0.01875 0.03828125
0 0.6375 0.65078125 0.0203125 0.040625
0 0.415625 0.503125 0.01953125 0.05
0 0.08515625 0.03515625 0.0171875 0.03359375
0 0.23125 0.71328125 0.01875 0.040625
0 0.48359375 0.23125 0.01640625 0.03671875
0 0.86796875 0.8484375 0.02265625 0.0421875
0 0.890625 0.40703125 0.0171875 0.03828125
0 0.8015625 0.5421875 0.021875 0.040625
0 0.5859375 0.66953125 0.021875 0.040625
0 0.53359375 0.17109375 0.01875 0.03359375
0 0.8765625 0.02890625 0.0203125 0.03359375
0 0.56640625 0.4484375 0.0171875 0.03515625
0 0.946875 0.25234375 0.01640625 0.03203125
0 0.2796875 0.203125 0.01640625 0.03359375
0 0.56953125 0.2984375 0.0171875 0.03671875
0 0.66015625 0.321875 0.0171875 0.03359375
0 0.3296875 0.325 0.0171875 0.03828125
0 0.26484375 0.25390625 0.01484375 0.0421875
0 0.9125 0.22265625 0.01875 0.03515625
0 0.16875 0.09609375 0.01640625 0.03515625
0 0.69140625 0.878125 0.021875 0.0421875
0 0.52265625 0.76796875 0.021875 0.03828125
0 0.6375 0.58671875 0.015625 0.03203125
0 0.4515625 0.26953125 0.015625 0.03203125
0 0.7515625 0.11328125 0.01640625 0.03203125
0 0.58125 0.71484375 0.0203125 0.040625
0 0.9890625 0.37109375 0.01953125 0.03359375
0 0.5515625 0.5734375 0.0171875 0.040625
0 0.0375 0.69765625 0.01875 0.04375
0 0.009375 0.76640625 0.01875 0.03671875
0 0.5515625 0.2171875 0.01484375 0.03515625
0 0.47109375 0.3765625 0.01875 0.03828125
0 0.55234375 0.28515625 0.01484375 0.03359375
0 0.92734375 0.1921875 0.01640625 0.03203125
0 0.90703125 0.42421875 0.0203125 0.03671875
0 0.9484375 0.17734375 0.0171875 0.03828125
0 0.12890625 0.56640625 0.0171875 0.03515625
0 0.73359375 0.4015625 0.0171875 0.03515625
0 0.7625 0.24921875 0.01875 0.03515625
0 0.5265625 0.22890625 0.015625 0.03515625
0 0.39375 0.784375 0.01953125 0.0421875
0 0.43046875 0.23359375 0.01484375 0.03359375
0 0.60625 0.08828125 0.01640625 0.03203125
0 0.65234375 0.77578125 0.0171875 0.03515625
0 0.340625 0.64375 0.0203125 0.0453125
0 0.178125 0.7296875 0.01484375 0.03671875
0 0.25390625 0.5609375 0.015625 0.03515625
0 0.72109375 0.84296875 0.0203125 0.0421875
0 0.1375 0.28046875 0.01640625 0.03359375
0 0.37421875 0.28203125 0.01875 0.03359375
0 0.22109375 0.5515625 0.01875 0.03828125
0 0.57578125 0.63515625 0.0203125 0.03828125
0 0.07890625 0.37109375 0.015625 0.03359375
0 0.565625 0.11328125 0.01484375 0.02890625
0 0.0359375 0.16796875 0.0171875 0.03671875
0 0.16875 0.9203125 0.0234375 0.0421875
0 0.87578125 0.62890625 0.0203125 0.03671875
0 0.4140625 0.33203125 0.015625 0.03671875
0 0.878125 0.675 0.02265625 0.0453125
0 0.5921875 0.27265625 0.015625 0.03515625
0 0.09765625 0.378125 0.01953125 0.03828125
0 0.2796875 0.3328125 0.01484375 0.03203125
0 0.853125 0.14609375 0.01875 0.040625
0 0.8078125 0.34609375 0.01640625 0.03203125
0 0.634375 0.12734375 0.015625 0.0265625
0 0.95234375 0.36875 0.0203125 0.03671875
0 0.87890625 0.2140625 0.0171875 0.03515625
0 0.04609375 0.4875 0.01875 0.0421875
0 0.228125 0.4796875 0.01640625 0.03671875
0 0.3296875 0.2765625 0.01484375 0.03671875
0 0.70859375 0.91953125 0.02265625 0.040625
0 0.04296875 0.05703125 0.01953125 0.03359375
0 0.87421875 0.09375 0.0171875 0.03359375
0 0.30234375 0.5515625 0.01875 0.03828125
0 0.2515625 0.73828125 0.0203125 0.040625
0 0.05390625 0.7984375 0.021875 0.040625
0 0.40625 0.69453125 0.0171875 0.03671875
0 0.196875 0.2609375 0.01640625 0.03515625
0 0.36484375 0.23515625 0.01640625 0.03359375
0 0.96796875 0.19140625 0.01484375 0.03046875
0 0.39765625 0.19453125 0.01640625 0.03359375
0 0.4046875 0.27578125 0.01484375 0.03203125
0 0.9140625 0.53359375 0.021875 0.04375
0 0.8328125 0.1265625 0.01484375 0.03203125
0 0.3328125 0.7765625 0.021875 0.040625
0 0.45546875 0.50703125 0.01875 0.03359375
0 0.1234375 0.04921875 0.01953125 0.03515625
0 0.85078125 0.00859375 0.021875 0.01640625
0 0.10546875 0.55625 0.0171875 0.03828125
0 0.45234375 0.29921875 0.01640625 0.03515625
0 0.790625 0.315625 0.01875 0.03671875
0 0.415625 0.24921875 0.01484375 0.02890625
0 0.228125 0.86796875 0.01640625 0.03203125
0 0.54765625 0.79296875 0.0203125 0.03828125
0 0.075 0.8375 0.0203125 0.040625
0 0.771875 0.3015625 0.01484375 0.03203125
0 0.25078125 0.43359375 0.01640625 0.0421875
0 0.23984375 0.04296875 0.01640625 0.03515625
0 0.73125 0.11875 0.0171875 0.03046875
0 0.98046875 0.09140625 0.0171875 0.03828125
0 0.940625 0.04453125 0.0203125 0.03203125
0 0.38984375 0.36640625 0.01640625 0.02890625
0 0.06640625 0.5015625 0.015625 0.03359375
0 0.5609375 0.4859375 0.0171875 0.03203125
0 0.075 0.18671875 0.01953125 0.03515625
0 0.2078125 0.6515625 0.01953125 0.0421875
0 0.10625 0.896875 0.02265625 0.0421875
0 0.94609375 0.53046875 0.0171875 0.0265625
0 0.7390625 0.7515625 0.021875 0.03359375
0 0.66328125 0.63515625 0.01953125 0.0421875
0 0.665625 0.26015625 0.015625 0.03359375
0 0.7140625 0.63984375 0.0171875 0.03515625
0 0.0125 0.34140625 0.0203125 0.03828125
0 0.16875 0.4890625 0.0171875 0.03828125
0 0.78828125 0.39609375 0.0171875 0.03046875
0 0.32109375 0.8234375 0.01484375 0.03671875
0 0.3640625 0.76953125 0.0171875 0.03203125