0 0.47578125 0.275 0.025 0.0390625
0 0.32734375 0.31640625 0.0234375 0.03671875
0 0.5609375 0.32890625 0.0296875 0.0453125
0 0.1765625 0.32421875 0.021875 0.03671875
0 0.09375 0.14765625 0.0171875 0.0296875
0 0.584375 0.675 0.0375 0.0640625
0 0.53828125 0.7296875 0.05078125 0.08203125
0 0.196875 0.25 0.0203125 0.03125
0 0.2328125 0.3046875 0.0265625 0.04453125
0 0.3421875 0.1421875 0.015625 0.0234375
0 0.60625 0.07265625 0.01171875 0.015625
0 0.17265625 0.12578125 0.015625 0.025
0 0.15546875 0.05625 0.0140625 0.01796875
0 0.11953125 0.33671875 0.02265625 0.0375
0 0.07890625 0.12265625 0.01484375 0.02109375
0 0.13984375 0.16015625 0.0203125 0.02890625
0 0.12578125 0.11796875 0.015625 0.025
0 0.025 0.2203125 0.02734375 0.03125
0 0.2671875 0.28125 0.021875 0.03125
0 0.18046875 0.175 0.0203125 0.0296875
0 0.37578125 0.16875 0.015625 0.025
0 0.30546875 0.234375 0.025 0.03671875
0 0.07734375 0.19296875 0.0203125 0.03125
0 0.3921875 0.07890625 0.01171875 0.0171875
0 0.14453125 0.225 0.0171875 0.02578125
0 0.56640625 0.084375 0.01171875 0.02109375
0 0.21484375 0.1453125 0.0171875 0.025
0 0.921875 0.775 0.0640625 0.0921875
0 0.30703125 0.1046875 0.01484375 0.01953125
0 0.10078125 0.18671875 0.01953125 0.025
0 0.00390625 0.15546875 0.0078125 0.025
0 0.059375 0.0984375 0.0125 0.021875
0 0.03671875 0.1234375 0.01484375 0.025
0 0.18828125 0.1109375 0.015625 0.0234375
0 0.24140625 0.1046875 0.01484375 0.01953125
0 0.32734375 0.2046875 0.01875 0.02734375
0 0.415625 0.08046875 0.01171875 0.01796875
0 0.278125 0.06328125 0.0140625 0.01953125
0 0.0125 0.13125 0.0140625 0.025
0 0.8796875 0.09453125 0.0140625 0.0140625
0 0.02265625 0.19296875 0.0171875 0.0234375
0 0.528125 0.08203125 0.0125 0.01796875
0 0.0765625 0.08203125 0.015625 0.02109375
0 0.6546875 0.0578125 0.01171875 0.0171875
0 0.4015625 0.18125 0.01953125 0.0296875
0 0.1234375 0.06796875 0.015625 0.0234375
0 0.078125 0.04296875 0.01171875 0.01796875
0 0.06015625 0.28125 0.02265625 0.03671875
0 0.5203125 0.11796875 0.01171875 0.01953125
0 0.65546875 0.14453125 0.0125 0.01796875
0 0.02109375 0.04296875 0.0125 0.01796875
0 0.85625 0.09296875 0.01171875 0.0140625
0 0.271875 0.11328125 0.01484375 0.02109375
0 0.43984375 0.10546875 0.0125 0.01796875
0 0.10625 0.03671875 0.01171875 0.01796875
0 0.2921875 0.00625 0.009375 0.0125
0 0.05390625 0.05625 0.0140625 0.01796875
0 0.30546875 0.06875 0.0140625 0.01953125
0 0.78203125 0.0921875 0.0125 0.0140625
0 0.44296875 0.046875 0.0109375 0.015625
0 0.4296875 0.0671875 0.009375 0.0140625
0 0.634375 0.0796875 0.0109375 0.015625
0 0.21953125 0.0296875 0.01171875 0.01796875
0 0.0703125 0.14921875 0.0171875 0.025
0 0.228125 0.00625 0.0109375 0.01171875
0 0.42734375 0.11875 0.01484375 0.01953125
0 0.228125 0.07421875 0.0140625 0.01796875
0 0.4046875 0.0421875 0.009375 0.0140625
0 0.19375 0.00625 0.01171875 0.01171875
0 0.0875 0.00859375 0.0125 0.0171875
0 0.253125 0.00625 0.0109375 0.01171875
0 0.48125 0.0171875 0.0109375 0.015625
0 0.12734375 0.04296875 0.0125 0.01796875
0 0.12890625 0.00625 0.0140625 0.0125
0 0.33359375 0.0625 0.0125 0.01796875
0 0.7359375 0.10625 0.01171875 0.0171875
0 0.6109375 0.13828125 0.01171875 0.01796875
0 0.378125 0.05390625 0.0109375 0.0171875
0 0.7 0.12421875 0.0140625 0.01953125
0 0.89140625 0.10546875 0.0140625 0.01796875
0 0.940625 0.10390625 0.0140625 0.01796875
0 0.67109375 0.09921875 0.0125 0.01796875
0 0.24140625 0.0296875 0.009375 0.0171875
0 0.221875 0.1140625 0.01640625 0.021875
0 0.16875 0.00546875 0.01171875 0.01015625
0 0.99140625 0.109375 0.01484375 0.02109375
0 0.471875 0.06796875 0.0125 0.01796875
0 0.29296875 0.09765625 0.0140625 0.02109375
0 0.3578125 0.03203125 0.0109375 0.0171875
0 0.36171875 0.10625 0.0125 0.01953125
0 0.18046875 0.00625 0.0109375 0.0125
0 0.2296875 0.0546875 0.0140625 0.01796875
0 0.7171875 0.1046875 0.0125 0.0140625
0 0.4546875 0.0296875 0.0109375 0.01328125
0 0.17109375 0.06796875 0.0125 0.01796875
0 0.78203125 0.13046875 0.0140625 0.01796875
0 0.3328125 0.04296875 0.009375 0.01796875
0 0.37890625 0.0265625 0.009375 0.0140625
0 0.196875 0.0328125 0.01171875 0.01796875
0 0.3421875 0.00546875 0.009375 0.01015625
0 0.065625 0.04921875 0.0125 0.01796875
0 0.153125 0.02578125 0.0125 0.01796875
0 0.34609375 0.06875 0.0125 0.01953125
0 0.7046875 0.0796875 0.0109375 0.0140625
0 0.31640625 0.01953125 0.009375 0.015625
0 0.1921875 0.0671875 0.0140625 0.0171875
0 0.090625 0.04140625 0.0125 0.015625
0 0.92734375 0.128125 0.0125 0.0171875
0 0.38125 0.00625 0.0109375 0.01171875
0 0.00625 0.05 0.01171875 0.01953125
0 0.48125 0.0328125 0.009375 0.015625
0 0.640625 0.05625 0.01171875 0.0171875
0 0.4328125 0.040625 0.00859375 0.0140625
0 0.06875 0.01640625 0.01171875 0.0171875
0 0.00625 0.35 0.0125 0.03671875
0 0.39296875 0.0296875 0.00859375 0.0140625
0 0.71953125 0.0296875 0.01171875 0.0171875
0 0.68359375 0.10078125 0.0140625 0.0171875
0 0.81640625 0.11875 0.0140625 0.021875
0 0.84453125 0.11640625 0.01171875 0.0171875
0 0.315625 0.05078125 0.0109375 0.01796875
0 0.246875 0.0671875 0.0140625 0.0171875
0 0.46796875 0.0484375 0.0109375 0.015625
0 0.23359375 0.13828125 0.0171875 0.02578125
0 0.26875 0.00625 0.009375 0.0125
0 0.403125 0.01953125 0.0109375 0.015625
0 0.50625 0.07265625 0.0109375 0.01796875
0 0.44609375 0.06953125 0.01171875 0.0171875
0 0.2921875 0.07265625 0.0140625 0.01796875
0 0.75390625 0.11953125 0.01171875 0.015625
0 0.98359375 0.13125 0.0140625 0.01796875
0 0.853125 0.13125 0.0125 0.01796875
0 0.26875 0.2515625 0.0203125 0.0234375
0 0.3625 0.0609375 0.01171875 0.0171875
0 0.44375 0.00625 0.0109375 0.01171875
0 0.728125 0.08046875 0.01171875 0.01328125
0 0.4203125 0.00625 0.0109375 0.01171875
0 0.76484375 0.1140625 0.0125 0.0171875
0 0.34453125 0.0265625 0.00859375 0.0171875
0 0.40703125 0.0578125 0.009375 0.0171875
0 0.7578125 0.03125 0.009375 0.01796875
0 0.321875 0.00625 0.0109375 0.01171875
0 0.14296875 0.00625 0.0125 0.01171875
0 0.3609375 0.01171875 0.0109375 0.01328125
0 0.76953125 0.0875 0.0140625 0.01796875
0 0.05546875 0.01875 0.0109375 0.0171875
0 0.9421875 0.12578125 0.0140625 0.0171875
0 0.09453125 0.06015625 0.01171875 0.01796875
0 0.49375 0.0171875 0.0109375 0.0140625
0 0.040625 0.00859375 0.0125 0.0171875
0 0.8359375 0.865625 0.05859375 0.078125
0 0.1375 0.0609375 0.0125 0.02109375