0 0.5140625 0.73125 0.046875 0.0765625
0 0.775 0.878125 0.1140625 0.165625
0 0.4296875 0.525 0.0234375 0.03125
0 0.4125 0.58828125 0.03125 0.04921875
0 0.4578125 0.65 0.0390625 0.0609375
0 0.6171875 0.59375 0.0296875 0.04453125
0 0.659375 0.60390625 0.034375 0.04921875
0 0.58125 0.55625 0.02421875 0.03671875
0 0.92421875 0.6390625 0.04375 0.06015625
0 0.321875 0.525 0.02265625 0.03671875
0 0.35859375 0.72265625 0.04765625 0.06484375
0 0.803125 0.4796875 0.0125 0.01953125
0 0.6796875 0.84375 0.0546875 0.08046875
0 0.25078125 0.5484375 0.02734375 0.0328125
0 0.97265625 0.7140625 0.053125 0.084375
0 0.1421875 0.509375 0.021875 0.0328125
0 0.259375 0.65 0.03984375 0.05078125
0 0.19375 0.63046875 0.0515625 0.06796875
0 0.38125 0.5203125 0.0203125 0.0328125
0 0.00859375 0.49921875 0.0171875 0.0296875
0 0.77265625 0.628125 0.040625 0.05625
0 0.915625 0.50625 0.02421875 0.03671875
0 0.1140625 0.54375 0.025 0.0375
0 0.04609375 0.5375 0.0265625 0.0390625
0 0.221875 0.4953125 0.0171875 0.021875
0 0.95546875 0.5265625 0.02421875 0.03515625
0 0.5296875 0.525 0.0234375 0.03125
0 0.36171875 0.56796875 0.03046875 0.04453125
0 0.78046875 0.4625 0.0125 0.021875
0 0.20234375 0.49140625 0.015625 0.021875
0 0.73203125 0.53203125 0.0203125 0.0328125
0 0.2921875 0.4984375 0.0171875 0.02578125
0 0.72734375 0.48515625 0.0140625 0.01953125
0 0.865625 0.52578125 0.02421875 0.03125
0 0.92109375 0.5875 0.0375 0.04453125
0 0.0828125 0.5109375 0.01953125 0.0296875
0 0.60625 0.5515625 0.0234375 0.0296875
0 0.18203125 0.4921875 0.0203125 0.02578125
0 0.575 0.51875 0.01875 0.02734375
0 0.7140625 0.5125 0.0171875 0.025
0 0.45 0.509375 0.01640625 0.0328125
0 0.75625 0.525 0.01953125 0.03125
0 0.6078125 0.50625 0.0203125 0.02890625
0 0.5734375 0.4921875 0.015625 0.02109375
0 0.64375 0.5609375 0.025 0.03125
0 0.6515625 0.5171875 0.01875 0.02734375
0 0.1140625 0.5109375 0.01953125 0.025
0 0.78203125 0.5375 0.0234375 0.0296875
0 0.890625 0.5109375 0.0234375 0.0328125
0 0.0296875 0.48515625 0.015625 0.01953125
0 0.9890625 0.6015625 0.01953125 0.0546875
0 0.634375 0.4984375 0.01875 0.02578125
0 0.5328125 0.49375 0.01640625 0.0234375
0 0.8203125 0.5140625 0.0171875 0.02734375
0 0.975 0.6484375 0.0359375 0.04140625
0 0.25078125 0.4828125 0.01484375 0.021875
0 0.69765625 0.4734375 0.01484375 0.01953125
0 0.4046875 0.5 0.01484375 0.0234375
0 0.3578125 0.51640625 0.015625 0.025
0 0.63359375 0.69375 0.03828125 0.05703125
0 0.0546875 0.50546875 0.0171875 0.0234375
0 0.71171875 0.54140625 0.02265625 0.02890625
0 0.3421875 0.4671875 0.009375 0.0140625
0 0.159375 0.48046875 0.01484375 0.01796875
0 0.7484375 0.4671875 0.01484375 0.021875
0 0.690625 0.5515625 0.0203125 0.0296875
0 0.86640625 0.4984375 0.0171875 0.0234375
0 0.50859375 0.4796875 0.0140625 0.01953125
0 0.14453125 0.4828125 0.015625 0.01953125
0 0.83515625 0.46875 0.01484375 0.02109375
0 0.3796875 0.49140625 0.0140625 0.0171875
0 0.35703125 0.46796875 0.0109375 0.01171875
0 0.10625 0.4796875 0.0140625 0.01953125
0 0.23359375 0.51640625 0.01640625 0.021875
0 0.0921875 0.93515625 0.11640625 0.12734375
0 0.31875 0.46015625 0.0109375 0.0140625
0 0.27109375 0.50546875 0.01484375 0.0234375
0 0.7625 0.48125 0.01484375 0.025
0 0.85625 0.4625 0.0125 0.0171875
0 0.34453125 0.4953125 0.0140625 0.01953125
0 0.5890625 0.47890625 0.01484375 0.02109375
0 0.20546875 0.46953125 0.0109375 0.0140625
0 0.5578125 0.53125 0.01875 0.0234375
0 0.0859375 0.4828125 0.015625 0.01953125
0 0.684375 0.50390625 0.01484375 0.0234375
0 0.12890625 0.4796875 0.0140625 0.01953125
0 0.2171875 0.46875 0.0109375 0.01328125
0 0.315625 0.4765625 0.0125 0.015625
0 0.26484375 0.4671875 0.0109375 0.0171875
0 0.77890625 0.490625 0.01640625 0.0234375
0 0.46953125 0.48203125 0.01171875 0.015625
0 0.46953125 0.5015625 0.01640625 0.0234375
0 0.61015625 0.48046875 0.015625 0.01796875
0 0.36796875 0.46796875 0.00859375 0.01171875
0 0.0046875 0.475 0.009375 0.01796875
0 0.97578125 0.9140625 0.04609375 0.125
0 0.01875 0.46796875 0.01171875 0.0140625
0 0.3953125 0.4828125 0.01171875 0.0140625
0 0.39140625 0.46875 0.009375 0.01328125
0 0.36484375 0.490625 0.01484375 0.02109375
0 0.046875 0.4828125 0.0140625 0.01953125
0 0.74375 0.5 0.01484375 0.02109375
0 0.23125 0.4671875 0.01171875 0.01328125
0 0.42109375 0.4796875 0.0109375 0.0140625
0 0.2875 0.459375 0.0109375 0.015625
0 0.29375 0.4734375 0.0109375 0.0140625
0 0.4046875 0.46875 0.009375 0.01328125
0 0.50078125 0.53203125 0.01953125 0.02734375
0 0.43125 0.49140625 0.0140625 0.0171875
0 0.07734375 0.45703125 0.01171875 0.015625
0 0.30546875 0.45546875 0.00859375 0.01328125
0 0.04453125 0.4546875 0.0109375 0.0140625
0 0.06328125 0.4859375 0.015625 0.01953125
0 0.38046875 0.4546875 0.00703125 0.01171875
0 0.18203125 0.46875 0.0109375 0.01328125
0 0.4921875 0.49453125 0.01171875 0.01796875
0 0.0609375 0.4359375 0.009375 0.01328125
0 0.80546875 0.5015625 0.01640625 0.0234375
0 0.0046875 0.44375 0.00859375 0.01328125
0 0.05546875 0.46640625 0.0109375 0.015625
0 0.5578125 0.48046875 0.01484375 0.01796875
0 0.45625 0.48125 0.01171875 0.0140625
0 0.2546875 0.45625 0.009375 0.0140625
0 0.44375 0.4796875 0.0109375 0.0140625