0 0.4890625 0.21328125 0.01953125 0.03125
0 0.43046875 0.0953125 0.0140625 0.01796875
0 0.43125 0.2890625 0.0203125 0.03671875
0 0.365625 0.25 0.02421875 0.03671875
0 0.5171875 0.19375 0.0171875 0.0296875
0 0.7640625 0.1359375 0.0171875 0.02734375
0 0.52109375 0.1390625 0.01640625 0.025
0 0.93046875 0.0625 0.0171875 0.02578125
0 0.56953125 0.3390625 0.0296875 0.0484375
0 0.61640625 0.11328125 0.01484375 0.0234375
0 0.540625 0.1671875 0.0171875 0.02734375
0 0.284375 0.24765625 0.02421875 0.03671875
0 0.8734375 0.07421875 0.015625 0.02578125
0 0.403125 0.1984375 0.0203125 0.0328125
0 0.65703125 0.30625 0.02734375 0.0453125
0 0.8109375 0.21875 0.0234375 0.03671875
0 0.571875 0.2015625 0.0203125 0.0328125
0 0.70625 0.33046875 0.03046875 0.04921875
0 0.8359375 0.24375 0.025 0.0390625
0 0.02421875 0.19140625 0.01875 0.0234375
0 0.81328125 0.36796875 0.03828125 0.05625
0 0.93125 0.2125 0.0265625 0.0390625
0 0.54609375 0.1140625 0.01484375 0.021875
0 0.58125 0.54921875 0.05078125 0.0625
0 0.64296875 0.19296875 0.02421875 0.03671875
0 0.17734375 0.3015625 0.028125 0.0375
0 0.678125 0.146875 0.01953125 0.02578125
0 0.6203125 0.23125 0.02265625 0.0375
0 0.5796875 0.271875 0.02734375 0.0390625
0 0.684375 0.4171875 0.03828125 0.05625
0 0.5265625 0.43046875 0.0375 0.05625
0 0.93046875 0.12890625 0.02265625 0.03359375
0 0.415625 0.36015625 0.03046875 0.0453125
0 0.28203125 0.1625 0.01875 0.02578125
0 0.23828125 0.22265625 0.021875 0.0234375
0 0.33984375 0.3890625 0.03125 0.04453125
0 0.69296875 0.1140625 0.01875 0.021875
0 0.7875 0.178125 0.02265625 0.03359375
0 0.56328125 0.13515625 0.0140625 0.0234375
0 0.1453125 0.1078125 0.01171875 0.0171875
0 0.5765625 0.11171875 0.01484375 0.0234375
0 0.446875 0.19375 0.0171875 0.02578125
0 0.9046875 0.14921875 0.0234375 0.0328125
0 0.55234375 0.25703125 0.02421875 0.0375
0 0.71953125 0.0875 0.0171875 0.025
0 0.2703125 0.1140625 0.0140625 0.021875
0 0.40546875 0.5109375 0.04375 0.07421875
0 0.54609375 0.20703125 0.02265625 0.03359375
0 0.196875 0.08046875 0.0125 0.01796875
0 0.3421875 0.0859375 0.01171875 0.01796875
0 0.44375 0.25390625 0.02265625 0.03671875
0 0.35625 0.20546875 0.0171875 0.02578125
0 0.28984375 0.0765625 0.0140625 0.01953125
0 0.7296875 0.2765625 0.02734375 0.040625
0 0.2140625 0.16953125 0.01640625 0.0234375
0 0.8953125 0.26640625 0.03125 0.0484375
0 0.58671875 0.1390625 0.01640625 0.0234375
0 0.4671875 0.2015625 0.021875 0.03359375
0 0.05546875 0.15546875 0.01484375 0.01953125
0 0.41171875 0.1359375 0.01484375 0.021875
0 0.675 0.2578125 0.025 0.03359375
0 0.36484375 0.51953125 0.04375 0.06484375
0 0.05234375 0.1140625 0.0125 0.0171875
0 0.86484375 0.15625 0.02421875 0.03671875
0 0.0265625 0.1390625 0.0140625 0.01796875
0 0.0875 0.171875 0.01484375 0.02109375
0 0.84296875 0.3296875 0.0328125 0.0484375
0 0.259375 0.1 0.0125 0.01953125
0 0.26484375 0.18125 0.01953125 0.02734375
0 0.60078125 0.03828125 0.0140625 0.021875
0 0.2140625 0.09921875 0.0125 0.01796875
0 0.1984375 0.11875 0.015625 0.01953125
0 0.81640625 0.103125 0.0171875 0.025
0 0.01484375 0.096875 0.01171875 0.0140625
0 0.46640625 0.1421875 0.01484375 0.025
0 0.128125 0.0921875 0.0109375 0.01328125
0 0.12734375 0.1171875 0.0125 0.01796875
0 0.615625 0.009375 0.0125 0.01875
0 0.184375 0.09921875 0.0140625 0.01796875
0 0.7921875 0.0296875 0.015625 0.0234375
0 0.94375 0.26171875 0.03046875 0.04921875
0 0.75078125 0.11015625 0.0171875 0.021875
0 0.4921875 0.13671875 0.015625 0.0234375
0 0.26015625 0.1578125 0.01484375 0.02109375
0 0.73359375 0.1921875 0.02265625 0.0296875
0 0.97734375 0.4453125 0.04375 0.09140625
0 0.403125 0.0890625 0.0140625 0.0171875
0 0.69375 0.2 0.02265625 0.0296875
0 0.3953125 0.165625 0.0171875 0.025
0 0.17109375 0.11328125 0.0125 0.01796875
0 0.1546875 0.09375 0.0109375 0.01328125
0 0.390625 0.0765625 0.01171875 0.01796875
0 0.65078125 0.1015625 0.01640625 0.02578125
0 0.1703125 0.15 0.015625 0.01953125
0 0.5640625 0.0296875 0.0140625 0.01796875
0 0.96953125 0.159375 0.0234375 0.0375
0 0.696875 0.1734375 0.0203125 0.025
0 0.66484375 0.00625 0.0140625 0.0125
0 0.68046875 0.22578125 0.02421875 0.0328125
0 0.51484375 0.10546875 0.0140625 0.01796875
0 0.56484375 0.16328125 0.01484375 0.025
0 0.4765625 0.1015625 0.015625 0.02109375
0 0.73125 0.1171875 0.01875 0.0234375
0 0.9890625 0.25 0.01953125 0.0390625
0 0.06875 0.06875 0.0109375 0.01328125
0 0.75390625 0.2375 0.021875 0.0296875
0 0.27109375 0.06796875 0.0125 0.01796875
0 0.99453125 0.16796875 0.00859375 0.03125
0 0.48125 0.825 0.071875 0.1
0 0.040625 0.09375 0.0109375 0.01328125
0 0.446875 0.0734375 0.01171875 0.0171875
0 0.8421875 0.196875 0.01953125 0.0328125
0 0.09453125 0.0953125 0.01171875 0.015625
0 0.00625 0.13046875 0.0109375 0.01796875
0 0.46953125 0.25546875 0.01953125 0.03125
0 0.078125 0.09453125 0.01171875 0.0140625
0 0.09453125 0.08046875 0.0109375 0.01328125
0 0.18828125 0.16953125 0.015625 0.0234375
0 0.0265625 0.084375 0.01171875 0.015625
0 0.43203125 0.17890625 0.01640625 0.025
0 0.4671875 0.071875 0.01171875 0.01953125
0 0.19375 0.3734375 0.0375 0.0484375
0 0.99140625 0.2078125 0.015625 0.0375
0 0.696875 0.08203125 0.0171875 0.02578125
0 0.54375 0.72890625 0.065625 0.1015625
0 0.89140625 0.225 0.0265625 0.0296875
0 0.2359375 0.11328125 0.0140625 0.01796875
0 0.36484375 0.0765625 0.0109375 0.01328125
0 0.15859375 0.06953125 0.0125 0.0140625
0 0.75078125 0.0859375 0.01875 0.0234375
0 0.6703125 0.0296875 0.015625 0.0234375
0 0.3703125 0.109375 0.0140625 0.02109375
0 0.3578125 0.01953125 0.009375 0.015625
0 0.44140625 0.13046875 0.015625 0.02578125
0 0.98125 0.0921875 0.01953125 0.03125
0 0.384375 0.09296875 0.0125 0.01953125
0 0.0984375 0.31015625 0.0328125 0.04140625
0 0.0046875 0.10390625 0.00859375 0.01796875
0 0.4859375 0.2734375 0.0234375 0.03671875
0 0.1453125 0.1890625 0.01953125 0.02578125
0 0.73984375 0.0359375 0.01640625 0.01953125
0 0.521875 0.24375 0.0203125 0.03125
0 0.16953125 0.1953125 0.01484375 0.0234375
0 0.78203125 0.1484375 0.021875 0.02578125
0 0.37578125 0.1546875 0.0171875 0.02109375
0 0.81328125 0.13046875 0.021875 0.03125