0 0.75625 0.04375 0.025 0.0375
0 0.70859375 0.03671875 0.0265625 0.04140625
0 0.66015625 0.0171875 0.0234375 0.034375
0 0.5578125 0.1234375 0.0296875 0.0453125
0 0.19453125 0.6046875 0.05625 0.0921875
0 0.59140625 0.33046875 0.0421875 0.05703125
0 0.28515625 0.0796875 0.02734375 0.04140625
0 0.29375 0.396875 0.0453125 0.07265625
0 0.48359375 0.11640625 0.03203125 0.0453125
0 0.60859375 0.1515625 0.028125 0.04296875
0 0.27109375 0.0171875 0.0296875 0.034375
0 0.47109375 0.00625 0.0234375 0.0125
0 0.49453125 0.65078125 0.01484375 0.0234375
0 0.40703125 0.65546875 0.0171875 0.025
0 0.5125 0.60625 0.03203125 0.0484375
0 0.4671875 0.68203125 0.01484375 0.02109375
0 0.41875 0.6890625 0.0171875 0.0234375
0 0.2515625 0.0796875 0.0203125 0.04296875
0 0.38984375 0.69375 0.0171875 0.02578125