0 0.459375 0.40703125 0.03203125 0.0453125
0 0.26484375 0.3546875 0.02734375 0.04296875
0 0.40703125 0.6 0.03828125 0.06796875
0 0.17265625 0.4625 0.0296875 0.04453125
0 0.37421875 0.2640625 0.02421875 0.03515625
0 0.44140625 0.16015625 0.015625 0.0234375
0 0.28046875 0.23203125 0.0203125 0.03125
0 0.38984375 0.165625 0.01640625 0.025
0 0.959375 0.2203125 0.0265625 0.04140625
0 0.45 0.221875 0.0203125 0.0296875
0 0.6203125 0.25390625 0.021875 0.03359375
0 0.4703125 0.1484375 0.01484375 0.0234375
0 0.9703125 0.6609375 0.0578125 0.08203125
0 0.02421875 0.26875 0.02265625 0.0328125
0 0.66640625 0.2296875 0.0203125 0.0328125
0 0.4953125 0.1984375 0.0203125 0.0296875
0 0.23828125 0.78125 0.0546875 0.08046875
0 0.26640625 0.60625 0.040625 0.0640625
0 0.03203125 0.825 0.0578125 0.0875
0 0.4859375 0.12890625 0.0140625 0.02109375
0 0.9015625 0.40078125 0.03203125 0.046875
0 0.440625 0.11953125 0.0125 0.02109375
0 0.37578125 0.38515625 0.0265625 0.0390625
0 0.49609375 0.1078125 0.0140625 0.0171875
0 0.69453125 0.2109375 0.01953125 0.02890625
0 0.8109375 0.4234375 0.0375 0.0546875
0 0.271875 0.171875 0.01484375 0.0234375
0 0.1578125 0.34453125 0.0296875 0.0453125
0 0.5609375 0.36015625 0.0265625 0.040625
0 0.540625 0.25625 0.01953125 0.03125
0 0.2890625 0.18046875 0.015625 0.025
0 0.1953125 0.63828125 0.046875 0.07578125
0 0.56796875 0.0953125 0.0125 0.01796875
0 0.56328125 0.30078125 0.0203125 0.03125
0 0.09296875 0.19296875 0.0203125 0.03125
0 0.52109375 0.12265625 0.0125 0.02109375
0 0.1484375 0.20625 0.01953125 0.02734375
0 0.66484375 0.15078125 0.01484375 0.0234375
0 0.21484375 0.18671875 0.0171875 0.0296875
0 0.353125 0.1265625 0.0140625 0.02109375
0 0.4296875 0.103125 0.0140625 0.021875
0 0.2453125 0.21171875 0.01953125 0.0296875
0 0.24375 0.18046875 0.0171875 0.025
0 0.584375 0.39140625 0.0265625 0.0375
0 0.790625 0.05 0.01171875 0.0171875
0 0.3078125 0.15078125 0.015625 0.0234375
0 0.5828125 0.26328125 0.02734375 0.03671875
0 0.496875 0.23671875 0.0203125 0.02578125
0 0.79375 0.01796875 0.009375 0.01328125
0 0.7078125 0.0484375 0.009375 0.015625
0 0.6078125 0.0640625 0.009375 0.015625
0 0.60078125 0.4234375 0.0296875 0.0484375
0 0.503125 0.32890625 0.02421875 0.040625
0 0.7796875 0.0171875 0.00859375 0.0140625
0 0.1640625 0.24375 0.021875 0.03125
0 0.6953125 0.16328125 0.015625 0.021875
0 0.82109375 0.06953125 0.01171875 0.01953125
0 0.57734375 0.0734375 0.0109375 0.0171875
0 0.88203125 0.01640625 0.009375 0.0140625
0 0.75703125 0.0140625 0.009375 0.01328125
0 0.64375 0.0671875 0.0109375 0.0140625
0 0.59453125 0.0671875 0.0109375 0.0140625
0 0.603125 0.11875 0.0125 0.01796875
0 0.353125 0.56875 0.02734375 0.0390625
0 0.76796875 0.0171875 0.00859375 0.01328125
0 0.7421875 0.04140625 0.009375 0.015625
0 0.00625 0.20546875 0.01171875 0.02578125
0 0.46796875 0.10390625 0.0140625 0.01796875
0 0.7953125 0.0765625 0.0140625 0.01796875
0 0.81796875 0.0171875 0.0109375 0.01328125
0 0.5578125 0.0796875 0.01171875 0.015625
0 0.8578125 0.02578125 0.009375 0.015625
0 0.2 0.2046875 0.01640625 0.0234375
0 0.009375 0.23671875 0.01875 0.03671875
0 0.82734375 0.03203125 0.0109375 0.0171875
0 0.68203125 0.0171875 0.00859375 0.01171875
0 0.66875 0.03046875 0.00859375 0.01171875
0 0.578125 0.1265625 0.01171875 0.01796875
0 0.80546875 0.503125 0.04609375 0.05859375
0 0.83125 0.00625 0.009375 0.0125
0 0.68125 0.04296875 0.00703125 0.01328125
0 0.69375 0.01640625 0.00859375 0.01171875
0 0.29609375 0.275 0.0203125 0.02578125
0 0.74296875 0.0171875 0.00859375 0.01328125
0 0.7171875 0.0265625 0.00859375 0.0140625
0 0.8078125 0.00625 0.0109375 0.01171875
0 0.88203125 0.05390625 0.01171875 0.0171875
0 0.66875 0.0171875 0.0078125 0.01171875
0 0.8546875 0.00625 0.0109375 0.01171875
0 0.728125 0.0296875 0.009375 0.01328125
0 0.35625 0.1546875 0.01484375 0.021875
0 0.76875 0.03828125 0.0109375 0.0140625
0 0.48359375 0.1015625 0.01171875 0.01796875
0 0.4890625 0.075 0.01171875 0.0171875
0 0.7546875 0.0453125 0.009375 0.0171875
0 0.71171875 0.0125 0.00859375 0.0140625
0 0.66875 0.06875 0.0109375 0.01171875
0 0.63046875 0.0140625 0.00703125 0.01328125
0 0.65703125 0.05625 0.00859375 0.01328125
0 0.6296875 0.0921875 0.009375 0.01796875
0 0.57109375 0.05546875 0.0109375 0.0140625
0 0.64296875 0.0921875 0.0109375 0.0171875
0 0.509375 0.109375 0.01171875 0.01796875
0 0.690625 0.04296875 0.00859375 0.01328125
0 0.6171875 0.11796875 0.01171875 0.0171875
0 0.71953125 0.05 0.0109375 0.0171875
0 0.86796875 0.0296875 0.00859375 0.01328125
0 0.6421875 0.03046875 0.0078125 0.01171875
0 0.8671875 0.00546875 0.009375 0.01015625
0 0.13203125 0.31953125 0.025 0.040625
0 0.6453125 0.0453125 0.00859375 0.0140625
0 0.4625 0.0875 0.0109375 0.0140625
0 0.7078125 0.0265625 0.00859375 0.0140625
0 0.5859375 0.01171875 0.0078125 0.01328125
0 0.65703125 0.00546875 0.00859375 0.0078125
0 0.5421875 0.00625 0.009375 0.01171875