0 0.084375 0.17890625 0.0203125 0.0328125
0 0.84140625 0.01640625 0.0203125 0.0328125
0 0.79609375 0.51171875 0.06875 0.08046875
0 0.971875 0.01953125 0.025 0.0390625
0 0.8390625 0.7484375 0.07890625 0.11953125
0 0.74375 0.0125 0.0171875 0.025
0 0.04609375 0.8265625 0.0859375 0.1265625
0 0.2171875 0.45078125 0.065625 0.09375
0 0.02109375 0.159375 0.02265625 0.0328125
0 0.76484375 0.065625 0.021875 0.03515625
0 0.1109375 0.17421875 0.021875 0.03125
0 0.20234375 0.0703125 0.01953125 0.02890625
0 0.434375 0.01640625 0.01875 0.0296875
0 0.4296875 0.30078125 0.0375 0.0625
0 0.259375 0.0171875 0.01953125 0.02734375
0 0.38984375 0.05 0.01640625 0.0296875
0 0.7328125 0.09375 0.021875 0.03671875
0 0.21953125 0.0375 0.01953125 0.025
0 0.3140625 0.40546875 0.05859375 0.08203125
0 0.484375 0.0125 0.01953125 0.025
0 0.76484375 0.0125 0.0203125 0.025
0 0.97421875 0.2046875 0.0421875 0.05234375
0 0.78515625 0.0328125 0.025 0.0390625
0 0.2671875 0.2359375 0.0234375 0.0375
0 0.29375 0.25546875 0.0171875 0.0234375
0 0.81640625 0.0484375 0.025 0.0375
0 0.68984375 0.096875 0.01875 0.0375
0 0.38984375 0.0078125 0.01875 0.015625
0 0.01640625 0.00859375 0.01484375 0.0171875
0 0.13828125 0.0125 0.01484375 0.025
0 0.70234375 0.00625 0.0203125 0.0125
0 0.884375 0.09921875 0.025 0.03671875
0 0.12109375 0.05625 0.0171875 0.0234375
0 0.39765625 0.2640625 0.0234375 0.046875
0 0.4125 0.04453125 0.01875 0.03359375
0 0.8390625 0.89453125 0.08984375 0.13046875
0 0.30390625 0.040625 0.0171875 0.02734375
0 0.06875 0.0140625 0.01640625 0.025
0 0.29453125 0.00703125 0.01484375 0.0140625
0 0.11796875 0.00625 0.0140625 0.0125
0 0.921875 0.16015625 0.0328125 0.05234375
0 0.415625 0.0125 0.01640625 0.025
0 0.721875 0.0109375 0.0171875 0.021875
0 0.00703125 0.03046875 0.0140625 0.025
0 0.20234375 0.03125 0.0171875 0.02578125
0 0.92109375 0.0140625 0.01953125 0.02734375
0 0.8828125 0.06875 0.021875 0.025
0 0.86953125 0.0140625 0.0203125 0.028125
0 0.6828125 0.0109375 0.01953125 0.021875
0 0.04375 0.10703125 0.01875 0.02578125
0 0.89609375 0.01328125 0.0203125 0.02578125
0 0.03125 0.128125 0.0171875 0.021875
0 0.225 0.00703125 0.01640625 0.0140625
0 0.1546875 0.00625 0.0140625 0.01171875
0 0.08671875 0.0171875 0.01640625 0.025
0 0.08828125 0.04453125 0.01484375 0.0234375
0 0.040625 0.08046875 0.0203125 0.02578125
0 0.24296875 0.0921875 0.0203125 0.03125
0 0.2796875 0.0171875 0.015625 0.025