1 0.1609375 0.753125 0.03125 0.05390625
1 0.20078125 0.940625 0.0828125 0.11328125
1 0.628125 0.8671875 0.03203125 0.05859375
1 0.271875 0.87734375 0.08984375 0.2375
1 0.0921875 0.85234375 0.0828125 0.28671875
1 0.20234375 0.915625 0.034375 0.0640625
1 0.52109375 0.83125 0.03046875 0.05234375
1 0.1890625 0.68828125 0.0328125 0.05546875
1 0.75625 0.81953125 0.03125 0.05546875
1 0.36875 0.82578125 0.07890625 0.2109375
1 0.090625 0.73671875 0.03125 0.05546875
1 0.325 0.66328125 0.028125 0.05390625
1 0.3703125 0.7515625 0.028125 0.059375
1 0.54765625 0.92734375 0.103125 0.13984375
1 0.465625 0.54609375 0.028125 0.04921875
1 0.4359375 0.89375 0.0375 0.0640625
1 0.43515625 0.928125 0.0828125 0.13515625
1 0.26796875 0.78671875 0.03203125 0.05703125
1 0.3 0.74453125 0.03046875 0.05390625
1 0.73515625 0.68671875 0.03125 0.05546875
1 0.74296875 0.91796875 0.0328125 0.05703125
1 0.3984375 0.73203125 0.0328125 0.05859375
1 0.7671875 0.55078125 0.0296875 0.05703125
1 0.74375 0.94296875 0.0859375 0.1078125
1 0.35234375 0.61328125 0.028125 0.05078125
1 0.63984375 0.4828125 0.03046875 0.05078125
1 0.8921875 0.87734375 0.03046875 0.05859375
1 0.35546875 0.9203125 0.0296875 0.05859375
1 0.9546875 0.7390625 0.03515625 0.05703125
1 0.790625 0.65703125 0.02734375 0.05078125
1 0.303125 0.47578125 0.0265625 0.046875
1 0.2328125 0.73671875 0.03046875 0.05234375
1 0.9328125 0.46875 0.02734375 0.04921875
1 0.403125 0.6125 0.03125 0.05234375
1 0.84765625 0.61875 0.0375 0.05546875
1 0.8984375 0.92265625 0.09765625 0.1484375
1 0.51875 0.4078125 0.02421875 0.04375
1 0.475 0.48046875 0.02734375 0.04921875
1 0.2421875 0.68359375 0.0296875 0.05078125
1 0.35234375 0.94375 0.0828125 0.10625
1 0.37734375 0.97265625 0.03046875 0.04921875
1 0.49765625 0.6453125 0.028125 0.05390625
1 0.2046875 0.62265625 0.028125 0.04921875
1 0.553125 0.89765625 0.04765625 0.07734375
1 0.6234375 0.58984375 0.028125 0.05234375
1 0.4703125 0.42734375 0.02734375 0.05078125
1 0.69296875 0.453125 0.03046875 0.04765625
1 0.21953125 0.5078125 0.028125 0.04921875
1 0.80546875 0.55546875 0.0296875 0.05078125
1 0.58671875 0.4171875 0.02421875 0.0421875
1 0.859375 0.69296875 0.02734375 0.05234375
1 0.671875 0.9046875 0.0296875 0.05390625
1 0.5296875 0.50859375 0.0296875 0.05078125
1 0.33515625 0.26875 0.0234375 0.0421875
1 0.8484375 0.96484375 0.03203125 0.0609375
1 0.59296875 0.6359375 0.03046875 0.05234375
1 0.7546875 0.49453125 0.02734375 0.04765625
1 0.38515625 0.49453125 0.02421875 0.0421875
1 0.57890625 0.35390625 0.025 0.04375
1 0.503125 0.60078125 0.03203125 0.0453125
1 0.415625 0.4296875 0.02734375 0.046875
1 0.253125 0.55390625 0.03125 0.05390625
1 0.8171875 0.95859375 0.0328125 0.0625
1 0.3484375 0.71953125 0.03046875 0.05703125
1 0.57734375 0.27734375 0.028125 0.04765625
1 0.69921875 0.77734375 0.03125 0.05234375
1 0.4984375 0.65859375 0.06953125 0.0796875
1 0.6109375 0.81328125 0.028125 0.0453125
1 0.6625 0.17265625 0.0234375 0.04765625
1 0.7515625 0.88828125 0.08671875 0.1921875
1 0.29296875 0.55703125 0.02734375 0.04765625
1 0.22890625 0.571875 0.03046875 0.04921875
1 0.1609375 0.32421875 0.02734375 0.0421875
1 0.421875 0.5421875 0.025 0.05078125
1 0.16015625 0.86015625 0.06875 0.26796875
1 0.63046875 0.9171875 0.07734375 0.15703125
1 0.846875 0.43203125 0.025 0.046875
1 0.296875 0.36171875 0.025 0.05078125
1 0.20390625 0.86953125 0.0328125 0.0421875
1 0.93828125 0.86875 0.034375 0.05546875
1 0.1484375 0.63125 0.02734375 0.04765625
1 0.6859375 0.55 0.02734375 0.04921875
1 0.35703125 0.43828125 0.0265625 0.04375
1 0.41640625 0.846875 0.03203125 0.0609375
1 0.15546875 0.38359375 0.028125 0.04765625
1 0.54375 0.57265625 0.02734375 0.05078125
1 0.634375 0.5140625 0.0703125 0.11328125
1 0.51171875 0.89921875 0.0703125 0.190625
1 0.59296875 0.48828125 0.02421875 0.0421875
1 0.759375 0.32109375 0.0234375 0.0421875
1 0.33515625 0.3234375 0.02265625 0.040625
1 0.26484375 0.653125 0.03046875 0.05390625
1 0.7046875 0.6203125 0.0234375 0.046875
1 0.4890625 0.54453125 0.025 0.046875
1 0.68125 0.271875 0.02421875 0.046875
1 0.8265625 0.50546875 0.0265625 0.04765625
1 0.7734375 0.44921875 0.02734375 0.04765625
1 0.1765625 0.6296875 0.028125 0.05078125
1 0.40546875 0.165625 0.02421875 0.046875
1 0.69375 0.72109375 0.0296875 0.05078125
1 0.51875 0.34921875 0.0265625 0.04375
1 0.446875 0.603125 0.03515625 0.05078125
1 0.2859375 0.634375 0.025 0.05234375
1 0.31171875 0.54375 0.02734375 0.04765625
1 0.3265625 0.696875 0.0703125 0.12109375
1 0.27421875 0.409375 0.028125 0.04921875
1 0.6625 0.6015625 0.028125 0.0625
1 0.4265625 0.32890625 0.0265625 0.04375
1 0.35625 0.5765625 0.0703125 0.11640625
1 0.93203125 0.54921875 0.07890625 0.2109375
1 0.76953125 0.60078125 0.06875 0.16015625
1 0.859375 0.88046875 0.03515625 0.0640625
1 0.79296875 0.80390625 0.06875 0.1296875
1 0.43515625 0.64453125 0.03203125 0.05546875
1 0.1609375 0.5671875 0.03046875 0.05078125
1 0.12578125 0.34609375 0.0546875 0.1953125
1 0.1515625 0.459375 0.03125 0.05078125
1 0.790625 0.7640625 0.0296875 0.046875
1 0.7078125 0.5796875 0.0265625 0.040625
1 0.81640625 0.7109375 0.03125 0.05390625
1 0.37890625 0.33828125 0.025 0.04765625
1 0.35859375 0.5453125 0.028125 0.05390625
1 0.56171875 0.43671875 0.0265625 0.046875
1 0.63359375 0.4234375 0.02734375 0.034375
1 0.6828125 0.41484375 0.02265625 0.03203125
1 0.7984375 0.35 0.0328125 0.0484375
1 0.7921875 0.403125 0.03046875 0.03671875
1 0.7984375 0.4328125 0.021875 0.040625