0 0.50078125 0.25625 0.03203125 0.05078125
0 0.4453125 0.23515625 0.0296875 0.0484375
0 0.73515625 0.05 0.0328125 0.0484375
0 0.628125 0.0734375 0.028125 0.0453125
0 0.36484375 0.0671875 0.02421875 0.0375
0 0.68828125 0.1046875 0.025 0.04296875
0 0.28671875 0.1 0.0265625 0.04296875
0 0.7484375 0.43203125 0.0390625 0.0625
0 0.4203125 0.04765625 0.0234375 0.040625
0 0.809375 0.0453125 0.0328125 0.0484375
0 0.56875 0.06875 0.028125 0.04921875
0 0.46953125 0.01875 0.0265625 0.0375
0 0.65 0.3265625 0.04375 0.0703125
0 0.3703125 0.02421875 0.021875 0.0328125
0 0.98125 0.2453125 0.03515625 0.07421875
0 0.53203125 0.034375 0.025 0.04296875
0 0.0140625 0.146875 0.02734375 0.046875
0 0.196875 0.10703125 0.0265625 0.0390625
0 0.096875 0.04453125 0.025 0.03671875
0 0.29375 0.82421875 0.07109375 0.09375
0 0.1578125 0.8046875 0.0734375 0.11953125
0 0.2578125 0.01171875 0.02734375 0.0234375
0 0.01796875 0.26171875 0.0359375 0.0546875
0 0.2359375 0.66953125 0.059375 0.08828125
0 0.3296875 0.6921875 0.05625 0.08203125
0 0.85703125 0.01796875 0.0265625 0.0359375
0 0.78515625 0.00625 0.0234375 0.0125
0 0.3421875 0.00625 0.0203125 0.01171875
0 0.30390625 0.00625 0.02265625 0.01171875
0 0.06328125 0.0109375 0.0296875 0.021875
0 0.41875 0.00625 0.02265625 0.01171875
0 0.85625 0.07578125 0.03984375 0.06796875
0 0.38125 0.971875 0.06953125 0.053125
0 0.0046875 0.10625 0.00859375 0.0296875