0 0.71953125 0.21953125 0.0203125 0.0328125
0 0.2953125 0.1234375 0.015625 0.02578125
0 0.675 0.79921875 0.0515625 0.08046875
0 0.57734375 0.2609375 0.0234375 0.0375
0 0.50625 0.44765625 0.03125 0.05234375
0 0.7828125 0.16875 0.02265625 0.0328125
0 0.36875 0.15 0.0171875 0.0296875
0 0.78046875 0.10703125 0.0171875 0.03125
0 0.2453125 0.21953125 0.021875 0.0296875
0 0.6296875 0.10546875 0.01640625 0.02578125
0 0.646875 0.03515625 0.0125 0.0234375
0 0.5953125 0.359375 0.0296875 0.04921875
0 0.42109375 0.11640625 0.0171875 0.025
0 0.46953125 0.16171875 0.01953125 0.03125
0 0.88203125 0.1140625 0.02265625 0.0328125
0 0.50390625 0.02578125 0.0140625 0.02109375
0 0.8046875 0.0640625 0.0171875 0.02578125
0 0.59453125 0.0546875 0.0140625 0.0234375
0 0.80078125 0.24921875 0.0234375 0.0375
0 0.69140625 0.05625 0.015625 0.02578125
0 0.4015625 0.20078125 0.0203125 0.03359375
0 0.53984375 0.0765625 0.01484375 0.025
0 0.26796875 0.1015625 0.01640625 0.0234375
0 0.71796875 0.13125 0.0203125 0.03359375
0 0.85546875 0.0671875 0.0171875 0.02734375
0 0.63203125 0.25390625 0.025 0.0390625
0 0.9 0.22890625 0.0265625 0.04140625
0 0.71953125 0.6984375 0.0484375 0.08203125
0 0.89140625 0.66171875 0.0546875 0.09375
0 0.603125 0.10546875 0.01640625 0.02578125
0 0.4296875 0.15546875 0.01953125 0.0328125
0 0.69140625 0.0921875 0.0171875 0.02734375
0 0.684375 0.0203125 0.01484375 0.021875
0 0.38984375 0.115625 0.01640625 0.0234375
0 0.73125 0.0171875 0.01484375 0.0234375
0 0.453125 0.1 0.0171875 0.02578125
0 0.75390625 0.0078125 0.0140625 0.015625
0 0.36171875 0.4015625 0.03046875 0.04296875
0 0.40625 0.16640625 0.0171875 0.02890625
0 0.9015625 0.17578125 0.02734375 0.03671875
0 0.4359375 0.06796875 0.01484375 0.0234375
0 0.396875 0.0921875 0.01484375 0.025
0 0.5015625 0.18671875 0.0203125 0.0328125
0 0.95859375 0.70546875 0.0515625 0.08046875
0 0.8453125 0.02578125 0.01640625 0.02578125
0 0.8296875 0.15625 0.021875 0.03671875
0 0.3390625 0.2921875 0.0265625 0.0328125
0 0.87421875 0.0140625 0.0171875 0.02734375
0 0.85078125 0.8515625 0.065625 0.10390625
0 0.7640625 0.0609375 0.01484375 0.025
0 0.9015625 0.103125 0.0203125 0.0296875
0 0.78203125 0.03046875 0.015625 0.025
0 0.48203125 0.08671875 0.01484375 0.025
0 0.33515625 0.14140625 0.0171875 0.0296875
0 0.4984375 0.07421875 0.015625 0.0234375
0 0.66015625 0.05625 0.015625 0.02578125
0 0.11796875 0.38125 0.0265625 0.0375
0 0.79375 0.6671875 0.0484375 0.0796875
0 0.72578125 0.0515625 0.0171875 0.02734375
0 0.6140625 0.05390625 0.01484375 0.021875
0 0.8765625 0.07578125 0.0203125 0.02578125
0 0.3265625 0.1 0.015625 0.02578125
0 0.5578125 0.07265625 0.01484375 0.0234375
0 0.253125 0.13125 0.01875 0.025
0 0.66484375 0.00625 0.0140625 0.0125
0 0.59453125 0.025 0.0140625 0.021875
0 0.53515625 0.01328125 0.0140625 0.0234375
0 0.4671875 0.01953125 0.0140625 0.02109375
0 0.3625 0.04453125 0.0140625 0.0234375
0 0.46171875 0.05625 0.01484375 0.0234375
0 0.44453125 0.0078125 0.0140625 0.015625
0 0.928125 0.14296875 0.025 0.03671875
0 0.3390625 0.3265625 0.0265625 0.03359375
0 0.62578125 0.1375 0.01640625 0.025
0 0.796875 0.0140625 0.015625 0.0234375
0 0.1515625 0.42265625 0.02265625 0.0328125
0 0.48828125 0.01171875 0.015625 0.0234375
0 0.703125 0.1734375 0.0234375 0.03125
0 0.70078125 0.0125 0.01484375 0.025
0 0.384375 0.0390625 0.0125 0.02109375
0 0.634375 0.165625 0.01953125 0.0296875
0 0.415625 0.02265625 0.0140625 0.01953125
0 0.3390625 0.45546875 0.034375 0.04453125
0 0.521875 0.02890625 0.0125 0.02109375
0 0.4015625 0.0296875 0.01484375 0.0234375
0 0.48359375 0.0578125 0.0125 0.021875
0 0.36015625 0.51015625 0.040625 0.06015625
0 0.19375 0.23671875 0.0203125 0.03125
0 0.42578125 0.0421875 0.015625 0.021875
0 0.38984375 0.00859375 0.01484375 0.0171875
0 0.5890625 0.0828125 0.0140625 0.021875
0 0.3796875 0.08671875 0.01484375 0.01953125
0 0.58203125 0.009375 0.0140625 0.01875
0 0.55078125 0.0359375 0.015625 0.01953125
0 0.08671875 0.43671875 0.0265625 0.0296875
0 0.19609375 0.14765625 0.01953125 0.025
0 0.86015625 0.0375 0.01484375 0.02109375
0 0.984375 0.19921875 0.0296875 0.04921875
0 0.35703125 0.08046875 0.01484375 0.02578125
0 0.48125 0.0375 0.0125 0.01796875
0 0.4015625 0.1421875 0.01640625 0.0234375
0 0.5234375 0.20625 0.021875 0.0328125
0 0.23125 0.10546875 0.0171875 0.0234375
0 0.18046875 0.11171875 0.01640625 0.02578125
0 0.509375 0.00625 0.0125 0.0125
0 0.4046875 0.00703125 0.0125 0.0140625
0 0.2765625 0.12578125 0.01640625 0.025
0 0.9234375 0.0875 0.01953125 0.02734375
0 0.0828125 0.4703125 0.03125 0.03671875
0 0.89140625 0.00625 0.015625 0.01171875