0 0.84453125 0.41953125 0.03203125 0.046875
0 0.89375 0.4796875 0.03828125 0.05625
0 0.87109375 0.5921875 0.0453125 0.05703125
0 0.7359375 0.49921875 0.0375 0.05078125
0 0.815625 0.45078125 0.03828125 0.0546875
0 0.925 0.54921875 0.04765625 0.06796875
0 0.74296875 0.5546875 0.034375 0.0546875
0 0.9171875 0.43828125 0.03203125 0.04296875
0 0.5203125 0.57578125 0.0375 0.06015625
0 0.5484375 0.6421875 0.04296875 0.06484375
0 0.49296875 0.70546875 0.04609375 0.07578125
0 0.9796875 0.47578125 0.0390625 0.05078125
0 0.93515625 0.17421875 0.01640625 0.02578125
0 0.05546875 0.8546875 0.0625 0.0875
0 0.015625 0.56171875 0.03125 0.05625
0 0.896875 0.18671875 0.01875 0.025
0 0.1765625 0.59296875 0.04296875 0.0640625
0 0.6140625 0.6328125 0.0390625 0.05703125
0 0.7390625 0.428125 0.034375 0.04921875
0 0.08671875 0.5546875 0.03828125 0.05234375
0 0.19375 0.8875 0.0671875 0.1
0 0.05625 0.60546875 0.03828125 0.0625
0 0.6734375 0.2875 0.0234375 0.0328125
0 0.09296875 0.4765625 0.0265625 0.04140625
0 0.1859375 0.6640625 0.0421875 0.06015625
0 0.68984375 0.25625 0.02421875 0.0328125
0 0.603125 0.53125 0.03203125 0.05703125
0 0.1046875 0.44140625 0.0296875 0.04140625
0 0.1125 0.70546875 0.04765625 0.0703125
0 0.26484375 0.61015625 0.04296875 0.05859375
0 0.6921875 0.55390625 0.03515625 0.05859375
0 0.309375 0.7640625 0.04375 0.06796875
0 0.01484375 0.49296875 0.0296875 0.0453125
0 0.94453125 0.41796875 0.0296875 0.04453125
0 0.9640625 0.325 0.02734375 0.0375
0 0.97265625 0.28671875 0.02734375 0.03125
0 0.1390625 0.6140625 0.040625 0.0640625
0 0.2703125 0.3203125 0.02734375 0.0390625
0 0.634375 0.2875 0.01875 0.025
0 0.0078125 0.4546875 0.015625 0.0296875
0 0.27109375 0.73203125 0.0421875 0.05703125
0 0.0546875 0.7171875 0.05078125 0.06640625
0 0.05 0.43046875 0.03046875 0.0375
0 0.2296875 0.41640625 0.04765625 0.07265625
0 0.16015625 0.7296875 0.05625 0.084375
0 0.56328125 0.46171875 0.0234375 0.0375
0 0.82890625 0.64921875 0.0421875 0.0640625
0 0.66484375 0.47890625 0.0265625 0.04453125
0 0.953125 0.6421875 0.05078125 0.078125
0 0.71953125 0.25078125 0.01875 0.0296875
0 0.5109375 0.6484375 0.0390625 0.04921875
0 0.99375 0.209375 0.009375 0.0234375
0 0.99296875 0.27578125 0.0125 0.02890625
0 0.5296875 0.5296875 0.021875 0.03515625
0 0.225 0.7421875 0.05390625 0.08828125
0 0.05234375 0.46875 0.02265625 0.03671875
0 0.00859375 0.8265625 0.0171875 0.0796875
0 0.290625 0.36171875 0.03203125 0.05703125