0 0.63203125 0.65390625 0.046875 0.0703125
0 0.446875 0.65625 0.04765625 0.0703125
0 0.24609375 0.3765625 0.03125 0.03671875
0 0.7125 0.74375 0.0640625 0.0859375
0 0.68046875 0.2171875 0.0125 0.021875
0 0.34140625 0.24375 0.01484375 0.0234375
0 0.165625 0.3421875 0.02734375 0.03671875
0 0.36796875 0.2359375 0.01484375 0.02109375
0 0.24765625 0.4171875 0.028125 0.040625
0 0.0921875 0.63203125 0.046875 0.06875
0 0.31640625 0.43203125 0.0328125 0.05234375
0 0.82734375 0.54921875 0.03984375 0.05703125
0 0.384375 0.625 0.04609375 0.06796875
0 0.50625 0.378125 0.02421875 0.0375
0 0.8328125 0.196875 0.01171875 0.01953125
0 0.240625 0.64296875 0.05 0.06796875
0 0.1625 0.5203125 0.04375 0.06875
0 0.28828125 0.22265625 0.0140625 0.02109375
0 0.0828125 0.35 0.02734375 0.04296875
0 0.2671875 0.19453125 0.0140625 0.01953125
0 0.14765625 0.29296875 0.02265625 0.03125
0 0.31171875 0.49296875 0.0390625 0.05625
0 0.29609375 0.3390625 0.0234375 0.0375
0 0.39296875 0.31953125 0.02265625 0.0375
0 0.65859375 0.19765625 0.0125 0.02109375
0 0.35546875 0.1796875 0.01171875 0.01796875
0 0.0609375 0.45390625 0.040625 0.0640625
0 0.6921875 0.19140625 0.0140625 0.01796875
0 0.52265625 0.20625 0.0140625 0.01953125
0 0.1171875 0.3328125 0.025 0.0375
0 0.39296875 0.1859375 0.0125 0.01953125
0 0.04609375 0.22421875 0.01875 0.02578125
0 0.2375 0.26640625 0.0171875 0.02734375
0 0.35234375 0.46953125 0.03203125 0.04296875
0 0.41171875 0.24375 0.01484375 0.025
0 0.228125 0.13203125 0.0109375 0.0140625
0 0.62890625 0.2578125 0.0140625 0.02109375
0 0.18359375 0.2421875 0.0171875 0.02578125
0 0.8140625 0.20546875 0.0140625 0.01796875
0 0.40859375 0.17265625 0.0125 0.01953125
0 0.95390625 0.2609375 0.015625 0.01953125
0 0.471875 0.20390625 0.01484375 0.01953125
0 0.98359375 0.24296875 0.01171875 0.01953125
0 0.04609375 0.19921875 0.01484375 0.01796875
0 0.1828125 0.178125 0.0125 0.01796875
0 0.25390625 0.16796875 0.01171875 0.01796875
0 0.03359375 0.25625 0.01875 0.0296875
0 0.290625 0.1875 0.0125 0.01796875
0 0.9671875 0.19296875 0.0109375 0.01328125
0 0.7 0.2359375 0.0140625 0.02109375
0 0.0046875 0.2046875 0.00859375 0.02109375
0 0.0921875 0.19765625 0.01484375 0.01796875
0 0.5578125 0.1953125 0.0125 0.01796875
0 0.13046875 0.18125 0.0125 0.01953125
0 0.70234375 0.5484375 0.0546875 0.09140625
0 0.340625 0.2109375 0.0140625 0.02109375
0 0.62890625 0.16953125 0.01171875 0.0234375
0 0.8921875 0.25625 0.01171875 0.01796875
0 0.653125 0.1421875 0.0125 0.01953125
0 0.81640625 0.2265625 0.0140625 0.01796875
0 0.20546875 0.24921875 0.01640625 0.01953125
0 0.05546875 0.13203125 0.0109375 0.0171875
0 0.0265625 0.20703125 0.0140625 0.0234375
0 0.9921875 0.2046875 0.01171875 0.01796875
0 0.128125 0.1234375 0.0109375 0.0171875
0 0.01015625 0.2609375 0.0203125 0.03515625
0 0.4328125 0.25625 0.015625 0.025
0 0.8609375 0.4203125 0.0171875 0.025
0 0.571875 0.196875 0.0125 0.01953125
0 0.28828125 0.2484375 0.0171875 0.021875
0 0.6171875 0.22578125 0.01171875 0.01953125
0 0.29375 0.1421875 0.009375 0.0140625
0 0.071875 0.5796875 0.0421875 0.05234375
0 0.6203125 0.1421875 0.0109375 0.0171875
0 0.26796875 0.26875 0.01484375 0.025
0 0.46171875 0.2390625 0.01484375 0.021875
0 0.0171875 0.33828125 0.021875 0.03359375
0 0.40703125 0.1421875 0.0109375 0.0140625
0 0.30390625 0.11875 0.00859375 0.01328125
0 0.2921875 0.15703125 0.009375 0.0171875
0 0.9328125 0.25390625 0.0125 0.015625
0 0.4328125 0.19375 0.01171875 0.01953125
0 0.2421875 0.13203125 0.009375 0.0140625
0 0.8796875 0.2125 0.009375 0.0171875
0 0.0484375 0.35078125 0.025 0.040625
0 0.95546875 0.34453125 0.01640625 0.025
0 0.5953125 0.23203125 0.0109375 0.01796875
0 0.01796875 0.1171875 0.0125 0.015625
0 0.07890625 0.16796875 0.0140625 0.01796875
0 0.15859375 0.1296875 0.0125 0.0171875
0 0.96015625 0.23046875 0.0140625 0.01796875
0 0.3171875 0.1625 0.009375 0.01796875
0 0.20546875 0.11953125 0.0109375 0.015625
0 0.37578125 0.2171875 0.0140625 0.01953125
0 0.25390625 0.06875 0.0078125 0.01171875
0 0.9125 0.18671875 0.00859375 0.01171875
0 0.0671875 0.13203125 0.009375 0.0140625
0 0.89296875 0.19375 0.00859375 0.01171875
0 0.178125 0.21015625 0.01484375 0.021875
0 0.26328125 0.1375 0.0109375 0.0140625
0 0.603125 0.17578125 0.01171875 0.015625
0 0.090625 0.1328125 0.0140625 0.01796875
0 0.2671875 0.06875 0.0078125 0.01171875
0 0.915625 0.20546875 0.0109375 0.01328125
0 0.57109375 0.1359375 0.0109375 0.0171875
0 0.096875 0.21953125 0.01875 0.025
0 0.14609375 0.18671875 0.01484375 0.01953125
0 0.0453125 0.10546875 0.009375 0.01796875
0 0.3171875 0.13046875 0.00859375 0.01328125
0 0.1546875 0.14453125 0.01171875 0.01796875
0 0.2140625 0.16171875 0.01171875 0.01796875
0 0.6546875 0.2265625 0.0125 0.02109375
0 0.0921875 0.15546875 0.0140625 0.01953125
0 0.3328125 0.15625 0.01171875 0.01796875
0 0.43359375 0.225 0.0140625 0.02109375
0 0.23125 0.0796875 0.009375 0.0140625
0 0.21796875 0.2296875 0.0125 0.0140625
0 0.71953125 0.178125 0.0109375 0.015625
0 0.27109375 0.1546875 0.0109375 0.0140625
0 0.33046875 0.1328125 0.00859375 0.01328125
0 0.87578125 0.3640625 0.015625 0.021875
0 0.64375 0.11875 0.0109375 0.01328125
0 0.98125 0.15546875 0.0078125 0.01171875
0 0.615625 0.253125 0.01171875 0.01953125
0 0.353125 0.08125 0.0078125 0.01171875
0 0.56328125 0.17265625 0.01171875 0.0171875
0 0.95625 0.1421875 0.00703125 0.01171875
0 0.3921875 0.2171875 0.0140625 0.0234375
0 0.43046875 0.10546875 0.00859375 0.01328125
0 0.48203125 0.16640625 0.0109375 0.015625
0 0.87578125 0.3921875 0.02265625 0.0328125
0 0.8703125 0.19375 0.00859375 0.01171875
0 0.29375 0.11953125 0.0078125 0.01328125
0 0.99453125 0.18125 0.00859375 0.01328125
0 0.446875 0.24375 0.0140625 0.01796875
0 0.9328125 0.20390625 0.00859375 0.0140625
0 0.54453125 0.13203125 0.0109375 0.0140625
0 0.94296875 0.15703125 0.00703125 0.01171875
0 0.340625 0.18125 0.0125 0.01796875
0 0.9828125 0.21796875 0.009375 0.0140625
0 0.03203125 0.096875 0.0140625 0.01953125
0 0.034375 0.11875 0.0140625 0.01796875
0 0.99453125 0.1421875 0.00859375 0.01171875
0 0.47890625 0.1296875 0.0109375 0.0140625
0 0.44453125 0.10390625 0.009375 0.01328125
0 0.5375 0.16328125 0.0109375 0.0171875
0 0.53046875 0.1390625 0.0109375 0.015625
0 0.00390625 0.228125 0.0078125 0.02734375
0 0.1125 0.13671875 0.01171875 0.01796875
0 0.3546875 0.1296875 0.009375 0.01171875
0 0.9296875 0.15546875 0.0078125 0.01171875
0 0.3875 0.0875 0.0078125 0.01328125
0 0.51796875 0.1453125 0.0109375 0.0171875
0 0.9953125 0.2796875 0.0078125 0.021875
0 0.91875 0.1546875 0.00703125 0.0078125
0 0.86796875 0.2140625 0.0109375 0.0171875
0 0.071875 0.2296875 0.0171875 0.02734375
0 0.07890625 0.11953125 0.009375 0.015625
0 0.46953125 0.16796875 0.0109375 0.01796875
0 0.90546875 0.14296875 0.00703125 0.0078125
0 0.41796875 0.0921875 0.0078125 0.01328125
0 0.89375 0.18125 0.00703125 0.01171875
0 0.33046875 0.06875 0.00703125 0.0078125
0 0.8546875 0.14296875 0.0078125 0.0078125
0 0.9046875 0.1546875 0.00703125 0.01015625
0 0.90703125 0.24375 0.0125 0.01328125
0 0.9046875 0.21796875 0.009375 0.01171875
0 0.94375 0.13046875 0.00703125 0.0078125
0 0.3796875 0.09296875 0.0078125 0.01171875
0 0.37890625 0.171875 0.009375 0.015625
0 0.978125 0.36796875 0.01484375 0.01953125
0 0.25546875 0.228125 0.0125 0.01953125
0 0.2796875 0.11875 0.00859375 0.01328125
0 0.49609375 0.41171875 0.0171875 0.02578125
0 0.50859375 0.2203125 0.01171875 0.01796875
0 0.3328125 0.10625 0.00859375 0.01171875
0 0.41875 0.14296875 0.00859375 0.01328125
0 0.24140625 0.16796875 0.009375 0.01796875
0 0.25390625 0.11875 0.0078125 0.01328125
0 0.98125 0.13046875 0.00703125 0.0078125
0 0.35625 0.25625 0.0140625 0.01953125
0 0.9125 0.1375 0.00703125 0.00625