0 0.5921875 0.23828125 0.015625 0.0234375
0 0.94453125 0.2171875 0.015625 0.0234375
0 0.6828125 0.384375 0.021875 0.0296875
0 0.66875 0.2171875 0.0171875 0.0234375
0 0.7703125 0.2625 0.015625 0.025
0 0.29375 0.4703125 0.03203125 0.05234375
0 0.7359375 0.24453125 0.0171875 0.02578125
0 0.88125 0.19140625 0.01484375 0.02109375
0 0.58203125 0.2921875 0.0171875 0.02734375
0 0.7765625 0.3609375 0.0203125 0.0296875
0 0.21953125 0.2 0.01953125 0.025
0 0.415625 0.41875 0.0265625 0.0375
0 0.50390625 0.38671875 0.0234375 0.03671875
0 0.85078125 0.30625 0.01953125 0.02578125
0 0.6859375 0.425 0.025 0.0375
0 0.8484375 0.23046875 0.01640625 0.0234375
0 0.66328125 0.16640625 0.01484375 0.02109375
0 0.45859375 0.16328125 0.0125 0.021875
0 0.4859375 0.3109375 0.0234375 0.0328125
0 0.340625 0.51171875 0.03046875 0.04453125
0 0.45546875 0.4359375 0.0265625 0.0390625
0 0.06640625 0.2484375 0.021875 0.02734375
0 0.48125 0.39140625 0.0203125 0.0328125
0 0.340625 0.2234375 0.01484375 0.01953125
0 0.5390625 0.4203125 0.0234375 0.03515625
0 0.240625 0.3046875 0.02421875 0.03125
0 0.84296875 0.16953125 0.0125 0.02109375
0 0.68828125 0.3125 0.0203125 0.03125
0 0.88984375 0.31953125 0.0234375 0.0296875
0 0.73515625 0.334375 0.021875 0.02890625
0 0.28125 0.26796875 0.0171875 0.02578125
0 0.37890625 0.234375 0.015625 0.02109375
0 0.86640625 0.3546875 0.021875 0.02734375
0 0.921875 0.20390625 0.015625 0.021875
0 0.4328125 0.2453125 0.015625 0.021875
0 0.8484375 0.26796875 0.01640625 0.0234375
0 0.0109375 0.31796875 0.021875 0.0390625
0 0.15859375 0.2359375 0.01875 0.0234375
0 0.5671875 0.18671875 0.01484375 0.01953125
0 0.0296875 0.275 0.025 0.0296875
0 0.975 0.225 0.01640625 0.02109375
0 0.82734375 0.43125 0.02734375 0.0390625
0 0.4125 0.31953125 0.01953125 0.02734375
0 0.53359375 0.21171875 0.01484375 0.025
0 0.70078125 0.2375 0.01484375 0.025
0 0.7484375 0.29921875 0.01953125 0.02578125
0 0.99296875 0.30625 0.01171875 0.02578125
0 0.90234375 0.1734375 0.0140625 0.01796875
0 0.11640625 0.25625 0.0171875 0.025
0 0.8078125 0.221875 0.01484375 0.021875
0 0.25546875 0.20625 0.01875 0.025
0 0.8921875 0.23046875 0.0171875 0.0234375
0 0.64609375 0.1609375 0.01484375 0.01953125
0 0.85625 0.1875 0.0140625 0.02109375
0 0.96328125 0.321875 0.02265625 0.0296875
0 0.784375 0.19765625 0.01484375 0.02109375
0 0.3625 0.2921875 0.01953125 0.0296875
0 0.8 0.19296875 0.01484375 0.02109375
0 0.20625 0.25 0.01953125 0.0234375
0 0.6140625 0.27421875 0.0171875 0.025
0 0.61171875 0.2359375 0.01484375 0.025
0 0.81484375 0.25390625 0.01484375 0.01796875
0 0.8703125 0.16328125 0.0140625 0.01953125
0 0.36171875 0.23828125 0.01875 0.0234375
0 0.48984375 0.16640625 0.0125 0.02109375
0 0.9625 0.2046875 0.01875 0.01953125
0 0.85859375 0.14296875 0.0125 0.01796875
0 0.790625 0.2375 0.0171875 0.025
0 0.9359375 0.17890625 0.015625 0.01953125
0 0.95703125 0.14765625 0.0140625 0.0171875
0 0.99453125 0.25703125 0.00859375 0.021875
0 0.6453125 0.77265625 0.025 0.025
0 0.7125 0.18671875 0.0125 0.01953125
0 0.82734375 0.3625 0.02265625 0.03515625
0 0.65 0.81953125 0.0515625 0.06875
0 0.92890625 0.1546875 0.01484375 0.0234375
0 0.1859375 0.253125 0.0203125 0.025
0 0.88203125 0.2875 0.021875 0.025
0 0.415625 0.26796875 0.0171875 0.02578125
0 0.5640625 0.225 0.01484375 0.02109375
0 0.625 0.25546875 0.0171875 0.02578125
0 0.6859375 0.18671875 0.0140625 0.01953125
0 0.628125 0.7375 0.04765625 0.05078125
0 0.96953125 0.259375 0.01875 0.021875
0 0.51171875 0.35703125 0.0234375 0.02578125