0 0.7984375 0.15390625 0.02734375 0.04140625
0 0.9078125 0.4 0.03984375 0.0625
0 0.7859375 0.2859375 0.034375 0.05625
0 0.68125 0.19453125 0.02734375 0.0453125
0 0.64140625 0.11875 0.021875 0.0375
0 0.28203125 0.4703125 0.04609375 0.0703125
0 0.4390625 0.19375 0.028125 0.04296875
0 0.7625 0.0328125 0.021875 0.03671875
0 0.69140625 0.10625 0.0234375 0.0375
0 0.8109375 0.2109375 0.03046875 0.04921875
0 0.91875 0.27890625 0.034375 0.0546875
0 0.72578125 0.28125 0.0328125 0.0546875
0 0.2984375 0.23671875 0.03125 0.04921875
0 0.1765625 0.2140625 0.0234375 0.03515625
0 0.3546875 0.02265625 0.01484375 0.02734375
0 0.70234375 0.49296875 0.05390625 0.0765625
0 0.325 0.4078125 0.04609375 0.0625
0 0.2453125 0.1390625 0.021875 0.03359375
0 0.59453125 0.075 0.0265625 0.0375
0 0.8015625 0.409375 0.040625 0.0640625
0 0.5234375 0.146875 0.02734375 0.04140625
0 0.13984375 0.11953125 0.021875 0.03125
0 0.7375 0.1390625 0.03046875 0.04453125
0 0.103125 0.2390625 0.03046875 0.0453125
0 0.121875 0.3609375 0.0390625 0.0484375
0 0.5765625 0.01875 0.021875 0.0328125
0 0.7140625 0.0171875 0.0234375 0.03359375
0 0.26484375 0.31875 0.03515625 0.05625
0 0.475 0.36875 0.04765625 0.0703125
0 0.25859375 0.0546875 0.0171875 0.02578125
0 0.671875 0.41796875 0.0453125 0.0625
0 0.52421875 0.08203125 0.02421875 0.03359375
0 0.59609375 0.0140625 0.0234375 0.028125
0 0.540625 0.20546875 0.03046875 0.04921875
0 0.5296875 0.0296875 0.021875 0.03125
0 0.5953125 0.50625 0.0515625 0.07578125
0 0.359375 0.0625 0.01953125 0.03125
0 0.475 0.17265625 0.03046875 0.0453125
0 0.43046875 0.26953125 0.03046875 0.046875
0 0.953125 0.1515625 0.0375 0.053125
0 0.1921875 0.06640625 0.01640625 0.02578125
0 0.44921875 0.0140625 0.0171875 0.028125
0 0.6515625 0.31953125 0.0421875 0.05859375
0 0.6234375 0.065625 0.02421875 0.0375
0 0.128125 0.175 0.0265625 0.04296875
0 0.43046875 0.04921875 0.01640625 0.03125
0 0.4953125 0.0546875 0.021875 0.02890625
0 0.47421875 0.10703125 0.0265625 0.04140625
0 0.48359375 0.23125 0.03046875 0.0484375
0 0.03125 0.24140625 0.03125 0.0453125
0 0.4046875 0.0515625 0.0171875 0.02734375
0 0.38125 0.11015625 0.01953125 0.03515625
0 0.9328125 0.59765625 0.05625 0.078125
0 0.384375 0.40546875 0.03828125 0.05625
0 0.56953125 0.24453125 0.03515625 0.05234375
0 0.07734375 0.2203125 0.0234375 0.03671875
0 0.50859375 0.00625 0.0171875 0.0125
0 0.01484375 0.32421875 0.0296875 0.0484375
0 0.30078125 0.04296875 0.015625 0.02578125
0 0.4640625 0.03046875 0.01875 0.0296875
0 0.2984375 0.12578125 0.01953125 0.0296875
0 0.1828125 0.15 0.02265625 0.03671875
0 0.38203125 0.034375 0.01953125 0.0296875
0 0.31171875 0.1625 0.02421875 0.03671875
0 0.24296875 0.240625 0.0265625 0.04140625
0 0.15234375 0.08671875 0.0171875 0.0296875
0 0.3078125 0.01953125 0.01484375 0.0234375
0 0.009375 0.109375 0.01875 0.02890625
0 0.1046875 0.03046875 0.015625 0.025
0 0.36171875 0.159375 0.02421875 0.040625
0 0.0515625 0.09453125 0.01953125 0.0296875
0 0.38984375 0.009375 0.0171875 0.01875
0 0.4203125 0.08828125 0.02734375 0.04140625
0 0.1859375 0.29765625 0.028125 0.0484375
0 0.17265625 0.0984375 0.021875 0.0296875
0 0.35859375 0.24765625 0.028125 0.04921875
0 0.0265625 0.0984375 0.0171875 0.02734375
0 0.4765625 0.00703125 0.015625 0.0140625
0 0.0453125 0.05546875 0.01484375 0.025
0 0.60625 0.3 0.03984375 0.0640625
0 0.1546875 0.43046875 0.0359375 0.05625
0 0.06875 0.05625 0.01640625 0.02578125
0 0.4296875 0.00625 0.0171875 0.01171875
0 0.07734375 0.1078125 0.021875 0.0328125
0 0.3296875 0.01015625 0.015625 0.0203125
0 0.4015625 0.02578125 0.0171875 0.0234375
0 0.1296875 0.05390625 0.01640625 0.02734375
0 0.10234375 0.0796875 0.01953125 0.02734375
0 0.2671875 0.01875 0.0171875 0.025
0 0.56796875 0.0921875 0.02421875 0.0375
0 0.44140625 0.15078125 0.025 0.03671875
0 0.6375 0.00859375 0.01953125 0.0171875
0 0.0921875 0.05390625 0.0171875 0.025
0 0.24375 0.084375 0.01875 0.02578125
0 0.47265625 0.47890625 0.0484375 0.08046875
0 0.67734375 0.00625 0.01875 0.01171875
0 0.165625 0.00859375 0.01640625 0.0171875
0 0.034375 0.19375 0.02421875 0.0328125
0 0.3453125 0.11953125 0.01640625 0.02890625
0 0.028125 0.06015625 0.01875 0.02890625
0 0.18828125 0.01796875 0.0171875 0.02578125
0 0.446875 0.06875 0.021875 0.03671875
0 0.2140625 0.0296875 0.015625 0.025
0 0.290625 0.0140625 0.01484375 0.021875
0 0.21875 0.24921875 0.0234375 0.0375
0 0.215625 0.09140625 0.01875 0.03359375
0 0.53203125 0.00625 0.0171875 0.01171875
0 0.14453125 0.01875 0.015625 0.01953125
0 0.3359375 0.0796875 0.01953125 0.02734375
0 0.034375 0.01640625 0.01640625 0.025
0 0.22578125 0.2015625 0.025 0.0375
0 0.10859375 0.115625 0.01953125 0.03125
0 0.19609375 0.93125 0.13125 0.13515625
0 0.11484375 0.00625 0.01640625 0.01171875
0 0.33046875 0.04375 0.01640625 0.0296875
0 0.2421875 0.0125 0.0171875 0.025
0 0.0921875 0.1921875 0.0234375 0.0296875
0 0.1625 0.04296875 0.01640625 0.02578125
0 0.09453125 0.32421875 0.03125 0.04453125
0 0.7796875 0.09921875 0.025 0.03671875
0 0.00625 0.03046875 0.01171875 0.025
0 0.08125 0.0078125 0.01484375 0.015625
0 0.28203125 0.04921875 0.01640625 0.02578125
0 0.0046875 0.05625 0.00859375 0.0234375
0 0.2234375 0.0609375 0.0171875 0.0296875