0 0.26484375 0.3921875 0.046875 0.0703125
0 0.38203125 0.1640625 0.03515625 0.05703125
0 0.3671875 0.33828125 0.04296875 0.0703125
0 0.509375 0.1875 0.03125 0.04921875
0 0.365625 0.73125 0.05625 0.0953125
0 0.80234375 0.26171875 0.05 0.06796875
0 0.665625 0.4515625 0.0578125 0.08203125
0 0.6734375 0.075 0.0328125 0.0484375
0 0.4671875 0.0421875 0.03125 0.0453125
0 0.42734375 0.58515625 0.05546875 0.08984375
0 0.5296875 0.2828125 0.040625 0.06484375
0 0.725 0.1625 0.03828125 0.05078125
0 0.89609375 0.06875 0.03203125 0.04921875
0 0.9421875 0.478125 0.0703125 0.08984375
0 0.946875 0.2234375 0.0421875 0.06640625
0 0.6078125 0.021875 0.03125 0.04375
0 0.49296875 0.1375 0.034375 0.04296875
0 0.2578125 0.19453125 0.040625 0.0609375
0 0.81171875 0.06171875 0.03203125 0.0484375
0 0.70859375 0.04140625 0.0265625 0.04140625
0 0.67734375 0.0171875 0.02421875 0.03359375
0 0.98671875 0.13125 0.02421875 0.05234375
0 0.9546875 0.05078125 0.03515625 0.04921875
0 0.9015625 0.74296875 0.0703125 0.0921875
0 0.5046875 0.00859375 0.0234375 0.0171875
0 0.540625 0.01484375 0.02734375 0.0296875