0 0.41953125 0.7109375 0.0140625 0.0234375
0 0.30859375 0.71015625 0.0140625 0.02578125
0 0.17109375 0.609375 0.015625 0.0234375
0 0.253125 0.72109375 0.0171875 0.021875
0 0.41484375 0.74453125 0.0171875 0.02578125
0 0.11640625 0.65390625 0.0140625 0.021875
0 0.7828125 0.65234375 0.015625 0.0234375
0 0.22265625 0.609375 0.0140625 0.0234375
0 0.17265625 0.8015625 0.021875 0.0328125
0 0.203125 0.76875 0.01875 0.03046875
0 0.678125 0.5703125 0.015625 0.0234375
0 0.40390625 0.63828125 0.0140625 0.021875
0 0.56484375 0.59453125 0.015625 0.01953125
0 0.340625 0.7015625 0.0140625 0.02578125
0 0.13046875 0.61875 0.015625 0.02578125
0 0.309375 0.5703125 0.015625 0.0234375
0 0.20078125 0.83125 0.0203125 0.034375
0 0.19609375 0.6046875 0.0140625 0.0234375
0 0.1203125 0.58125 0.015625 0.0234375
0 0.2546875 0.56484375 0.0140625 0.021875
0 0.5078125 0.5671875 0.015625 0.0171875
0 0.86796875 0.65390625 0.015625 0.021875
0 0.31171875 0.6484375 0.0140625 0.0234375
0 0.03671875 0.7921875 0.021875 0.034375
0 0.61953125 0.63984375 0.0140625 0.0234375
0 0.1421875 0.66640625 0.0140625 0.021875
0 0.34140625 0.5703125 0.0125 0.01953125
0 0.6390625 0.7 0.0171875 0.0234375
0 0.59453125 0.69609375 0.0171875 0.0234375
0 0.025 0.5421875 0.0140625 0.01953125
0 0.025 0.68046875 0.01875 0.0234375
0 0.7875 0.7140625 0.01875 0.03046875
0 0.0140625 0.60078125 0.015625 0.0234375
0 0.8984375 0.6046875 0.015625 0.0234375
0 0.7453125 0.6375 0.0171875 0.0234375
0 0.915625 0.59453125 0.015625 0.0234375
0 0.184375 0.7140625 0.015625 0.02578125
0 0.06484375 0.72421875 0.01875 0.0234375
0 0.75390625 0.57578125 0.0125 0.0171875
0 0.9234375 0.65234375 0.01875 0.0234375
0 0.884375 0.6203125 0.015625 0.0234375
0 0.63046875 0.5421875 0.015625 0.0234375
0 0.0421875 0.60390625 0.0140625 0.021875
0 0.97265625 0.72421875 0.021875 0.028125
0 0.09453125 0.725 0.0203125 0.03046875
0 0.42734375 0.6578125 0.015625 0.021875
0 0.4140625 0.553125 0.0125 0.01953125
0 0.534375 0.6046875 0.0140625 0.01953125
0 0.73515625 0.7296875 0.01875 0.02578125
0 0.13046875 0.8265625 0.025 0.034375
0 0.4796875 0.62734375 0.015625 0.021875
0 0.43984375 0.55078125 0.015625 0.01953125
0 0.59453125 0.521875 0.0140625 0.0171875
0 0.746875 0.671875 0.0140625 0.0234375
0 0.23046875 0.465625 0.015625 0.0171875
0 0.14375 0.45703125 0.0140625 0.0171875
0 0.834375 0.58984375 0.0140625 0.0234375
0 0.1546875 0.5765625 0.0140625 0.0234375
0 0.4265625 0.5140625 0.0109375 0.01953125
0 0.4640625 0.8171875 0.0171875 0.0234375
0 0.28046875 0.7828125 0.0203125 0.028125
0 0.5421875 0.5671875 0.0140625 0.021875
0 0.228125 0.725 0.0140625 0.02578125
0 0.27421875 0.71953125 0.015625 0.0234375
0 0.440625 0.7390625 0.0140625 0.0234375
0 0.04375 0.46640625 0.0140625 0.01953125
0 0.840625 0.64375 0.0140625 0.0234375
0 0.56796875 0.6765625 0.015625 0.0234375
0 0.82890625 0.6828125 0.015625 0.0234375
0 0.3890625 0.55703125 0.0125 0.01953125
0 0.95546875 0.590625 0.015625 0.0171875
0 0.06328125 0.6296875 0.015625 0.021875
0 0.50546875 0.63984375 0.0140625 0.01953125
0 0.08203125 0.36875 0.0109375 0.01484375
0 0.07578125 0.54296875 0.0140625 0.021875
0 0.5328125 0.70546875 0.0171875 0.02578125
0 0.725 0.54296875 0.0109375 0.0171875
0 0.0703125 0.58125 0.0140625 0.0234375
0 0.1921875 0.46953125 0.0125 0.0171875
0 0.78984375 0.62890625 0.0140625 0.0234375
0 0.10390625 0.53125 0.0140625 0.01953125
0 0.81484375 0.64375 0.0171875 0.0234375
0 0.60390625 0.58671875 0.0140625 0.021875
0 0.45546875 0.53125 0.0125 0.01953125
0 0.284375 0.56484375 0.0125 0.021875
0 0.725 0.58046875 0.0140625 0.021875
0 0.70859375 0.6296875 0.0140625 0.021875
0 0.92109375 0.5078125 0.0109375 0.01484375
0 0.30703125 0.490625 0.0109375 0.01953125
0 0.559375 0.82578125 0.0171875 0.028125
0 0.23125 0.3546875 0.0109375 0.01328125
0 0.25390625 0.3546875 0.009375 0.01328125
0 0.03046875 0.56640625 0.015625 0.0234375
0 0.20390625 0.5375 0.0140625 0.01953125
0 0.79453125 0.60078125 0.0140625 0.01953125
0 0.234375 0.59453125 0.0140625 0.0234375
0 0.5671875 0.88984375 0.0234375 0.034375
0 0.784375 0.74921875 0.01875 0.03046875
0 0.0375 0.52265625 0.0140625 0.01953125
0 0.0671875 0.46640625 0.0109375 0.01484375
0 0.09609375 0.7828125 0.0234375 0.0328125
0 0.88984375 0.5375 0.0140625 0.01953125
0 0.0953125 0.4796875 0.0125 0.01953125
0 0.109375 0.55703125 0.015625 0.0234375
0 0.0078125 0.49765625 0.015625 0.021875
0 0.27265625 0.49453125 0.0125 0.01953125
0 0.44375 0.7671875 0.0171875 0.028125
0 0.41171875 0.671875 0.0140625 0.0234375
0 0.36796875 0.6328125 0.015625 0.0234375
0 0.5921875 0.6234375 0.015625 0.021875
0 0.565625 0.71015625 0.0171875 0.02578125
0 0.653125 0.59453125 0.0140625 0.0234375
0 0.4078125 0.59453125 0.015625 0.01953125
0 0.26640625 0.6203125 0.015625 0.0234375
0 0.2953125 0.521875 0.0125 0.0171875
0 0.83046875 0.51875 0.009375 0.01484375
0 0.525 0.67734375 0.015625 0.021875
0 0.71953125 0.5140625 0.0140625 0.01953125
0 0.3640625 0.51875 0.0109375 0.01953125
0 0.465625 0.5671875 0.0140625 0.0171875
0 0.84375 0.5375 0.0109375 0.01953125
0 0.2140625 0.5046875 0.0125 0.0171875
0 0.06640625 0.37890625 0.0125 0.0171875
0 0.38046875 0.48359375 0.0109375 0.01953125
0 0.14140625 0.5421875 0.0125 0.01953125
0 0.26875 0.4546875 0.0140625 0.0171875
0 0.12734375 0.55078125 0.015625 0.01953125
0 0.43984375 0.62734375 0.015625 0.021875
0 0.6578125 0.51875 0.0109375 0.01953125
0 0.2578125 0.46640625 0.0109375 0.01953125
0 0.36953125 0.584375 0.015625 0.021875
0 0.39140625 0.7015625 0.0171875 0.021875
0 0.990625 0.60390625 0.015625 0.021875
0 0.54375 0.46640625 0.0109375 0.01484375
0 0.0140625 0.37734375 0.0125 0.01953125
0 0.33203125 0.44140625 0.009375 0.01328125
0 0.95234375 0.56484375 0.0125 0.0171875
0 0.95390625 0.68203125 0.01875 0.03046875
0 0.321875 0.51875 0.0125 0.01953125
0 0.96484375 0.53125 0.0125 0.01484375
0 0.20390625 0.35859375 0.0109375 0.01484375
0 0.81953125 0.5375 0.0140625 0.01484375
0 0.24609375 0.53359375 0.0125 0.01953125
0 0.25390625 0.65703125 0.015625 0.0234375
0 0.775 0.54296875 0.0125 0.0171875
0 0.703125 0.546875 0.0125 0.01484375
0 0.9046875 0.5703125 0.0125 0.01953125
0 0.1765625 0.5765625 0.0125 0.01953125
0 0.18203125 0.490625 0.0140625 0.01953125
0 0.93125 0.5515625 0.0109375 0.0171875
0 0.440625 0.45546875 0.0109375 0.01484375
0 0.1828125 0.52265625 0.0125 0.01953125
0 0.40390625 0.51875 0.0109375 0.01953125
0 0.47890625 0.55625 0.0140625 0.0171875
0 0.5171875 0.340625 0.009375 0.0109375
0 0.51015625 0.52734375 0.0140625 0.01953125
0 0.36328125 0.55703125 0.0125 0.01953125
0 0.5640625 0.61328125 0.0140625 0.01953125
0 0.75703125 0.5515625 0.0125 0.0171875
0 0.090625 0.62890625 0.015625 0.01953125
0 0.33125 0.32109375 0.0109375 0.01484375
0 0.52578125 0.52734375 0.0125 0.01953125
0 0.48203125 0.67734375 0.0140625 0.021875
0 0.39453125 0.46953125 0.0109375 0.0171875
0 0.78671875 0.50859375 0.0109375 0.01328125
0 0.22890625 0.5421875 0.0125 0.01484375
0 0.04609375 0.37890625 0.0125 0.0171875
0 0.19609375 0.5765625 0.0140625 0.01953125
0 0.28203125 0.51875 0.0109375 0.01953125
0 0.5046875 0.50859375 0.0125 0.0171875
0 0.8875 0.58515625 0.015625 0.01953125
0 0.515625 0.503125 0.0125 0.01953125
0 0.740625 0.5171875 0.0109375 0.0171875
0 0.11484375 0.46640625 0.0109375 0.01484375
0 0.42109375 0.4515625 0.0109375 0.01484375
0 0.91796875 0.52734375 0.0109375 0.01484375
0 0.384375 0.58984375 0.015625 0.0234375
0 0.93203125 0.68046875 0.01875 0.0234375
0 0.38046875 0.41796875 0.0109375 0.0171875
0 0.4546875 0.45546875 0.0109375 0.01953125
0 0.34375 0.44609375 0.0109375 0.0171875
0 0.41640625 0.42109375 0.0109375 0.01484375
0 0.29140625 0.49453125 0.0109375 0.01953125
0 0.30703125 0.32109375 0.0109375 0.01484375
0 0.15390625 0.490625 0.0125 0.01953125
0 0.634375 0.61015625 0.0140625 0.021875
0 0.453125 0.66328125 0.0140625 0.0234375
0 0.60546875 0.47109375 0.0109375 0.01484375
0 0.84453125 0.503125 0.009375 0.01484375
0 0.3546875 0.47109375 0.0109375 0.01953125
0 0.79609375 0.5328125 0.0109375 0.0171875
0 0.6671875 0.465625 0.0078125 0.01328125
0 0.2140625 0.68046875 0.015625 0.0234375
0 0.00625 0.55078125 0.0125 0.0234375
0 0.71953125 0.4796875 0.0078125 0.01484375
0 0.52890625 0.490625 0.0125 0.01484375
0 0.6421875 0.5171875 0.0109375 0.0171875
0 0.38046875 0.440625 0.0109375 0.01953125
0 0.47890625 0.71953125 0.0171875 0.028125
0 0.99375 0.553125 0.009375 0.01484375
0 0.146875 0.61796875 0.0140625 0.0234375
0 0.16953125 0.56171875 0.015625 0.01953125
0 0.96953125 0.55625 0.0125 0.01328125
0 0.89453125 0.64375 0.0171875 0.0234375
0 0.64453125 0.45546875 0.009375 0.01484375
0 0.08203125 0.8265625 0.0234375 0.034375
0 0.29453125 0.44453125 0.0109375 0.01484375
0 0.6671875 0.7 0.0140625 0.0234375
0 0.09375 0.58046875 0.015625 0.021875
0 0.4046875 0.3546875 0.009375 0.01328125
0 0.015625 0.465625 0.0125 0.01328125
0 0.80625 0.4796875 0.009375 0.01484375
0 0.70390625 0.725 0.0171875 0.03046875
0 0.77734375 0.490625 0.0109375 0.01484375
0 0.6890625 0.49453125 0.0125 0.01484375
0 0.5671875 0.41796875 0.0078125 0.00859375
0 0.553125 0.44609375 0.0109375 0.01328125
0 0.97421875 0.671875 0.01875 0.0234375
0 0.209375 0.56640625 0.015625 0.01953125
0 0.03359375 0.38828125 0.0125 0.01953125
0 0.36953125 0.49765625 0.0125 0.0171875
0 0.24375 0.490625 0.0109375 0.01953125
0 0.240625 0.62734375 0.0140625 0.021875
0 0.02890625 0.45546875 0.0125 0.01484375
0 0.0828125 0.49375 0.0125 0.0171875
0 0.65390625 0.43203125 0.009375 0.01484375
0 0.58203125 0.4796875 0.0109375 0.01484375
0 0.98203125 0.52734375 0.0109375 0.01953125
0 0.56796875 0.46640625 0.009375 0.01484375
0 0.3421875 0.4078125 0.0109375 0.01484375
0 0.46953125 0.5171875 0.0125 0.0171875
0 0.65625 0.49453125 0.0109375 0.01484375
0 0.25546875 0.5046875 0.0125 0.0171875
0 0.9359375 0.58515625 0.0140625 0.01953125
0 0.27734375 0.3546875 0.0109375 0.01328125
0 0.86484375 0.55703125 0.0125 0.01953125
0 0.525 0.62421875 0.0140625 0.01953125
0 0.79375 0.55078125 0.0125 0.01953125
0 0.84375 0.55703125 0.0140625 0.0234375
0 0.39609375 0.44609375 0.0109375 0.0171875
0 0.89453125 0.5046875 0.0078125 0.00859375
0 0.63203125 0.465625 0.009375 0.01328125
0 0.60625 0.5046875 0.0125 0.0171875
0 0.55390625 0.43046875 0.009375 0.01328125
0 0.35546875 0.38984375 0.009375 0.01328125
0 0.45390625 0.70546875 0.015625 0.02578125
0 0.34453125 0.53125 0.0125 0.01953125
0 0.56953125 0.490625 0.0125 0.01484375
0 0.4171875 0.4796875 0.009375 0.01484375
0 0.13046875 0.5 0.015625 0.0171875
0 0.15703125 0.546875 0.0125 0.01953125
0 0.06015625 0.5421875 0.015625 0.01953125
0 0.8328125 0.715625 0.0203125 0.028125
0 0.30703125 0.43046875 0.0109375 0.0171875
0 0.1125 0.48515625 0.0125 0.0171875
0 0.4421875 0.4890625 0.0109375 0.01328125
0 0.11484375 0.36796875 0.0109375 0.0171875
0 0.58125 0.50859375 0.0125 0.0171875
0 0.8140625 0.55703125 0.0125 0.01953125
0 0.85546875 0.51875 0.009375 0.01484375
0 0.7171875 0.49453125 0.009375 0.01484375
0 0.540625 0.63984375 0.0140625 0.0234375
0 0.9921875 0.58046875 0.0125 0.0171875
0 0.56640625 0.5515625 0.0125 0.0171875
0 0.54453125 0.4890625 0.0125 0.01328125
0 0.48359375 0.46953125 0.0109375 0.0171875
0 0.3921875 0.3796875 0.009375 0.01484375
0 0.434375 0.58125 0.0140625 0.01953125
0 0.84453125 0.51875 0.009375 0.01484375
0 0.5046875 0.40234375 0.009375 0.01328125
0 0.04453125 0.54296875 0.015625 0.021875
0 0.51953125 0.40234375 0.0078125 0.01328125
0 0.80625 0.50859375 0.009375 0.01328125
0 0.6765625 0.49765625 0.009375 0.0171875
0 0.67890625 0.45546875 0.0078125 0.01484375
0 0.7046875 0.44140625 0.00625 0.00859375
0 0.86796875 0.5140625 0.009375 0.01484375
0 0.49375 0.43046875 0.009375 0.01328125
0 0.4203125 0.61328125 0.015625 0.0234375
0 0.54375 0.36875 0.0078125 0.01484375
0 0.0265625 0.49375 0.0109375 0.0171875
0 0.93203125 0.528125 0.009375 0.01328125
0 0.88125 0.5046875 0.009375 0.00859375
0 0.82734375 0.4796875 0.009375 0.01484375
0 0.315625 0.44609375 0.009375 0.01328125
0 0.37734375 0.39296875 0.0109375 0.01484375
0 0.12890625 0.359375 0.0125 0.01328125
0 0.59453125 0.43046875 0.0078125 0.01328125
0 0.54453125 0.41640625 0.009375 0.01484375
0 0.1671875 0.35859375 0.0109375 0.01484375
0 0.43125 0.3546875 0.0078125 0.01328125
0 0.29375 0.3546875 0.009375 0.01328125
0 0.65390625 0.4796875 0.009375 0.01484375
0 0.59375 0.45546875 0.009375 0.01484375
0 0.36171875 0.4359375 0.009375 0.01484375
0 0.66875 0.43203125 0.0046875 0.0109375
0 0.590625 0.55703125 0.015625 0.01953125
0 0.5796875 0.36875 0.00625 0.01484375
0 0.47890625 0.4078125 0.0078125 0.01484375
0 0.58203125 0.42734375 0.0078125 0.0109375