0 0.8828125 0.0140625 0.0203125 0.028125
0 0.7203125 0.33203125 0.02734375 0.04609375
0 0.10546875 0.015625 0.025 0.03125
0 0.6328125 0.01796875 0.02265625 0.0359375
0 0.303125 0.23046875 0.028125 0.04609375
0 0.4078125 0.246875 0.02578125 0.04375
0 0.690625 0.0828125 0.02421875 0.0421875
0 0.57578125 0.1671875 0.025 0.04375
0 0.9140625 0.01796875 0.021875 0.0359375
0 0.96015625 0.07734375 0.02265625 0.040625
0 0.09921875 0.18984375 0.02578125 0.040625
0 0.50625 0.659375 0.0421875 0.06875
0 0.81484375 0.228125 0.02578125 0.0390625
0 0.20859375 0.796875 0.046875 0.0703125
0 0.8765625 0.08671875 0.02265625 0.0421875
0 0.61875 0.2109375 0.02734375 0.04921875
0 0.3390625 0.265625 0.0296875 0.04765625
0 0.09921875 0.75 0.046875 0.071875
0 0.796875 0.13125 0.02421875 0.0375
0 0.5828125 0.22734375 0.02578125 0.04609375
0 0.23671875 0.22890625 0.02734375 0.04609375
0 0.51171875 0.209375 0.02890625 0.04375
0 0.7109375 0.03203125 0.02421875 0.040625
0 0.43671875 0.45390625 0.03828125 0.05390625
0 0.93125 0.26875 0.025 0.0453125
0 0.6578125 0.25078125 0.02734375 0.04609375
0 0.9328125 0.1921875 0.02265625 0.0421875
0 0.42578125 0.6984375 0.040625 0.06328125
0 0.23984375 0.06484375 0.02421875 0.04375
0 0.728125 0.08359375 0.025 0.0453125
0 0.72578125 0.14296875 0.028125 0.04375
0 0.640625 0.07578125 0.025 0.04375
0 0.1546875 0.5359375 0.0390625 0.05546875
0 0.75390625 0.190625 0.028125 0.0453125
0 0.96015625 0.134375 0.02265625 0.040625
0 0.74921875 0.26171875 0.02734375 0.04609375
0 0.5265625 0.0890625 0.02265625 0.040625
0 0.265625 0.146875 0.02734375 0.0453125
0 0.45703125 0.15234375 0.02578125 0.04375
0 0.75234375 0.06640625 0.02265625 0.040625
0 0.30390625 0.646875 0.03984375 0.0671875
0 0.85546875 0.49921875 0.02890625 0.05078125
0 0.37265625 0.18828125 0.02578125 0.04375
0 0.31640625 0.16796875 0.02734375 0.0421875
0 0.98671875 0.4046875 0.02421875 0.05390625
0 0.3328125 0.1015625 0.02421875 0.0421875
0 0.1765625 0.06484375 0.025 0.0421875
0 0.021875 0.8453125 0.04296875 0.078125
0 0.81640625 0.28828125 0.03125 0.04609375
0 0.37890625 0.14453125 0.02421875 0.0375
0 0.57421875 0.6703125 0.0453125 0.06015625
0 0.0609375 0.3984375 0.0359375 0.05234375
0 0.57734375 0.1015625 0.02265625 0.0390625
0 0.05859375 0.1296875 0.025 0.04375
0 0.56640625 0.30546875 0.025 0.04609375
0 0.86796875 0.365625 0.034375 0.05390625
0 0.26015625 0.29765625 0.0328125 0.04921875
0 0.47109375 0.328125 0.0296875 0.05703125
0 0.48125 0.08359375 0.02421875 0.0390625
0 0.40625 0.1203125 0.02265625 0.040625
0 0.51328125 0.1625 0.028125 0.04375
0 0.44921875 0.04921875 0.02109375 0.0359375
0 0.36015625 0.02734375 0.02265625 0.0421875
0 0.79765625 0.0171875 0.02109375 0.034375
0 0.2140625 0.11328125 0.028125 0.040625
0 0.109375 0.06875 0.025 0.0390625
0 0.3046875 0.03984375 0.02421875 0.04609375
0 0.85 0.1875 0.021875 0.0421875
0 0.203125 0.1765625 0.02578125 0.0421875
0 0.90703125 0.7953125 0.04609375 0.0703125
0 0.9234375 0.07421875 0.02265625 0.0375
0 0.54375 0.553125 0.03515625 0.06015625
0 0.53125 0.26328125 0.02734375 0.04921875
0 0.1 0.24375 0.028125 0.040625
0 0.3921875 0.3 0.034375 0.05078125
0 0.61796875 0.0984375 0.02421875 0.04609375
0 0.87890625 0.3109375 0.02578125 0.04375
0 0.83671875 0.0625 0.02265625 0.0375
0 0.42265625 0.3859375 0.0359375 0.05546875
0 0.57109375 0.05625 0.02421875 0.040625
0 0.67578125 0.1984375 0.02734375 0.04609375
0 0.3 0.371875 0.03203125 0.05703125
0 0.6015625 0.40859375 0.03515625 0.05234375
0 0.9875 0.3171875 0.02265625 0.04609375
0 0.16015625 0.375 0.03515625 0.05390625
0 0.90859375 0.16640625 0.02265625 0.0390625
0 0.7453125 0.5921875 0.03515625 0.05703125
0 0.815625 0.17421875 0.028125 0.0421875
0 0.46953125 0.53203125 0.0328125 0.05390625
0 0.54375 0.15 0.02265625 0.0421875
0 0.1734375 0.31953125 0.03125 0.04765625
0 0.47890625 0.01328125 0.0203125 0.0265625
0 0.509375 0.04765625 0.02421875 0.0359375
0 0.640625 0.328125 0.0296875 0.04765625
0 0.14375 0.1671875 0.028125 0.04609375
0 0.6328125 0.46796875 0.0359375 0.05390625
0 0.69296875 0.484375 0.0359375 0.05703125
0 0.9796875 0.703125 0.0359375 0.075
0 0.33984375 0.3890625 0.03203125 0.05234375
0 0.89296875 0.953125 0.04765625 0.0703125
0 0.896875 0.47578125 0.0359375 0.05546875
0 0.015625 0.5796875 0.03125 0.059375
0 0.08671875 0.465625 0.034375 0.05234375
0 0.978125 0.60703125 0.040625 0.065625
0 0.19765625 0.6953125 0.046875 0.06875
0 0.84453125 0.6265625 0.03515625 0.06328125
0 0.0140625 0.234375 0.028125 0.04609375
0 0.04453125 0.0484375 0.025 0.04609375
0 0.0390625 0.6890625 0.04375 0.0734375
0 0.04609375 0.01015625 0.0234375 0.0203125
0 0.15703125 0.615625 0.04609375 0.05859375
0 0.27421875 0.96171875 0.053125 0.0734375
0 0.45703125 0.253125 0.0296875 0.0421875
0 0.38203125 0.0125 0.0203125 0.025
0 0.8828125 0.2265625 0.02734375 0.0421875
0 0.66640625 0.1578125 0.02734375 0.040625
0 0.96875 0.23671875 0.02734375 0.0421875
0 0.99296875 0.0890625 0.01171875 0.040625
0 0.778125 0.58671875 0.03125 0.06171875
0 0.78984375 0.09921875 0.02265625 0.0328125
0 0.7453125 0.96640625 0.04375 0.05234375
0 0.0828125 0.3296875 0.0296875 0.04765625
0 0.8390625 0.5671875 0.034375 0.04921875
0 0.009375 0.38984375 0.01796875 0.05703125
0 0.6546875 0.609375 0.0296875 0.04609375
0 0.684375 0.65703125 0.0359375 0.05859375
0 0.9828125 0.54375 0.0296875 0.05546875
0 0.54765625 0.02109375 0.02265625 0.0328125
0 0.83359375 0.01015625 0.0203125 0.0203125
0 0.91484375 0.6296875 0.040625 0.06015625
0 0.86484375 0.15234375 0.02265625 0.034375
0 0.6875 0.00859375 0.025 0.01640625
0 0.14765625 0.021875 0.028125 0.04375
0 0.78984375 0.53671875 0.03125 0.0421875
0 0.0046875 0.1796875 0.009375 0.0453125
0 0.00625 0.1078125 0.01171875 0.0453125
0 0.5078125 0.46875 0.02578125 0.04921875
0 0.175 0.0140625 0.0203125 0.028125
0 0.46171875 0.1171875 0.02109375 0.0296875
0 0.171875 0.11328125 0.025 0.040625
0 0.32578125 0.00703125 0.02265625 0.01328125
0 0.29765625 0.00703125 0.02421875 0.01328125
0 0.00703125 0.009375 0.0140625 0.01796875