0 0.10625 0.515625 0.0484375 0.06484375
0 0.3171875 0.69375 0.04765625 0.071875
0 0.75390625 0.83125 0.040625 0.06171875
0 0.48203125 0.953125 0.0578125 0.07109375
0 0.23046875 0.546875 0.0375 0.04453125
0 0.2421875 0.67890625 0.046875 0.06171875
0 0.4265625 0.68125 0.046875 0.05546875
0 0.5171875 0.76171875 0.05078125 0.06328125
0 0.515625 0.696875 0.05078125 0.05546875
0 0.1890625 0.52578125 0.0453125 0.06328125
0 0.7390625 0.178125 0.025 0.01875
0 0.2765625 0.13046875 0.0203125 0.0171875
0 0.5921875 0.5390625 0.03984375 0.0421875
0 0.8953125 0.14296875 0.01953125 0.0171875
0 0.32890625 0.2484375 0.0234375 0.02421875
0 0.9359375 0.52890625 0.03984375 0.040625
0 0.3609375 0.5390625 0.03515625 0.04453125
0 0.56875 0.8328125 0.0578125 0.06953125
0 0.79609375 0.26796875 0.02265625 0.01875
0 0.19375 0.60234375 0.04296875 0.0515625
0 0.415625 0.59453125 0.04375 0.06015625
0 0.61484375 0.46171875 0.0359375 0.04140625
0 0.41875 0.52265625 0.0390625 0.04375
0 0.45234375 0.15390625 0.02421875 0.0171875
0 0.8953125 0.10546875 0.0171875 0.0140625
0 0.146875 0.26875 0.03046875 0.02109375
0 0.6828125 0.66171875 0.040625 0.05390625
0 0.95234375 0.20859375 0.02421875 0.02109375
0 0.884375 0.709375 0.05 0.0453125
0 0.75390625 0.14375 0.01953125 0.0140625
0 0.04375 0.2703125 0.0234375 0.0203125
0 0.38984375 0.7421875 0.0484375 0.05
0 0.49921875 0.6484375 0.0515625 0.0484375
0 0.578125 0.7578125 0.0484375 0.0515625
0 0.209375 0.3296875 0.03125 0.0234375
0 0.86640625 0.20625 0.02734375 0.0171875
0 0.553125 0.54375 0.0421875 0.05546875
0 0.82734375 0.459375 0.0359375 0.0359375
0 0.57890625 0.23046875 0.02734375 0.015625
0 0.696875 0.85234375 0.06328125 0.05390625
0 0.64375 0.23984375 0.03046875 0.01796875
0 0.853125 0.2671875 0.0265625 0.01796875
0 0.4828125 0.278125 0.0265625 0.021875
0 0.78046875 0.2828125 0.02421875 0.0171875
0 0.96953125 0.51171875 0.03046875 0.03359375
0 0.9265625 0.3046875 0.02734375 0.0203125
0 0.29375 0.3296875 0.0296875 0.02421875
0 0.728125 0.215625 0.0265625 0.015625
0 0.61875 0.2671875 0.0265625 0.0234375
0 0.3109375 0.3015625 0.034375 0.0234375
0 0.3859375 0.453125 0.0390625 0.03828125
0 0.76796875 0.18046875 0.02265625 0.0171875
0 0.41875 0.05703125 0.0171875 0.01484375
0 0.35546875 0.37578125 0.0390625 0.0234375
0 0.446875 0.47578125 0.03828125 0.0390625
0 0.67265625 0.93984375 0.0703125 0.0859375
0 0.46953125 0.8828125 0.06328125 0.05390625
0 0.37890625 0.1421875 0.0234375 0.0171875
0 0.1109375 0.4265625 0.0375 0.0390625
0 0.8453125 0.3921875 0.034375 0.02890625
0 0.73359375 0.24453125 0.025 0.01796875
0 0.11875 0.0578125 0.0171875 0.015625
0 0.678125 0.3296875 0.0265625 0.02109375
0 0.884375 0.26640625 0.028125 0.0203125
0 0.5296875 0.11640625 0.0203125 0.01484375
0 0.565625 0.62265625 0.04375 0.06328125
0 0.071875 0.396875 0.0328125 0.02421875
0 0.90703125 0.771875 0.0546875 0.06875
0 0.5296875 0.49453125 0.040625 0.05
0 0.534375 0.1671875 0.02265625 0.01875
0 0.2171875 0.2421875 0.025 0.015625
0 0.34453125 0.0546875 0.0203125 0.015625
0 0.80703125 0.4234375 0.034375 0.02890625
0 0.74921875 0.5453125 0.03828125 0.04765625
0 0.215625 0.26796875 0.0296875 0.01875
0 0.37578125 0.08984375 0.021875 0.01484375
0 0.1296875 0.103125 0.0234375 0.0203125
0 0.915625 0.1046875 0.0171875 0.0140625
0 0.2953125 0.08125 0.021875 0.01484375
0 0.8921875 0.06953125 0.0171875 0.0140625
0 0.94375 0.08125 0.01640625 0.01484375
0 0.9296875 0.08984375 0.0171875 0.01484375
0 0.31640625 0.1796875 0.021875 0.01796875
0 0.75703125 0.63828125 0.04765625 0.04765625
0 0.790625 0.55078125 0.040625 0.03828125
0 0.3078125 0.26875 0.03046875 0.02109375
0 0.603125 0.1578125 0.0234375 0.0171875
0 0.484375 0.25234375 0.025 0.0171875
0 0.45546875 0.27890625 0.028125 0.0203125
0 0.69921875 0.5421875 0.0375 0.0296875
0 0.78515625 0.1171875 0.0171875 0.015625
0 0.10625 0.19296875 0.0265625 0.015625
0 0.1546875 0.3546875 0.0359375 0.02890625
0 0.7015625 0.14375 0.021875 0.0140625
0 0.378125 0.79765625 0.04765625 0.06171875
0 0.2765625 0.27421875 0.0296875 0.0234375
0 0.803125 0.190625 0.025 0.01875
0 0.88671875 0.190625 0.025 0.0171875
0 0.84609375 0.15390625 0.0203125 0.015625
0 0.28203125 0.15625 0.021875 0.01796875
0 0.84453125 0.5203125 0.0390625 0.0453125
0 0.59453125 0.496875 0.0359375 0.03359375
0 0.54375 0.20703125 0.025 0.015625
0 0.4046875 0.13046875 0.021875 0.015625
0 0.14296875 0.15703125 0.02421875 0.015625
0 0.40703125 0.10390625 0.021875 0.01484375
0 0.62578125 0.85625 0.04375 0.05
0 0.2546875 0.22890625 0.02265625 0.01484375
0 0.4046875 0.0890625 0.0203125 0.01484375
0 0.4015625 0.40078125 0.03515625 0.03203125
0 0.528125 0.41875 0.0359375 0.02734375
0 0.7328125 0.1515625 0.0234375 0.0171875
0 0.5578125 0.17265625 0.0234375 0.0171875
0 0.45 0.11953125 0.01953125 0.0171875
0 0.38359375 0.11484375 0.0203125 0.015625
0 0.82109375 0.5875 0.0359375 0.05859375
0 0.2703125 0.05546875 0.01953125 0.01484375
0 0.07734375 0.1765625 0.0234375 0.0171875
0 0.30234375 0.0453125 0.01875 0.015625
0 0.2171875 0.07890625 0.0203125 0.015625
0 0.48125 0.1484375 0.02265625 0.0171875
0 0.7453125 0.265625 0.0265625 0.02109375
0 0.8390625 0.21953125 0.02265625 0.01875
0 0.190625 0.23984375 0.0265625 0.01796875
0 0.2484375 0.34765625 0.034375 0.02421875
0 0.9671875 0.06796875 0.01953125 0.0140625
0 0.5171875 0.23046875 0.025 0.01796875
0 0.54609375 0.23046875 0.0296875 0.0203125
0 0.91328125 0.340625 0.0296875 0.021875
0 0.753125 0.21796875 0.02265625 0.0171875
0 0.73359375 0.3953125 0.0359375 0.02890625
0 0.753125 0.08046875 0.01640625 0.01484375
0 0.5109375 0.57578125 0.040625 0.0390625
0 0.309375 0.52421875 0.0390625 0.05078125
0 0.7765625 0.253125 0.02734375 0.01875
0 0.98828125 0.20546875 0.021875 0.01875
0 0.01796875 0.27734375 0.0265625 0.0203125
0 0.50390625 0.09296875 0.0171875 0.0125
0 0.240625 0.11796875 0.0203125 0.01484375
0 0.415625 0.1765625 0.0234375 0.01796875
0 0.75625 0.48125 0.03984375 0.03359375
0 0.4953125 0.20078125 0.0265625 0.021875
0 0.640625 0.21640625 0.025 0.015625
0 0.10234375 0.090625 0.02421875 0.015625
0 0.0640625 0.09609375 0.02265625 0.01796875
0 0.1828125 0.14375 0.02265625 0.01484375
0 0.5578125 0.2578125 0.02734375 0.01796875
0 0.3734375 0.19453125 0.02421875 0.01875
0 0.29375 0.47265625 0.03984375 0.040625
0 0.40703125 0.15546875 0.0265625 0.01796875
0 0.04609375 0.15078125 0.025 0.01796875
0 0.86953125 0.16484375 0.02265625 0.01796875
0 0.96953125 0.178125 0.0296875 0.0203125
0 0.31640625 0.05625 0.01953125 0.01484375
0 0.24453125 0.15390625 0.0203125 0.01484375
0 0.9265625 0.13984375 0.02265625 0.01875
0 0.3921875 0.34296875 0.02734375 0.02109375
0 0.35625 0.215625 0.0234375 0.01796875
0 0.796875 0.50703125 0.0375 0.03359375
0 0.215625 0.01953125 0.0171875 0.0140625
0 0.4953125 0.30703125 0.03515625 0.0234375
0 0.6546875 0.14453125 0.021875 0.015625
0 0.67890625 0.13203125 0.021875 0.0140625
0 0.64453125 0.09375 0.015625 0.01171875
0 0.20703125 0.21640625 0.0234375 0.015625
0 0.69375 0.03046875 0.01640625 0.01171875
0 0.0546875 0.1765625 0.0234375 0.01796875
0 0.075 0.37109375 0.0265625 0.02109375
0 0.128125 0.2296875 0.02265625 0.0171875
0 0.753125 0.05390625 0.01640625 0.01484375
0 0.53203125 0.303125 0.03203125 0.0203125
0 0.9125 0.28046875 0.0265625 0.01796875
0 0.0296875 0.2984375 0.03203125 0.0234375
0 0.25078125 0.384375 0.034375 0.021875
0 0.59296875 0.41171875 0.03828125 0.03359375
0 0.78828125 0.60625 0.0328125 0.0328125
0 0.8296875 0.75234375 0.040625 0.04453125
0 0.33046875 0.42265625 0.028125 0.0234375
0 0.05 0.2453125 0.0265625 0.01796875
0 0.62890625 0.1046875 0.01953125 0.0140625
0 0.9296875 0.17734375 0.021875 0.015625
0 0.66875 0.21640625 0.0265625 0.0171875
0 0.31484375 0.0765625 0.0203125 0.015625
0 0.8078125 0.21796875 0.0265625 0.01796875
0 0.70234375 0.35234375 0.034375 0.02421875
0 0.94609375 0.27578125 0.025 0.0203125
0 0.6546875 0.36484375 0.0328125 0.021875
0 0.45390625 0.06953125 0.0171875 0.01484375
0 0.63671875 0.5171875 0.0390625 0.0390625
0 0.0890625 0.0328125 0.01640625 0.0125
0 0.25390625 0.03046875 0.01953125 0.01171875
0 0.6078125 0.228125 0.021875 0.0171875
0 0.1703125 0.43515625 0.0359375 0.03671875
0 0.42890625 0.01953125 0.01640625 0.015625
0 0.79375 0.09140625 0.0171875 0.0125
0 0.03984375 0.40390625 0.0359375 0.0265625
0 0.82734375 0.178125 0.021875 0.0171875
0 0.71015625 0.19453125 0.0234375 0.01875
0 0.9171875 0.19453125 0.021875 0.0171875
0 0.2671875 0.0828125 0.0203125 0.01484375
0 0.9859375 0.43984375 0.0234375 0.0265625
0 0.36796875 0.49921875 0.0421875 0.03359375
0 0.91875 0.06875 0.0171875 0.0125
0 0.1546875 0.23203125 0.028125 0.0171875
0 0.5890625 0.30625 0.025 0.01875
0 0.3 0.4171875 0.0375 0.0296875
0 0.4296875 0.12109375 0.021875 0.0171875
0 0.08125 0.3015625 0.03125 0.02421875
0 0.01015625 0.20546875 0.0203125 0.0171875
0 0.81953125 0.28984375 0.0296875 0.0203125
0 0.76953125 0.0671875 0.015625 0.0140625
0 0.55234375 0.11953125 0.02265625 0.015625
0 0.1890625 0.29375 0.0296875 0.0234375
0 0.45 0.20703125 0.028125 0.0203125
0 0.31953125 0.13203125 0.021875 0.01484375
0 0.14609375 0.040625 0.01875 0.0171875
0 0.446875 0.25078125 0.0265625 0.0171875
0 0.49296875 0.4296875 0.0359375 0.02890625
0 0.1203125 0.3515625 0.0359375 0.0296875
0 0.190625 0.3796875 0.03203125 0.0265625
0 0.70859375 0.1671875 0.02421875 0.01796875
0 0.71796875 0.04140625 0.01875 0.0125
0 0.4546875 0.17890625 0.0234375 0.0171875
0 0.63125 0.0421875 0.01640625 0.0125
0 0.103125 0.28046875 0.025 0.01875
0 0.8609375 0.30546875 0.028125 0.021875
0 0.50390625 0.03125 0.015625 0.01171875
0 0.559375 0.14375 0.02421875 0.01484375
0 0.33046875 0.09453125 0.0203125 0.01484375
0 0.91484375 0.24296875 0.0265625 0.02109375
0 0.44375 0.09296875 0.0203125 0.0125
0 0.29375 0.06640625 0.0203125 0.01484375
0 0.7109375 0.115625 0.01953125 0.015625
0 0.80546875 0.10390625 0.01640625 0.0125
0 0.41875 0.36796875 0.034375 0.02578125
0 0.68359375 0.16484375 0.0234375 0.01796875
0 0.753125 0.775 0.04765625 0.04140625
0 0.2171875 0.11640625 0.0234375 0.01484375
0 0.0078125 0.16328125 0.015625 0.01875
0 0.5578125 0.4046875 0.03515625 0.02734375
0 0.58046875 0.11640625 0.02265625 0.0125
0 0.2359375 0.05390625 0.0171875 0.0171875
0 0.6546875 0.2671875 0.02734375 0.02109375
0 0.15546875 0.20546875 0.02421875 0.0171875
0 0.4875 0.11640625 0.0203125 0.0171875
0 0.16484375 0.06484375 0.0171875 0.01875
0 0.54609375 0.10390625 0.02265625 0.01484375
0 0.471875 0.065625 0.0171875 0.01484375
0 0.8296875 0.1046875 0.0171875 0.0140625
0 0.6828125 0.46328125 0.040625 0.03828125
0 0.30234375 0.3625 0.0421875 0.03046875
0 0.18046875 0.25625 0.02421875 0.0171875
0 0.31640625 0.15546875 0.0234375 0.01796875
0 0.93515625 0.11796875 0.01640625 0.0125
0 0.0796875 0.240625 0.025 0.015625
0 0.5296875 0.14296875 0.0234375 0.01484375
0 0.3609375 0.421875 0.03515625 0.0234375
0 0.165625 0.04140625 0.0171875 0.01484375
0 0.6140625 0.09140625 0.01953125 0.0140625
0 0.25546875 0.18984375 0.02421875 0.0171875
0 0.34296875 0.03125 0.01875 0.01171875
0 0.07734375 0.27734375 0.028125 0.01875
0 0.13984375 0.01875 0.01640625 0.015625
0 0.6921875 0.584375 0.04765625 0.04765625
0 0.7140625 0.3125 0.03125 0.0234375
0 0.540625 0.08046875 0.01953125 0.01484375
0 0.75625 0.42578125 0.03828125 0.0296875
0 0.4046875 0.203125 0.0296875 0.02109375
0 0.1953125 0.0171875 0.0171875 0.01484375
0 0.82734375 0.25703125 0.028125 0.01875
0 0.97265625 0.24296875 0.0234375 0.01796875
0 0.74765625 0.12890625 0.0203125 0.01484375
0 0.79140625 0.02890625 0.01484375 0.0140625
0 0.59609375 0.13203125 0.0203125 0.015625
0 0.82734375 0.13203125 0.0171875 0.01484375
0 0.95859375 0.10390625 0.02265625 0.01484375
0 0.57734375 0.08046875 0.0171875 0.01484375
0 0.8765625 0.540625 0.0328125 0.0234375
0 0.6921875 0.2421875 0.028125 0.01796875
0 0.70703125 0.0921875 0.0171875 0.01484375
0 0.92109375 0.615625 0.0421875 0.03671875
0 0.2953125 0.228125 0.0296875 0.01796875
0 0.2171875 0.0546875 0.01953125 0.015625
0 0.6640625 0.10546875 0.0171875 0.0140625
0 0.3625 0.075 0.01953125 0.01875
0 0.90546875 0.3859375 0.0328125 0.02578125
0 0.228125 0.13828125 0.021875 0.015625
0 0.57734375 0.2015625 0.02421875 0.015625
0 0.73125 0.053125 0.0171875 0.0140625
0 0.14609375 0.39921875 0.03046875 0.0359375
0 0.503125 0.13984375 0.025 0.01875
0 0.71953125 0.26484375 0.025 0.02109375
0 0.89140625 0.21171875 0.02734375 0.02109375
0 0.6828125 0.08125 0.01640625 0.0140625
0 0.1828125 0.47578125 0.04765625 0.03203125
0 0.2484375 0.31953125 0.0296875 0.0203125
0 0.4203125 0.078125 0.0203125 0.0125
0 0.875 0.3671875 0.0390625 0.02421875
0 0.809375 0.02890625 0.0125 0.0125
0 0.86875 0.65703125 0.0484375 0.03828125