0 0.79921875 0.5140625 0.034375 0.0546875
0 0.50078125 0.103125 0.015625 0.025
0 0.7484375 0.25078125 0.0265625 0.0375
0 0.7328125 0.44921875 0.03515625 0.04921875
0 0.97578125 0.18828125 0.025 0.03515625
0 0.3671875 0.13125 0.015625 0.01953125
0 0.3328125 0.2234375 0.0171875 0.0296875
0 0.88125 0.05625 0.01640625 0.025
0 0.290625 0.071875 0.01640625 0.025
0 0.790625 0.07578125 0.0171875 0.02578125
0 0.8421875 0.1484375 0.02265625 0.03125
0 0.7046875 0.2359375 0.0234375 0.0328125
0 0.44140625 0.11640625 0.015625 0.025
0 0.9203125 0.1734375 0.0203125 0.03125
0 0.50703125 0.13828125 0.0171875 0.02890625
0 0.48359375 0.1375 0.01640625 0.025
0 0.70078125 0.0703125 0.01484375 0.0234375
0 0.85625 0.0484375 0.01640625 0.025
0 0.9125 0.22265625 0.025 0.03671875
0 0.62890625 0.4921875 0.03125 0.046875
0 0.8328125 0.06875 0.015625 0.025
0 0.9046875 0.3703125 0.03203125 0.0453125
0 0.72578125 0.0296875 0.0171875 0.02578125
0 0.46953125 0.03515625 0.01484375 0.02109375
0 0.49296875 0.31171875 0.0203125 0.0296875
0 0.853125 0.24921875 0.02734375 0.0375
0 0.47578125 0.66640625 0.0296875 0.04921875
0 0.725 0.1390625 0.0203125 0.0296875
0 0.2671875 0.0609375 0.01484375 0.025
0 0.62578125 0.03125 0.0125 0.02109375
0 0.215625 0.11875 0.01875 0.0328125
0 0.6515625 0.0828125 0.01640625 0.025
0 0.62578125 0.1234375 0.015625 0.02578125
0 0.80234375 0.11875 0.0203125 0.0296875
0 0.70859375 0.10625 0.01640625 0.025
0 0.1546875 0.19375 0.0234375 0.0328125
0 0.6734375 0.040625 0.01484375 0.025
0 0.53203125 0.39453125 0.0296875 0.0390625
0 0.171875 0.759375 0.0484375 0.06875
0 0.071875 0.19453125 0.02421875 0.03515625
0 0.0609375 0.12890625 0.0234375 0.03359375
0 0.84375 0.7328125 0.0484375 0.06640625
0 0.5296875 0.0796875 0.0125 0.01953125
0 0.82109375 0.0375 0.0171875 0.025
0 0.2984375 0.17265625 0.0203125 0.0296875
0 0.0546875 0.31875 0.0296875 0.04296875
0 0.12734375 0.1796875 0.0203125 0.03359375
0 0.5296875 0.10546875 0.01484375 0.02578125
0 0.16875 0.0921875 0.01875 0.02578125
0 0.6 0.1140625 0.01484375 0.021875
0 0.66640625 0.56875 0.028125 0.0375
0 0.1515625 0.084375 0.01875 0.02578125
0 0.75859375 0.0546875 0.0171875 0.02578125
0 0.91484375 0.9859375 0.0578125 0.025
0 0.50078125 0.24375 0.021875 0.0296875
0 0.021875 0.3296875 0.02421875 0.03359375
0 0.18828125 0.1203125 0.01875 0.0296875
0 0.99296875 0.4234375 0.01171875 0.05703125
0 0.396875 0.10625 0.01875 0.025
0 0.59140625 0.0765625 0.01484375 0.02109375
0 0.60234375 0.0375 0.0140625 0.01953125
0 0.3859375 0.0859375 0.01484375 0.01796875
0 0.821875 0.10546875 0.01875 0.03125
0 0.446875 0.01875 0.0125 0.01953125
0 0.540625 0.0328125 0.01171875 0.02109375
0 0.81953125 0.0125 0.01484375 0.01953125
0 0.5828125 0.01953125 0.0140625 0.01796875
0 0.55625 0.0609375 0.0125 0.02109375
0 0.26484375 0.16953125 0.0203125 0.02890625
0 0.353125 0.228125 0.01640625 0.025
0 0.009375 0.22890625 0.01875 0.0359375
0 0.353125 0.1609375 0.01640625 0.021875
0 0.53828125 0.05703125 0.0140625 0.02109375
0 0.56328125 0.0859375 0.01484375 0.0234375
0 0.21328125 0.21953125 0.01640625 0.021875
0 0.628125 0.00546875 0.01484375 0.01015625
0 0.846875 0.0078125 0.01484375 0.015625
0 0.8671875 0.09296875 0.015625 0.025
0 0.94140625 0.00625 0.015625 0.01171875
0 0.9109375 0.00546875 0.01640625 0.01015625
0 0.56484375 0.00546875 0.0125 0.01015625
0 0.58671875 0.1 0.01484375 0.01953125
0 0.50625 0.275 0.01875 0.02578125