0 0.9046875 0.0578125 0.028125 0.04296875
0 0.10078125 0.47890625 0.0484375 0.0703125
0 0.57734375 0.15390625 0.03515625 0.04921875
0 0.0234375 0.38046875 0.046875 0.05703125
0 0.09765625 0.1953125 0.03125 0.04453125
0 0.521875 0.1546875 0.03203125 0.0453125
0 0.23671875 0.19921875 0.03046875 0.03671875
0 0.38125 0.61171875 0.05546875 0.08828125
0 0.06171875 0.33515625 0.0421875 0.053125
0 0.7046875 0.0375 0.0296875 0.04296875
0 0.1234375 0.30625 0.0390625 0.0546875
0 0.91015625 0.1109375 0.03125 0.0453125
0 0.3 0.1390625 0.0265625 0.04296875
0 0.23984375 0.3390625 0.034375 0.05078125
0 0.97265625 0.0796875 0.03125 0.05078125
0 0.04765625 0.23046875 0.0359375 0.04921875
0 0.0296875 0.17890625 0.03046875 0.040625
0 0.4609375 0.425 0.053125 0.06875
0 0.37265625 0.35 0.03984375 0.05625
0 0.59765625 0.2125 0.0390625 0.05625
0 0.2546875 0.1390625 0.02734375 0.0375
0 0.42265625 0.30625 0.0421875 0.053125
0 0.24375 0.23671875 0.0359375 0.04921875
0 0.85078125 0.12265625 0.0375 0.05703125
0 0.171875 0.40703125 0.05078125 0.071875
0 0.67109375 0.38203125 0.0546875 0.0765625
0 0.2796875 0.2875 0.03203125 0.04921875
0 0.6515625 0.64375 0.0234375 0.03515625
0 0.28046875 0.17578125 0.0296875 0.0390625
0 0.82734375 0.26875 0.0484375 0.0765625
0 0.0609375 0.2875 0.03203125 0.04296875
0 0.2765625 0.225 0.0296875 0.04453125
0 0.72421875 0.09296875 0.0265625 0.0375
0 0.803125 0.01875 0.025 0.0375
0 0.1984375 0.3421875 0.0421875 0.05703125
0 0.93828125 0.0921875 0.02734375 0.0484375
0 0.446875 0.1796875 0.03203125 0.04453125
0 0.975 0.81875 0.04765625 0.1234375
0 0.540625 0.2015625 0.0328125 0.06015625
0 0.23515625 0.1640625 0.0265625 0.03359375
0 0.009375 0.1 0.01875 0.0375
0 0.28984375 0.8921875 0.0734375 0.109375
0 0.01484375 0.290625 0.0296875 0.0453125
0 0.009375 0.22734375 0.01875 0.0421875
0 0.7734375 0.0078125 0.02734375 0.015625
0 0.1203125 0.24765625 0.0390625 0.05234375
0 0.1078125 0.009375 0.028125 0.01875
0 0.3578125 0.88671875 0.0203125 0.03125