0 0.33046875 0.8203125 0.05390625 0.09140625
0 0.4546875 0.3625 0.0171875 0.0296875
0 0.11484375 0.421875 0.01640625 0.02578125
0 0.471875 0.41875 0.01640625 0.025
0 0.1515625 0.4234375 0.01953125 0.0296875
0 0.25625 0.3859375 0.01484375 0.025
0 0.3796875 0.321875 0.009375 0.0171875
0 0.1734375 0.409375 0.01953125 0.02734375
0 0.796875 0.2421875 0.01171875 0.01796875
0 0.6734375 0.303125 0.01484375 0.02109375
0 0.50078125 0.4125 0.0203125 0.0328125
0 0.0921875 0.3921875 0.0140625 0.01953125
0 0.23984375 0.44296875 0.02265625 0.03125
0 0.60625 0.31796875 0.0125 0.02109375
0 0.05390625 0.46953125 0.0171875 0.025
0 0.2328125 0.4015625 0.015625 0.021875
0 0.8734375 0.25625 0.015625 0.025
0 0.053125 0.36875 0.0125 0.01953125
0 0.5375 0.3296875 0.01640625 0.0234375
0 0.4046875 0.40703125 0.0140625 0.01953125
0 0.73984375 0.20546875 0.0109375 0.01328125
0 0.0609375 0.34453125 0.01171875 0.0140625
0 0.8078125 0.196875 0.009375 0.0140625
0 0.99375 0.18046875 0.0109375 0.0140625
0 0.10078125 0.36640625 0.0140625 0.01953125
0 0.56796875 0.17890625 0.00703125 0.01171875
0 0.353125 0.4125 0.015625 0.0234375
0 0.75546875 0.2046875 0.0109375 0.0140625
0 0.27109375 0.42578125 0.01484375 0.02578125
0 0.4265625 0.3671875 0.01484375 0.02109375
0 0.73984375 0.2421875 0.0109375 0.015625
0 0.96171875 0.18671875 0.0109375 0.0140625
0 0.81875 0.18125 0.00859375 0.01171875
0 0.5578125 0.24375 0.009375 0.01328125
0 0.5921875 0.24140625 0.00859375 0.0140625
0 0.12734375 0.33046875 0.0125 0.01328125
0 0.5578125 0.2046875 0.00859375 0.0140625
0 0.40703125 0.30625 0.009375 0.0140625
0 0.61796875 0.19375 0.00859375 0.01171875
0 0.31484375 0.36796875 0.0125 0.01953125
0 0.60546875 0.1671875 0.0078125 0.01171875
0 0.1421875 0.2921875 0.0078125 0.01171875
0 0.54296875 0.18125 0.0078125 0.01171875
0 0.9890625 0.209375 0.0140625 0.01796875
0 0.1796875 0.2953125 0.0078125 0.01171875
0 0.86953125 0.15625 0.00859375 0.01328125
0 0.9578125 0.1546875 0.009375 0.0140625
0 0.98125 0.11875 0.0078125 0.01171875
0 0.88125 0.15625 0.00859375 0.01328125
0 0.6828125 0.18125 0.00859375 0.01328125
0 0.54375 0.19296875 0.0078125 0.01015625
0 0.978125 0.18828125 0.01171875 0.0171875
0 0.9328125 0.14140625 0.009375 0.01171875
0 0.51796875 0.19375 0.00703125 0.0078125
0 0.35625 0.31875 0.009375 0.01328125
0 0.75625 0.1546875 0.00703125 0.01171875
0 0.071875 0.40625 0.01484375 0.01796875
0 0.1296875 0.29375 0.0078125 0.01171875
0 0.053125 0.30546875 0.01171875 0.01171875
0 0.78203125 0.19296875 0.00859375 0.01328125
0 0.93203125 0.20625 0.0109375 0.0140625
0 0.740625 0.3015625 0.0125 0.01953125
0 0.08359375 0.3296875 0.0109375 0.0140625
0 0.84375 0.11875 0.0078125 0.0078125
0 0.23671875 0.3109375 0.00703125 0.01015625
0 0.73984375 0.26015625 0.0109375 0.01796875
0 0.7421875 0.16796875 0.0078125 0.01328125
0 0.79296875 0.18125 0.0078125 0.01328125
0 0.97734375 0.34296875 0.0140625 0.01953125
0 0.00390625 0.31875 0.0078125 0.01328125
0 0.365625 0.23046875 0.0109375 0.01328125
0 0.64296875 0.17890625 0.00703125 0.01171875
0 0.9890625 0.1359375 0.00859375 0.0140625
0 0.8875 0.1109375 0.0078125 0.0078125
0 0.68984375 0.196875 0.0109375 0.0140625
0 0.76796875 0.1546875 0.00703125 0.01171875
0 0.778125 0.24375 0.0125 0.01796875
0 0.53828125 0.3078125 0.009375 0.0140625
0 0.61875 0.16875 0.00703125 0.01171875
0 0.53125 0.20546875 0.0078125 0.01328125
0 0.91875 0.1421875 0.00859375 0.01171875
0 0.66875 0.17890625 0.0078125 0.01171875
0 0.79375 0.15546875 0.0078125 0.01171875
0 0.89296875 0.128125 0.00703125 0.01171875
0 0.11875 0.30546875 0.00703125 0.01171875
0 0.128125 0.39296875 0.01484375 0.01796875
0 0.946875 0.18125 0.0109375 0.0171875
0 0.0421875 0.42265625 0.01484375 0.01953125
0 0.8953125 0.14453125 0.00859375 0.01328125
0 0.0421875 0.30625 0.0109375 0.01328125
0 0.3078125 0.2296875 0.0078125 0.01171875
0 0.63125 0.16796875 0.00703125 0.0078125
0 0.31875 0.29296875 0.00703125 0.0078125
0 0.76484375 0.221875 0.0109375 0.0140625
0 0.759375 0.2453125 0.01171875 0.0171875
0 0.7421875 0.18125 0.0078125 0.01328125
0 0.59140625 0.2171875 0.00859375 0.01328125
0 0.58046875 0.18046875 0.00703125 0.01171875
0 0.86171875 0.11171875 0.00703125 0.0078125
0 0.59296875 0.18046875 0.0078125 0.01171875
0 0.66875 0.21796875 0.00859375 0.01171875
0 0.85625 0.16875 0.00859375 0.01171875
0 0.60546875 0.19453125 0.0078125 0.01171875
0 0.7625 0.1859375 0.00859375 0.01328125
0 0.48671875 0.2109375 0.00703125 0.01015625
0 0.74296875 0.13125 0.00703125 0.0078125
0 0.8359375 0.1859375 0.009375 0.01328125
0 0.028125 0.3734375 0.0125 0.0140625
0 0.61875 0.18046875 0.00703125 0.01171875
0 0.85625 0.13125 0.00703125 0.01171875
0 0.55625 0.2265625 0.00703125 0.01328125
0 0.9671875 0.22578125 0.01171875 0.0171875
0 0.42109375 0.3015625 0.0109375 0.0171875
0 0.71796875 0.16796875 0.00703125 0.01328125
0 0.33046875 0.23046875 0.00703125 0.0078125
0 0.64296875 0.2140625 0.00703125 0.01171875