0 0.05546875 0.88203125 0.0828125 0.13046875
0 0.53515625 0.82890625 0.06484375 0.09140625
0 0.3671875 0.69375 0.0234375 0.0484375
0 0.53203125 0.39609375 0.015625 0.0265625
0 0.409375 0.840625 0.06484375 0.1015625
0 0.83828125 0.9015625 0.05546875 0.08671875
0 0.75625 0.37109375 0.0171875 0.02890625
0 0.42109375 0.5359375 0.0203125 0.040625
0 0.603125 0.415625 0.015625 0.0265625
0 0.68046875 0.39609375 0.0140625 0.03125
0 0.51640625 0.4171875 0.0171875 0.03359375
0 0.40546875 0.659375 0.0234375 0.04609375
0 0.234375 0.4828125 0.0234375 0.040625
0 0.20234375 0.50625 0.0234375 0.03828125
0 0.7234375 0.92734375 0.1140625 0.13984375
0 0.41875 0.44375 0.015625 0.03359375
0 0.96875 0.83359375 0.05390625 0.09609375
0 0.79375 0.24375 0.015625 0.02421875
0 0.70234375 0.5015625 0.0203125 0.03359375
0 0.78203125 0.30625 0.0140625 0.02421875
0 0.53046875 0.47578125 0.01875 0.0359375
0 0.5546875 0.40859375 0.0171875 0.03125
0 0.93984375 0.27109375 0.015625 0.03125
0 0.79296875 0.33125 0.0140625 0.0265625
0 0.34609375 0.6015625 0.021875 0.0359375
0 0.41796875 0.359375 0.0140625 0.02421875
0 0.47734375 0.67109375 0.02578125 0.040625
0 0.37578125 0.76015625 0.03828125 0.06484375
0 0.58515625 0.56640625 0.0203125 0.03828125
0 0.2125 0.246875 0.021875 0.040625
0 0.3265625 0.49140625 0.0203125 0.03359375
0 0.015625 0.40390625 0.025 0.04609375
0 0.5578125 0.58671875 0.0203125 0.0359375
0 0.49296875 0.4015625 0.0171875 0.03125
0 0.3890625 0.58671875 0.021875 0.040625
0 0.59453125 0.74921875 0.03828125 0.07265625
0 0.334375 0.459375 0.0171875 0.03125
0 0.6140625 0.39375 0.015625 0.0265625
0 0.01484375 0.56875 0.0203125 0.03828125
0 0.38515625 0.41328125 0.0171875 0.03125
0 0.12421875 0.41953125 0.0234375 0.04375
0 0.48359375 0.3265625 0.0140625 0.0265625
0 0.83046875 0.25390625 0.015625 0.0265625
0 0.47421875 0.5015625 0.01875 0.03359375
0 0.0984375 0.52890625 0.025 0.04609375
0 0.30390625 0.54921875 0.0203125 0.03828125
0 0.359375 0.4890625 0.0234375 0.03828125
0 0.61953125 0.359375 0.0140625 0.02421875
0 0.93359375 0.184375 0.0125 0.021875
0 0.690625 0.13125 0.015625 0.0265625
0 0.38046875 0.53359375 0.0203125 0.0359375
0 0.07734375 0.65390625 0.02578125 0.040625
0 0.67734375 0.346875 0.0140625 0.02421875
0 0.54453125 0.52890625 0.01875 0.03125
0 0.5078125 0.33125 0.015625 0.0265625
0 0.69453125 0.78046875 0.03828125 0.0671875
0 0.0828125 0.78203125 0.06484375 0.06953125
0 0.83046875 0.29375 0.015625 0.02890625
0 0.86953125 0.259375 0.015625 0.0265625
0 0.48046875 0.46875 0.0140625 0.0265625
0 0.78828125 0.359375 0.0140625 0.02890625
0 0.04453125 0.540625 0.021875 0.0359375
0 0.76484375 0.3265625 0.015625 0.0265625
0 0.34609375 0.51953125 0.01875 0.0359375
0 0.74140625 0.259375 0.0125 0.021875
0 0.64609375 0.39375 0.015625 0.0265625
0 0.9046875 0.159375 0.0125 0.01953125
0 0.65859375 0.29375 0.015625 0.02421875
0 0.371875 0.440625 0.0203125 0.03359375
0 0.8 0.29140625 0.015625 0.02890625
0 0.4375 0.459375 0.0203125 0.0359375
0 0.16640625 0.22890625 0.01875 0.03359375
0 0.53046875 0.359375 0.015625 0.02421875
0 0.415625 0.4984375 0.01875 0.03359375
0 0.471875 0.3640625 0.0140625 0.02890625
0 0.4828125 0.6109375 0.021875 0.0359375
0 0.45234375 0.40625 0.01875 0.0359375
0 0.89453125 0.21484375 0.0140625 0.02421875
0 0.3734375 0.29609375 0.0171875 0.03359375
0 0.99375 0.215625 0.009375 0.0265625
0 0.50625 0.4984375 0.01875 0.03828125
0 0.76171875 0.5109375 0.01875 0.03359375
0 0.4828125 0.54375 0.01875 0.03125
0 0.534375 0.58671875 0.0203125 0.040625
0 0.73046875 0.2796875 0.015625 0.02421875
0 0.03359375 0.27578125 0.02734375 0.04609375
0 0.465625 0.28203125 0.0140625 0.02421875
0 0.35625 0.27578125 0.0171875 0.03125
0 0.6296875 0.4515625 0.0140625 0.0265625
0 0.5765625 0.521875 0.01875 0.0359375
0 0.76953125 0.27578125 0.015625 0.0265625
0 0.08203125 0.5890625 0.0203125 0.0359375
0 0.82734375 0.2265625 0.015625 0.02421875
0 0.8609375 0.3171875 0.0140625 0.0265625
0 0.50625 0.58671875 0.01875 0.0359375
0 0.04609375 0.478125 0.021875 0.040625
0 0.36875 0.38046875 0.0140625 0.03359375
0 0.42109375 0.3265625 0.0140625 0.0265625
0 0.09375 0.3734375 0.01875 0.03828125
0 0.7546875 0.25078125 0.0140625 0.02421875
0 0.93125 0.21953125 0.0140625 0.02890625
0 0.89453125 0.18046875 0.0140625 0.02421875
0 0.75 0.46875 0.0171875 0.03125
0 0.33203125 0.40390625 0.01875 0.0359375
0 0.50390625 0.36640625 0.0171875 0.02890625
0 0.69375 0.3640625 0.015625 0.02890625
0 0.8546875 0.2015625 0.0140625 0.021875
0 0.4328125 0.3890625 0.0140625 0.03125
0 0.6296875 0.3890625 0.0140625 0.03125
0 0.94609375 0.146875 0.0125 0.01953125
0 0.9125 0.26171875 0.015625 0.0265625
0 0.12578125 0.53125 0.021875 0.05078125
0 0.8890625 0.84453125 0.04609375 0.084375
0 0.13125 0.23125 0.0171875 0.02890625
0 0.0640625 0.70625 0.03828125 0.0671875
0 0.69453125 0.20625 0.0140625 0.0265625
0 0.6046875 0.53359375 0.021875 0.0359375
0 0.46875 0.30625 0.0140625 0.02421875
0 0.70234375 0.3015625 0.0140625 0.02421875
0 0.41328125 0.40859375 0.0171875 0.03125
0 0.728125 0.35390625 0.0140625 0.02890625
0 0.459375 0.34375 0.0140625 0.0265625
0 0.471875 0.57578125 0.0234375 0.03828125
0 0.71484375 0.33359375 0.0171875 0.0265625
0 0.384375 0.4890625 0.01875 0.03359375
0 0.7921875 0.221875 0.0125 0.01953125
0 0.3921875 0.45390625 0.01875 0.0359375
0 0.41796875 0.59140625 0.0203125 0.0359375
0 0.9234375 0.13828125 0.0125 0.021875
0 0.95859375 0.2359375 0.015625 0.02421875
0 0.353125 0.40625 0.0171875 0.0265625
0 0.59375 0.38046875 0.015625 0.02890625
0 0.54765625 0.49609375 0.015625 0.03359375
0 0.3796875 0.35390625 0.015625 0.02890625
0 0.7546875 0.27734375 0.0140625 0.01953125
0 0.39375 0.36640625 0.015625 0.03359375
0 0.73046875 0.33125 0.015625 0.021875
0 0.22578125 0.53828125 0.025 0.040625
0 0.5265625 0.24375 0.0171875 0.02890625
0 0.22265625 0.33125 0.0203125 0.0359375
0 0.315625 0.24375 0.015625 0.02890625
0 0.89375 0.5984375 0.03359375 0.06015625
0 0.734375 0.30390625 0.0140625 0.02421875
0 0.71640625 0.37578125 0.0140625 0.02421875
0 0.74375 0.20625 0.0109375 0.021875
0 0.8078125 0.21328125 0.015625 0.021875
0 0.67890625 0.31484375 0.0140625 0.021875
0 0.33359375 0.56171875 0.025 0.04375
0 0.1515625 0.26640625 0.0203125 0.0359375
0 0.8546875 0.26171875 0.0140625 0.021875
0 0.30390625 0.59375 0.0234375 0.040625
0 0.51875 0.53828125 0.015625 0.03125
0 0.58125 0.45390625 0.01875 0.03125
0 0.33671875 0.37109375 0.01875 0.02890625
0 0.94375 0.20390625 0.0140625 0.0265625
0 0.4890625 0.43359375 0.015625 0.03359375
0 0.83359375 0.19609375 0.0125 0.021875
0 0.06328125 0.5890625 0.01875 0.0359375
0 0.91484375 0.22890625 0.0140625 0.02421875
0 0.4421875 0.3015625 0.0140625 0.02421875
0 0.61484375 0.46875 0.0171875 0.03125
0 0.890625 0.246875 0.015625 0.021875
0 0.44765625 0.521875 0.01875 0.0359375
0 0.871875 0.13359375 0.0109375 0.021875
0 0.8109375 0.26640625 0.015625 0.021875
0 0.6328125 0.34375 0.0140625 0.0265625
0 0.8796875 0.21796875 0.015625 0.021875
0 0.659375 0.33828125 0.0140625 0.0265625
0 0.64765625 0.48046875 0.01875 0.03125
0 0.3109375 0.41171875 0.015625 0.02421875
0 0.47421875 0.40859375 0.015625 0.03125
0 0.115625 0.2984375 0.021875 0.04375
0 0.6140625 0.32890625 0.015625 0.0265625
0 0.48515625 0.359375 0.0140625 0.02890625
0 0.31015625 0.89375 0.06015625 0.1109375
0 0.58828125 0.3484375 0.0140625 0.0265625
0 0.5578125 0.459375 0.0140625 0.0265625
0 0.4546875 0.36875 0.0140625 0.02890625
0 0.703125 0.26640625 0.0125 0.021875
0 0.99375 0.13359375 0.009375 0.0265625
0 0.325 0.29375 0.01875 0.03359375
0 0.22265625 0.4515625 0.0203125 0.0359375
0 0.82890625 0.340625 0.015625 0.03125
0 0.68359375 0.25078125 0.0140625 0.02421875
0 0.428125 0.25625 0.0140625 0.021875
0 0.25 0.51953125 0.0234375 0.04609375
0 0.9140625 0.178125 0.0125 0.02421875
0 0.459375 0.4515625 0.0171875 0.03125
0 0.52734375 0.1890625 0.015625 0.03125
0 0.84296875 0.2171875 0.0125 0.01953125
0 0.24375 0.6015625 0.0203125 0.03125
0 0.23359375 0.76640625 0.05234375 0.08203125
0 0.8171875 0.13125 0.0125 0.021875
0 0.85390625 0.13125 0.009375 0.0171875
0 0.11171875 0.5734375 0.0203125 0.03359375
0 0.8546875 0.15625 0.0109375 0.01953125
0 0.584375 0.41953125 0.015625 0.02890625
0 0.66953125 0.240625 0.015625 0.02421875
0 0.15703125 0.4890625 0.021875 0.04375
0 0.665625 0.26640625 0.0140625 0.021875
0 0.63359375 0.31796875 0.015625 0.02421875
0 0.8140625 0.34609375 0.015625 0.0265625
0 0.825 0.16640625 0.0125 0.02421875
0 0.8953125 0.121875 0.0125 0.021875
0 0.69375 0.33125 0.015625 0.021875
0 0.8578125 0.23828125 0.0109375 0.01953125
0 0.71875 0.30625 0.015625 0.02421875
0 0.77890625 0.23125 0.0140625 0.02421875
0 0.87265625 0.18203125 0.0125 0.021875
0 0.5875 0.478125 0.01875 0.03125
0 0.6671875 0.37109375 0.0140625 0.02890625
0 0.66953125 0.53828125 0.015625 0.03125
0 0.0140625 0.640625 0.021875 0.03359375
0 0.88359375 0.26640625 0.0140625 0.0265625
0 0.8171875 0.19609375 0.0125 0.021875
0 0.275 0.59140625 0.0203125 0.03125
0 0.27578125 0.62890625 0.0203125 0.03359375
0 0.45390625 0.31953125 0.0125 0.021875
0 0.484375 0.27109375 0.015625 0.0265625
0 0.2234375 0.58046875 0.025 0.03828125
0 0.84375 0.27578125 0.0140625 0.021875
0 0.73046875 0.78203125 0.03046875 0.05078125
0 0.89453125 0.30390625 0.0140625 0.02421875
0 0.559375 0.35390625 0.0140625 0.02890625
0 0.728125 0.2171875 0.0140625 0.01953125
0 0.4875 0.29609375 0.015625 0.02421875
0 0.7171875 0.14453125 0.009375 0.01953125
0 0.85546875 0.178125 0.0125 0.01953125
0 0.346875 0.34609375 0.0140625 0.0265625
0 0.72578125 0.246875 0.0125 0.021875
0 0.609375 0.44375 0.015625 0.02890625
0 0.04453125 0.58046875 0.01875 0.03359375
0 0.66484375 0.19140625 0.0125 0.021875
0 0.4546875 0.22421875 0.0140625 0.02421875
0 0.86640625 0.6265625 0.025 0.03828125
0 0.43125 0.34609375 0.0140625 0.0265625
0 0.4546875 0.29375 0.0140625 0.02421875
0 0.75390625 0.22890625 0.0125 0.01953125
0 0.7765625 0.18046875 0.0125 0.02421875
0 0.84375 0.178125 0.0109375 0.01953125
0 0.87734375 0.1515625 0.0109375 0.01953125
0 0.52734375 0.078125 0.015625 0.0265625
0 0.36171875 0.55625 0.01875 0.03828125
0 0.8453125 0.23828125 0.0140625 0.02421875
0 0.73203125 0.19375 0.009375 0.0171875
0 0.15234375 0.54921875 0.02734375 0.03828125
0 0.4953125 0.18203125 0.0125 0.021875
0 0.1765625 0.5265625 0.021875 0.040625
0 0.56484375 0.55390625 0.01875 0.02890625
0 0.96640625 0.19375 0.0125 0.021875
0 0.48828125 0.80390625 0.03515625 0.06953125
0 0.99375 0.18203125 0.009375 0.0265625
0 0.6875 0.28515625 0.015625 0.021875
0 0.19375 0.83984375 0.06796875 0.12265625
0 0.99375 0.0421875 0.009375 0.0171875
0 0.89375 0.14375 0.0125 0.021875
0 0.753125 0.13125 0.0109375 0.0171875
0 0.965625 0.04453125 0.0109375 0.0171875
0 0.25234375 0.44375 0.01875 0.03359375
0 0.7125 0.2359375 0.0125 0.01953125
0 0.49921875 0.46171875 0.0171875 0.03125
0 0.9828125 0.084375 0.0125 0.01953125
0 0.8078125 0.321875 0.015625 0.0265625
0 0.64453125 0.184375 0.0125 0.021875
0 0.653125 0.23125 0.0140625 0.02421875
0 0.46328125 0.18203125 0.0125 0.021875
0 0.78359375 0.140625 0.0109375 0.0171875
0 0.075 0.55625 0.0171875 0.02890625
0 0.9046875 0.0046875 0.009375 0.009375
0 0.76640625 0.221875 0.0125 0.02421875
0 0.46484375 0.63125 0.021875 0.03828125
0 0.76640625 0.13359375 0.009375 0.021875
0 0.7671875 0.253125 0.0109375 0.01953125
0 0.89140625 0.084375 0.0109375 0.01953125
0 0.134375 0.6578125 0.04140625 0.07265625
0 0.98046875 0.059375 0.0109375 0.0171875