0 0.37265625 0.1640625 0.0265625 0.04140625
0 0.796875 0.040625 0.021875 0.03515625
0 0.80234375 0.36953125 0.034375 0.05234375
0 0.31953125 0.1578125 0.025 0.0390625
0 0.70234375 0.24375 0.0296875 0.040625
0 0.07734375 0.28515625 0.03046875 0.04140625
0 0.57265625 0.1125 0.028125 0.04296875
0 0.665625 0.04765625 0.02421875 0.0375
0 0.32734375 0.0203125 0.02265625 0.03515625
0 0.50703125 0.01640625 0.02265625 0.0328125
0 0.4109375 0.1109375 0.02734375 0.03515625
0 0.58359375 0.4546875 0.03203125 0.0546875
0 0.6109375 0.05390625 0.025 0.03515625
0 0.259375 0.0625 0.02421875 0.03671875
0 0.1609375 0.38125 0.034375 0.04921875
0 0.7109375 0.0484375 0.0234375 0.03359375
0 0.21796875 0.04375 0.02421875 0.0375
0 0.1546875 0.09453125 0.025 0.040625
0 0.7765625 0.0609375 0.025 0.0390625
0 0.4546875 0.0640625 0.0234375 0.03359375
0 0.6796875 0.1515625 0.025 0.040625
0 0.56953125 0.225 0.028125 0.04296875
0 0.92578125 0.3171875 0.0296875 0.0484375
0 0.278125 0.1109375 0.0265625 0.04296875
0 0.8421875 0.0859375 0.021875 0.03359375
0 0.75546875 0.1421875 0.0265625 0.0375
0 0.16015625 0.43203125 0.03515625 0.04921875
0 0.509375 0.103125 0.0265625 0.03515625
0 0.915625 0.171875 0.02734375 0.03671875
0 0.13984375 0.24140625 0.0265625 0.0453125
0 0.934375 0.1125 0.0234375 0.03515625
0 0.79609375 0.49375 0.034375 0.053125
0 0.234375 0.30625 0.0328125 0.04921875
0 0.35859375 0.2921875 0.03046875 0.0484375
0 0.56953125 0.0578125 0.025 0.0375
0 0.2125 0.35625 0.0359375 0.05625
0 0.31640625 0.2671875 0.0296875 0.0484375
0 0.15703125 0.01328125 0.0203125 0.02578125
0 0.45859375 0.48203125 0.03828125 0.0625
0 0.33671875 0.10625 0.025 0.0375
0 0.1828125 0.0953125 0.02265625 0.03671875
0 0.01484375 0.13125 0.025 0.0375
0 0.02109375 0.39140625 0.034375 0.05859375
0 0.75078125 0.21875 0.02734375 0.04140625
0 0.45546875 0.259375 0.03046875 0.040625
0 0.66328125 0.11640625 0.025 0.04296875
0 0.021875 0.65546875 0.04375 0.06875
0 0.2171875 0.1421875 0.02734375 0.04296875
0 0.0765625 0.1109375 0.0234375 0.03671875
0 0.8109375 0.15078125 0.025 0.03671875
0 0.32109375 0.35078125 0.03203125 0.053125
0 0.659375 0.3375 0.034375 0.05078125
0 0.409375 0.22578125 0.028125 0.04296875
0 0.35 0.384375 0.0359375 0.05078125
0 0.72421875 0.0171875 0.0203125 0.0328125
0 0.20390625 0.25 0.0296875 0.04921875
0 0.87734375 0.38125 0.0359375 0.05078125
0 0.728125 0.1171875 0.025 0.03671875
0 0.06640625 0.4625 0.0390625 0.05859375
0 0.1515625 0.1953125 0.0296875 0.04453125
0 0.8046875 0.3015625 0.0296875 0.04296875
0 0.1203125 0.0515625 0.0265625 0.040625
0 0.090625 0.23828125 0.03046875 0.04140625
0 0.0375 0.0734375 0.02421875 0.0375
0 0.8734375 0.0515625 0.0234375 0.0328125
0 0.28828125 0.4859375 0.0390625 0.06015625
0 0.01015625 0.01640625 0.0203125 0.0328125
0 0.11171875 0.01328125 0.02265625 0.02578125
0 0.2796875 0.24140625 0.0265625 0.04296875
0 0.3671875 0.05546875 0.0234375 0.0375
0 0.64375 0.27578125 0.03125 0.046875
0 0.5078125 0.05625 0.02734375 0.0390625
0 0.29296875 0.021875 0.0234375 0.03359375
0 0.35390625 0.46796875 0.034375 0.05078125
0 0.284375 0.3609375 0.03203125 0.05703125
0 0.05625 0.14921875 0.0234375 0.0375
0 0.85625 0.225 0.02734375 0.04296875
0 0.9078125 0.225 0.0234375 0.03671875
0 0.23515625 0.18125 0.02734375 0.040625
0 0.0921875 0.3296875 0.03515625 0.05234375
0 0.565625 0.009375 0.021875 0.01875
0 0.42890625 0.3640625 0.0328125 0.0484375
0 0.2015625 0.54765625 0.04765625 0.0640625
0 0.6796875 0.0125 0.0234375 0.025
0 0.78046875 0.55625 0.0359375 0.05625
0 0.96484375 0.021875 0.0234375 0.03671875
0 0.071875 0.04765625 0.021875 0.0296875
0 0.971875 0.08671875 0.02421875 0.0375
0 0.46953125 0.31796875 0.0359375 0.04921875
0 0.8875 0.08125 0.0234375 0.0328125
0 0.696875 0.55625 0.0390625 0.05703125
0 0.7390625 0.7375 0.046875 0.0765625
0 0.81640625 0.1140625 0.025 0.0328125
0 0.52109375 0.2796875 0.028125 0.04140625
0 0.18046875 0.00625 0.02265625 0.01171875
0 0.484375 0.1890625 0.025 0.03359375
0 0.2625 0.00625 0.0203125 0.01171875
0 0.1 0.13828125 0.025 0.0390625
0 0.37890625 0.84140625 0.0546875 0.08359375
0 0.0078125 0.0765625 0.015625 0.04140625
0 0.853125 0.025 0.021875 0.03125
0 0.89921875 0.271875 0.03203125 0.04453125
0 0.8359375 0.0546875 0.0234375 0.02890625
0 0.69609375 0.4765625 0.0421875 0.0546875
0 0.76640625 0.11171875 0.0234375 0.02578125
0 0.43046875 0.04765625 0.02421875 0.03515625
0 0.86875 0.15703125 0.02734375 0.03515625
0 0.1078125 0.10390625 0.021875 0.03125
0 0.94765625 0.24453125 0.028125 0.0390625
0 0.1546875 0.04296875 0.0234375 0.03125
0 0.11875 0.19375 0.0265625 0.04296875
0 0.009375 0.2640625 0.01875 0.040625
0 0.86171875 0.11875 0.02421875 0.03671875
0 0.0578125 0.01796875 0.021875 0.03125
0 0.403125 0.07890625 0.0234375 0.02734375
0 0.67109375 0.23671875 0.028125 0.04453125
0 0.9796875 0.45 0.0390625 0.05625
0 0.01796875 0.55546875 0.0359375 0.05625
0 0.2640625 0.20625 0.0265625 0.0375
0 0.2671875 0.16015625 0.02734375 0.0390625
0 0.165625 0.24296875 0.025 0.0453125
0 0.35859375 0.0125 0.02265625 0.025
0 0.3890625 0.04921875 0.0203125 0.03125
0 0.096875 0.5421875 0.04609375 0.06640625
0 0.44375 0.01796875 0.0203125 0.03125
0 0.046875 0.18046875 0.025 0.0375
0 0.9046875 0.03125 0.0234375 0.03125
0 0.978125 0.05 0.025 0.0328125
0 0.89453125 0.11875 0.021875 0.03125
0 0.91171875 0.67421875 0.0515625 0.06796875
0 0.97734375 0.40546875 0.03828125 0.0375
0 0.83359375 0.01015625 0.0203125 0.0203125
0 0.98671875 0.34765625 0.02265625 0.04453125
0 0.64609375 0.00625 0.0203125 0.01171875
0 0.98046875 0.18125 0.0234375 0.04453125
0 0.428125 0.44921875 0.0359375 0.04921875
0 0.39765625 0.00625 0.02265625 0.01171875
0 0.3421875 0.2078125 0.0296875 0.02734375
0 0.7984375 0.00625 0.021875 0.01171875
0 0.06328125 0.21015625 0.02421875 0.040625
0 0.021875 0.18046875 0.025 0.0375
0 0.08203125 0.01875 0.0234375 0.0328125
0 0.9484375 0.7609375 0.0359375 0.0609375
0 0.92890625 0.040625 0.021875 0.0296875
0 0.99453125 0.26796875 0.00859375 0.04921875
0 0.04375 0.11796875 0.0234375 0.0328125
0 0.53046875 0.2171875 0.0296875 0.04140625
0 0.065625 0.0796875 0.02421875 0.03359375
0 0.75390625 0.18671875 0.02734375 0.025