0 0.525 0.2921875 0.03046875 0.0484375
0 0.20703125 0.1421875 0.0234375 0.03671875
0 0.66328125 0.15 0.0296875 0.04296875
0 0.72265625 0.20390625 0.0328125 0.05078125
0 0.31875 0.0609375 0.02265625 0.0375
0 0.0546875 0.5921875 0.05859375 0.08828125
0 0.4984375 0.0171875 0.01875 0.03359375
0 0.2625 0.14375 0.025 0.03515625
0 0.475 0.6046875 0.04765625 0.0796875
0 0.28203125 0.2 0.02734375 0.04296875
0 0.76015625 0.0796875 0.0203125 0.02578125
0 0.2765625 0.52421875 0.06171875 0.0875
0 0.5609375 0.675 0.06171875 0.0921875
0 0.1359375 0.1765625 0.03046875 0.04296875
0 0.57109375 0.22890625 0.0359375 0.0546875
0 0.25546875 0.35703125 0.0359375 0.04921875
0 0.0375 0.4125 0.04375 0.06875
0 0.12890625 0.428125 0.040625 0.06796875
0 0.31640625 0.11796875 0.01953125 0.0328125
0 0.64609375 0.22421875 0.03046875 0.04453125
0 0.7015625 0.12421875 0.0265625 0.0375
0 0.4390625 0.3109375 0.0296875 0.0484375
0 0.88125 0.0359375 0.02265625 0.0375
0 0.67734375 0.21640625 0.0359375 0.05703125
0 0.790625 0.11171875 0.02421875 0.03125
0 0.75078125 0.7578125 0.0796875 0.11953125
0 0.16796875 0.00625 0.0171875 0.0125
0 0.49375 0.10078125 0.0203125 0.0375
0 0.60625 0.1890625 0.028125 0.04453125
0 0.81953125 0.0515625 0.021875 0.0328125
0 0.91171875 0.025 0.0203125 0.03125
0 0.3078125 0.4015625 0.0421875 0.06875
0 0.34453125 0.0921875 0.02265625 0.03671875
0 0.384375 0.08203125 0.02265625 0.03671875
0 0.165625 0.19921875 0.03125 0.04453125
0 0.209375 0.4359375 0.0421875 0.0703125
0 0.415625 0.35 0.0328125 0.04921875
0 0.74765625 0.1109375 0.0265625 0.04296875
0 0.8390625 0.0421875 0.0171875 0.0296875
0 0.465625 0.253125 0.0265625 0.040625
0 0.2796875 0.046875 0.01640625 0.02578125
0 0.79609375 0.0625 0.0265625 0.03671875
0 0.18828125 0.009375 0.0171875 0.01875
0 0.203125 0.05078125 0.0171875 0.03125
0 0.215625 0.18046875 0.02421875 0.0375
0 0.840625 0.01640625 0.01875 0.01953125
0 0.878125 0.00703125 0.01875 0.0140625
0 0.5203125 0.009375 0.021875 0.01875
0 0.23125 0.11875 0.01875 0.03515625