0 0.5796875 0.16328125 0.01875 0.0234375
0 0.34765625 0.03125 0.0140625 0.021875
0 0.4296875 0.109375 0.015625 0.021875
0 0.5796875 0.33046875 0.01875 0.0265625
0 0.83828125 0.18046875 0.0171875 0.0234375
0 0.21796875 0.17265625 0.0140625 0.0234375
0 0.58828125 0.11796875 0.0140625 0.0234375
0 0.35625 0.21171875 0.01875 0.0234375
0 0.51796875 0.06640625 0.0140625 0.0234375
0 0.88046875 0.20546875 0.0140625 0.0234375
0 0.09375 0.21875 0.015625 0.025
0 0.4125 0.4421875 0.021875 0.03125
0 0.87265625 0.15078125 0.0171875 0.0234375
0 0.96796875 0.09765625 0.0140625 0.0203125
0 0.88203125 0.10078125 0.0140625 0.0203125
0 0.23125 0.3109375 0.01875 0.025
0 0.39296875 0.2703125 0.0171875 0.025
0 0.52890625 0.48125 0.0234375 0.034375
0 0.19765625 0.04453125 0.0140625 0.0203125
0 0.48203125 0.2421875 0.0171875 0.021875
0 0.26875 0.3109375 0.01875 0.025
0 0.79375 0.25625 0.01875 0.025
0 0.24921875 0.5171875 0.0265625 0.034375
0 0.4671875 0.228125 0.01875 0.021875
0 0.728125 0.29375 0.01875 0.025
0 0.33046875 0.1625 0.0171875 0.025
0 0.5 0.46171875 0.021875 0.0296875
0 0.66640625 0.3640625 0.0203125 0.028125
0 0.53828125 0.1546875 0.0140625 0.025
0 0.49375 0.05703125 0.0125 0.0234375
0 0.69453125 0.16796875 0.0140625 0.0234375
0 0.73125 0.065625 0.0125 0.021875
0 0.4 0.20546875 0.01875 0.0265625
0 0.93515625 0.11015625 0.0140625 0.0203125
0 0.32578125 0.37890625 0.0203125 0.0296875
0 0.56953125 0.14140625 0.0140625 0.0234375
0 0.721875 0.17578125 0.015625 0.0203125
0 0.3546875 0.38828125 0.01875 0.0265625
0 0.41953125 0.29296875 0.0171875 0.0234375
0 0.73125 0.21640625 0.01875 0.0234375
0 0.1421875 0.42890625 0.025 0.0296875
0 0.53828125 0.18046875 0.0171875 0.0234375
0 0.8296875 0.09921875 0.01875 0.0234375
0 0.6625 0.14375 0.01875 0.025
0 0.946875 0.26953125 0.015625 0.0234375
0 0.6171875 0.21171875 0.015625 0.0234375
0 0.1921875 0.165625 0.015625 0.021875
0 0.9296875 0.26953125 0.015625 0.0234375
0 0.6296875 0.1609375 0.01875 0.021875
0 0.78203125 0.2015625 0.0171875 0.021875
0 0.509375 0.17890625 0.015625 0.0203125
0 0.73203125 0.09921875 0.0140625 0.0203125
0 0.3953125 0.30546875 0.01875 0.0296875
0 0.8421875 0.2109375 0.015625 0.025
0 0.74140625 0.2359375 0.0171875 0.025
0 0.73046875 0.4296875 0.0203125 0.025
0 0.1421875 0.08046875 0.015625 0.0234375
0 0.89453125 0.04375 0.0140625 0.01875
0 0.19765625 0.41015625 0.0203125 0.0296875
0 0.065625 0.25 0.01875 0.025
0 0.98203125 0.2203125 0.0171875 0.021875
0 0.71796875 0.4625 0.0234375 0.03125
0 0.84140625 0.0796875 0.0140625 0.021875
0 0.8125 0.165625 0.015625 0.021875
0 0.33828125 0.07265625 0.0171875 0.0234375
0 0.3 0.34765625 0.01875 0.0265625
0 0.171875 0.46015625 0.028125 0.0328125
0 0.45625 0.5421875 0.025 0.03125
0 0.06953125 0.17578125 0.0171875 0.0234375
0 0.4421875 0.0125 0.0125 0.01875
0 0.77578125 0.07578125 0.0140625 0.0203125
0 0.90078125 0.12890625 0.0140625 0.0234375
0 0.2296875 0.25390625 0.021875 0.0234375
0 0.38828125 0.40390625 0.0203125 0.0296875
0 0.67421875 0.28828125 0.0171875 0.0234375
0 0.28125 0.246875 0.01875 0.025
0 0.71328125 0.3671875 0.0203125 0.025
0 0.6203125 0.09453125 0.015625 0.0203125
0 0.49296875 0.16640625 0.0140625 0.0203125
0 0.4484375 0.41640625 0.01875 0.0234375
0 0.33046875 0.25625 0.0171875 0.025
0 0.2765625 0.38515625 0.01875 0.0265625
0 0.67421875 0.71171875 0.0609375 0.0765625
0 0.4578125 0.115625 0.015625 0.021875
0 0.20390625 0.2984375 0.0171875 0.025
0 0.22578125 0.42890625 0.0234375 0.0328125
0 0.11953125 0.30390625 0.0171875 0.0234375
0 0.04140625 0.20078125 0.0171875 0.0234375
0 0.97421875 0.40078125 0.0203125 0.0296875
0 0.80703125 0.07421875 0.0140625 0.0203125
0 0.5046875 0.309375 0.01875 0.021875
0 0.41796875 0.14375 0.0140625 0.025
0 0.12890625 0.53125 0.0265625 0.0375
0 0.99140625 0.2515625 0.0140625 0.025
0 0.99296875 0.14296875 0.0109375 0.0234375
0 0.12265625 0.2 0.0171875 0.025
0 0.571875 0.2703125 0.015625 0.021875
0 0.29921875 0.22421875 0.0171875 0.0234375
0 0.45 0.04453125 0.015625 0.0203125
0 0.5546875 0.29140625 0.01875 0.0296875
0 0.74453125 0.0796875 0.0140625 0.021875
0 0.08671875 0.53828125 0.0296875 0.0390625
0 0.51328125 0.1109375 0.0140625 0.021875
0 0.4671875 0.3703125 0.021875 0.028125
0 0.96796875 0.44140625 0.0234375 0.0359375
0 0.29453125 0.0484375 0.0171875 0.01875
0 0.52421875 0.20703125 0.0140625 0.0265625
0 0.7125 0.2625 0.01875 0.025
0 0.58515625 0.7046875 0.0484375 0.075
0 0.46953125 0.1421875 0.0171875 0.025
0 0.86953125 0.309375 0.0140625 0.021875
0 0.12265625 0.23828125 0.0171875 0.0234375
0 0.3984375 0.4796875 0.025 0.03125
0 0.68515625 0.5625 0.0265625 0.0375
0 0.5875 0.2421875 0.01875 0.021875
0 0.1796875 0.06875 0.015625 0.021875
0 0.89453125 0.25078125 0.0171875 0.0234375
0 0.52578125 0.3921875 0.0234375 0.025
0 0.49921875 0.12890625 0.0140625 0.0234375
0 0.734375 0.35390625 0.01875 0.0203125
0 0.85703125 0.05546875 0.0140625 0.0171875
0 0.42421875 0.16953125 0.0171875 0.0234375
0 0.26171875 0.0890625 0.0140625 0.021875
0 0.92890625 0.21640625 0.0171875 0.0265625
0 0.66875 0.2515625 0.01875 0.021875
0 0.07421875 0.36640625 0.0203125 0.0265625
0 0.53828125 0.3546875 0.0203125 0.03125
0 0.96796875 0.36328125 0.0234375 0.0296875
0 0.11328125 0.13828125 0.0140625 0.0234375
0 0.38046875 0.45 0.0234375 0.025
0 0.20625 0.26796875 0.01875 0.0265625
0 0.95625 0.57421875 0.03125 0.0390625
0 0.88046875 0.17578125 0.0140625 0.0234375
0 0.94140625 0.240625 0.0171875 0.021875
0 0.5234375 0.31875 0.01875 0.025
0 0.046875 0.2390625 0.015625 0.025
0 0.50703125 0.08828125 0.0140625 0.0203125
0 0.84296875 0.24453125 0.0171875 0.0203125
0 0.90546875 0.440625 0.0234375 0.028125
0 0.48828125 0.028125 0.0140625 0.021875
0 0.47265625 0.46953125 0.0234375 0.0296875
0 0.984375 0.315625 0.01875 0.028125
0 0.10390625 0.16171875 0.0140625 0.0234375
0 0.671875 0.4125 0.021875 0.025
0 0.05078125 0.45 0.0234375 0.03125
0 0.25 0.3234375 0.01875 0.025
0 0.33828125 0.5234375 0.0296875 0.0375
0 0.1625 0.31796875 0.01875 0.0265625
0 0.31015625 0.4125 0.0203125 0.025
0 0.70390625 0.096875 0.0140625 0.021875
0 0.47265625 0.171875 0.0140625 0.021875
0 0.225 0.20546875 0.01875 0.0265625
0 0.5609375 0.19765625 0.015625 0.0234375
0 0.63125 0.04921875 0.01875 0.0203125
0 0.44296875 0.12578125 0.0140625 0.0234375
0 0.94140625 0.16875 0.0171875 0.025
0 0.76875 0.34296875 0.01875 0.0234375
0 0.46328125 0.49765625 0.0234375 0.0296875
0 0.13515625 0.0578125 0.0140625 0.021875
0 0.10625 0.70625 0.0375 0.0625
0 0.53125 0.0140625 0.015625 0.021875
0 0.68671875 0.6375 0.0484375 0.0625
0 0.0484375 0.30078125 0.01875 0.0234375
0 0.44453125 0.29140625 0.0171875 0.0203125
0 0.9640625 0.19765625 0.015625 0.0234375
0 0.76796875 0.1890625 0.0140625 0.021875
0 0.2109375 0.0703125 0.015625 0.021875
0 0.80078125 0.11640625 0.0140625 0.0203125
0 0.87578125 0.2375 0.0171875 0.025
0 0.30390625 0.0734375 0.0140625 0.021875
0 0.06015625 0.33828125 0.0203125 0.0265625
0 0.33828125 0.33671875 0.0203125 0.0296875
0 0.7390625 0.171875 0.015625 0.021875
0 0.8046875 0.3625 0.01875 0.025
0 0.43203125 0.06015625 0.0140625 0.0203125
0 0.3765625 0.11796875 0.015625 0.0234375
0 0.44453125 0.08203125 0.0140625 0.0234375
0 0.29375 0.18046875 0.015625 0.0234375
0 0.4796875 0.58671875 0.03125 0.0421875
0 0.69453125 0.23046875 0.0140625 0.0234375
0 0.77265625 0.41640625 0.0234375 0.0296875
0 0.30078125 0.1375 0.0171875 0.025
0 0.04375 0.14140625 0.01875 0.0234375
0 0.5671875 0.09296875 0.0125 0.0265625
0 0.14296875 0.0078125 0.0140625 0.015625
0 0.69375 0.0734375 0.0125 0.01875
0 0.33125 0.4734375 0.025 0.0375
0 0.60078125 0.0296875 0.0140625 0.01875
0 0.94453125 0.6375 0.0515625 0.075
0 0.98046875 0.5546875 0.0234375 0.03125
0 0.85625 0.38125 0.01875 0.025
0 0.6296875 0.184375 0.01875 0.021875
0 0.71640625 0.40546875 0.0203125 0.0203125
0 0.46328125 0.05703125 0.0140625 0.0203125
0 0.62890625 0.3984375 0.0171875 0.021875
0 0.1640625 0.10390625 0.015625 0.0203125
0 0.16640625 0.19765625 0.0140625 0.0234375
0 0.87421875 0.48046875 0.0234375 0.0296875
0 0.85625 0.034375 0.0125 0.01875
0 0.45078125 0.18828125 0.0171875 0.0234375
0 0.63125 0.30546875 0.01875 0.0203125
0 0.21953125 0.09453125 0.0140625 0.0234375
0 0.08046875 0.08203125 0.0140625 0.0234375
0 0.07421875 0.47265625 0.0234375 0.0390625
0 0.0078125 0.25390625 0.015625 0.0234375
0 0.5484375 0.45625 0.01875 0.025
0 0.33203125 0.04453125 0.0140625 0.0203125
0 0.9328125 0.01796875 0.0125 0.0171875
0 0.83828125 0.15546875 0.0140625 0.0203125
0 0.7078125 0.31875 0.01875 0.021875
0 0.99296875 0.16796875 0.0109375 0.0234375
0 0.26171875 0.26875 0.0171875 0.025
0 0.09140625 0.01953125 0.0140625 0.0203125
0 0.59375 0.0078125 0.0125 0.015625
0 0.01328125 0.21953125 0.0140625 0.0234375
0 0.9 0.296875 0.01875 0.028125
0 0.16640625 0.42578125 0.0203125 0.0234375
0 0.48046875 0.20625 0.0171875 0.025
0 0.94921875 0.37890625 0.0203125 0.0234375
0 0.03515625 0.26015625 0.0171875 0.0234375
0 0.3703125 0.01875 0.0125 0.01875
0 0.68671875 0.2515625 0.0171875 0.021875
0 0.8296875 0.68046875 0.04375 0.0765625
0 0.40546875 0.24921875 0.0203125 0.0234375
0 0.9296875 0.44140625 0.025 0.0328125
0 0.51640625 0.3546875 0.0203125 0.025
0 0.575 0.45390625 0.01875 0.0265625
0 0.39296875 0.11875 0.0171875 0.021875
0 0.153125 0.0359375 0.015625 0.01875
0 0.1609375 0.15703125 0.015625 0.0234375
0 0.74296875 0.33203125 0.0140625 0.0203125
0 0.53828125 0.09765625 0.0140625 0.0234375
0 0.184375 0.11640625 0.015625 0.0234375
0 0.25078125 0.13203125 0.0171875 0.0234375
0 0.30703125 0.02890625 0.0140625 0.0203125
0 0.4703125 0.3328125 0.021875 0.021875
0 0.83125 0.53671875 0.025 0.0328125
0 0.93125 0.353125 0.01875 0.025
0 0.22265625 0.4671875 0.0234375 0.025
0 0.65078125 0.32890625 0.0203125 0.0234375
0 0.64296875 0.01796875 0.0140625 0.0203125
0 0.11328125 0.00859375 0.0140625 0.0171875
0 0.9625 0.26640625 0.01875 0.0265625
0 0.4046875 0.1625 0.01875 0.025
0 0.78828125 0.1265625 0.0140625 0.025
0 0.41953125 0.228125 0.0171875 0.021875
0 0.39765625 0.58828125 0.0359375 0.0484375
0 0.7921875 0.22421875 0.015625 0.0234375
0 0.3375 0.29375 0.01875 0.025
0 0.03125 0.0171875 0.0125 0.01875
0 0.6203125 0.45546875 0.021875 0.0265625
0 0.68828125 0.3328125 0.0171875 0.021875
0 0.91015625 0.19296875 0.0140625 0.0234375
0 0.16328125 0.3765625 0.0203125 0.025
0 0.84296875 0.0546875 0.0140625 0.01875
0 0.48828125 0.1046875 0.0140625 0.021875
0 0.53828125 0.246875 0.0171875 0.021875
0 0.68828125 0.05 0.0140625 0.01875
0 0.29375 0.27265625 0.01875 0.0234375
0 0.771875 0.51328125 0.025 0.0296875
0 0.1109375 0.6375 0.040625 0.05
0 0.9375 0.3296875 0.01875 0.025
0 0.0296875 0.43046875 0.021875 0.0265625
0 0.05546875 0.09296875 0.0140625 0.0234375
0 0.20703125 0.01796875 0.0140625 0.0171875
0 0.64375 0.5828125 0.025 0.034375
0 0.05078125 0.27265625 0.0171875 0.0234375
0 0.65703125 0.0390625 0.0140625 0.021875
0 0.81953125 0.0546875 0.0140625 0.01875
0 0.0875 0.33828125 0.01875 0.0296875
0 0.65703125 0.21640625 0.0171875 0.0234375
0 0.21328125 0.49375 0.0265625 0.03125
0 0.121875 0.275 0.01875 0.025
0 0.75703125 0.05546875 0.0140625 0.0171875
0 0.37421875 0.37890625 0.0203125 0.0234375
0 0.040625 0.11640625 0.015625 0.0203125
0 0.81953125 0.45625 0.0234375 0.03125
0 0.4625 0.26796875 0.01875 0.0203125
0 0.04765625 0.4046875 0.0203125 0.025
0 0.353125 0.00625 0.015625 0.0125
0 0.39296875 0.096875 0.0140625 0.021875
0 0.39765625 0.36640625 0.0234375 0.0265625
0 0.27578125 0.571875 0.0328125 0.04375
0 0.98671875 0.065625 0.0140625 0.021875
0 0.1890625 0.1390625 0.01875 0.021875
0 0.23046875 0.57421875 0.0265625 0.0390625
0 0.76953125 0.134375 0.0140625 0.021875
0 0.6625 0.06796875 0.0125 0.0203125
0 0.1296875 0.403125 0.01875 0.021875
0 0.49453125 0.53046875 0.0234375 0.0265625
0 0.8296875 0.4078125 0.01875 0.021875
0 0.84296875 0.0078125 0.0140625 0.015625
0 0.909375 0.09453125 0.015625 0.0234375
0 0.12890625 0.3296875 0.0203125 0.028125
0 0.1125 0.56015625 0.03125 0.0265625
0 0.565625 0.24921875 0.015625 0.0203125
0 0.01953125 0.09140625 0.0140625 0.0234375
0 0.67578125 0.03046875 0.0140625 0.0203125
0 0.7640625 0.61015625 0.028125 0.0359375
0 0.68125 0.48203125 0.01875 0.0234375