0 0.6265625 0.33515625 0.01484375 0.01953125
0 0.9015625 0.67578125 0.0390625 0.06015625
0 0.53515625 0.45078125 0.0171875 0.02578125
0 0.4328125 0.575 0.021875 0.0296875
0 0.40390625 0.459375 0.01640625 0.02890625
0 0.4296875 0.45625 0.0171875 0.02734375
0 0.5125 0.459375 0.01953125 0.02890625
0 0.78203125 0.4359375 0.021875 0.0328125
0 0.48046875 0.5421875 0.0234375 0.0375
0 0.6546875 0.32890625 0.0140625 0.01953125
0 0.74375 0.50625 0.0265625 0.0375
0 0.0140625 0.46328125 0.015625 0.0234375
0 0.03203125 0.40625 0.01171875 0.01796875
0 0.103125 0.37890625 0.01171875 0.01796875
0 0.68828125 0.325 0.015625 0.025
0 0.05625 0.45390625 0.0125 0.01953125
0 0.58671875 0.35625 0.01484375 0.01953125
0 0.228125 0.3734375 0.0125 0.0171875
0 0.10859375 0.42890625 0.0140625 0.01953125
0 0.140625 0.43515625 0.0140625 0.02109375
0 0.121875 0.46328125 0.0125 0.02109375
0 0.0515625 0.40546875 0.01171875 0.01953125
0 0.071875 0.39296875 0.01171875 0.01796875
0 0.58671875 0.58046875 0.0265625 0.0390625
0 0.07734375 0.365625 0.0109375 0.015625
0 0.58046875 0.24765625 0.0109375 0.015625
0 0.8109375 0.33828125 0.01484375 0.0234375
0 0.13125 0.375 0.0109375 0.01796875
0 0.0546875 0.3640625 0.009375 0.0140625
0 0.103125 0.4921875 0.01484375 0.0234375
0 0.653125 0.25703125 0.0125 0.0140625
0 0.75703125 0.3546875 0.015625 0.02734375
0 0.34453125 0.34453125 0.01171875 0.0140625
0 0.88984375 0.3265625 0.015625 0.02109375
0 0.76484375 0.484375 0.021875 0.03359375
0 0.0046875 0.40703125 0.00859375 0.021875
0 0.271875 0.36875 0.01171875 0.0171875
0 0.978125 0.25625 0.01171875 0.01953125
0 0.66875 0.36640625 0.01484375 0.025
0 0.16953125 0.33046875 0.0109375 0.01328125
0 0.08515625 0.40625 0.0140625 0.01796875
0 0.0171875 0.353125 0.009375 0.0140625
0 0.52109375 0.30390625 0.0125 0.01953125
0 0.634375 0.25703125 0.01171875 0.0140625
0 0.9328125 0.22578125 0.01171875 0.0140625
0 0.22890625 0.33125 0.0109375 0.0140625
0 0.0578125 0.33125 0.0109375 0.0140625
0 0.165625 0.4078125 0.0140625 0.02109375
0 0.14140625 0.39765625 0.0140625 0.0171875
0 0.2078125 0.39296875 0.01171875 0.01796875
0 0.8546875 0.19296875 0.009375 0.01328125
0 0.1546875 0.3046875 0.00859375 0.01328125
0 0.18671875 0.3375 0.0109375 0.01328125
0 0.89296875 0.20625 0.0109375 0.0140625
0 0.20234375 0.34296875 0.0109375 0.01171875
0 0.18046875 0.3046875 0.00859375 0.01328125
0 0.2671875 0.321875 0.009375 0.0140625
0 0.15703125 0.34296875 0.00859375 0.01171875
0 0.16328125 0.36171875 0.009375 0.01328125
0 0.115625 0.3046875 0.0109375 0.01328125
0 0.0875 0.4609375 0.0125 0.02109375
0 0.559375 0.36796875 0.0125 0.01953125
0 0.33046875 0.28046875 0.00859375 0.01171875
0 0.42578125 0.5453125 0.015625 0.021875
0 0.03203125 0.33046875 0.00859375 0.01328125
0 0.99375 0.1953125 0.0109375 0.015625
0 0.1421875 0.34453125 0.009375 0.0140625
0 0.290625 0.3265625 0.00859375 0.0140625
0 0.01796875 0.33046875 0.00859375 0.01328125
0 0.86484375 0.23515625 0.0109375 0.0171875
0 0.33046875 0.3046875 0.00859375 0.01328125
0 0.9296875 0.18828125 0.009375 0.0140625
0 0.21640625 0.3421875 0.0109375 0.01328125
0 0.0953125 0.3421875 0.0109375 0.01328125
0 0.30390625 0.31796875 0.00859375 0.01328125
0 0.2765625 0.3421875 0.0109375 0.01328125
0 0.58203125 0.303125 0.0140625 0.01796875
0 0.16875 0.30625 0.00859375 0.01328125
0 0.0390625 0.378125 0.0140625 0.0171875
0 0.8328125 0.19375 0.009375 0.01328125
0 0.1828125 0.3546875 0.009375 0.0140625
0 0.10703125 0.35546875 0.0109375 0.01328125
0 0.9046875 0.18125 0.009375 0.01328125
0 0.1328125 0.41796875 0.0140625 0.01796875
0 0.8078125 0.21796875 0.00859375 0.01171875
0 0.30546875 0.29140625 0.00859375 0.01328125
0 0.89140625 0.16640625 0.009375 0.015625
0 0.78203125 0.2546875 0.009375 0.0140625