0 0.7484375 0.39296875 0.0328125 0.04921875
0 0.6046875 0.321875 0.0296875 0.04296875
0 0.6796875 0.09375 0.0140625 0.0234375
0 0.690625 0.80625 0.05546875 0.08203125
0 0.8109375 0.365625 0.034375 0.04453125
0 0.696875 0.40546875 0.03203125 0.05078125
0 0.459375 0.33203125 0.0265625 0.0390625
0 0.540625 0.29921875 0.025 0.03671875
0 0.09765625 0.4515625 0.0390625 0.05234375
0 0.56640625 0.0953125 0.0140625 0.02109375
0 0.74140625 0.1875 0.02265625 0.03125
0 0.7859375 0.81875 0.065625 0.09140625
0 0.8328125 0.1796875 0.0234375 0.03359375
0 0.534375 0.10390625 0.01484375 0.02109375
0 0.63046875 0.0796875 0.0125 0.02109375
0 0.90703125 0.4625 0.0375 0.05078125
0 0.74453125 0.63046875 0.04765625 0.0703125
0 0.17421875 0.50625 0.03828125 0.05078125
0 0.43828125 0.29296875 0.02734375 0.0390625
0 0.9359375 0.05625 0.0140625 0.0234375
0 0.50859375 0.3375 0.03046875 0.04453125
0 0.09140625 0.159375 0.01484375 0.021875
0 0.609375 0.76640625 0.0484375 0.07421875
0 0.634375 0.30625 0.03046875 0.04453125
0 0.3484375 0.9171875 0.0703125 0.10546875
0 0.84765625 0.26015625 0.02734375 0.03671875
0 0.290625 0.20703125 0.01953125 0.03125
0 0.9828125 0.21015625 0.0265625 0.040625
0 0.53984375 0.08046875 0.0140625 0.01796875
0 0.4703125 0.1046875 0.0140625 0.01953125
0 0.82734375 0.0421875 0.0125 0.01953125
0 0.65703125 0.0921875 0.0125 0.01953125
0 0.43828125 0.5390625 0.04296875 0.0625
0 0.45859375 0.1765625 0.01640625 0.02734375
0 0.46015625 0.65625 0.04609375 0.05703125
0 0.85078125 0.04375 0.0140625 0.01953125
0 0.8421875 0.06640625 0.0125 0.02109375
0 0.70859375 0.03203125 0.0109375 0.01953125
0 0.4671875 0.0515625 0.0109375 0.0171875
0 0.79296875 0.065625 0.0140625 0.0171875
0 0.8640625 0.00859375 0.01171875 0.0171875
0 0.2453125 0.2203125 0.0171875 0.02578125
0 0.88984375 0.06875 0.0125 0.01953125
0 0.4453125 0.0875 0.0140625 0.01796875
0 0.50390625 0.09375 0.01171875 0.01796875
0 0.95234375 0.03828125 0.01484375 0.021875
0 0.7875 0.09921875 0.01484375 0.0234375
0 0.990625 0.0890625 0.01484375 0.021875
0 0.06640625 0.16171875 0.0140625 0.0234375
0 0.49296875 0.07890625 0.0125 0.01953125
0 0.70078125 0.20703125 0.0203125 0.03125
0 0.5578125 0.0765625 0.0125 0.01953125
0 0.60859375 0.0671875 0.0125 0.01953125
0 0.3953125 0.09453125 0.0140625 0.01953125
0 0.92734375 0.03203125 0.0125 0.01953125
0 0.2078125 0.23125 0.0171875 0.025
0 0.11640625 0.15 0.0140625 0.021875
0 0.87109375 0.05625 0.0140625 0.01796875
0 0.1484375 0.7 0.04296875 0.0640625
0 0.8890625 0.0125 0.015625 0.01953125
0 0.73125 0.00859375 0.0125 0.0171875
0 0.815625 0.05625 0.0125 0.01953125
0 0.44453125 0.05 0.01171875 0.0171875
0 0.1234375 0.58046875 0.034375 0.04921875
0 0.36953125 0.06875 0.0109375 0.01953125
0 0.33515625 0.2171875 0.0171875 0.02734375
0 0.8640625 0.07890625 0.0140625 0.021875
0 0.51796875 0.0828125 0.0125 0.01953125
0 0.315625 0.2109375 0.0203125 0.02890625
0 0.9046875 0.0578125 0.0140625 0.021875
0 0.575 0.18125 0.01953125 0.02734375
0 0.63125 0.0390625 0.0109375 0.01796875
0 0.67890625 0.04296875 0.009375 0.01796875
0 0.25546875 0.1 0.0125 0.01953125
0 0.66484375 0.0671875 0.01171875 0.01953125
0 0.6109375 0.0921875 0.0140625 0.02109375
0 0.81328125 0.1 0.01484375 0.0234375
0 0.8296875 0.01640625 0.01171875 0.01953125
0 0.42109375 0.04296875 0.0109375 0.01796875
0 0.76796875 0.01953125 0.0125 0.01796875
0 0.97265625 0.05390625 0.015625 0.021875
0 0.790625 0.00625 0.01171875 0.01171875
0 0.6546875 0.00625 0.0109375 0.01171875
0 0.715625 0.00625 0.0125 0.0125
0 0.51484375 0.11015625 0.0125 0.01953125
0 0.690625 0.01796875 0.0109375 0.01796875
0 0.4390625 0.1109375 0.0140625 0.02109375
0 0.6453125 0.03515625 0.01171875 0.01796875
0 0.84375 0.01796875 0.0140625 0.01796875
0 0.57109375 0.0171875 0.01171875 0.0171875
0 0.5796875 0.08203125 0.01171875 0.01796875
0 0.81953125 0.08046875 0.0140625 0.01796875
0 0.9921875 0.31796875 0.0140625 0.03125
0 0.759375 0.06796875 0.0125 0.0234375
0 0.40390625 0.05 0.0109375 0.0171875
0 0.51484375 0.0296875 0.01171875 0.01796875
0 0.59453125 0.053125 0.01171875 0.015625
0 0.8046875 0.03125 0.01171875 0.01796875
0 0.69140625 0.06875 0.01171875 0.01953125
0 0.38984375 0.0546875 0.01171875 0.015625
0 0.990625 0.0296875 0.01484375 0.021875
0 0.96796875 0.02890625 0.0140625 0.01796875
0 0.7140625 0.0796875 0.0140625 0.01953125
0 0.55625 0.334375 0.02734375 0.0390625
0 0.42578125 0.09453125 0.0140625 0.01953125
0 0.6765625 0.01875 0.01171875 0.0140625
0 0.92890625 0.00625 0.0140625 0.01171875
0 0.04375 0.16953125 0.01484375 0.0234375
0 0.42734375 0.0265625 0.0109375 0.0171875
0 0.7453125 0.0078125 0.01171875 0.015625
0 0.5796875 0.03515625 0.009375 0.01796875
0 0.728125 0.04375 0.01171875 0.01953125
0 0.190625 0.57421875 0.04765625 0.0625
0 0.99296875 0.05078125 0.0125 0.02109375
0 0.146875 0.1515625 0.01953125 0.025
0 0.64453125 0.0046875 0.009375 0.009375
0 0.565625 0.03203125 0.0109375 0.0171875
0 0.94140625 0.00625 0.0140625 0.01171875
0 0.7578125 0.00625 0.009375 0.01171875
0 0.59453125 0.00546875 0.0109375 0.01015625
0 0.68046875 0.21796875 0.0203125 0.0296875
0 0.665625 0.0453125 0.0109375 0.0171875
0 0.40546875 0.11328125 0.0125 0.02109375
0 0.9296875 0.25390625 0.021875 0.02890625
0 0.5296875 0.00625 0.0109375 0.01171875
0 0.8078125 0.00625 0.0125 0.01171875
0 0.4234375 0.075 0.01171875 0.0171875
0 0.38984375 0.071875 0.01171875 0.01953125
0 0.61484375 0.0296875 0.0109375 0.0171875
0 0.91875 0.05703125 0.01484375 0.0234375
0 0.03359375 0.4609375 0.05 0.07578125
0 0.415625 0.00546875 0.01171875 0.01015625
0 0.35625 0.00625 0.01171875 0.01171875
0 0.090625 0.13046875 0.01875 0.02109375
0 0.6671875 0.0296875 0.0109375 0.0171875
0 0.65703125 0.01875 0.0109375 0.0171875
0 0.6203125 0.00625 0.0109375 0.01171875
0 0.2203125 0.25078125 0.01640625 0.021875
0 0.240625 0.24375 0.01484375 0.0234375