1 0.7515625 0.803125 0.0484375 0.0859375
1 0.5953125 0.7328125 0.0265625 0.04609375
1 0.309375 0.72890625 0.05 0.0765625
1 0.5203125 0.9765625 0.05859375 0.04453125
1 0.13125 0.871875 0.140625 0.246875
1 0.44375 0.71328125 0.0296875 0.03828125
1 0.3 0.953125 0.07890625 0.0875
1 0.68046875 0.79140625 0.0609375 0.0828125
1 0.134375 0.8046875 0.096875 0.1125
1 0.52890625 0.73984375 0.0265625 0.04140625
1 0.678125 0.8734375 0.15546875 0.24375
1 0.44921875 0.790625 0.078125 0.196875
1 0.3015625 0.8140625 0.09296875 0.246875
1 0.5984375 0.7859375 0.0796875 0.14921875
1 0.5234375 0.784375 0.0640625 0.134375
1 0.3921875 0.840625 0.0875 0.23203125
1 0.0296875 0.65546875 0.0328125 0.04453125
1 0.85078125 0.784375 0.05625 0.06953125
1 0.12578125 0.6828125 0.034375 0.0546875
1 0.54921875 0.89609375 0.03203125 0.06328125
1 0.95625 0.840625 0.05078125 0.07109375
1 0.39140625 0.76796875 0.053125 0.0890625
1 0.678125 0.6625 0.0203125 0.0328125
1 0.090625 0.6953125 0.0484375 0.06484375
1 0.63203125 0.63984375 0.01953125 0.025
1 0.1984375 0.728125 0.05625 0.0890625
1 0.565625 0.86015625 0.06875 0.13203125
1 0.3546875 0.93203125 0.1921875 0.13046875
1 0.2484375 0.62578125 0.01875 0.0328125
1 0.346875 0.71640625 0.0296875 0.04296875
1 0.56328125 0.73515625 0.0203125 0.03828125
1 0.2609375 0.67109375 0.0234375 0.03984375
1 0.88671875 0.69921875 0.0234375 0.034375
1 0.55 0.93984375 0.12109375 0.1140625
1 0.859375 0.67734375 0.0296875 0.03828125
1 0.52734375 0.7234375 0.02734375 0.05
1 0.60625 0.6203125 0.0171875 0.025
1 0.45390625 0.6640625 0.021875 0.0296875
1 0.23828125 0.75 0.0296875 0.05
1 0.1578125 0.659375 0.02265625 0.0328125
1 0.67734375 0.7359375 0.02421875 0.03671875
1 0.8234375 0.68671875 0.0234375 0.03828125
1 0.30625 0.6203125 0.021875 0.028125
1 0.75546875 0.8765625 0.090625 0.23515625
1 0.0359375 0.70859375 0.06953125 0.15078125
1 0.51953125 0.940625 0.0609375 0.1125
1 0.9328125 0.70859375 0.02421875 0.03515625
1 0.571875 0.640625 0.02265625 0.0328125
1 0.490625 0.5875 0.0140625 0.02109375
1 0.940625 0.9 0.1125 0.190625
1 0.5 0.71875 0.9921875 0.54140625
1 0.28984375 0.5796875 0.0171875 0.0234375
1 0.2265625 0.64765625 0.01953125 0.0296875
1 0.84453125 0.8265625 0.0890625 0.15234375
1 0.2 0.7734375 0.0765625 0.18046875
1 0.54765625 0.63203125 0.02421875 0.028125
1 0.465625 0.71796875 0.0234375 0.04296875
1 0.803125 0.653125 0.01953125 0.028125
1 0.04609375 0.61875 0.028125 0.03671875
1 0.603125 0.64609375 0.0296875 0.07421875
1 0.6734375 0.69921875 0.04765625 0.1046875
1 0.1921875 0.58125 0.025 0.05
1 0.45546875 0.69609375 0.0515625 0.09296875
1 0.75703125 0.696875 0.02734375 0.03828125
1 0.090625 0.759375 0.0671875 0.19375
1 0.9421875 0.77578125 0.0484375 0.0578125
1 0.37578125 0.6203125 0.0171875 0.025
1 0.284375 0.60625 0.034375 0.07421875
1 0.61875 0.590625 0.0140625 0.02109375
1 0.3765625 0.6109375 0.02421875 0.04140625
1 0.83125 0.73125 0.0265625 0.034375
1 0.4890625 0.60703125 0.028125 0.0578125
1 0.5796875 0.59375 0.015625 0.021875
1 0.378125 0.57734375 0.0171875 0.021875
1 0.02421875 0.9703125 0.04765625 0.053125
1 0.415625 0.6171875 0.01875 0.0296875
1 0.33515625 0.628125 0.021875 0.03125
1 0.64140625 0.73359375 0.0359375 0.05
1 0.64296875 0.6140625 0.0203125 0.0265625
1 0.07109375 0.55390625 0.0171875 0.025
1 0.20078125 0.70703125 0.03984375 0.05
1 0.31328125 0.884375 0.0421875 0.07109375
1 0.24453125 0.571875 0.0203125 0.025
1 0.13359375 0.86796875 0.06953125 0.078125
1 0.57421875 0.66640625 0.03515625 0.08125
1 0.1984375 0.65859375 0.0203125 0.0328125
1 0.5515625 0.58515625 0.015625 0.021875
1 0.303125 0.678125 0.021875 0.034375
1 0.13984375 0.734375 0.0328125 0.04296875
1 0.8328125 0.953125 0.0671875 0.084375
1 0.09296875 0.640625 0.02421875 0.03515625
1 0.4421875 0.528125 0.015625 0.01796875
1 0.54765625 0.60390625 0.0328125 0.0578125
1 0.378125 0.61640625 0.0359375 0.0578125
1 0.40390625 0.93203125 0.096875 0.12734375
1 0.8890625 0.7140625 0.03125 0.06328125
1 0.1984375 0.6484375 0.025 0.0515625
1 0.8828125 0.7390625 0.046875 0.1109375
1 0.74375 0.7390625 0.028125 0.034375
1 0.5859375 0.94765625 0.05078125 0.09609375
1 0.5015625 0.5640625 0.0140625 0.01953125
1 0.7125 0.62421875 0.01953125 0.0296875
1 0.534375 0.5625 0.0140625 0.02109375
1 0.034375 0.59765625 0.01875 0.02109375
1 0.2265625 0.65859375 0.0296875 0.04765625
1 0.93984375 0.6265625 0.0265625 0.04296875
1 0.25234375 0.64609375 0.03828125 0.07265625
1 0.30546875 0.634375 0.034375 0.053125
1 0.64140625 0.76171875 0.04296875 0.109375
1 0.7078125 0.70234375 0.025 0.03515625
1 0.68671875 0.590625 0.015625 0.025
1 0.75703125 0.71484375 0.0421875 0.07421875
1 0.315625 0.55859375 0.01484375 0.021875
1 0.196875 0.56796875 0.0140625 0.02109375
1 0.690625 0.64375 0.0171875 0.0265625
1 0.93046875 0.8109375 0.0859375 0.12421875
1 0.6703125 0.64375 0.0203125 0.0296875
1 0.1078125 0.596875 0.01484375 0.021875
1 0.1453125 0.640625 0.01953125 0.0265625
1 0.56953125 0.61484375 0.0171875 0.025
1 0.215625 0.58125 0.01875 0.0234375
1 0.128125 0.5625 0.01484375 0.01953125
1 0.24296875 0.78125 0.040625 0.1125
1 0.515625 0.590625 0.015625 0.0234375
1 0.7828125 0.63984375 0.01640625 0.034375
1 0.13125 0.70546875 0.05 0.10078125
1 0.56328125 0.7359375 0.03125 0.0515625
1 0.24921875 0.62109375 0.015625 0.02109375
1 0.63125 0.66484375 0.040625 0.07265625
1 0.94296875 0.61796875 0.01875 0.0265625
1 0.9796875 0.6875 0.02421875 0.034375
1 0.31484375 0.60234375 0.01875 0.0265625
1 0.85546875 0.7015625 0.0390625 0.084375
1 0.90546875 0.58828125 0.021875 0.025
1 0.38515625 0.6515625 0.06171875 0.1140625
1 0.159375 0.690625 0.04296875 0.09453125
1 0.48984375 0.58984375 0.0203125 0.034375
1 0.75234375 0.659375 0.0203125 0.03125
1 0.81640625 0.77109375 0.05625 0.1109375
1 0.9703125 0.62578125 0.021875 0.0265625
1 0.54296875 0.65703125 0.03515625 0.0765625
1 0.2609375 0.67578125 0.034375 0.059375
1 0.63125 0.64453125 0.0265625 0.03984375