0 0.9375 0.365625 0.0390625 0.05234375
0 0.88671875 0.30390625 0.0375 0.05078125
0 0.8359375 0.9078125 0.0796875 0.10703125
0 0.5234375 0.29296875 0.03515625 0.0546875
0 0.309375 0.2515625 0.03828125 0.05234375
0 0.54375 0.1546875 0.02421875 0.0375
0 0.65234375 0.4484375 0.0453125 0.06640625
0 0.65703125 0.3140625 0.02734375 0.0390625
0 0.96875 0.01953125 0.0171875 0.02890625
0 0.475 0.4078125 0.04375 0.06015625
0 0.2796875 0.28125 0.0296875 0.04921875
0 0.71953125 0.19296875 0.02421875 0.0390625
0 0.2734375 0.425 0.04296875 0.0640625
0 0.66875 0.01875 0.015625 0.025
0 0.2625 0.18125 0.03046875 0.04921875
0 0.2765625 0.346875 0.03203125 0.0484375
0 0.4046875 0.32890625 0.03984375 0.0609375
0 0.696875 0.1390625 0.021875 0.03671875
0 0.184375 0.0875 0.02421875 0.03671875
0 0.40703125 0.25390625 0.03203125 0.046875
0 0.9046875 0.0875 0.01953125 0.0296875
0 0.43046875 0.0875 0.0203125 0.03125
0 0.64609375 0.2171875 0.028125 0.040625
0 0.1921875 0.4953125 0.059375 0.084375
0 0.70234375 0.26640625 0.03046875 0.04296875
0 0.7171875 0.13125 0.01953125 0.03125
0 0.3734375 0.9234375 0.053125 0.0765625
0 0.240625 0.3671875 0.04375 0.06484375
0 0.21953125 0.1828125 0.02421875 0.0375
0 0.478125 0.1359375 0.02421875 0.0328125
0 0.7578125 0.12578125 0.021875 0.0328125
0 0.87421875 0.21171875 0.0265625 0.04296875
0 0.696875 0.525 0.0515625 0.07421875
0 0.065625 0.20703125 0.0359375 0.04921875
0 0.478125 0.58828125 0.0515625 0.078125
0 0.14453125 0.1140625 0.0296875 0.04296875
0 0.36484375 0.04453125 0.01875 0.02890625
0 0.309375 0.03671875 0.01484375 0.02578125
0 0.778125 0.4109375 0.04375 0.05859375
0 0.7640625 0.0296875 0.015625 0.025
0 0.84296875 0.2171875 0.02421875 0.0375
0 0.5203125 0.23671875 0.0296875 0.04453125
0 0.81328125 0.13046875 0.0203125 0.03125
0 0.99140625 0.1296875 0.015625 0.0296875
0 0.9390625 0.09921875 0.0171875 0.02578125
0 0.4703125 0.01796875 0.01640625 0.02578125
0 0.5125 0.01328125 0.01953125 0.02578125
0 0.6859375 0.0171875 0.01640625 0.0296875
0 0.915625 0.2375 0.0234375 0.0328125
0 0.90078125 0.01015625 0.0171875 0.0203125
0 0.0578125 0.03203125 0.02421875 0.03515625
0 0.25625 0.25703125 0.0265625 0.040625
0 0.3265625 0.0984375 0.021875 0.0296875
0 0.871875 0.1515625 0.02421875 0.03515625
0 0.95234375 0.14921875 0.0171875 0.025
0 0.9359375 0.00859375 0.01640625 0.0171875
0 0.3859375 0.1 0.021875 0.0328125
0 0.43984375 0.0609375 0.01484375 0.021875
0 0.49375 0.22421875 0.01875 0.03125
0 0.2796875 0.03125 0.015625 0.02578125
0 0.99453125 0.01796875 0.00859375 0.02578125
0 0.3421875 0.00625 0.01484375 0.01171875
0 0.3640625 0.0140625 0.0171875 0.025
0 0.8421875 0.11796875 0.0171875 0.025
0 0.6796875 0.6203125 0.0609375 0.08984375
0 0.825 0.08046875 0.01875 0.02578125
0 0.5546875 0.0046875 0.015625 0.009375
0 0.31796875 0.0625 0.01875 0.03125
0 0.8546875 0.00546875 0.01484375 0.01015625
0 0.259375 0.03046875 0.0140625 0.025