0 0.44453125 0.36796875 0.028125 0.04296875
0 0.17734375 0.2015625 0.0203125 0.03125
0 0.8078125 0.47265625 0.0515625 0.078125
0 0.4921875 0.40703125 0.03125 0.0484375
0 0.72421875 0.08203125 0.01875 0.02578125
0 0.90703125 0.24375 0.028125 0.04453125
0 0.65859375 0.26796875 0.03046875 0.04921875
0 0.96171875 0.14375 0.0265625 0.0328125
0 0.61171875 0.17890625 0.01875 0.0328125
0 0.98828125 0.19140625 0.021875 0.04140625
0 0.63984375 0.1421875 0.01953125 0.03125
0 0.5890625 0.19140625 0.021875 0.03671875
0 0.30234375 0.3 0.02421875 0.03515625
0 0.56640625 0.1671875 0.01953125 0.0296875
0 0.821875 0.16953125 0.0203125 0.03359375
0 0.6234375 0.2484375 0.0265625 0.0390625
0 0.5484375 0.3265625 0.02734375 0.04296875
0 0.4671875 0.2078125 0.01953125 0.02734375
0 0.83359375 0.253125 0.03046875 0.04296875
0 0.59453125 0.30625 0.028125 0.0484375
0 0.253125 0.10390625 0.01484375 0.02109375
0 0.2046875 0.2125 0.0203125 0.03125
0 0.68828125 0.35625 0.0359375 0.05625
0 0.4421875 0.10625 0.01640625 0.025
0 0.821875 0.04921875 0.0171875 0.02578125
0 0.86796875 0.3359375 0.03125 0.04921875
0 0.91015625 0.15078125 0.0234375 0.03359375
0 0.5890625 0.05625 0.015625 0.01953125
0 0.13203125 0.3671875 0.028125 0.03671875
0 0.2703125 0.375 0.028125 0.0390625
0 0.11484375 0.2890625 0.0265625 0.03671875
0 0.67109375 0.07421875 0.01640625 0.02578125
0 0.065625 0.28828125 0.025 0.03515625
0 0.79375 0.15546875 0.0203125 0.0296875
0 0.646875 0.2125 0.02421875 0.03671875
0 0.878125 0.18046875 0.02421875 0.0375
0 0.5296875 0.0453125 0.0140625 0.01953125
0 0.63984375 0.096875 0.01875 0.02734375
0 0.228125 0.1015625 0.015625 0.02109375
0 0.9625 0.1953125 0.03046875 0.0390625
0 0.9046875 0.02265625 0.015625 0.025
0 0.98359375 0.1234375 0.02421875 0.03671875
0 0.7453125 0.471875 0.040625 0.0609375
0 0.5890625 0.1421875 0.01875 0.0296875
0 0.4984375 0.21796875 0.02265625 0.0328125
0 0.2390625 0.22890625 0.0234375 0.02890625
0 0.5609375 0.209375 0.02265625 0.03125
0 0.75390625 0.2484375 0.02734375 0.04453125
0 0.4640625 0.1515625 0.01953125 0.0296875
0 0.58359375 0.94375 0.09296875 0.1109375
0 0.18828125 0.17578125 0.0203125 0.02890625
0 0.4890625 0.1640625 0.01953125 0.03125
0 0.56953125 0.2484375 0.021875 0.03515625
0 0.66328125 0.04296875 0.01484375 0.0234375
0 0.85546875 0.05703125 0.0171875 0.02578125
0 0.415625 0.05625 0.0140625 0.01796875
0 0.36796875 0.23125 0.02265625 0.0328125
0 0.4171875 0.12890625 0.015625 0.0234375
0 0.14921875 0.19375 0.01875 0.0296875
0 0.82109375 0.38828125 0.03828125 0.0546875
0 0.790625 0.0953125 0.0171875 0.02578125
0 0.73359375 0.19375 0.02421875 0.0375
0 0.81875 0.0171875 0.01640625 0.02109375
0 0.41796875 0.2640625 0.0234375 0.0375
0 0.540625 0.07890625 0.015625 0.021875
0 0.19609375 0.33515625 0.0265625 0.040625
0 0.78046875 0.2546875 0.03046875 0.0453125
0 0.2 0.0953125 0.01640625 0.0234375
0 0.6859375 0.1390625 0.01875 0.0296875
0 0.3390625 0.24296875 0.021875 0.0328125
0 0.778125 0.0453125 0.01875 0.025
0 0.06953125 0.15078125 0.0171875 0.0234375
0 0.76484375 0.1625 0.01953125 0.02578125
0 0.75703125 0.01875 0.01484375 0.01953125
0 0.8328125 0.8421875 0.071875 0.1109375
0 0.28046875 0.103125 0.01484375 0.021875
0 0.6953125 0.0421875 0.015625 0.01953125
0 0.61640625 0.1234375 0.0171875 0.025
0 0.234375 0.34296875 0.025 0.04296875
0 0.7265625 0.00703125 0.015625 0.0140625
0 0.853125 0.18046875 0.02265625 0.0375
0 0.87421875 0.26953125 0.03046875 0.046875
0 0.9484375 0.334375 0.0390625 0.04921875
0 0.09453125 0.15625 0.0171875 0.02109375
0 0.73671875 0.06015625 0.01640625 0.0234375
0 0.45234375 0.23671875 0.0203125 0.03125
0 0.64296875 0.0359375 0.01640625 0.021875
0 0.30234375 0.0671875 0.01484375 0.01953125
0 0.36953125 0.07578125 0.01484375 0.0234375
0 0.14609375 0.05546875 0.01484375 0.01953125
0 0.93046875 0.00625 0.01640625 0.01171875
0 0.259375 0.15 0.01953125 0.02578125
0 0.5703125 0.06171875 0.0140625 0.01953125
0 0.884375 0.06875 0.01875 0.0296875
0 0.1234375 0.89375 0.06171875 0.08203125
0 0.1375 0.1671875 0.01875 0.025
0 0.00703125 0.16171875 0.0140625 0.02109375
0 0.6015625 0.36171875 0.0328125 0.04453125
0 0.71953125 0.1359375 0.02265625 0.03515625
0 0.5171875 0.20390625 0.01953125 0.0328125
0 0.490625 0.02890625 0.0125 0.02109375
0 0.30859375 0.1390625 0.0171875 0.0234375
0 0.78828125 0.0140625 0.01484375 0.0234375
0 0.07265625 0.11953125 0.01484375 0.01796875
0 0.4265625 0.0859375 0.0171875 0.0234375
0 0.61640625 0.01328125 0.01484375 0.0234375
0 0.62265625 0.0671875 0.01640625 0.025
0 0.47265625 0.10625 0.015625 0.025
0 0.38828125 0.24765625 0.0203125 0.03125
0 0.534375 0.021875 0.0140625 0.01796875
0 0.884375 0.0265625 0.01640625 0.021875
0 0.48125 0.04765625 0.015625 0.021875
0 0.775 0.1265625 0.0171875 0.03125
0 0.1 0.115625 0.01875 0.02109375
0 0.5375 0.1484375 0.01640625 0.02890625
0 0.9890625 0.08125 0.01953125 0.0296875
0 0.0546875 0.0671875 0.015625 0.01953125
0 0.715625 0.0328125 0.01484375 0.0234375
0 0.19375 0.065625 0.01484375 0.01953125
0 0.68046875 0.0375 0.01484375 0.025
0 0.803125 0.009375 0.015625 0.01875
0 0.40859375 0.08046875 0.01484375 0.0234375
0 0.60625 0.0578125 0.01484375 0.021875
0 0.05390625 0.12890625 0.01640625 0.0234375
0 0.70234375 0.18515625 0.0234375 0.03671875
0 0.5078125 0.0765625 0.015625 0.021875
0 0.69375 0.00703125 0.01640625 0.0140625
0 0.00859375 0.19375 0.0171875 0.0234375
0 0.7546875 0.13203125 0.021875 0.0296875
0 0.54609375 0.0546875 0.01484375 0.02109375
0 0.8984375 0.11796875 0.021875 0.0296875
0 0.83359375 0.009375 0.0140625 0.01875
0 0.01484375 0.1078125 0.01640625 0.01953125
0 0.3453125 0.07421875 0.0140625 0.01796875
0 0.38984375 0.0890625 0.01484375 0.021875
0 0.4640625 0.0796875 0.01640625 0.0234375
0 0.11875 0.13125 0.01875 0.02109375
0 0.84453125 0.15 0.0171875 0.0234375
0 0.4359375 0.94375 0.12578125 0.109375
0 0.38984375 0.0375 0.01484375 0.01953125
0 0.571875 0.01171875 0.0140625 0.01796875
0 0.4671875 0.2671875 0.0203125 0.03125
0 0.50078125 0.11328125 0.01640625 0.02109375
0 0.13125 0.3265625 0.0203125 0.0328125
0 0.63203125 0.1765625 0.0171875 0.0296875
0 0.0375 0.15546875 0.01875 0.025
0 0.6515625 0.06015625 0.015625 0.02578125
0 0.24375 0.4296875 0.0234375 0.0234375
0 0.58671875 0.1171875 0.01640625 0.0234375
0 0.4125 0.5796875 0.03046875 0.04140625
0 0.2765625 0.07890625 0.01640625 0.01953125
0 0.88125 0.00625 0.01484375 0.01171875
0 0.3046875 0.0921875 0.015625 0.01953125
0 0.04296875 0.09453125 0.0171875 0.0140625
0 0.51484375 0.1625 0.01953125 0.0296875
0 0.3328125 0.04296875 0.0140625 0.01796875
0 0.13984375 0.14375 0.01875 0.01953125
0 0.0125 0.2640625 0.0203125 0.025
0 0.66328125 0.14296875 0.0171875 0.02578125
0 0.96171875 0.01171875 0.0171875 0.0234375
0 0.28359375 0.06015625 0.0125 0.02109375
0 0.109375 0.3375 0.03125 0.0390625
0 0.5015625 0.0484375 0.01484375 0.02109375
0 0.35625 0.00703125 0.01484375 0.0140625
0 0.14609375 0.63203125 0.05390625 0.0796875
0 0.0890625 0.18203125 0.0203125 0.02578125
0 0.3328125 0.103125 0.01484375 0.01953125
0 0.1140625 0.18671875 0.0171875 0.025
0 0.71953125 0.228125 0.0265625 0.040625
0 0.45 0.29375 0.02734375 0.04296875
0 0.03359375 0.1140625 0.01875 0.021875
0 0.171875 0.09375 0.0171875 0.0234375
0 0.44375 0.08125 0.01640625 0.01953125
0 0.68828125 0.3125 0.02734375 0.03125
0 0.51484375 0.25078125 0.0203125 0.03515625
0 0.49765625 0.00703125 0.01640625 0.0140625
0 0.80078125 0.0640625 0.015625 0.02890625
0 0.4078125 0.15546875 0.01640625 0.025
0 0.75078125 0.04375 0.015625 0.025
0 0.5546875 0.11953125 0.015625 0.0234375
0 0.30703125 0.11875 0.01640625 0.01796875
0 0.80234375 0.03515625 0.01640625 0.0234375
0 0.75625 0.06953125 0.01640625 0.025
0 0.534375 0.2375 0.0171875 0.0328125
0 0.86171875 0.0078125 0.01484375 0.015625
0 0.95546875 0.04296875 0.0203125 0.03125
0 0.471875 0.0296875 0.0125 0.01953125
0 0.03515625 0.1859375 0.021875 0.02578125
0 0.9859375 0.02421875 0.0171875 0.025
0 0.92734375 0.0296875 0.01484375 0.02578125
0 0.975 0.90546875 0.04765625 0.14453125
0 0.35625 0.10390625 0.01484375 0.02109375
0 0.1546875 0.10625 0.0171875 0.01953125
0 0.53984375 0.2046875 0.0203125 0.03359375
0 0.03203125 0.06015625 0.01484375 0.01796875
0 0.50390625 0.1375 0.0171875 0.025
0 0.709375 0.0078125 0.0125 0.015625