0 0.659375 0.21796875 0.028125 0.04296875
0 0.2515625 0.1296875 0.0234375 0.040625
0 0.24921875 0.42578125 0.0421875 0.06484375
0 0.715625 0.13203125 0.0234375 0.03515625
0 0.8921875 0.1734375 0.025 0.0328125
0 0.28828125 0.13125 0.0234375 0.03671875
0 0.946875 0.82421875 0.0859375 0.11171875
0 0.69609375 0.17890625 0.03046875 0.040625
0 0.15546875 0.1546875 0.0296875 0.0375
0 0.79296875 0.11875 0.0234375 0.03125
0 0.89140625 0.0125 0.0171875 0.025
0 0.75625 0.16640625 0.0265625 0.0390625
0 0.83359375 0.03515625 0.02265625 0.02890625
0 0.1859375 0.25625 0.0359375 0.05078125
0 0.8984375 0.209375 0.025 0.03671875
0 0.83359375 0.15 0.02421875 0.03671875
0 0.4703125 0.08046875 0.0171875 0.02578125
0 0.9640625 0.021875 0.0171875 0.02578125
0 0.4921875 0.33046875 0.021875 0.0390625
0 0.7453125 0.2484375 0.028125 0.0375
0 0.346875 0.16171875 0.028125 0.0390625
0 0.0703125 0.35703125 0.046875 0.06015625
0 0.734375 0.4703125 0.05078125 0.078125
0 0.3765625 0.2046875 0.02734375 0.0328125
0 0.83671875 0.00859375 0.01875 0.0171875
0 0.35234375 0.2640625 0.0203125 0.03125
0 0.7171875 0.00546875 0.0171875 0.01015625
0 0.01640625 0.0921875 0.02734375 0.0375
0 0.86796875 0.046875 0.0171875 0.0234375
0 0.47578125 0.109375 0.0234375 0.02890625
0 0.103125 0.4265625 0.053125 0.0796875
0 0.49375 0.08828125 0.0171875 0.02578125
0 0.3734375 0.171875 0.02734375 0.03125
0 0.021875 0.05 0.0265625 0.0328125
0 0.6984375 0.54296875 0.0609375 0.0859375
0 0.66640625 0.1375 0.0203125 0.0328125
0 0.115625 0.6921875 0.08671875 0.1