0 0.39609375 0.88046875 0.034375 0.03125
0 0.94453125 0.8015625 0.0359375 0.02890625
0 0.73984375 0.7265625 0.0328125 0.0265625
0 0.334375 0.9265625 0.0375 0.03359375
0 0.6234375 0.62421875 0.02890625 0.0234375
0 0.2546875 0.86171875 0.0359375 0.03359375
0 0.4265625 0.8015625 0.0359375 0.02890625
0 0.68359375 0.63671875 0.02890625 0.0234375
0 0.4859375 0.965625 0.0390625 0.0390625
0 0.5375 0.7109375 0.0328125 0.02890625
0 0.28671875 0.971875 0.04140625 0.0390625
0 0.49765625 0.5109375 0.02734375 0.02109375
0 0.3984375 0.6515625 0.0328125 0.0265625
0 0.796875 0.44609375 0.02265625 0.0203125
0 0.4828125 0.66328125 0.0359375 0.02890625
0 0.72109375 0.7546875 0.0359375 0.02890625
0 0.61171875 0.66171875 0.02890625 0.02890625
0 0.303125 0.63828125 0.0359375 0.0265625
0 0.76953125 0.66171875 0.0328125 0.02890625
0 0.07265625 0.83203125 0.0359375 0.0265625
0 0.9828125 0.72578125 0.03125 0.02890625
0 0.29453125 0.5828125 0.0359375 0.0234375
0 0.4 0.59296875 0.03125 0.02890625
0 0.86015625 0.54609375 0.0328125 0.02265625
0 0.9 0.9109375 0.0390625 0.03359375
0 0.2140625 0.796875 0.034375 0.02890625
0 0.6375 0.88203125 0.0390625 0.02890625
0 0.03359375 0.6765625 0.0328125 0.0234375
0 0.04765625 0.71328125 0.034375 0.03125
0 0.4625 0.7703125 0.04296875 0.03125
0 0.1640625 0.840625 0.0359375 0.02890625
0 0.884375 0.5984375 0.02890625 0.0265625
0 0.2390625 0.48671875 0.02890625 0.0265625
0 0.27734375 0.4609375 0.02890625 0.02109375
0 0.5671875 0.8359375 0.0359375 0.03359375
0 0.13125 0.6546875 0.02890625 0.0265625
0 0.91484375 0.65546875 0.0390625 0.02890625
0 0.48203125 0.5890625 0.02734375 0.0234375
0 0.8515625 0.5046875 0.0328125 0.02109375
0 0.3109375 0.69453125 0.0390625 0.02890625
0 0.1171875 0.8734375 0.0359375 0.0359375
0 0.0578125 0.91171875 0.0390625 0.03125
0 0.375 0.98125 0.04296875 0.03515625
0 0.38046875 0.690625 0.03125 0.0265625
0 0.68203125 0.48671875 0.02890625 0.0234375
0 0.7515625 0.934375 0.0375 0.03359375
0 0.64140625 0.734375 0.034375 0.03125
0 0.13203125 0.796875 0.0375 0.03125
0 0.0765625 0.61953125 0.02890625 0.0234375
0 0.95 0.846875 0.034375 0.0265625
0 0.94921875 0.51015625 0.02890625 0.02265625
0 0.8875 0.734375 0.0359375 0.0265625
0 0.8015625 0.39296875 0.02578125 0.01875
0 0.14609375 0.73203125 0.034375 0.0265625
0 0.71875 0.68828125 0.034375 0.0265625
0 0.50703125 0.8890625 0.04296875 0.03359375
0 0.646875 0.640625 0.03125 0.0234375
0 0.80546875 0.5859375 0.0328125 0.0265625
0 0.428125 0.3953125 0.02578125 0.02109375
0 0.325 0.815625 0.0390625 0.02890625
0 0.95 0.89296875 0.0375 0.02890625
0 0.634375 0.534375 0.034375 0.0234375
0 0.7 0.834375 0.0375 0.03125
0 0.04453125 0.6296875 0.034375 0.0265625
0 0.7078125 0.5140625 0.02890625 0.02109375
0 0.1828125 0.9578125 0.0390625 0.02890625
0 0.72890625 0.15390625 0.0203125 0.01484375
0 0.09375 0.2546875 0.01875 0.0140625
0 0.3078125 0.75703125 0.0359375 0.02890625
0 0.43359375 0.94921875 0.04140625 0.0390625
0 0.3015625 0.54375 0.03125 0.02265625
0 0.015625 0.8296875 0.03125 0.02890625
0 0.4140625 0.471875 0.02578125 0.01875
0 0.3921875 0.56796875 0.02890625 0.02109375
0 0.50546875 0.83203125 0.0359375 0.0359375
0 0.50859375 0.371875 0.02265625 0.01875
0 0.7625 0.61953125 0.0359375 0.0265625
0 0.77578125 0.54765625 0.0328125 0.025
0 0.38828125 0.48671875 0.02578125 0.0234375
0 0.2296875 0.6828125 0.034375 0.0265625
0 0.10234375 0.540625 0.0328125 0.0234375
0 0.86015625 0.690625 0.0390625 0.03125
0 0.54375 0.41953125 0.02421875 0.02109375
0 0.26484375 0.5546875 0.0328125 0.0234375
0 0.790625 0.83046875 0.04140625 0.02890625
0 0.2 0.63203125 0.02890625 0.0234375
0 0.51015625 0.54609375 0.02890625 0.02265625
0 0.92421875 0.4125 0.03125 0.02265625
0 0.8703125 0.79296875 0.0390625 0.02890625
0 0.975 0.38359375 0.0328125 0.02265625
0 0.57734375 0.628125 0.02890625 0.02109375
0 0.07734375 0.7640625 0.04140625 0.03359375
0 0.253125 0.4328125 0.02578125 0.02109375
0 0.95546875 0.24453125 0.02421875 0.01875
0 0.3453125 0.584375 0.02890625 0.0265625
0 0.8171875 0.34453125 0.02578125 0.01875
0 0.4046875 0.31796875 0.02421875 0.0140625
0 0.68203125 0.3953125 0.02265625 0.01875
0 0.040625 0.4328125 0.02265625 0.01875
0 0.91328125 0.771875 0.0359375 0.0265625
0 0.33359375 0.45078125 0.02578125 0.02109375
0 0.10546875 0.4828125 0.02578125 0.01875
0 0.64921875 0.9296875 0.0359375 0.02890625
0 0.4828125 0.45703125 0.02578125 0.02109375
0 0.6390625 0.42890625 0.02890625 0.0203125
0 0.7796875 0.3703125 0.02578125 0.01640625
0 0.7796875 0.33046875 0.02578125 0.01875
0 0.46640625 0.42578125 0.03125 0.02109375
0 0.67890625 0.5671875 0.03125 0.0234375
0 0.13203125 0.57734375 0.03125 0.02265625
0 0.5109375 0.7578125 0.0375 0.03125
0 0.23203125 0.34453125 0.02265625 0.01875
0 0.33203125 0.409375 0.02578125 0.01875
0 0.21171875 0.73203125 0.0359375 0.02890625
0 0.06953125 0.6734375 0.02890625 0.0265625
0 0.97890625 0.45546875 0.0328125 0.0265625
0 0.16796875 0.20625 0.0203125 0.01484375
0 0.15703125 0.2296875 0.01875 0.0140625
0 0.0703125 0.24375 0.0203125 0.01484375
0 0.23828125 0.3921875 0.02734375 0.02109375
0 0.4265625 0.69453125 0.0359375 0.02890625
0 0.5703125 0.4796875 0.02265625 0.01875
0 0.75078125 0.2421875 0.01875 0.01640625
0 0.375 0.5359375 0.0328125 0.0234375
0 0.16796875 0.4765625 0.03125 0.0203125
0 0.178125 0.51640625 0.02734375 0.0203125
0 0.02578125 0.803125 0.02734375 0.02109375
0 0.30390625 0.3953125 0.02734375 0.01875
0 0.584375 0.896875 0.0359375 0.03125
0 0.36328125 0.28984375 0.0203125 0.0171875
0 0.1703125 0.371875 0.02578125 0.01640625
0 0.9390625 0.1515625 0.01875 0.0171875
0 0.01484375 0.64453125 0.02890625 0.0265625
0 0.253125 0.1796875 0.01875 0.0140625
0 0.56640625 0.38359375 0.02421875 0.0171875
0 0.51171875 0.47734375 0.02890625 0.0203125
0 0.9171875 0.0421875 0.01875 0.0140625
0 0.3703125 0.36953125 0.02734375 0.01875
0 0.50078125 0.24921875 0.02421875 0.01875
0 0.1640625 0.78828125 0.0328125 0.02890625
0 0.46796875 0.2296875 0.0203125 0.01484375
0 0.52578125 0.5140625 0.02890625 0.02109375
0 0.11640625 0.24375 0.02421875 0.01484375
0 0.97578125 0.96796875 0.034375 0.03359375
0 0.26953125 0.09453125 0.0171875 0.0140625
0 0.928125 0.7078125 0.0375 0.02890625
0 0.08046875 0.50234375 0.03125 0.02265625
0 0.3515625 0.4734375 0.02734375 0.02109375
0 0.72890625 0.5359375 0.03125 0.0234375
0 0.76796875 0.484375 0.02578125 0.02109375
0 0.1171875 0.44453125 0.02578125 0.02109375
0 0.07890625 0.36953125 0.02734375 0.01640625
0 0.87890625 0.20703125 0.01875 0.01640625
0 0.44609375 0.2671875 0.02421875 0.01875
0 0.5734375 0.57734375 0.02890625 0.02265625
0 0.43125 0.5796875 0.02890625 0.02734375
0 0.98515625 0.52421875 0.02578125 0.0265625
0 0.91953125 0.7421875 0.034375 0.02890625
0 0.08671875 0.5921875 0.0359375 0.0265625
0 0.796875 0.5125 0.02890625 0.02265625
0 0.7640625 0.44140625 0.02890625 0.025
0 0.39765625 0.2671875 0.0203125 0.01875
0 0.72578125 0.3203125 0.0203125 0.0171875
0 0.2890625 0.153125 0.01875 0.0140625
0 0.5171875 0.31796875 0.01875 0.0140625
0 0.46796875 0.0546875 0.0171875 0.01484375
0 0.25078125 0.0921875 0.0171875 0.0140625
0 0.7625 0.30546875 0.02578125 0.01875
0 0.7140625 0.3390625 0.02265625 0.01640625
0 0.38984375 0.0796875 0.01875 0.0140625
0 0.40078125 0.71796875 0.0359375 0.02890625
0 0.1640625 0.3203125 0.02578125 0.01875
0 0.07109375 0.3015625 0.02265625 0.01640625
0 0.92109375 0.340625 0.02734375 0.01640625
0 0.65078125 0.36953125 0.02265625 0.02109375
0 0.71640625 0.6421875 0.0359375 0.0265625
0 0.80546875 0.48046875 0.0328125 0.02109375
0 0.496875 0.3421875 0.02265625 0.01875
0 0.58828125 0.303125 0.02421875 0.01875
0 0.9140625 0.31796875 0.02421875 0.01640625
0 0.33046875 0.3515625 0.02265625 0.0171875
0 0.43046875 0.21796875 0.02421875 0.01640625
0 0.84453125 0.3546875 0.02890625 0.02109375
0 0.13203125 0.4265625 0.02734375 0.01875
0 0.415625 0.2796875 0.02265625 0.01640625
0 0.05234375 0.2828125 0.02265625 0.01640625
0 0.13828125 0.62421875 0.0328125 0.0234375
0 0.74453125 0.19375 0.0203125 0.01484375
0 0.01640625 0.88828125 0.0328125 0.0359375
0 0.5015625 0.2890625 0.02265625 0.0171875
0 0.728125 0.61796875 0.0359375 0.02109375
0 0.54921875 0.6015625 0.02734375 0.02109375
0 0.859375 0.19140625 0.0203125 0.0171875
0 0.309375 0.1390625 0.02265625 0.0140625
0 0.89765625 0.3953125 0.02578125 0.02109375
0 0.6890625 0.3546875 0.02265625 0.01875
0 0.5296875 0.11796875 0.0203125 0.0140625
0 0.26640625 0.24375 0.02265625 0.01484375
0 0.81796875 0.1921875 0.02421875 0.01484375
0 0.471875 0.3578125 0.02421875 0.01875
0 0.8453125 0.6296875 0.03125 0.0234375
0 0.96875 0.584375 0.03125 0.0265625
0 0.20546875 0.321875 0.02734375 0.01875
0 0.46796875 0.28046875 0.02421875 0.01640625
0 0.98203125 0.1578125 0.02265625 0.0171875
0 0.36640625 0.3328125 0.02265625 0.01640625
0 0.959375 0.2140625 0.02265625 0.0171875
0 0.6140625 0.4421875 0.02734375 0.02109375
0 0.6375 0.60078125 0.02578125 0.0234375
0 0.26796875 0.12890625 0.0203125 0.0125
0 0.8296875 0.421875 0.02578125 0.02109375
0 0.52890625 0.16484375 0.02265625 0.01484375
0 0.7828125 0.2390625 0.02265625 0.0171875
0 0.54765625 0.4671875 0.02578125 0.01875
0 0.19296875 0.76328125 0.0328125 0.0234375
0 0.11171875 0.33828125 0.02734375 0.01640625
0 0.01953125 0.77578125 0.0359375 0.03125
0 0.3921875 0.14296875 0.01875 0.0140625
0 0.10546875 0.17734375 0.02265625 0.01484375
0 0.0125 0.58828125 0.025 0.0234375
0 0.6890625 0.23046875 0.02265625 0.01640625
0 0.52265625 0.4390625 0.02578125 0.01875
0 0.340625 0.3671875 0.02578125 0.01640625
0 0.13125 0.534375 0.02578125 0.01875
0 0.69296875 0.0171875 0.0203125 0.01640625
0 0.35625 0.2078125 0.01875 0.01484375
0 0.19140625 0.2828125 0.02265625 0.01640625
0 0.3921875 0.4078125 0.02265625 0.01640625
0 0.015625 0.565625 0.02734375 0.02109375
0 0.134375 0.3140625 0.02265625 0.01640625
0 0.4296875 0.65546875 0.02578125 0.01875
0 0.38203125 0.4265625 0.02578125 0.01875
0 0.7484375 0.36953125 0.02578125 0.02109375
0 0.9828125 0.0546875 0.0203125 0.01484375
0 0.29921875 0.4265625 0.02265625 0.0234375
0 0.72109375 0.4109375 0.02578125 0.01875
0 0.44375 0.3359375 0.02265625 0.01640625
0 0.97265625 0.62578125 0.034375 0.03125
0 0.19609375 0.5890625 0.0328125 0.0265625
0 0.21015625 0.5671875 0.0359375 0.01875
0 0.2578125 0.93671875 0.04296875 0.0390625
0 0.66953125 0.11953125 0.01875 0.0140625
0 0.94609375 0.54453125 0.02890625 0.0234375
0 0.40390625 0.38828125 0.02265625 0.0234375
0 0.103125 0.31328125 0.02421875 0.01640625
0 0.1078125 0.2046875 0.02421875 0.0125
0 0.04765625 0.3171875 0.0203125 0.01640625
0 0.51171875 0.5890625 0.02890625 0.02109375
0 0.69296875 0.040625 0.0203125 0.0140625
0 0.52265625 0.3546875 0.02265625 0.01640625
0 0.54453125 0.1421875 0.02265625 0.0140625
0 0.42890625 0.1421875 0.0203125 0.0125
0 0.48203125 0.378125 0.02421875 0.01875
0 0.76953125 0.1921875 0.02578125 0.0140625
0 0.30546875 0.3328125 0.02421875 0.01875
0 0.26953125 0.15546875 0.0171875 0.0140625
0 0.64375 0.15234375 0.01875 0.01484375
0 0.81953125 0.21796875 0.0203125 0.0140625
0 0.95390625 0.103125 0.0203125 0.0140625
0 0.92734375 0.28984375 0.02265625 0.0171875
0 0.5984375 0.20625 0.0203125 0.01484375
0 0.128125 0.4046875 0.02578125 0.01640625
0 0.7796875 0.01796875 0.01875 0.0140625
0 0.3125 0.2546875 0.0203125 0.0140625
0 0.484375 0.6328125 0.0359375 0.0265625
0 0.81953125 0.44375 0.02734375 0.02265625
0 0.66015625 0.34296875 0.02421875 0.01875
0 0.65078125 0.28046875 0.01875 0.01640625
0 0.2421875 0.30703125 0.02421875 0.0140625
0 0.13125 0.2796875 0.02578125 0.0140625
0 0.29453125 0.21796875 0.01875 0.0140625
0 0.45 0.16953125 0.02265625 0.01640625
0 0.49296875 0.1421875 0.02265625 0.0125
0 0.23984375 0.23046875 0.0203125 0.0140625
0 0.3765625 0.10546875 0.02265625 0.0140625
0 0.515625 0.9890625 0.04296875 0.01875
0 0.15390625 0.15546875 0.02265625 0.0109375
0 0.88203125 0.26328125 0.02421875 0.01875
0 0.2921875 0.06875 0.015625 0.0125
0 0.22734375 0.16953125 0.01875 0.0140625
0 0.52265625 0.2921875 0.02265625 0.01640625
0 0.69375 0.0921875 0.01875 0.0140625
0 0.42890625 0.1953125 0.0203125 0.01640625
0 0.05546875 0.2640625 0.02578125 0.01640625
0 0.18203125 0.1921875 0.0203125 0.0140625
0 0.7921875 0.278125 0.02421875 0.01640625
0 0.515625 0.1921875 0.02265625 0.0140625
0 0.490625 0.165625 0.0203125 0.0140625
0 0.5546875 0.240625 0.02265625 0.01640625
0 0.3796875 0.45546875 0.02578125 0.02109375
0 0.91796875 0.16484375 0.0203125 0.01484375
0 0.7078125 0.14140625 0.02265625 0.01484375
0 0.47578125 0.33203125 0.02578125 0.01875
0 0.85703125 0.3328125 0.02578125 0.01640625
0 0.46484375 0.11796875 0.0203125 0.0140625
0 0.10859375 0.22578125 0.02578125 0.01875
0 0.590625 0.4171875 0.02890625 0.01875
0 0.703125 0.2828125 0.02421875 0.01640625
0 0.35234375 0.8328125 0.0359375 0.02890625
0 0.99296875 0.19296875 0.01015625 0.01875