0 0.159375 0.38671875 0.04609375 0.05703125
0 0.45625 0.42578125 0.0359375 0.0546875
0 0.415625 0.3890625 0.03046875 0.04140625
0 0.03671875 0.27421875 0.0265625 0.0375
0 0.171875 0.46171875 0.0453125 0.0609375
0 0.48125 0.1140625 0.0234375 0.0328125
0 0.115625 0.1703125 0.025 0.0328125
0 0.4 0.4375 0.04375 0.0625
0 0.65546875 0.43046875 0.03828125 0.05625
0 0.446875 0.2609375 0.0296875 0.04296875
0 0.6 0.31953125 0.03828125 0.053125
0 0.16328125 0.83203125 0.07421875 0.09609375
0 0.59765625 0.21171875 0.021875 0.0328125
0 0.6234375 0.1390625 0.01953125 0.02734375
0 0.09140625 0.1859375 0.0265625 0.0328125
0 0.59296875 0.0640625 0.01484375 0.0234375
0 0.446875 0.2296875 0.0234375 0.025
0 0.6765625 0.11796875 0.01953125 0.025
0 0.0125 0.25546875 0.02421875 0.0390625
0 0.61484375 0.06875 0.01640625 0.02578125
0 0.64453125 0.01875 0.015625 0.01953125
0 0.7109375 0.5296875 0.0546875 0.0609375
0 0.846875 0.04453125 0.01640625 0.0234375
0 0.40703125 0.7125 0.06875 0.09375
0 0.609375 0.04375 0.015625 0.01953125
0 0.4328125 0.2046875 0.021875 0.02890625
0 0.99453125 0.384375 0.00859375 0.021875
0 0.971875 0.3671875 0.01875 0.0234375
0 0.653125 0.15625 0.01484375 0.0234375