0 0.5515625 0.11953125 0.0140625 0.01796875
0 0.13203125 0.11796875 0.015625 0.025
0 0.3140625 0.35703125 0.02265625 0.03359375
0 0.3671875 0.71796875 0.05625 0.08203125
0 0.46171875 0.421875 0.03125 0.0546875
0 0.8015625 0.36015625 0.028125 0.03515625
0 0.4015625 0.34375 0.025 0.0390625
0 0.81328125 0.49375 0.0296875 0.04453125
0 0.9328125 0.32265625 0.03125 0.04140625
0 0.97578125 0.28046875 0.021875 0.0328125
0 0.0859375 0.88125 0.07421875 0.10546875
0 0.39140625 0.27421875 0.0171875 0.0296875
0 0.11796875 0.225 0.02265625 0.0296875
0 0.29609375 0.24375 0.01953125 0.03125
0 0.5328125 0.2046875 0.01484375 0.025
0 0.01875 0.26171875 0.025 0.03671875
0 0.16328125 0.2609375 0.0234375 0.0328125
0 0.38203125 0.16015625 0.01484375 0.0234375
0 0.771875 0.50625 0.03046875 0.04453125
0 0.28203125 0.44375 0.0265625 0.04296875
0 0.6734375 0.48515625 0.03515625 0.05078125
0 0.5578125 0.17578125 0.0140625 0.02109375
0 0.2625 0.69296875 0.0578125 0.08046875
0 0.321875 0.13125 0.01484375 0.0234375
0 0.571875 0.45 0.03203125 0.05078125
0 0.79296875 0.42265625 0.03125 0.0453125
0 0.21171875 0.23828125 0.0203125 0.03125
0 0.878125 0.18125 0.01484375 0.0234375
0 0.5296875 0.11328125 0.01171875 0.01796875
0 0.4484375 0.1859375 0.015625 0.0234375
0 0.4984375 0.6734375 0.05625 0.0765625
0 0.2140625 0.19375 0.0171875 0.025
0 0.1625 0.2234375 0.02265625 0.0296875
0 0.45859375 0.06953125 0.0109375 0.0171875
0 0.57578125 0.165625 0.01484375 0.025
0 0.5828125 0.28515625 0.021875 0.03359375
0 0.64375 0.0984375 0.01171875 0.0171875
0 0.9359375 0.1734375 0.01484375 0.01953125
0 0.1203125 0.5328125 0.0453125 0.0625
0 0.471875 0.17890625 0.01640625 0.021875
0 0.134375 0.1625 0.01953125 0.02578125
0 0.46953125 0.1203125 0.01171875 0.01953125
0 0.0734375 0.33046875 0.0265625 0.03671875
0 0.0765625 0.14375 0.015625 0.025
0 0.98125 0.134375 0.015625 0.01953125
0 0.15703125 0.1734375 0.0171875 0.0234375
0 0.8078125 0.0921875 0.0109375 0.01796875
0 0.5484375 0.61953125 0.04765625 0.06484375
0 0.440625 0.28046875 0.0171875 0.0328125
0 0.38984375 0.06875 0.01171875 0.01796875
0 0.5875 0.2046875 0.01484375 0.0234375
0 0.728125 0.1171875 0.01171875 0.01796875
0 0.815625 0.1796875 0.0125 0.01796875
0 0.5890625 0.15546875 0.0140625 0.01953125
0 0.42421875 0.178125 0.01484375 0.0234375
0 0.54765625 0.25390625 0.0171875 0.02578125
0 0.628125 0.1234375 0.0140625 0.0171875
0 0.18828125 0.09765625 0.01484375 0.02109375
0 0.06484375 0.2296875 0.01875 0.0296875
0 0.25703125 0.1390625 0.01484375 0.021875
0 0.36015625 0.06875 0.0140625 0.01953125
0 0.3109375 0.18125 0.0171875 0.02578125
0 0.1828125 0.15390625 0.01640625 0.0234375
0 0.28046875 0.06640625 0.0140625 0.01796875
0 0.853125 0.1765625 0.0125 0.01953125
0 0.8140625 0.14296875 0.0140625 0.01796875
0 0.0296875 0.19140625 0.02265625 0.03125
0 0.76484375 0.1296875 0.01171875 0.01953125
0 0.36875 0.13515625 0.0140625 0.01796875
0 0.59140625 0.06875 0.0109375 0.01796875
0 0.35625 0.1671875 0.01484375 0.01953125
0 0.484375 0.10625 0.01171875 0.01953125
0 0.50078125 0.228125 0.0171875 0.021875
0 0.584375 0.09375 0.01171875 0.01796875
0 0.2109375 0.10625 0.0140625 0.01953125
0 0.30546875 0.0765625 0.0140625 0.01953125
0 0.48984375 0.07890625 0.0125 0.0171875
0 0.50859375 0.128125 0.01171875 0.01953125
0 0.390625 0.13203125 0.01171875 0.01953125
0 0.696875 0.10625 0.01171875 0.0171875
0 0.0109375 0.12265625 0.0171875 0.02578125
0 0.48359375 0.1390625 0.0140625 0.02109375
0 0.88046875 0.25625 0.0203125 0.0296875
0 0.56875 0.2515625 0.0203125 0.03359375
0 0.83046875 0.07265625 0.0109375 0.015625
0 0.6046875 0.0421875 0.009375 0.0140625
0 0.0875 0.171875 0.0171875 0.02578125
0 0.54609375 0.07890625 0.01171875 0.0171875
0 0.33828125 0.190625 0.01640625 0.025
0 0.915625 0.28203125 0.02265625 0.0328125
0 0.76640625 0.0765625 0.0109375 0.0140625
0 0.44375 0.13203125 0.0125 0.01953125
0 0.79375 0.1671875 0.0140625 0.01953125
0 0.01015625 0.7875 0.0203125 0.08046875
0 0.51640625 0.0765625 0.009375 0.0171875
0 0.2859375 0.1921875 0.0171875 0.0296875
0 0.20390625 0.1671875 0.01484375 0.021875
0 0.4953125 0.11875 0.01171875 0.01796875
0 0.73125 0.065625 0.009375 0.0140625
0 0.628125 0.06953125 0.0109375 0.0140625
0 0.653125 0.1234375 0.0140625 0.01953125
0 0.31640625 0.2734375 0.0171875 0.03125
0 0.965625 0.18203125 0.01484375 0.0234375
0 0.3578125 0.1921875 0.015625 0.025
0 0.7171875 0.05546875 0.0078125 0.01171875
0 0.66875 0.0921875 0.009375 0.0140625
0 0.11953125 0.475 0.03984375 0.04453125
0 0.86953125 0.22421875 0.01640625 0.0234375
0 0.4203125 0.12890625 0.009375 0.015625
0 0.6171875 0.03046875 0.0078125 0.01171875
0 0.76796875 0.0171875 0.00703125 0.01171875
0 0.78359375 0.14296875 0.0125 0.01796875
0 0.71953125 0.0921875 0.0109375 0.01328125
0 0.73046875 0.01796875 0.0078125 0.01328125
0 0.6765625 0.115625 0.01171875 0.01796875
0 0.5375 0.06328125 0.0109375 0.0171875
0 0.66875 0.03046875 0.00859375 0.01171875
0 0.90546875 0.19375 0.01484375 0.025
0 0.840625 0.13125 0.0125 0.01796875
0 0.69375 0.06796875 0.00859375 0.01328125
0 0.56484375 0.103125 0.0125 0.0171875
0 0.2640625 0.1109375 0.015625 0.01953125
0 0.66875 0.05 0.00859375 0.0140625
0 0.34453125 0.1515625 0.0140625 0.021875
0 0.68828125 0.0875 0.0109375 0.0140625
0 0.1828125 0.19375 0.0171875 0.02578125
0 0.6828125 0.06796875 0.009375 0.01328125
0 0.653125 0.06796875 0.0109375 0.01328125
0 0.62890625 0.04140625 0.009375 0.01328125
0 0.5671875 0.040625 0.00859375 0.0140625
0 0.70390625 0.08125 0.009375 0.0140625
0 0.98671875 0.21171875 0.01875 0.01953125
0 0.7046875 0.0546875 0.0078125 0.01328125
0 0.74296875 0.0640625 0.00859375 0.01328125
0 0.6359375 0.14140625 0.0140625 0.01953125
0 0.7171875 0.0296875 0.0078125 0.01015625
0 0.7046875 0.0171875 0.0078125 0.01171875
0 0.6109375 0.15546875 0.0140625 0.01953125
0 0.7921875 0.01796875 0.0078125 0.0078125
0 0.78046875 0.01796875 0.00703125 0.0078125
0 0.7453125 0.03046875 0.0078125 0.01171875
0 0.6421875 0.0265625 0.0109375 0.0140625
0 0.7671875 0.0421875 0.0078125 0.01171875
0 0.68125 0.0296875 0.00703125 0.01171875
0 0.6046875 0.06875 0.009375 0.0171875
0 0.7546875 0.0171875 0.0078125 0.01171875
0 0.79375 0.04140625 0.00703125 0.01015625
0 0.6921875 0.0546875 0.00859375 0.01328125
0 0.815625 0.06953125 0.0109375 0.0140625
0 0.03203125 0.03046875 0.015625 0.025
0 0.74375 0.04296875 0.00703125 0.01328125
0 0.503125 0.0796875 0.0109375 0.0140625
0 0.740625 0.11640625 0.01171875 0.0140625
0 0.8421875 0.0890625 0.0109375 0.0171875
0 0.6546875 0.03125 0.00859375 0.01328125
0 0.69296875 0.03046875 0.00703125 0.01171875
0 0.5796875 0.05546875 0.0109375 0.0140625
0 0.5921875 0.04296875 0.00859375 0.01328125
0 0.5453125 0.046875 0.0109375 0.015625
0 0.80546875 0.01796875 0.00703125 0.0078125
0 0.70546875 0.03125 0.00703125 0.0078125
0 0.82734375 0.115625 0.01171875 0.015625
0 0.8046875 0.06796875 0.009375 0.01328125
0 0.81796875 0.01875 0.00703125 0.01171875
0 0.7796875 0.04453125 0.0078125 0.01328125
0 0.7796875 0.0875 0.009375 0.0171875
0 0.028125 0.10546875 0.01484375 0.0234375
0 0.57734375 0.125 0.0140625 0.01796875
0 0.64296875 0.04296875 0.00859375 0.01328125
0 0.74296875 0.00546875 0.00703125 0.0078125
0 0.8703125 0.14375 0.01171875 0.0140625
0 0.78046875 0.00546875 0.0078125 0.0078125
0 0.74296875 0.0171875 0.00703125 0.0078125
0 0.5609375 0.0859375 0.0109375 0.01796875
0 0.81953125 0.05625 0.009375 0.01328125
0 0.13359375 0.26015625 0.0203125 0.03125
0 0.91015625 0.16796875 0.0140625 0.01796875
0 0.53203125 0.0796875 0.0109375 0.0140625
0 0.5546875 0.05703125 0.009375 0.015625
0 0.76796875 0.03046875 0.00703125 0.01171875
0 0.4703125 0.1546875 0.01484375 0.02109375
0 0.7046875 0.00546875 0.0078125 0.0078125
0 0.73125 0.00546875 0.00703125 0.0078125
0 0.22265625 0.171875 0.015625 0.01796875
0 0.75625 0.00546875 0.00625 0.0078125
0 0.9734375 0.071875 0.0140625 0.01953125
0 0.78046875 0.0296875 0.0078125 0.0078125
0 0.603125 0.09765625 0.01171875 0.01796875
0 0.8046875 0.00546875 0.0078125 0.0078125
0 0.59453125 0.0296875 0.00859375 0.01328125
0 0.753125 0.03046875 0.00703125 0.01171875
0 0.81953125 0.03125 0.0078125 0.0078125
0 0.56875 0.01875 0.0109375 0.0140625
0 0.80546875 0.0296875 0.00703125 0.0078125
0 0.79375 0.06953125 0.00859375 0.0140625
0 0.575 0.0734375 0.009375 0.0140625
0 0.89140625 0.10625 0.009375 0.0140625
0 0.71875 0.00546875 0.0078125 0.0078125
0 0.12578125 0.1875 0.01953125 0.02578125
0 0.6828125 0.00625 0.00859375 0.01171875