0 0.78828125 0.26875 0.04296875 0.05859375
0 0.053125 0.01484375 0.01953125 0.0296875
0 0.38125 0.48125 0.0421875 0.0609375
0 0.20234375 0.18671875 0.025 0.0375
0 0.4546875 0.2046875 0.02734375 0.04453125
0 0.6828125 0.21015625 0.034375 0.05078125
0 0.37890625 0.0875 0.021875 0.0328125
0 0.04375 0.0859375 0.021875 0.03671875
0 0.3078125 0.03125 0.01953125 0.03125
0 0.06953125 0.06328125 0.02265625 0.0328125
0 0.09453125 0.01640625 0.02421875 0.0328125
0 0.759375 0.6 0.0609375 0.08828125
0 0.34453125 0.12421875 0.02265625 0.0375
0 0.6484375 0.2796875 0.0375 0.05703125
0 0.39140625 0.29921875 0.0265625 0.04921875
0 0.425 0.41875 0.04296875 0.06875
0 0.2046875 0.525 0.0546875 0.08046875
0 0.08671875 0.7890625 0.065625 0.09921875
0 0.75390625 0.51328125 0.05859375 0.07265625
0 0.490625 0.1328125 0.03125 0.046875
0 0.3109375 0.1234375 0.01953125 0.03359375
0 0.23671875 0.1421875 0.0265625 0.0453125
0 0.6 0.3734375 0.04609375 0.0640625
0 0.0453125 0.5703125 0.0609375 0.08828125
0 0.55546875 0.21171875 0.03203125 0.0453125
0 0.9609375 0.25390625 0.0390625 0.0546875
0 0.4109375 0.26328125 0.0328125 0.05234375
0 0.83359375 0.1359375 0.03203125 0.0484375
0 0.89140625 0.1890625 0.0390625 0.05234375
0 0.975 0.12890625 0.03203125 0.04453125
0 0.1359375 0.03671875 0.021875 0.03125
0 0.3609375 0.7390625 0.06875 0.1
0 0.18984375 0.00625 0.01875 0.01171875
0 0.80625 0.00625 0.01875 0.0125
0 0.83359375 0.0078125 0.01640625 0.015625
0 0.2171875 0.00625 0.01875 0.0125
0 0.3578125 0.29296875 0.0265625 0.04921875
0 0.01484375 0.03203125 0.01953125 0.0296875
0 0.2796875 0.00703125 0.01640625 0.0140625
0 0.2484375 0.7296875 0.0546875 0.07421875
0 0.7125 0.06015625 0.01875 0.03125
0 0.14453125 0.00546875 0.0171875 0.01015625
0 0.00625 0.00625 0.0125 0.01171875
0 0.94375 0.32578125 0.04609375 0.0625
0 0.2390625 0.00625 0.0171875 0.01171875