0 0.6734375 0.74375 0.03125 0.05078125
0 0.73125 0.76015625 0.0421875 0.0625
0 0.31015625 0.75703125 0.034375 0.05625
0 0.35 0.89296875 0.04375 0.07578125
0 0.21171875 0.75546875 0.03046875 0.0546875
0 0.1796875 0.7734375 0.03515625 0.05703125
0 0.1828125 0.7046875 0.03046875 0.04296875
0 0.20859375 0.64921875 0.0203125 0.0375
0 0.575 0.6703125 0.025 0.0375
0 0.615625 0.790625 0.03203125 0.05078125
0 0.5359375 0.83203125 0.0390625 0.06796875
0 0.13984375 0.6640625 0.025 0.0390625
0 0.49921875 0.7390625 0.0328125 0.0453125
0 0.79609375 0.77265625 0.034375 0.05625
0 0.13203125 0.74375 0.028125 0.04921875
0 0.7734375 0.88125 0.0640625 0.0921875
0 0.6453125 0.6484375 0.02265625 0.0390625
0 0.0265625 0.70546875 0.03046875 0.04921875
0 0.2828125 0.6671875 0.0296875 0.0453125
0 0.446875 0.67578125 0.02421875 0.0390625
0 0.4984375 0.83046875 0.040625 0.07578125
0 0.071875 0.7359375 0.034375 0.0484375
0 0.4859375 0.671875 0.03125 0.04453125
0 0.41015625 0.6796875 0.0296875 0.04453125
0 0.8875 0.78515625 0.0390625 0.0546875
0 0.89453125 0.58046875 0.0140625 0.01796875
0 0.196875 0.56953125 0.0125 0.01953125
0 0.534375 0.678125 0.025 0.04140625
0 0.34453125 0.61875 0.01640625 0.02578125
0 0.5671875 0.61015625 0.01640625 0.0296875
0 0.7203125 0.6671875 0.028125 0.04296875
0 0.621875 0.6390625 0.01875 0.0328125
0 0.121875 0.634375 0.02421875 0.03515625
0 0.7453125 0.7109375 0.028125 0.03359375
0 0.15859375 0.6078125 0.01875 0.02734375
0 0.59296875 0.60625 0.01875 0.025
0 0.32734375 0.634375 0.0203125 0.0328125
0 0.25078125 0.7 0.0328125 0.0484375
0 0.73125 0.61171875 0.01484375 0.02578125
0 0.6796875 0.6296875 0.0171875 0.0328125
0 0.87890625 0.6125 0.01953125 0.025
0 0.109375 0.7125 0.03125 0.04921875
0 0.396875 0.59921875 0.01875 0.02578125
0 0.2796875 0.6125 0.01953125 0.0296875
0 0.80234375 0.5921875 0.01640625 0.025
0 0.93828125 0.759375 0.040625 0.0609375
0 0.04609375 0.6015625 0.0171875 0.0234375
0 0.87578125 0.6484375 0.025 0.03671875
0 0.66875 0.97578125 0.075 0.0453125
0 0.1890625 0.6 0.01640625 0.025
0 0.33359375 0.5953125 0.01484375 0.02109375
0 0.2453125 0.60390625 0.01875 0.02578125
0 0.08671875 0.78125 0.03125 0.0546875
0 0.77265625 0.6375 0.02265625 0.0328125
0 0.25390625 0.64921875 0.025 0.0375
0 0.3609375 0.625 0.0171875 0.03125
0 0.17109375 0.6390625 0.0203125 0.0328125
0 0.08515625 0.59453125 0.01640625 0.025
0 0.12890625 0.9109375 0.05078125 0.08203125
0 0.04921875 0.6734375 0.02421875 0.0328125
0 0.0921875 0.55390625 0.01171875 0.0171875
0 0.1328125 0.59375 0.015625 0.0234375
0 0.053125 0.634375 0.01953125 0.02734375
0 0.328125 0.68125 0.03125 0.04453125
0 0.10859375 0.58828125 0.01484375 0.02109375
0 0.3140625 0.6015625 0.0171875 0.02109375
0 0.7515625 0.57890625 0.0140625 0.01953125
0 0.1 0.6171875 0.01640625 0.02890625
0 0.94375 0.6296875 0.02421875 0.03515625
0 0.046875 0.8234375 0.04296875 0.06640625
0 0.47265625 0.5890625 0.015625 0.021875
0 0.42734375 0.6046875 0.01875 0.0328125
0 0.1546875 0.5546875 0.0109375 0.015625
0 0.690625 0.5921875 0.0125 0.01796875
0 0.9890625 0.65078125 0.0203125 0.04453125
0 0.32734375 0.56875 0.0125 0.01796875
0 0.16875 0.56875 0.0125 0.01796875
0 0.79609375 0.5671875 0.0109375 0.0140625
0 0.11953125 0.5515625 0.0109375 0.0140625
0 0.1328125 0.5546875 0.009375 0.01328125
0 0.00625 0.56796875 0.01171875 0.01796875
0 0.5296875 0.565625 0.0109375 0.0171875
0 0.27734375 0.5625 0.0140625 0.01796875
0 0.6328125 0.596875 0.009375 0.01953125
0 0.01875 0.57265625 0.01171875 0.01796875
0 0.05234375 0.5296875 0.0109375 0.0140625
0 0.47109375 0.63671875 0.01875 0.0234375
0 0.14296875 0.56796875 0.0125 0.01796875
0 0.9140625 0.59296875 0.015625 0.025
0 0.91875 0.55546875 0.009375 0.0140625
0 0.22734375 0.5765625 0.0140625 0.02109375
0 0.246875 0.5671875 0.0125 0.0171875
0 0.39609375 0.56796875 0.0125 0.01796875
0 0.0125 0.66015625 0.0234375 0.02578125
0 0.934375 0.68125 0.0296875 0.03125
0 0.7453125 0.6 0.0140625 0.01953125
0 0.9671875 0.58046875 0.01484375 0.01796875
0 0.571875 0.56875 0.0109375 0.01796875
0 0.21015625 0.58046875 0.0140625 0.01796875
0 0.00625 0.63203125 0.01171875 0.025
0 0.071875 0.57578125 0.0125 0.01796875
0 0.64765625 0.6015625 0.01640625 0.02109375
0 0.70859375 0.5921875 0.0125 0.01796875
0 0.0078125 0.59375 0.015625 0.02109375
0 0.89375 0.55546875 0.0109375 0.0140625
0 0.29609375 0.63203125 0.01953125 0.025
0 0.6703125 0.56796875 0.009375 0.01328125
0 0.9859375 0.575 0.0171875 0.025
0 0.6296875 0.56875 0.00859375 0.01171875
0 0.1828125 0.55546875 0.0109375 0.0140625
0 0.54375 0.55625 0.009375 0.01328125
0 0.3421875 0.55625 0.0109375 0.01328125
0 0.7703125 0.56875 0.009375 0.0140625
0 0.94296875 0.54296875 0.0109375 0.01328125
0 0.4546875 0.5953125 0.015625 0.0234375
0 0.7765625 0.6015625 0.0171875 0.0234375
0 0.053125 0.5765625 0.0125 0.01953125
0 0.29453125 0.540625 0.0109375 0.0140625
0 0.95703125 0.6 0.015625 0.02109375
0 0.44375 0.56328125 0.01171875 0.0171875
0 0.94375 0.5703125 0.0125 0.01796875
0 0.6203125 0.56875 0.009375 0.01171875
0 0.04375 0.5609375 0.0125 0.0171875
0 0.471875 0.55625 0.0109375 0.01796875
0 0.57734375 0.71796875 0.0296875 0.0484375
0 0.0046875 0.54296875 0.009375 0.01328125
0 0.6421875 0.58125 0.01171875 0.0140625
0 0.73125 0.56796875 0.00859375 0.01328125
0 0.8296875 0.64453125 0.01953125 0.03125
0 0.85859375 0.5921875 0.0125 0.01796875
0 0.08125 0.53046875 0.00703125 0.01171875
0 0.69140625 0.56875 0.009375 0.01328125
0 0.38125 0.54296875 0.00859375 0.01328125
0 0.98125 0.5421875 0.0109375 0.0140625
0 0.128125 0.5734375 0.0125 0.0171875
0 0.02109375 0.5453125 0.0109375 0.0140625
0 0.65703125 0.5796875 0.0109375 0.015625
0 0.503125 0.584375 0.0140625 0.01796875
0 0.23125 0.55625 0.0109375 0.01328125
0 0.73046875 0.5890625 0.0140625 0.0171875
0 0.3734375 0.58046875 0.0140625 0.01796875
0 0.93125 0.54453125 0.0109375 0.01328125
0 0.7453125 0.65 0.02265625 0.0328125
0 0.06640625 0.60078125 0.015625 0.021875
0 0.59453125 0.56796875 0.0078125 0.01328125
0 0.6421875 0.56796875 0.0078125 0.01328125
0 0.2859375 0.584375 0.01484375 0.01796875
0 0.1046875 0.56640625 0.0140625 0.015625
0 0.103125 0.66796875 0.0234375 0.03125
0 0.7171875 0.55625 0.0078125 0.01171875
0 0.71953125 0.5796875 0.0109375 0.015625
0 0.36796875 0.55625 0.0109375 0.01328125
0 0.1671875 0.55078125 0.0109375 0.01328125
0 0.7796875 0.58046875 0.0125 0.01796875
0 0.70390625 0.56640625 0.0109375 0.01328125
0 0.90703125 0.54296875 0.00859375 0.01328125
0 0.3546875 0.55390625 0.0109375 0.0140625
0 0.50625 0.565625 0.0109375 0.0171875
0 0.20859375 0.6125 0.01875 0.02734375
0 0.38359375 0.56875 0.01171875 0.0140625
0 0.48125 0.53046875 0.00859375 0.01171875
0 0.878125 0.55703125 0.0109375 0.015625
0 0.41328125 0.6421875 0.0234375 0.02578125
0 0.6125 0.6 0.0140625 0.0234375
0 0.74375 0.55546875 0.00703125 0.01171875
0 0.90703125 0.56875 0.0109375 0.01328125
0 0.68046875 0.56875 0.00859375 0.01171875
0 0.4109375 0.56171875 0.009375 0.0140625
0 0.53203125 0.5921875 0.0140625 0.0234375
0 0.4578125 0.5546875 0.01171875 0.015625
0 0.10625 0.5421875 0.00859375 0.01171875
0 0.50703125 0.53046875 0.0078125 0.01171875
0 0.06640625 0.55625 0.01171875 0.01328125
0 0.55625 0.54296875 0.00703125 0.01328125
0 0.4296875 0.56796875 0.01171875 0.01328125
0 0.5828125 0.55390625 0.00859375 0.01171875
0 0.48671875 0.56328125 0.0109375 0.0140625
0 0.0453125 0.54296875 0.009375 0.01328125
0 0.54609375 0.5796875 0.01171875 0.0140625
0 0.39296875 0.54296875 0.00859375 0.01328125
0 0.6703125 0.5921875 0.0140625 0.01796875
0 0.56796875 0.54375 0.00703125 0.01171875
0 0.52890625 0.5421875 0.00859375 0.01171875
0 0.2078125 0.54296875 0.009375 0.01328125
0 0.5578125 0.5765625 0.009375 0.015625
0 0.09296875 0.53046875 0.0078125 0.01171875
0 0.3203125 0.55546875 0.009375 0.0140625
0 0.4921875 0.54296875 0.0078125 0.01328125
0 0.9671875 0.5421875 0.009375 0.0140625
0 0.71796875 0.5421875 0.00703125 0.009375
0 0.878125 0.58828125 0.0125 0.01796875
0 0.60234375 0.5796875 0.01171875 0.0140625
0 0.95234375 0.5421875 0.0109375 0.0140625
0 0.88046875 0.54296875 0.00703125 0.01328125
0 0.11875 0.85 0.03203125 0.0328125
0 0.44453125 0.53125 0.0078125 0.01328125
0 0.0046875 0.6921875 0.009375 0.04296875
0 0.51796875 0.5296875 0.00703125 0.01015625
0 0.50625 0.54296875 0.00859375 0.01328125
0 0.26953125 0.58828125 0.0171875 0.02109375
0 0.31484375 0.58046875 0.01484375 0.01796875
0 0.353125 0.59375 0.0125 0.01796875
0 0.65625 0.55625 0.0078125 0.01171875
0 0.53828125 0.5375 0.0078125 0.01171875
0 0.14296875 0.5296875 0.00859375 0.01171875
0 0.43046875 0.5296875 0.00703125 0.01171875
0 0.2796875 0.5421875 0.009375 0.01171875
0 0.4140625 0.57890625 0.015625 0.01953125
0 0.7046875 0.54296875 0.00625 0.0078125
0 0.44453125 0.5171875 0.0078125 0.01015625
0 0.61171875 0.56171875 0.00859375 0.01171875
0 0.7796875 0.55625 0.00859375 0.01328125
0 0.85625 0.56796875 0.009375 0.01796875
0 0.91875 0.53046875 0.0078125 0.01171875
0 0.07890625 0.54296875 0.009375 0.01328125
0 0.978125 0.61796875 0.01484375 0.01953125
0 0.1421875 0.546875 0.009375 0.01328125
0 0.40546875 0.54375 0.00703125 0.01171875
0 0.8390625 0.55625 0.0109375 0.0140625
0 0.8671875 0.53046875 0.0078125 0.01171875
0 0.86484375 0.553125 0.0109375 0.015625
0 0.49375 0.53046875 0.0078125 0.01171875
0 0.46953125 0.51640625 0.0078125 0.01171875
0 0.5171875 0.5421875 0.0078125 0.01171875
0 0.6796875 0.55625 0.0078125 0.0078125
0 0.41875 0.53046875 0.0078125 0.01171875
0 0.76796875 0.55546875 0.00859375 0.01171875
0 0.75546875 0.55546875 0.00703125 0.01171875
0 0.96953125 0.55625 0.0109375 0.0171875
0 0.74296875 0.5421875 0.00703125 0.009375
0 0.73125 0.54296875 0.00625 0.0078125
0 0.90390625 0.51875 0.00859375 0.01171875
0 0.07109375 0.53046875 0.00703125 0.01171875
0 0.5609375 0.5609375 0.00859375 0.01328125
0 0.21953125 0.5296875 0.00859375 0.01015625
0 0.40703125 0.53046875 0.0078125 0.01171875
0 0.30625 0.54296875 0.00703125 0.01328125
0 0.91875 0.56953125 0.0109375 0.0140625
0 0.75625 0.53046875 0.00625 0.00625
0 0.1703125 0.53046875 0.009375 0.01171875
0 0.89296875 0.53125 0.00703125 0.0078125
0 0.69296875 0.5546875 0.00703125 0.0078125
0 0.69375 0.54453125 0.00703125 0.0078125
0 0.41875 0.54375 0.0078125 0.01171875
0 0.76796875 0.53046875 0.00703125 0.00625
0 0.65546875 0.54296875 0.00703125 0.0078125
0 0.54609375 0.61640625 0.01484375 0.025
0 0.11796875 0.53125 0.00703125 0.01015625
0 0.58671875 0.5375 0.00703125 0.0078125
0 0.68046875 0.54375 0.00625 0.00625
0 0.0046875 0.51796875 0.00859375 0.01328125
0 0.01796875 0.53046875 0.00859375 0.01171875
0 0.19375 0.51875 0.00703125 0.01171875
0 0.35546875 0.53046875 0.0078125 0.01171875
0 0.66875 0.54296875 0.00625 0.0078125
0 0.7546875 0.54296875 0.0078125 0.0078125
0 0.23046875 0.5296875 0.0078125 0.01015625
0 0.36875 0.53046875 0.0078125 0.01171875
0 0.7625 0.5375 0.00625 0.0078125
0 0.81171875 0.5609375 0.0109375 0.01328125
0 0.55546875 0.53125 0.00703125 0.0078125
0 0.7421875 0.53046875 0.00625 0.00625
0 0.25546875 0.50625 0.00703125 0.01015625
0 0.03046875 0.51875 0.00703125 0.01171875
0 0.0578125 0.546875 0.009375 0.015625
0 0.29296875 0.50625 0.0078125 0.01171875
0 0.43046875 0.54375 0.00859375 0.01171875
0 0.78125 0.54375 0.0078125 0.01171875
0 0.56875 0.53125 0.00625 0.0078125
0 0.38203125 0.60625 0.0140625 0.025
0 0.4125 0.5125 0.00703125 0.01171875