0 0.58046875 0.5171875 0.01484375 0.02109375
0 0.91484375 0.775 0.03203125 0.04921875
0 0.90703125 0.4546875 0.01640625 0.02109375
0 0.87109375 0.46171875 0.0140625 0.01953125
0 0.83046875 0.5078125 0.01484375 0.0234375
0 0.95234375 0.96171875 0.04296875 0.0640625
0 0.79609375 0.49375 0.01171875 0.0171875
0 0.9671875 0.44375 0.01484375 0.02109375
0 0.96171875 0.50703125 0.01640625 0.021875
0 0.4328125 0.52890625 0.0125 0.01796875
0 0.940625 0.409375 0.0125 0.01953125
0 0.30859375 0.53203125 0.0140625 0.021875
0 0.12578125 0.5171875 0.015625 0.02109375
0 0.665625 0.46328125 0.01171875 0.015625
0 0.165625 0.4953125 0.0125 0.01953125
0 0.23828125 0.975 0.0390625 0.0484375
0 0.3640625 0.47265625 0.01171875 0.015625
0 0.715625 0.50703125 0.0125 0.0171875
0 0.415625 0.49375 0.01171875 0.01796875
0 0.990625 0.4234375 0.01484375 0.02578125
0 0.846875 0.44375 0.0125 0.01953125
0 0.88359375 0.35546875 0.01171875 0.01796875
0 0.40390625 0.48125 0.0109375 0.0140625
0 0.46796875 0.44765625 0.0109375 0.015625
0 0.415625 0.4703125 0.0109375 0.015625
0 0.64296875 0.4984375 0.0125 0.0171875
0 0.82890625 0.42421875 0.0140625 0.01796875
0 0.70546875 0.459375 0.0109375 0.015625
0 0.05625 0.46640625 0.0109375 0.01328125
0 0.74140625 0.4453125 0.009375 0.015625
0 0.85625 0.475 0.01484375 0.01953125
0 0.7796875 0.4421875 0.01171875 0.0140625
0 0.778125 0.49765625 0.0140625 0.01796875
0 0.7453125 0.46640625 0.01171875 0.01796875
0 0.9046875 0.35390625 0.01171875 0.015625
0 0.69609375 0.5265625 0.01171875 0.01953125
0 0.6453125 0.46015625 0.01171875 0.0171875
0 0.7609375 0.4671875 0.0140625 0.01796875
0 0.853125 0.35625 0.01171875 0.0140625
0 0.91953125 0.52265625 0.01484375 0.025
0 0.92109375 0.43515625 0.0125 0.01796875
0 0.90703125 0.421875 0.0125 0.01796875
0 0.97890625 0.51953125 0.01484375 0.0234375
0 0.43203125 0.44375 0.00859375 0.01171875
0 0.66640625 0.4421875 0.0109375 0.0140625
0 0.0421875 0.4640625 0.0109375 0.0140625
0 0.26640625 0.4765625 0.009375 0.015625
0 0.37734375 0.490625 0.0125 0.015625
0 0.44296875 0.44296875 0.0109375 0.01328125
0 0.86953125 0.34140625 0.0109375 0.015625
0 0.47890625 0.50625 0.0109375 0.01328125
0 0.5421875 0.38125 0.009375 0.01171875
0 0.0828125 0.43125 0.009375 0.0140625
0 0.565625 0.36875 0.00859375 0.01171875
0 0.728125 0.49375 0.01171875 0.01796875
0 0.4578125 0.50625 0.009375 0.01328125
0 0.36875 0.45546875 0.0109375 0.01328125
0 0.39296875 0.53203125 0.0109375 0.0171875
0 0.61953125 0.39296875 0.00859375 0.01328125
0 0.34453125 0.4984375 0.01171875 0.0171875
0 0.853125 0.39296875 0.01171875 0.01796875
0 0.91875 0.3546875 0.01171875 0.0140625
0 0.4328125 0.478125 0.009375 0.0140625
0 0.8921875 0.3421875 0.01171875 0.01328125
0 0.7046875 0.56875 0.01171875 0.0140625
0 0.16875 0.3921875 0.00703125 0.01171875
0 0.39296875 0.38046875 0.00703125 0.01015625
0 0.0296875 0.47890625 0.009375 0.01328125
0 0.809375 0.45390625 0.0140625 0.0171875
0 0.915625 0.4046875 0.01171875 0.0140625
0 0.63203125 0.51875 0.01171875 0.0140625
0 0.7953125 0.42265625 0.009375 0.0171875
0 0.82109375 0.36875 0.0109375 0.01328125
0 0.5515625 0.53515625 0.0140625 0.02109375
0 0.99375 0.56875 0.009375 0.02578125
0 0.51796875 0.39296875 0.00703125 0.01328125
0 0.36796875 0.38046875 0.00703125 0.0078125
0 0.94140625 0.49140625 0.0140625 0.01953125
0 0.15625 0.3796875 0.0078125 0.009375
0 0.14296875 0.34296875 0.00703125 0.00625
0 0.665625 0.5296875 0.0125 0.0171875
0 0.16875 0.34375 0.0078125 0.0078125
0 0.4859375 0.3859375 0.0078125 0.01171875
0 0.83984375 0.39296875 0.0140625 0.01796875
0 0.3296875 0.415625 0.0078125 0.01171875
0 0.065625 0.6828125 0.0109375 0.0171875
0 0.26796875 0.3921875 0.00703125 0.01171875
0 0.3296875 0.38125 0.0078125 0.01015625
0 0.3765625 0.51796875 0.0140625 0.01796875
0 0.4953125 0.44453125 0.00859375 0.0140625
0 0.453125 0.4671875 0.01171875 0.0140625
0 0.32734375 0.50078125 0.0125 0.0171875
0 0.43046875 0.39375 0.00703125 0.01171875
0 0.8390625 0.48046875 0.0140625 0.01796875
0 0.69140625 0.4515625 0.009375 0.01328125
0 0.28046875 0.4046875 0.0078125 0.01171875
0 0.3671875 0.3921875 0.0078125 0.01171875
0 0.86015625 0.4078125 0.0140625 0.01796875
0 0.46796875 0.4171875 0.00703125 0.01171875
0 0.475 0.37421875 0.00625 0.01171875
0 0.99453125 0.38203125 0.00859375 0.025
0 0.28046875 0.39296875 0.00703125 0.0078125