1 0.54921875 0.8609375 0.1046875 0.19140625
1 0.5625 0.78515625 0.04296875 0.0390625
1 0.6421875 0.6125 0.07265625 0.12890625
1 0.25078125 0.6109375 0.0390625 0.0296875
1 0.6296875 0.71953125 0.03515625 0.03203125
1 0.3125 0.57421875 0.03203125 0.0296875
1 0.4203125 0.92421875 0.046875 0.04375
1 0.5 0.49921875 0.98359375 0.9921875
1 0.37109375 0.6125 0.03203125 0.0296875
1 0.290625 0.8078125 0.040625 0.03515625
1 0.84609375 0.8140625 0.04140625 0.0390625
1 0.5921875 0.64921875 0.03203125 0.03125
1 0.575 0.93515625 0.04609375 0.0421875
1 0.72109375 0.86796875 0.11953125 0.19375
1 0.3671875 0.67578125 0.0890625 0.15625
1 0.44921875 0.6375 0.03671875 0.028125
1 0.4171875 0.94921875 0.115625 0.0953125
1 0.0453125 0.7734375 0.04140625 0.0375
1 0.428125 0.4984375 0.0296875 0.028125
1 0.721875 0.78984375 0.04140625 0.0359375
1 0.55078125 0.54765625 0.03125 0.02734375
1 0.45859375 0.7390625 0.03515625 0.0296875
1 0.16640625 0.81171875 0.0390625 0.0359375
1 0.64609375 0.559375 0.0265625 0.0234375
1 0.63359375 0.68671875 0.03359375 0.03203125
1 0.49375 0.4234375 0.0265625 0.02265625
1 0.409375 0.73359375 0.0375 0.0359375
1 0.42265625 0.4546875 0.06171875 0.10078125
1 0.7765625 0.4703125 0.0703125 0.109375
1 0.284375 0.859375 0.10390625 0.1390625
1 0.603125 0.53984375 0.075 0.14453125
1 0.940625 0.821875 0.040625 0.0359375
1 0.45546875 0.825 0.09296875 0.203125
1 0.259375 0.575 0.03515625 0.0296875
1 0.1828125 0.49453125 0.03203125 0.028125
1 0.42734375 0.4140625 0.02578125 0.01953125
1 0.81015625 0.92265625 0.04609375 0.03984375
1 0.5 0.5734375 0.028125 0.025
1 0.134375 0.6328125 0.0375 0.0328125
1 0.28359375 0.90546875 0.04296875 0.0390625
1 0.7859375 0.5171875 0.03203125 0.0234375
1 0.48828125 0.4703125 0.0671875 0.11875
1 0.4703125 0.54765625 0.03125 0.02734375
1 0.31875 0.76015625 0.0375 0.03046875
1 0.5640625 0.95546875 0.1234375 0.0828125
1 0.89296875 0.73515625 0.03671875 0.034375
1 0.275 0.94140625 0.13828125 0.1109375
1 0.31640625 0.6375 0.0859375 0.15703125
1 0.053125 0.5359375 0.03359375 0.0296875
1 0.740625 0.65625 0.03671875 0.0328125
1 0.03515625 0.68203125 0.040625 0.0359375
1 0.68515625 0.38046875 0.06171875 0.10078125
1 0.77421875 0.65 0.03359375 0.03046875
1 0.825 0.61171875 0.03203125 0.03046875
1 0.11484375 0.88359375 0.04453125 0.04296875
1 0.53515625 0.47734375 0.02578125 0.0234375
1 0.55703125 0.4296875 0.02421875 0.01953125
1 0.7328125 0.71953125 0.0953125 0.16015625
1 0.71328125 0.57265625 0.078125 0.14765625
1 0.50546875 0.69921875 0.0765625 0.16796875
1 0.50390625 0.803125 0.03671875 0.0328125
1 0.71328125 0.653125 0.03203125 0.03046875
1 0.68203125 0.3390625 0.02421875 0.01875
1 0.609375 0.48125 0.0296875 0.025
1 0.23515625 0.53359375 0.028125 0.0265625
1 0.8171875 0.7640625 0.04296875 0.0484375
1 0.8765625 0.5421875 0.03203125 0.02734375
1 0.71875 0.5125 0.03203125 0.02734375
1 0.08984375 0.5828125 0.03671875 0.02734375
1 0.509375 0.6296875 0.03125 0.028125
1 0.58125 0.60625 0.03203125 0.0265625
1 0.43046875 0.378125 0.02421875 0.01953125
1 0.14296875 0.715625 0.0375 0.0359375
1 0.13359375 0.9234375 0.04140625 0.03515625
1 0.85 0.6796875 0.03359375 0.02734375
1 0.6890625 0.753125 0.0375 0.03515625
1 0.078125 0.8234375 0.04296875 0.0375
1 0.346875 0.54609375 0.03203125 0.025
1 0.434375 0.70625 0.0375 0.0328125
1 0.10234375 0.4890625 0.0296875 0.0265625
1 0.18359375 0.5890625 0.03359375 0.028125
1 0.20703125 0.68984375 0.0375 0.034375
1 0.7796875 0.4265625 0.02265625 0.0203125
1 0.10625 0.4109375 0.0265625 0.02421875
1 0.21875 0.8421875 0.0953125 0.21796875
1 0.6109375 0.39140625 0.05625 0.1078125
1 0.809375 0.96953125 0.04453125 0.040625
1 0.2125 0.409375 0.0265625 0.02421875
1 0.20390625 0.6578125 0.03359375 0.02734375
1 0.26484375 0.475 0.028125 0.0234375
1 0.646875 0.43125 0.02265625 0.01953125
1 0.24765625 0.67265625 0.08359375 0.1546875
1 0.33203125 0.4609375 0.02578125 0.0234375
1 0.87890625 0.60546875 0.075 0.1546875
1 0.94375 0.59921875 0.03203125 0.03046875
1 0.1703125 0.4171875 0.028125 0.02265625
1 0.56953125 0.396875 0.02421875 0.021875
1 0.396875 0.53359375 0.0265625 0.02265625
1 0.90078125 0.70234375 0.03515625 0.0296875
1 0.25703125 0.38828125 0.0265625 0.02421875
1 0.0703125 0.73828125 0.04140625 0.03515625
1 0.8265625 0.4953125 0.0265625 0.0234375
1 0.50546875 0.39765625 0.02265625 0.0203125
1 0.80859375 0.35234375 0.02578125 0.0203125
1 0.2765625 0.51953125 0.028125 0.025
1 0.45234375 0.671875 0.09453125 0.09765625
1 0.053125 0.63203125 0.0390625 0.03125
1 0.71796875 0.415625 0.02265625 0.01953125
1 0.37265625 0.43671875 0.0265625 0.02265625
1 0.8421875 0.8953125 0.10625 0.2015625
1 0.1625 0.878125 0.09140625 0.1703125
1 0.9625 0.71328125 0.040625 0.03203125
1 0.89921875 0.503125 0.0265625 0.02421875
1 0.8375 0.5453125 0.028125 0.02265625
1 0.1953125 0.353125 0.021875 0.01640625
1 0.78203125 0.57109375 0.06171875 0.13125
1 0.940625 0.95703125 0.04296875 0.040625
1 0.22109375 0.7515625 0.040625 0.03515625
1 0.59375 0.28828125 0.01875 0.0171875
1 0.69375 0.975 0.04453125 0.03828125
1 0.94609375 0.48359375 0.0265625 0.0265625
1 0.18046875 0.54140625 0.07265625 0.12421875
1 0.07421875 0.371875 0.021875 0.01953125
1 0.340625 0.50078125 0.0296875 0.02421875
1 0.21640625 0.46171875 0.06171875 0.12890625
1 0.62578125 0.3328125 0.02421875 0.01953125
1 0.13125 0.9515625 0.125 0.09296875
1 0.4296875 0.55546875 0.0703125 0.14453125
1 0.72265625 0.32734375 0.0484375 0.096875
1 0.62734375 0.8015625 0.0890625 0.196875
1 0.7109375 0.45625 0.06484375 0.1
1 0.92890625 0.3671875 0.021875 0.0171875
1 0.93359375 0.8921875 0.10078125 0.1765625
1 0.33671875 0.74765625 0.04609375 0.03203125
1 0.57578125 0.365625 0.02421875 0.0203125
1 0.25234375 0.35 0.02265625 0.0203125
1 0.27890625 0.75703125 0.03515625 0.03046875
1 0.30703125 0.35078125 0.0265625 0.02265625
1 0.59453125 0.3171875 0.0578125 0.0765625
1 0.328125 0.3921875 0.02421875 0.021875
1 0.8625 0.4234375 0.0265625 0.0234375
1 0.6046875 0.45390625 0.02578125 0.02265625
1 0.284375 0.44375 0.02578125 0.02265625
1 0.3859375 0.51640625 0.028125 0.02421875
1 0.54921875 0.58828125 0.075 0.10859375
1 0.6078125 0.34765625 0.02265625 0.01953125
1 0.365625 0.36875 0.02265625 0.01875
1 0.11875 0.32109375 0.04453125 0.09765625
1 0.12109375 0.28203125 0.01875 0.0171875
1 0.79140625 0.3875 0.02421875 0.01953125
1 0.4875 0.3234375 0.021875 0.01953125
1 0.8046875 0.95 0.1078125 0.09453125
1 0.1859375 0.6203125 0.07265625 0.08984375
1 0.015625 0.58046875 0.03125 0.028125
1 0.28359375 0.41328125 0.02421875 0.02265625
1 0.65078125 0.47578125 0.05546875 0.11328125
1 0.134375 0.38828125 0.0265625 0.02421875
1 0.8625 0.46953125 0.059375 0.1140625
1 0.825 0.64453125 0.078125 0.0953125
1 0.32578125 0.428125 0.05625 0.0921875
1 0.890625 0.784375 0.0890625 0.13359375
1 0.403125 0.8109375 0.06875 0.190625
1 0.10234375 0.4484375 0.07265625 0.10078125
1 0.53125 0.51796875 0.0609375 0.1046875
1 0.32421875 0.8328125 0.0890625 0.17890625
1 0.37109375 0.47109375 0.05234375 0.09296875
1 0.43125 0.39921875 0.0578125 0.0640625
1 0.13046875 0.6765625 0.08046875 0.1203125
1 0.3984375 0.58359375 0.0703125 0.121875
1 0.9390625 0.43671875 0.02421875 0.01953125
1 0.53125 0.340625 0.021875 0.01875
1 0.49375 0.60234375 0.09140625 0.084375
1 0.58046875 0.690625 0.0890625 0.1140625
1 0.10078125 0.53515625 0.078125 0.11875
1 0.92890625 0.4015625 0.0484375 0.0890625
1 0.509375 0.2859375 0.04453125 0.08125