0 0.21171875 0.01328125 0.0203125 0.02578125
0 0.6046875 0.0140625 0.0171875 0.02734375
0 0.5796875 0.12890625 0.0234375 0.0390625
0 0.23984375 0.165625 0.02421875 0.040625
0 0.4046875 0.10546875 0.021875 0.03671875
0 0.79921875 0.09296875 0.02265625 0.0328125
0 0.6046875 0.10078125 0.021875 0.03515625
0 0.25390625 0.01796875 0.021875 0.03125
0 0.29296875 0.021875 0.0171875 0.02890625
0 0.69453125 0.06328125 0.01953125 0.0296875
0 0.89453125 0.0265625 0.0171875 0.02734375
0 0.74296875 0.0390625 0.01875 0.03125
0 0.7484375 0.20703125 0.0296875 0.04140625
0 0.984375 0.05625 0.0234375 0.03125
0 0.96796875 0.13671875 0.0265625 0.0390625
0 0.48671875 0.20546875 0.0265625 0.04453125
0 0.76484375 0.09765625 0.0203125 0.03125
0 0.9265625 0.65 0.05078125 0.0796875
0 0.38203125 0.04140625 0.021875 0.03125
0 0.83828125 0.68125 0.05390625 0.0875
0 0.44453125 0.03046875 0.0171875 0.0296875
0 0.1390625 0.034375 0.021875 0.02734375
0 0.63046875 0.1625 0.03046875 0.0375
0 0.43671875 0.17890625 0.02421875 0.04296875
0 0.92734375 0.07890625 0.02265625 0.0328125
0 0.69453125 0.02890625 0.0171875 0.02578125
0 0.634375 0.26171875 0.03125 0.04453125
0 0.76796875 0.0640625 0.0203125 0.03125
0 0.12890625 0.15390625 0.025 0.03671875
0 0.80625 0.2453125 0.0265625 0.04296875
0 0.6765625 0.2484375 0.0296875 0.04453125
0 0.72265625 0.025 0.01953125 0.03125
0 0.234375 0.2859375 0.02734375 0.0453125
0 0.89140625 0.1953125 0.0265625 0.0390625
0 0.51796875 0.0171875 0.0203125 0.0296875
0 0.18125 0.1515625 0.02421875 0.0375
0 0.61484375 0.0734375 0.0203125 0.02734375
0 0.8421875 0.021875 0.01953125 0.02578125
0 0.5421875 0.03046875 0.015625 0.025
0 0.4546875 0.1 0.0234375 0.0328125
0 0.5578125 0.0203125 0.0171875 0.02734375
0 0.5828125 0.08515625 0.02265625 0.0328125
0 0.8046875 0.0609375 0.01953125 0.0296875
0 0.6453125 0.06328125 0.0171875 0.02734375
0 0.08046875 0.0484375 0.02265625 0.03125
0 0.89375 0.16328125 0.025 0.0296875
0 0.434375 0.0859375 0.0203125 0.03671875
0 0.83203125 0.14296875 0.02734375 0.03671875
0 0.95390625 0.00625 0.0171875 0.0125
0 0.853125 0.06015625 0.0203125 0.03125
0 0.53203125 0.609375 0.0546875 0.07265625
0 0.94375 0.05703125 0.0203125 0.03359375
0 0.6796875 0.08828125 0.01953125 0.03359375
0 0.9890625 0.1125 0.01953125 0.0328125
0 0.8703125 0.03203125 0.0203125 0.0296875
0 0.6421875 0.03125 0.0171875 0.02578125
0 0.83046875 0.065625 0.0203125 0.0296875
0 0.5765625 0.00625 0.015625 0.01171875
0 0.9921875 0.0140625 0.0140625 0.02734375
0 0.35859375 0.00703125 0.0171875 0.0140625
0 0.32109375 0.00703125 0.0171875 0.0140625
0 0.4 0.01484375 0.01875 0.0296875
0 0.8796875 0.0671875 0.0171875 0.0296875
0 0.78515625 0.034375 0.0171875 0.02734375
0 0.5921875 0.0375 0.0171875 0.025
0 0.17734375 0.6140625 0.03984375 0.040625
0 0.47265625 0.03828125 0.01953125 0.02734375
0 0.915625 0.0375 0.0171875 0.0234375
0 0.9640625 0.04296875 0.0171875 0.02578125
0 0.675 0.03046875 0.0171875 0.0296875
0 0.5578125 0.10625 0.02265625 0.0375
0 0.621875 0.0484375 0.0171875 0.025
0 0.66953125 0.05625 0.01484375 0.0234375
0 0.34765625 0.975 0.06875 0.046875
0 0.91328125 0.009375 0.0171875 0.01875
0 0.7109375 0.1328125 0.0234375 0.03359375
0 0.52109375 0.1921875 0.03203125 0.05859375
0 0.75546875 0.00625 0.0171875 0.0125
0 0.87890625 0.00859375 0.015625 0.0171875
0 0.571875 0.04921875 0.01640625 0.02578125
0 0.9546875 0.10546875 0.0171875 0.02578125
0 0.94375 0.0234375 0.01875 0.0234375
0 0.6484375 0.0984375 0.021875 0.0328125
0 0.71953125 0.08203125 0.01953125 0.03125
0 0.0890625 0.76328125 0.065625 0.09921875
0 0.90859375 0.13515625 0.01875 0.0234375
0 0.5375 0.00625 0.01875 0.0125
0 0.79140625 0.00625 0.0140625 0.0125
0 0.4984375 0.09375 0.021875 0.03671875
0 0.62578125 0.1125 0.025 0.0375
0 0.834375 0.10703125 0.02421875 0.02890625
0 0.4890625 0.01875 0.0171875 0.02734375
0 0.759375 0.0296875 0.015625 0.025