0 0.08359375 0.825 0.10625 0.1265625
0 0.26484375 0.80234375 0.021875 0.028125
0 0.60625 0.88984375 0.03828125 0.04140625
0 0.353125 0.88828125 0.03984375 0.06484375
0 0.46953125 0.9265625 0.034375 0.06484375
0 0.540625 0.89375 0.05546875 0.0546875
0 0.4625 0.8140625 0.01484375 0.025
0 0.4046875 0.88515625 0.0453125 0.06484375
0 0.18125 0.83203125 0.0265625 0.03984375
0 0.83671875 0.96953125 0.0578125 0.05859375
0 0.29375 0.8203125 0.02421875 0.04296875
0 0.72421875 0.98828125 0.0421875 0.0203125
0 0.24296875 0.82421875 0.03046875 0.03671875
0 0.93125 0.88125 0.0234375 0.03515625
0 0.478125 0.81796875 0.01875 0.0234375
0 0.63984375 0.97265625 0.06328125 0.0515625
0 0.31640625 0.79375 0.0140625 0.01875
0 0.26796875 0.83515625 0.02265625 0.03203125
0 0.6859375 0.8265625 0.0171875 0.0265625
0 0.246875 0.86171875 0.03828125 0.03203125
0 0.53828125 0.965625 0.09765625 0.06640625
0 0.71171875 0.871875 0.03203125 0.0703125
0 0.378125 0.7796875 0.0140625 0.01796875
0 0.665625 0.8828125 0.0234375 0.0265625
0 0.0546875 0.7453125 0.015625 0.021875
0 0.54140625 0.853125 0.0203125 0.0234375
0 0.91875 0.8546875 0.01484375 0.0203125
0 0.628125 0.81640625 0.01484375 0.0203125
0 0.79609375 0.75703125 0.01171875 0.01640625
0 0.16875 0.8953125 0.0359375 0.0484375
0 0.3421875 0.7984375 0.015625 0.0203125
0 0.64296875 0.81875 0.0125 0.01875
0 0.65703125 0.91796875 0.0296875 0.04140625
0 0.15703125 0.778125 0.0125 0.0203125
0 0.6640625 0.8421875 0.021875 0.028125
0 0.353125 0.83515625 0.028125 0.0296875
0 0.8859375 0.859375 0.015625 0.021875
0 0.86328125 0.92265625 0.0234375 0.04296875
0 0.58046875 0.83359375 0.01484375 0.01875
0 0.446875 0.821875 0.015625 0.025
0 0.8875 0.91015625 0.0265625 0.03828125
0 0.44453125 0.79765625 0.0140625 0.0234375
0 0.48515625 0.86875 0.03046875 0.04296875
0 0.49609375 0.80546875 0.0140625 0.01875
0 0.24609375 0.7796875 0.0140625 0.01796875
0 0.603125 0.85859375 0.01953125 0.021875
0 0.384375 0.809375 0.01640625 0.0234375
0 0.8578125 0.71875 0.009375 0.01328125
0 0.79296875 0.796875 0.01171875 0.01875
0 0.26484375 0.77578125 0.01484375 0.01875
0 0.29609375 0.78125 0.0125 0.0203125
0 0.7421875 0.8203125 0.015625 0.021875
0 0.91484375 0.9484375 0.0578125 0.08515625
0 0.884375 0.74296875 0.01171875 0.01796875
0 0.42734375 0.8265625 0.0203125 0.03515625
0 0.903125 0.88046875 0.0203125 0.028125
0 0.359375 0.8078125 0.0171875 0.0234375
0 0.78203125 0.6921875 0.009375 0.01640625
0 0.203125 0.76796875 0.0140625 0.01796875
0 0.6578125 0.77109375 0.0140625 0.0203125
0 0.9296875 0.83046875 0.0140625 0.01875
0 0.2171875 0.9015625 0.0234375 0.04375
0 0.940625 0.84296875 0.0125 0.01796875
0 0.58984375 0.81875 0.0140625 0.01875
0 0.6078125 0.828125 0.01484375 0.0203125
0 0.8375 0.8828125 0.0234375 0.04140625
0 0.40234375 0.79375 0.0140625 0.01640625
0 0.221875 0.7984375 0.01640625 0.0234375
0 0.7546875 0.79375 0.0140625 0.01875
0 0.18046875 0.78203125 0.0140625 0.01875
0 0.16875 0.7671875 0.01171875 0.01875
0 0.37890625 0.97109375 0.134375 0.0546875
0 0.34453125 0.65078125 0.009375 0.01484375
0 0.45234375 0.68046875 0.00859375 0.01328125
0 0.62578125 0.84765625 0.0203125 0.03515625
0 0.4640625 0.8421875 0.0171875 0.028125
0 0.17109375 0.703125 0.0109375 0.01796875
0 0.78046875 0.6171875 0.0078125 0.01015625
0 0.61484375 0.74296875 0.0109375 0.01796875
0 0.78046875 0.81796875 0.0125 0.0203125
0 0.5515625 0.7625 0.01171875 0.01796875
0 0.9703125 0.84453125 0.0140625 0.01484375
0 0.5578125 0.74140625 0.009375 0.01484375
0 0.5765625 0.86484375 0.0203125 0.0296875
0 0.96953125 0.6296875 0.00859375 0.01171875
0 0.81796875 0.72734375 0.0109375 0.01640625
0 0.321875 0.82890625 0.0171875 0.021875
0 0.0140625 0.75546875 0.01484375 0.01875
0 0.44453125 0.6296875 0.00859375 0.01484375
0 0.3703125 0.65390625 0.00859375 0.01328125
0 0.1421875 0.690625 0.0078125 0.01015625
0 0.0046875 0.79375 0.00859375 0.03359375
0 0.3421875 0.7796875 0.0109375 0.01484375
0 0.30625 0.68203125 0.00703125 0.01015625
0 0.78828125 0.61328125 0.0078125 0.01015625
0 0.8421875 0.85078125 0.0171875 0.021875
0 0.2953125 0.63125 0.009375 0.01484375
0 0.86328125 0.6875 0.009375 0.01484375
0 0.81796875 0.6171875 0.00703125 0.01015625
0 0.35546875 0.68046875 0.0078125 0.01328125
0 0.0578125 0.59140625 0.0078125 0.01015625
0 0.39296875 0.60546875 0.00703125 0.01015625
0 0.08125 0.69296875 0.00703125 0.01171875
0 0.60625 0.71484375 0.00859375 0.01484375
0 0.21953125 0.77578125 0.0125 0.01640625
0 0.81640625 0.75 0.01171875 0.01875
0 0.3875 0.840625 0.01953125 0.025
0 0.8921875 0.615625 0.0078125 0.01015625
0 0.771875 0.79375 0.01171875 0.01640625
0 0.33125 0.68046875 0.00703125 0.01328125
0 0.20859375 0.6921875 0.00859375 0.01328125
0 0.86328125 0.8859375 0.0171875 0.025
0 0.79375 0.9765625 0.03046875 0.04375
0 0.73671875 0.61015625 0.00703125 0.01015625
0 0.75703125 0.63125 0.0078125 0.01484375
0 0.2125 0.58671875 0.0078125 0.01015625
0 0.2171875 0.85859375 0.0203125 0.03359375
0 0.31875 0.64375 0.00703125 0.01328125
0 0.34296875 0.60546875 0.00703125 0.01015625
0 0.1875 0.58671875 0.0078125 0.01015625
0 0.98359375 0.871875 0.01875 0.0234375
0 0.35625 0.59296875 0.0078125 0.01171875
0 0.41328125 0.6390625 0.0078125 0.01484375
0 0.4328125 0.66640625 0.0078125 0.01484375
0 0.0046875 0.59296875 0.00859375 0.01484375
0 0.9015625 0.85703125 0.01484375 0.01875
0 0.61171875 0.61328125 0.00703125 0.01015625
0 0.959375 0.85859375 0.0125 0.021875
0 0.5609375 0.8375 0.01640625 0.01875
0 0.3171875 0.778125 0.009375 0.01484375
0 0.9203125 0.61953125 0.009375 0.01484375
0 0.79609375 0.71875 0.0109375 0.01640625
0 0.7703125 0.7453125 0.009375 0.01328125
0 0.18125 0.6296875 0.0078125 0.01171875
0 0.30234375 0.6171875 0.00859375 0.01328125
0 0.14375 0.76328125 0.0140625 0.0203125
0 0.903125 0.6296875 0.0109375 0.01484375
0 0.3078125 0.64375 0.0078125 0.01328125
0 0.83046875 0.6171875 0.00703125 0.01015625
0 0.13203125 0.58046875 0.0078125 0.01015625
0 0.646875 0.871875 0.01875 0.0296875
0 0.5375 0.61015625 0.00703125 0.01015625
0 0.3875 0.6859375 0.0078125 0.01171875
0 0.56875 0.68203125 0.00859375 0.01328125
0 0.2796875 0.61953125 0.00703125 0.01171875
0 0.4046875 0.65625 0.0078125 0.01171875
0 0.59453125 0.71875 0.00859375 0.01328125
0 0.63125 0.60546875 0.00625 0.01015625
0 0.7546875 0.61953125 0.0078125 0.00859375
0 0.1296875 0.68203125 0.0078125 0.01328125
0 0.32890625 0.64375 0.0078125 0.01328125
0 0.15546875 0.68046875 0.00703125 0.01015625
0 0.81171875 0.63515625 0.00703125 0.01328125
0 0.4578125 0.75546875 0.01171875 0.01640625
0 0.85625 0.6046875 0.00703125 0.00859375
0 0.80546875 0.615625 0.00703125 0.01015625
0 0.98359375 0.92578125 0.03046875 0.05703125
0 0.55546875 0.81640625 0.0125 0.01796875
0 0.6328125 0.77578125 0.009375 0.01640625
0 0.69375 0.59296875 0.00625 0.00859375
0 0.40703125 0.66796875 0.0078125 0.01484375
0 0.5328125 0.6703125 0.00859375 0.01328125
0 0.85546875 0.61796875 0.0078125 0.01171875
0 0.3921875 0.65390625 0.0078125 0.01328125
0 0.3875 0.63671875 0.00703125 0.01015625
0 0.43046875 0.615625 0.00859375 0.01328125
0 0.76875 0.8609375 0.0203125 0.03046875
0 0.165625 0.7953125 0.0140625 0.01875
0 0.8171875 0.91015625 0.0296875 0.05546875
0 0.23125 0.60546875 0.0078125 0.01328125
0 0.41328125 0.58828125 0.00625 0.01015625
0 0.2796875 0.640625 0.0078125 0.01171875
0 0.9890625 0.71015625 0.0140625 0.01875
0 0.58203125 0.615625 0.0078125 0.01015625
0 0.33671875 0.56015625 0.00625 0.01015625
0 0.24296875 0.59375 0.00703125 0.01015625
0 0.83046875 0.6046875 0.00703125 0.00859375
0 0.55625 0.65625 0.00703125 0.01171875
0 0.3296875 0.5953125 0.0078125 0.01015625
0 0.1203125 0.6296875 0.0078125 0.01484375
0 0.56875 0.59375 0.00703125 0.01015625
0 0.03203125 0.6296875 0.00859375 0.01171875
0 0.66328125 0.5859375 0.00625 0.00859375
0 0.83359375 0.6765625 0.0109375 0.01796875
0 0.31796875 0.690625 0.00703125 0.01328125
0 0.65546875 0.615625 0.0078125 0.01015625
0 0.14296875 0.59375 0.00703125 0.01015625
0 0.5828125 0.73125 0.00859375 0.01171875
0 0.06953125 0.63203125 0.0078125 0.01015625
0 0.41875 0.60390625 0.0078125 0.01015625
0 0.03125 0.59375 0.0078125 0.01015625
0 0.48125 0.59296875 0.00703125 0.00859375
0 0.9296875 0.61953125 0.0078125 0.01484375
0 0.4046875 0.64140625 0.0078125 0.01171875
0 0.28125 0.6796875 0.0078125 0.00859375
0 0.1375 0.63515625 0.00703125 0.01328125
0 0.46171875 0.5859375 0.00703125 0.00859375
0 0.56171875 0.61328125 0.00703125 0.01015625
0 0.6875 0.61015625 0.0078125 0.01015625
0 0.21171875 0.5109375 0.00625 0.00859375
0 0.44375 0.59296875 0.00703125 0.00859375
0 0.1625 0.63671875 0.00703125 0.01015625
0 0.52421875 0.57421875 0.00703125 0.01171875
0 0.2671875 0.8984375 0.071875 0.05859375
0 0.10625 0.68046875 0.0078125 0.01015625
0 0.103125 0.7515625 0.01640625 0.0234375
0 0.1796875 0.58984375 0.0078125 0.01015625
0 0.5125 0.5859375 0.00625 0.00859375
0 0.45546875 0.61953125 0.00703125 0.01171875
0 0.46875 0.5796875 0.0078125 0.00859375
0 0.45546875 0.60703125 0.00703125 0.01015625
0 0.74375 0.6296875 0.00703125 0.01171875
0 0.91328125 0.63671875 0.0078125 0.01328125
0 0.6109375 0.5859375 0.00625 0.00859375
0 0.29296875 0.65390625 0.0078125 0.01015625
0 0.11796875 0.69453125 0.00859375 0.01171875
0 0.8078125 0.80234375 0.01171875 0.01640625
0 0.76796875 0.61953125 0.00703125 0.00859375
0 0.18125 0.69296875 0.00703125 0.01171875
0 0.1796875 0.66796875 0.0078125 0.01171875
0 0.6375 0.5859375 0.00625 0.00859375
0 0.31171875 0.5625 0.0078125 0.00859375
0 0.10625 0.628125 0.0078125 0.01484375
0 0.81875 0.60390625 0.00703125 0.00859375
0 0.16875 0.66796875 0.0078125 0.01171875
0 0.03203125 0.68046875 0.0078125 0.01328125
0 0.40625 0.615625 0.0078125 0.01328125
0 0.3671875 0.63125 0.0078125 0.01171875
0 0.83671875 0.5859375 0.00625 0.00859375
0 0.59375 0.60546875 0.0078125 0.01015625
0 0.06875 0.51796875 0.00703125 0.00859375
0 0.86953125 0.8515625 0.01640625 0.01796875
0 0.2875 0.58828125 0.00703125 0.01015625
0 0.26796875 0.68046875 0.00703125 0.01015625
0 0.103125 0.615625 0.0078125 0.01328125
0 0.0421875 0.63125 0.009375 0.01171875
0 0.6625 0.63515625 0.00703125 0.01328125
0 0.54375 0.6171875 0.00703125 0.01015625
0 0.48125 0.58125 0.00625 0.00859375
0 0.0296875 0.71875 0.01171875 0.01328125
0 0.35625 0.72734375 0.00859375 0.01328125
0 0.88125 0.59375 0.00703125 0.01015625
0 0.65546875 0.6046875 0.0078125 0.00859375
0 0.29375 0.665625 0.00703125 0.01015625
0 0.59296875 0.59296875 0.00703125 0.00859375
0 0.56171875 0.5859375 0.00703125 0.00859375
0 0.87421875 0.625 0.00703125 0.01328125
0 0.5375 0.5859375 0.00625 0.00859375
0 0.62421875 0.57421875 0.00703125 0.01171875
0 0.2359375 0.5109375 0.00625 0.00859375
0 0.44375 0.58125 0.00703125 0.00859375
0 0.4859375 0.5859375 0.00625 0.00859375
0 0.54375 0.57890625 0.00625 0.00703125
0 0.6828125 0.77734375 0.0109375 0.01875
0 0.05703125 0.69296875 0.00859375 0.01171875
0 0.6734375 0.625 0.0078125 0.01328125
0 0.19375 0.703125 0.00859375 0.01484375
0 0.25625 0.67890625 0.00703125 0.01015625
0 0.5171875 0.60546875 0.00625 0.01015625
0 0.9125 0.56171875 0.00625 0.00703125
0 0.29375 0.69453125 0.0078125 0.01171875
0 0.05625 0.67890625 0.0078125 0.01015625
0 0.8046875 0.6046875 0.00625 0.00859375
0 0.56875 0.60390625 0.00703125 0.00859375
0 0.0046875 0.68046875 0.00859375 0.01328125
0 0.66875 0.58125 0.00625 0.00859375
0 0.09375 0.6296875 0.0078125 0.01171875
0 0.26796875 0.51796875 0.00703125 0.01171875
0 0.20234375 0.8046875 0.01640625 0.0265625
0 0.18671875 0.5109375 0.00703125 0.00859375
0 0.54375 0.59296875 0.00625 0.00859375
0 0.28125 0.54296875 0.0078125 0.00859375
0 0.16875 0.58125 0.00703125 0.00859375
0 0.06640625 0.68046875 0.0078125 0.01015625
0 0.50625 0.834375 0.01953125 0.0296875
0 0.60625 0.66796875 0.0078125 0.01484375
0 0.21953125 0.7046875 0.00859375 0.01171875
0 0.62421875 0.625 0.00703125 0.01328125
0 0.03359375 0.74453125 0.01484375 0.01796875
0 0.859375 0.78984375 0.0140625 0.0234375
0 0.06953125 0.69453125 0.0078125 0.01171875
0 0.04375 0.59140625 0.00703125 0.01015625
0 0.0171875 0.59140625 0.0078125 0.01015625
0 0.20625 0.64140625 0.00703125 0.01171875
0 0.06953125 0.59140625 0.0078125 0.01171875
0 0.0421875 0.7046875 0.009375 0.01171875
0 0.1546875 0.70625 0.00859375 0.01484375
0 0.3296875 0.71484375 0.0109375 0.01484375
0 0.8921875 0.6296875 0.0078125 0.01171875
0 0.478125 0.79375 0.0125 0.01875
0 0.95390625 0.6578125 0.009375 0.01484375
0 0.575 0.57421875 0.00703125 0.01171875
0 0.15625 0.59375 0.0078125 0.01015625
0 0.6734375 0.57421875 0.00625 0.01171875
0 0.6625 0.61328125 0.00703125 0.01015625
0 0.31875 0.60546875 0.00703125 0.01015625
0 0.1625 0.5109375 0.00625 0.00859375
0 0.91171875 0.66328125 0.0109375 0.01328125
0 0.16875 0.68203125 0.0078125 0.01015625
0 0.15625 0.58125 0.0078125 0.00859375