0 0.203125 0.50546875 0.0453125 0.06796875
0 0.575 0.51640625 0.04375 0.06640625
0 0.21796875 0.03671875 0.01875 0.02578125
0 0.4203125 0.2015625 0.0265625 0.0453125
0 0.9359375 0.3109375 0.034375 0.0484375
0 0.42421875 0.2671875 0.03203125 0.0484375
0 0.54375 0.1 0.01875 0.03125
0 0.49375 0.51640625 0.05 0.07421875
0 0.23125 0.1109375 0.0234375 0.0328125
0 0.76171875 0.07890625 0.025 0.0375
0 0.43046875 0.04765625 0.0171875 0.0296875
0 0.14453125 0.025 0.015625 0.025
0 0.5484375 0.14765625 0.0234375 0.03515625
0 0.44375 0.01640625 0.01640625 0.02734375
0 0.2796875 0.10625 0.01953125 0.0328125
0 0.29375 0.1703125 0.025 0.040625
0 0.6375 0.12578125 0.025 0.03515625
0 0.6484375 0.01875 0.0171875 0.02734375
0 0.59453125 0.0765625 0.02421875 0.03671875
0 0.31796875 0.1125 0.0203125 0.0328125
0 0.48125 0.275 0.0296875 0.04453125
0 0.2296875 0.075 0.021875 0.0296875
0 0.4859375 0.12421875 0.0234375 0.0375
0 0.01484375 0.01953125 0.0171875 0.02578125
0 0.1375 0.1625 0.025 0.0390625
0 0.88203125 0.3546875 0.040625 0.0609375
0 0.66875 0.13203125 0.0265625 0.0375
0 0.78125 0.10703125 0.0234375 0.03671875
0 0.1859375 0.240625 0.03203125 0.05234375
0 0.3953125 0.13125 0.025 0.04453125
0 0.4046875 0.01796875 0.0171875 0.02578125
0 0.575 0.01640625 0.0171875 0.02734375
0 0.94453125 0.06875 0.0234375 0.0375
0 0.02109375 0.4640625 0.0421875 0.0609375
0 0.04375 0.03125 0.0171875 0.02578125
0 0.05390625 0.2015625 0.0296875 0.04140625
0 0.321875 0.05390625 0.01875 0.0296875
0 0.4703125 0.05390625 0.0203125 0.03515625
0 0.771875 0.03671875 0.0203125 0.03671875
0 0.73125 0.1125 0.025 0.0375
0 0.36015625 0.02265625 0.015625 0.021875
0 0.50703125 0.09453125 0.01953125 0.0328125
0 0.83203125 0.0796875 0.021875 0.03125
0 0.29609375 0.06875 0.01640625 0.025
0 0.69140625 0.065625 0.0234375 0.0296875
0 0.353125 0.1203125 0.01875 0.0328125
0 0.6140625 0.27265625 0.03515625 0.0484375
0 0.72734375 0.38203125 0.0375 0.0484375
0 0.3046875 0.0125 0.015625 0.025
0 0.18828125 0.06796875 0.01953125 0.03125
0 0.54609375 0.0078125 0.01875 0.015625
0 0.3296875 0.01328125 0.015625 0.0234375
0 0.00859375 0.11796875 0.0171875 0.0328125
0 0.68671875 0.38828125 0.04765625 0.06796875
0 0.68828125 0.034375 0.0203125 0.02734375
0 0.1140625 0.0796875 0.021875 0.0328125
0 0.3734375 0.05078125 0.0203125 0.02890625
0 0.24921875 0.06171875 0.01875 0.025
0 0.42421875 0.13046875 0.02421875 0.03671875
0 0.2015625 0.021875 0.015625 0.02578125
0 0.23984375 0.0390625 0.01484375 0.02109375
0 0.8703125 0.0484375 0.01875 0.0296875
0 0.53984375 0.06328125 0.01953125 0.0296875
0 0.0546875 0.103125 0.021875 0.0328125
0 0.1359375 0.09921875 0.021875 0.02578125
0 0.31640625 0.678125 0.05625 0.08046875
0 0.259375 0.0125 0.015625 0.025
0 0.66328125 0.0984375 0.021875 0.02734375
0 0.01953125 0.0640625 0.021875 0.0234375
0 0.9890625 0.11875 0.0203125 0.0375
0 0.07734375 0.01953125 0.0171875 0.02578125
0 0.26796875 0.15703125 0.0265625 0.040625
0 0.70390625 0.0125 0.0203125 0.025
0 0.1203125 0.0296875 0.0171875 0.025
0 0.159375 0.04765625 0.01640625 0.02734375
0 0.634375 0.05390625 0.0171875 0.025
0 0.09609375 0.065625 0.01875 0.02734375
0 0.65703125 0.05625 0.0203125 0.03125
0 0.9328125 0.01640625 0.021875 0.0328125
0 0.54375 0.03515625 0.01875 0.02578125
0 0.9546875 0.02421875 0.0234375 0.0296875
0 0.609375 0.00625 0.0171875 0.01171875
0 0.603125 0.0484375 0.01953125 0.0234375
0 0.2625 0.08671875 0.01875 0.0328125
0 0.89765625 0.0796875 0.021875 0.03125
0 0.07734375 0.08203125 0.01953125 0.02890625
0 0.51484375 0.00625 0.01640625 0.01171875
0 0.3421875 0.04296875 0.01640625 0.02578125
0 0.38984375 0.071875 0.0203125 0.0296875
0 0.1765625 0.13515625 0.021875 0.02890625
0 0.6109375 0.025 0.0171875 0.02578125
0 0.5171875 0.05625 0.01953125 0.0328125
0 0.15703125 0.00703125 0.015625 0.0140625
0 0.90703125 0.00703125 0.01953125 0.0140625
0 0.215625 0.00625 0.015625 0.0125
0 0.9109375 0.046875 0.0171875 0.02890625
0 0.4890625 0.00625 0.015625 0.0125
0 0.00703125 0.2375 0.0140625 0.040625
0 0.975 0.5 0.0484375 0.07265625
0 0.17421875 0.0265625 0.01640625 0.02734375
0 0.39140625 0.0390625 0.015625 0.02578125
0 0.6234375 0.16015625 0.028125 0.03671875
0 0.9828125 0.01640625 0.0234375 0.0328125
0 0.2734375 0.01796875 0.015625 0.02578125
0 0.80234375 0.00859375 0.01875 0.0171875
0 0.8734375 0.0921875 0.0234375 0.03671875
0 0.1125 0.00859375 0.0171875 0.0171875
0 0.134375 0.05546875 0.01875 0.0296875
0 0.70078125 0.09453125 0.0203125 0.0328125
0 0.1546875 0.128125 0.021875 0.0296875
0 0.075 0.1734375 0.0265625 0.0296875
0 0.2609375 0.0375 0.015625 0.02578125
0 0.72734375 0.02578125 0.0171875 0.02890625
0 0.01015625 0.08828125 0.0203125 0.02578125
0 0.128125 0.49453125 0.0515625 0.07578125
0 0.5609375 0.0875 0.01953125 0.03125
0 0.28828125 0.04375 0.0171875 0.025
0 0.13984375 0.00625 0.01640625 0.01171875
0 0.734375 0.071875 0.01953125 0.02734375
0 0.821875 0.03046875 0.0203125 0.0328125