0 0.03203125 0.0140625 0.021875 0.02734375
0 0.6578125 0.44375 0.04765625 0.0765625
0 0.51796875 0.36015625 0.034375 0.05625
0 0.446875 0.38671875 0.0421875 0.06796875
0 0.12890625 0.3546875 0.03515625 0.05625
0 0.503125 0.2921875 0.0375 0.05078125
0 0.7078125 0.43125 0.040625 0.0703125
0 0.534375 0.26328125 0.03046875 0.05234375
0 0.0390625 0.0671875 0.02734375 0.03515625
0 0.33671875 0.096875 0.0265625 0.0375
0 0.79375 0.2125 0.03515625 0.05703125
0 0.8359375 0.225 0.03515625 0.05625
0 0.0890625 0.18671875 0.03203125 0.05078125
0 0.09453125 0.0671875 0.025 0.0328125
0 0.6125 0.13515625 0.0265625 0.04140625
0 0.1359375 0.0125 0.021875 0.025
0 0.23125 0.0921875 0.028125 0.04453125
0 0.4328125 0.06796875 0.02265625 0.03671875
0 0.9828125 0.25703125 0.03203125 0.0609375
0 0.31640625 0.23515625 0.0328125 0.05078125
0 0.1578125 0.28515625 0.034375 0.046875
0 0.29921875 0.04296875 0.02421875 0.03671875
0 0.13984375 0.1125 0.03125 0.04296875
0 0.4109375 0.0921875 0.02265625 0.03359375
0 0.1625 0.1703125 0.03203125 0.0453125
0 0.04609375 0.03671875 0.02421875 0.03125
0 0.2109375 0.01015625 0.021875 0.0203125
0 0.13125 0.04921875 0.02421875 0.03671875
0 0.16875 0.01015625 0.021875 0.0203125
0 0.6453125 0.56875 0.05625 0.0859375
0 0.790625 0.64375 0.07109375 0.11328125
0 0.29921875 0.14296875 0.03203125 0.04453125
0 0.4953125 0.06640625 0.02265625 0.03671875
0 0.525 0.00625 0.0234375 0.01171875
0 0.92734375 0.97109375 0.1046875 0.0546875
0 0.07734375 0.00625 0.02265625 0.01171875
0 0.61796875 0.09921875 0.02421875 0.03125
0 0.58046875 0.00625 0.02265625 0.01171875
0 0.35 0.16171875 0.03203125 0.04921875
0 0.1734375 0.05625 0.025 0.03125
0 0.2515625 0.00546875 0.02265625 0.01015625