0 0.2140625 0.646875 0.02734375 0.05859375
0 0.98203125 0.56640625 0.02578125 0.05625
0 0.28828125 0.63984375 0.03359375 0.06796875
0 0.7265625 0.528125 0.02734375 0.05625
0 0.4171875 0.58828125 0.02421875 0.05859375
0 0.4546875 0.79375 0.0515625 0.1
0 0.77421875 0.9265625 0.0546875 0.11796875
0 0.05234375 0.91796875 0.053125 0.09375
0 0.16796875 0.6234375 0.03203125 0.0765625
0 0.66640625 0.5703125 0.02578125 0.05859375
0 0.85546875 0.546875 0.02421875 0.053125
0 0.590625 0.55 0.02265625 0.05859375
0 0.76796875 0.58984375 0.02890625 0.06171875
0 0.503125 0.35 0.01640625 0.046875
0 0.8 0.5515625 0.02578125 0.06796875
0 0.88359375 0.55859375 0.02578125 0.05859375
0 0.61875 0.596875 0.03359375 0.0703125
0 0.13359375 0.6453125 0.03203125 0.0734375
0 0.9203125 0.5953125 0.02734375 0.05625
0 0.10625 0.90859375 0.0515625 0.1
0 0.0796875 0.68203125 0.040625 0.0703125
0 0.33203125 0.63828125 0.03203125 0.0703125
0 0.284375 0.5546875 0.02734375 0.06171875
0 0.2609375 0.4515625 0.01953125 0.05
0 0.61640625 0.903125 0.0453125 0.09375
0 0.0828125 0.5 0.02734375 0.053125
0 0.97734375 0.2296875 0.01640625 0.0296875
0 0.33046875 0.403125 0.02265625 0.053125
0 0.9171875 0.50859375 0.01796875 0.053125
0 0.39140625 0.50703125 0.02109375 0.05625
0 0.94375 0.5453125 0.02265625 0.05625
0 0.978125 0.428125 0.02109375 0.03828125
0 0.01484375 0.7484375 0.02890625 0.0796875
0 0.45234375 0.6015625 0.03359375 0.06796875
0 0.415625 0.528125 0.02734375 0.05
0 0.20546875 0.59296875 0.03046875 0.05625
0 0.57109375 0.36796875 0.01640625 0.04140625
0 0.54296875 0.5734375 0.02734375 0.05859375
0 0.83984375 0.428125 0.02109375 0.05
0 0.875 0.8734375 0.046875 0.1
0 0.159375 0.83984375 0.0515625 0.09140625
0 0.97265625 0.478125 0.02265625 0.05
0 0.21171875 0.496875 0.03046875 0.053125
0 0.53046875 0.4953125 0.02265625 0.05
0 0.18046875 0.53984375 0.03203125 0.06171875
0 0.73359375 0.31796875 0.01640625 0.04140625
0 0.24296875 0.5984375 0.03046875 0.0734375
0 0.1171875 0.2796875 0.01796875 0.03515625
0 0.73984375 0.621875 0.03046875 0.0734375
0 0.22421875 0.746875 0.0390625 0.0765625
0 0.43046875 0.11875 0.01640625 0.0265625
0 0.84140625 0.3546875 0.01796875 0.04375
0 0.3046875 0.23203125 0.01640625 0.03515625
0 0.55546875 0.471875 0.01796875 0.04375
0 0.27890625 0.0984375 0.01640625 0.0265625
0 0.09296875 0.571875 0.03359375 0.06796875
0 0.13828125 0.5265625 0.03359375 0.0703125
0 0.7234375 0.38828125 0.02109375 0.04140625
0 0.378125 0.6515625 0.03359375 0.06796875
0 0.4234375 0.1546875 0.01484375 0.03203125
0 0.4046875 0.19140625 0.01640625 0.03515625
0 0.890625 0.4203125 0.02265625 0.046875
0 0.36875 0.44140625 0.02109375 0.053125
0 0.478125 0.38359375 0.01796875 0.03828125
0 0.3109375 0.5734375 0.02578125 0.053125
0 0.14296875 0.46796875 0.02734375 0.046875
0 0.93203125 0.46484375 0.02265625 0.04140625
0 0.31640625 0.953125 0.0453125 0.08203125
0 0.28203125 0.4046875 0.02265625 0.05
0 0.83984375 0.3046875 0.01796875 0.03828125
0 0.3078125 0.3046875 0.01640625 0.04375
0 0.05703125 0.603125 0.03359375 0.05859375
0 0.48046875 0.446875 0.02265625 0.05859375
0 0.71796875 0.25625 0.01640625 0.03515625
0 0.6296875 0.41328125 0.01796875 0.05
0 0.90234375 0.34140625 0.01796875 0.046875
0 0.05625 0.16875 0.01640625 0.03203125
0 0.1578125 0.14140625 0.01640625 0.0296875
0 0.49296875 0.54140625 0.02734375 0.06484375
0 0.91171875 0.39296875 0.02109375 0.04375
0 0.18203125 0.4234375 0.02578125 0.046875
0 0.01640625 0.5765625 0.03203125 0.053125
0 0.8609375 0.6484375 0.02890625 0.0734375
0 0.28515625 0.228125 0.01640625 0.03203125
0 0.1453125 0.378125 0.02265625 0.04375
0 0.9296875 0.228125 0.01796875 0.03203125
0 0.3828125 0.596875 0.03359375 0.046875
0 0.22109375 0.36796875 0.02265625 0.046875
0 0.0796875 0.35859375 0.02109375 0.046875
0 0.33125 0.0265625 0.01484375 0.0234375
0 0.0046875 0.13125 0.009375 0.0265625
0 0.440625 0.14375 0.01640625 0.0296875
0 0.50703125 0.6296875 0.03359375 0.0765625
0 0.696875 0.35703125 0.01640625 0.03828125
0 0.49609375 0.153125 0.01484375 0.0296875
0 0.30078125 0.446875 0.02109375 0.053125
0 0.3921875 0.9484375 0.0546875 0.09140625
0 0.92109375 0.33125 0.01640625 0.03828125
0 0.30234375 0.196875 0.01796875 0.0296875
0 0.4734375 0.925 0.07890625 0.14375
0 0.6921875 0.50703125 0.02890625 0.0734375
0 0.60703125 0.5015625 0.02734375 0.05625
0 0.7578125 0.48359375 0.02265625 0.05625
0 0.66796875 0.303125 0.01640625 0.03515625
0 0.575 0.28359375 0.01796875 0.03828125
0 0.225 0.8265625 0.04375 0.08203125
0 0.446875 0.39375 0.02265625 0.046875
0 0.478125 0.33359375 0.01796875 0.03828125
0 0.65234375 0.38828125 0.01796875 0.04140625
0 0.4984375 0.3984375 0.01640625 0.04375
0 0.7171875 0.21484375 0.01484375 0.0296875
0 0.6453125 0.50625 0.02265625 0.053125
0 0.6640625 0.1796875 0.01484375 0.0296875
0 0.45546875 0.0765625 0.01484375 0.0234375
0 0.53125 0.36640625 0.01796875 0.04375
0 0.309375 0.5046875 0.02265625 0.05625
0 0.42421875 0.48984375 0.02265625 0.03828125
0 0.23359375 0.16875 0.01640625 0.0265625
0 0.3640625 0.29375 0.01796875 0.04140625
0 0.28125 0.31484375 0.02109375 0.04140625
0 0.68125 0.153125 0.01484375 0.0234375
0 0.75859375 0.30625 0.01484375 0.03515625
0 0.7953125 0.1546875 0.01328125 0.0265625
0 0.88046875 0.4953125 0.02265625 0.05
0 0.3453125 0.2484375 0.01953125 0.03203125
0 0.0421875 0.1765625 0.01640625 0.0296875
0 0.59296875 0.6296875 0.02734375 0.05859375
0 0.2734375 0.2015625 0.01484375 0.03203125
0 0.7921875 0.1234375 0.01328125 0.0234375
0 0.14609375 0.73125 0.04375 0.0796875
0 0.55859375 0.4265625 0.01796875 0.04140625
0 0.64296875 0.296875 0.01484375 0.04140625
0 0.74609375 0.11640625 0.01484375 0.0265625
0 0.5390625 0.971875 0.0515625 0.05
0 0.73046875 0.178125 0.01640625 0.0265625
0 0.65234375 0.21875 0.01796875 0.03203125
0 0.51640625 0.41328125 0.01640625 0.05
0 0.11953125 0.2015625 0.01640625 0.03203125
0 0.6796875 0.653125 0.03671875 0.0765625
0 0.34296875 0.31796875 0.02109375 0.046875
0 0.58828125 0.4 0.01796875 0.046875
0 0.18203125 0.13984375 0.01640625 0.0265625
0 0.52734375 0.2953125 0.01640625 0.03203125
0 0.84375 0.13984375 0.01328125 0.0265625
0 0.39375 0.31875 0.01640625 0.03203125
0 0.16640625 0.0296875 0.01328125 0.0234375
0 0.01484375 0.6484375 0.02890625 0.0796875
0 0.51484375 0.178125 0.01328125 0.0265625
0 0.19296875 0.15859375 0.01484375 0.0296875
0 0.36796875 0.053125 0.01640625 0.0234375
0 0.1203125 0.14140625 0.01484375 0.0296875
0 0.73125 0.203125 0.01484375 0.0234375
0 0.88203125 0.26640625 0.01640625 0.03203125
0 0.29609375 0.028125 0.01484375 0.0265625
0 0.3234375 0.071875 0.01484375 0.0265625
0 0.7703125 0.275 0.01484375 0.0265625
0 0.35625 0.146875 0.01640625 0.0296875
0 0.2515625 0.3265625 0.01640625 0.046875
0 0.440625 0.23359375 0.01640625 0.03203125
0 0.4796875 0.0515625 0.0109375 0.0203125
0 0.615625 0.19140625 0.0109375 0.0296875
0 0.32109375 0.103125 0.01328125 0.0234375
0 0.00546875 0.2015625 0.0109375 0.03203125
0 0.690625 0.41484375 0.02265625 0.053125
0 0.14296875 0.2203125 0.01796875 0.0296875
0 0.45703125 0.5453125 0.02421875 0.04375
0 0.13203125 0.09375 0.01328125 0.0234375
0 0.58671875 0.45703125 0.01953125 0.04375
0 0.13203125 0.0546875 0.01640625 0.0265625
0 0.2109375 0.31328125 0.01953125 0.04375
0 0.0484375 0.2515625 0.01953125 0.03203125
0 0.11171875 0.48828125 0.02421875 0.05859375
0 0.7234375 0.43828125 0.02421875 0.046875
0 0.55390625 0.06875 0.0109375 0.0203125
0 0.04609375 0.20703125 0.01796875 0.03203125
0 0.8578125 0.14296875 0.01640625 0.0265625
0 0.240625 0.11796875 0.01640625 0.0296875
0 0.25703125 0.16875 0.01484375 0.0265625
0 0.7578125 0.21875 0.01640625 0.03203125
0 0.29609375 0.271875 0.01796875 0.03203125
0 0.0921875 0.175 0.01640625 0.0265625
0 0.5546875 0.31875 0.01640625 0.03203125
0 0.34296875 0.19375 0.01796875 0.03515625
0 0.61640625 0.2953125 0.01640625 0.03203125
0 0.240625 0.08125 0.01640625 0.0265625
0 0.19375 0.075 0.01640625 0.0265625
0 0.759375 0.4015625 0.01953125 0.04375
0 0.04296875 0.5234375 0.02734375 0.046875
0 0.2359375 0.5046875 0.02421875 0.04375
0 0.9390625 0.303125 0.01640625 0.03515625
0 0.4203125 0.203125 0.01484375 0.03515625
0 0.76015625 0.35 0.02109375 0.046875
0 0.29296875 0.06875 0.01484375 0.0265625
0 0.13203125 0.2515625 0.01640625 0.03203125
0 0.50625 0.09375 0.01328125 0.0234375
0 0.4703125 0.253125 0.01484375 0.03515625
0 0.8171875 0.06640625 0.0109375 0.0203125
0 0.95390625 0.1015625 0.0109375 0.0203125
0 0.14765625 0.3265625 0.01796875 0.0296875
0 0.45390625 0.1484375 0.0109375 0.0265625
0 0.45390625 0.00703125 0.0140625 0.0140625
0 0.66953125 0.2453125 0.01640625 0.03203125
0 0.68125 0.196875 0.01484375 0.0296875
0 0.37734375 0.15625 0.01640625 0.03515625
0 0.90625 0.14296875 0.01640625 0.0203125
0 0.93046875 0.1796875 0.01640625 0.0296875
0 0.5203125 0.06875 0.0109375 0.0203125
0 0.47265625 0.1953125 0.01640625 0.03203125
0 0.72109375 0.9796875 0.0546875 0.03515625
0 0.325 0.3546875 0.01796875 0.03828125
0 0.0140625 0.53203125 0.02734375 0.03515625
0 0.3703125 0.3734375 0.01796875 0.053125
0 0.21171875 0.41875 0.02109375 0.05
0 0.62890625 0.20859375 0.01640625 0.0296875
0 0.44375 0.171875 0.01640625 0.0265625
0 0.8921875 0.196875 0.01640625 0.0296875
0 0.15390625 0.01484375 0.0109375 0.0234375
0 0.83359375 0.175 0.01328125 0.0265625
0 0.43125 0.2953125 0.01484375 0.0265625
0 0.028125 0.1046875 0.01484375 0.0265625
0 0.734375 0.028125 0.0109375 0.0203125
0 0.896875 0.28125 0.01640625 0.0265625
0 0.43203125 0.08125 0.01328125 0.0265625
0 0.71640625 0.06796875 0.01328125 0.0234375
0 0.2421875 0.24140625 0.01640625 0.03515625
0 0.67109375 0.375 0.01640625 0.05
0 0.6453125 0.0796875 0.01328125 0.0234375
0 0.3484375 0.496875 0.01953125 0.053125
0 0.63359375 0.24140625 0.01640625 0.0296875
0 0.08359375 0.1265625 0.01640625 0.0296875
0 0.1984375 0.1953125 0.01640625 0.0265625
0 0.95625 0.31640625 0.01640625 0.03828125
0 0.8546875 0.24375 0.01640625 0.04140625
0 0.3953125 0.15703125 0.01640625 0.03203125
0 0.25234375 0.00625 0.01484375 0.01171875
0 0.059375 0.096875 0.01640625 0.0234375
0 0.38046875 0.078125 0.01640625 0.0265625
0 0.79375 0.25625 0.01640625 0.03515625
0 0.59453125 0.11875 0.0109375 0.0203125
0 0.9203125 0.26875 0.02109375 0.03828125
0 0.41796875 0.328125 0.01640625 0.04375
0 0.18125 0.36328125 0.02109375 0.04375
0 0.5140625 0.01796875 0.0109375 0.01796875
0 0.54296875 0.21640625 0.01484375 0.03828125
0 0.83359375 0.51484375 0.01953125 0.053125
0 0.2640625 0.2515625 0.01796875 0.03203125
0 0.72890625 0.13125 0.01640625 0.0265625
0 0.05859375 0.35703125 0.02109375 0.03828125
0 0.09921875 0.4203125 0.02109375 0.053125
0 0.98046875 0.15 0.01640625 0.0234375
0 0.78125 0.321875 0.01796875 0.04375
0 0.11015625 0.16484375 0.01796875 0.0296875
0 0.0953125 0.028125 0.01328125 0.0203125
0 0.32734375 0.14296875 0.01640625 0.0265625
0 0.8109375 0.16640625 0.01640625 0.03203125
0 0.5671875 0.1703125 0.01484375 0.0296875
0 0.69609375 0.246875 0.01484375 0.0296875
0 0.46015625 0.503125 0.02734375 0.046875
0 0.584375 0.171875 0.01484375 0.0265625
0 0.34296875 0.1015625 0.01484375 0.0265625
0 0.3421875 0.0046875 0.01328125 0.00859375
0 0.00546875 0.0296875 0.0109375 0.0296875
0 0.0703125 0.071875 0.01484375 0.0265625
0 0.584375 0.2015625 0.01484375 0.03203125
0 0.49453125 0.0296875 0.0109375 0.0234375
0 0.59140625 0.33359375 0.01796875 0.04375
0 0.25625 0.196875 0.01640625 0.0296875
0 0.48046875 0.09375 0.01328125 0.0234375
0 0.83046875 0.09140625 0.01328125 0.0234375
0 0.50234375 0.128125 0.01484375 0.0265625
0 0.965625 0.1265625 0.0109375 0.0234375
0 0.39921875 0.41796875 0.01796875 0.046875
0 0.39375 0.125 0.01640625 0.0265625
0 0.4484375 0.2734375 0.01640625 0.04140625
0 0.61875 0.01640625 0.0109375 0.0203125
0 0.65390625 0.11875 0.0109375 0.0203125
0 0.82109375 0.2484375 0.01640625 0.03203125
0 0.6703125 0.04140625 0.0109375 0.01796875
0 0.7515625 0.26796875 0.01640625 0.03515625
0 0.93046875 0.1296875 0.01640625 0.0234375
0 0.20703125 0.128125 0.01796875 0.03203125
0 0.959375 0.38828125 0.02265625 0.046875
0 0.98828125 0.25859375 0.01796875 0.0296875
0 0.50234375 0.20625 0.01484375 0.03515625
0 0.38515625 0.553125 0.02265625 0.04140625
0 0.33828125 0.58203125 0.02734375 0.04140625
0 0.38359375 0.028125 0.01328125 0.0265625
0 0.4921875 0.00625 0.01328125 0.01171875
0 0.9890625 0.3546875 0.01640625 0.03203125
0 0.70390625 0.1046875 0.0109375 0.0203125
0 0.20703125 0.01484375 0.01484375 0.0234375
0 0.30625 0.121875 0.01328125 0.0265625
0 0.88203125 0.1015625 0.01328125 0.0203125
0 0.5453125 0.1296875 0.01328125 0.0234375
0 0.6421875 0.14296875 0.01328125 0.0265625
0 0.17109375 0.19140625 0.01640625 0.0296875
0 0.65078125 0.3484375 0.01796875 0.03203125
0 0.68125 0.0203125 0.0109375 0.01796875
0 0.70546875 0.00625 0.0109375 0.01171875
0 0.37109375 0.2515625 0.01640625 0.03203125