1 0.4484375 0.56328125 0.078125 0.171875
1 0.61171875 0.796875 0.090625 0.19140625
1 0.26328125 0.63828125 0.08828125 0.1984375
1 0.7015625 0.628125 0.08671875 0.17890625
1 0.465625 0.81640625 0.10078125 0.2046875
1 0.6296875 0.503125 0.07421875 0.14296875
1 0.49765625 0.4984375 0.9921875 0.98359375
1 0.90625 0.6265625 0.09453125 0.16875
1 0.26640625 0.23828125 0.06640625 0.1265625
1 0.53046875 0.7546875 0.08046875 0.18515625
1 0.88828125 0.2953125 0.05390625 0.1234375
1 0.44453125 0.63828125 0.1984375 0.328125
1 0.09453125 0.459375 0.08828125 0.15234375
1 0.3421875 0.22734375 0.05859375 0.1234375
1 0.5921875 0.14140625 0.05625 0.10078125
1 0.63359375 0.64609375 0.0703125 0.14921875
1 0.93203125 0.915625 0.11640625 0.15546875
1 0.315625 0.9078125 0.09609375 0.171875
1 0.725 0.89765625 0.08828125 0.19140625
1 0.759375 0.7921875 0.0921875 0.16875
1 0.69765625 0.2421875 0.05 0.10078125
1 0.46484375 0.25625 0.05859375 0.09765625
1 0.22109375 0.40234375 0.06796875 0.1234375
1 0.12734375 0.60859375 0.0984375 0.171875
1 0.30625 0.5421875 0.090625 0.2015625
1 0.8265625 0.69140625 0.090625 0.175
1 0.5765625 0.3296875 0.06796875 0.1328125
1 0.82734375 0.5328125 0.0640625 0.14296875
1 0.65078125 0.18203125 0.05234375 0.090625
1 0.759375 0.2578125 0.05234375 0.09453125
1 0.5 0.503125 0.07265625 0.175
1 0.534375 0.921875 0.11640625 0.14296875
1 0.15390625 0.40078125 0.0703125 0.1328125
1 0.4671875 0.3421875 0.05859375 0.09453125
1 0.36328125 0.43203125 0.0640625 0.1625
1 0.44453125 0.85390625 0.1546875 0.27890625
1 0.2828125 0.68828125 0.184375 0.30546875
1 0.16484375 0.89921875 0.1125 0.18828125
1 0.6171875 0.409375 0.06640625 0.1234375
1 0.3015625 0.40078125 0.06796875 0.10703125
1 0.64375 0.26953125 0.05859375 0.084375
1 0.315625 0.125 0.03984375 0.09453125
1 0.9640625 0.48671875 0.0640625 0.13671875
1 0.52734375 0.1640625 0.04609375 0.09453125
1 0.9265625 0.80390625 0.11015625 0.15234375
1 0.3734375 0.0734375 0.04453125 0.08125
1 0.76015625 0.06171875 0.04609375 0.084375
1 0.26171875 0.5890625 0.08671875 0.10078125
1 0.7359375 0.48203125 0.0703125 0.1265625
1 0.0796875 0.3359375 0.0703125 0.1203125
1 0.5625 0.5375 0.06015625 0.1265625
1 0.134375 0.296875 0.06015625 0.10703125
1 0.203125 0.2140625 0.05625 0.09765625
1 0.8296875 0.1265625 0.0484375 0.084375
1 0.809375 0.26171875 0.05625 0.0875
1 0.29609375 0.0390625 0.0421875 0.07109375
1 0.253125 0.953125 0.128125 0.08125
1 0.17734375 0.13671875 0.05 0.084375
1 0.26875 0.1296875 0.05625 0.09765625
1 0.4625 0.171875 0.05390625 0.078125
1 0.28203125 0.8421875 0.12265625 0.15234375
1 0.65546875 0.9171875 0.07421875 0.13984375
1 0.51015625 0.415625 0.0765625 0.11015625
1 0.1015625 0.790625 0.07421875 0.171875
1 0.703125 0.34453125 0.06015625 0.11015625
1 0.253125 0.48359375 0.06796875 0.1234375
1 0.8578125 0.24375 0.04453125 0.10390625
1 0.74375 0.59765625 0.0703125 0.1625
1 0.771875 0.94609375 0.0984375 0.10078125
1 0.40234375 0.14296875 0.05390625 0.09765625
1 0.2578125 0.27421875 0.13046875 0.2046875
1 0.11171875 0.1296875 0.05 0.084375
1 0.3625 0.384375 0.0625 0.075
1 0.953125 0.35546875 0.06640625 0.1203125
1 0.69375 0.0453125 0.03828125 0.07109375
1 0.759375 0.14140625 0.0484375 0.0875
1 0.6890625 0.48359375 0.0484375 0.1234375
1 0.7015625 0.5796875 0.08203125 0.0875
1 0.7609375 0.39140625 0.0640625 0.10078125
1 0.02734375 0.41875 0.05390625 0.1625
1 0.24609375 0.06484375 0.0421875 0.078125
1 0.6546875 0.3390625 0.06796875 0.10078125
1 0.059375 0.14296875 0.05859375 0.11015625
1 0.14921875 0.19453125 0.05390625 0.07109375
1 0.775 0.4984375 0.0359375 0.11328125
1 0.8515625 0.409375 0.0640625 0.084375
1 0.46171875 0.0828125 0.0484375 0.08125
1 0.19765625 0.61328125 0.06640625 0.14921875
1 0.43984375 0.425 0.0640625 0.11015625
1 0.94296875 0.04375 0.03828125 0.075
1 0.35234375 0.253125 0.0984375 0.18203125
1 0.37265625 0.4671875 0.090625 0.240625
1 0.021875 0.54296875 0.04375 0.1515625
1 0.03984375 0.7625 0.0796875 0.14375
1 0.47109375 0.296875 0.11875 0.17890625
1 0.13828125 0.64140625 0.15234375 0.23046875