0 0.378125 0.65 0.07109375 0.11328125
0 0.153125 0.6421875 0.0796875 0.11484375
0 0.1703125 0.7859375 0.09765625 0.1390625
0 0.634375 0.296875 0.0359375 0.05703125
0 0.5375 0.30078125 0.0359375 0.05703125
0 0.75625 0.21875 0.034375 0.0546875
0 0.25703125 0.31953125 0.0453125 0.07421875
0 0.3421875 0.2171875 0.03984375 0.06015625
0 0.590625 0.24296875 0.03203125 0.05625
0 0.76875 0.2796875 0.0375 0.06015625
0 0.378125 0.36796875 0.05390625 0.0796875
0 0.1 0.23203125 0.04609375 0.05703125
0 0.6421875 0.38203125 0.04296875 0.07421875
0 0.1890625 0.48828125 0.0640625 0.09921875
0 0.471875 0.1734375 0.0359375 0.05625
0 0.64609375 0.21953125 0.03203125 0.05859375
0 0.39296875 0.1171875 0.0359375 0.04921875
0 0.34140625 0.2953125 0.0421875 0.06640625
0 0.28515625 0.4765625 0.05625 0.078125
0 0.796875 0.5296875 0.0484375 0.084375
0 0.65 0.08515625 0.02421875 0.040625
0 0.4078125 0.2921875 0.03984375 0.0640625
0 0.6859375 0.23671875 0.0359375 0.05703125
0 0.84921875 0.22265625 0.04375 0.06484375
0 0.49375 0.2484375 0.0359375 0.05625
0 0.54921875 0.56171875 0.06171875 0.08203125
0 0.5609375 0.1 0.0265625 0.04296875
0 0.77109375 0.3703125 0.04609375 0.0765625
0 0.09765625 0.31875 0.0546875 0.07421875
0 0.4359375 0.01953125 0.02734375 0.0390625
0 0.29921875 0.0234375 0.03046875 0.04453125
0 0.68828125 0.12578125 0.03125 0.0453125
0 0.7140625 0.546875 0.0609375 0.09140625
0 0.6765625 0.06640625 0.01953125 0.03359375
0 0.93203125 0.50625 0.0515625 0.0875
0 0.6203125 0.11953125 0.02734375 0.04140625
0 0.02578125 0.01171875 0.028125 0.0234375
0 0.5015625 0.3015625 0.0328125 0.053125
0 0.7640625 0.1796875 0.0296875 0.02890625