0 0.18984375 0.6671875 0.02578125 0.0515625
0 0.37890625 0.8015625 0.03046875 0.06171875
0 0.234375 0.8734375 0.0453125 0.0828125
0 0.86484375 0.778125 0.025 0.0515625
0 0.76640625 0.71015625 0.0234375 0.05390625
0 0.64375 0.696875 0.0203125 0.04921875
0 0.4046875 0.62734375 0.015625 0.03828125
0 0.38125 0.90703125 0.040625 0.0875
0 0.4328125 0.68046875 0.01875 0.04140625
0 0.95625 0.82109375 0.040625 0.0796875
0 0.10546875 0.678125 0.02890625 0.05703125
0 0.6015625 0.68203125 0.0171875 0.04375
0 0.23984375 0.75234375 0.03046875 0.06171875
0 0.72890625 0.80703125 0.0375 0.0828125
0 0.296875 0.6625 0.0203125 0.04140625
0 0.21484375 0.6453125 0.021875 0.04921875
0 0.38828125 0.6375 0.0171875 0.03828125
0 0.865625 0.70625 0.025 0.04609375
0 0.4546875 0.65703125 0.0171875 0.04140625
0 0.82890625 0.653125 0.0171875 0.03359375
0 0.41953125 0.60703125 0.01328125 0.028125
0 0.33203125 0.62109375 0.0171875 0.0359375
0 0.09921875 0.81171875 0.0390625 0.0875
0 0.71640625 0.6484375 0.015625 0.03359375
0 0.72890625 0.72578125 0.0234375 0.04921875
0 0.5140625 0.78359375 0.02734375 0.05703125
0 0.12734375 0.634375 0.0234375 0.04140625
0 0.67890625 0.65234375 0.015625 0.0359375
0 0.57890625 0.6765625 0.015625 0.04375
0 0.17734375 0.7640625 0.0359375 0.075
0 0.87734375 0.6375 0.01328125 0.028125
0 0.76015625 0.63046875 0.01328125 0.028125
0 0.26953125 0.696875 0.02578125 0.05390625
0 0.43828125 0.6375 0.015625 0.03359375
0 0.3921875 0.6859375 0.021875 0.04609375
0 0.88984375 0.82890625 0.03515625 0.075
0 0.80078125 0.59375 0.01328125 0.0234375
0 0.37109375 0.60859375 0.01484375 0.0359375
0 0.26328125 0.6328125 0.021875 0.03359375
0 0.28828125 0.79140625 0.03515625 0.071875
0 0.0109375 0.84921875 0.021875 0.0796875
0 0.47890625 0.6171875 0.015625 0.03828125
0 0.66015625 0.66640625 0.015625 0.03828125
0 0.5234375 0.6390625 0.0171875 0.04140625
0 0.1515625 0.596875 0.021875 0.03828125
0 0.93984375 0.64140625 0.01328125 0.0359375
0 0.9234375 0.62109375 0.01484375 0.03125
0 0.14296875 0.7078125 0.03359375 0.0640625
0 0.59921875 0.62890625 0.015625 0.0359375
0 0.23984375 0.6125 0.01875 0.03828125
0 0.57890625 0.63046875 0.01328125 0.028125
0 0.56953125 0.7296875 0.02578125 0.06171875
0 0.575 0.60078125 0.01484375 0.02578125
0 0.975 0.6234375 0.015625 0.02578125
0 0.35703125 0.61484375 0.01328125 0.03359375
0 0.74765625 0.6484375 0.01484375 0.028125
0 0.86953125 0.60546875 0.01171875 0.02578125
0 0.8546875 0.6046875 0.01328125 0.03359375
0 0.82734375 0.60859375 0.01171875 0.02578125
0 0.55703125 0.61484375 0.01328125 0.03359375
0 0.39140625 0.59921875 0.0171875 0.028125
0 0.79140625 0.678125 0.0171875 0.04609375
0 0.67109375 0.61875 0.01171875 0.02578125
0 0.90859375 0.59921875 0.01171875 0.0234375
0 0.5015625 0.62734375 0.0171875 0.04375
0 0.89296875 0.60859375 0.01171875 0.02578125
0 0.5546875 0.58515625 0.01328125 0.02578125
0 0.84921875 0.646875 0.0171875 0.0359375
0 0.08203125 0.6390625 0.02734375 0.05703125
0 0.77109375 0.5796875 0.01171875 0.0203125
0 0.81171875 0.6453125 0.01484375 0.028125
0 0.75546875 0.575 0.01015625 0.02578125
0 0.67890625 0.7125 0.02734375 0.059375
0 0.49296875 0.74375 0.02578125 0.05390625
0 0.43984375 0.60859375 0.015625 0.02578125
0 0.1546875 0.6375 0.0234375 0.04375
0 0.73046875 0.5953125 0.01171875 0.02578125
0 0.72890625 0.6375 0.01171875 0.028125
0 0.52578125 0.58984375 0.01171875 0.0203125
0 0.36640625 0.67109375 0.0203125 0.03359375
0 0.68203125 0.58984375 0.01015625 0.02578125
0 0.61640625 0.62734375 0.01328125 0.03359375
0 0.70078125 0.6828125 0.015625 0.0359375
0 0.29296875 0.596875 0.01484375 0.028125
0 0.55859375 0.64453125 0.01328125 0.0359375
0 0.64609375 0.62890625 0.01171875 0.03125
0 0.79609375 0.56953125 0.01015625 0.015625
0 0.60546875 0.59921875 0.01171875 0.0234375
0 0.83203125 0.58125 0.00859375 0.01796875
0 0.95078125 0.61328125 0.01171875 0.02578125
0 0.86796875 0.58359375 0.00859375 0.0125
0 0.58984375 0.58125 0.01171875 0.028125
0 0.88046875 0.5796875 0.01015625 0.015625
0 0.96796875 0.5796875 0.00859375 0.015625
0 0.97890625 0.5953125 0.01015625 0.015625
0 0.77734375 0.646875 0.01328125 0.03125
0 0.61953125 0.59921875 0.01328125 0.0234375
0 0.70703125 0.57109375 0.01171875 0.0234375
0 0.71796875 0.59921875 0.01015625 0.0234375
0 0.78203125 0.60078125 0.01015625 0.0203125
0 0.89140625 0.5796875 0.00859375 0.015625
0 0.76328125 0.60859375 0.01328125 0.0203125
0 0.1046875 0.62734375 0.0171875 0.028125
0 0.71640625 0.61953125 0.01328125 0.0234375
0 0.48125 0.65703125 0.0203125 0.04140625
0 0.93203125 0.5734375 0.00859375 0.01796875
0 0.85546875 0.5796875 0.01015625 0.015625
0 0.74609375 0.58984375 0.01171875 0.0203125
0 0.1875 0.61953125 0.01875 0.028125
0 0.99296875 0.58984375 0.00859375 0.0203125
0 0.9453125 0.59140625 0.00859375 0.01796875
0 0.32109375 0.6765625 0.01328125 0.03828125
0 0.65546875 0.5828125 0.01015625 0.0203125
0 0.71953125 0.57890625 0.01015625 0.01796875
0 0.27890625 0.609375 0.015625 0.03359375
0 0.84140625 0.5796875 0.01015625 0.015625
0 0.90390625 0.57890625 0.01015625 0.0125
0 0.70859375 0.73984375 0.0203125 0.04140625
0 0.30703125 0.61875 0.01484375 0.02578125
0 0.95703125 0.57890625 0.01015625 0.01796875
0 0.81796875 0.57109375 0.01015625 0.0125
0 0.70078125 0.60703125 0.01328125 0.028125
0 0.81640625 0.5890625 0.01015625 0.0234375
0 0.91796875 0.5671875 0.00703125 0.015625
0 0.54375 0.65234375 0.0171875 0.0359375
0 0.46171875 0.6046875 0.01328125 0.03359375
0 0.03515625 0.65078125 0.021875 0.03828125
0 0.94296875 0.56953125 0.01015625 0.015625