0 0.74296875 0.9078125 0.0828125 0.12265625
0 0.0359375 0.60546875 0.0453125 0.08046875
0 0.5828125 0.44453125 0.021875 0.03515625
0 0.87890625 0.7078125 0.046875 0.0828125
0 0.825 0.79375 0.0703125 0.10625
0 0.5203125 0.6171875 0.0390625 0.065625
0 0.3421875 0.58671875 0.03984375 0.06875
0 0.62578125 0.66015625 0.0640625 0.09921875
0 0.415625 0.61796875 0.0515625 0.07578125
0 0.63984375 0.4203125 0.021875 0.03046875
0 0.509375 0.72109375 0.05 0.08046875
0 0.22109375 0.6421875 0.04375 0.07734375
0 0.88203125 0.45078125 0.02734375 0.0453125
0 0.8078125 0.665625 0.0453125 0.08046875
0 0.5234375 0.5171875 0.02734375 0.03203125
0 0.45546875 0.41953125 0.01640625 0.0265625
0 0.609375 0.43671875 0.021875 0.03671875
0 0.771875 0.5125 0.03125 0.0484375
0 0.76171875 0.5703125 0.0390625 0.05546875
0 0.39609375 0.54609375 0.04375 0.06015625
0 0.540625 0.43828125 0.025 0.0390625
0 0.828125 0.53125 0.0390625 0.05390625
0 0.6203125 0.559375 0.03515625 0.0625
0 0.96796875 0.5203125 0.03046875 0.05546875
0 0.48359375 0.5796875 0.03125 0.05390625
0 0.50625 0.46171875 0.01953125 0.03203125
0 0.48203125 0.52109375 0.0265625 0.0421875
0 0.746875 0.6890625 0.04375 0.07734375
0 0.5234375 0.39609375 0.0140625 0.021875
0 0.309375 0.84921875 0.075 0.1125
0 0.9359375 0.4796875 0.03125 0.046875
0 0.62421875 0.48984375 0.03046875 0.046875
0 0.2796875 0.4734375 0.025 0.040625
0 0.8453125 0.4125 0.02265625 0.03828125
0 0.3328125 0.4625 0.0234375 0.03359375
0 0.75390625 0.44765625 0.0234375 0.02890625
0 0.94296875 0.68828125 0.05546875 0.09609375
0 0.46171875 0.48203125 0.02421875 0.0390625
0 0.96171875 0.4296875 0.0265625 0.0421875
0 0.43046875 0.465625 0.0203125 0.03359375
0 0.67109375 0.56015625 0.0375 0.0640625
0 0.81796875 0.40625 0.0203125 0.03359375
0 0.0765625 0.85390625 0.071875 0.1078125
0 0.321875 0.3984375 0.0140625 0.025
0 0.6734375 0.46328125 0.0296875 0.04921875
0 0.7484375 0.3984375 0.015625 0.025
0 0.3890625 0.4015625 0.015625 0.03046875
0 0.565625 0.39921875 0.01875 0.0265625
0 0.73125 0.38125 0.015625 0.025
0 0.20703125 0.49609375 0.0328125 0.0484375
0 0.365625 0.41640625 0.01484375 0.02734375
0 0.24375 0.76953125 0.05859375 0.0875
0 0.2953125 0.52109375 0.0296875 0.05390625
0 0.78203125 0.4203125 0.0203125 0.03046875
0 0.2640625 0.52265625 0.02734375 0.0453125
0 0.5203125 0.553125 0.0296875 0.0390625
0 0.3984375 0.48125 0.0234375 0.03828125
0 0.2765625 0.40078125 0.0171875 0.0265625
0 0.07578125 0.41953125 0.0265625 0.03828125
0 0.1328125 0.3875 0.0171875 0.02890625
0 0.50625 0.3984375 0.01640625 0.025
0 0.20703125 0.37734375 0.015625 0.0234375
0 0.396875 0.3703125 0.0125 0.0234375
0 0.1546875 0.41171875 0.0203125 0.03046875
0 0.6171875 0.39296875 0.015625 0.02734375
0 0.34453125 0.5203125 0.028125 0.03828125
0 0.796875 0.4640625 0.0234375 0.03671875
0 0.29609375 0.35546875 0.01171875 0.0171875
0 0.66796875 0.425 0.01953125 0.021875
0 0.2515625 0.45 0.02265625 0.03359375
0 0.48125 0.39296875 0.0140625 0.021875
0 0.1625 0.6296875 0.04375 0.0640625
0 0.3546875 0.39375 0.0140625 0.0203125
0 0.27109375 0.37265625 0.0125 0.01875
0 0.6203125 0.3640625 0.01171875 0.0234375
0 0.1859375 0.4046875 0.015625 0.025
0 0.478125 0.42578125 0.0203125 0.03203125
0 0.65703125 0.4 0.01875 0.025
0 0.02109375 0.97578125 0.03984375 0.0453125
0 0.5296875 0.36796875 0.0125 0.01875
0 0.25859375 0.39921875 0.0171875 0.0265625
0 0.69609375 0.41953125 0.02421875 0.03515625
0 0.8296875 0.37578125 0.01953125 0.03203125
0 0.63359375 0.34609375 0.01171875 0.01640625
0 0.275 0.43203125 0.0203125 0.03046875
0 0.43046875 0.41875 0.01640625 0.021875
0 0.57109375 0.503125 0.03125 0.046875
0 0.73671875 0.41875 0.01875 0.0265625
0 0.690625 0.38125 0.0125 0.021875
0 0.32734375 0.36796875 0.01171875 0.01875
0 0.64765625 0.3546875 0.0140625 0.01875
0 0.603125 0.37890625 0.01484375 0.0265625
0 0.296875 0.37890625 0.0140625 0.0203125
0 0.415625 0.38125 0.0125 0.021875
0 0.89609375 0.53984375 0.0359375 0.05390625
0 0.49375 0.3453125 0.0109375 0.01484375
0 0.58359375 0.35234375 0.0109375 0.01640625
0 0.5578125 0.3421875 0.009375 0.01484375
0 0.3703125 0.45078125 0.02265625 0.03359375
0 0.4390625 0.3671875 0.0140625 0.0203125
0 0.540625 0.40078125 0.0171875 0.0234375
0 0.29375 0.96796875 0.0703125 0.0609375
0 0.55546875 0.36328125 0.0125 0.0203125
0 0.603125 0.3421875 0.009375 0.01484375
0 0.33984375 0.38671875 0.0140625 0.01875
0 0.54375 0.34609375 0.009375 0.01640625
0 0.634375 0.390625 0.015625 0.0234375
0 0.46953125 0.3671875 0.0125 0.01484375
0 0.978125 0.46328125 0.03125 0.046875
0 0.4671875 0.33046875 0.00859375 0.01328125
0 0.103125 0.96484375 0.0875 0.0671875
0 0.66015625 0.37109375 0.0140625 0.021875
0 0.40546875 0.3421875 0.00703125 0.01328125
0 0.3921875 0.3421875 0.0078125 0.01171875
0 0.38203125 0.35703125 0.009375 0.01484375
0 0.440625 0.34296875 0.00859375 0.01328125
0 0.38046875 0.3421875 0.00703125 0.01171875
0 0.89296875 0.6140625 0.0515625 0.07265625
0 0.48125 0.3453125 0.00859375 0.01484375
0 0.68046875 0.35078125 0.0109375 0.01875
0 0.43046875 0.3421875 0.00859375 0.01328125
0 0.76640625 0.62734375 0.0390625 0.05390625
0 0.55625 0.31640625 0.00703125 0.01171875
0 0.5453125 0.32890625 0.009375 0.01328125
0 0.41875 0.3421875 0.00859375 0.01171875
0 0.57890625 0.31875 0.009375 0.01328125
0 0.453125 0.36328125 0.01171875 0.0171875
0 0.5765625 0.37734375 0.015625 0.0234375
0 0.31328125 0.37734375 0.0140625 0.01484375
0 0.53046875 0.3296875 0.00703125 0.01171875
0 0.71015625 0.4609375 0.02734375 0.040625
0 0.7140625 0.565625 0.03125 0.05234375
0 0.41796875 0.3296875 0.0078125 0.01171875
0 0.56796875 0.31640625 0.00703125 0.01171875
0 0.4859375 0.36484375 0.01171875 0.01640625
0 0.50859375 0.35 0.0109375 0.0171875
0 0.49375 0.33046875 0.00703125 0.01015625
0 0.50703125 0.33046875 0.0078125 0.01328125
0 0.228125 0.45703125 0.02421875 0.0421875
0 0.31015625 0.35546875 0.0109375 0.0171875
0 0.50234375 0.37265625 0.0125 0.01875
0 0.5171875 0.3296875 0.0078125 0.01171875
0 0.3921875 0.32890625 0.00625 0.01015625
0 0.46953125 0.34609375 0.009375 0.01640625
0 0.365625 0.66328125 0.0375 0.046875
0 0.4546875 0.33046875 0.0078125 0.01328125
0 0.4171875 0.35546875 0.009375 0.01484375
0 0.246875 0.38046875 0.0125 0.0171875
0 0.54296875 0.3171875 0.0078125 0.01015625
0 0.5171875 0.3171875 0.0078125 0.01015625
0 0.48125 0.3296875 0.0078125 0.01171875
0 0.36875 0.3421875 0.00703125 0.01171875
0 0.53046875 0.3171875 0.0078125 0.01015625
0 0.5859375 0.33515625 0.009375 0.01484375
0 0.4578125 0.31796875 0.00859375 0.01171875
0 0.9921875 0.60546875 0.0140625 0.06875
0 0.30390625 0.44375 0.021875 0.03359375
0 0.40546875 0.33046875 0.0078125 0.01015625
0 0.465625 0.3828125 0.01484375 0.025
0 0.709375 0.35546875 0.0125 0.0203125
0 0.73359375 0.45 0.01953125 0.03046875
0 0.54296875 0.375 0.01171875 0.0203125
0 0.35859375 0.3421875 0.00859375 0.01484375
0 0.5296875 0.34453125 0.00859375 0.01640625
0 0.49296875 0.31796875 0.00703125 0.00859375
0 0.6171875 0.34296875 0.009375 0.01328125
0 0.50625 0.31796875 0.00703125 0.00859375
0 0.4578125 0.67109375 0.04765625 0.06015625
0 0.43125 0.3296875 0.00703125 0.01171875
0 0.678125 0.37109375 0.0125 0.021875
0 0.3375 0.3359375 0.00703125 0.01328125
0 0.51328125 0.425 0.01484375 0.025
0 0.3703125 0.35703125 0.00859375 0.01484375
0 0.7078125 0.37421875 0.0140625 0.01875
0 0.71953125 0.40625 0.01640625 0.02734375
0 0.56875 0.3421875 0.00859375 0.01328125
0 0.37421875 0.32578125 0.0078125 0.01015625
0 0.24375 0.70703125 0.0640625 0.04921875
0 0.50625 0.3046875 0.00625 0.00859375
0 0.6671875 0.34375 0.009375 0.01484375
0 0.74765625 0.47890625 0.028125 0.0421875
0 0.49296875 0.30546875 0.00625 0.00703125
0 0.69453125 0.35625 0.01171875 0.01875
0 0.440625 0.3296875 0.00703125 0.01171875
0 0.28046875 0.3421875 0.0109375 0.0171875
0 0.48125 0.30546875 0.00625 0.00703125
0 0.93984375 0.52109375 0.03046875 0.0390625
0 0.359375 0.36796875 0.009375 0.01640625
0 0.23125 0.41875 0.01640625 0.021875