0 0.08125 0.4984375 0.01953125 0.02578125
0 0.0296875 0.53671875 0.0203125 0.03125
0 0.13125 0.54296875 0.01875 0.02578125
0 0.240625 0.6890625 0.0265625 0.04140625
0 0.75078125 0.50703125 0.01953125 0.025
0 0.25234375 0.46953125 0.01484375 0.021875
0 0.21796875 0.5296875 0.0171875 0.02578125
0 0.2484375 0.51015625 0.0171875 0.02578125
0 0.3953125 0.65 0.025 0.0390625
0 0.82734375 0.5203125 0.0234375 0.02734375
0 0.42734375 0.459375 0.0125 0.01796875
0 0.0890625 0.45625 0.015625 0.01953125
0 0.978125 0.4734375 0.0140625 0.021875
0 0.0171875 0.79765625 0.034375 0.071875
0 0.51875 0.440625 0.01171875 0.01953125
0 0.4296875 0.48828125 0.0140625 0.02109375
0 0.2171875 0.41796875 0.01171875 0.01796875
0 0.37890625 0.4078125 0.01171875 0.015625
0 0.040625 0.4296875 0.0109375 0.01328125
0 0.81640625 0.5921875 0.01953125 0.025
0 0.0578125 0.43046875 0.01171875 0.0140625
0 0.14609375 0.56875 0.02421875 0.03671875
0 0.99453125 0.47421875 0.00859375 0.0234375
0 0.20234375 0.76171875 0.04375 0.0625
0 0.22578125 0.4671875 0.01484375 0.0234375
0 0.04140625 0.4765625 0.01484375 0.02109375
0 0.203125 0.3921875 0.01171875 0.0171875
0 0.6390625 0.46796875 0.015625 0.025
0 0.36484375 0.45703125 0.0125 0.01796875
0 0.928125 0.38125 0.0109375 0.01171875
0 0.6671875 0.37578125 0.0109375 0.0171875
0 0.0671875 0.37578125 0.009375 0.0140625
0 0.51484375 0.38203125 0.009375 0.0140625
0 0.84140625 0.34453125 0.00859375 0.01171875
0 0.41875 0.38125 0.00859375 0.01171875
0 0.95546875 0.3796875 0.00859375 0.01171875
0 0.99375 0.43046875 0.0109375 0.0140625
0 0.26953125 0.6140625 0.0171875 0.02734375
0 0.89375 0.39375 0.0109375 0.01171875
0 0.35703125 0.40625 0.0109375 0.01328125
0 0.66875 0.31796875 0.00859375 0.01328125
0 0.96796875 0.3921875 0.0109375 0.01171875
0 0.39296875 0.3578125 0.00859375 0.01171875
0 0.09453125 0.41796875 0.0109375 0.01328125
0 0.7671875 0.4421875 0.0140625 0.01953125
0 0.44296875 0.38046875 0.00703125 0.01015625
0 0.3671875 0.3796875 0.009375 0.01171875
0 0.63046875 0.3546875 0.0109375 0.0140625
0 0.740625 0.34375 0.0109375 0.01015625
0 0.99453125 0.4046875 0.00859375 0.0140625
0 0.3296875 0.3921875 0.0109375 0.01328125
0 0.67890625 0.31875 0.00859375 0.01171875
0 0.215625 0.3734375 0.0125 0.0140625
0 0.99296875 0.3390625 0.0109375 0.0171875
0 0.03203125 0.38125 0.00859375 0.01015625
0 0.98359375 0.39296875 0.0109375 0.01328125
0 0.48125 0.3453125 0.00703125 0.01328125
0 0.04375 0.38125 0.009375 0.01171875
0 0.42890625 0.38125 0.00859375 0.01171875
0 0.49453125 0.3671875 0.00859375 0.01328125
0 0.9671875 0.34296875 0.009375 0.01171875
0 0.46171875 0.38671875 0.00859375 0.01328125
0 0.3421875 0.36875 0.00859375 0.01328125
0 0.11953125 0.39140625 0.00859375 0.01171875
0 0.39375 0.38125 0.0109375 0.01171875
0 0.70546875 0.34296875 0.00859375 0.01171875
0 0.21796875 0.43828125 0.0125 0.0171875
0 0.1453125 0.34453125 0.00859375 0.01171875
0 0.81953125 0.34296875 0.0078125 0.01171875
0 0.1625 0.4078125 0.0109375 0.015625
0 0.20234375 0.34296875 0.009375 0.01171875
0 0.359375 0.5125 0.0140625 0.01953125
0 0.90546875 0.39296875 0.0109375 0.01328125
0 0.68203125 0.3296875 0.00859375 0.01171875
0 0.02109375 0.43046875 0.0109375 0.0140625
0 0.96953125 0.41796875 0.009375 0.01328125
0 0.8671875 0.38125 0.009375 0.01015625
0 0.75703125 0.34375 0.0078125 0.0078125
0 0.82890625 0.35546875 0.009375 0.01328125
0 0.8796875 0.3921875 0.00859375 0.00625
0 0.7796875 0.33125 0.0078125 0.01171875
0 0.4921875 0.38125 0.0078125 0.01328125