0 0.45234375 0.70546875 0.03203125 0.04921875
0 0.384375 0.74375 0.03203125 0.04921875
0 0.76796875 0.50390625 0.0203125 0.03125
0 0.18515625 0.97109375 0.04609375 0.0546875
0 0.2953125 0.89453125 0.046875 0.07265625
0 0.67109375 0.49375 0.01640625 0.02578125
0 0.1796875 0.48828125 0.0140625 0.02109375
0 0.7484375 0.521875 0.0203125 0.03125
0 0.825 0.47421875 0.021875 0.03125
0 0.9265625 0.47421875 0.0171875 0.02578125
0 0.146875 0.46875 0.01171875 0.01796875
0 0.72109375 0.5015625 0.01484375 0.0234375
0 0.08359375 0.48125 0.0109375 0.0140625
0 0.9171875 0.4265625 0.01484375 0.021875
0 0.28203125 0.43046875 0.009375 0.0140625
0 0.665625 0.5515625 0.02265625 0.0328125
0 0.01796875 0.5046875 0.0109375 0.0171875
0 0.0265625 0.79296875 0.05078125 0.0703125
0 0.68828125 0.5015625 0.01484375 0.02109375
0 0.2078125 0.4328125 0.01171875 0.0171875
0 0.090625 0.43125 0.0109375 0.01328125
0 0.11484375 0.46328125 0.0109375 0.015625
0 0.23671875 0.48671875 0.0109375 0.01796875
0 0.1203125 0.49140625 0.01171875 0.0171875
0 0.0578125 0.48046875 0.00859375 0.01328125
0 0.00703125 0.56328125 0.0140625 0.025
0 0.23203125 0.4203125 0.0109375 0.0140625
0 0.1171875 0.4296875 0.009375 0.01328125
0 0.21953125 0.4890625 0.01171875 0.01953125
0 0.1796875 0.4046875 0.0078125 0.01015625
0 0.19375 0.3921875 0.00859375 0.01171875
0 0.13203125 0.4296875 0.009375 0.01328125
0 0.9921875 0.40703125 0.0140625 0.025
0 0.92109375 0.35546875 0.0125 0.01796875
0 0.51484375 0.41015625 0.009375 0.015625
0 0.96953125 0.36796875 0.01171875 0.0140625
0 0.88984375 0.3546875 0.01171875 0.0171875
0 0.21171875 0.4109375 0.00859375 0.0140625
0 0.3953125 0.39296875 0.009375 0.01328125
0 0.19296875 0.40625 0.00703125 0.01328125
0 0.4265625 0.44375 0.01171875 0.01953125
0 0.23125 0.3921875 0.0078125 0.01171875
0 0.67890625 0.4265625 0.0140625 0.01953125
0 0.23125 0.3796875 0.00703125 0.009375
0 0.06875 0.4046875 0.00703125 0.0078125
0 0.15625 0.36796875 0.0078125 0.00625
0 0.853125 0.36875 0.0109375 0.0140625
0 0.21171875 0.3625 0.00625 0.00625
0 0.13203125 0.46875 0.009375 0.01328125
0 0.30546875 0.428125 0.00859375 0.01328125
0 0.02109375 0.56875 0.01484375 0.01953125
0 0.415625 0.39296875 0.009375 0.01328125
0 0.57109375 0.33203125 0.0109375 0.015625
0 0.04375 0.41796875 0.00703125 0.0078125
0 0.2359375 0.3609375 0.00625 0.00625
0 0.18046875 0.38046875 0.00703125 0.0078125
0 0.43046875 0.35625 0.00703125 0.01171875
0 0.7875 0.52265625 0.02265625 0.0296875
0 0.17109375 0.46640625 0.0109375 0.01796875
0 0.28046875 0.39296875 0.00703125 0.01328125
0 0.11875 0.3796875 0.0078125 0.009375
0 0.24375 0.3921875 0.0078125 0.01171875
0 0.1796875 0.39296875 0.0078125 0.0078125
0 0.13125 0.38046875 0.00703125 0.0078125
0 0.0421875 0.503125 0.0109375 0.0140625
0 0.253125 0.4328125 0.00859375 0.0140625
0 0.065625 0.44453125 0.00859375 0.01171875
0 0.16875 0.3921875 0.00625 0.0078125
0 0.15625 0.38125 0.0078125 0.00625
0 0.11796875 0.4046875 0.00703125 0.0078125