0 0.2796875 0.42421875 0.0421875 0.06796875
0 0.45234375 0.10078125 0.0265625 0.04296875
0 0.1203125 0.16171875 0.0296875 0.04453125
0 0.75390625 0.01953125 0.0296875 0.0390625
0 0.98359375 0.15 0.03125 0.053125
0 0.04921875 0.31875 0.03984375 0.05625
0 0.3609375 0.42265625 0.0421875 0.0609375
0 0.6734375 0.09921875 0.028125 0.04140625
0 0.48359375 0.01796875 0.0265625 0.0359375
0 0.4546875 0.41875 0.04296875 0.06875
0 0.284375 0.0203125 0.02265625 0.0328125
0 0.41171875 0.2015625 0.03046875 0.0453125
0 0.3328125 0.0625 0.025 0.04140625
0 0.825 0.0296875 0.0296875 0.0390625
0 0.490625 0.103125 0.0265625 0.04296875
0 0.32734375 0.21875 0.03515625 0.0546875
0 0.1375 0.2515625 0.03984375 0.05703125
0 0.8734375 0.01171875 0.0296875 0.0234375
0 0.4234375 0.05703125 0.025 0.03671875
0 0.92890625 0.15078125 0.0328125 0.04921875
0 0.5859375 0.13125 0.0328125 0.04921875
0 0.1625 0.36796875 0.04375 0.0609375
0 0.228125 0.0421875 0.02421875 0.0375
0 0.12890625 0.0921875 0.025 0.040625
0 0.30234375 0.32265625 0.0421875 0.06015625
0 0.98125 0.053125 0.028125 0.04453125
0 0.18515625 0.0609375 0.0265625 0.04140625
0 0.03984375 0.0796875 0.03046875 0.0484375
0 0.365625 0.89765625 0.0625 0.0921875
0 0.165625 0.1390625 0.03125 0.0453125
0 0.38203125 0.08203125 0.02734375 0.03671875
0 0.68046875 0.00625 0.0265625 0.01171875