0 0.34296875 0.4328125 0.04375 0.0640625
0 0.8015625 0.2484375 0.03125 0.05078125
0 0.3328125 0.0640625 0.0171875 0.02890625
0 0.9890625 0.1375 0.0203125 0.0328125
0 0.88203125 0.21640625 0.034375 0.0546875
0 0.44609375 0.0609375 0.0171875 0.02890625
0 0.7796875 0.0921875 0.01640625 0.02578125
0 0.390625 0.01015625 0.015625 0.0203125
0 0.884375 0.4265625 0.059375 0.0765625
0 0.6171875 0.01953125 0.0140625 0.0234375
0 0.39921875 0.14921875 0.01875 0.0296875
0 0.38984375 0.178125 0.0234375 0.03671875
0 0.50078125 0.01953125 0.015625 0.0234375
0 0.3890625 0.04453125 0.0171875 0.02890625
0 0.10546875 0.01640625 0.0140625 0.01953125
0 0.95234375 0.12421875 0.02265625 0.0375
0 0.12890625 0.04140625 0.015625 0.0234375
0 0.53203125 0.0171875 0.01484375 0.0234375
0 0.31171875 0.0734375 0.01875 0.025
0 0.75390625 0.0765625 0.015625 0.02578125
0 0.21328125 0.12578125 0.02265625 0.03515625
0 0.45234375 0.16796875 0.025 0.03671875
0 0.978125 0.0109375 0.01953125 0.021875
0 0.9296875 0.103125 0.0171875 0.021875
0 0.25625 0.01953125 0.01640625 0.0234375
0 0.46640625 0.01953125 0.01484375 0.0234375
0 0.871875 0.00625 0.0125 0.0125
0 0.8953125 0.00625 0.0140625 0.01171875
0 0.1390625 0.16640625 0.02734375 0.04453125
0 0.4203125 0.01015625 0.015625 0.0203125
0 0.325 0.10703125 0.0171875 0.0234375
0 0.009375 0.2046875 0.01875 0.0453125
0 0.07734375 0.01875 0.0140625 0.01953125
0 0.38984375 0.0875 0.01953125 0.03125
0 0.0390625 0.03515625 0.0140625 0.02109375
0 0.575 0.0265625 0.01484375 0.021875
0 0.178125 0.02578125 0.01875 0.0234375
0 0.01953125 0.07421875 0.015625 0.02578125
0 0.3078125 0.09921875 0.01953125 0.03125
0 0.2171875 0.0171875 0.0140625 0.01953125
0 0.040625 0.06875 0.01640625 0.02890625
0 0.32109375 0.15546875 0.02421875 0.0328125
0 0.63125 0.00703125 0.0125 0.0140625
0 0.01484375 0.11875 0.0203125 0.0296875
0 0.7609375 0.13125 0.015625 0.01953125
0 0.57890625 0.00625 0.015625 0.01171875
0 0.12734375 0.00625 0.0125 0.01171875
0 0.60234375 0.05390625 0.0140625 0.01953125
0 0.20234375 0.04375 0.01640625 0.025
0 0.66875 0.0296875 0.0140625 0.01953125
0 0.56015625 0.00546875 0.01484375 0.01015625
0 0.18125 0.00625 0.015625 0.0125