0 0.465625 0.03046875 0.01875 0.025
0 0.09765625 0.33515625 0.0328125 0.0484375
0 0.415625 0.01796875 0.01484375 0.0234375
0 0.59140625 0.3078125 0.034375 0.053125
0 0.265625 0.1421875 0.01953125 0.02890625
0 0.24765625 0.0828125 0.01484375 0.021875
0 0.13984375 0.24453125 0.0296875 0.04140625
0 0.0796875 0.56171875 0.059375 0.0765625
0 0.76953125 0.18125 0.0296875 0.04296875
0 0.85859375 0.4 0.04296875 0.05703125
0 0.68671875 0.3359375 0.0390625 0.05703125
0 0.93828125 0.1671875 0.0328125 0.0484375
0 0.065625 0.06796875 0.01640625 0.0234375
0 0.3875 0.5796875 0.0546875 0.07265625
0 0.3828125 0.11875 0.0171875 0.0296875
0 0.36875 0.09296875 0.01875 0.025
0 0.22265625 0.3109375 0.025 0.03515625
0 0.7484375 0.0171875 0.0203125 0.03125
0 0.47578125 0.55 0.05625 0.0921875
0 0.546875 0.41171875 0.0453125 0.0703125
0 0.34921875 0.1421875 0.0203125 0.03125
0 0.07734375 0.72578125 0.06875 0.0921875
0 0.0640625 0.2203125 0.0328125 0.046875
0 0.6734375 0.26640625 0.0328125 0.053125
0 0.03515625 0.20625 0.025 0.0328125
0 0.44453125 0.0234375 0.015625 0.0234375
0 0.56953125 0.01875 0.01953125 0.0296875
0 0.4921875 0.16328125 0.0234375 0.0375
0 0.2234375 0.53515625 0.05859375 0.09140625
0 0.16328125 0.0578125 0.0140625 0.01953125
0 0.628125 0.046875 0.0203125 0.03359375
0 0.803125 0.11328125 0.0265625 0.0390625
0 0.9890625 0.20546875 0.0203125 0.04921875
0 0.2984375 0.134375 0.01953125 0.02734375
0 0.97109375 0.1515625 0.03046875 0.04296875
0 0.215625 0.11796875 0.01484375 0.01953125
0 0.2703125 0.06875 0.0140625 0.02109375
0 0.240625 0.02265625 0.0125 0.01953125
0 0.07734375 0.0375 0.01484375 0.0234375
0 0.4953125 0.03046875 0.0171875 0.025
0 0.1578125 0.115625 0.01640625 0.02890625
0 0.1203125 0.084375 0.01953125 0.0234375
0 0.4609375 0.11796875 0.021875 0.0328125
0 0.19453125 0.1109375 0.01953125 0.02890625
0 0.7125 0.1109375 0.0234375 0.03359375
0 0.62265625 0.009375 0.0171875 0.01875
0 0.915625 0.05 0.0203125 0.0296875
0 0.23984375 0.178125 0.02265625 0.03671875
0 0.3296875 0.03671875 0.0140625 0.01796875
0 0.1015625 0.08125 0.0171875 0.025
0 0.21953125 0.0953125 0.015625 0.02109375
0 0.546875 0.009375 0.021875 0.01875
0 0.19140625 0.0125 0.0140625 0.01953125
0 0.2109375 0.04140625 0.0140625 0.02109375
0 0.95 0.0375 0.0203125 0.0296875
0 0.4953125 0.0078125 0.015625 0.015625
0 0.9625 0.21015625 0.0328125 0.05078125
0 0.43125 0.11640625 0.0171875 0.02734375
0 0.38515625 0.00703125 0.01484375 0.0140625
0 0.4046875 0.04375 0.015625 0.025
0 0.9125 0.00625 0.0203125 0.01171875
0 0.39609375 0.0203125 0.01484375 0.021875
0 0.2046875 0.0796875 0.015625 0.01953125
0 0.321875 0.0109375 0.01484375 0.01953125
0 0.30625 0.00703125 0.0125 0.0140625
0 0.80703125 0.009375 0.0234375 0.01875
0 0.17734375 0.09296875 0.01484375 0.01953125
0 0.0078125 0.1140625 0.015625 0.0296875
0 0.196875 0.05546875 0.0140625 0.01953125
0 0.353125 0.04296875 0.0140625 0.0234375
0 0.9921875 0.2625 0.0140625 0.0484375
0 0.7140625 0.00625 0.01953125 0.01171875
0 0.29375 0.01953125 0.0125 0.01796875
0 0.28046875 0.11875 0.01875 0.02578125
0 0.065625 0.1234375 0.01640625 0.0234375
0 0.859375 0.00546875 0.021875 0.01015625
0 0.50234375 0.48828125 0.01875 0.02578125
0 0.14609375 0.0796875 0.01875 0.0234375
0 0.303125 0.046875 0.0125 0.01796875