0 0.46796875 0.0578125 0.0125 0.01953125
0 0.18046875 0.2390625 0.0203125 0.0296875
0 0.5328125 0.06796875 0.0140625 0.02109375
0 0.81171875 0.1640625 0.03046875 0.0390625
0 0.7796875 0.21015625 0.0296875 0.04296875
0 0.4890625 0.2328125 0.0234375 0.03515625
0 0.04765625 0.27265625 0.0203125 0.0328125
0 0.8046875 0.09296875 0.01953125 0.0296875
0 0.13125 0.31640625 0.02265625 0.03125
0 0.84296875 0.115625 0.02421875 0.03359375
0 0.61328125 0.0859375 0.015625 0.02578125
0 0.72265625 0.14921875 0.0234375 0.0296875
0 0.50546875 0.0640625 0.0125 0.02109375
0 0.4609375 0.1953125 0.021875 0.03359375
0 0.6546875 0.0484375 0.01484375 0.0234375
0 0.49453125 0.2734375 0.0203125 0.03671875
0 0.9640625 0.11875 0.021875 0.0328125
0 0.44453125 0.046875 0.01171875 0.01796875
0 0.50234375 0.11796875 0.01875 0.025
0 0.3109375 0.13125 0.01640625 0.0234375
0 0.290625 0.1625 0.01875 0.025
0 0.3265625 0.165625 0.0171875 0.0296875
0 0.365625 0.13125 0.01484375 0.025
0 0.7671875 0.05625 0.0171875 0.02578125
0 0.0171875 0.3515625 0.0296875 0.03671875
0 0.25859375 0.18046875 0.01953125 0.0296875
0 0.825 0.2890625 0.0265625 0.04453125
0 0.85625 0.0765625 0.0203125 0.02734375
0 0.82890625 0.025 0.015625 0.0234375
0 0.671875 0.44453125 0.040625 0.0609375
0 0.609375 0.209375 0.025 0.04140625
0 0.5453125 0.1421875 0.021875 0.0296875
0 0.51484375 0.19375 0.0203125 0.03125
0 0.9296875 0.02265625 0.015625 0.021875
0 0.42109375 0.0953125 0.0140625 0.02109375
0 0.39296875 0.1796875 0.01875 0.02578125
0 0.58046875 0.175 0.02265625 0.02734375
0 0.7515625 0.00625 0.015625 0.0125
0 0.54609375 0.03828125 0.0125 0.01953125
0 0.5296875 0.275 0.0265625 0.0390625
0 0.41875 0.04296875 0.01171875 0.01796875
0 0.35234375 0.2125 0.01953125 0.0328125
0 0.225 0.29921875 0.025 0.03671875
0 0.85078125 0.18671875 0.028125 0.0328125
0 0.21953125 0.26640625 0.01875 0.0296875
0 0.43125 0.171875 0.0171875 0.03125
0 0.309375 0.290625 0.0171875 0.02734375
0 0.3078125 0.05078125 0.01171875 0.01796875
0 0.01015625 0.26796875 0.0203125 0.03671875
0 0.5640625 0.09453125 0.01640625 0.025
0 0.7109375 0.0484375 0.015625 0.0234375
0 0.72890625 0.06328125 0.01484375 0.021875
0 0.5875 0.103125 0.01484375 0.025
0 0.40390625 0.05078125 0.0109375 0.01796875
0 0.434375 0.08125 0.0125 0.01953125
0 0.65703125 0.16171875 0.0234375 0.03125
0 0.55390625 0.00625 0.0140625 0.0125
0 0.8078125 0.02421875 0.01640625 0.025
0 0.1421875 0.24921875 0.0234375 0.0328125
0 0.69296875 0.00625 0.0140625 0.0125
0 0.18125 0.1796875 0.01875 0.0234375
0 0.6265625 0.00625 0.0125 0.0125
0 0.67109375 0.1390625 0.0203125 0.02734375
0 0.3640625 0.0578125 0.01171875 0.01953125
0 0.20390625 0.0875 0.0140625 0.01953125
0 0.79375 0.0625 0.0171875 0.02578125
0 0.0890625 0.27890625 0.02265625 0.03125
0 0.4921875 0.00625 0.01171875 0.01171875
0 0.43046875 0.00625 0.0125 0.01171875
0 0.3046875 0.0171875 0.009375 0.015625
0 0.771875 0.125 0.0203125 0.03125
0 0.00625 0.11875 0.0125 0.01796875
0 0.22890625 0.0296875 0.0109375 0.01328125
0 0.19453125 0.34375 0.021875 0.03125
0 0.053125 0.0984375 0.01171875 0.0171875
0 0.2078125 0.03203125 0.009375 0.0140625
0 0.278125 0.0796875 0.0125 0.0171875
0 0.3203125 0.32421875 0.021875 0.03125
0 0.57890625 0.00625 0.0140625 0.01171875
0 0.51640625 0.1609375 0.015625 0.02734375
0 0.34765625 0.16640625 0.015625 0.02578125
0 0.35625 0.0359375 0.0109375 0.0171875
0 0.26875 0.0296875 0.0109375 0.01328125
0 0.86953125 0.00625 0.0140625 0.0125
0 0.34453125 0.00625 0.0109375 0.01171875
0 0.64453125 0.01015625 0.0140625 0.0203125
0 0.253125 0.0328125 0.00859375 0.015625
0 0.2265625 0.08046875 0.0140625 0.01796875
0 0.2796875 0.05390625 0.0109375 0.0171875
0 0.4671875 0.00625 0.01171875 0.01171875
0 0.36875 0.00625 0.0125 0.0125
0 0.45234375 0.01796875 0.0109375 0.01796875
0 0.0921875 0.11640625 0.01171875 0.0171875
0 0.0046875 0.2140625 0.00859375 0.025
0 0.296875 0.10390625 0.0140625 0.01796875
0 0.19140625 0.03125 0.009375 0.01328125
0 0.528125 0.00625 0.0125 0.01171875
0 0.09140625 0.75 0.034375 0.04921875
0 0.66875 0.0546875 0.0140625 0.02109375
0 0.37734375 0.03203125 0.0125 0.0171875
0 0.70703125 0.02265625 0.015625 0.01953125
0 0.1796875 0.0171875 0.009375 0.015625
0 0.509375 0.36875 0.02265625 0.0328125
0 0.33125 0.00625 0.0109375 0.01171875
0 0.290625 0.04375 0.0109375 0.0171875
0 0.2390625 0.09765625 0.01171875 0.01796875
0 0.67109375 0.19453125 0.01640625 0.02734375
0 0.28203125 0.01953125 0.00859375 0.015625
0 0.29296875 0.075 0.01171875 0.0171875
0 0.95 0.05390625 0.0171875 0.025
0 0.1828125 0.04296875 0.009375 0.01328125
0 0.2703125 0.00625 0.009375 0.0125
0 0.0046875 0.0546875 0.00859375 0.015625
0 0.4328125 0.13125 0.015625 0.01953125
0 0.25703125 0.01796875 0.0078125 0.01328125
0 0.31640625 0.0296875 0.009375 0.0140625
0 0.16640625 0.0171875 0.0109375 0.0140625
0 0.07734375 0.20625 0.01640625 0.01953125
0 0.2171875 0.05625 0.0109375 0.0171875
0 0.1546875 0.01796875 0.0078125 0.01328125
0 0.14609375 0.10078125 0.0125 0.0171875
0 0.1703125 0.03203125 0.0109375 0.0140625
0 0.71953125 0.00625 0.015625 0.01171875
0 0.27109375 0.1453125 0.01484375 0.01953125
0 0.3546875 0.01796875 0.009375 0.01328125
0 0.15390625 0.04453125 0.00859375 0.015625
0 0.2171875 0.03203125 0.0078125 0.0140625
0 0.19453125 0.0671875 0.01171875 0.0140625
0 0.1703125 0.28046875 0.021875 0.0328125
0 0.32734375 0.04140625 0.0109375 0.015625
0 0.1578125 0.125 0.01484375 0.01796875
0 0.396875 0.01328125 0.01171875 0.01796875
0 0.9046875 0.00625 0.0140625 0.01171875
0 0.0171875 0.0546875 0.0109375 0.01328125
0 0.63359375 0.065625 0.0171875 0.025
0 0.26484375 0.0984375 0.0125 0.01953125
0 0.85859375 0.03515625 0.01640625 0.0234375
0 0.5078125 0.0296875 0.009375 0.01796875
0 0.0421875 0.0546875 0.0109375 0.01328125