0 0.4359375 0.275 0.02421875 0.0390625
0 0.29375 0.59453125 0.0359375 0.053125
0 0.21953125 0.44296875 0.0359375 0.04921875
0 0.3734375 0.5875 0.040625 0.0609375
0 0.16953125 0.240625 0.01484375 0.02109375
0 0.56875 0.3265625 0.02265625 0.03359375
0 0.06328125 0.61015625 0.040625 0.053125
0 0.1671875 0.74765625 0.046875 0.06484375
0 0.5921875 0.1734375 0.01953125 0.0296875
0 0.3890625 0.1875 0.01484375 0.02578125
0 0.665625 0.23046875 0.01640625 0.0234375
0 0.70859375 0.23203125 0.0203125 0.03125
0 0.3578125 0.19140625 0.01484375 0.0234375
0 0.47578125 0.1546875 0.0140625 0.01953125
0 0.56328125 0.14921875 0.015625 0.025
0 0.0921875 0.28046875 0.01953125 0.025
0 0.159375 0.2046875 0.01640625 0.01953125
0 0.278125 0.2 0.01484375 0.025
0 0.5125 0.1484375 0.01484375 0.02109375
0 0.5265625 0.1625 0.01640625 0.025
0 0.321875 0.21015625 0.01640625 0.021875
0 0.2015625 0.21015625 0.0171875 0.021875
0 0.6265625 0.209375 0.0171875 0.02578125
0 0.29609375 0.16640625 0.0125 0.02109375
0 0.4609375 0.115625 0.01171875 0.01796875
0 0.3140625 0.18671875 0.0140625 0.01953125
0 0.465625 0.0921875 0.0109375 0.0140625
0 0.178125 0.209375 0.01484375 0.01796875
0 0.57734375 0.08125 0.01171875 0.0140625
0 0.63203125 0.0296875 0.0078125 0.01015625
0 0.5921875 0.0421875 0.00859375 0.01171875
0 0.30234375 0.2046875 0.01484375 0.0234375
0 0.2828125 0.0796875 0.0109375 0.0140625
0 0.0125 0.6109375 0.025 0.0390625
0 0.8046875 0.0140625 0.009375 0.0171875
0 0.31640625 0.115625 0.009375 0.01328125
0 0.63984375 0.07578125 0.01171875 0.015625
0 0.5296875 0.0421875 0.0078125 0.01171875
0 0.48125 0.0171875 0.0078125 0.01171875
0 0.56171875 0.0375 0.00703125 0.01171875
0 0.3328125 0.10625 0.00859375 0.01171875
0 0.83203125 0.00625 0.0109375 0.0125
0 0.61796875 0.0296875 0.00703125 0.0078125
0 0.3703125 0.03203125 0.0078125 0.01171875
0 0.60625 0.03203125 0.00703125 0.01171875
0 0.840625 0.0359375 0.0109375 0.0171875
0 0.49375 0.05390625 0.00703125 0.01171875
0 0.45234375 0.01796875 0.00859375 0.01328125
0 0.35625 0.04296875 0.0078125 0.01328125
0 0.3421875 0.046875 0.0078125 0.01328125
0 0.4796875 0.05390625 0.009375 0.0140625
0 0.34453125 0.10390625 0.00859375 0.01328125
0 0.58046875 0.03125 0.00703125 0.01015625
0 0.66328125 0.1390625 0.0140625 0.01953125
0 0.53046875 0.0046875 0.00703125 0.009375
0 0.50390625 0.0171875 0.0078125 0.01171875
0 0.31796875 0.0171875 0.00703125 0.01015625
0 0.6421875 0.03046875 0.0078125 0.01171875