0 0.834375 0.5484375 0.0421875 0.06484375
0 0.1828125 0.2953125 0.03515625 0.05859375
0 0.978125 0.64140625 0.0421875 0.07421875
0 0.71953125 0.2734375 0.03515625 0.0546875
0 0.234375 0.32265625 0.03515625 0.0546875
0 0.353125 0.3390625 0.03984375 0.053125
0 0.9734375 0.2140625 0.0328125 0.04296875
0 0.31875 0.39765625 0.03984375 0.05625
0 0.33203125 0.109375 0.021875 0.03359375
0 0.5515625 0.3875 0.034375 0.05625
0 0.190625 0.0109375 0.01875 0.021875
0 0.515625 0.1421875 0.01953125 0.0328125
0 0.07734375 0.0625 0.02265625 0.02578125
0 0.69140625 0.22578125 0.0328125 0.05078125
0 0.68671875 0.30625 0.03828125 0.05625
0 0.32109375 0.15546875 0.025 0.0375
0 0.715625 0.38828125 0.04375 0.04921875
0 0.60859375 0.06171875 0.0171875 0.0296875
0 0.884375 0.290625 0.0375 0.05078125
0 0.240625 0.0671875 0.01953125 0.0296875
0 0.6140625 0.225 0.025 0.0390625
0 0.57734375 0.4796875 0.04375 0.06640625
0 0.40390625 0.11953125 0.01640625 0.02890625
0 0.0640625 0.2140625 0.034375 0.0453125
0 0.853125 0.065625 0.02265625 0.0328125
0 0.7015625 0.44140625 0.0453125 0.06015625
0 0.08359375 0.12421875 0.02421875 0.0375
0 0.9328125 0.1265625 0.021875 0.03125
0 0.17109375 0.0390625 0.0171875 0.02578125
0 0.28203125 0.0171875 0.01484375 0.0234375
0 0.01328125 0.4671875 0.0265625 0.0625
0 0.03828125 0.26796875 0.02734375 0.03671875
0 0.90859375 0.225 0.0265625 0.0390625
0 0.540625 0.27578125 0.0328125 0.04921875
0 0.12421875 0.1375 0.0234375 0.0375
0 0.6609375 0.1890625 0.0296875 0.04921875
0 0.18359375 0.13671875 0.0234375 0.03671875
0 0.74453125 0.10703125 0.0203125 0.03125
0 0.14296875 0.109375 0.0203125 0.02890625
0 0.46953125 0.01640625 0.015625 0.025
0 0.43046875 0.0921875 0.0171875 0.0328125
0 0.9703125 0.15 0.02734375 0.0328125
0 0.2875 0.1171875 0.01953125 0.03671875
0 0.3375 0.05625 0.01875 0.02578125
0 0.79375 0.071875 0.01953125 0.0296875
0 0.3359375 0.0140625 0.015625 0.02578125
0 0.50859375 0.11328125 0.01953125 0.02890625
0 0.38984375 0.021875 0.0171875 0.03125
0 0.565625 0.0796875 0.01875 0.03125
0 0.584375 0.0828125 0.01484375 0.02734375
0 0.25078125 0.00859375 0.015625 0.0171875
0 0.35625 0.00625 0.01484375 0.01171875
0 0.25546875 0.0375 0.01875 0.025
0 0.409375 0.00625 0.01875 0.0125
0 0.26640625 0.00625 0.0140625 0.0125
0 0.77734375 0.1109375 0.0171875 0.0296875
0 0.3109375 0.0140625 0.015625 0.02578125
0 0.4890625 0.1046875 0.0171875 0.025
0 0.44453125 0.16796875 0.021875 0.03125
0 0.703125 0.00546875 0.0140625 0.01015625
0 0.01015625 0.38671875 0.0203125 0.0625
0 0.52578125 0.01328125 0.01640625 0.02578125
0 0.253125 0.12421875 0.02265625 0.0375
0 0.95859375 0.190625 0.03515625 0.046875