0 0.7140625 0.2640625 0.0203125 0.0296875
0 0.7453125 0.31171875 0.02421875 0.0375
0 0.07734375 0.33671875 0.02734375 0.0375
0 0.68046875 0.3078125 0.0203125 0.0328125
0 0.21171875 0.6921875 0.04609375 0.05859375
0 0.33671875 0.428125 0.03203125 0.04453125
0 0.79765625 0.30078125 0.021875 0.03125
0 0.234375 0.3 0.0234375 0.0328125
0 0.290625 0.68203125 0.04609375 0.0625
0 0.36484375 0.6859375 0.04765625 0.0703125
0 0.17890625 0.38828125 0.0296875 0.04140625
0 0.88046875 0.1421875 0.0125 0.01796875
0 0.7359375 0.3625 0.02734375 0.0375
0 0.3671875 0.39140625 0.02734375 0.040625
0 0.59609375 0.25703125 0.01875 0.02734375
0 0.35 0.79453125 0.04296875 0.06796875
0 0.6296875 0.51796875 0.0453125 0.0625
0 0.88984375 0.30625 0.02421875 0.0328125
0 0.65859375 0.23828125 0.01875 0.02578125
0 0.57890625 0.1984375 0.015625 0.01953125
0 0.97578125 0.240625 0.021875 0.03125
0 0.18828125 0.3265625 0.0265625 0.03671875
0 0.246875 0.4046875 0.0328125 0.04453125
0 0.5703125 0.134375 0.009375 0.0171875
0 0.98359375 0.15625 0.01484375 0.02109375
0 0.45 0.78203125 0.0453125 0.07421875
0 0.14375 0.23203125 0.01953125 0.02578125
0 0.865625 0.2328125 0.0203125 0.0296875
0 0.840625 0.37578125 0.01875 0.02734375
0 0.103125 0.30625 0.0203125 0.02734375
0 0.90703125 0.13125 0.0125 0.01953125
0 0.91328125 0.15625 0.015625 0.02109375
0 0.05703125 0.15703125 0.01484375 0.01953125
0 0.7359375 0.75625 0.0609375 0.0765625
0 0.884375 0.19453125 0.01640625 0.025
0 0.67109375 0.14453125 0.01171875 0.01796875
0 0.6625 0.1765625 0.01484375 0.025
0 0.1765625 0.2140625 0.0171875 0.021875
0 0.509375 0.16171875 0.0125 0.02109375
0 0.92890625 0.146875 0.0140625 0.01796875
0 0.80078125 0.14921875 0.0140625 0.01953125
0 0.82734375 0.175 0.01484375 0.01953125
0 0.9421875 0.1609375 0.0140625 0.01953125
0 0.0765625 0.24296875 0.015625 0.025
0 0.11484375 0.1625 0.01484375 0.01953125
0 0.6171875 0.1859375 0.0140625 0.01953125
0 0.0046875 0.35 0.009375 0.0328125
0 0.178125 0.2984375 0.0203125 0.02578125
0 0.7453125 0.1421875 0.01171875 0.015625
0 0.94609375 0.10625 0.01171875 0.0171875
0 0.55078125 0.20390625 0.015625 0.021875
0 0.14140625 0.11953125 0.009375 0.015625
0 0.1984375 0.2171875 0.0171875 0.02578125
0 0.8546875 0.11953125 0.0109375 0.015625
0 0.69140625 0.10625 0.009375 0.0140625
0 0.14296875 0.1640625 0.01484375 0.02109375
0 0.065625 0.134375 0.0109375 0.0171875
0 0.0828125 0.10546875 0.009375 0.01328125
0 0.70859375 0.115625 0.0109375 0.015625
0 0.16484375 0.1890625 0.01484375 0.02109375
0 0.203125 0.1125 0.01171875 0.0140625
0 0.02265625 0.20390625 0.01484375 0.021875
0 0.884375 0.11796875 0.01171875 0.0171875
0 0.0046875 0.31796875 0.009375 0.03125
0 0.83046875 0.11875 0.00859375 0.0140625
0 0.96875 0.1578125 0.0140625 0.01796875
0 0.1203125 0.11875 0.009375 0.01328125
0 0.81875 0.11796875 0.00859375 0.01171875
0 0.065625 0.11875 0.0109375 0.01328125
0 0.0921875 0.10546875 0.00859375 0.01328125
0 0.5296875 0.1578125 0.01171875 0.01796875
0 0.63203125 0.0796875 0.0078125 0.01015625
0 0.84296875 0.10390625 0.00703125 0.01328125
0 0.73125 0.134375 0.0109375 0.0140625
0 0.053125 0.19375 0.0125 0.01796875
0 0.040625 0.1765625 0.01484375 0.01953125
0 0.0859375 0.1375 0.01171875 0.0171875
0 0.8296875 0.1046875 0.0078125 0.01171875
0 0.20546875 0.08125 0.00859375 0.01171875
0 0.60390625 0.08828125 0.0109375 0.01328125
0 0.66875 0.11953125 0.009375 0.015625
0 0.86875 0.103125 0.0109375 0.01171875
0 0.0046875 0.2046875 0.00859375 0.0234375
0 0.51796875 0.08203125 0.00859375 0.01328125
0 0.13125 0.1421875 0.01171875 0.015625
0 0.7421875 0.11875 0.009375 0.01328125
0 0.11875 0.0921875 0.00703125 0.01171875
0 0.6671875 0.10390625 0.009375 0.01328125
0 0.55234375 0.13125 0.0109375 0.01328125
0 0.15546875 0.0796875 0.00703125 0.01171875
0 0.64296875 0.06875 0.00703125 0.01015625
0 0.66796875 0.06875 0.0078125 0.01171875
0 0.59296875 0.06796875 0.0078125 0.01015625
0 0.18046875 0.04296875 0.00703125 0.0078125
0 0.24140625 0.0796875 0.00859375 0.01328125
0 0.23125 0.0421875 0.00703125 0.009375
0 0.06875 0.0796875 0.00625 0.01015625
0 0.54375 0.06796875 0.00703125 0.0078125
0 0.21796875 0.06875 0.0078125 0.01015625
0 0.59453125 0.190625 0.0140625 0.01953125
0 0.71875 0.05546875 0.0078125 0.00625
0 0.13203125 0.0796875 0.0078125 0.01171875
0 0.16796875 0.12265625 0.01171875 0.015625
0 0.1421875 0.05546875 0.00625 0.00625
0 0.76796875 0.10546875 0.00859375 0.01328125
0 0.00703125 0.17890625 0.0140625 0.0171875
0 0.0265625 0.36171875 0.02734375 0.03125
0 0.75859375 0.14375 0.0109375 0.0140625
0 0.79296875 0.10625 0.0078125 0.01171875
0 0.18671875 0.10703125 0.0109375 0.015625
0 0.79375 0.09296875 0.0078125 0.01171875
0 0.81328125 0.134375 0.0109375 0.0171875
0 0.5921875 0.08203125 0.00859375 0.01328125
0 0.08046875 0.05625 0.00703125 0.01171875
0 0.7421875 0.10546875 0.0078125 0.01328125
0 0.16875 0.0796875 0.00703125 0.0078125
0 0.16875 0.06875 0.00625 0.00625
0 0.16875 0.05546875 0.00703125 0.00625
0 0.103125 0.1203125 0.009375 0.0140625
0 0.19296875 0.08046875 0.00703125 0.01328125
0 0.19375 0.05625 0.00703125 0.0078125
0 0.15546875 0.06875 0.00703125 0.00625
0 0.5328125 0.11875 0.0109375 0.01328125
0 0.63125 0.05546875 0.00703125 0.00625
0 0.7765625 0.15703125 0.0109375 0.0171875
0 0.66875 0.0546875 0.00703125 0.0078125
0 0.14296875 0.08046875 0.00703125 0.0078125
0 0.18046875 0.06875 0.00703125 0.0078125
0 0.54296875 0.0796875 0.0078125 0.01171875
0 0.19375 0.06796875 0.00703125 0.0078125
0 0.5703125 0.2484375 0.0140625 0.02109375
0 0.68125 0.06875 0.00703125 0.01171875
0 0.54375 0.09296875 0.00859375 0.01171875
0 0.55546875 0.06796875 0.00625 0.0078125
0 0.5671875 0.06796875 0.0078125 0.0078125
0 0.8125 0.08671875 0.0078125 0.01171875
0 0.05234375 0.25546875 0.01640625 0.02578125
0 0.065625 0.1046875 0.00859375 0.01171875
0 0.50625 0.1296875 0.0109375 0.0171875
0 0.09765625 0.2515625 0.015625 0.0234375
0 0.8875 0.1625 0.015625 0.01796875
0 0.6171875 0.06875 0.0078125 0.0078125
0 0.1421875 0.09296875 0.0078125 0.01171875
0 0.5796875 0.04296875 0.00625 0.0078125
0 0.16953125 0.09296875 0.0109375 0.01171875
0 0.6828125 0.0796875 0.0078125 0.01171875
0 0.60625 0.05546875 0.00703125 0.00625
0 0.60625 0.06875 0.00703125 0.01171875
0 0.12421875 0.075 0.0078125 0.01171875
0 0.61796875 0.05546875 0.00703125 0.00625
0 0.5859375 0.03671875 0.00625 0.0078125
0 0.64296875 0.04296875 0.00703125 0.0078125
0 0.046875 0.13125 0.009375 0.0140625
0 0.0578125 0.05390625 0.0078125 0.01171875
0 0.20625 0.06875 0.00625 0.0078125
0 0.13203125 0.0921875 0.0078125 0.01015625
0 0.10625 0.0796875 0.00703125 0.01171875
0 0.55546875 0.0796875 0.00703125 0.01171875
0 0.69375 0.04375 0.00625 0.00625
0 0.70546875 0.04296875 0.00703125 0.0078125
0 0.7046875 0.05625 0.00625 0.0078125
0 0.73125 0.11875 0.0078125 0.01328125
0 0.8296875 0.1421875 0.01171875 0.015625
0 0.74296875 0.0546875 0.00703125 0.0078125
0 0.6921875 0.12890625 0.009375 0.015625
0 0.15546875 0.04296875 0.0078125 0.0078125
0 0.69375 0.05390625 0.00625 0.009375
0 0.5375 0.03671875 0.00625 0.0078125
0 0.59296875 0.04375 0.00703125 0.00625
0 0.84296875 0.12265625 0.00703125 0.015625
0 0.5546875 0.05625 0.00625 0.0078125
0 0.73125 0.0421875 0.00625 0.009375
0 0.7171875 0.09375 0.00859375 0.01328125
0 0.55546875 0.03046875 0.00703125 0.00625
0 0.11796875 0.05625 0.00703125 0.0078125
0 0.8046875 0.09296875 0.0078125 0.01171875
0 0.5859375 0.13671875 0.01171875 0.01796875
0 0.6421875 0.05546875 0.00625 0.00625
0 0.1421875 0.06875 0.00625 0.00625
0 0.66875 0.04375 0.00625 0.00625
0 0.128125 0.04296875 0.00703125 0.0078125
0 0.75390625 0.10546875 0.0078125 0.01328125
0 0.71875 0.06875 0.0078125 0.0078125
0 0.56171875 0.03671875 0.00703125 0.0078125
0 0.8390625 0.0875 0.0078125 0.01328125
0 0.63125 0.04375 0.00625 0.00625
0 0.24296875 0.05625 0.00703125 0.01171875
0 0.59296875 0.05546875 0.00703125 0.00625
0 0.55546875 0.04296875 0.0046875 0.0078125
0 0.61796875 0.04375 0.00625 0.00625
0 0.59296875 0.0171875 0.00703125 0.00625
0 0.56875 0.05546875 0.00625 0.00625
0 0.64296875 0.18828125 0.0125 0.01953125
0 0.70546875 0.06796875 0.00703125 0.01015625
0 0.71796875 0.04375 0.00703125 0.00625
0 0.5796875 0.03046875 0.00625 0.00625
0 0.65546875 0.0546875 0.0078125 0.0078125
0 0.6546875 0.10546875 0.0078125 0.01328125
0 0.60625 0.04375 0.00625 0.00625
0 0.07734375 0.196875 0.0125 0.0171875
0 0.78046875 0.10546875 0.00703125 0.01328125
0 0.54375 0.05625 0.00703125 0.0078125
0 0.5359375 0.13828125 0.009375 0.01796875
0 0.1203125 0.10546875 0.00859375 0.01328125
0 0.77421875 0.075 0.00703125 0.01171875
0 0.6125 0.0375 0.00625 0.00625
0 0.56875 0.03046875 0.00625 0.00625
0 0.53125 0.06796875 0.0078125 0.01015625
0 0.68046875 0.04375 0.00625 0.00625
0 0.76796875 0.11875 0.00859375 0.01328125
0 0.16796875 0.04375 0.00625 0.00625
0 0.6375 0.0375 0.00625 0.00625
0 0.78671875 0.1375 0.0109375 0.0140625
0 0.1546875 0.0921875 0.00859375 0.01015625
0 0.63125 0.03046875 0.00625 0.00625
0 0.13125 0.1046875 0.00859375 0.01171875
0 0.2375 0.1109375 0.0109375 0.0171875
0 0.06875 0.06875 0.00703125 0.0078125
0 0.7421875 0.04453125 0.00625 0.0078125
0 0.59296875 0.03046875 0.00703125 0.00625
0 0.65390625 0.13046875 0.0109375 0.01796875
0 0.65546875 0.06953125 0.0078125 0.01171875
0 0.0921875 0.04375 0.00703125 0.01171875