1 0.49921875 0.4984375 0.9890625 0.98203125
1 0.46171875 0.525 0.03671875 0.07265625
1 0.1171875 0.67421875 0.04375 0.0796875
1 0.6078125 0.81171875 0.04140625 0.0796875
1 0.50859375 0.8875 0.05234375 0.09453125
1 0.20546875 0.8625 0.05 0.1015625
1 0.60625 0.68671875 0.0390625 0.08359375
1 0.4203125 0.42578125 0.03671875 0.07578125
1 0.64921875 0.49453125 0.03671875 0.07578125
1 0.2921875 0.56484375 0.05 0.08671875
1 0.75546875 0.8765625 0.0453125 0.09453125
1 0.29453125 0.77890625 0.04140625 0.0796875
1 0.46484375 0.7484375 0.04765625 0.090625
1 0.68984375 0.578125 0.04140625 0.08359375
1 0.40234375 0.71015625 0.04375 0.0796875
1 0.5359375 0.56875 0.0453125 0.0796875
1 0.23515625 0.6828125 0.0390625 0.07578125
1 0.07578125 0.77890625 0.04765625 0.08671875
1 0.61328125 0.58359375 0.04375 0.08671875
1 0.20078125 0.59765625 0.04140625 0.0796875
1 0.7703125 0.54375 0.03671875 0.0796875
1 0.70859375 0.66640625 0.0390625 0.07265625
1 0.3828125 0.6234375 0.0390625 0.07265625
1 0.37265625 0.9328125 0.0546875 0.1046875
1 0.89765625 0.50546875 0.0390625 0.07578125
1 0.86953125 0.7859375 0.04375 0.0796875
1 0.66484375 0.94765625 0.06953125 0.090625
1 0.38359375 0.52734375 0.03671875 0.07578125
1 0.525 0.7390625 0.0453125 0.08671875
1 0.13984375 0.4765625 0.04140625 0.07578125
1 0.76484375 0.60703125 0.09140625 0.20625
1 0.12421875 0.56484375 0.0390625 0.0796875
1 0.671875 0.409375 0.03515625 0.07265625
1 0.3609375 0.80078125 0.04375 0.08671875
1 0.50234375 0.91640625 0.0953125 0.15234375
1 0.6140625 0.42734375 0.03671875 0.0796875
1 0.43046875 0.328125 0.03515625 0.06171875
1 0.56640625 0.48203125 0.03671875 0.0796875
1 0.6 0.853125 0.1046875 0.16328125
1 0.8078125 0.68515625 0.05 0.115625
1 0.2796875 0.94375 0.06328125 0.09765625
1 0.60625 0.7296875 0.0953125 0.1703125
1 0.61171875 0.6234375 0.08046875 0.17421875
1 0.73671875 0.42578125 0.03515625 0.06875
1 0.83828125 0.89296875 0.0453125 0.090625
1 0.9671875 0.46953125 0.0390625 0.08359375
1 0.31484375 0.68515625 0.04375 0.07265625
1 0.38671875 0.56484375 0.06953125 0.15234375
1 0.4640625 0.58359375 0.08515625 0.18828125
1 0.93046875 0.884375 0.04765625 0.10859375
1 0.53984375 0.659375 0.0328125 0.07265625
1 0.5796875 0.93671875 0.10234375 0.11953125
1 0.95078125 0.62109375 0.0453125 0.08359375
1 0.29921875 0.4890625 0.0328125 0.06484375
1 0.69921875 0.71953125 0.0890625 0.17734375
1 0.2859375 0.40546875 0.03671875 0.07265625
1 0.903125 0.715625 0.04140625 0.07578125
1 0.3671875 0.384375 0.03515625 0.06484375
1 0.80078125 0.4328125 0.0328125 0.06875
1 0.1296875 0.9421875 0.06328125 0.09453125
1 0.771875 0.73359375 0.04375 0.090625
1 0.96875 0.73515625 0.0453125 0.09453125
1 0.303125 0.828125 0.08515625 0.18515625
1 0.7546875 0.80078125 0.10859375 0.23203125
1 0.6609375 0.27890625 0.03046875 0.06484375
1 0.25625 0.2625 0.03046875 0.06171875
1 0.60078125 0.34765625 0.0328125 0.06484375
1 0.4703125 0.31328125 0.03671875 0.06875
1 0.94453125 0.4 0.03671875 0.07578125
1 0.3890625 0.66328125 0.0828125 0.15234375
1 0.2046875 0.2703125 0.03515625 0.06171875
1 0.47578125 0.16484375 0.03046875 0.0546875
1 0.8390625 0.91875 0.09140625 0.1484375
1 0.2453125 0.7515625 0.0828125 0.2140625
1 0.303125 0.23515625 0.0328125 0.06484375
1 0.321875 0.35 0.03046875 0.06171875
1 0.7203125 0.50703125 0.03671875 0.07265625
1 0.4109375 0.19921875 0.03046875 0.0578125
1 0.53359375 0.1953125 0.028125 0.05078125
1 0.36875 0.8421875 0.08046875 0.1703125
1 0.875 0.4296875 0.03671875 0.07578125
1 0.22265625 0.5 0.03671875 0.07265625
1 0.2390625 0.328125 0.03515625 0.06171875
1 0.56171875 0.33671875 0.0328125 0.0578125
1 0.7078125 0.3171875 0.0328125 0.06875
1 0.56015625 0.26640625 0.028125 0.06171875
1 0.69140625 0.615625 0.078125 0.159375
1 0.58046875 0.92421875 0.04765625 0.09453125
1 0.2140625 0.90234375 0.10234375 0.18125
1 0.29375 0.6015625 0.06484375 0.16640625
1 0.83515625 0.33359375 0.03046875 0.0578125
1 0.56640625 0.52734375 0.08046875 0.1703125
1 0.38828125 0.33125 0.0328125 0.06171875
1 0.02265625 0.7390625 0.04140625 0.08671875
1 0.3671875 0.4671875 0.03515625 0.06484375
1 0.90546875 0.3546875 0.03671875 0.06484375
1 0.59921875 0.3875 0.07578125 0.1453125
1 0.18515625 0.375 0.03515625 0.06875
1 0.103125 0.32265625 0.0328125 0.06484375
1 0.36875 0.1796875 0.028125 0.0546875
1 0.43515625 0.3640625 0.06953125 0.134375
1 0.97265625 0.965625 0.0453125 0.06171875
1 0.30234375 0.3078125 0.03046875 0.0578125
1 0.21640625 0.44921875 0.03671875 0.0578125
1 0.24921875 0.37890625 0.0328125 0.06171875
1 0.8109375 0.5109375 0.03515625 0.07265625
1 0.01953125 0.61015625 0.0390625 0.08359375
1 0.78359375 0.3046875 0.0328125 0.06484375
1 0.53671875 0.59765625 0.06953125 0.1453125
1 0.15625 0.7703125 0.0390625 0.07578125
1 0.0359375 0.47109375 0.03671875 0.0796875
1 0.31640625 0.15546875 0.0328125 0.05078125
1 0.528125 0.771875 0.0828125 0.159375
1 0.84453125 0.27890625 0.0328125 0.06484375
1 0.76015625 0.17734375 0.0328125 0.06484375
1 0.125 0.71171875 0.08515625 0.15546875
1 0.06875 0.50390625 0.03671875 0.07265625
1 0.53359375 0.1265625 0.028125 0.05078125
1 0.86171875 0.60703125 0.04140625 0.07578125
1 0.47265625 0.64140625 0.04140625 0.0796875
1 0.61171875 0.45859375 0.06328125 0.14140625
1 0.4109375 0.228125 0.0609375 0.115625
1 0.75234375 0.9109375 0.08671875 0.16328125
1 0.10546875 0.396875 0.0328125 0.06171875
1 0.76015625 0.33671875 0.0328125 0.06484375
1 0.44375 0.259375 0.02578125 0.0546875
1 0.17734375 0.29921875 0.0328125 0.06171875
1 0.178125 0.43984375 0.03046875 0.06171875
1 0.49453125 0.4203125 0.028125 0.05078125
1 0.21328125 0.18515625 0.03046875 0.0578125
1 0.8796875 0.5578125 0.09765625 0.18125
1 0.0421875 0.225 0.028125 0.05078125
1 0.90859375 0.29375 0.03515625 0.0578125
1 0.5953125 0.15546875 0.03046875 0.05078125
1 0.56015625 0.3546875 0.04140625 0.09453125
1 0.3640625 0.2515625 0.0328125 0.0546875
1 0.36953125 0.41328125 0.06484375 0.13046875
1 0.4953125 0.32578125 0.02578125 0.06484375
1 0.31953125 0.71015625 0.07421875 0.13046875
1 0.66953125 0.45078125 0.07421875 0.15546875
1 0.6390625 0.340625 0.03515625 0.06484375
1 0.1671875 0.15546875 0.03046875 0.0578125
1 0.7 0.365625 0.07421875 0.16640625
1 0.95 0.2265625 0.03515625 0.06171875
1 0.0578125 0.31171875 0.0328125 0.06484375
1 0.67421875 0.81015625 0.04375 0.090625
1 0.65078125 0.15546875 0.028125 0.05078125
1 0.26640625 0.1796875 0.0328125 0.06171875
1 0.621875 0.2625 0.03046875 0.06171875
1 0.21875 0.11015625 0.028125 0.0546875
1 0.153125 0.22265625 0.028125 0.06171875
1 0.471875 0.44921875 0.03046875 0.05078125
1 0.3328125 0.57421875 0.03046875 0.0546875
1 0.5390625 0.6921875 0.0828125 0.1375
1 0.40546875 0.740625 0.071875 0.14140625
1 0.02265625 0.32578125 0.0328125 0.0578125
1 0.52421875 0.3296875 0.03046875 0.0578125
1 0.428125 0.44765625 0.06484375 0.11953125