1 0.49921875 0.4984375 0.99375 0.99453125
1 0.409375 0.73203125 0.0328125 0.046875
1 0.31875 0.8109375 0.02734375 0.04453125
1 0.1984375 0.903125 0.03984375 0.0484375
1 0.66484375 0.6484375 0.02265625 0.03671875
1 0.55390625 0.8296875 0.03046875 0.040625
1 0.465625 0.6109375 0.028125 0.03515625
1 0.4859375 0.72421875 0.02421875 0.0390625
1 0.28671875 0.9171875 0.03203125 0.0375
1 0.22578125 0.68046875 0.0265625 0.040625
1 0.5328125 0.640625 0.02734375 0.0390625
1 0.4640625 0.8734375 0.034375 0.0390625
1 0.60859375 0.6125 0.02421875 0.03515625
1 0.478125 0.54765625 0.025 0.03515625
1 0.8421875 0.91640625 0.03203125 0.04140625
1 0.70859375 0.953125 0.028125 0.04453125
1 0.6984375 0.42265625 0.021875 0.0296875
1 0.61328125 0.49609375 0.0234375 0.03125
1 0.44921875 0.6875 0.02734375 0.04140625
1 0.23359375 0.76171875 0.02734375 0.0390625
1 0.56015625 0.54296875 0.02421875 0.03359375
1 0.39921875 0.6234375 0.025 0.03515625
1 0.584375 0.86875 0.02734375 0.0375
1 0.8890625 0.59375 0.02421875 0.03359375
1 0.2578125 0.79296875 0.025 0.03359375
1 0.521875 0.8 0.02734375 0.0375
1 0.64921875 0.70390625 0.0265625 0.03515625
1 0.15703125 0.38828125 0.025 0.03359375
1 0.3859375 0.94453125 0.03046875 0.0375
1 0.803125 0.6359375 0.028125 0.04296875
1 0.559375 0.753125 0.02734375 0.04296875
1 0.878125 0.69375 0.0515625 0.16796875
1 0.290625 0.50078125 0.02421875 0.0328125
1 0.27734375 0.3578125 0.021875 0.02734375
1 0.7 0.615625 0.025 0.03359375
1 0.9515625 0.75234375 0.025 0.03671875
1 0.22578125 0.72109375 0.0296875 0.0390625
1 0.3890625 0.68125 0.03125 0.0375
1 0.759375 0.865625 0.028125 0.0390625
1 0.3015625 0.64375 0.02421875 0.0296875
1 0.815625 0.60703125 0.025 0.03359375
1 0.0875 0.815625 0.03046875 0.0453125
1 0.25703125 0.490625 0.02265625 0.03125
1 0.8734375 0.62578125 0.0234375 0.0328125
1 0.15390625 0.62421875 0.028125 0.03515625
1 0.1765625 0.8671875 0.0296875 0.0390625
1 0.7453125 0.92578125 0.0296875 0.04453125
1 0.53984375 0.5890625 0.0234375 0.0296875
1 0.459375 0.92265625 0.04765625 0.13671875
1 0.91484375 0.73828125 0.025 0.0390625
1 0.41328125 0.39921875 0.025 0.03515625
1 0.6375 0.6765625 0.0234375 0.03515625
1 0.20234375 0.9375 0.06328125 0.1171875
1 0.42265625 0.5265625 0.021875 0.0296875
1 0.1875 0.540625 0.02734375 0.03671875
1 0.06328125 0.7546875 0.03203125 0.040625
1 0.96328125 0.81015625 0.0265625 0.03671875
1 0.33046875 0.75078125 0.02421875 0.0328125
1 0.63984375 0.7875 0.03203125 0.0390625
1 0.715625 0.34609375 0.02265625 0.03125
1 0.66484375 0.56171875 0.025 0.03515625
1 0.75546875 0.5734375 0.0265625 0.0328125
1 0.4875 0.4859375 0.02421875 0.03359375
1 0.58515625 0.91796875 0.03125 0.046875
1 0.96015625 0.853125 0.03046875 0.04453125
1 0.6109375 0.96875 0.03046875 0.04453125
1 0.7796875 0.80390625 0.02421875 0.03515625
1 0.371875 0.82421875 0.034375 0.04453125
1 0.721875 0.709375 0.034375 0.040625
1 0.54765625 0.6703125 0.02734375 0.0375
1 0.4265625 0.58359375 0.0296875 0.03671875
1 0.446875 0.98125 0.0328125 0.0328125
1 0.36953125 0.88046875 0.028125 0.03359375
1 0.4921875 0.65390625 0.025 0.03671875
1 0.46953125 0.6578125 0.04609375 0.13125
1 0.0515625 0.625 0.03046875 0.03671875
1 0.31875 0.89140625 0.0625 0.2046875
1 0.22734375 0.42265625 0.02265625 0.0328125
1 0.65078125 0.8921875 0.07109375 0.2046875
1 0.48984375 0.9140625 0.03203125 0.04140625
1 0.4375 0.80390625 0.0296875 0.0375
1 0.64140625 0.81328125 0.03125 0.04296875
1 0.89765625 0.7671875 0.0234375 0.03671875
1 0.16328125 0.8140625 0.028125 0.0390625
1 0.34453125 0.55234375 0.0234375 0.03125
1 0.259375 0.9671875 0.02734375 0.04296875
1 0.771875 0.621875 0.03203125 0.0453125
1 0.95234375 0.646875 0.0234375 0.03359375
1 0.32734375 0.53046875 0.0234375 0.0328125
1 0.50078125 0.815625 0.0671875 0.22265625
1 0.16640625 0.6859375 0.034375 0.04453125
1 0.825 0.83515625 0.025 0.0375
1 0.14765625 0.76171875 0.0265625 0.0390625
1 0.12421875 0.8875 0.028125 0.0375
1 0.85078125 0.61953125 0.02421875 0.03125
1 0.4078125 0.9234375 0.03046875 0.04453125
1 0.51484375 0.55546875 0.02734375 0.0328125
1 0.39375 0.9796875 0.03046875 0.03515625
1 0.38046875 0.575 0.02265625 0.03515625
1 0.2578125 0.82734375 0.0296875 0.040625
1 0.0671875 0.6765625 0.0703125 0.13671875
1 0.2796875 0.87109375 0.0265625 0.03671875
1 0.07890625 0.590625 0.03828125 0.0453125
1 0.1234375 0.96015625 0.03515625 0.0484375
1 0.3578125 0.8453125 0.03203125 0.03359375
1 0.77578125 0.97109375 0.03046875 0.046875
1 0.32109375 0.69765625 0.028125 0.0390625
1 0.89609375 0.81015625 0.028125 0.04140625
1 0.86640625 0.9609375 0.03046875 0.04140625
1 0.78671875 0.72265625 0.02421875 0.03359375
1 0.52265625 0.83671875 0.028125 0.03515625
1 0.675 0.68046875 0.05390625 0.103125
1 0.103125 0.878125 0.0328125 0.0453125
1 0.28359375 0.58203125 0.02421875 0.03359375
1 0.98046875 0.971875 0.03125 0.0453125
1 0.7609375 0.74921875 0.0265625 0.04296875
1 0.51640625 0.703125 0.0265625 0.03671875
1 0.7140625 0.8375 0.025 0.03515625
1 0.06171875 0.54921875 0.028125 0.03671875
1 0.365625 0.9125 0.03125 0.040625
1 0.484375 0.96640625 0.02734375 0.03671875
1 0.66875 0.740625 0.02421875 0.04140625