0 0.10625 0.2125 0.0234375 0.0328125
0 0.16328125 0.4078125 0.028125 0.04140625
0 0.73125 0.48046875 0.03125 0.04921875
0 0.54609375 0.30625 0.02265625 0.03671875
0 0.57890625 0.29921875 0.021875 0.03671875
0 0.04375 0.1109375 0.01484375 0.02109375
0 0.37265625 0.58203125 0.03984375 0.0625
0 0.20859375 0.375 0.03046875 0.04453125
0 0.2625 0.2421875 0.02265625 0.03671875
0 0.39375 0.36796875 0.0265625 0.04296875
0 0.4078125 0.4515625 0.0328125 0.05078125
0 0.49296875 0.42421875 0.028125 0.04921875
0 0.63125 0.290625 0.02421875 0.040625
0 0.87578125 0.29296875 0.025 0.0390625
0 0.13125 0.1328125 0.01953125 0.02890625
0 0.46953125 0.10546875 0.0125 0.01796875
0 0.4359375 0.3609375 0.028125 0.04921875
0 0.65703125 0.8296875 0.07890625 0.1109375
0 0.1296875 0.26640625 0.02734375 0.0375
0 0.75234375 0.19765625 0.0203125 0.03125
0 0.3453125 0.23671875 0.0203125 0.03125
0 0.8421875 0.1921875 0.01953125 0.0296875
0 0.85625 0.7171875 0.0640625 0.09375
0 0.01796875 0.1171875 0.01484375 0.0234375
0 0.9609375 0.54375 0.0453125 0.07421875
0 0.9890625 0.31796875 0.01953125 0.04140625
0 0.45859375 0.1609375 0.01484375 0.025
0 0.4015625 0.6703125 0.053125 0.07421875
0 0.29765625 0.1765625 0.021875 0.0328125
0 0.94140625 0.96171875 0.0859375 0.07421875
0 0.45390625 0.45078125 0.03203125 0.05234375
0 0.0734375 0.0703125 0.015625 0.02109375
0 0.965625 0.27421875 0.02421875 0.0375
0 0.7984375 0.2359375 0.0203125 0.0328125
0 0.39765625 0.1453125 0.01640625 0.021875
0 0.775 0.46796875 0.0296875 0.05078125
0 0.73984375 0.11328125 0.0125 0.02109375
0 0.38984375 0.06875 0.0125 0.01953125
0 0.4015625 0.20546875 0.0171875 0.03125
0 0.5578125 0.21875 0.0203125 0.03125
0 0.06796875 0.01953125 0.0125 0.01796875
0 0.4109375 0.165625 0.01640625 0.025
0 0.9578125 0.3359375 0.025 0.04140625
0 0.86640625 0.15703125 0.0171875 0.02734375
0 0.96171875 0.20625 0.01875 0.0296875
0 0.9328125 0.3609375 0.0296875 0.04140625
0 0.59609375 0.125 0.0125 0.02109375
0 0.26484375 0.0296875 0.0109375 0.0171875
0 0.328125 0.0484375 0.01171875 0.015625
0 0.65390625 0.1140625 0.01484375 0.021875
0 0.815625 0.37265625 0.025 0.04140625
0 0.871875 0.20546875 0.0203125 0.03125
0 0.603125 0.09140625 0.01171875 0.01796875
0 0.50625 0.1109375 0.01171875 0.01796875
0 0.1484375 0.053125 0.0140625 0.02109375
0 0.76484375 0.06796875 0.01171875 0.01796875
0 0.703125 0.1078125 0.01171875 0.01953125
0 0.95859375 0.10390625 0.01875 0.02890625
0 0.67421875 0.5296875 0.03203125 0.0546875
0 0.7921875 0.096875 0.0140625 0.01953125
0 0.54140625 0.9625 0.0828125 0.071875
0 0.81953125 0.2359375 0.021875 0.0328125
0 0.91484375 0.48828125 0.03828125 0.06484375
0 0.365625 0.1265625 0.01484375 0.02109375
0 0.00390625 0.11640625 0.0078125 0.021875
0 0.39609375 0.04375 0.0109375 0.0140625
0 0.10078125 0.8515625 0.0765625 0.1171875
0 0.3703125 0.1671875 0.01484375 0.01953125
0 0.98984375 0.2234375 0.01875 0.0296875
0 0.746875 0.06015625 0.0125 0.01796875
0 0.5578125 0.071875 0.0109375 0.0171875
0 0.5140625 0.071875 0.009375 0.0171875
0 0.4296875 0.04375 0.009375 0.0140625
0 0.3578125 0.00625 0.009375 0.01171875
0 0.45546875 0.04375 0.0109375 0.0140625
0 0.71796875 0.12578125 0.0140625 0.01953125
0 0.5296875 0.096875 0.01171875 0.01953125
0 0.0296875 0.0140625 0.0109375 0.015625
0 0.66875 0.071875 0.01171875 0.0171875
0 0.415625 0.04375 0.0109375 0.0140625
0 0.9875 0.2640625 0.0203125 0.0328125
0 0.83046875 0.04296875 0.0109375 0.01796875
0 0.440625 0.00625 0.0109375 0.01171875
0 0.690625 0.07890625 0.0109375 0.0171875
0 0.759375 0.09921875 0.0125 0.01796875
0 0.2796875 0.01875 0.0109375 0.0140625
0 0.0921875 0.00546875 0.01171875 0.01015625
0 0.40703125 0.06875 0.01171875 0.01796875
0 0.89453125 0.1921875 0.015625 0.025
0 0.79140625 0.0453125 0.0109375 0.0140625
0 0.16796875 0.00625 0.0109375 0.0125
0 0.81875 0.03046875 0.0109375 0.0140625
0 0.1171875 0.01640625 0.01171875 0.0171875
0 0.17109375 0.06875 0.0125 0.01953125
0 0.715625 0.084375 0.0125 0.01796875
0 0.19140625 0.00625 0.01171875 0.01171875
0 0.6375 0.10625 0.0125 0.01953125
0 0.68203125 0.0453125 0.00859375 0.0140625
0 0.353125 0.0484375 0.009375 0.015625
0 0.5265625 0.07265625 0.0109375 0.015625
0 0.5828125 0.0796875 0.009375 0.0171875
0 0.28359375 0.0421875 0.0125 0.01953125
0 0.14609375 0.01875 0.0109375 0.0171875
0 0.38046875 0.00625 0.0109375 0.01171875
0 0.92109375 0.2 0.0203125 0.0296875
0 0.978125 0.1078125 0.01484375 0.021875
0 0.64375 0.06796875 0.0109375 0.01328125
0 0.2046875 0.00625 0.01171875 0.01171875
0 0.5515625 0.09765625 0.01171875 0.01796875
0 0.71953125 0.040625 0.00859375 0.0140625
0 0.7625 0.1390625 0.015625 0.021875
0 0.78046875 0.04765625 0.0109375 0.0140625
0 0.85625 0.0484375 0.0109375 0.0140625
0 0.6671875 0.04296875 0.009375 0.01328125
0 0.30625 0.08125 0.0140625 0.01953125
0 0.809375 0.0921875 0.0140625 0.01796875
0 0.01484375 0.01953125 0.01171875 0.015625
0 0.53203125 0.13125 0.01171875 0.01953125
0 0.578125 0.103125 0.01171875 0.01953125
0 0.30234375 0.0140625 0.0109375 0.015625
0 0.7375 0.03828125 0.0109375 0.0140625
0 0.928125 0.11796875 0.01484375 0.01953125
0 0.61953125 0.0875 0.0109375 0.0171875
0 0.478125 0.05703125 0.01171875 0.01796875
0 0.7328125 0.08828125 0.009375 0.01796875
0 0.40390625 0.00625 0.0109375 0.01171875
0 0.9125 0.14140625 0.01640625 0.021875
0 0.378125 0.053125 0.0109375 0.015625
0 0.3296875 0.0140625 0.0109375 0.015625
0 0.3078125 0.0578125 0.0109375 0.0171875
0 0.203125 0.040625 0.01171875 0.01953125
0 0.44375 0.084375 0.01171875 0.01796875
0 0.30546875 0.03203125 0.0109375 0.0171875
0 0.0421875 0.00625 0.0140625 0.01171875
0 0.1546875 0.00625 0.0109375 0.01171875
0 0.65546875 0.06875 0.0109375 0.0171875
0 0.6546875 0.03203125 0.0078125 0.01171875
0 0.6046875 0.065625 0.009375 0.0140625
0 0.5703125 0.0609375 0.009375 0.0140625
0 0.25859375 0.046875 0.01171875 0.01796875
0 0.74375 0.00625 0.0109375 0.01171875
0 0.8046875 0.040625 0.009375 0.0140625
0 0.73125 0.06015625 0.01171875 0.01796875
0 0.69375 0.04453125 0.00859375 0.01328125
0 0.48984375 0.1046875 0.0109375 0.0171875
0 0.42109375 0.10546875 0.01171875 0.01796875
0 0.18046875 0.0203125 0.0109375 0.0171875
0 0.771875 0.10078125 0.01171875 0.0171875
0 0.63046875 0.03203125 0.00703125 0.01171875
0 0.40703125 0.01796875 0.00859375 0.01328125
0 0.35546875 0.0765625 0.01171875 0.0171875
0 0.90859375 0.25703125 0.0203125 0.0328125
0 0.45234375 0.00625 0.0109375 0.01171875
0 0.4671875 0.00625 0.00859375 0.01171875
0 0.78203125 0.2984375 0.02265625 0.0296875
0 0.9765625 0.0796875 0.015625 0.02109375
0 0.7171875 0.06015625 0.0109375 0.01796875
0 0.6546875 0.0875 0.01171875 0.0171875
0 0.2953125 0.04765625 0.0109375 0.0171875
0 0.9578125 0.24296875 0.02265625 0.025
0 0.00625 0.00625 0.0109375 0.01171875
0 0.7046875 0.04375 0.0078125 0.0140625
0 0.41875 0.01875 0.00859375 0.0140625
0 0.78203125 0.0171875 0.009375 0.0140625
0 0.6171875 0.0671875 0.009375 0.0140625
0 0.04921875 0.04296875 0.0125 0.01796875
0 0.61796875 0.04296875 0.00859375 0.01328125
0 0.23046875 0.00625 0.0109375 0.0125
0 0.75625 0.02890625 0.00859375 0.01328125
0 0.6796875 0.128125 0.01171875 0.01953125
0 0.64296875 0.04296875 0.00859375 0.01328125
0 0.38203125 0.1859375 0.01484375 0.02578125
0 0.12578125 0.0546875 0.0140625 0.02109375
0 0.4015625 0.11875 0.0140625 0.01796875
0 0.36875 0.00625 0.0109375 0.01171875
0 0.3421875 0.0796875 0.0109375 0.0140625
0 0.246875 0.02265625 0.0109375 0.0171875
0 0.7703125 0.01875 0.009375 0.0140625
0 0.6875 0.1078125 0.0140625 0.01953125
0 0.128125 0.0046875 0.0109375 0.009375