0 0.4515625 0.42421875 0.0234375 0.04140625
0 0.72734375 0.57265625 0.03203125 0.05625
0 0.31640625 0.209375 0.015625 0.0265625
0 0.83125 0.5203125 0.03203125 0.05390625
0 0.490625 0.37109375 0.02421875 0.04296875
0 0.57890625 0.43203125 0.0234375 0.04453125
0 0.2375 0.55234375 0.0375 0.06171875
0 0.24296875 0.3046875 0.02265625 0.0359375
0 0.159375 0.50390625 0.03203125 0.05078125
0 0.70234375 0.50390625 0.028125 0.05078125
0 0.4296875 0.27109375 0.015625 0.03046875
0 0.3453125 0.2609375 0.0171875 0.03046875
0 0.48125 0.28515625 0.01875 0.03046875
0 0.284375 0.34453125 0.02265625 0.03984375
0 0.9546875 0.53046875 0.03515625 0.05625
0 0.171875 0.634375 0.04296875 0.0671875
0 0.66875 0.59296875 0.034375 0.0578125
0 0.33125 0.23828125 0.01484375 0.028125
0 0.71953125 0.28984375 0.01875 0.03203125
0 0.603125 0.25 0.0171875 0.028125
0 0.53203125 0.39921875 0.02265625 0.0375
0 0.25390625 0.4453125 0.0296875 0.0453125
0 0.16875 0.38125 0.0234375 0.0390625
0 0.41484375 0.296875 0.01953125 0.03359375
0 0.3984375 0.5890625 0.0328125 0.06015625
0 0.5171875 0.30703125 0.01953125 0.03515625
0 0.45546875 0.5578125 0.0359375 0.06171875
0 0.284375 0.67109375 0.04609375 0.07109375
0 0.1046875 0.5328125 0.03515625 0.0578125
0 0.3484375 0.33671875 0.02265625 0.0375
0 0.47734375 0.496875 0.03046875 0.0546875
0 0.2984375 0.5390625 0.0328125 0.05390625
0 0.53359375 0.4953125 0.03046875 0.05234375
0 0.88125 0.5140625 0.034375 0.0578125
0 0.30390625 0.4265625 0.028125 0.05078125
0 0.54140625 0.3484375 0.0203125 0.0375
0 0.959375 0.44609375 0.03125 0.05234375
0 0.59453125 0.56796875 0.03828125 0.065625
0 0.70703125 0.25703125 0.015625 0.03046875
0 0.359375 0.19609375 0.0140625 0.02421875
0 0.32734375 0.4 0.02421875 0.04453125
0 0.615625 0.4609375 0.0265625 0.05078125
0 0.78203125 0.5640625 0.0375 0.0578125
0 0.09765625 0.634375 0.046875 0.0734375
0 0.503125 0.27109375 0.01640625 0.03046875
0 0.35625 0.5359375 0.03203125 0.05625
0 0.53203125 0.57421875 0.03125 0.06015625
0 0.4921875 0.31953125 0.01953125 0.03359375
0 0.9203125 0.23125 0.015625 0.02578125
0 0.5703125 0.20859375 0.0140625 0.02265625
0 0.61875 0.31953125 0.0171875 0.03359375
0 0.0546875 0.384375 0.02734375 0.0390625
0 0.50390625 0.14296875 0.0140625 0.0203125
0 0.45234375 0.38125 0.0234375 0.0359375
0 0.2171875 0.20625 0.01640625 0.0265625
0 0.59453125 0.2046875 0.0140625 0.02265625
0 0.88984375 0.2265625 0.01640625 0.0265625
0 0.74296875 0.50234375 0.03046875 0.05078125
0 0.259375 0.34140625 0.021875 0.0359375
0 0.6515625 0.44375 0.025 0.0484375
0 0.665625 0.51796875 0.03046875 0.04921875
0 0.8046875 0.3140625 0.01953125 0.03515625
0 0.903125 0.4546875 0.0296875 0.0484375
0 0.74921875 0.328125 0.01875 0.03359375
0 0.63984375 0.2984375 0.0171875 0.03046875
0 0.65546875 0.2515625 0.01484375 0.028125
0 0.72890625 0.3375 0.0203125 0.0390625
0 0.64609375 0.21875 0.01484375 0.02421875
0 0.20234375 0.51171875 0.03203125 0.0578125
0 0.465625 0.31640625 0.01875 0.03515625
0 0.33046875 0.61640625 0.03828125 0.0640625
0 0.5796875 0.3875 0.0234375 0.03515625
0 0.5515625 0.24453125 0.01484375 0.028125
0 0.0234375 0.30390625 0.0234375 0.0359375
0 0.23671875 0.38359375 0.02421875 0.0375
0 0.3609375 0.41171875 0.02734375 0.0453125
0 0.5921875 0.35078125 0.0171875 0.0359375
0 0.78984375 0.47109375 0.0265625 0.046875
0 0.63125 0.53984375 0.03046875 0.05234375
0 0.371875 0.35625 0.0234375 0.03984375
0 0.3734375 0.46796875 0.0296875 0.05078125
0 0.909375 0.3609375 0.0265625 0.046875
0 0.08359375 0.27109375 0.0203125 0.03203125
0 0.0890625 0.3703125 0.02734375 0.04296875
0 0.75625 0.371875 0.02421875 0.0390625
0 0.665625 0.37578125 0.0234375 0.04140625
0 0.32734375 0.3171875 0.01875 0.0359375
0 0.44609375 0.1875 0.0140625 0.02421875
0 0.0515625 0.23359375 0.0171875 0.028125
0 0.83203125 0.2375 0.015625 0.0265625
0 0.04375 0.5734375 0.04609375 0.06875
0 0.090625 0.32109375 0.0234375 0.0359375
0 0.78515625 0.38828125 0.0234375 0.0390625
0 0.7796875 0.24609375 0.01484375 0.02578125
0 0.821875 0.41171875 0.0265625 0.0453125
0 0.8 0.28046875 0.0171875 0.028125
0 0.4484375 0.2515625 0.015625 0.028125
0 0.56796875 0.265625 0.01484375 0.0296875
0 0.55546875 0.31015625 0.01875 0.028125
0 0.4203125 0.43828125 0.0265625 0.0453125
0 0.9734375 0.3390625 0.02265625 0.03203125
0 0.30078125 0.3203125 0.021875 0.03203125
0 0.21484375 0.4484375 0.03125 0.04921875
0 0.690625 0.2921875 0.0171875 0.0296875
0 0.8359375 0.28828125 0.01953125 0.0296875
0 0.665625 0.3140625 0.01953125 0.0296875
0 0.775 0.28984375 0.01875 0.03359375
0 0.94921875 0.2609375 0.01953125 0.03359375
0 0.915625 0.28984375 0.01953125 0.0296875
0 0.20234375 0.30859375 0.0234375 0.0296875
0 0.83046875 0.328125 0.0203125 0.03359375
0 0.7046875 0.421875 0.02734375 0.0453125
0 0.3703125 0.31328125 0.0203125 0.03046875
0 0.9390625 0.33359375 0.02265625 0.0375
0 0.2703125 0.25078125 0.015625 0.0265625
0 0.2 0.34765625 0.02421875 0.0390625
0 0.84921875 0.46484375 0.03046875 0.05078125
0 0.84921875 0.3640625 0.02421875 0.0359375
0 0.765625 0.4265625 0.025 0.03984375
0 0.98125 0.284375 0.0203125 0.0265625
0 0.65546875 0.33984375 0.0203125 0.02578125
0 0.2875 0.2328125 0.01484375 0.02578125
0 0.4734375 0.43515625 0.021875 0.04140625
0 0.7125 0.3796875 0.0234375 0.03515625
0 0.571875 0.23125 0.0125 0.02265625
0 0.27109375 0.2203125 0.01484375 0.02578125
0 0.221875 0.2734375 0.0203125 0.03203125
0 0.9828125 0.24921875 0.0203125 0.0265625
0 0.75390625 0.2390625 0.015625 0.02265625
0 0.53515625 0.26484375 0.015625 0.028125
0 0.8015625 0.24375 0.01484375 0.0265625
0 0.97265625 0.221875 0.0171875 0.028125
0 0.45234375 0.2875 0.01875 0.03046875
0 0.7078125 0.22578125 0.0140625 0.02265625
0 0.11953125 0.19296875 0.01484375 0.02421875
0 0.28828125 0.2640625 0.01953125 0.0296875
0 0.540625 0.20859375 0.0125 0.02265625
0 0.4890625 0.23828125 0.01484375 0.0265625
0 0.1671875 0.24453125 0.021875 0.03046875
0 0.75625 0.265625 0.01640625 0.0265625
0 0.2625 0.2859375 0.0203125 0.03046875
0 0.4265625 0.34921875 0.021875 0.0359375
0 0.109375 0.25703125 0.01953125 0.03359375
0 0.25703125 0.23203125 0.015625 0.0265625
0 0.20859375 0.18203125 0.0125 0.02109375
0 0.42265625 0.2390625 0.01484375 0.02578125
0 0.459375 0.16796875 0.01171875 0.02265625
0 0.71953125 0.46796875 0.0234375 0.03984375
0 0.5015625 0.20390625 0.0140625 0.02109375
0 0.72265625 0.2390625 0.015625 0.02578125
0 0.33515625 0.19296875 0.01484375 0.02421875
0 0.1859375 0.26875 0.01953125 0.03359375
0 0.56875 0.33515625 0.01875 0.03203125
0 0.3109375 0.265625 0.0171875 0.0296875
0 0.81953125 0.20859375 0.0140625 0.02265625
0 0.95390625 0.203125 0.015625 0.0203125
0 0.8796875 0.26796875 0.0171875 0.0296875
0 0.29375 0.20625 0.01484375 0.02109375
0 0.378125 0.20234375 0.01484375 0.02109375
0 0.353125 0.22265625 0.01484375 0.0265625
0 0.671875 0.21796875 0.0140625 0.02578125
0 0.6125 0.3609375 0.01953125 0.0375
0 0.77109375 0.190625 0.0125 0.02109375
0 0.0265625 0.20625 0.015625 0.0265625
0 0.67890625 0.190625 0.0140625 0.02109375
0 0.134375 0.21875 0.015625 0.0265625
0 0.9015625 0.2015625 0.01484375 0.02265625
0 0.39375 0.26953125 0.0171875 0.0296875
0 0.85859375 0.203125 0.0140625 0.0203125
0 0.68828125 0.35859375 0.021875 0.0359375
0 0.9015625 0.26953125 0.01953125 0.0296875
0 0.57109375 0.30390625 0.01484375 0.0265625
0 0.4984375 0.440625 0.02734375 0.04921875
0 0.5578125 0.19140625 0.0125 0.02109375
0 0.6375 0.3796875 0.02265625 0.03984375
0 0.4796875 0.19921875 0.0140625 0.0203125
0 0.4578125 0.2265625 0.0140625 0.02109375
0 0.46953125 0.2453125 0.0140625 0.02421875
0 0.86015625 0.2375 0.015625 0.0265625
0 0.721875 0.20078125 0.01484375 0.0203125
0 0.81875 0.26640625 0.01640625 0.0296875
0 0.7359375 0.21953125 0.0140625 0.02421875
0 0.759375 0.20546875 0.0125 0.02109375
0 0.5859375 0.24296875 0.0140625 0.0265625
0 0.62578125 0.2390625 0.01484375 0.02265625
0 0.85625 0.29609375 0.0171875 0.0265625
0 0.703125 0.159375 0.01171875 0.01875
0 0.371875 0.14296875 0.0125 0.0203125
0 0.509375 0.35 0.01953125 0.03203125
0 0.5921875 0.1671875 0.0125 0.0203125
0 0.93828125 0.225 0.01640625 0.0265625
0 0.5265625 0.2203125 0.0140625 0.02265625
0 0.69375 0.3265625 0.01953125 0.02578125
0 0.42578125 0.19140625 0.015625 0.02265625
0 0.8328125 0.2109375 0.0140625 0.0203125
0 0.540625 0.1828125 0.01171875 0.0203125
0 0.875 0.30390625 0.0171875 0.03515625
0 0.78515625 0.203125 0.0140625 0.02265625
0 0.5171875 0.1921875 0.01171875 0.0203125
0 0.29296875 0.2921875 0.0171875 0.02421875
0 0.834375 0.17734375 0.0125 0.0203125
0 0.47578125 0.21953125 0.0140625 0.02109375
0 0.39609375 0.1109375 0.0125 0.01875
0 0.9828125 0.31171875 0.0234375 0.028125
0 0.2203125 0.14609375 0.0140625 0.02109375
0 0.26640625 0.19140625 0.0140625 0.02421875
0 0.65390625 0.16015625 0.0109375 0.0203125
0 0.59453125 0.1125 0.01171875 0.02109375
0 0.61875 0.196875 0.0140625 0.02109375
0 0.89140625 0.1765625 0.0140625 0.0203125
0 0.859375 0.15390625 0.01171875 0.01875
0 0.47578125 0.14375 0.0140625 0.02265625
0 0.39375 0.17578125 0.01171875 0.02109375
0 0.55859375 0.221875 0.0140625 0.0203125
0 0.6578125 0.20078125 0.0140625 0.0203125
0 0.70390625 0.1875 0.0140625 0.01875
0 0.0921875 0.1546875 0.0140625 0.02265625
0 0.18828125 0.18125 0.01484375 0.02421875
0 0.40625 0.13125 0.0140625 0.01875
0 0.5546875 0.1703125 0.01171875 0.01875
0 0.340625 0.165625 0.0125 0.02265625
0 0.5453125 0.13359375 0.009375 0.0203125
0 0.7765625 0.6671875 0.0515625 0.0734375
0 0.40703125 0.1859375 0.0140625 0.0203125
0 0.40703125 0.22890625 0.0125 0.02109375
0 0.98515625 0.38671875 0.021875 0.04453125
0 0.8734375 0.21328125 0.01484375 0.02109375
0 0.73359375 0.26640625 0.01640625 0.02578125
0 0.7671875 0.1671875 0.01171875 0.0203125
0 0.69140625 0.25703125 0.015625 0.02421875
0 0.8109375 0.18125 0.0140625 0.02109375
0 0.278125 0.1765625 0.0125 0.0203125
0 0.2453125 0.1578125 0.0125 0.0203125
0 0.93671875 0.184375 0.0125 0.0171875
0 0.87109375 0.16640625 0.0140625 0.02109375
0 0.37578125 0.1765625 0.0140625 0.02109375
0 0.52109375 0.15390625 0.0125 0.02109375
0 0.0515625 0.35234375 0.025 0.02421875
0 0.634375 0.265625 0.01640625 0.0296875
0 0.784375 0.16328125 0.0140625 0.02109375
0 0.6859375 0.21796875 0.01484375 0.02578125
0 0.1375 0.16953125 0.01484375 0.0203125
0 0.73828125 0.24296875 0.015625 0.02265625
0 0.75078125 0.1859375 0.01171875 0.0203125
0 0.7296875 0.14375 0.0109375 0.01640625
0 0.41875 0.1671875 0.0125 0.02109375
0 0.63359375 0.20078125 0.01171875 0.01875
0 0.0484375 0.184375 0.015625 0.02578125
0 0.57109375 0.1859375 0.01171875 0.01875
0 0.44140625 0.128125 0.01171875 0.0171875
0 0.2390625 0.19609375 0.0140625 0.02421875
0 0.1984375 0.4125 0.02734375 0.03203125
0 0.3578125 0.14375 0.0140625 0.0203125
0 0.790625 0.18125 0.01171875 0.0203125
0 0.48359375 0.1765625 0.01171875 0.01875
0 0.73984375 0.196875 0.0125 0.02109375
0 0.62734375 0.1671875 0.0125 0.0203125
0 0.95703125 0.31015625 0.021875 0.03046875
0 0.60625 0.190625 0.0125 0.02109375
0 0.6703125 0.15546875 0.009375 0.01640625
0 0.7671875 0.33203125 0.0171875 0.03046875
0 0.6078125 0.21953125 0.0140625 0.02265625
0 0.56875 0.1390625 0.0109375 0.02109375
0 0.57734375 0.1671875 0.01171875 0.0203125
0 0.43671875 0.2125 0.0140625 0.02265625
0 0.28203125 0.1375 0.01171875 0.0203125
0 0.503125 0.225 0.0140625 0.02109375
0 0.878125 0.18515625 0.0140625 0.01875
0 0.63984375 0.178125 0.01171875 0.01875
0 0.32734375 0.1390625 0.0140625 0.02265625
0 0.7171875 0.159375 0.0109375 0.01875
0 0.91328125 0.503125 0.0234375 0.04453125
0 0.80234375 0.15703125 0.0109375 0.01875
0 0.26875 0.153125 0.0140625 0.02109375
0 0.61953125 0.1296875 0.0109375 0.01640625
0 0.509375 0.24765625 0.0140625 0.02265625
0 0.196875 0.1453125 0.0140625 0.0203125
0 0.36796875 0.12109375 0.0109375 0.0171875
0 0.08828125 0.2125 0.01640625 0.028125
0 0.66328125 0.28203125 0.0171875 0.028125
0 0.5375 0.1625 0.0125 0.02109375
0 0.4609375 0.2015625 0.0140625 0.02578125
0 0.8546875 0.1765625 0.0140625 0.0203125
0 0.9359375 0.30234375 0.01953125 0.02265625
0 0.3015625 0.13359375 0.01171875 0.0203125
0 0.290625 0.18671875 0.0125 0.0203125
0 0.55390625 0.11796875 0.009375 0.01640625
0 0.6546875 0.1390625 0.00859375 0.01640625
0 0.7453125 0.16796875 0.0125 0.0203125
0 0.53515625 0.45 0.025 0.03359375
0 0.17109375 0.4359375 0.0265625 0.0390625
0 0.4328125 0.15625 0.0125 0.0203125
0 0.6828125 0.153125 0.01171875 0.0171875
0 0.67734375 0.44140625 0.02265625 0.03203125
0 0.01484375 0.36328125 0.01640625 0.03203125
0 0.159375 0.27734375 0.0203125 0.0296875
0 0.62890625 0.14296875 0.009375 0.0171875
0 0.7765625 0.22265625 0.0140625 0.02109375
0 0.815625 0.1546875 0.0125 0.0171875
0 0.5296875 0.1328125 0.0109375 0.01875