0 0.9328125 0.26796875 0.0375 0.04921875
0 0.7140625 0.1734375 0.0203125 0.03125
0 0.740625 0.24453125 0.02421875 0.03671875
0 0.290625 0.17578125 0.0234375 0.03125
0 0.79609375 0.14375 0.01953125 0.0296875
0 0.86640625 0.2484375 0.0328125 0.04140625
0 0.3421875 0.2234375 0.02421875 0.0328125
0 0.6109375 0.46328125 0.0390625 0.06015625
0 0.64765625 0.2375 0.028125 0.04296875
0 0.95234375 0.0546875 0.01640625 0.0234375
0 0.415625 0.2359375 0.02734375 0.0375
0 0.38125 0.11875 0.01953125 0.0296875
0 0.95703125 0.0125 0.0171875 0.025
0 0.06328125 0.6 0.0609375 0.08046875
0 0.4171875 0.13125 0.0171875 0.0296875
0 0.19140625 0.2546875 0.025 0.0375
0 0.97109375 0.05546875 0.01875 0.025
0 0.353125 0.353125 0.0328125 0.0453125
0 0.7421875 0.175 0.0234375 0.0328125
0 0.81953125 0.34921875 0.0296875 0.04921875
0 0.2015625 0.11015625 0.021875 0.02734375
0 0.1796875 0.13046875 0.01953125 0.02578125
0 0.7265625 0.134375 0.021875 0.0296875
0 0.98984375 0.39921875 0.01875 0.0640625
0 0.71953125 0.2359375 0.01953125 0.0328125
0 0.9765625 0.00703125 0.0171875 0.0140625
0 0.1640625 0.21328125 0.0234375 0.02890625
0 0.5328125 0.06875 0.0140625 0.0234375
0 0.946875 0.4421875 0.03203125 0.040625
0 0.6625 0.3109375 0.02421875 0.03359375