1 0.6671875 0.81875 0.034375 0.05390625
1 0.6609375 0.89375 0.078125 0.20390625
1 0.56171875 0.75078125 0.0390625 0.05625
1 0.8984375 0.80078125 0.034375 0.05625
1 0.38046875 0.72734375 0.0296875 0.04140625
1 0.89140625 0.884375 0.0703125 0.22265625
1 0.5171875 0.95 0.0375 0.05390625
1 0.25546875 0.80546875 0.0453125 0.05625
1 0.640625 0.68125 0.03125 0.04609375
1 0.3484375 0.79296875 0.03125 0.05625
1 0.56015625 0.85078125 0.0890625 0.25625
1 0.75078125 0.790625 0.0359375 0.05625
1 0.21875 0.75078125 0.0375 0.05625
1 0.2453125 0.953125 0.05625 0.06015625
1 0.08046875 0.80546875 0.0328125 0.05234375
1 0.21953125 0.66015625 0.0328125 0.04140625
1 0.4984375 0.63125 0.99375 0.71640625
1 0.70390625 0.71171875 0.0328125 0.03984375
1 0.46953125 0.80234375 0.0703125 0.2375
1 0.35234375 0.88046875 0.0734375 0.22734375
1 0.55234375 0.696875 0.0390625 0.05625
1 0.2609375 0.86953125 0.09375 0.18984375
1 0.1125 0.68203125 0.03125 0.04375
1 0.56796875 0.65 0.0296875 0.04609375
1 0.55859375 0.54296875 0.0265625 0.03515625
1 0.57109375 0.95546875 0.0328125 0.04765625
1 0.5203125 0.63203125 0.03125 0.04765625
1 0.74609375 0.878125 0.0796875 0.23125
1 0.41484375 0.82421875 0.0359375 0.05234375
1 0.63984375 0.753125 0.0703125 0.18984375
1 0.27890625 0.640625 0.0328125 0.04375
1 0.1203125 0.58828125 0.028125 0.03984375
1 0.1921875 0.89375 0.034375 0.04609375
1 0.240625 0.60859375 0.028125 0.0375
1 0.3109375 0.71328125 0.028125 0.03984375
1 0.38984375 0.78125 0.0703125 0.15390625
1 0.41875 0.89609375 0.075 0.19609375
1 0.32265625 0.63515625 0.0265625 0.04140625
1 0.7296875 0.62421875 0.03125 0.04375
1 0.80390625 0.97734375 0.0453125 0.04140625
1 0.25859375 0.959375 0.0953125 0.07734375
1 0.875 0.98046875 0.034375 0.03515625
1 0.87890625 0.565625 0.0296875 0.04375
1 0.21484375 0.68046875 0.0546875 0.08515625
1 0.08984375 0.75703125 0.0359375 0.05234375
1 0.84453125 0.784375 0.0734375 0.25234375
1 0.72734375 0.62109375 0.0453125 0.0625
1 0.8265625 0.59921875 0.025 0.03515625
1 0.278125 0.746875 0.0375 0.04765625
1 0.121875 0.80546875 0.028125 0.03515625
1 0.08828125 0.88515625 0.0859375 0.21640625
1 0.51484375 0.96015625 0.0703125 0.075
1 0.03515625 0.790625 0.0390625 0.05625
1 0.73828125 0.48203125 0.0328125 0.04765625
1 0.359375 0.55234375 0.021875 0.02890625
1 0.56015625 0.78515625 0.0796875 0.125
1 0.728125 0.68828125 0.06875 0.17734375
1 0.17578125 0.615625 0.0328125 0.03984375
1 0.9625 0.69375 0.06875 0.24140625
1 0.43203125 0.95546875 0.0390625 0.04765625
1 0.0390625 0.58828125 0.028125 0.03984375
1 0.57421875 0.96328125 0.0546875 0.06484375
1 0.55703125 0.59609375 0.0515625 0.14140625
1 0.7 0.809375 0.059375 0.23984375
1 0.9828125 0.59140625 0.028125 0.04140625
1 0.403125 0.59921875 0.034375 0.04375
1 0.45625 0.66015625 0.03125 0.04140625
1 0.17265625 0.7125 0.0640625 0.23359375
1 0.46640625 0.70390625 0.0328125 0.04140625
1 0.2171875 0.80859375 0.05 0.175
1 0.03671875 0.81171875 0.0453125 0.09765625
1 0.11484375 0.73515625 0.0546875 0.15
1 0.778125 0.54375 0.034375 0.05
1 0.07890625 0.65546875 0.0296875 0.04375
1 0.85859375 0.68203125 0.0390625 0.05625
1 0.165625 0.975 0.0625 0.04609375
1 0.5546875 0.809375 0.059375 0.07265625
1 0.403125 0.653125 0.065625 0.16484375
1 0.03828125 0.66875 0.0515625 0.2
1 0.21328125 0.58515625 0.0296875 0.03359375
1 0.56875 0.69765625 0.06875 0.14609375
1 0.48046875 0.540625 0.0515625 0.15234375
1 0.38125 0.6875 0.03125 0.04140625
1 0.63515625 0.503125 0.0328125 0.05234375
1 0.51484375 0.665625 0.0515625 0.11484375
1 0.82421875 0.690625 0.0546875 0.21875
1 0.2078125 0.57421875 0.040625 0.05234375
1 0.30703125 0.80625 0.0453125 0.075
1 0.11640625 0.62734375 0.0578125 0.1125
1 0.309375 0.396875 0.01875 0.03125
1 0.15546875 0.43046875 0.0234375 0.03515625
1 0.16328125 0.94921875 0.0734375 0.09375
1 0.44140625 0.70390625 0.0296875 0.04609375
1 0.7796875 0.5875 0.021875 0.03359375
1 0.74296875 0.52734375 0.0546875 0.1375
1 0.87421875 0.63046875 0.0578125 0.16875
1 0.77890625 0.61171875 0.0453125 0.08125
1 0.26640625 0.56328125 0.0234375 0.03515625
1 0.66640625 0.821875 0.0515625 0.07734375
1 0.42109375 0.75859375 0.0328125 0.05390625
1 0.55234375 0.725 0.0609375 0.1125
1 0.31796875 0.73671875 0.0484375 0.08515625
1 0.28046875 0.675 0.0453125 0.1125
1 0.68046875 0.68828125 0.0390625 0.12265625
1 0.0796875 0.70390625 0.04375 0.1375
1 0.6328125 0.56640625 0.05625 0.15390625
1 0.3296875 0.675 0.059375 0.12109375
1 0.00859375 0.55703125 0.0171875 0.03125
1 0.15234375 0.58984375 0.0328125 0.05859375
1 0.3015625 0.60546875 0.03125 0.05234375
1 0.0890625 0.66484375 0.025 0.0375
1 0.1546875 0.92734375 0.046875 0.05859375
1 0.3484375 0.77734375 0.03125 0.0375
1 0.8265625 0.54140625 0.028125 0.0375
1 0.9078125 0.70078125 0.05625 0.20625
1 0.64609375 0.58828125 0.0296875 0.04375
1 0.2984375 0.86484375 0.0625 0.19609375
1 0.48359375 0.73515625 0.0296875 0.04140625
1 0.1859375 0.540625 0.025 0.03125
1 0.35625 0.59140625 0.04375 0.05390625
1 0.3578125 0.590625 0.046875 0.10625