0 0.36484375 0.3515625 0.028125 0.04921875
0 0.47265625 0.31796875 0.0296875 0.04921875
0 0.0890625 0.06875 0.0234375 0.0375
0 0.26484375 0.07421875 0.02265625 0.03125
0 0.040625 0.0609375 0.02421875 0.03671875
0 0.3921875 0.36640625 0.03125 0.053125
0 0.0453125 0.1171875 0.0234375 0.03671875
0 0.15703125 0.1 0.0234375 0.0328125
0 0.02421875 0.17578125 0.02421875 0.03671875
0 0.5328125 0.04765625 0.0140625 0.01953125
0 0.478125 0.1390625 0.0171875 0.0296875
0 0.6484375 0.2125 0.021875 0.03125
0 0.21953125 0.10625 0.025 0.0375
0 0.446875 0.0453125 0.0140625 0.021875
0 0.99140625 0.2171875 0.01484375 0.0234375
0 0.49296875 0.0765625 0.01640625 0.025
0 0.51640625 0.18203125 0.021875 0.03125
0 0.42109375 0.0421875 0.01484375 0.01953125
0 0.2734375 0.01875 0.0171875 0.0296875
0 0.353125 0.2078125 0.0265625 0.040625
0 0.8734375 0.32421875 0.02734375 0.03671875
0 0.21953125 0.0546875 0.021875 0.03671875
0 0.4328125 0.13515625 0.0171875 0.02890625
0 0.4640625 0.04921875 0.01640625 0.02578125
0 0.796875 0.4171875 0.0375 0.0484375
0 0.6046875 0.1796875 0.021875 0.03671875
0 0.87890625 0.21640625 0.01953125 0.02578125
0 0.43203125 0.253125 0.028125 0.0453125
0 0.540625 0.06953125 0.0140625 0.021875
0 0.653125 0.06015625 0.0125 0.02109375
0 0.73984375 0.0921875 0.01484375 0.02109375
0 0.70234375 0.053125 0.0125 0.02109375
0 0.56328125 0.05078125 0.01484375 0.0234375
0 0.12890625 0.0296875 0.0234375 0.03359375
0 0.790625 0.04296875 0.01171875 0.01796875
0 0.29921875 0.190625 0.02421875 0.04296875
0 0.60625 0.0296875 0.01171875 0.01953125
0 0.0828125 0.01171875 0.0234375 0.0234375
0 0.75625 0.04296875 0.01171875 0.01796875
0 0.7734375 0.0796875 0.015625 0.02109375
0 0.89609375 0.16953125 0.01484375 0.02109375
0 0.95 0.25625 0.0171875 0.025
0 0.3015625 0.0359375 0.0171875 0.0296875
0 0.8328125 0.04765625 0.01171875 0.0171875
0 0.98359375 0.37578125 0.0296875 0.0296875
0 0.971875 0.20078125 0.01640625 0.0234375
0 0.67265625 0.053125 0.015625 0.02109375
0 0.91328125 0.23828125 0.0171875 0.0234375
0 0.0046875 0.07265625 0.009375 0.046875
0 0.17109375 0.51953125 0.06328125 0.0859375
0 0.903125 0.1171875 0.0140625 0.01796875
0 0.7796875 0.00625 0.0109375 0.01171875
0 0.88125 0.04453125 0.0109375 0.015625
0 0.47109375 0.21796875 0.0265625 0.0375
0 0.70546875 0.02890625 0.0109375 0.015625
0 0.853125 0.05625 0.01171875 0.01796875
0 0.94453125 0.1296875 0.0140625 0.01953125
0 0.62578125 0.03203125 0.01171875 0.01953125
0 0.603125 0.06328125 0.01171875 0.01953125
0 0.73125 0.0515625 0.0140625 0.01953125
0 0.37578125 0.01328125 0.015625 0.0234375
0 0.23359375 0.41171875 0.01953125 0.0234375
0 0.73125 0.01953125 0.0109375 0.015625
0 0.56015625 0.08125 0.01484375 0.01953125
0 0.9546875 0.08125 0.01171875 0.0171875
0 0.71640625 0.02265625 0.0109375 0.0171875
0 0.94140625 0.23046875 0.0171875 0.0234375
0 0.7640625 0.00625 0.0125 0.0125
0 0.7453125 0.05546875 0.0125 0.0171875
0 0.98203125 0.26015625 0.01484375 0.02109375
0 0.91875 0.0171875 0.0078125 0.01328125
0 0.928125 0.128125 0.0125 0.01953125
0 0.4984375 0.1125 0.0171875 0.025
0 0.759375 0.06875 0.0140625 0.01953125
0 0.88125 0.00546875 0.00859375 0.01015625
0 0.90546875 0.0046875 0.0078125 0.009375
0 0.6984375 0.4328125 0.0265625 0.03515625
0 0.86953125 0.0296875 0.00859375 0.01328125
0 0.8921875 0.00546875 0.0078125 0.01015625
0 0.9296875 0.00546875 0.0078125 0.0078125
0 0.8578125 0.03515625 0.009375 0.015625
0 0.9046875 0.0171875 0.0078125 0.01328125
0 0.9671875 0.05625 0.0109375 0.0171875
0 0.91875 0.03203125 0.00859375 0.0140625
0 0.42421875 0.3109375 0.02265625 0.0296875
0 0.81875 0.00625 0.0109375 0.01171875
0 0.9546875 0.01796875 0.0078125 0.01328125
0 0.94453125 0.0296875 0.0078125 0.01171875
0 0.6453125 0.00625 0.01171875 0.01171875
0 0.91875 0.00546875 0.00703125 0.0078125
0 0.9296875 0.0171875 0.0078125 0.01171875
0 0.9265625 0.21171875 0.015625 0.01953125
0 0.71796875 0.00625 0.0109375 0.01171875
0 0.8359375 0.4171875 0.021875 0.0328125
0 0.96953125 0.0796875 0.01171875 0.01796875
0 0.98828125 0.08203125 0.0140625 0.01796875
0 0.9671875 0.0328125 0.00859375 0.01328125
0 0.96796875 0.01796875 0.00703125 0.01328125