0 0.7140625 0.6 0.034375 0.0546875
0 0.77109375 0.6 0.0359375 0.06015625
0 0.5453125 0.16796875 0.021875 0.03671875
0 0.4546875 0.3 0.028125 0.0484375
0 0.4875 0.11640625 0.01953125 0.02734375
0 0.87109375 0.225 0.0234375 0.0375
0 0.17578125 0.0140625 0.0203125 0.028125
0 0.4875 0.1734375 0.025 0.0375
0 0.56875 0.0125 0.01484375 0.025
0 0.01640625 0.271875 0.0265625 0.04140625
0 0.94140625 0.16796875 0.021875 0.03125
0 0.61171875 0.484375 0.03828125 0.04921875
0 0.45859375 0.815625 0.05546875 0.084375
0 0.65703125 0.14375 0.0234375 0.03515625
0 0.5375 0.84921875 0.05 0.07578125
0 0.28203125 0.18125 0.021875 0.03125
0 0.2453125 0.86875 0.0609375 0.09375
0 0.040625 0.2984375 0.0296875 0.04140625
0 0.4515625 0.19375 0.0234375 0.0390625
0 0.71875 0.01015625 0.015625 0.0203125
0 0.45 0.1125 0.0171875 0.0328125
0 0.2359375 0.09375 0.01953125 0.03125
0 0.30625 0.784375 0.0515625 0.0796875
0 0.45625 0.053125 0.01484375 0.0234375
0 0.28125 0.1125 0.0234375 0.0328125
0 0.59296875 0.025 0.01484375 0.01953125
0 0.171875 0.16953125 0.025 0.0390625
0 0.1140625 0.1734375 0.028125 0.0375
0 0.659375 0.0421875 0.01640625 0.025
0 0.478125 0.06171875 0.015625 0.025
0 0.68125 0.5140625 0.03515625 0.05625
0 0.540625 0.02578125 0.01484375 0.0234375
0 0.065625 0.1640625 0.03046875 0.04140625
0 0.11015625 0.10625 0.0234375 0.0328125
0 0.9171875 0.20703125 0.0328125 0.03359375
0 0.63203125 0.0484375 0.015625 0.0234375
0 0.75078125 0.01171875 0.01640625 0.0234375
0 0.6203125 0.00625 0.015625 0.01171875
0 0.66484375 0.00625 0.0140625 0.0125
0 0.82890625 0.0546875 0.0203125 0.02890625
0 0.6875 0.01015625 0.015625 0.0203125
0 0.55 0.00625 0.0171875 0.01171875
0 0.6390625 0.025 0.015625 0.021875
0 0.21015625 0.1875 0.02265625 0.03671875
0 0.8453125 0.2453125 0.028125 0.040625
0 0.0078125 0.23515625 0.015625 0.0328125
0 0.97109375 0.1609375 0.01875 0.0296875
0 0.49140625 0.4484375 0.01640625 0.02734375
0 0.84453125 0.00625 0.01484375 0.01171875
0 0.08203125 0.3640625 0.02734375 0.03515625
0 0.20234375 0.1578125 0.0203125 0.0234375