0 0.79375 0.31328125 0.01796875 0.03125
0 0.728125 0.578125 0.0265625 0.03984375
0 0.13828125 0.63125 0.0265625 0.03984375
0 0.80546875 0.4546875 0.021875 0.03515625
0 0.31796875 0.46171875 0.0203125 0.03515625
0 0.34375 0.3046875 0.01796875 0.03125
0 0.11875 0.590625 0.025 0.0421875
0 0.48515625 0.31640625 0.01796875 0.0328125
0 0.2046875 0.428125 0.0234375 0.03515625
0 0.47421875 0.5875 0.025 0.0484375
0 0.60625 0.240625 0.01640625 0.0265625
0 0.7578125 0.51640625 0.021875 0.03515625
0 0.01484375 0.22265625 0.01484375 0.0265625
0 0.2046875 0.3875 0.0203125 0.0328125
0 0.12109375 0.2453125 0.01875 0.0265625
0 0.90390625 0.51640625 0.025 0.03984375
0 0.55 0.478125 0.0234375 0.0375
0 0.61796875 0.19296875 0.01484375 0.02421875
0 0.89375 0.21953125 0.01484375 0.02421875
0 0.20390625 0.3046875 0.01875 0.03125
0 0.26484375 0.4578125 0.0203125 0.0328125
0 0.26875 0.6875 0.0296875 0.04609375
0 0.30625 0.37890625 0.0203125 0.0328125
0 0.46796875 0.19296875 0.01484375 0.02421875
0 0.36015625 0.496875 0.0234375 0.03515625
0 0.66484375 0.946875 0.04140625 0.06171875
0 0.01796875 0.44921875 0.0234375 0.0421875
0 0.14375 0.075 0.01484375 0.021875
0 0.59453125 0.48984375 0.021875 0.03515625
0 0.48359375 0.54296875 0.0265625 0.03515625
0 0.51484375 0.290625 0.01796875 0.02890625
0 0.7546875 0.19296875 0.01484375 0.02421875
0 0.78203125 0.2359375 0.01796875 0.0265625
0 0.2046875 0.35234375 0.01796875 0.02890625
0 0.57734375 0.34296875 0.01640625 0.02890625
0 0.08125 0.18984375 0.01640625 0.0265625
0 0.40625 0.54296875 0.025 0.03984375
0 0.8421875 0.2671875 0.01640625 0.0265625
0 0.16796875 0.34296875 0.0203125 0.0328125
0 0.67890625 0.2078125 0.01328125 0.021875
0 0.465625 0.37890625 0.01875 0.02890625
0 0.75625 0.2375 0.01328125 0.02421875
0 0.8328125 0.39296875 0.01875 0.03515625
0 0.3921875 0.3578125 0.01875 0.03125
0 0.45546875 0.21640625 0.01328125 0.0265625
0 0.73984375 0.43125 0.0203125 0.0328125
0 0.2546875 0.425 0.0203125 0.0328125
0 0.62890625 0.1015625 0.01015625 0.021875
0 0.83984375 0.1453125 0.01171875 0.021875
0 0.8953125 0.43671875 0.0234375 0.03515625
0 0.16875 0.4046875 0.0203125 0.0328125
0 0.32265625 0.32578125 0.01875 0.0328125
0 0.5765625 0.45234375 0.0203125 0.03515625
0 0.15234375 0.88203125 0.03359375 0.05546875
0 0.3859375 0.4046875 0.021875 0.0328125
0 0.8203125 0.70546875 0.0296875 0.04609375
0 0.246875 0.375 0.0203125 0.03125
0 0.8421875 0.34296875 0.01875 0.0328125
0 0.8703125 0.63125 0.0234375 0.03984375
0 0.03984375 0.128125 0.01796875 0.03125
0 0.3703125 0.43515625 0.0203125 0.03515625
0 0.24140625 0.3078125 0.01796875 0.02890625
0 0.80859375 0.35234375 0.01796875 0.0328125
0 0.80859375 0.16015625 0.01484375 0.02421875
0 0.38125 0.3015625 0.01484375 0.02890625
0 0.58125 0.18125 0.01484375 0.021875
0 0.415625 0.43515625 0.021875 0.03515625
0 0.02421875 0.38984375 0.025 0.0375
0 0.70390625 0.47578125 0.025 0.0421875
0 0.63125 0.51640625 0.0234375 0.03984375
0 0.66796875 0.328125 0.01796875 0.0328125
0 0.0828125 0.2375 0.01875 0.02890625
0 0.18125 0.48125 0.025 0.03984375
0 0.1109375 0.50234375 0.028125 0.0421875
0 0.56875 0.40390625 0.01875 0.03515625
0 0.8953125 0.3484375 0.0203125 0.03515625
0 0.3796875 0.1515625 0.01484375 0.02421875
0 0.19609375 0.26015625 0.01875 0.0265625
0 0.20234375 0.04296875 0.01015625 0.02421875
0 0.33671875 0.4125 0.0234375 0.03515625
0 0.2296875 0.21953125 0.01484375 0.02890625
0 0.92890625 0.47578125 0.025 0.0375
0 0.6578125 0.36640625 0.01875 0.03515625
0 0.38828125 0.184375 0.01484375 0.02421875
0 0.87734375 0.13125 0.01015625 0.01953125
0 0.76171875 0.5609375 0.0234375 0.03984375
0 0.63984375 0.71328125 0.0296875 0.053125
0 0.796875 0.64921875 0.0265625 0.04453125
0 0.9046875 0.38984375 0.01796875 0.0328125
0 0.48359375 0.46328125 0.0203125 0.03515625
0 0.98203125 0.1421875 0.01484375 0.01953125
0 0.54375 0.39609375 0.01875 0.0328125
0 0.69453125 0.40390625 0.01875 0.03515625
0 0.01875 0.5671875 0.0265625 0.04453125
0 0.54375 0.17734375 0.01328125 0.02421875
0 0.95078125 0.68984375 0.028125 0.04609375
0 0.7265625 0.6546875 0.0265625 0.04609375
0 0.078125 0.4109375 0.0265625 0.03984375
0 0.71328125 0.33984375 0.0203125 0.03125
0 0.36484375 0.37890625 0.0203125 0.0328125
0 0.65078125 0.46328125 0.021875 0.03515625
0 0.55234375 0.34296875 0.01640625 0.02890625
0 0.3578125 0.63984375 0.028125 0.04453125
0 0.34609375 0.46015625 0.021875 0.0328125
0 0.4296875 0.35234375 0.0203125 0.0328125
0 0.83125 0.51328125 0.025 0.0421875
0 0.89609375 0.184375 0.01015625 0.02421875
0 0.97265625 0.5640625 0.028125 0.04609375
0 0.77109375 0.3578125 0.01875 0.03125
0 0.83984375 0.29921875 0.0203125 0.02890625
0 0.93828125 0.384375 0.0203125 0.03515625
0 0.51015625 0.484375 0.0234375 0.0375
0 0.81484375 0.6078125 0.0234375 0.0375
0 0.4453125 0.5046875 0.0234375 0.0375
0 0.0796875 0.2890625 0.0203125 0.0265625
0 0.25390625 0.50234375 0.025 0.0421875
0 0.15390625 0.534375 0.025 0.04453125
0 0.41484375 0.265625 0.01796875 0.02890625
0 0.1359375 0.421875 0.021875 0.03515625
0 0.36015625 0.31875 0.01796875 0.0328125
0 0.09453125 0.01640625 0.01328125 0.01953125
0 0.62578125 0.44609375 0.021875 0.03515625
0 0.26953125 0.19296875 0.01640625 0.02890625
0 0.79453125 0.21640625 0.01640625 0.021875
0 0.64609375 0.19296875 0.01640625 0.02421875
0 0.95625 0.26015625 0.01640625 0.021875
0 0.30625 0.42265625 0.0203125 0.0328125
0 0.35546875 0.05546875 0.01328125 0.01796875
0 0.04140625 0.20234375 0.01484375 0.02421875
0 0.9796875 0.33984375 0.01796875 0.03125
0 0.43515625 0.1578125 0.01484375 0.02421875
0 0.92890625 0.0890625 0.01015625 0.01953125
0 0.84375 0.978125 0.04296875 0.03984375
0 0.61640625 0.32421875 0.01796875 0.03515625
0 0.10078125 0.225 0.01640625 0.0265625
0 0.45859375 0.27265625 0.01484375 0.02421875
0 0.21953125 0.28125 0.01640625 0.02890625
0 0.60625 0.271875 0.01640625 0.0265625
0 0.56640625 0.24296875 0.01484375 0.0265625
0 0.23203125 0.1453125 0.01796875 0.0265625
0 0.5109375 0.43359375 0.021875 0.0328125
0 0.92890625 0.18984375 0.01015625 0.021875
0 0.340625 0.79609375 0.03359375 0.05078125
0 0.72578125 0.18984375 0.01640625 0.021875
0 0.91484375 0.31328125 0.01796875 0.03125
0 0.73125 0.37890625 0.01875 0.0328125
0 0.56484375 0.21953125 0.01484375 0.02421875
0 0.11640625 0.33671875 0.0203125 0.0328125
0 0.31015625 0.2078125 0.01484375 0.0265625
0 0.51640625 0.16640625 0.01484375 0.02421875
0 0.86171875 0.37890625 0.0203125 0.0328125
0 0.78359375 0.425 0.0203125 0.0328125
0 0.51875 0.6046875 0.028125 0.053125
0 0.43125 0.13125 0.01328125 0.01953125
0 0.31953125 0.26015625 0.01640625 0.021875
0 0.63515625 0.2484375 0.01484375 0.02421875
0 0.13515625 0.278125 0.0203125 0.03125
0 0.52734375 0.21640625 0.01640625 0.021875
0 0.27578125 0.278125 0.01640625 0.03125
0 0.96328125 0.36953125 0.0203125 0.0328125
0 0.09609375 0.1984375 0.01875 0.0265625
0 0.371875 0.57578125 0.0265625 0.04453125
0 0.20390625 0.21953125 0.01640625 0.02890625
0 0.65546875 0.1578125 0.01328125 0.02421875
0 0.36328125 0.19296875 0.01484375 0.02421875
0 0.10703125 0.16640625 0.01484375 0.02890625
0 0.49296875 0.19296875 0.01484375 0.02421875
0 0.74140625 0.1578125 0.01484375 0.01953125
0 0.85234375 0.43125 0.021875 0.0375
0 0.41015625 0.14921875 0.01484375 0.02421875
0 0.21796875 0.52734375 0.0265625 0.04453125
0 0.04453125 0.278125 0.021875 0.03125
0 0.44609375 0.05390625 0.01015625 0.01953125
0 0.94765625 0.29609375 0.01875 0.03125
0 0.68984375 0.3734375 0.01796875 0.0265625
0 0.92265625 0.71953125 0.03125 0.0484375
0 0.30546875 0.01640625 0.01328125 0.01953125
0 0.10625 0.04296875 0.01328125 0.02421875
0 0.31640625 0.1515625 0.01484375 0.02421875
0 0.50078125 0.37890625 0.01875 0.0328125
0 0.21875 0.74609375 0.03203125 0.0484375
0 0.79765625 0.13125 0.01328125 0.02421875
0 0.98828125 0.4671875 0.0203125 0.0421875
0 0.12265625 0.3046875 0.01875 0.0265625
0 0.29453125 0.53671875 0.025 0.04453125
0 0.70859375 0.23203125 0.01484375 0.0265625
0 0.17265625 0.7921875 0.028125 0.04453125
0 0.48984375 0.24296875 0.01484375 0.0265625
0 0.69140625 0.2921875 0.01484375 0.02890625
0 0.05078125 0.08359375 0.01640625 0.021875
0 0.70703125 0.13125 0.01484375 0.01953125
0 0.78828125 0.8203125 0.03515625 0.05546875
0 0.54296875 0.25703125 0.01484375 0.02421875
0 0.66171875 0.846875 0.03203125 0.04609375
0 0.57578125 0.28671875 0.01640625 0.03125
0 0.65078125 0.128125 0.01328125 0.021875
0 0.05390625 0.05390625 0.01328125 0.01953125
0 0.26015625 0.29609375 0.0203125 0.03125
0 0.95625 0.23046875 0.01484375 0.02421875
0 0.30390625 0.3046875 0.01640625 0.03125
0 0.13984375 0.1453125 0.01484375 0.0265625
0 0.28125 0.371875 0.01796875 0.0328125
0 0.58125 0.13359375 0.01484375 0.01953125
0 0.47265625 0.4109375 0.01875 0.03125
0 0.89609375 0.1546875 0.01328125 0.021875
0 0.45625 0.3484375 0.01796875 0.0265625
0 0.153125 0.3078125 0.0203125 0.0328125
0 0.85234375 0.18984375 0.01328125 0.021875
0 0.99140625 0.19296875 0.01484375 0.02421875
0 0.49609375 0.01953125 0.01015625 0.01796875
0 0.63828125 0.31328125 0.01796875 0.03125
0 0.3921875 0.32578125 0.01640625 0.02890625
0 0.67109375 0.1421875 0.01015625 0.02421875
0 0.05859375 0.02734375 0.01484375 0.02421875
0 0.21640625 0.0890625 0.01171875 0.02421875
0 0.61875 0.4109375 0.01640625 0.021875
0 0.42265625 0.384375 0.021875 0.03125
0 0.33125 0.10703125 0.01484375 0.02421875
0 0.09375 0.3484375 0.01875 0.03125
0 0.86015625 0.2109375 0.01484375 0.02421875
0 0.86640625 0.2546875 0.01484375 0.02890625
0 0.17578125 0.2078125 0.01640625 0.0265625
0 0.16953125 0.1578125 0.01328125 0.02421875
0 0.47578125 0.6578125 0.028125 0.04453125
0 0.42265625 0.31640625 0.01640625 0.02890625
0 0.84921875 0.234375 0.01640625 0.021875
0 0.95703125 0.18984375 0.01484375 0.021875
0 0.66953125 0.08359375 0.01015625 0.021875
0 0.23203125 0.01640625 0.01484375 0.01953125
0 0.55625 0.03125 0.01015625 0.01796875
0 0.984375 0.36953125 0.01875 0.0328125
0 0.0640625 0.37890625 0.021875 0.0328125
0 0.04765625 0.31328125 0.021875 0.03125
0 0.27109375 0.23984375 0.01640625 0.0328125
0 0.43984375 0.24296875 0.01484375 0.0265625
0 0.90859375 0.171875 0.01484375 0.021875
0 0.01015625 0.18984375 0.01796875 0.0265625
0 0.48359375 0.16328125 0.01484375 0.021875
0 0.60234375 0.1046875 0.01015625 0.02421875
0 0.55546875 0.1015625 0.01015625 0.021875
0 0.45625 0.47265625 0.0203125 0.03125
0 0.06640625 0.09296875 0.01484375 0.021875
0 0.34453125 0.115625 0.01328125 0.02421875
0 0.86953125 0.0953125 0.01015625 0.01796875
0 0.47265625 0.2546875 0.01640625 0.02890625
0 0.23359375 0.05390625 0.01484375 0.02421875
0 0.70625 0.078125 0.01171875 0.01953125
0 0.93125 0.25859375 0.01640625 0.0265625
0 0.23515625 0.1046875 0.01484375 0.02421875
0 0.7046875 0.0421875 0.01171875 0.01796875
0 0.85234375 0.06953125 0.01015625 0.01953125
0 0.36796875 0.234375 0.01484375 0.021875
0 0.82109375 0.13125 0.01015625 0.01953125
0 0.51875 0.18984375 0.01328125 0.021875
0 0.33515625 0.2671875 0.01484375 0.0265625
0 0.40625 0.18984375 0.01328125 0.021875
0 0.58359375 0.31640625 0.01796875 0.02421875
0 0.34765625 0.1546875 0.01640625 0.021875
0 0.68203125 0.10703125 0.01171875 0.01953125
0 0.875 0.5875 0.0265625 0.03515625
0 0.94765625 0.3484375 0.01875 0.03125
0 0.37734375 0.128125 0.01015625 0.021875
0 0.48203125 0.034375 0.01171875 0.01953125
0 0.75234375 0.10390625 0.01015625 0.01796875
0 0.76875 0.09296875 0.01015625 0.01796875
0 0.79375 0.06640625 0.01171875 0.01796875
0 0.56953125 0.05390625 0.01015625 0.01953125
0 0.51484375 0.0875 0.01484375 0.02421875
0 0.32890625 0.08046875 0.01328125 0.02421875
0 0.60390625 0.9578125 0.04296875 0.05703125
0 0.43125 0.06640625 0.01015625 0.021875
0 0.89453125 0.24609375 0.01640625 0.02421875
0 0.42578125 0.21640625 0.01640625 0.0265625
0 0.82421875 0.21953125 0.01640625 0.02421875
0 0.15703125 0.21328125 0.01484375 0.02421875
0 0.75390625 0.63671875 0.025 0.0421875
0 0.52265625 0.32265625 0.01640625 0.03125
0 0.33984375 0.01875 0.01484375 0.01953125
0 0.43046875 0.0875 0.01015625 0.01953125
0 0.28359375 0.06640625 0.01171875 0.021875
0 0.0515625 0.61015625 0.0296875 0.0421875
0 0.78359375 0.09296875 0.01171875 0.01796875
0 0.40078125 0.2375 0.01640625 0.02421875
0 0.71953125 0.03984375 0.01015625 0.021875
0 0.69296875 0.01640625 0.01171875 0.015625
0 0.17734375 0.09296875 0.01328125 0.021875
0 0.13984375 0.18984375 0.01484375 0.03125
0 0.30390625 0.075 0.01328125 0.021875
0 0.34609375 0.2078125 0.01640625 0.0265625
0 0.13515625 0.0984375 0.01484375 0.02421875
0 0.11953125 0.01328125 0.01328125 0.021875
0 0.41640625 0.11953125 0.01171875 0.021875
0 0.17265625 0.290625 0.01875 0.02890625
0 0.27890625 0.13984375 0.01328125 0.02421875
0 0.02890625 0.06953125 0.01640625 0.02421875
0 0.84375 0.09296875 0.01015625 0.01796875
0 0.55234375 0.1453125 0.01015625 0.021875
0 0.96328125 0.1515625 0.01484375 0.02421875
0 0.73828125 0.1015625 0.01484375 0.021875
0 0.1421875 0.24296875 0.01640625 0.03125