0 0.01796875 0.27421875 0.034375 0.0484375
0 0.1546875 0.36796875 0.03984375 0.05625
0 0.08828125 0.55390625 0.04765625 0.06875
0 0.08125 0.18203125 0.0265625 0.0390625
0 0.65390625 0.05625 0.02265625 0.03671875
0 0.790625 0.09375 0.02421875 0.03671875
0 0.665625 0.47265625 0.03828125 0.06015625
0 0.3359375 0.33046875 0.0328125 0.0390625
0 0.5203125 0.23828125 0.02734375 0.04140625
0 0.7921875 0.603125 0.06328125 0.08984375
0 0.29375 0.08046875 0.0203125 0.03125
0 0.18203125 0.01796875 0.01640625 0.0234375
0 0.08046875 0.35078125 0.0421875 0.053125
0 0.2296875 0.44375 0.0453125 0.06796875
0 0.81171875 0.12421875 0.02421875 0.04296875
0 0.5828125 0.0796875 0.02265625 0.0328125
0 0.1375 0.81875 0.0671875 0.1015625
0 0.3921875 0.96015625 0.0796875 0.0765625
0 0.50390625 0.13828125 0.02734375 0.0390625
0 0.215625 0.24453125 0.0265625 0.04140625
0 0.0125 0.1640625 0.0234375 0.03359375
0 0.9328125 0.11328125 0.0265625 0.0390625
0 0.43984375 0.24140625 0.0265625 0.0484375
0 0.04765625 0.16171875 0.0265625 0.0390625
0 0.0265625 0.4859375 0.04609375 0.0625
0 0.5828125 0.16328125 0.0296875 0.0453125
0 0.55546875 0.6453125 0.0578125 0.08984375
0 0.465625 0.46015625 0.0390625 0.0609375
0 0.26953125 0.40625 0.03515625 0.05703125
0 0.38984375 0.07578125 0.01875 0.02578125
0 0.3703125 0.4 0.04296875 0.0640625
0 0.63203125 0.4359375 0.040625 0.06796875
0 0.1375 0.53671875 0.040625 0.0625
0 0.6796875 0.0140625 0.021875 0.02734375
0 0.7140625 0.04921875 0.02265625 0.03125
0 0.54375 0.0640625 0.01953125 0.02578125
0 0.98359375 0.04375 0.0265625 0.04296875
0 0.32734375 0.3859375 0.0375 0.05625
0 0.49296875 0.5578125 0.0421875 0.07421875
0 0.50703125 0.4796875 0.0453125 0.06640625
0 0.7140625 0.01328125 0.02265625 0.02578125
0 0.51328125 0.7671875 0.0734375 0.0921875
0 0.2640625 0.07421875 0.0171875 0.02578125
0 0.61875 0.0421875 0.0171875 0.0296875
0 0.08125 0.11796875 0.0171875 0.025
0 0.3515625 0.5203125 0.046875 0.06640625
0 0.0078125 0.1046875 0.015625 0.0296875
0 0.60625 0.00859375 0.01953125 0.0171875
0 0.68828125 0.19921875 0.021875 0.03125
0 0.8046875 0.0390625 0.021875 0.03125
0 0.7125 0.31875 0.02734375 0.04453125
0 0.0484375 0.25390625 0.0328125 0.0390625
0 0.4390625 0.0796875 0.01484375 0.0234375
0 0.15703125 0.00625 0.01484375 0.01171875
0 0.44296875 0.00859375 0.01484375 0.0171875
0 0.97578125 0.00625 0.0234375 0.01171875
0 0.428125 0.021875 0.01484375 0.02578125
0 0.00625 0.13515625 0.01171875 0.0234375
0 0.4703125 0.00625 0.0125 0.0125
0 0.18828125 0.21875 0.025 0.03671875
0 0.690625 0.353125 0.034375 0.0484375
0 0.91796875 0.0640625 0.0234375 0.03359375
0 0.03515625 0.13046875 0.0171875 0.02109375
0 0.0171875 0.08125 0.0171875 0.01953125
0 0.628125 0.01796875 0.0171875 0.02578125
0 0.696875 0.084375 0.03125 0.0390625
0 0.540625 0.00703125 0.015625 0.0140625