0 0.24453125 0.571875 0.0421875 0.06640625
0 0.53203125 0.34765625 0.03203125 0.04921875
0 0.37578125 0.2109375 0.0296875 0.0390625
0 0.759375 0.3 0.03828125 0.05078125
0 0.40859375 0.26328125 0.03046875 0.0390625
0 0.578125 0.04375 0.0171875 0.025
0 0.175 0.64140625 0.0453125 0.071875
0 0.475 0.55546875 0.04765625 0.06875
0 0.35 0.5296875 0.04296875 0.06875
0 0.0453125 0.29140625 0.03515625 0.046875
0 0.2015625 0.21640625 0.02734375 0.04140625
0 0.290625 0.21875 0.02734375 0.0390625
0 0.68828125 0.35625 0.034375 0.05625
0 0.13984375 0.52265625 0.04296875 0.06875
0 0.8421875 0.04375 0.021875 0.025
0 0.259375 0.31640625 0.03203125 0.04453125
0 0.128125 0.18125 0.0265625 0.03671875
0 0.98515625 0.20546875 0.02734375 0.04921875
0 0.93046875 0.23125 0.03828125 0.05078125
0 0.7390625 0.38515625 0.03984375 0.05703125
0 0.83046875 0.29921875 0.0421875 0.05703125
0 0.27109375 0.16796875 0.028125 0.0390625
0 0.48125 0.1 0.021875 0.0296875
0 0.715625 0.025 0.01875 0.03125
0 0.44375 0.0359375 0.01875 0.0296875
0 0.86171875 0.2671875 0.034375 0.04453125
0 0.95234375 0.02265625 0.02421875 0.0328125
0 0.43125 0.475 0.0390625 0.05625
0 0.3203125 0.33046875 0.0390625 0.05703125
0 0.55625 0.4296875 0.0390625 0.0546875
0 0.5203125 0.4953125 0.040625 0.0609375
0 0.4578125 0.6671875 0.0609375 0.0765625
0 0.984375 0.0875 0.025 0.0390625
0 0.89296875 0.02578125 0.0203125 0.03125
0 0.56328125 0.06796875 0.0171875 0.02578125
0 0.19453125 0.1703125 0.025 0.0328125
0 0.603125 0.0640625 0.01875 0.02578125
0 0.2703125 0.9265625 0.09765625 0.1421875
0 0.92734375 0.03046875 0.02421875 0.0296875
0 0.01328125 0.49375 0.0265625 0.0546875
0 0.428125 0.0859375 0.01953125 0.02890625
0 0.4859375 0.03671875 0.0171875 0.03125
0 0.7453125 0.0125 0.01875 0.025
0 0.99296875 0.01796875 0.0125 0.03125
0 0.69375 0.00859375 0.01484375 0.0171875
0 0.6921875 0.0421875 0.021875 0.0328125
0 0.415625 0.00625 0.01875 0.0125
0 0.15703125 0.18515625 0.02265625 0.03671875
0 0.2265625 0.29921875 0.0296875 0.04921875
0 0.42109375 0.04375 0.01640625 0.01953125
0 0.6703125 0.01875 0.0171875 0.025
0 0.5265625 0.07578125 0.015625 0.0234375
0 0.64140625 0.00625 0.015625 0.01171875
0 0.31796875 0.64296875 0.05546875 0.08046875
0 0.36640625 0.72890625 0.05390625 0.07578125
0 0.63046875 0.04375 0.01484375 0.025
0 0.54609375 0.04453125 0.01484375 0.0234375
0 0.81953125 0.00625 0.0234375 0.01171875