0 0.60859375 0.40078125 0.03828125 0.06015625
0 0.0875 0.17890625 0.0265625 0.0375
0 0.571875 0.38125 0.03515625 0.0609375
0 0.92421875 0.0296875 0.02421875 0.03671875
0 0.1859375 0.24296875 0.02734375 0.0375
0 0.4515625 0.0296875 0.015625 0.025
0 0.7359375 0.61953125 0.0546875 0.078125
0 0.353125 0.1453125 0.025 0.0375
0 0.94453125 0.271875 0.040625 0.0546875
0 0.3015625 0.1546875 0.021875 0.0328125
0 0.48125 0.025 0.01875 0.02578125
0 0.3671875 0.41328125 0.040625 0.05859375
0 0.096875 0.28828125 0.0265625 0.04296875
0 0.53203125 0.1578125 0.02265625 0.03359375
0 0.31875 0.38828125 0.034375 0.05234375
0 0.36796875 0.03203125 0.01875 0.0296875
0 0.12578125 0.28828125 0.0296875 0.040625
0 0.59765625 0.01875 0.0171875 0.02734375
0 0.8921875 0.1359375 0.0296875 0.040625
0 0.4984375 0.1390625 0.0203125 0.0328125
0 0.22265625 0.07421875 0.01953125 0.02578125
0 0.321875 0.275 0.03125 0.04453125
0 0.25234375 0.134375 0.01875 0.0328125
0 0.94375 0.16796875 0.03828125 0.04921875
0 0.73125 0.25625 0.059375 0.0703125
0 0.70546875 0.0375 0.0203125 0.02578125
0 0.7171875 0.06875 0.0203125 0.0328125
0 0.02109375 0.16640625 0.0265625 0.03671875
0 0.85 0.05625 0.02265625 0.03125
0 0.48515625 0.096875 0.0203125 0.03515625
0 0.221875 0.125 0.0203125 0.03125
0 0.24765625 0.240625 0.0265625 0.04453125
0 0.509375 0.0140625 0.0171875 0.02578125
0 0.16875 0.05625 0.01875 0.0234375
0 0.13359375 0.16953125 0.025 0.03671875
0 0.43828125 0.3046875 0.05390625 0.07578125
0 0.95859375 0.00625 0.0265625 0.01171875
0 0.76484375 0.00625 0.01875 0.01171875
0 0.51796875 0.45546875 0.02421875 0.03125
0 0.03203125 0.23203125 0.021875 0.03359375
0 0.15546875 0.11796875 0.01875 0.01953125
0 0.4921875 0.00546875 0.0171875 0.01015625
0 0.28046875 0.0421875 0.01875 0.021875
0 0.16875 0.1421875 0.0203125 0.0296875
0 0.37890625 0.00625 0.0171875 0.01171875
0 0.78828125 0.00546875 0.01953125 0.01015625