0 0.07890625 0.1359375 0.0171875 0.02734375
0 0.8953125 0.14375 0.021875 0.0328125
0 0.325 0.2078125 0.02265625 0.0328125
0 0.66875 0.228125 0.028125 0.04296875
0 0.86640625 0.14375 0.02265625 0.0328125
0 0.67421875 0.3875 0.028125 0.04296875
0 0.228125 0.3390625 0.02734375 0.0375
0 0.77421875 0.20625 0.0203125 0.0328125
0 0.1125 0.1375 0.0171875 0.025
0 0.34140625 0.18125 0.0203125 0.0296875
0 0.7 0.209375 0.02421875 0.0390625
0 0.5265625 0.54296875 0.0328125 0.04453125
0 0.8171875 0.8296875 0.059375 0.08203125
0 0.1859375 0.29375 0.02421875 0.0375
0 0.11484375 0.24296875 0.02421875 0.0328125
0 0.18828125 0.128125 0.0203125 0.02734375
0 0.1546875 0.28828125 0.025 0.0328125
0 0.6484375 0.428125 0.02734375 0.04140625
0 0.0109375 0.2875 0.0203125 0.0296875
0 0.0078125 0.0984375 0.015625 0.025
0 0.28828125 0.3828125 0.025 0.03671875
0 0.459375 0.4828125 0.03203125 0.05078125
0 0.20703125 0.31328125 0.0234375 0.0328125
0 0.35859375 0.44375 0.0296875 0.04140625
0 0.2890625 0.32421875 0.02734375 0.0390625
0 0.42421875 0.096875 0.01875 0.0296875
0 0.628125 0.04375 0.01640625 0.025
0 0.04609375 0.115625 0.01875 0.0234375
0 0.63359375 0.0171875 0.0140625 0.01953125
0 0.68046875 0.3296875 0.0203125 0.0296875
0 0.06328125 0.26796875 0.0203125 0.02578125
0 0.303125 0.009375 0.0125 0.01875
0 0.59296875 0.61328125 0.03828125 0.05234375
0 0.91875 0.103125 0.01875 0.02734375
0 0.23828125 0.00625 0.015625 0.01171875
0 0.20234375 0.065625 0.01640625 0.021875
0 0.028125 0.05078125 0.01484375 0.02109375
0 0.553125 0.0234375 0.0125 0.02109375
0 0.20625 0.01328125 0.0140625 0.02109375
0 0.03203125 0.00625 0.01484375 0.01171875
0 0.33671875 0.4046875 0.0265625 0.040625
0 0.76484375 0.1796875 0.0234375 0.02578125
0 0.5203125 0.10625 0.0171875 0.0296875
0 0.4703125 0.01796875 0.0140625 0.01796875
0 0.35 0.2359375 0.02265625 0.0296875
0 0.0984375 0.05703125 0.01640625 0.02109375
0 0.4859375 0.01171875 0.01171875 0.01796875
0 0.96796875 0.19765625 0.0203125 0.03125
0 0.0046875 0.00703125 0.009375 0.0140625