0 0.1765625 0.35 0.0296875 0.04140625
0 0.578125 0.40703125 0.03125 0.0453125
0 0.478125 0.42265625 0.028125 0.0453125
0 0.159375 0.48203125 0.034375 0.0546875
0 0.35234375 0.38671875 0.03046875 0.04453125
0 0.28203125 0.26796875 0.03125 0.04453125
0 0.47109375 0.3109375 0.0203125 0.03515625
0 0.01796875 0.15546875 0.02265625 0.0375
0 0.62578125 0.49375 0.0328125 0.04921875
0 0.065625 0.30546875 0.03046875 0.0484375
0 0.14375 0.26171875 0.03125 0.04453125
0 0.059375 0.2109375 0.0296875 0.0390625
0 0.696875 0.21875 0.021875 0.03125
0 0.053125 0.13203125 0.01953125 0.0328125
0 0.3578125 0.15703125 0.021875 0.0328125
0 0.54609375 0.1890625 0.01953125 0.03125
0 0.2453125 0.04375 0.01484375 0.025
0 0.63046875 0.2125 0.0203125 0.0328125
0 0.61171875 0.3125 0.028125 0.04140625
0 0.3765625 0.36875 0.02734375 0.04296875
0 0.7828125 0.2109375 0.0203125 0.02578125
0 0.603125 0.09296875 0.0125 0.01953125
0 0.075 0.1140625 0.0203125 0.03515625
0 0.20546875 0.05625 0.0125 0.01953125
0 0.87109375 0.3734375 0.03125 0.04140625
0 0.428125 0.08515625 0.01484375 0.021875
0 0.68828125 0.284375 0.0234375 0.03515625
0 0.8109375 0.4515625 0.034375 0.05625
0 0.35703125 0.06875 0.01484375 0.01953125
0 0.3984375 0.1328125 0.0171875 0.02890625
0 0.68046875 0.1453125 0.0125 0.01953125
0 0.6796875 0.38046875 0.03515625 0.05703125
0 0.7078125 0.31171875 0.0234375 0.0375
0 0.5890625 0.22421875 0.021875 0.03125
0 0.6515625 0.15703125 0.015625 0.025
0 0.23828125 0.13125 0.021875 0.0296875
0 0.5609375 0.15078125 0.01640625 0.0234375
0 0.60859375 0.14375 0.01484375 0.025
0 0.33984375 0.10703125 0.0171875 0.02890625
0 0.9734375 0.28046875 0.0234375 0.0296875
0 0.4390625 0.14453125 0.0171875 0.02890625
0 0.58515625 0.09765625 0.0140625 0.02109375
0 0.2796875 0.04296875 0.0125 0.01796875
0 0.384375 0.040625 0.0125 0.01953125
0 0.74375 0.21875 0.0171875 0.02578125
0 0.44453125 0.00703125 0.01171875 0.0140625
0 0.728125 0.1375 0.01171875 0.0171875
0 0.47734375 0.10703125 0.0140625 0.0234375
0 0.340625 0.02578125 0.0125 0.01796875
0 0.54375 0.11953125 0.01484375 0.0234375
0 0.634375 0.06875 0.0109375 0.01953125
0 0.52109375 0.20703125 0.0203125 0.03125
0 0.3203125 0.021875 0.009375 0.01796875
0 0.4296875 0.0609375 0.0140625 0.01953125
0 0.31328125 0.0484375 0.01171875 0.01796875
0 0.92890625 0.18828125 0.01484375 0.021875
0 0.3078125 0.06953125 0.0140625 0.021875
0 0.7078125 0.1203125 0.01171875 0.0171875
0 0.6828125 0.0671875 0.01171875 0.0171875
0 0.4296875 0.0375 0.01171875 0.01796875
0 0.765625 0.1296875 0.01171875 0.0171875
0 0.35625 0.00546875 0.0109375 0.01015625
0 0.37890625 0.0171875 0.01171875 0.01796875
0 0.184375 0.0140625 0.0140625 0.02109375
0 0.3421875 0.05078125 0.0140625 0.0234375
0 0.7140625 0.08046875 0.0109375 0.01796875
0 0.7796875 0.08046875 0.009375 0.01328125
0 0.46953125 0.0484375 0.0125 0.01953125
0 0.81953125 0.0953125 0.009375 0.015625
0 0.37578125 0.11640625 0.015625 0.025
0 0.128125 0.0078125 0.0140625 0.015625
0 0.53046875 0.1046875 0.0125 0.021875
0 0.753125 0.11796875 0.0109375 0.0171875
0 0.4671875 0.00703125 0.0109375 0.0140625
0 0.6703125 0.18046875 0.015625 0.025
0 0.79375 0.09140625 0.0109375 0.015625
0 0.1609375 0.009375 0.0125 0.01875
0 0.3953125 0.00859375 0.01171875 0.0171875
0 0.5921875 0.1671875 0.0171875 0.0296875
0 0.59609375 0.525 0.0421875 0.0625
0 0.88984375 0.09765625 0.01171875 0.015625
0 0.29375 0.04921875 0.0125 0.01796875
0 0.43125 0.00625 0.0125 0.01171875
0 0.8953125 0.15625 0.0140625 0.02109375
0 0.325 0.1859375 0.0234375 0.03515625
0 0.51484375 0.14453125 0.01484375 0.0234375
0 0.76796875 0.1625 0.01484375 0.01796875
0 0.48125 0.084375 0.0140625 0.01796875
0 0.6421875 0.04140625 0.009375 0.015625
0 0.2703125 0.06796875 0.01484375 0.02578125
0 0.009375 0.2109375 0.01875 0.0375
0 0.6296875 0.13046875 0.0140625 0.0234375
0 0.1796875 0.053125 0.0140625 0.02109375
0 0.7453125 0.1421875 0.01171875 0.0171875
0 0.99453125 0.22265625 0.00859375 0.02578125
0 0.66875 0.04375 0.00859375 0.0140625
0 0.65703125 0.11875 0.0125 0.01796875
0 0.5203125 0.1734375 0.01953125 0.0296875
0 0.6171875 0.0546875 0.009375 0.015625
0 0.415625 0.00546875 0.0125 0.01015625
0 0.665625 0.14453125 0.0125 0.02109375
0 0.76796875 0.0796875 0.00859375 0.01328125
0 0.49609375 0.0828125 0.0140625 0.01953125
0 0.70234375 0.14375 0.0125 0.01953125
0 0.50859375 0.0328125 0.01171875 0.01796875
0 0.909375 0.18125 0.0125 0.01953125
0 0.6546875 0.08046875 0.0109375 0.01796875
0 0.40703125 0.02578125 0.0109375 0.01796875
0 0.728125 0.11875 0.009375 0.01328125
0 0.16875 0.0390625 0.0125 0.02109375
0 0.603125 0.1234375 0.01484375 0.01953125
0 0.44609375 0.08203125 0.0140625 0.0234375
0 0.79375 0.1328125 0.0109375 0.015625
0 0.73359375 0.08203125 0.0109375 0.01796875
0 0.3796875 0.06328125 0.0140625 0.01953125
0 0.4125 0.05625 0.0125 0.021875
0 0.2125 0.0125 0.0140625 0.01953125
0 0.51015625 0.1234375 0.01484375 0.0234375
0 0.7453125 0.17890625 0.01484375 0.01953125
0 0.75703125 0.1984375 0.01484375 0.021875
0 0.26796875 0.00625 0.0125 0.01171875
0 0.478125 0.00625 0.0109375 0.01171875
0 0.86484375 0.11875 0.0109375 0.01328125
0 0.6796875 0.04453125 0.009375 0.015625
0 0.68828125 0.1859375 0.01875 0.0234375
0 0.25703125 0.02265625 0.01171875 0.01953125
0 0.00625 0.00625 0.01171875 0.01171875
0 0.3703125 0.00625 0.009375 0.01171875
0 0.95234375 0.18828125 0.0140625 0.0171875
0 0.6171875 0.1015625 0.01171875 0.01796875
0 0.90546875 0.10703125 0.0109375 0.015625