1 0.49921875 0.4984375 0.99296875 0.9890625
1 0.5078125 0.9296875 0.05859375 0.10234375
1 0.428125 0.9140625 0.0703125 0.09453125
1 0.52421875 0.80546875 0.0484375 0.07421875
1 0.35859375 0.87578125 0.06875 0.09453125
1 0.77265625 0.8515625 0.065625 0.09140625
1 0.7359375 0.8109375 0.05390625 0.0875
1 0.2 0.6640625 0.04765625 0.06875
1 0.18125 0.8984375 0.06171875 0.08515625
1 0.30625 0.8515625 0.07109375 0.09453125
1 0.4671875 0.53671875 0.034375 0.0578125
1 0.74765625 0.5765625 0.03203125 0.0515625
1 0.578125 0.6078125 0.03125 0.0515625
1 0.51484375 0.61484375 0.03828125 0.06171875
1 0.428125 0.52421875 0.04296875 0.05390625
1 0.57890625 0.8125 0.0546875 0.0671875
1 0.2625 0.64453125 0.03828125 0.0609375
1 0.46796875 0.6078125 0.03828125 0.059375
1 0.5734375 0.8703125 0.05390625 0.06484375
1 0.603125 0.76796875 0.05078125 0.07578125
1 0.25859375 0.846875 0.05078125 0.08515625
1 0.7 0.96328125 0.0796875 0.0671875
1 0.1890625 0.7265625 0.046875 0.0703125
1 0.28828125 0.69921875 0.0421875 0.0671875
1 0.41875 0.77421875 0.05390625 0.07421875
1 0.2453125 0.57890625 0.03515625 0.0578125
1 0.86484375 0.65390625 0.03828125 0.059375
1 0.8546875 0.94375 0.0609375 0.08125
1 0.6640625 0.6046875 0.040625 0.0578125
1 0.059375 0.6046875 0.0390625 0.06328125
1 0.72578125 0.71796875 0.0453125 0.0578125
1 0.16796875 0.5859375 0.0390625 0.05390625
1 0.5625 0.56953125 0.03125 0.05
1 0.68984375 0.65859375 0.04609375 0.07421875
1 0.428125 0.378125 0.02734375 0.04140625
1 0.02890625 0.9328125 0.0578125 0.096875
1 0.2109375 0.5609375 0.03125 0.05
1 0.30234375 0.6140625 0.03984375 0.0609375
1 0.39375 0.72265625 0.0453125 0.06328125
1 0.284375 0.975 0.075 0.04453125
1 0.4046875 0.8453125 0.053125 0.07578125
1 0.365625 0.5328125 0.03046875 0.05234375
1 0.70234375 0.58125 0.03203125 0.0515625
1 0.4875 0.41328125 0.02734375 0.05
1 0.778125 0.96875 0.0703125 0.05625
1 0.08671875 0.91640625 0.075 0.0890625
1 0.440625 0.471875 0.0328125 0.0484375
1 0.23671875 0.4734375 0.0265625 0.05
1 0.5234375 0.64453125 0.06640625 0.12109375
1 0.39921875 0.59375 0.0359375 0.05546875
1 0.41328125 0.31953125 0.0265625 0.04296875
1 0.9734375 0.6984375 0.03046875 0.06640625
1 0.53671875 0.73671875 0.04609375 0.06328125
1 0.2671875 0.92109375 0.0640625 0.0765625
1 0.15390625 0.48046875 0.03046875 0.05
1 0.60859375 0.68515625 0.05078125 0.07109375
1 0.54609375 0.96796875 0.059375 0.0578125
1 0.62578125 0.42578125 0.0328125 0.04609375
1 0.8671875 0.771875 0.05078125 0.0578125
1 0.79140625 0.4984375 0.028125 0.040625
1 0.7734375 0.94296875 0.0765625 0.0984375
1 0.6625 0.69453125 0.04765625 0.07109375
1 0.0375 0.80859375 0.05859375 0.06484375
1 0.79453125 0.5890625 0.0359375 0.059375
1 0.7921875 0.44609375 0.02734375 0.04609375
1 0.3578125 0.6734375 0.040625 0.0578125
1 0.54375 0.42578125 0.02734375 0.0484375
1 0.4734375 0.67578125 0.03828125 0.0609375
1 0.65703125 0.35078125 0.02421875 0.04140625
1 0.8828125 0.39921875 0.02734375 0.04296875
1 0.3125 0.396875 0.03125 0.04453125
1 0.36640625 0.76328125 0.05 0.0765625
1 0.83359375 0.43515625 0.0265625 0.04296875
1 0.35234375 0.33515625 0.02734375 0.04140625
1 0.6703125 0.53671875 0.03125 0.04453125
1 0.2859375 0.4375 0.028125 0.04140625
1 0.2484375 0.72890625 0.0515625 0.06484375
1 0.17890625 0.796875 0.05546875 0.07109375
1 0.18125 0.5359375 0.0328125 0.05234375
1 0.69609375 0.78359375 0.03984375 0.06875
1 0.1078125 0.54921875 0.0328125 0.0578125
1 0.63125 0.85859375 0.05625 0.08359375
1 0.6125 0.35078125 0.028125 0.04609375
1 0.36796875 0.39921875 0.02421875 0.04296875
1 0.53359375 0.6828125 0.0421875 0.05234375
1 0.121875 0.878125 0.0546875 0.090625
1 0.921875 0.30078125 0.0296875 0.04609375
1 0.28203125 0.5296875 0.02734375 0.04609375
1 0.80625 0.2953125 0.02421875 0.040625
1 0.54765625 0.515625 0.0328125 0.04453125
1 0.5546875 0.37734375 0.0296875 0.04609375
1 0.33828125 0.64453125 0.03828125 0.059375
1 0.17734375 0.86796875 0.0671875 0.08359375
1 0.92109375 0.60546875 0.0375 0.0484375
1 0.93203125 0.9171875 0.06171875 0.090625
1 0.64921875 0.40234375 0.03046875 0.046875
1 0.10234375 0.83125 0.059375 0.0703125
1 0.37734375 0.45703125 0.03203125 0.04609375
1 0.6125 0.5515625 0.03046875 0.05234375
1 0.03984375 0.503125 0.03203125 0.05234375
1 0.12265625 0.66015625 0.03984375 0.0515625
1 0.7984375 0.70078125 0.03515625 0.0671875
1 0.9234375 0.509375 0.03046875 0.04296875
1 0.63203125 0.73984375 0.04296875 0.078125
1 0.6875 0.35546875 0.02734375 0.04609375
1 0.33515625 0.53125 0.03203125 0.04609375
1 0.90546875 0.86484375 0.07421875 0.0953125
1 0.35078125 0.57890625 0.03203125 0.05546875
1 0.2078125 0.5203125 0.03125 0.04296875
1 0.94453125 0.78515625 0.0453125 0.06875
1 0.1609375 0.403125 0.02734375 0.040625
1 0.9015625 0.70390625 0.03828125 0.06328125
1 0.76640625 0.75859375 0.0421875 0.0484375
1 0.7390625 0.403125 0.028125 0.04609375
1 0.5515625 0.28203125 0.025 0.04296875
1 0.09296875 0.7515625 0.0484375 0.0796875
1 0.85859375 0.8375 0.0703125 0.109375
1 0.25703125 0.52890625 0.03203125 0.05
1 0.665625 0.8765625 0.0671875 0.0796875
1 0.84140625 0.72265625 0.04765625 0.06484375
1 0.103125 0.49453125 0.02734375 0.04609375
1 0.78828125 0.3390625 0.0265625 0.04140625
1 0.6953125 0.48515625 0.0328125 0.04609375
1 0.6265625 0.49140625 0.03046875 0.04453125
1 0.0578125 0.6703125 0.0359375 0.05234375