0 0.67421875 0.25703125 0.03046875 0.0484375
0 0.91015625 0.19921875 0.0328125 0.04921875
0 0.63359375 0.1328125 0.02421875 0.04453125
0 0.6140625 0.2125 0.028125 0.0453125
0 0.62578125 0.29140625 0.028125 0.046875
0 0.7234375 0.11640625 0.0234375 0.04296875
0 0.78203125 0.02265625 0.0265625 0.0375
0 0.7671875 0.084375 0.02734375 0.04140625
0 0.96953125 0.26875 0.040625 0.0609375
0 0.1265625 0.7 0.0453125 0.0609375
0 0.57109375 0.4171875 0.03046875 0.0484375
0 0.85078125 0.23828125 0.0390625 0.05703125
0 0.728125 0.40703125 0.0484375 0.0609375
0 0.33671875 0.8015625 0.06875 0.1078125
0 0.23671875 0.4609375 0.028125 0.04140625
0 0.80546875 0.0890625 0.028125 0.04296875
0 0.284375 0.4375 0.028125 0.04140625
0 0.434375 0.1 0.02421875 0.04453125
0 0.3421875 0.2484375 0.025 0.04296875
0 0.5109375 0.69296875 0.05859375 0.09375
0 0.9859375 0.18125 0.025 0.04453125
0 0.8140625 0.3765625 0.0453125 0.06484375
0 0.8234375 0.19375 0.0328125 0.04296875
0 0.978125 0.0234375 0.02421875 0.03359375
0 0.51484375 0.1921875 0.0296875 0.0484375
0 0.5609375 0.0796875 0.025 0.04140625
0 0.0515625 0.82578125 0.053125 0.0703125
0 0.6890625 0.04140625 0.02734375 0.0390625
0 0.31640625 0.28515625 0.0234375 0.0390625
0 0.76796875 0.22421875 0.03984375 0.05703125
0 0.365625 0.01484375 0.0203125 0.0296875
0 0.43828125 0.275 0.03203125 0.04921875
0 0.39140625 0.0484375 0.0203125 0.03125
0 0.20234375 0.51171875 0.0328125 0.04921875
0 0.4328125 0.225 0.028125 0.0390625
0 0.37578125 0.27421875 0.02265625 0.0328125
0 0.21796875 0.7125 0.05546875 0.07578125
0 0.98359375 0.06875 0.02421875 0.04296875
0 0.22265625 0.57578125 0.0375 0.0546875
0 0.171875 0.0265625 0.0171875 0.025
0 0.128125 0.01875 0.01640625 0.025
0 0.29921875 0.5578125 0.02421875 0.03515625
0 0.11484375 0.00625 0.01640625 0.01171875
0 0.50546875 0.00625 0.0203125 0.0125
0 0.2078125 0.00625 0.015625 0.0125
0 0.17734375 0.00625 0.0203125 0.0125
0 0.4015625 0.0078125 0.021875 0.015625
0 0.465625 0.00625 0.0171875 0.01171875
0 0.60625 0.0875 0.02421875 0.0390625
0 0.74140625 0.00625 0.0203125 0.0125
0 0.371875 0.190625 0.03046875 0.040625
0 0.54375 0.1328125 0.028125 0.046875