0 0.653125 0.83515625 0.0765625 0.1125
0 0.1515625 0.39296875 0.0328125 0.05703125
0 0.35625 0.49921875 0.03828125 0.0703125
0 0.70234375 0.66875 0.05859375 0.09921875
0 0.18828125 0.4953125 0.04296875 0.07734375
0 0.228125 0.6125 0.03828125 0.075
0 0.2703125 0.67578125 0.0609375 0.0890625
0 0.06484375 0.68359375 0.05 0.10234375
0 0.540625 0.72265625 0.0640625 0.10390625
0 0.1375 0.65859375 0.05625 0.07890625
0 0.34453125 0.71953125 0.0484375 0.0890625
0 0.1453125 0.89296875 0.065625 0.1140625
0 0.1078125 0.45 0.0390625 0.065625
0 0.14609375 0.75390625 0.065625 0.096875
0 0.9796875 0.41796875 0.03203125 0.05703125
0 0.53359375 0.63359375 0.04375 0.06171875
0 0.82421875 0.421875 0.0390625 0.06171875
0 0.89140625 0.684375 0.0640625 0.10703125
0 0.79375 0.31875 0.0296875 0.0484375
0 0.80234375 0.65234375 0.06328125 0.10703125
0 0.325 0.615625 0.05078125 0.07734375
0 0.64609375 0.36796875 0.03984375 0.06328125
0 0.234375 0.52421875 0.0484375 0.0875
0 0.43046875 0.60546875 0.05 0.06875
0 0.4515625 0.69765625 0.0671875 0.1125
0 0.41953125 0.52734375 0.04765625 0.0640625
0 0.29765625 0.54453125 0.0453125 0.0671875
0 0.6390625 0.5390625 0.046875 0.0671875
0 0.884375 0.52421875 0.04609375 0.0703125
0 0.9640625 0.6203125 0.065625 0.1125
0 0.49140625 0.61171875 0.0484375 0.0875
0 0.690625 0.34609375 0.0359375 0.06015625
0 0.12578125 0.35390625 0.03125 0.05703125
0 0.60078125 0.49453125 0.0453125 0.0671875
0 0.4703125 0.509375 0.03984375 0.0671875
0 0.9078125 0.4640625 0.03984375 0.0640625
0 0.69921875 0.48125 0.0453125 0.08046875
0 0.43671875 0.34296875 0.0296875 0.05
0 0.6265625 0.6234375 0.05390625 0.096875
0 0.53515625 0.40078125 0.0375 0.06328125
0 0.21796875 0.428125 0.0296875 0.0515625
0 0.77109375 0.75546875 0.07109375 0.1171875
0 0.7140625 0.790625 0.04765625 0.10546875
0 0.44375 0.43125 0.0375 0.06328125
0 0.01484375 0.47109375 0.0296875 0.071875
0 0.6546875 0.48125 0.04296875 0.06015625
0 0.38984375 0.38984375 0.0359375 0.05546875
0 0.06875 0.3828125 0.0375 0.05703125
0 0.859375 0.33671875 0.0296875 0.040625
0 0.82734375 0.56015625 0.04765625 0.06875
0 0.246875 0.3609375 0.03828125 0.06015625
0 0.64921875 0.30078125 0.028125 0.0515625
0 0.0171875 0.37734375 0.034375 0.0609375
0 0.8703125 0.59609375 0.05078125 0.06171875
0 0.5796875 0.403125 0.0375 0.06015625
0 0.290625 0.37578125 0.0328125 0.0515625
0 0.7375 0.26484375 0.025 0.04375
0 0.3046875 0.48125 0.0390625 0.0421875
0 0.94140625 0.503125 0.046875 0.06015625
0 0.2625 0.3 0.02421875 0.046875
0 0.253125 0.446875 0.04609375 0.05234375
0 0.190625 0.3609375 0.03984375 0.05703125
0 0.690625 0.2859375 0.028125 0.0484375
0 0.28515625 0.3078125 0.025 0.046875
0 0.67734375 0.57109375 0.03828125 0.05546875
0 0.134375 0.296875 0.0296875 0.046875
0 0.559375 0.48203125 0.0421875 0.05546875
0 0.56328125 0.54453125 0.0421875 0.0671875
0 0.9859375 0.36796875 0.025 0.03984375
0 0.759375 0.48203125 0.04609375 0.07890625
0 0.16875 0.31171875 0.03203125 0.05
0 0.76796875 0.36171875 0.028125 0.05234375
0 0.3703125 0.240625 0.02265625 0.03984375
0 0.31953125 0.3296875 0.0296875 0.05
0 0.92890625 0.33984375 0.0390625 0.06171875
0 0.23125 0.2578125 0.02421875 0.03203125
0 0.71953125 0.403125 0.03046875 0.0421875
0 0.528125 0.33125 0.03203125 0.0515625
0 0.1765625 0.43984375 0.040625 0.03984375
0 0.8375 0.48515625 0.0390625 0.06328125
0 0.73984375 0.59140625 0.03984375 0.0671875
0 0.35859375 0.31875 0.03203125 0.0484375
0 0.4078125 0.23984375 0.0234375 0.040625
0 0.196875 0.3078125 0.025 0.0421875
0 0.340625 0.2578125 0.0265625 0.040625
0 0.478125 0.27890625 0.025 0.03984375
0 0.4359375 0.26875 0.0234375 0.03671875
0 0.490625 0.4359375 0.03125 0.0453125
0 0.4015625 0.29375 0.025 0.0453125
0 0.865625 0.39296875 0.03828125 0.06015625
0 0.471875 0.23046875 0.02265625 0.03359375
0 0.6859375 0.396875 0.0296875 0.04375
0 0.0984375 0.52734375 0.0328125 0.0671875
0 0.82890625 0.31875 0.0296875 0.05390625
0 0.3109375 0.246875 0.025 0.03984375
0 0.09921875 0.33515625 0.0265625 0.05234375
0 0.33046875 0.41328125 0.03828125 0.06015625
0 0.48828125 0.32265625 0.02734375 0.0453125
0 0.0703125 0.32109375 0.0296875 0.0453125
0 0.78515625 0.9140625 0.09375 0.15078125
0 0.13984375 0.5171875 0.046875 0.0671875
0 0.79453125 0.2265625 0.0203125 0.03046875
0 0.8171875 0.25859375 0.02734375 0.0421875
0 0.65546875 0.73046875 0.06953125 0.07890625
0 0.76796875 0.2796875 0.0265625 0.04375
0 0.53203125 0.23046875 0.01953125 0.03046875
0 0.22578125 0.296875 0.02734375 0.046875
0 0.603125 0.30078125 0.02421875 0.0421875
0 0.51796875 0.26171875 0.02421875 0.03828125
0 0.89921875 0.31484375 0.0265625 0.05
0 0.07578125 0.4609375 0.0265625 0.05859375
0 0.79296875 0.19375 0.01953125 0.025
0 0.36640625 0.609375 0.03515625 0.07890625
0 0.80703125 0.1515625 0.01484375 0.025
0 0.853125 0.2015625 0.01953125 0.028125
0 0.559375 0.2828125 0.0265625 0.03828125
0 0.4953125 0.23359375 0.01875 0.028125
0 0.6921875 0.2265625 0.0234375 0.02890625
0 0.7421875 0.2265625 0.021875 0.028125
0 0.765625 0.19140625 0.0171875 0.028125
0 0.8140625 0.18046875 0.0203125 0.03359375
0 0.6234375 0.2296875 0.01953125 0.02890625
0 0.1515625 0.5734375 0.040625 0.05390625
0 0.53359375 0.18671875 0.01484375 0.025
0 0.48125 0.38984375 0.03515625 0.05390625
0 0.68125 0.16328125 0.01484375 0.025
0 0.571875 0.34609375 0.028125 0.0421875
0 0.6515625 0.21328125 0.01953125 0.03359375
0 0.6703125 0.20390625 0.0171875 0.028125
0 0.7765625 0.24375 0.0203125 0.025
0 0.0140625 0.62265625 0.02734375 0.075
0 0.44453125 0.2296875 0.021875 0.02890625
0 0.7859375 0.54921875 0.040625 0.0703125
0 0.71796875 0.23359375 0.0171875 0.028125
0 0.56875 0.21953125 0.0203125 0.03203125
0 0.59453125 0.21953125 0.01953125 0.03203125
0 0.8640625 0.25859375 0.021875 0.0421875
0 0.02109375 0.69765625 0.0421875 0.08359375
0 0.95234375 0.39375 0.0296875 0.05
0 0.58203125 0.2734375 0.021875 0.0421875
0 0.63203125 0.16640625 0.01484375 0.021875
0 0.740625 0.19375 0.01875 0.028125
0 0.39296875 0.44921875 0.028125 0.04375
0 0.1828125 0.61953125 0.046875 0.08203125
0 0.61796875 0.265625 0.02265625 0.0421875
0 0.71953125 0.16640625 0.01640625 0.025
0 0.74296875 0.1453125 0.01484375 0.0234375
0 0.7453125 0.16953125 0.01640625 0.0234375
0 0.6140625 0.34296875 0.02734375 0.05
0 0.50703125 0.20859375 0.0171875 0.025
0 0.7203125 0.190625 0.01640625 0.0265625
0 0.98359375 0.49296875 0.03125 0.07734375
0 0.3109375 0.79765625 0.059375 0.096875
0 0.0296875 0.9109375 0.04296875 0.09921875
0 0.821875 0.22265625 0.02265625 0.03203125
0 0.65234375 0.2546875 0.0234375 0.03203125
0 0.7578125 0.15234375 0.015625 0.0234375
0 0.5609375 0.24765625 0.01953125 0.03203125
0 0.83359375 0.36484375 0.03046875 0.046875
0 0.76484375 0.13125 0.01484375 0.025
0 0.85625 0.16953125 0.01640625 0.0265625
0 0.0328125 0.3296875 0.028125 0.03828125
0 0.24765625 0.78359375 0.0671875 0.096875
0 0.696875 0.18046875 0.015625 0.021875
0 0.30234375 0.2046875 0.02265625 0.03515625
0 0.634375 0.19140625 0.01875 0.028125
0 0.7765625 0.15234375 0.015625 0.0265625
0 0.74296875 0.315625 0.0265625 0.0421875
0 0.61484375 0.1828125 0.01484375 0.0234375
0 0.8203125 0.13125 0.015625 0.025
0 0.7203125 0.14453125 0.01484375 0.025
0 0.28828125 0.26796875 0.0234375 0.0265625
0 0.71640625 0.29296875 0.02265625 0.040625
0 0.8546875 0.1421875 0.01484375 0.0234375