0 0.11796875 0.60859375 0.0359375 0.06875
0 0.9765625 0.43203125 0.0234375 0.04375
0 0.1984375 0.74453125 0.040625 0.075
0 0.09296875 0.69765625 0.03828125 0.075
0 0.415625 0.35390625 0.01484375 0.025
0 0.0296875 0.65625 0.03828125 0.0671875
0 0.609375 0.4640625 0.02734375 0.05
0 0.7140625 0.421875 0.02265625 0.03828125
0 0.8328125 0.4 0.021875 0.02890625
0 0.34453125 0.6546875 0.0390625 0.05859375
0 0.88984375 0.65859375 0.03203125 0.0703125
0 0.853125 0.50625 0.0375 0.05234375
0 0.3703125 0.34609375 0.01484375 0.025
0 0.13203125 0.71171875 0.0453125 0.07890625
0 0.3921875 0.34296875 0.01484375 0.025
0 0.21171875 0.6515625 0.04765625 0.05234375
0 0.16875 0.4609375 0.02265625 0.03828125
0 0.9578125 0.55234375 0.0328125 0.06328125
0 0.04609375 0.33515625 0.01484375 0.0234375
0 0.8390625 0.453125 0.02265625 0.03984375
0 0.0140625 0.3828125 0.015625 0.025
0 0.30625 0.71875 0.05 0.08515625
0 0.94375 0.43984375 0.0265625 0.0515625
0 0.54453125 0.44609375 0.0265625 0.0453125
0 0.5859375 0.44296875 0.025 0.0484375
0 0.63984375 0.38984375 0.01953125 0.03046875
0 0.66015625 0.40390625 0.0234375 0.03515625
0 0.3515625 0.396875 0.021875 0.02890625
0 0.24921875 0.75078125 0.04765625 0.07890625
0 0.64921875 0.57734375 0.0359375 0.0421875
0 0.33671875 0.42734375 0.0203125 0.02890625
0 0.20859375 0.44921875 0.02421875 0.03203125
0 0.44296875 0.34375 0.0125 0.0234375
0 0.82734375 0.34296875 0.0140625 0.025
0 0.4453125 0.6125 0.0390625 0.06328125
0 0.7984375 0.54921875 0.03515625 0.05546875
0 0.06796875 0.378125 0.01484375 0.021875
0 0.9625 0.3640625 0.01875 0.03046875
0 0.5953125 0.31875 0.0140625 0.01875
0 0.42265625 0.4 0.0171875 0.03203125
0 0.040625 0.446875 0.0265625 0.04375
0 0.55234375 0.37890625 0.01875 0.03203125
0 0.33359375 0.33984375 0.01484375 0.0234375
0 0.928125 0.64140625 0.03828125 0.0671875
0 0.8515625 0.60546875 0.0390625 0.05703125
0 0.40703125 0.44921875 0.025 0.03203125
0 0.509375 0.31484375 0.0140625 0.0203125
0 0.8078125 0.34296875 0.015625 0.025
0 0.0875 0.446875 0.01875 0.02890625
0 0.54609375 0.32578125 0.0140625 0.025
0 0.7765625 0.4671875 0.0265625 0.03828125
0 0.8140625 0.47109375 0.0328125 0.046875
0 0.084375 0.6046875 0.03046875 0.05546875
0 0.5296875 0.77578125 0.07109375 0.09921875
0 0.4515625 0.31875 0.0140625 0.021875
0 0.2765625 0.4421875 0.02265625 0.03203125
0 0.69609375 0.4 0.01953125 0.02890625
0 0.77265625 0.42734375 0.021875 0.03203125
0 0.478125 0.41171875 0.02265625 0.03203125
0 0.4671875 0.3578125 0.01484375 0.025
0 0.9265625 0.29296875 0.0140625 0.0203125
0 0.00703125 0.55625 0.0140625 0.05
0 0.85859375 0.34296875 0.01484375 0.025
0 0.21015625 0.39375 0.0171875 0.0265625
0 0.30546875 0.459375 0.025 0.03203125
0 0.284375 0.34609375 0.01484375 0.021875
0 0.49296875 0.55546875 0.0359375 0.0515625
0 0.19453125 0.41796875 0.0171875 0.028125
0 0.684375 0.31875 0.0140625 0.021875
0 0.103125 0.3546875 0.01484375 0.0203125
0 0.97265625 0.33515625 0.015625 0.0234375
0 0.94609375 0.2796875 0.0140625 0.0203125
0 0.990625 0.35703125 0.0171875 0.02890625
0 0.8359375 0.6625 0.0484375 0.05703125
0 0.3109375 0.5625 0.0421875 0.05859375
0 0.6046875 0.6203125 0.040625 0.065625
0 0.31796875 0.33203125 0.0125 0.0203125
0 0.3703125 0.43828125 0.03046875 0.03671875
0 0.2140625 0.50234375 0.028125 0.05
0 0.48203125 0.34609375 0.01484375 0.025
0 0.34453125 0.36796875 0.015625 0.025
0 0.79375 0.296875 0.0140625 0.01875
0 0.4546875 0.4671875 0.0328125 0.040625
0 0.334375 0.459375 0.0265625 0.03515625
0 0.35 0.59140625 0.04296875 0.046875
0 0.45859375 0.6765625 0.0359375 0.0671875
0 0.9515625 0.72265625 0.0578125 0.0984375
0 0.75625 0.54921875 0.0375 0.03828125
0 0.9125 0.36015625 0.01640625 0.02890625
0 0.396875 0.38984375 0.01875 0.028125
0 0.43828125 0.4171875 0.0171875 0.03203125
0 0.29765625 0.39609375 0.01484375 0.025
0 0.284375 0.62734375 0.04765625 0.06015625
0 0.4546875 0.50546875 0.028125 0.03984375
0 0.38046875 0.378125 0.01484375 0.0265625
0 0.63984375 0.6671875 0.04765625 0.0953125
0 0.3421875 0.29375 0.0125 0.01875
0 0.75234375 0.33984375 0.01875 0.0234375
0 0.6453125 0.30078125 0.0140625 0.021875
0 0.72578125 0.378125 0.0171875 0.028125
0 0.74140625 0.4109375 0.028125 0.0421875
0 0.7359375 0.46796875 0.02734375 0.03671875
0 0.53046875 0.35390625 0.01484375 0.025
0 0.5890625 0.340625 0.01484375 0.021875
0 0.76953125 0.321875 0.015625 0.0171875
0 0.35625 0.30546875 0.0125 0.01875
0 0.165625 0.41796875 0.01640625 0.021875
0 0.27890625 0.37578125 0.01640625 0.025
0 0.89609375 0.4109375 0.02265625 0.028125
0 0.121875 0.51015625 0.03046875 0.03359375
0 0.728125 0.34609375 0.01640625 0.021875
0 0.8578125 0.30546875 0.0140625 0.01875
0 0.946875 0.31484375 0.0140625 0.0234375
0 0.7453125 0.31484375 0.0140625 0.0203125
0 0.634375 0.47109375 0.025 0.05
0 0.16171875 0.63828125 0.03203125 0.05
0 0.7703125 0.77265625 0.0453125 0.0890625
0 0.23125 0.57734375 0.034375 0.06015625
0 0.64375 0.3640625 0.0171875 0.025
0 0.59765625 0.3671875 0.0171875 0.02890625
0 0.6828125 0.3671875 0.0234375 0.03203125
0 0.484375 0.509375 0.02734375 0.03515625
0 0.25703125 0.3828125 0.0171875 0.021875
0 0.0828125 0.5203125 0.02734375 0.03046875
0 0.15234375 0.57109375 0.0390625 0.06171875
0 0.55625 0.54921875 0.0359375 0.05859375
0 0.659375 0.4640625 0.025 0.03515625
0 0.60859375 0.53203125 0.034375 0.0421875
0 0.809375 0.29375 0.0125 0.021875
0 0.86796875 0.78046875 0.04765625 0.090625
0 0.259375 0.32890625 0.0125 0.021875
0 0.8984375 0.33203125 0.0171875 0.0265625
0 0.10625 0.4484375 0.01953125 0.03046875
0 0.871875 0.45703125 0.0328125 0.05
0 0.6828125 0.52109375 0.02734375 0.03828125
0 0.915625 0.50234375 0.0265625 0.05
0 0.615625 0.32890625 0.0125 0.025
0 0.74140625 0.29296875 0.0140625 0.0203125
0 0.50234375 0.3859375 0.01875 0.025
0 0.7671875 0.3921875 0.0203125 0.03203125
0 0.30625 0.49453125 0.0265625 0.03515625
0 0.66015625 0.37578125 0.0171875 0.021875
0 0.76875 0.34609375 0.01484375 0.025
0 0.87578125 0.3078125 0.0125 0.021875
0 0.9609375 0.48828125 0.0296875 0.0421875
0 0.1546875 0.38203125 0.015625 0.0203125
0 0.53359375 0.378125 0.01875 0.03046875
0 0.69375 0.29375 0.0125 0.01875
0 0.77109375 0.2765625 0.0125 0.0203125
0 0.79375 0.32890625 0.015625 0.021875
0 0.93515625 0.32890625 0.01484375 0.021875
0 0.59765625 0.28984375 0.01171875 0.0171875
0 0.32734375 0.39921875 0.0171875 0.025
0 0.1421875 0.4734375 0.025 0.03046875
0 0.23125 0.3828125 0.015625 0.025
0 0.8078125 0.43203125 0.025 0.02890625
0 0.84296875 0.30078125 0.0140625 0.01875
0 0.62734375 0.29375 0.0125 0.01875
0 0.89140625 0.36796875 0.01484375 0.021875
0 0.61640625 0.36796875 0.01640625 0.028125
0 0.54375 0.2796875 0.01171875 0.0171875
0 0.70390625 0.375 0.015625 0.0265625
0 0.0171875 0.428125 0.0171875 0.028125
0 0.98515625 0.31484375 0.015625 0.0203125
0 0.075 0.55546875 0.02734375 0.03984375
0 0.03046875 0.53515625 0.02421875 0.0421875
0 0.434375 0.37109375 0.01484375 0.021875
0 0.46953125 0.38515625 0.01875 0.0234375
0 0.30234375 0.3140625 0.0125 0.01875
0 0.565625 0.33203125 0.0140625 0.0203125
0 0.1703125 0.346875 0.0140625 0.0203125
0 0.57265625 0.49609375 0.034375 0.040625
0 0.70859375 0.2890625 0.0125 0.01875
0 0.76484375 0.3015625 0.0140625 0.0203125
0 0.6703125 0.31484375 0.0140625 0.0203125
0 0.97734375 0.28984375 0.01484375 0.0234375
0 0.065625 0.4859375 0.0265625 0.040625
0 0.2546875 0.4140625 0.01640625 0.02890625
0 0.37734375 0.4078125 0.0203125 0.025
0 0.5203125 0.33203125 0.0140625 0.0234375
0 0.109375 0.38515625 0.015625 0.0234375
0 0.31875 0.35703125 0.01640625 0.02890625
0 0.3703125 0.2828125 0.01171875 0.0171875
0 0.19453125 0.37578125 0.0171875 0.025
0 0.2765625 0.296875 0.0109375 0.01640625
0 0.58046875 0.40078125 0.02265625 0.025
0 0.728125 0.27265625 0.0125 0.0171875
0 0.4046875 0.29296875 0.0109375 0.01484375
0 0.37890625 0.31875 0.0140625 0.021875
0 0.51875 0.43828125 0.0203125 0.03984375
0 0.0890625 0.39296875 0.01640625 0.025
0 0.63125 0.26875 0.0109375 0.01328125
0 0.76484375 0.59921875 0.03203125 0.05
0 0.3375 0.4984375 0.0265625 0.03984375
0 0.15703125 0.35703125 0.01171875 0.0171875
0 0.06015625 0.42109375 0.01640625 0.028125
0 0.41875 0.28984375 0.009375 0.01484375
0 0.63359375 0.3296875 0.0140625 0.0234375
0 0.04375 0.40703125 0.01484375 0.0234375
0 0.1359375 0.43828125 0.0171875 0.025
0 0.89609375 0.28046875 0.0125 0.021875
0 0.7921875 0.40703125 0.021875 0.02890625
0 0.684375 0.340625 0.0125 0.01875
0 0.878125 0.34296875 0.01484375 0.0265625
0 0.859375 0.55234375 0.0390625 0.0453125
0 0.95546875 0.24296875 0.0109375 0.0171875
0 0.81640625 0.2546875 0.01171875 0.0171875
0 0.51484375 0.26953125 0.01171875 0.0171875
0 0.4234375 0.315625 0.0140625 0.01875
0 0.48984375 0.321875 0.0125 0.0203125
0 0.5796875 0.28984375 0.01171875 0.0171875
0 0.43046875 0.29296875 0.0109375 0.01484375
0 0.70859375 0.5125 0.0265625 0.040625
0 0.2390625 0.3609375 0.01484375 0.021875
0 0.40703125 0.62109375 0.034375 0.06171875
0 0.1765625 0.371875 0.0140625 0.0171875
0 0.9203125 0.43515625 0.0203125 0.03203125
0 0.25625 0.30390625 0.0109375 0.01640625
0 0.8671875 0.290625 0.01171875 0.01875
0 0.68203125 0.42421875 0.02265625 0.03359375
0 0.1375 0.3828125 0.015625 0.025
0 0.965625 0.85390625 0.05 0.08515625
0 0.13984375 0.35625 0.0125 0.01875
0 0.78828125 0.36171875 0.0171875 0.0234375
0 0.7421875 0.26484375 0.01171875 0.0203125
0 0.103125 0.3140625 0.0125 0.01875
0 0.509375 0.35703125 0.015625 0.0203125
0 0.46796875 0.26953125 0.0125 0.0171875
0 0.5203125 0.5 0.0328125 0.0421875
0 0.21796875 0.2796875 0.0125 0.0171875
0 0.5578125 0.4109375 0.021875 0.025
0 0.915625 0.24296875 0.01171875 0.0171875
0 0.81953125 0.3109375 0.0140625 0.025
0 0.853125 0.2640625 0.0125 0.01875
0 0.825 0.74375 0.04296875 0.08515625
0 0.6203125 0.4171875 0.02265625 0.03203125
0 0.86015625 0.40390625 0.0203125 0.03203125
0 0.240625 0.28046875 0.01171875 0.01640625
0 0.5046875 0.60546875 0.034375 0.06328125
0 0.28984375 0.31953125 0.0140625 0.0171875
0 0.30390625 0.428125 0.0171875 0.025
0 0.184375 0.35078125 0.0140625 0.01875
0 0.7171875 0.31015625 0.0140625 0.0203125
0 0.440625 0.296875 0.0109375 0.01640625
0 0.65546875 0.2578125 0.0125 0.0171875
0 0.75859375 0.25859375 0.01171875 0.01875
0 0.009375 0.45234375 0.01875 0.0265625
0 0.11796875 0.5421875 0.028125 0.03359375
0 0.640625 0.428125 0.0171875 0.03046875
0 0.99375 0.2578125 0.009375 0.0171875
0 0.73125 0.3078125 0.0125 0.0203125
0 0.2078125 0.296875 0.01171875 0.01875
0 0.9671875 0.31015625 0.01484375 0.0203125
0 0.45703125 0.26875 0.009375 0.01640625
0 0.60625 0.26796875 0.0109375 0.01484375
0 0.60625 0.38984375 0.0171875 0.025
0 0.8109375 0.3671875 0.0171875 0.0265625
0 0.4109375 0.51640625 0.0390625 0.05390625
0 0.6546875 0.2796875 0.01171875 0.0171875
0 0.46484375 0.3296875 0.0140625 0.0203125
0 0.10625 0.41328125 0.0171875 0.025
0 0.61875 0.2796875 0.0109375 0.01484375
0 0.2375 0.3390625 0.0140625 0.01875
0 0.16875 0.31484375 0.0109375 0.0171875
0 0.96796875 0.2296875 0.0125 0.0171875
0 0.178125 0.39375 0.01875 0.0234375
0 0.0796875 0.33984375 0.0140625 0.0171875
0 0.228125 0.43125 0.01875 0.028125
0 0.16875 0.296875 0.0109375 0.01640625
0 0.4140625 0.57421875 0.0296875 0.03203125
0 0.178125 0.3296875 0.01171875 0.0171875
0 0.70234375 0.4640625 0.028125 0.03203125
0 0.97265625 0.26796875 0.01171875 0.0171875
0 0.3546875 0.2828125 0.009375 0.01484375
0 0.48671875 0.28671875 0.0109375 0.0171875
0 0.68828125 0.2734375 0.0125 0.01875
0 0.99453125 0.4078125 0.00859375 0.03984375
0 0.88984375 0.2546875 0.0125 0.0171875
0 0.16953125 0.5140625 0.0265625 0.040625
0 0.93203125 0.4 0.0203125 0.03203125
0 0.928125 0.24453125 0.01171875 0.0171875
0 0.07734375 0.3109375 0.01171875 0.01875
0 0.28046875 0.48125 0.02421875 0.03671875
0 0.5609375 0.28671875 0.0109375 0.0171875
0 0.38125 0.29453125 0.01171875 0.0171875
0 0.7421875 0.51328125 0.0375 0.0453125
0 0.9921875 0.234375 0.01171875 0.0171875
0 0.00390625 0.33515625 0.0078125 0.0234375
0 0.51484375 0.29296875 0.0109375 0.0171875
0 0.534375 0.30078125 0.0125 0.01875
0 0.86171875 0.37265625 0.02265625 0.03359375
0 0.4953125 0.26875 0.0109375 0.01328125
0 0.36171875 0.47109375 0.03046875 0.03203125
0 0.6375 0.5171875 0.02421875 0.03671875
0 0.7015625 0.34296875 0.01484375 0.025
0 0.2625 0.57421875 0.034375 0.05
0 0.4671875 0.3015625 0.01171875 0.0171875
0 0.8296875 0.2828125 0.01171875 0.0171875
0 0.0171875 0.4921875 0.0234375 0.03203125
0 0.66875 0.2828125 0.0109375 0.0171875