0 0.153125 0.63203125 0.0125 0.0203125
0 0.634375 0.690625 0.01640625 0.0265625
0 0.14375 0.70078125 0.0171875 0.0234375
0 0.790625 0.68125 0.01640625 0.028125
0 0.6046875 0.63671875 0.01484375 0.025
0 0.784375 0.5484375 0.01484375 0.0234375
0 0.18828125 0.68203125 0.015625 0.0234375
0 0.66875 0.70546875 0.01875 0.0296875
0 0.565625 0.56484375 0.0140625 0.0203125
0 0.8734375 0.9359375 0.02734375 0.0484375
0 0.21953125 0.80546875 0.01640625 0.03046875
0 0.1515625 0.76328125 0.01875 0.028125
0 0.228125 0.7796875 0.01640625 0.028125
0 0.7421875 0.76796875 0.01953125 0.03203125
0 0.67734375 0.58359375 0.0125 0.0203125
0 0.446875 0.69375 0.0125 0.0265625
0 0.1015625 0.859375 0.0171875 0.03203125
0 0.0265625 0.73125 0.01875 0.028125
0 0.93828125 0.93125 0.0265625 0.04375
0 0.32890625 0.72109375 0.015625 0.0203125
0 0.178125 0.615625 0.01171875 0.0203125
0 0.1671875 0.80546875 0.0203125 0.03046875
0 0.58359375 0.515625 0.0125 0.021875
0 0.09375 0.93203125 0.0234375 0.03984375
0 0.54375 0.61875 0.01484375 0.0203125
0 0.07734375 0.765625 0.01953125 0.03203125
0 0.56484375 0.69296875 0.01484375 0.025
0 0.040625 0.6390625 0.01484375 0.0234375
0 0.30546875 0.78125 0.01875 0.03203125
0 0.71484375 0.69140625 0.0171875 0.03046875
0 0.2140625 0.85703125 0.0203125 0.03046875
0 0.2109375 0.90859375 0.025 0.03671875
0 0.353125 0.75625 0.015625 0.0265625
0 0.025 0.86171875 0.02421875 0.03359375
0 0.15546875 0.97109375 0.0265625 0.0421875
0 0.253125 0.5921875 0.0125 0.0203125
0 0.234375 0.62109375 0.0140625 0.021875
0 0.41015625 0.72578125 0.015625 0.0234375
0 0.69765625 0.8046875 0.0203125 0.03515625
0 0.05859375 0.57890625 0.0140625 0.0203125
0 0.60234375 0.553125 0.0140625 0.0203125
0 0.7015625 0.765625 0.0203125 0.03203125
0 0.409375 0.68203125 0.0140625 0.0234375
0 0.48359375 0.578125 0.0125 0.021875
0 0.0765625 0.66484375 0.01484375 0.025
0 0.75546875 0.63203125 0.01484375 0.0234375
0 0.21484375 0.62109375 0.0140625 0.021875
0 0.52734375 0.58984375 0.0140625 0.01875
0 0.109375 0.684375 0.0171875 0.025
0 0.521875 0.6703125 0.0125 0.0234375
0 0.11484375 0.65546875 0.01484375 0.0234375
0 0.55390625 0.64453125 0.01484375 0.025
0 0.046875 0.5546875 0.01171875 0.01640625
0 0.30703125 0.61328125 0.01484375 0.021875
0 0.58359375 0.6328125 0.01484375 0.025
0 0.628125 0.5671875 0.0140625 0.0203125
0 0.60078125 0.7078125 0.0171875 0.025
0 0.6734375 0.67421875 0.01484375 0.0265625
0 0.19375 0.653125 0.01484375 0.021875
0 0.253125 0.79375 0.01640625 0.03046875
0 0.14375 0.9171875 0.02421875 0.03671875
0 0.7296875 0.56875 0.015625 0.0203125
0 0.415625 0.56953125 0.01171875 0.01875
0 0.74921875 0.8546875 0.0234375 0.03828125
0 0.1203125 0.56953125 0.0125 0.01875
0 0.10859375 0.62109375 0.0140625 0.021875
0 0.23359375 0.6609375 0.01484375 0.025
0 0.08203125 0.6046875 0.0140625 0.01875
0 0.646875 0.56640625 0.0125 0.021875
0 0.559375 0.525 0.0125 0.0203125
0 0.071875 0.7 0.0171875 0.025
0 0.36484375 0.7046875 0.01484375 0.028125
0 0.0578125 0.64375 0.01484375 0.0203125
0 0.9296875 0.54609375 0.015625 0.021875
0 0.34453125 0.94375 0.0265625 0.0453125
0 0.0046875 0.68203125 0.00859375 0.03203125
0 0.00625 0.64453125 0.0125 0.025
0 0.2640625 0.8734375 0.021875 0.03671875
0 0.77265625 0.6625 0.01640625 0.0234375
0 0.2453125 0.93828125 0.02265625 0.03828125
0 0.03203125 0.5546875 0.0125 0.01640625
0 0.2140625 0.58125 0.01171875 0.01875
0 0.38125 0.79375 0.01875 0.03046875
0 0.60625 0.53125 0.01171875 0.01875
0 0.17578125 0.7234375 0.015625 0.025
0 0.12578125 0.7515625 0.0171875 0.028125
0 0.0203125 0.70234375 0.021875 0.0265625
0 0.1296875 0.6015625 0.0140625 0.01875
0 0.01796875 0.56953125 0.0125 0.01640625
0 0.25546875 0.72578125 0.01484375 0.0234375
0 0.04765625 0.784375 0.0171875 0.0265625
0 0.54609375 0.5578125 0.0125 0.021875
0 0.09609375 0.64453125 0.0125 0.021875
0 0.30390625 0.56953125 0.009375 0.01640625
0 0.4046875 0.6046875 0.01171875 0.01875
0 0.6203125 0.5953125 0.0140625 0.0203125
0 0.040625 0.67890625 0.0171875 0.0265625
0 0.6421875 0.4671875 0.01171875 0.01875
0 0.33125 0.56953125 0.0109375 0.01640625
0 0.0703125 0.86328125 0.0171875 0.0265625
0 0.290625 0.74609375 0.01484375 0.0234375
0 0.39609375 0.5546875 0.0109375 0.01640625
0 0.515625 0.5390625 0.01171875 0.01875
0 0.66328125 0.609375 0.015625 0.025
0 0.16875 0.6609375 0.015625 0.021875
0 0.1359375 0.86171875 0.0203125 0.03359375
0 0.1296875 0.6671875 0.01484375 0.0234375
0 0.9921875 0.92421875 0.0140625 0.0421875
0 0.35078125 0.58984375 0.01171875 0.01875
0 0.73359375 0.53671875 0.0140625 0.0203125
0 0.075 0.73046875 0.0171875 0.0265625
0 0.315625 0.55546875 0.0109375 0.01796875
0 0.74453125 0.68203125 0.01640625 0.0296875
0 0.00625 0.84765625 0.01171875 0.0296875
0 0.17109375 0.5296875 0.0109375 0.01875
0 0.70703125 0.5953125 0.015625 0.0234375
0 0.7171875 0.53984375 0.015625 0.0234375
0 0.36796875 0.67890625 0.01484375 0.0203125
0 0.85234375 0.56953125 0.0171875 0.025
0 0.0046875 0.7796875 0.009375 0.028125
0 0.2390625 0.59453125 0.01171875 0.01875
0 0.09453125 0.5546875 0.01171875 0.01640625
0 0.115625 0.80546875 0.01953125 0.03046875
0 0.46953125 0.4203125 0.0109375 0.01640625
0 0.0125 0.9125 0.025 0.0421875
0 0.52109375 0.50859375 0.0125 0.0203125
0 0.3703125 0.578125 0.01171875 0.01875
0 0.26953125 0.6046875 0.0140625 0.01875
0 0.51640625 0.56484375 0.0140625 0.0203125
0 0.0046875 0.58046875 0.009375 0.0203125
0 0.1703125 0.934375 0.0234375 0.03828125
0 0.3078125 0.75390625 0.01640625 0.0234375
0 0.89609375 0.55390625 0.01875 0.03046875
0 0.8015625 0.653125 0.0171875 0.025
0 0.02421875 0.60390625 0.01484375 0.0203125
0 0.3296875 0.75390625 0.01484375 0.0296875
0 0.57734375 0.4578125 0.01171875 0.0203125
0 0.11484375 0.72109375 0.01875 0.0296875
0 0.09453125 0.60390625 0.0125 0.01796875
0 0.5890625 0.534375 0.01171875 0.01875
0 0.5453125 0.53671875 0.009375 0.01796875
0 0.75625 0.5390625 0.01484375 0.01875
0 0.4078125 0.75859375 0.01484375 0.025
0 0.15703125 0.6046875 0.0109375 0.01640625
0 0.553125 0.42890625 0.01171875 0.01640625
0 0.48984375 0.51953125 0.0109375 0.01875
0 0.346875 0.71875 0.01640625 0.0265625
0 0.16875 0.50625 0.009375 0.01328125
0 0.16875 0.553125 0.0109375 0.01796875
0 0.25625 0.83046875 0.01875 0.03046875
0 0.35859375 0.61328125 0.0125 0.021875
0 0.47734375 0.6390625 0.0140625 0.01796875
0 0.440625 0.54140625 0.0109375 0.01640625
0 0.8625 0.5484375 0.01484375 0.0203125
0 0.753125 0.5859375 0.01484375 0.021875
0 0.55234375 0.45703125 0.0109375 0.01875
0 0.60625 0.58125 0.0140625 0.025
0 0.1828125 0.56640625 0.009375 0.01328125
0 0.1828125 0.5921875 0.0109375 0.01484375
0 0.2078125 0.5953125 0.01171875 0.01796875
0 0.0046875 0.6046875 0.00859375 0.01875
0 0.190625 0.4921875 0.00859375 0.01328125
0 0.2703125 0.7796875 0.0171875 0.03046875
0 0.67265625 0.79375 0.01484375 0.025
0 0.071875 0.56484375 0.0125 0.0203125
0 0.59140625 0.4921875 0.0109375 0.01875
0 0.28203125 0.56640625 0.009375 0.01640625
0 0.67109375 0.52734375 0.0125 0.021875
0 0.47890625 0.49453125 0.0109375 0.01640625
0 0.06328125 0.8046875 0.01875 0.0265625
0 0.53828125 0.415625 0.009375 0.01640625
0 0.26484375 0.6296875 0.01484375 0.021875
0 0.16875 0.859375 0.021875 0.03515625
0 0.2046875 0.5296875 0.009375 0.01640625
0 0.46796875 0.51796875 0.0109375 0.01640625
0 0.290625 0.6046875 0.0125 0.01875
0 0.603125 0.4640625 0.0109375 0.01640625
0 0.5296875 0.46953125 0.0109375 0.01484375
0 0.70234375 0.6703125 0.01640625 0.0265625
0 0.303125 0.72890625 0.0125 0.0234375
0 0.31796875 0.5203125 0.00703125 0.01171875
0 0.14140625 0.55390625 0.009375 0.01875
0 0.0953125 0.578125 0.0109375 0.01875
0 0.134375 0.58046875 0.01171875 0.01796875
0 0.6203125 0.63046875 0.0140625 0.0265625
0 0.15703125 0.53125 0.0109375 0.01640625
0 0.065625 0.615625 0.0140625 0.0203125
0 0.5078125 0.65078125 0.015625 0.0203125
0 0.5203125 0.44609375 0.009375 0.01796875
0 0.34453125 0.56953125 0.009375 0.01640625
0 0.4671875 0.67265625 0.01171875 0.021875
0 0.30234375 0.59296875 0.0125 0.01875
0 0.38984375 0.58046875 0.0109375 0.01796875
0 0.46953125 0.54296875 0.01171875 0.01875
0 0.06953125 0.83046875 0.02265625 0.03046875
0 0.14765625 0.58984375 0.0140625 0.01640625
0 0.1203125 0.5296875 0.009375 0.01328125
0 0.00625 0.54140625 0.01171875 0.01484375
0 0.384375 0.69375 0.0140625 0.0203125
0 0.23515625 0.821875 0.0171875 0.03359375
0 0.4328125 0.45546875 0.0109375 0.01640625
0 0.321875 0.60390625 0.0125 0.0203125
0 0.0265625 0.8078125 0.0171875 0.0265625
0 0.20546875 0.49296875 0.00859375 0.01484375
0 0.228125 0.5203125 0.009375 0.01484375
0 0.45546875 0.50625 0.00859375 0.01328125
0 0.50546875 0.46953125 0.0109375 0.01484375
0 0.19296875 0.54140625 0.0109375 0.01484375
0 0.0796875 0.5828125 0.01171875 0.01875
0 0.43828125 0.51328125 0.00859375 0.01484375
0 0.653125 0.76328125 0.01875 0.03046875
0 0.05390625 0.60703125 0.0140625 0.0203125
0 0.0140625 0.98203125 0.021875 0.03203125
0 0.1421875 0.73125 0.0171875 0.025
0 0.42109375 0.68203125 0.0125 0.0234375
0 0.2796875 0.70234375 0.01484375 0.0203125
0 0.1546875 0.50625 0.009375 0.01328125
0 0.20859375 0.98125 0.028125 0.03515625
0 0.0296875 0.534375 0.0109375 0.01328125
0 0.50234375 0.44296875 0.0109375 0.01484375
0 0.1046875 0.51796875 0.009375 0.01484375
0 0.63828125 0.64140625 0.01484375 0.025
0 0.428125 0.59296875 0.01171875 0.01640625
0 0.3671875 0.553125 0.009375 0.01484375
0 0.1140625 0.58984375 0.01171875 0.01875
0 0.23359375 0.57109375 0.0109375 0.01640625
0 0.415625 0.60625 0.01171875 0.01875
0 0.1421875 0.53203125 0.009375 0.01484375
0 0.21640625 0.54296875 0.0109375 0.01640625
0 0.190625 0.75859375 0.0171875 0.025
0 0.378125 0.9875 0.03046875 0.021875
0 0.603125 0.4828125 0.01171875 0.021875
0 0.634375 0.5921875 0.01484375 0.0234375
0 0.3296875 0.54375 0.0078125 0.01171875
0 0.71953125 0.63203125 0.015625 0.0234375
0 0.4578125 0.52734375 0.00859375 0.01640625
0 0.19453125 0.79140625 0.0171875 0.025
0 0.303125 0.5296875 0.0109375 0.01484375
0 0.45390625 0.54609375 0.0109375 0.01640625
0 0.4578125 0.46640625 0.009375 0.01484375
0 0.33671875 0.58984375 0.0109375 0.01875
0 0.5484375 0.67265625 0.0140625 0.021875
0 0.57734375 0.95 0.025 0.04140625
0 0.0796875 0.62734375 0.0140625 0.0203125
0 0.2921875 0.625 0.01484375 0.021875
0 0.11015625 0.98203125 0.02734375 0.03203125
0 0.24296875 0.51796875 0.00859375 0.01328125
0 0.3703125 0.6421875 0.0125 0.0203125
0 0.35703125 0.56640625 0.0109375 0.01640625
0 0.1609375 0.58828125 0.009375 0.01796875
0 0.04375 0.8421875 0.01953125 0.03359375
0 0.509375 0.61796875 0.0140625 0.021875
0 0.14375 0.61328125 0.01171875 0.01875
0 0.6234375 0.5390625 0.0140625 0.01875
0 0.228125 0.7234375 0.0140625 0.01875
0 0.5015625 0.5578125 0.0140625 0.01875
0 0.21953125 0.6421875 0.01484375 0.0203125
0 0.29375 0.54375 0.009375 0.01484375
0 0.4671875 0.4578125 0.00859375 0.01484375
0 0.49375 0.63203125 0.0140625 0.0203125
0 0.39375 0.51796875 0.00703125 0.01171875
0 0.2109375 0.7328125 0.015625 0.0234375
0 0.8046875 0.57890625 0.0140625 0.0203125
0 0.1859375 0.50859375 0.00859375 0.01484375
0 0.41875 0.51796875 0.00859375 0.01328125
0 0.696875 0.50625 0.0125 0.021875
0 0.17890625 0.8890625 0.0234375 0.03984375
0 0.0796875 0.5203125 0.009375 0.01484375
0 0.3078125 0.47109375 0.00859375 0.01328125
0 0.4671875 0.56640625 0.01171875 0.01875
0 0.0390625 0.9125 0.0234375 0.03359375
0 0.446875 0.60703125 0.0125 0.0203125
0 0.51640625 0.48046875 0.009375 0.01640625
0 0.01953125 0.534375 0.009375 0.01328125
0 0.0921875 0.5203125 0.009375 0.01484375
0 0.5921875 0.4578125 0.0109375 0.01796875
0 0.5296875 0.48984375 0.01171875 0.01796875
0 0.55390625 0.48984375 0.009375 0.01484375
0 0.47890625 0.4578125 0.0109375 0.01484375
0 0.50703125 0.50625 0.009375 0.01640625
0 0.2921875 0.68203125 0.015625 0.0203125
0 0.13125 0.9578125 0.02265625 0.03828125
0 0.48125 0.440625 0.00859375 0.01640625
0 0.259375 0.75234375 0.0171875 0.0234375
0 0.13359375 0.51796875 0.0109375 0.01484375
0 0.12890625 0.50390625 0.01171875 0.01328125
0 0.28203125 0.44375 0.00859375 0.01328125
0 0.51171875 0.58828125 0.01171875 0.0203125
0 0.54375 0.44296875 0.00859375 0.01484375
0 0.2171875 0.5203125 0.00859375 0.01171875
0 0.2515625 0.6703125 0.01640625 0.0203125
0 0.1796875 0.49296875 0.0078125 0.00859375
0 0.4609375 0.490625 0.009375 0.01640625
0 0.4046875 0.5296875 0.00859375 0.01328125
0 0.2921875 0.46953125 0.009375 0.01484375
0 0.3390625 0.63203125 0.0140625 0.0203125
0 0.5296875 0.43203125 0.009375 0.01328125
0 0.0671875 0.5296875 0.009375 0.01484375
0 0.0609375 0.6671875 0.015625 0.0265625
0 0.28203125 0.50625 0.00859375 0.01328125