0 0.55546875 0.24296875 0.025 0.0375
0 0.1234375 0.24375 0.025 0.0375
0 0.7828125 0.4359375 0.03984375 0.04921875
0 0.259375 0.17578125 0.02734375 0.0390625
0 0.2703125 0.0484375 0.01953125 0.025
0 0.21328125 0.1171875 0.02265625 0.03125
0 0.45625 0.1734375 0.0265625 0.03515625
0 0.83359375 0.03203125 0.0203125 0.02734375
0 0.81953125 0.15625 0.021875 0.03125
0 0.37578125 0.2609375 0.0328125 0.0484375
0 0.528125 0.0296875 0.01875 0.02890625
0 0.04375 0.3296875 0.03046875 0.04296875
0 0.4890625 0.24375 0.025 0.03125
0 0.50078125 0.2796875 0.03046875 0.04453125
0 0.35625 0.1 0.0234375 0.0375
0 0.30546875 0.046875 0.01875 0.02578125
0 0.2625 0.13515625 0.02421875 0.03359375
0 0.6828125 0.22421875 0.0203125 0.03125
0 0.046875 0.18125 0.0234375 0.03125
0 0.8609375 0.07421875 0.01953125 0.03125
0 0.721875 0.03046875 0.0203125 0.0296875
0 0.6203125 0.0546875 0.0203125 0.03125
0 0.29375 0.33828125 0.03046875 0.046875
0 0.61796875 0.10390625 0.0203125 0.03125
0 0.2484375 0.09140625 0.021875 0.03125
0 0.78359375 0.0875 0.0203125 0.03125
0 0.96015625 0.11953125 0.02265625 0.03125
0 0.171875 0.24921875 0.02734375 0.0375
0 0.9640625 0.0359375 0.01875 0.02734375
0 0.159375 0.046875 0.01640625 0.0234375
0 0.3234375 0.16015625 0.02734375 0.0390625
0 0.13046875 0.2046875 0.02421875 0.03125
0 0.5640625 0.0796875 0.0203125 0.0296875
0 0.5984375 0.21328125 0.0234375 0.04140625
0 0.8671875 0.0078125 0.0171875 0.015625
0 0.0234375 0.0625 0.0171875 0.02578125
0 0.3859375 0.0140625 0.015625 0.025
0 0.41015625 0.00703125 0.015625 0.0140625
0 0.99140625 0.0265625 0.01484375 0.025
0 0.7359375 0.10078125 0.0203125 0.02734375
0 0.07734375 0.23125 0.01953125 0.0296875