1 0.4828125 0.8390625 0.165625 0.24609375
1 0.23359375 0.76328125 0.1359375 0.1953125
1 0.8578125 0.7203125 0.146875 0.21328125
1 0.39140625 0.6296875 0.0609375 0.084375
1 0.6609375 0.63671875 0.0625 0.08828125
1 0.5734375 0.675 0.0875 0.11875
1 0.77265625 0.69375 0.06953125 0.13828125
1 0.8984375 0.5578125 0.0640625 0.0921875
1 0.8640625 0.8046875 0.2265625 0.38046875
1 0.759375 0.6 0.08515625 0.10703125
1 0.2625 0.83046875 0.2671875 0.33046875
1 0.3484375 0.603125 0.05 0.08359375
1 0.65390625 0.528125 0.03046875 0.053125
1 0.58359375 0.5984375 0.0421875 0.05625
1 0.53046875 0.5515625 0.04296875 0.0609375
1 0.9734375 0.6578125 0.0484375 0.171875
1 0.284375 0.67109375 0.06875 0.0953125
1 0.49453125 0.60625 0.0421875 0.06875
1 0.97734375 0.5390625 0.03984375 0.0703125
1 0.6796875 0.71015625 0.1015625 0.2328125
1 0.6015625 0.56328125 0.0375 0.053125
1 0.18046875 0.57890625 0.03125 0.0453125
1 0.565625 0.55546875 0.034375 0.05078125
1 0.39140625 0.5765625 0.03828125 0.03671875
1 0.5 0.72421875 0.99375 0.53359375
1 0.153125 0.6484375 0.07734375 0.078125
1 0.69375 0.60859375 0.04765625 0.07421875
1 0.14453125 0.58828125 0.0328125 0.04921875
1 0.82890625 0.525 0.03125 0.04296875
1 0.74921875 0.51875 0.025 0.02734375
1 0.46484375 0.540625 0.0296875 0.0390625
1 0.79375 0.51796875 0.025 0.03359375
1 0.6515625 0.47265625 0.0203125 0.02578125
1 0.434375 0.6375 0.0515625 0.10546875
1 0.6984375 0.521875 0.025 0.03515625
1 0.7515625 0.54375 0.040625 0.03515625
1 0.44765625 0.56875 0.0359375 0.046875
1 0.87421875 0.52265625 0.0328125 0.05078125
1 0.48671875 0.51875 0.02265625 0.0296875
1 0.60703125 0.78515625 0.20625 0.33828125
1 0.18828125 0.5984375 0.05546875 0.08203125
1 0.0640625 0.59609375 0.03515625 0.0390625
1 0.0734375 0.7046875 0.1 0.0953125
1 0.91796875 0.640625 0.10546875 0.2578125
1 0.31328125 0.5796875 0.03125 0.0453125
1 0.303125 0.73359375 0.1078125 0.2171875
1 0.38828125 0.77421875 0.1296875 0.3734375
1 0.375 0.521875 0.0171875 0.0234375
1 0.134375 0.6484375 0.040625 0.07265625
1 0.96875 0.49453125 0.025 0.02890625
1 0.4640625 0.6171875 0.03125 0.06015625
1 0.22578125 0.56171875 0.02265625 0.02734375
1 0.60859375 0.58359375 0.05390625 0.09140625
1 0.65625 0.54609375 0.0609375 0.08984375
1 0.540625 0.73203125 0.1125 0.10390625
1 0.8453125 0.50703125 0.0234375 0.0375
1 0.1125 0.5984375 0.04296875 0.053125
1 0.5578125 0.521875 0.02421875 0.02734375
1 0.54296875 0.61953125 0.0453125 0.05234375
1 0.9234375 0.52578125 0.03203125 0.04140625
1 0.04609375 0.6515625 0.07421875 0.07421875
1 0.43828125 0.52890625 0.0203125 0.03125
1 0.28828125 0.57578125 0.02734375 0.03671875
1 0.2640625 0.6015625 0.0421875 0.05234375
1 0.7625 0.7671875 0.09375 0.2875
1 0.04296875 0.5734375 0.0328125 0.0375
1 0.3359375 0.55625 0.0328125 0.02890625
1 0.0859375 0.6265625 0.03515625 0.05234375
1 0.2 0.584375 0.01953125 0.0375
1 0.01171875 0.58359375 0.0234375 0.03671875
1 0.7671875 0.51328125 0.0234375 0.03125
1 0.253125 0.55390625 0.02734375 0.040625
1 0.41875 0.553125 0.03046875 0.05625
1 0.06171875 0.63984375 0.04375 0.05078125
1 0.3890625 0.6703125 0.12109375 0.1625
1 0.41796875 0.53984375 0.025 0.0328125
1 0.34375 0.53203125 0.025 0.02734375
1 0.06796875 0.684375 0.0578125 0.053125
1 0.971875 0.78125 0.0515625 0.42421875
1 0.5 0.5953125 0.99375 0.2640625