0 0.05234375 0.56015625 0.02265625 0.03125
0 0.809375 0.70703125 0.03046875 0.0390625
0 0.02265625 0.565625 0.02734375 0.0328125
0 0.39375 0.70390625 0.02421875 0.03515625
0 0.975 0.61875 0.028125 0.03671875
0 0.8328125 0.678125 0.0296875 0.0390625
0 0.3453125 0.7671875 0.028125 0.04140625
0 0.3109375 0.4953125 0.01640625 0.01953125
0 0.2453125 0.52421875 0.01953125 0.025
0 0.534375 0.4359375 0.01484375 0.02109375
0 0.10703125 0.6140625 0.0265625 0.0375
0 0.43515625 0.56015625 0.01640625 0.0234375
0 0.22578125 0.5609375 0.021875 0.02734375
0 0.88203125 0.6390625 0.028125 0.0390625
0 0.26796875 0.6015625 0.0203125 0.02890625
0 0.28515625 0.509375 0.0171875 0.021875
0 0.18046875 0.41015625 0.0140625 0.015625
0 0.94140625 0.8171875 0.0390625 0.053125
0 0.8484375 0.728125 0.0296875 0.05078125
0 0.4640625 0.5453125 0.01875 0.0296875
0 0.384375 0.4234375 0.0125 0.01796875
0 0.44140625 0.4953125 0.015625 0.025
0 0.13203125 0.42578125 0.0140625 0.01796875
0 0.13984375 0.4015625 0.0125 0.0171875
0 0.384375 0.59375 0.01640625 0.02109375
0 0.56796875 0.24375 0.00703125 0.0078125
0 0.91328125 0.46171875 0.0078125 0.01171875
0 0.0296875 0.6609375 0.02265625 0.0296875
0 0.4203125 0.36953125 0.009375 0.015625
0 0.16328125 0.36171875 0.00859375 0.01328125
0 0.58046875 0.25625 0.00703125 0.01171875
0 0.88984375 0.5640625 0.01484375 0.01796875
0 0.884375 0.6078125 0.0171875 0.021875
0 0.5203125 0.31875 0.00859375 0.01328125
0 0.9046875 0.4921875 0.00859375 0.01015625
0 0.55625 0.24375 0.0078125 0.01171875
0 0.59296875 0.25703125 0.00703125 0.01171875
0 0.90546875 0.4671875 0.0078125 0.01015625
0 0.93046875 0.4796875 0.00703125 0.01171875