0 0.37265625 0.02890625 0.01640625 0.0234375
0 0.2734375 0.3953125 0.0328125 0.053125
0 0.71953125 0.0875 0.01953125 0.03125
0 0.384375 0.25390625 0.0265625 0.04140625
0 0.29609375 0.2484375 0.028125 0.04453125
0 0.69375 0.0921875 0.0203125 0.03125
0 0.87578125 0.23671875 0.034375 0.04921875
0 0.90703125 0.10703125 0.0203125 0.03125
0 0.3578125 0.11640625 0.021875 0.03515625
0 0.30859375 0.1765625 0.0234375 0.0375
0 0.41328125 0.103125 0.0171875 0.0296875
0 0.69453125 0.1859375 0.025 0.040625
0 0.15703125 0.2046875 0.025 0.04296875
0 0.5671875 0.2421875 0.02734375 0.04140625
0 0.11171875 0.19453125 0.03046875 0.04296875
0 0.79375 0.21328125 0.0296875 0.046875
0 0.75625 0.19921875 0.0265625 0.04453125
0 0.01328125 0.3578125 0.0265625 0.05078125
0 0.78125 0.0578125 0.0171875 0.025
0 0.8671875 0.603125 0.0796875 0.11875
0 0.6046875 0.27578125 0.0296875 0.046875
0 0.25703125 0.1 0.021875 0.0328125
0 0.55703125 0.53046875 0.04609375 0.07421875
0 0.37421875 0.07578125 0.0171875 0.02890625
0 0.5890625 0.18125 0.02421875 0.0390625
0 0.47265625 0.10078125 0.021875 0.0328125
0 0.33984375 0.0609375 0.0171875 0.03125
0 0.61875 0.1734375 0.0203125 0.03515625
0 0.44453125 0.1046875 0.01953125 0.0328125
0 0.7765625 0.0859375 0.0203125 0.02890625
0 0.1828125 0.1109375 0.02265625 0.0328125
0 0.8078125 0.0765625 0.0171875 0.02734375
0 0.575 0.0140625 0.01953125 0.02734375
0 0.6125 0.0375 0.0171875 0.02578125
0 0.2140625 0.17421875 0.0234375 0.03671875
0 0.23828125 0.02421875 0.015625 0.025
0 0.55234375 0.14140625 0.0203125 0.03515625
0 0.91953125 0.35625 0.0421875 0.0609375
0 0.29921875 0.03125 0.01640625 0.02578125
0 0.2140625 0.13828125 0.0234375 0.03359375
0 0.3109375 0.05703125 0.01875 0.02890625
0 0.653125 0.1734375 0.0265625 0.0390625
0 0.27109375 0.02890625 0.01484375 0.02109375
0 0.41328125 0.0375 0.0171875 0.0296875
0 0.93828125 0.259375 0.03203125 0.0484375
0 0.94140625 0.13046875 0.021875 0.03125
0 0.43984375 0.04453125 0.01875 0.02578125
0 0.075 0.08125 0.01953125 0.0296875
0 0.596875 0.12421875 0.02265625 0.0296875
0 0.33671875 0.0234375 0.01640625 0.0234375
0 0.7765625 0.0171875 0.0171875 0.02734375
0 0.03203125 0.06171875 0.0234375 0.0328125
0 0.021875 0.66953125 0.04296875 0.078125
0 0.353125 0.01796875 0.01640625 0.02578125
0 0.825 0.4671875 0.059375 0.0796875
0 0.4015625 0.19921875 0.028125 0.0390625
0 0.928125 0.0953125 0.0203125 0.03125
0 0.47890625 0.00625 0.01484375 0.01171875
0 0.740625 0.0140625 0.01484375 0.0234375
0 0.71796875 0.01171875 0.01484375 0.0234375
0 0.2171875 0.0546875 0.01640625 0.0234375
0 0.1765625 0.06875 0.01953125 0.02578125
0 0.5765625 0.0921875 0.0203125 0.0328125
0 0.45234375 0.00625 0.015625 0.01171875
0 0.4078125 0.065625 0.0171875 0.02734375
0 0.753125 0.06015625 0.0171875 0.02578125
0 0.3359375 0.1625 0.0234375 0.03671875
0 0.42734375 0.0140625 0.01640625 0.025
0 0.3875 0.00546875 0.0171875 0.01015625
0 0.9625 0.08203125 0.01875 0.02578125
0 0.50078125 0.13046875 0.02265625 0.0390625
0 0.50390625 0.01875 0.0171875 0.0296875
0 0.515625 0.0734375 0.01953125 0.0296875
0 0.23984375 0.08046875 0.01875 0.02578125
0 0.54296875 0.0328125 0.01953125 0.02578125
0 0.4046875 0.0046875 0.015625 0.009375
0 0.4828125 0.06875 0.015625 0.025
0 0.3109375 0.00859375 0.015625 0.0171875
0 0.4421875 0.29609375 0.0328125 0.04140625
0 0.54609375 0.009375 0.0171875 0.01875
0 0.00703125 0.0515625 0.0140625 0.03515625
0 0.4453125 0.0703125 0.0171875 0.02578125
0 0.5578125 0.0875 0.01953125 0.0296875