1 0.71953125 0.6625 0.09453125 0.1625
1 0.678125 0.79921875 0.121875 0.16640625
1 0.084375 0.8125 0.165625 0.31484375
1 0.23125 0.9015625 0.2859375 0.1890625
1 0.22578125 0.5046875 0.0578125 0.0921875
1 0.61015625 0.90234375 0.22578125 0.1875
1 0.11875 0.571875 0.0640625 0.1109375
1 0.33125 0.459375 0.046875 0.07421875
1 0.04453125 0.5421875 0.075 0.1578125
1 0.409375 0.71796875 0.10546875 0.15234375
1 0.1984375 0.71484375 0.103125 0.171875
1 0.58515625 0.62890625 0.06875 0.09921875
1 0.80703125 0.63125 0.07109375 0.134375
1 0.3796875 0.59375 0.0609375 0.08046875
1 0.81015625 0.8375 0.11640625 0.1953125
1 0.278125 0.69609375 0.0828125 0.1390625
1 0.5328125 0.5234375 0.05546875 0.09375
1 0.45078125 0.4921875 0.05 0.06796875
1 0.97109375 0.77734375 0.05390625 0.16640625
1 0.8875 0.56171875 0.0609375 0.115625
1 0.2859375 0.49609375 0.05625 0.08359375
1 0.6109375 0.74140625 0.0953125 0.146875
1 0.925 0.92734375 0.146875 0.13828125
1 0.4015625 0.51796875 0.06875 0.09140625
1 0.53984375 0.7234375 0.096875 0.16015625
1 0.47734375 0.55078125 0.05625 0.07265625
1 0.4984375 0.63515625 0.98828125 0.7109375
1 0.28984375 0.8234375 0.1109375 0.1390625
1 0.209375 0.434375 0.04765625 0.07421875
1 0.5140625 0.59609375 0.06875 0.07265625
1 0.71171875 0.4671875 0.0421875 0.06640625
1 0.42109375 0.45234375 0.03828125 0.0640625
1 0.93828125 0.69140625 0.1 0.16171875
1 0.759375 0.46015625 0.04375 0.0609375
1 0.478125 0.8734375 0.1546875 0.24609375
1 0.78046875 0.69296875 0.0609375 0.11484375
1 0.8546875 0.3890625 0.0390625 0.06015625
1 0.7921875 0.5375 0.04609375 0.0546875
1 0.17734375 0.5671875 0.0671875 0.1
1 0.15078125 0.4875 0.04765625 0.07421875
1 0.728125 0.7484375 0.115625 0.33828125
1 0.33125 0.6640625 0.10546875 0.15390625
1 0.79765625 0.47890625 0.046875 0.0703125
1 0.7140625 0.559375 0.07109375 0.0796875
1 0.58046875 0.49453125 0.05390625 0.07578125
1 0.628125 0.35078125 0.0234375 0.040625
1 0.259375 0.45 0.0484375 0.071875
1 0.76484375 0.37890625 0.02734375 0.0390625
1 0.54296875 0.44453125 0.05625 0.071875
1 0.53125 0.4 0.025 0.0390625
1 0.4109375 0.36171875 0.028125 0.04453125
1 0.80546875 0.5984375 0.06640625 0.071875
1 0.959375 0.3828125 0.03046875 0.04921875
1 0.66875 0.4515625 0.046875 0.07421875
1 0.8453125 0.45625 0.03828125 0.05625
1 0.32890625 0.271875 0.0234375 0.0375
1 0.0671875 0.39921875 0.04765625 0.071875
1 0.43125 0.35234375 0.02734375 0.0453125
1 0.57890625 0.56640625 0.05078125 0.04921875
1 0.75078125 0.50703125 0.0421875 0.05625
1 0.3265625 0.3453125 0.02421875 0.04140625
1 0.38125 0.3140625 0.028125 0.040625
1 0.8765625 0.48046875 0.04375 0.05234375
1 0.0109375 0.40234375 0.021875 0.0625
1 0.6625 0.509375 0.046875 0.04921875
1 0.33515625 0.49453125 0.06171875 0.14296875
1 0.87734375 0.5984375 0.08671875 0.19140625
1 0.6 0.375 0.0265625 0.0390625
1 0.37421875 0.3765625 0.02734375 0.0375
1 0.459375 0.3875 0.03046875 0.04296875
1 0.890625 0.3296875 0.0234375 0.0375
1 0.81640625 0.3140625 0.03515625 0.046875
1 0.65 0.66484375 0.06640625 0.1109375
1 0.8796875 0.72890625 0.06171875 0.08359375
1 0.8109375 0.37421875 0.02734375 0.040625
1 0.5109375 0.6703125 0.06953125 0.09609375
1 0.7171875 0.31328125 0.02734375 0.040625
1 0.2640625 0.61328125 0.075 0.0859375
1 0.91484375 0.34921875 0.025 0.0390625
1 0.5609375 0.2640625 0.025 0.040625
1 0.66015625 0.3859375 0.0328125 0.040625
1 0.925 0.38984375 0.028125 0.04296875
1 0.675 0.54765625 0.053125 0.06640625
1 0.440625 0.31875 0.02734375 0.0375
1 0.85234375 0.55625 0.03828125 0.09375
1 0.4671875 0.35 0.0234375 0.0328125
1 0.28828125 0.4 0.034375 0.0546875
1 0.0640625 0.56640625 0.12421875 0.22109375
1 0.3890625 0.45546875 0.0453125 0.06015625
1 0.50703125 0.34921875 0.03046875 0.04140625
1 0.7671875 0.321875 0.0296875 0.040625
1 0.103125 0.48828125 0.0640625 0.08046875
1 0.1671875 0.45078125 0.0421875 0.046875
1 0.73046875 0.3625 0.03125 0.040625
1 0.5421875 0.33671875 0.0234375 0.0375
1 0.95078125 0.446875 0.03828125 0.05703125
1 0.61640625 0.4203125 0.0328125 0.0453125
1 0.38984375 0.365625 0.02265625 0.0375
1 0.33515625 0.69453125 0.046875 0.0875
1 0.028125 0.43515625 0.05078125 0.05234375
1 0.134375 0.4 0.03203125 0.0375
1 0.12421875 0.4265625 0.0359375 0.0328125
1 0.6234375 0.56875 0.04296875 0.040625
1 0.0796875 0.70703125 0.153125 0.10703125
1 0.22578125 0.534375 0.0703125 0.1546875
1 0.40703125 0.84609375 0.11796875 0.20546875
1 0.590625 0.45625 0.0453125 0.05625
1 0.57734375 0.33125 0.0265625 0.0328125
1 0.1640625 0.6359375 0.0875 0.09765625
1 0.65234375 0.29765625 0.0234375 0.03515625
1 0.7984375 0.43828125 0.03984375 0.040625
1 0.61875 0.2953125 0.0265625 0.040625
1 0.51640625 0.44296875 0.034375 0.0625
1 0.04609375 0.50234375 0.07421875 0.08359375
1 0.5625 0.390625 0.025 0.0390625
1 0.209375 0.415625 0.04609375 0.040625
1 0.9046875 0.4984375 0.0453125 0.05859375
1 0.66328125 0.5296875 0.0546875 0.08984375