0 0.5515625 0.39765625 0.05390625 0.05390625
0 0.38671875 0.14140625 0.0484375 0.0453125
0 0.55 0.0375 0.04609375 0.03671875
0 0.31640625 0.5890625 0.06484375 0.07109375
0 0.2703125 0.20546875 0.0484375 0.040625
0 0.25 0.08046875 0.04609375 0.040625
0 0.8296875 0.35 0.059375 0.04921875
0 0.42734375 0.5140625 0.06484375 0.0578125
0 0.0375 0.24140625 0.059375 0.0515625
0 0.93515625 0.11328125 0.0484375 0.040625
0 0.7203125 0.25078125 0.0515625 0.0453125
0 0.33125 0.03671875 0.04609375 0.0390625
0 0.0203125 0.340625 0.040625 0.05625
0 0.4125 0.4 0.0625 0.05390625
0 0.53515625 0.084375 0.0484375 0.04296875
0 0.3875 0.23359375 0.0515625 0.04921875
0 0.5484375 0.32890625 0.0484375 0.0453125
0 0.14609375 0.6171875 0.06484375 0.0671875
0 0.95 0.5421875 0.078125 0.0625
0 0.2796875 0.40703125 0.0625 0.06015625
0 0.278125 0.2734375 0.059375 0.04765625
0 0.509375 0.14140625 0.05703125 0.0453125
0 0.0875 0.725 0.07265625 0.0625
0 0.7 0.434375 0.059375 0.0625
0 0.2 0.528125 0.07578125 0.06015625
0 0.1484375 0.42890625 0.059375 0.06015625
0 0.7 0.0859375 0.04296875 0.034375
0 0.81640625 0.0390625 0.04296875 0.04296875
0 0.128125 0.19296875 0.0515625 0.0453125
0 0.02265625 0.54765625 0.0453125 0.0671875
0 0.90546875 0.01640625 0.04296875 0.03203125
0 0.67578125 0.35 0.059375 0.05390625
0 0.428125 0.309375 0.0515625 0.05390625
0 0.25 0.7140625 0.0671875 0.0625
0 0.91875 0.7640625 0.08125 0.0796875
0 0.7078125 0.16953125 0.0484375 0.0453125
0 0.5984375 0.7234375 0.0671875 0.07109375
0 0.85703125 0.15859375 0.06484375 0.04921875
0 0.6125 0.12578125 0.04609375 0.040625
0 0.4 0.071875 0.05390625 0.04921875
0 0.4890625 0.6109375 0.0703125 0.0578125
0 0.82578125 0.621875 0.0671875 0.0625
0 0.77734375 0.50546875 0.0625 0.0671875
0 0.6 0.21328125 0.05390625 0.04765625
0 0.8203125 0.09609375 0.0515625 0.0453125
0 0.971875 0.67109375 0.0515625 0.07109375
0 0.759375 0.7421875 0.08125 0.0796875
0 0.5078125 0.26484375 0.0484375 0.04765625
0 0.221875 0.25625 0.0484375 0.04765625
0 0.6578125 0.1359375 0.040625 0.04296875
0 0.63671875 0.6 0.07265625 0.05390625
0 0.128125 0.0734375 0.0515625 0.04296875
0 0.97421875 0.378125 0.04609375 0.04921875
0 0.05 0.14765625 0.0515625 0.04921875
0 0.140625 0.36171875 0.05390625 0.04296875
0 0.971875 0.26171875 0.0515625 0.04921875
0 0.75546875 0.14765625 0.0515625 0.040625
0 0.6875 0.01484375 0.040625 0.0296875
0 0.25 0.14453125 0.0515625 0.04765625
0 0.11875 0.2703125 0.059375 0.04921875
0 0.09765625 0.01796875 0.0515625 0.0359375
0 0.5890625 0.534375 0.0703125 0.06875
0 0.9203125 0.2640625 0.05703125 0.0453125
0 0.06640625 0.4828125 0.0515625 0.05625
0 0.009375 0.10703125 0.01875 0.040625
0 0.3484375 0.446875 0.0703125 0.0578125
0 0.17734375 0.009375 0.0515625 0.01875
0 0.578125 0.0078125 0.04296875 0.01484375
0 0.97734375 0.040625 0.040625 0.03046875
0 0.4484375 0.0109375 0.0484375 0.021875
0 0.828125 0.2609375 0.0515625 0.04296875
0 0.428125 0.721875 0.07265625 0.0734375
0 0.9875 0.1078125 0.01875 0.0390625
0 0.678125 0.0546875 0.0375 0.03203125
0 0.2453125 0.00625 0.04375 0.0125
0 0.9109375 0.215625 0.05390625 0.0390625
0 0.5984375 0.0453125 0.040625 0.034375
0 0.859375 0.440625 0.059375 0.04921875
0 0.8 0.00625 0.0375 0.0125
0 0.94765625 0.153125 0.040625 0.034375
0 0.74765625 0.00625 0.0328125 0.0125
0 0.328125 0.26171875 0.040625 0.040625
0 0.9578125 0.0140625 0.040625 0.028125
0 0.2078125 0.06484375 0.0484375 0.04765625
0 0.35625 0.00625 0.0375 0.0125