0 0.6859375 0.0171875 0.025 0.034375
0 0.46953125 0.4359375 0.04765625 0.07578125
0 0.6203125 0.0234375 0.021875 0.03671875
0 0.9046875 0.10390625 0.028125 0.046875
0 0.82109375 0.0828125 0.0265625 0.04296875
0 0.67734375 0.10703125 0.02421875 0.0390625
0 0.6734375 0.1734375 0.02734375 0.04453125
0 0.80234375 0.025 0.02421875 0.0390625
0 0.928125 0.08515625 0.02421875 0.04296875
0 0.6078125 0.1546875 0.02734375 0.0484375
0 0.58671875 0.03125 0.025 0.0390625
0 0.34140625 0.4453125 0.0515625 0.0703125
0 0.67421875 0.0484375 0.02421875 0.0375
0 0.984375 0.01484375 0.02734375 0.0296875
0 0.35625 0.3390625 0.04609375 0.0640625
0 0.7140625 0.0703125 0.025 0.04140625
0 0.22578125 0.9046875 0.06875 0.1015625
0 0.946875 0.0328125 0.02421875 0.03671875
0 0.7484375 0.0109375 0.02734375 0.021875
0 0.94609375 0.45078125 0.0578125 0.08359375
0 0.0828125 0.8296875 0.07421875 0.10390625
0 0.00625 0.04296875 0.0125 0.0390625
0 0.6390625 0.00625 0.0171875 0.01171875