0 0.64296875 0.4828125 0.01484375 0.021875
0 0.55859375 0.31953125 0.0140625 0.01953125
0 0.228125 0.4671875 0.015625 0.0234375
0 0.415625 0.2671875 0.0140625 0.02109375
0 0.503125 0.4546875 0.01484375 0.025
0 0.20390625 0.44140625 0.015625 0.02109375
0 0.478125 0.45703125 0.015625 0.0234375
0 0.415625 0.6 0.0171875 0.025
0 0.3296875 0.509375 0.015625 0.025
0 0.60390625 0.4546875 0.01484375 0.025
0 0.209375 0.63515625 0.01875 0.02578125
0 0.2296875 0.63515625 0.015625 0.02578125
0 0.759375 0.65 0.0890625 0.08203125
0 0.5171875 0.25625 0.0140625 0.01953125
0 0.0296875 0.65078125 0.0203125 0.02890625
0 0.103125 0.48046875 0.0140625 0.0234375
0 0.47109375 0.49921875 0.01875 0.025
0 0.89375 0.34765625 0.01484375 0.0234375
0 0.65703125 0.4265625 0.015625 0.021875
0 0.49296875 0.5296875 0.01640625 0.02578125
0 0.2953125 0.41796875 0.015625 0.0234375
0 0.7890625 0.4828125 0.0171875 0.021875
0 0.01484375 0.409375 0.0140625 0.021875
0 0.253125 0.471875 0.01484375 0.021875
0 0.6796875 0.409375 0.015625 0.021875
0 0.603125 0.5296875 0.01640625 0.0234375
0 0.16875 0.63125 0.01640625 0.025
0 0.065625 0.6578125 0.01875 0.0234375
0 0.79609375 0.39921875 0.01640625 0.025
0 0.44453125 0.5546875 0.0171875 0.02578125
0 0.340625 0.428125 0.0125 0.0234375
0 0.4515625 0.60625 0.015625 0.025
0 0.36484375 0.63203125 0.01640625 0.02734375
0 0.6203125 0.51875 0.01640625 0.025
0 0.684375 0.44921875 0.01484375 0.0234375
0 0.7796875 0.23828125 0.0140625 0.02109375
0 0.7796875 0.45390625 0.0171875 0.025
0 0.2625 0.83203125 0.06328125 0.10390625
0 0.8296875 0.2359375 0.0140625 0.0234375
0 0.775 0.5484375 0.03828125 0.06484375
0 0.178125 0.36796875 0.0125 0.01953125
0 0.65859375 0.24375 0.0125 0.0234375
0 0.734375 0.4046875 0.015625 0.02109375
0 0.21640625 0.50546875 0.01484375 0.0234375
0 0.25078125 0.59453125 0.015625 0.025
0 0.4984375 0.25625 0.01484375 0.02109375
0 0.8953125 0.23046875 0.0140625 0.0234375
0 0.26484375 0.63046875 0.01640625 0.02578125
0 0.71640625 0.4484375 0.01640625 0.01953125
0 0.3390625 0.53671875 0.015625 0.0234375
0 0.69453125 0.42890625 0.01484375 0.025
0 0.5890625 0.50625 0.01640625 0.025
0 0.5859375 0.546875 0.01953125 0.02578125
0 0.3421875 0.60546875 0.0171875 0.02578125
0 0.6796875 0.34453125 0.0140625 0.021875
0 0.35859375 0.36953125 0.01484375 0.02109375
0 0.715625 0.234375 0.01484375 0.02109375
0 0.47734375 0.57890625 0.0171875 0.025
0 0.52890625 0.54921875 0.01640625 0.02578125
0 0.0703125 0.5015625 0.015625 0.0234375
0 0.19453125 0.4953125 0.015625 0.025
0 0.45234375 0.3953125 0.01484375 0.021875
0 0.78203125 0.365625 0.0140625 0.02109375
0 0.665625 0.5109375 0.0171875 0.02734375
0 0.33828125 0.64375 0.01640625 0.025
0 0.3796875 0.603125 0.01640625 0.025
0 0.68046875 0.4921875 0.01640625 0.02109375
0 0.00703125 0.4328125 0.0140625 0.025
0 0.1421875 0.3671875 0.0140625 0.02109375
0 0.27421875 0.66171875 0.01875 0.02578125
0 0.6234375 0.565625 0.01953125 0.0296875
0 0.7171875 0.56171875 0.0234375 0.025
0 0.3296875 0.2921875 0.0140625 0.01953125
0 0.71953125 0.39375 0.0140625 0.025
0 0.5921875 0.41875 0.01484375 0.025
0 0.28359375 0.63515625 0.01875 0.02578125
0 0.428125 0.52421875 0.01875 0.025
0 0.4046875 0.4859375 0.015625 0.02578125
0 0.56171875 0.56796875 0.01875 0.02578125
0 0.09765625 0.40546875 0.0140625 0.025
0 0.4296875 0.4703125 0.015625 0.0234375
0 0.36171875 0.5171875 0.01484375 0.0234375
0 0.97265625 0.2171875 0.015625 0.025
0 0.6765625 0.31796875 0.0140625 0.02109375
0 0.8546875 0.2328125 0.015625 0.01953125
0 0.5390625 0.5046875 0.015625 0.025
0 0.55390625 0.47890625 0.01484375 0.02109375
0 0.8046875 0.2359375 0.0140625 0.0234375
0 0.40859375 0.678125 0.02421875 0.0234375
0 0.6078125 0.3078125 0.015625 0.021875
0 0.87578125 0.4359375 0.01953125 0.02890625
0 0.8796875 0.28671875 0.01484375 0.02109375
0 0.75390625 0.48671875 0.01953125 0.02578125
0 0.5859375 0.31796875 0.0140625 0.0234375
0 0.7453125 0.38515625 0.01484375 0.02109375
0 0.4546875 0.52890625 0.0171875 0.02578125
0 0.5703125 0.4328125 0.015625 0.021875
0 0.67265625 0.659375 0.078125 0.06640625
0 0.03203125 0.37265625 0.0140625 0.02109375
0 0.7078125 0.5203125 0.0171875 0.025
0 0.1265625 0.47265625 0.01484375 0.02578125
0 0.37578125 0.5796875 0.01640625 0.0234375
0 0.796875 0.36796875 0.0140625 0.01953125
0 0.06328125 0.41875 0.015625 0.025
0 0.2484375 0.4203125 0.01484375 0.021875
0 0.94765625 0.23125 0.01484375 0.025
0 0.2015625 0.4703125 0.01484375 0.0234375
0 0.35625 0.43125 0.01484375 0.021875
0 0.70546875 0.365625 0.01484375 0.02109375
0 0.51171875 0.56171875 0.0171875 0.025
0 0.071875 0.365625 0.0140625 0.02109375
0 0.4046875 0.52421875 0.0171875 0.025
0 0.5296875 0.4703125 0.015625 0.0234375
0 0.26484375 0.41953125 0.0125 0.02109375
0 0.315625 0.3046875 0.0140625 0.0234375
0 0.475 0.4203125 0.01484375 0.025
0 0.64765625 0.40546875 0.01484375 0.01953125
0 0.4578125 0.2734375 0.0140625 0.01796875
0 0.128125 0.38515625 0.01484375 0.02109375
0 0.7484375 0.2484375 0.01484375 0.02109375
0 0.23828125 0.4421875 0.015625 0.021875
0 0.87265625 0.2328125 0.01484375 0.021875
0 0.63125 0.446875 0.01484375 0.021875
0 0.3046875 0.503125 0.015625 0.02734375
0 0.1515625 0.4890625 0.015625 0.025
0 0.665625 0.45703125 0.01484375 0.0234375
0 0.16953125 0.5015625 0.01484375 0.0234375
0 0.346875 0.4796875 0.01484375 0.025
0 0.6515625 0.53125 0.0171875 0.02578125
0 0.38984375 0.3921875 0.0140625 0.01953125
0 0.98515625 0.3421875 0.015625 0.0234375
0 0.646875 0.35390625 0.0125 0.02109375
0 0.853125 0.2921875 0.01484375 0.01953125
0 0.696875 0.3296875 0.01484375 0.01953125
0 0.10625 0.6375 0.01640625 0.025
0 0.665625 0.5921875 0.02734375 0.0375
0 0.60234375 0.37265625 0.0140625 0.02109375
0 0.509375 0.49921875 0.0171875 0.025
0 0.81953125 0.40625 0.01484375 0.0234375
0 0.57265625 0.4796875 0.01484375 0.021875
0 0.909375 0.28671875 0.01484375 0.02109375
0 0.9421875 0.35546875 0.01640625 0.0234375
0 0.7953125 0.29375 0.015625 0.01953125
0 0.728125 0.3140625 0.0140625 0.02109375
0 0.04453125 0.50546875 0.01484375 0.0234375
0 0.315625 0.6046875 0.01640625 0.025
0 0.93671875 0.4171875 0.01875 0.0296875
0 0.83671875 0.36796875 0.01484375 0.025
0 0.446875 0.3578125 0.0125 0.01953125
0 0.55234375 0.4359375 0.01484375 0.0234375
0 0.27578125 0.55625 0.01640625 0.02578125
0 0.909375 0.3625 0.01640625 0.025
0 0.08359375 0.3828125 0.01484375 0.0234375
0 0.53515625 0.3203125 0.0140625 0.02109375
0 0.565625 0.59921875 0.02265625 0.02578125
0 0.39921875 0.6375 0.01875 0.025
0 0.1 0.8546875 0.06328125 0.0953125
0 0.3828125 0.36875 0.0140625 0.01953125
0 0.13125 0.5015625 0.01640625 0.0234375
0 0.85390625 0.3828125 0.01484375 0.0234375
0 0.1421875 0.6234375 0.0171875 0.02734375
0 0.34765625 0.66875 0.0171875 0.025
0 0.31328125 0.4375 0.01484375 0.0234375
0 0.18828125 0.4421875 0.01484375 0.021875
0 0.81953125 0.2953125 0.0140625 0.021875
0 0.11484375 0.36796875 0.0125 0.01953125
0 0.6234375 0.475 0.01640625 0.01953125
0 0.978125 0.2734375 0.01484375 0.0234375
0 0.4046875 0.4578125 0.015625 0.01953125
0 0.4203125 0.41796875 0.01484375 0.0234375
0 0.51484375 0.63828125 0.0734375 0.09140625
0 0.6078125 0.25546875 0.01484375 0.0234375
0 0.94140625 0.2953125 0.0171875 0.025
0 0.5828125 0.57578125 0.01953125 0.02578125
0 0.2015625 0.3640625 0.01484375 0.025
0 0.509375 0.39765625 0.0140625 0.021875
0 0.6234375 0.3546875 0.0140625 0.01953125
0 0.5015625 0.42578125 0.01484375 0.0234375
0 0.215625 0.60078125 0.01875 0.025
0 0.79375 0.33828125 0.0140625 0.0234375
0 0.8046875 0.4671875 0.0171875 0.02578125
0 0.31484375 0.46953125 0.01484375 0.021875
0 0.3875 0.51171875 0.015625 0.0234375
0 0.37890625 0.490625 0.015625 0.0234375
0 0.6 0.67421875 0.05 0.03125
0 0.04609375 0.4140625 0.01484375 0.0234375
0 0.3078125 0.6625 0.0171875 0.0234375
0 0.71015625 0.3125 0.01484375 0.0234375
0 0.734375 0.446875 0.015625 0.021875
0 0.99296875 0.21640625 0.01171875 0.0234375
0 0.5421875 0.26328125 0.0140625 0.02109375
0 0.3921875 0.34296875 0.0140625 0.01953125
0 0.72578125 0.46796875 0.0171875 0.025
0 0.2921875 0.46640625 0.015625 0.0234375
0 0.434375 0.675 0.01875 0.025
0 0.58046875 0.4515625 0.01640625 0.0234375
0 0.5890625 0.25703125 0.015625 0.021875
0 0.25078125 0.31796875 0.0140625 0.02109375
0 0.35234375 0.31328125 0.0140625 0.01953125
0 0.8328125 0.50625 0.0234375 0.025
0 0.415625 0.3453125 0.0125 0.01796875
0 0.6015625 0.48828125 0.015625 0.0234375
0 0.8390625 0.40078125 0.0171875 0.02890625
0 0.6859375 0.2484375 0.0140625 0.021875
0 0.75703125 0.33203125 0.0140625 0.02109375
0 0.27109375 0.31875 0.01484375 0.02109375
0 0.94453125 0.27265625 0.01484375 0.01953125
0 0.67734375 0.38203125 0.01484375 0.01953125
0 0.7703125 0.3953125 0.01484375 0.025
0 0.4640625 0.353125 0.0140625 0.021875
0 0.81953125 0.35546875 0.0140625 0.0234375
0 0.3984375 0.57890625 0.015625 0.025
0 0.50859375 0.35546875 0.0140625 0.0234375
0 0.2171875 0.3671875 0.01484375 0.0234375
0 0.69140625 0.36640625 0.015625 0.021875
0 0.79609375 0.440625 0.01875 0.025
0 0.26328125 0.57578125 0.01484375 0.0234375
0 0.759375 0.4328125 0.01875 0.025
0 0.0640625 0.38828125 0.01484375 0.02109375
0 0.74140625 0.34375 0.01484375 0.0234375
0 0.5203125 0.44296875 0.015625 0.0234375
0 0.72265625 0.3546875 0.015625 0.021875
0 0.7140625 0.2625 0.015625 0.025
0 0.1515625 0.4640625 0.0140625 0.021875
0 0.61796875 0.415625 0.01484375 0.021875
0 0.5609375 0.5 0.01640625 0.0234375
0 0.4359375 0.409375 0.01484375 0.021875
0 0.2765625 0.459375 0.01484375 0.02109375
0 0.571875 0.5203125 0.0171875 0.025
0 0.23046875 0.353125 0.0140625 0.021875
0 0.54921875 0.3546875 0.01484375 0.01953125
0 0.30546875 0.34140625 0.01484375 0.02109375
0 0.3109375 0.36875 0.01484375 0.0234375
0 0.48671875 0.36875 0.01484375 0.025
0 0.2453125 0.5 0.015625 0.0234375
0 0.4984375 0.321875 0.01484375 0.01953125
0 0.11796875 0.7625 0.02421875 0.0375
0 0.45 0.6359375 0.021875 0.0296875
0 0.84453125 0.31875 0.0140625 0.01953125
0 0.3859375 0.4234375 0.015625 0.01953125
0 0.603125 0.39765625 0.0140625 0.021875
0 0.046875 0.36875 0.0140625 0.0234375
0 0.428125 0.334375 0.0125 0.02109375
0 0.5234375 0.39765625 0.0140625 0.021875
0 0.55234375 0.5375 0.01640625 0.025
0 0.4515625 0.44375 0.015625 0.0234375
0 0.759375 0.36875 0.01484375 0.01953125
0 0.6484375 0.30703125 0.0140625 0.02109375
0 0.8078125 0.30703125 0.0140625 0.02109375
0 0.57734375 0.39453125 0.01484375 0.02109375
0 0.34453125 0.3953125 0.01484375 0.021875
0 0.6328125 0.33671875 0.0140625 0.01953125
0 0.3875 0.2640625 0.0140625 0.02109375
0 0.3765625 0.3 0.01484375 0.01953125
0 0.6453125 0.38125 0.01484375 0.01953125
0 0.41875 0.3671875 0.0140625 0.02109375
0 0.753125 0.303125 0.0125 0.02109375
0 0.86796875 0.3453125 0.01484375 0.02109375
0 0.4546875 0.575 0.0171875 0.025
0 0.384375 0.4515625 0.015625 0.021875
0 0.25703125 0.35078125 0.0140625 0.01953125
0 0.6828125 0.5265625 0.0171875 0.025
0 0.33046875 0.396875 0.01484375 0.02109375
0 0.12265625 0.6375 0.01640625 0.025
0 0.28203125 0.38046875 0.015625 0.02109375
0 0.4046875 0.37890625 0.0140625 0.02109375
0 0.89140625 0.3015625 0.015625 0.021875
0 0.27890625 0.61015625 0.01484375 0.021875
0 0.85 0.33828125 0.01484375 0.02109375
0 0.54296875 0.46015625 0.0140625 0.021875
0 0.0921875 0.65625 0.0171875 0.02578125
0 0.696875 0.39140625 0.01484375 0.01953125
0 0.70390625 0.59921875 0.04765625 0.0390625
0 0.58359375 0.37578125 0.01484375 0.01953125
0 0.9328125 0.23046875 0.01484375 0.0234375
0 0.46953125 0.396875 0.01484375 0.02109375
0 0.01796875 0.45703125 0.01484375 0.0234375
0 0.2765625 0.503125 0.015625 0.025
0 0.4015625 0.409375 0.01484375 0.021875
0 0.17109375 0.471875 0.01484375 0.025
0 0.49296875 0.3421875 0.0125 0.01953125
0 0.8953125 0.39296875 0.0171875 0.02578125
0 0.5875 0.6375 0.0234375 0.0375
0 0.51953125 0.525 0.015625 0.025
0 0.26640625 0.38203125 0.015625 0.021875
0 0.1609375 0.36875 0.01484375 0.01796875
0 0.778125 0.3046875 0.0140625 0.01796875
0 0.76484375 0.24921875 0.01484375 0.01953125
0 0.2421875 0.3328125 0.0140625 0.01953125
0 0.5921875 0.35546875 0.0140625 0.01796875
0 0.4328125 0.26796875 0.0140625 0.01796875
0 0.321875 0.415625 0.0140625 0.01953125
0 0.29296875 0.3609375 0.0140625 0.02109375
0 0.2328125 0.38125 0.015625 0.025
0 0.69140625 0.5578125 0.01953125 0.02734375
0 0.62734375 0.3140625 0.0125 0.02109375
0 0.28515625 0.3421875 0.0140625 0.01953125
0 0.92734375 0.37265625 0.01640625 0.02109375
0 0.1828125 0.5234375 0.015625 0.02578125
0 0.2859375 0.3109375 0.0140625 0.01953125