1 0.4984375 0.496875 0.99296875 0.98203125
1 0.49296875 0.39375 0.0515625 0.11640625
1 0.49453125 0.35625 0.021875 0.0359375
1 0.40078125 0.41953125 0.05703125 0.1078125
1 0.35078125 0.4578125 0.028125 0.0421875
1 0.5515625 0.30546875 0.021875 0.04765625
1 0.88125 0.5765625 0.04453125 0.08046875
1 0.69921875 0.534375 0.04609375 0.08046875
1 0.3984375 0.84453125 0.0484375 0.078125
1 0.64296875 0.7109375 0.02578125 0.04453125
1 0.2609375 0.396875 0.05546875 0.0984375
1 0.39140625 0.3859375 0.02421875 0.0359375
1 0.33828125 0.55078125 0.03125 0.04765625
1 0.69609375 0.51328125 0.01875 0.0328125
1 0.3953125 0.8265625 0.02421875 0.0421875
1 0.55703125 0.36953125 0.06328125 0.1765625
1 0.65 0.50625 0.02578125 0.0421875
1 0.58359375 0.48671875 0.021875 0.0328125
1 0.28203125 0.5390625 0.02421875 0.0421875
1 0.378125 0.6390625 0.01875 0.0328125
1 0.63359375 0.578125 0.059375 0.09609375
1 0.2859375 0.5765625 0.04609375 0.12265625
1 0.51015625 0.821875 0.02421875 0.0390625
1 0.21640625 0.534375 0.05546875 0.1046875
1 0.34453125 0.47421875 0.0484375 0.08046875
1 0.471875 0.4953125 0.021875 0.0390625
1 0.340625 0.5640625 0.04453125 0.08046875
1 0.78984375 0.50625 0.03125 0.04765625
1 0.88515625 0.5640625 0.0296875 0.05078125
1 0.86328125 0.4265625 0.021875 0.0390625
1 0.278125 0.66953125 0.021875 0.04453125
1 0.58359375 0.52421875 0.0515625 0.1078125
1 0.25546875 0.36796875 0.021875 0.0359375
1 0.2296875 0.76796875 0.03671875 0.06875
1 0.71171875 0.40546875 0.05390625 0.1046875
1 0.35078125 0.29375 0.04609375 0.11953125
1 0.46640625 0.63203125 0.0484375 0.08359375
1 0.75 0.6421875 0.0296875 0.05078125
1 0.0984375 0.29921875 0.02578125 0.0421875
1 0.35390625 0.7765625 0.021875 0.0390625
1 0.47109375 0.51328125 0.05703125 0.11640625
1 0.46328125 0.70390625 0.0296875 0.04765625
1 0.809375 0.39375 0.02578125 0.0390625
1 0.31953125 0.70078125 0.04609375 0.09609375
1 0.54453125 0.8546875 0.021875 0.04453125
1 0.43203125 0.8140625 0.04609375 0.09609375
1 0.646875 0.3484375 0.02421875 0.04453125
1 0.24296875 0.15859375 0.0484375 0.11953125
1 0.3796875 0.678125 0.06328125 0.12890625
1 0.828125 0.56171875 0.021875 0.0390625
1 0.33515625 0.38359375 0.04453125 0.1078125
1 0.13125 0.47421875 0.02578125 0.05078125
1 0.69921875 0.30859375 0.02421875 0.0421875
1 0.93984375 0.425 0.0203125 0.0359375
1 0.7234375 0.26796875 0.02421875 0.0390625
1 0.8390625 0.7796875 0.0296875 0.05703125
1 0.4890625 0.15234375 0.0515625 0.11953125
1 0.3484375 0.26015625 0.0296875 0.0421875
1 0.603125 0.7078125 0.03125 0.05703125
1 0.35078125 0.140625 0.04296875 0.11953125
1 0.1109375 0.66328125 0.0296875 0.04453125
1 0.753125 0.34296875 0.02421875 0.0328125
1 0.7109375 0.37578125 0.021875 0.0390625
1 0.64609375 0.73515625 0.0484375 0.0984375
1 0.46875 0.29453125 0.021875 0.0390625
1 0.359375 0.52421875 0.021875 0.0421875
1 0.3390625 0.87109375 0.021875 0.0421875
1 0.4703125 0.0765625 0.05546875 0.12265625
1 0.59609375 0.15546875 0.040625 0.071875
1 0.4640625 0.72421875 0.04296875 0.09609375
1 0.490625 0.115625 0.021875 0.0390625
1 0.86875 0.321875 0.040625 0.1046875
1 0.55546875 0.5984375 0.021875 0.0421875
1 0.03515625 0.47578125 0.0296875 0.05390625
1 0.84296875 0.465625 0.021875 0.0328125
1 0.93046875 0.7140625 0.03515625 0.06875
1 0.290625 0.2921875 0.04453125 0.1109375
1 0.471875 0.0359375 0.02578125 0.0359375
1 0.23046875 0.45390625 0.0203125 0.0390625
1 0.359375 0.7859375 0.0515625 0.0984375
1 0.12890625 0.3875 0.028125 0.04453125
1 0.2109375 0.6390625 0.03671875 0.0625
1 0.34921875 0.103125 0.028125 0.0390625
1 0.4140625 0.52421875 0.03125 0.05390625
1 0.6203125 0.4984375 0.03671875 0.06875
1 0.8015625 0.7828125 0.02578125 0.04453125
1 0.96328125 0.3140625 0.02578125 0.0421875
1 0.48359375 0.86640625 0.03359375 0.05703125
1 0.54140625 0.87265625 0.04296875 0.08671875
1 0.57109375 0.359375 0.0203125 0.0359375
1 0.4296875 0.321875 0.040625 0.1046875
1 0.08984375 0.54921875 0.028125 0.04453125
1 0.25703125 0.4625 0.021875 0.0390625
1 0.81875 0.3125 0.0484375 0.1109375
1 0.63671875 0.12578125 0.02578125 0.0421875
1 0.69296875 0.0765625 0.04453125 0.11640625
1 0.053125 0.9375 0.028125 0.0421875
1 0.13203125 0.27109375 0.028125 0.04453125
1 0.1 0.471875 0.021875 0.0390625
1 0.64375 0.27265625 0.05390625 0.1140625
1 0.16953125 0.47734375 0.028125 0.05078125
1 0.1265625 0.79609375 0.0203125 0.0359375
1 0.51015625 0.83359375 0.0390625 0.06875
1 0.46171875 0.98359375 0.03125 0.0265625
1 0.76171875 0.8859375 0.0203125 0.0359375
1 0.896875 0.77421875 0.02421875 0.0390625
1 0.61640625 0.40234375 0.0484375 0.134375
1 0.90078125 0.09765625 0.0203125 0.0390625
1 0.471875 0.49375 0.03359375 0.05390625
1 0.9359375 0.44609375 0.04609375 0.08359375
1 0.6546875 0.646875 0.02421875 0.0421875
1 0.16796875 0.37578125 0.0390625 0.0625
1 0.20859375 0.50625 0.028125 0.05390625
1 0.45625 0.2203125 0.0609375 0.12265625
1 0.75390625 0.66796875 0.0515625 0.1015625
1 0.50078125 0.671875 0.02421875 0.0390625
1 0.825 0.58828125 0.05390625 0.0984375
1 0.08203125 0.73984375 0.028125 0.0421875
1 0.11328125 0.678125 0.040625 0.08046875
1 0.13984375 0.534375 0.0609375 0.1703125
1 0.565625 0.1015625 0.05 0.1078125
1 0.63515625 0.896875 0.02578125 0.04453125
1 0.2015625 0.925 0.02578125 0.0359375
1 0.321875 0.678125 0.0296875 0.05078125
1 0.52578125 0.09140625 0.021875 0.0390625
1 0.53046875 0.65546875 0.04296875 0.071875
1 0.2015625 0.3296875 0.0484375 0.1140625
1 0.81015625 0.41796875 0.03515625 0.08671875
1 0.7890625 0.19140625 0.021875 0.0359375
1 0.52578125 0.13203125 0.04453125 0.11953125
1 0.4734375 0.33828125 0.05 0.1375
1 0.409375 0.1125 0.05546875 0.0984375
1 0.85625 0.52265625 0.03125 0.04453125
1 0.2734375 0.7171875 0.05 0.140625
1 0.23671875 0.1140625 0.01875 0.0296875
1 0.69296875 0.60625 0.040625 0.08671875
1 0.178125 0.65234375 0.0296875 0.05390625
1 0.77890625 0.51171875 0.05703125 0.071875
1 0.696875 0.51484375 0.028125 0.04765625
1 0.38359375 0.571875 0.03359375 0.05390625
1 0.79453125 0.80234375 0.0484375 0.08984375
1 0.62109375 0.3625 0.028125 0.04765625
1 0.2140625 0.6875 0.0203125 0.0328125
1 0.1515625 0.0984375 0.02578125 0.0421875
1 0.64921875 0.8625 0.0390625 0.071875
1 0.10546875 0.8953125 0.021875 0.0421875
1 0.01875 0.83359375 0.02578125 0.0390625
1 0.0984375 0.2453125 0.021875 0.0421875
1 0.3015625 0.50625 0.0296875 0.0421875
1 0.46875 0.609375 0.021875 0.0390625
1 0.7734375 0.578125 0.04296875 0.08359375
1 0.59609375 0.146875 0.021875 0.0359375
1 0.30390625 0.8859375 0.021875 0.0359375
1 0.25546875 0.95546875 0.040625 0.06015625
1 0.47109375 0.65 0.02421875 0.0421875
1 0.89296875 0.471875 0.021875 0.0390625
1 0.2890625 0.26640625 0.02578125 0.0421875
1 0.55546875 0.6109375 0.04453125 0.071875
1 0.10078125 0.171875 0.03125 0.05078125
1 0.3546875 0.76796875 0.03125 0.0625
1 0.9703125 0.8578125 0.03359375 0.05703125
1 0.39296875 0.3875 0.03359375 0.05703125
1 0.10625 0.06875 0.028125 0.0359375
1 0.05859375 0.28125 0.03125 0.05390625
1 0.64609375 0.390625 0.04453125 0.12890625
1 0.3390625 0.34765625 0.021875 0.0359375
1 0.98125 0.5328125 0.0296875 0.078125
1 0.13359375 0.83046875 0.05546875 0.11640625
1 0.42578125 0.7859375 0.021875 0.0390625
1 0.5140625 0.05390625 0.02421875 0.04765625
1 0.875 0.62109375 0.02421875 0.04453125
1 0.46640625 0.23359375 0.040625 0.078125
1 0.64453125 0.84765625 0.02578125 0.0359375
1 0.1265625 0.72421875 0.0203125 0.0359375
1 0.378125 0.6421875 0.0296875 0.05078125
1 0.69296875 0.0359375 0.021875 0.0359375
1 0.1984375 0.29609375 0.02578125 0.0421875
1 0.6453125 0.24140625 0.028125 0.05078125
1 0.128125 0.79453125 0.0296875 0.05078125
1 0.86171875 0.43984375 0.05 0.078125
1 0.25625 0.36796875 0.03125 0.04765625
1 0.89453125 0.83046875 0.02578125 0.0390625
1 0.0953125 0.56875 0.04609375 0.08359375
1 0.92109375 0.33984375 0.05703125 0.12265625
1 0.89375 0.48671875 0.0390625 0.075
1 0.56640625 0.684375 0.02578125 0.04453125
1 0.4 0.94296875 0.021875 0.04765625
1 0.3546875 0.7515625 0.028125 0.0296875
1 0.52890625 0.6390625 0.0203125 0.0328125
1 0.19921875 0.1484375 0.0390625 0.0625
1 0.66953125 0.81875 0.028125 0.05703125
1 0.81796875 0.178125 0.05390625 0.08671875
1 0.3890625 0.1859375 0.02578125 0.0421875
1 0.91875 0.2546875 0.02578125 0.04765625
1 0.153125 0.12578125 0.04296875 0.1015625
1 0.88203125 0.73984375 0.028125 0.04765625
1 0.0234375 0.7796875 0.028125 0.04453125
1 0.86953125 0.30078125 0.02421875 0.0390625
1 0.09921875 0.325 0.04609375 0.09296875
1 0.896875 0.69765625 0.0390625 0.05390625
1 0.275 0.8890625 0.02421875 0.0421875
1 0.7546875 0.37421875 0.0390625 0.1015625
1 0.603125 0.86953125 0.028125 0.05078125
1 0.77578125 0.55703125 0.02578125 0.0421875
1 0.13046875 0.3921875 0.04296875 0.078125
1 0.31171875 0.7921875 0.02421875 0.04453125
1 0.04921875 0.09609375 0.028125 0.0421875
1 0.8203125 0.15546875 0.021875 0.0359375
1 0.2953125 0.146875 0.04296875 0.1015625
1 0.43046875 0.2875 0.0203125 0.0296875
1 0.6546875 0.52578125 0.04609375 0.08671875
1 0.69140625 0.221875 0.04609375 0.1140625
1 0.62109375 0.55859375 0.02421875 0.04453125
1 0.83359375 0.23984375 0.02578125 0.0421875
1 0.128125 0.959375 0.0296875 0.05078125
1 0.57109375 0.365625 0.03125 0.06015625
1 0.840625 0.47890625 0.040625 0.071875
1 0.8 0.7875 0.03671875 0.065625
1 0.28359375 0.540625 0.03671875 0.06875
1 0.421875 0.69296875 0.04453125 0.09296875