1 0.49921875 0.49375 0.9953125 0.97890625
1 0.2296875 0.35625 0.04609375 0.0625
1 0.72578125 0.13984375 0.04453125 0.0625
1 0.4765625 0.65078125 0.04609375 0.06875
1 0.26328125 0.65546875 0.05 0.07265625
1 0.7484375 0.50703125 0.0484375 0.07265625
1 0.33984375 0.65 0.0515625 0.07109375
1 0.8109375 0.440625 0.04140625 0.06015625
1 0.3484375 0.50859375 0.05 0.07109375
1 0.815625 0.50703125 0.04453125 0.06875
1 0.43125 0.36328125 0.04453125 0.06484375
1 0.90703125 0.2375 0.04140625 0.0625
1 0.41875 0.75859375 0.053125 0.07109375
1 0.16953125 0.47734375 0.0765625 0.125
1 0.446875 0.8625 0.0515625 0.07890625
1 0.115625 0.20390625 0.04140625 0.05859375
1 0.85390625 0.6 0.0484375 0.06640625
1 0.7859375 0.65703125 0.053125 0.08984375
1 0.69375 0.60859375 0.0484375 0.075
1 0.34140625 0.290625 0.04140625 0.06015625
1 0.91328125 0.321875 0.04140625 0.06875
1 0.49765625 0.52578125 0.04609375 0.06875
1 0.1046875 0.83046875 0.065625 0.08125
1 0.72734375 0.72734375 0.0484375 0.075
1 0.75859375 0.23515625 0.03984375 0.05390625
1 0.49921875 0.73125 0.9921875 0.48359375
1 0.6296875 0.35703125 0.03828125 0.06015625
1 0.26953125 0.5375 0.04453125 0.06640625
1 0.48125 0.73984375 0.053125 0.075
1 0.55859375 0.39296875 0.03984375 0.06015625
1 0.07578125 0.3 0.04609375 0.0625
1 0.115625 0.740625 0.0578125 0.08125
1 0.0984375 0.51484375 0.04609375 0.06640625
1 0.8203125 0.88125 0.08359375 0.10859375
1 0.5625 0.8125 0.0578125 0.08359375
1 0.04609375 0.84921875 0.0640625 0.08125
1 0.52421875 0.41953125 0.04453125 0.06484375
1 0.39921875 0.484375 0.0546875 0.07265625
1 0.80390625 0.57578125 0.04609375 0.06875
1 0.7328125 0.29609375 0.03984375 0.0625
1 0.57421875 0.528125 0.05625 0.07265625
1 0.23125 0.60625 0.04609375 0.06640625
1 0.1875 0.6375 0.0515625 0.07109375
1 0.40078125 0.8875 0.0640625 0.075
1 0.91328125 0.50625 0.04140625 0.06640625
1 0.7859375 0.76953125 0.053125 0.06875
1 0.1703125 0.81796875 0.06875 0.08125
1 0.271875 0.32421875 0.04296875 0.06015625
1 0.353125 0.85859375 0.0625 0.07890625
1 0.68046875 0.52734375 0.05625 0.07109375
1 0.48203125 0.75625 0.0765625 0.10859375
1 0.128125 0.43828125 0.04453125 0.06484375
1 0.5875 0.72109375 0.0625 0.07890625
1 0.47109375 0.58515625 0.0515625 0.06640625
1 0.3546875 0.40234375 0.05 0.05
1 0.2921875 0.84921875 0.053125 0.07265625
1 0.23125 0.43203125 0.04296875 0.06484375
1 0.17265625 0.45390625 0.053125 0.075
1 0.115625 0.64296875 0.0609375 0.07265625
1 0.4921875 0.91171875 0.0609375 0.07734375
1 0.6984375 0.67890625 0.0515625 0.07109375
1 0.2578125 0.72734375 0.0515625 0.07109375
1 0.20546875 0.54140625 0.0515625 0.07109375
1 0.415625 0.67890625 0.05625 0.08359375
1 0.2375 0.221875 0.04140625 0.06015625
1 0.6328125 0.29375 0.04140625 0.05390625
1 0.35 0.59453125 0.05 0.06875
1 0.36796875 0.21171875 0.04296875 0.06015625
1 0.5125 0.84140625 0.0515625 0.075
1 0.0359375 0.74375 0.059375 0.08359375
1 0.4609375 0.46328125 0.05 0.07265625
1 0.61640625 0.7875 0.053125 0.05859375
1 0.14453125 0.90625 0.0703125 0.08359375
1 0.25625 0.47890625 0.0484375 0.0625
1 0.54609375 0.32890625 0.04140625 0.05859375
1 0.6328125 0.49609375 0.0515625 0.075
1 0.60859375 0.25234375 0.03828125 0.05390625
1 0.0671875 0.57109375 0.0515625 0.07109375
1 0.3359375 0.184375 0.04296875 0.05234375
1 0.71484375 0.88515625 0.0546875 0.07890625
1 0.621875 0.865625 0.0640625 0.11015625
1 0.2375 0.30078125 0.04140625 0.06015625
1 0.85390625 0.18203125 0.03828125 0.05625
1 0.73125 0.57734375 0.05 0.06640625
1 0.1953125 0.3125 0.0484375 0.0625
1 0.6015625 0.45234375 0.04296875 0.07109375
1 0.57421875 0.16875 0.03671875 0.05859375
1 0.98125 0.62734375 0.03359375 0.075
1 0.34375 0.44609375 0.05625 0.05859375
1 0.4 0.1875 0.03671875 0.05859375
1 0.12890625 0.29921875 0.04296875 0.06015625
1 0.03359375 0.40078125 0.04140625 0.06484375
1 0.62109375 0.84609375 0.05 0.07109375
1 0.89375 0.88125 0.06875 0.09140625
1 0.12578125 0.58203125 0.059375 0.06484375
1 0.04921875 0.67890625 0.0625 0.075
1 0.51953125 0.59921875 0.0609375 0.06484375
1 0.85 0.35390625 0.03984375 0.05390625
1 0.95625 0.76484375 0.059375 0.08359375
1 0.65 0.56953125 0.05 0.06484375
1 0.21953125 0.87734375 0.0734375 0.075
1 0.44765625 0.159375 0.03671875 0.05625
1 0.68828125 0.42421875 0.05 0.07265625
1 0.87109375 0.4125 0.05625 0.07109375
1 0.5734375 0.621875 0.0515625 0.06875
1 0.96171875 0.28828125 0.04140625 0.06015625
1 0.41875 0.29453125 0.04609375 0.06484375
1 0.33046875 0.75390625 0.0546875 0.07109375
1 0.7234375 0.45390625 0.04609375 0.05859375
1 0.1953125 0.20703125 0.03828125 0.06015625
1 0.628125 0.15703125 0.04140625 0.05234375
1 0.190625 0.703125 0.0640625 0.06875
1 0.61875 0.66640625 0.0546875 0.07890625
1 0.525 0.19140625 0.03984375 0.05
1 0.65390625 0.45625 0.04140625 0.05390625
1 0.3046875 0.28828125 0.04140625 0.06015625
1 0.8171875 0.365625 0.04140625 0.05625
1 0.51875 0.71640625 0.053125 0.07890625
1 0.19765625 0.40703125 0.04296875 0.06875
1 0.92421875 0.62890625 0.05625 0.06640625
1 0.18359375 0.7625 0.0625 0.07109375
1 0.66796875 0.35234375 0.03828125 0.05859375
1 0.29140625 0.45234375 0.04453125 0.05859375
1 0.478125 0.38125 0.04609375 0.0625
1 0.78359375 0.671875 0.03828125 0.05625
1 0.121875 0.359375 0.04140625 0.06484375
1 0.29375 0.4 0.04296875 0.05859375
1 0.84609375 0.78984375 0.0515625 0.07890625
1 0.10859375 0.021875 0.04140625 0.04375
1 0.55546875 0.46484375 0.04296875 0.05859375
1 0.38359375 0.26875 0.04296875 0.05859375
1 0.49921875 0.22890625 0.9890625 0.4375