0 0.540625 0.05625 0.0375 0.0546875
0 0.68046875 0.26796875 0.04765625 0.06796875
0 0.46015625 0.2671875 0.0453125 0.05625
0 0.353125 0.1984375 0.04296875 0.05859375
0 0.55078125 0.3125 0.046875 0.0703125
0 0.778125 0.2640625 0.05 0.06640625
0 0.7375 0.08046875 0.0375 0.05703125
0 0.4609375 0.2109375 0.04296875 0.05234375
0 0.98359375 0.26171875 0.03046875 0.07578125
0 0.10234375 0.76328125 0.1109375 0.14609375
0 0.58671875 0.20703125 0.03984375 0.06015625
0 0.909375 0.11796875 0.0375 0.0484375
0 0.79375 0.37421875 0.0671875 0.0875
0 0.621875 0.55625 0.0765625 0.0953125
0 0.9265625 0.6046875 0.0875 0.1234375
0 0.8328125 0.1 0.0296875 0.0375
0 0.7875 0.1 0.0359375 0.05078125
0 0.6125 0.00703125 0.03203125 0.0140625
0 0.990625 0.1953125 0.0171875 0.0390625
0 0.071875 0.9484375 0.1375 0.1