0 0.96953125 0.32578125 0.01640625 0.02578125
0 0.14296875 0.3625 0.01484375 0.025
0 0.95234375 0.23515625 0.0125 0.01953125
0 0.76640625 0.41015625 0.02734375 0.03359375
0 0.3375 0.38125 0.0171875 0.025
0 0.43828125 0.53046875 0.0296875 0.04296875
0 0.40859375 0.3046875 0.0125 0.02109375
0 0.6515625 0.375 0.0203125 0.03125
0 0.17265625 0.38125 0.01484375 0.025
0 0.1828125 0.35625 0.015625 0.01953125
0 0.3078125 0.46640625 0.02265625 0.03359375
0 0.384375 0.39375 0.01875 0.0296875
0 0.62734375 0.35546875 0.01875 0.02578125
0 0.7140625 0.415625 0.02421875 0.0328125
0 0.228125 0.33828125 0.0140625 0.02109375
0 0.03828125 0.38125 0.01953125 0.0296875
0 0.0828125 0.37578125 0.01953125 0.021875
0 0.99296875 0.23203125 0.01171875 0.0234375
0 0.1140625 0.45078125 0.01953125 0.02578125
0 0.93828125 0.325 0.01640625 0.025
0 0.2484375 0.42578125 0.0171875 0.02578125
0 0.06328125 0.54375 0.028125 0.04296875
0 0.6453125 0.34296875 0.0171875 0.025
0 0.45625 0.56953125 0.0265625 0.0453125
0 0.35390625 0.34140625 0.01484375 0.02109375
0 0.23359375 0.38046875 0.01484375 0.0234375
0 0.79609375 0.5359375 0.0328125 0.04296875
0 0.9140625 0.2671875 0.015625 0.0234375
0 0.82734375 0.5640625 0.02421875 0.04453125
0 0.4203125 0.596875 0.0265625 0.0375
0 0.690625 0.24765625 0.0140625 0.015625
0 0.653125 0.24140625 0.0125 0.0171875
0 0.6203125 0.2421875 0.01171875 0.015625
0 0.89296875 0.23046875 0.0125 0.01796875
0 0.88359375 0.25625 0.01171875 0.01796875
0 0.70546875 0.2421875 0.0109375 0.015625
0 0.96953125 0.21015625 0.015625 0.01953125
0 0.92109375 0.2265625 0.01171875 0.01796875
0 0.565625 0.16875 0.00859375 0.01171875
0 0.92734375 0.25546875 0.0125 0.02109375
0 0.25078125 0.3484375 0.01484375 0.01953125
0 0.82734375 0.24765625 0.01171875 0.01796875
0 0.78203125 0.23046875 0.009375 0.01328125
0 0.59453125 0.23125 0.0109375 0.0140625
0 0.85625 0.2046875 0.009375 0.01328125
0 0.8921875 0.2078125 0.01171875 0.0171875
0 0.79375 0.20546875 0.00859375 0.01328125
0 0.8546875 0.23203125 0.009375 0.01328125
0 0.4046875 0.3828125 0.01484375 0.0234375
0 0.80546875 0.20546875 0.00859375 0.01328125
0 0.01484375 0.26953125 0.0109375 0.01328125
0 0.84453125 0.23046875 0.0078125 0.01328125
0 0.84140625 0.2453125 0.0109375 0.0140625
0 0.8703125 0.20703125 0.009375 0.01328125
0 0.1078125 0.26796875 0.009375 0.01328125
0 0.7546875 0.20625 0.009375 0.0140625
0 0.75078125 0.59375 0.01875 0.02578125
0 0.2765625 0.43125 0.0203125 0.03125
0 0.8671875 0.23046875 0.009375 0.01328125
0 0.8078125 0.22578125 0.009375 0.0140625
0 0.8328125 0.2203125 0.00859375 0.01328125
0 0.78203125 0.2046875 0.00859375 0.01328125
0 0.946875 0.19296875 0.0109375 0.01796875
0 0.81875 0.2203125 0.00859375 0.01328125
0 0.61796875 0.39453125 0.01875 0.02890625
0 0.659375 0.2078125 0.0140625 0.01953125
0 0.58359375 0.1703125 0.0109375 0.0140625
0 0.096875 0.4328125 0.01640625 0.025
0 0.278125 0.36015625 0.0125 0.01953125
0 0.878125 0.23515625 0.0109375 0.0171875
0 0.67734375 0.22578125 0.0109375 0.0140625
0 0.1203125 0.2671875 0.009375 0.01171875
0 0.24296875 0.2296875 0.00859375 0.01171875