0 0.56015625 0.0828125 0.01640625 0.025
0 0.3421875 0.1484375 0.0203125 0.03125
0 0.365625 0.2296875 0.02421875 0.03515625
0 0.52421875 0.6171875 0.0359375 0.0546875
0 0.4359375 0.084375 0.0171875 0.02890625
0 0.3640625 0.6328125 0.03515625 0.06015625
0 0.1625 0.2125 0.02265625 0.0328125
0 0.40703125 0.13203125 0.0203125 0.0328125
0 0.76484375 0.33046875 0.02265625 0.03671875
0 0.6625 0.8828125 0.05390625 0.06796875
0 0.6515625 0.29140625 0.0265625 0.0390625
0 0.53203125 0.0296875 0.015625 0.021875
0 0.59609375 0.02421875 0.0125 0.025
0 0.16015625 0.1421875 0.01953125 0.02734375
0 0.28046875 0.159375 0.0203125 0.0296875
0 0.48515625 0.01328125 0.015625 0.0234375
0 0.39140625 0.071875 0.015625 0.025
0 0.65546875 0.0984375 0.0171875 0.0296875
0 0.08671875 0.5375 0.04765625 0.05625
0 0.50703125 0.15703125 0.021875 0.0328125
0 0.4671875 0.0125 0.01484375 0.025
0 0.609375 0.21015625 0.025 0.03515625
0 0.2046875 0.13125 0.0171875 0.0234375
0 0.49765625 0.2125 0.02265625 0.03671875
0 0.5546875 0.27421875 0.021875 0.0296875
0 0.50546875 0.2765625 0.02421875 0.03515625
0 0.04609375 0.1625 0.01953125 0.02578125
0 0.5109375 0.0375 0.015625 0.025
0 0.1984375 0.15703125 0.0171875 0.02734375
0 0.459375 0.09296875 0.01875 0.0296875
0 0.29921875 0.2046875 0.02265625 0.03359375
0 0.009375 0.1375 0.01875 0.0328125
0 0.603125 0.05625 0.01484375 0.0234375
0 0.1375 0.2078125 0.021875 0.0328125
0 0.43046875 0.00625 0.01484375 0.01171875
0 0.6171875 0.01953125 0.0140625 0.0234375
0 0.07734375 0.02578125 0.0171875 0.02578125
0 0.2265625 0.08125 0.0171875 0.025
0 0.09609375 0.16796875 0.0203125 0.03125
0 0.071875 0.12890625 0.0171875 0.0234375
0 0.4984375 0.09765625 0.01640625 0.02578125
0 0.215625 0.2171875 0.01875 0.02890625
0 0.69140625 0.0734375 0.0171875 0.0296875
0 0.60625 0.00625 0.0125 0.0125
0 0.5765625 0.00625 0.015625 0.0125
0 0.5859375 0.09296875 0.015625 0.025
0 0.7203125 0.0625 0.01640625 0.02578125
0 0.76953125 0.00625 0.0140625 0.0125
0 0.2390625 0.1109375 0.0171875 0.02578125
0 0.709375 0.0828125 0.01484375 0.021875
0 0.134375 0.06015625 0.01640625 0.02578125
0 0.73671875 0.34453125 0.02421875 0.0328125
0 0.0171875 0.23828125 0.0171875 0.0234375
0 0.5546875 0.06171875 0.015625 0.01953125
0 0.0890625 0.13828125 0.01640625 0.0234375
0 0.0046875 0.24296875 0.00859375 0.0296875
0 0.134375 0.134375 0.01640625 0.025
0 0.42109375 0.03046875 0.01484375 0.01953125
0 0.09453125 0.09296875 0.01484375 0.025
0 0.409375 0.00625 0.01640625 0.01171875
0 0.2578125 0.13671875 0.015625 0.02578125
0 0.14609375 0.115625 0.01640625 0.0234375
0 0.71328125 0.00546875 0.01484375 0.01015625
0 0.52109375 0.0109375 0.01484375 0.021875
0 0.54609375 0.00625 0.0140625 0.01171875