0 0.65 0.78125 0.0390625 0.0625
0 0.840625 0.4625 0.01875 0.02578125
0 0.5578125 0.70703125 0.0375 0.0546875
0 0.14296875 0.72265625 0.03984375 0.05703125
0 0.27109375 0.4546875 0.01640625 0.0234375
0 0.6265625 0.396875 0.01640625 0.0234375
0 0.57421875 0.59140625 0.025 0.0390625
0 0.34296875 0.6671875 0.03203125 0.0484375
0 0.4046875 0.4671875 0.015625 0.0234375
0 0.18046875 0.4859375 0.01640625 0.02578125
0 0.0203125 0.47890625 0.021875 0.03125
0 0.4515625 0.4921875 0.01484375 0.02578125
0 0.2046875 0.503125 0.01953125 0.0296875
0 0.5296875 0.66796875 0.03125 0.04453125
0 0.121875 0.6734375 0.03828125 0.0546875
0 0.23125 0.4515625 0.0140625 0.01953125
0 0.3390625 0.54296875 0.01953125 0.03125
0 0.7671875 0.446875 0.0171875 0.02734375
0 0.73203125 0.9421875 0.0515625 0.0765625
0 0.596875 0.42421875 0.01484375 0.0234375
0 0.2421875 0.5078125 0.01953125 0.02890625
0 0.5421875 0.3921875 0.0140625 0.01953125
0 0.9328125 0.584375 0.0296875 0.04140625
0 0.11171875 0.5046875 0.02265625 0.0328125
0 0.20859375 0.61875 0.03046875 0.0390625
0 0.95234375 0.50546875 0.0234375 0.03125
0 0.69453125 0.36953125 0.01171875 0.01796875
0 0.43828125 0.446875 0.015625 0.01953125
0 0.68125 0.44765625 0.01875 0.02578125
0 0.61484375 0.5125 0.01875 0.0296875
0 0.67578125 0.384375 0.0140625 0.01953125
0 0.665625 0.42578125 0.015625 0.0234375
0 0.6984375 0.51875 0.0203125 0.0328125
0 0.61875 0.46171875 0.01875 0.025
0 0.5265625 0.8171875 0.03828125 0.053125
0 0.9875 0.61328125 0.0234375 0.04921875
0 0.72734375 0.45703125 0.01484375 0.0234375
0 0.28984375 0.45546875 0.0140625 0.01796875
0 0.51875 0.440625 0.01484375 0.01953125
0 0.89375 0.4375 0.0203125 0.03125
0 0.34453125 0.6265625 0.03046875 0.03125
0 0.54375 0.34453125 0.0109375 0.0140625
0 0.5515625 0.3703125 0.01171875 0.0171875
0 0.43359375 0.40546875 0.0140625 0.01953125
0 0.978125 0.4921875 0.02734375 0.0390625
0 0.5890625 0.3796875 0.0125 0.0171875
0 0.878125 0.4625 0.02265625 0.0328125
0 0.62265625 0.4328125 0.01640625 0.021875
0 0.6828125 0.41015625 0.01484375 0.02109375
0 0.5171875 0.36875 0.01171875 0.01328125
0 0.340625 0.4421875 0.0125 0.01953125
0 0.6203125 0.37265625 0.0140625 0.015625
0 0.2140625 0.45546875 0.01484375 0.01796875
0 0.83359375 0.43203125 0.01875 0.0234375
0 0.3046875 0.5359375 0.0171875 0.0296875
0 0.3828125 0.40703125 0.009375 0.0140625
0 0.415625 0.50546875 0.0171875 0.0234375
0 0.5828125 0.46640625 0.015625 0.0234375
0 0.42109375 0.41796875 0.0140625 0.01796875
0 0.1328125 0.54453125 0.0234375 0.03359375
0 0.384375 0.44296875 0.01484375 0.01796875
0 0.28984375 0.475 0.01484375 0.01953125
0 0.64609375 0.4203125 0.01484375 0.021875
0 0.4109375 0.4359375 0.0140625 0.0171875
0 0.496875 0.36640625 0.0125 0.0140625
0 0.4671875 0.359375 0.00859375 0.01328125
0 0.53203125 0.36796875 0.009375 0.0140625
0 0.41875 0.34296875 0.00859375 0.01171875
0 0.50546875 0.3296875 0.00703125 0.01171875
0 0.33671875 0.4625 0.01484375 0.01796875
0 0.565625 0.36875 0.0125 0.01796875
0 0.50546875 0.4265625 0.01484375 0.025
0 0.528125 0.3890625 0.0125 0.01796875
0 0.46953125 0.3421875 0.0078125 0.01015625
0 0.51875 0.3296875 0.00703125 0.01171875
0 0.49140625 0.34296875 0.00859375 0.01171875
0 0.48125 0.35546875 0.00859375 0.01328125
0 0.44453125 0.34296875 0.0078125 0.01171875
0 0.5203125 0.35390625 0.009375 0.01328125
0 0.059375 0.52421875 0.02421875 0.0296875
0 0.5296875 0.3296875 0.009375 0.01328125
0 0.353125 0.46328125 0.01484375 0.02109375
0 0.45703125 0.43125 0.015625 0.0234375
0 0.48125 0.33125 0.0078125 0.01171875
0 0.5390625 0.42578125 0.0140625 0.01796875
0 0.5046875 0.34296875 0.00859375 0.01171875
0 0.55546875 0.3453125 0.00859375 0.01328125
0 0.48125 0.3421875 0.00703125 0.0078125
0 0.4265625 0.53203125 0.0171875 0.025
0 0.65703125 0.35546875 0.01171875 0.01796875
0 0.43125 0.3453125 0.00703125 0.01015625
0 0.57734375 0.35703125 0.0109375 0.015625