0 0.7453125 0.11875 0.02421875 0.0390625
0 0.528125 0.01328125 0.0171875 0.02578125
0 0.590625 0.6484375 0.06328125 0.1015625
0 0.240625 0.125 0.02421875 0.03671875
0 0.94375 0.0171875 0.02421875 0.03359375
0 0.0203125 0.36875 0.0328125 0.0484375
0 0.84921875 0.0234375 0.02421875 0.03359375
0 0.6046875 0.24765625 0.03203125 0.05234375
0 0.3546875 0.24921875 0.03515625 0.05078125
0 0.07890625 0.4359375 0.0484375 0.0703125
0 0.13984375 0.2046875 0.028125 0.04296875
0 0.246875 0.084375 0.02421875 0.03359375
0 0.7 0.05625 0.025 0.0390625
0 0.67734375 0.2375 0.03046875 0.05078125
0 0.5421875 0.33203125 0.03203125 0.05703125
0 0.6671875 0.4140625 0.05859375 0.08359375
0 0.0734375 0.3359375 0.0421875 0.05703125
0 0.36484375 0.6453125 0.05546875 0.0796875
0 0.225 0.3515625 0.03828125 0.0546875
0 0.1375 0.3296875 0.0328125 0.05234375
0 0.57890625 0.18671875 0.03203125 0.05078125
0 0.2828125 0.3921875 0.0328125 0.0453125
0 0.0265625 0.1375 0.025 0.0375
0 0.446875 0.3984375 0.0375 0.05703125
0 0.79921875 0.15 0.03203125 0.0484375
0 0.50703125 0.0828125 0.02265625 0.03515625
0 0.39140625 0.4546875 0.053125 0.07265625
0 0.1953125 0.23671875 0.0296875 0.04453125
0 0.21953125 0.5359375 0.0453125 0.0640625
0 0.9859375 0.0546875 0.025 0.0390625
0 0.48359375 0.128125 0.025 0.040625
0 0.94140625 0.3640625 0.05859375 0.071875
0 0.2 0.125 0.0265625 0.04140625
0 0.3421875 0.1578125 0.025 0.04140625
0 0.18203125 0.165625 0.028125 0.04296875
0 0.79609375 0.01015625 0.0234375 0.0203125
0 0.28828125 0.08671875 0.025 0.0375
0 0.48828125 0.19296875 0.0296875 0.04921875
0 0.40703125 0.36328125 0.03515625 0.0546875
0 0.4234375 0.0796875 0.0234375 0.0328125
0 0.2625 0.225 0.03046875 0.05078125
0 0.01875 0.0421875 0.01953125 0.0296875
0 0.3265625 0.2171875 0.0296875 0.04453125
0 0.421875 0.6390625 0.0484375 0.06875
0 0.8609375 0.13125 0.03125 0.05078125
0 0.15703125 0.009375 0.0171875 0.01875
0 0.0125 0.18203125 0.02421875 0.04921875
0 0.02578125 0.00625 0.0234375 0.0125
0 0.73984375 0.0484375 0.02265625 0.03359375
0 0.09609375 0.0296875 0.01875 0.0234375
0 0.3734375 0.071875 0.02265625 0.0328125
0 0.1375 0.0546875 0.01875 0.02578125
0 0.171875 0.04765625 0.01953125 0.02734375
0 0.00703125 0.065625 0.0140625 0.0328125
0 0.1328125 0.1234375 0.0234375 0.03671875
0 0.1546875 0.9609375 0.103125 0.07578125
0 0.1125 0.0078125 0.0171875 0.015625
0 0.61796875 0.034375 0.0203125 0.0296875
0 0.0484375 0.0484375 0.0171875 0.0296875
0 0.27890625 0.009375 0.0203125 0.01875
0 0.9640625 0.0796875 0.03046875 0.04296875
0 0.0828125 0.1078125 0.021875 0.0296875
0 0.14609375 0.1578125 0.03046875 0.03359375
0 0.2140625 0.0296875 0.01640625 0.025
0 0.1984375 0.0875 0.0203125 0.02578125
0 0.31953125 0.39375 0.03515625 0.05625
0 0.2140625 0.00625 0.01953125 0.01171875
0 0.08125 0.05546875 0.0203125 0.0296875
0 0.71953125 0.0140625 0.02265625 0.02734375
0 0.23515625 0.00859375 0.015625 0.0171875
0 0.45703125 0.1125 0.02734375 0.04296875
0 0.30546875 0.0078125 0.0203125 0.015625
0 0.14609375 0.09296875 0.0203125 0.0296875
0 0.41171875 0.146875 0.02890625 0.03671875