0 0.94375 0.05546875 0.01953125 0.0296875
0 0.4390625 0.38046875 0.03515625 0.0546875
0 0.59296875 0.0765625 0.02421875 0.03671875
0 0.75390625 0.0875 0.01953125 0.0296875
0 0.0296875 0.62578125 0.05078125 0.071875
0 0.821875 0.20625 0.0296875 0.04296875
0 0.684375 0.13203125 0.02421875 0.03515625
0 0.67734375 0.2671875 0.0359375 0.0546875
0 0.84453125 0.03046875 0.0171875 0.025
0 0.6171875 0.1203125 0.021875 0.0328125
0 0.2484375 0.59296875 0.05390625 0.0765625
0 0.08515625 0.35 0.0390625 0.05703125
0 0.3640625 0.25 0.02734375 0.04453125
0 0.971875 0.0609375 0.01875 0.0296875
0 0.23125 0.375 0.03828125 0.05703125
0 0.53359375 0.12890625 0.02421875 0.0390625
0 0.1453125 0.3515625 0.0390625 0.05703125
0 0.99140625 0.0921875 0.015625 0.0296875
0 0.915625 0.04921875 0.01953125 0.03125
0 0.821875 0.06015625 0.01875 0.02890625
0 0.7453125 0.13046875 0.02421875 0.03671875
0 0.34453125 0.4046875 0.0375 0.0546875
0 0.9015625 0.09453125 0.02265625 0.0328125
0 0.85859375 0.096875 0.0203125 0.0328125
0 0.94609375 0.009375 0.0203125 0.01875
0 0.8984375 0.04140625 0.0171875 0.02890625
0 0.7375 0.45 0.04296875 0.05625
0 0.54609375 0.503125 0.0484375 0.06640625
0 0.4015625 0.2375 0.028125 0.0484375
0 0.63125 0.0921875 0.0203125 0.03125
0 0.5609375 0.27890625 0.034375 0.05234375
0 0.6765625 0.4 0.04296875 0.05859375
0 0.6796875 0.20625 0.02734375 0.04296875
0 0.95 0.1203125 0.0265625 0.03515625
0 0.81328125 0.12421875 0.01953125 0.0296875
0 0.26796875 0.3921875 0.0359375 0.04921875
0 0.99140625 0.025 0.01484375 0.02578125
0 0.83359375 0.13125 0.01875 0.0328125
0 0.50078125 0.03828125 0.021875 0.03515625
0 0.29609375 0.06875 0.0265625 0.03671875
0 0.4109375 0.85 0.065625 0.1
0 0.65546875 0.47421875 0.06953125 0.07578125
0 0.1234375 0.18515625 0.03125 0.04921875
0 0.93828125 0.74375 0.04765625 0.0640625
0 0.9078125 0.0125 0.0171875 0.025
0 0.9 0.9375 0.0671875 0.09921875
0 0.7703125 0.1203125 0.021875 0.0328125
0 0.009375 0.27421875 0.01875 0.05625
0 0.7765625 0.00625 0.01875 0.01171875
0 0.00625 0.48125 0.0125 0.0796875
0 0.9921875 0.13125 0.0140625 0.03359375
0 0.0796875 0.2796875 0.04296875 0.05859375
0 0.8984375 0.853125 0.0296875 0.040625
0 0.9 0.2953125 0.0390625 0.0765625