0 0.69375 0.225 0.02265625 0.03359375
0 0.571875 0.409375 0.028125 0.0453125
0 0.8953125 0.22265625 0.01953125 0.03125
0 0.6546875 0.725 0.06953125 0.10390625
0 0.1734375 0.21640625 0.0296875 0.0390625
0 0.49921875 0.634375 0.05546875 0.084375
0 0.7328125 0.30625 0.0328125 0.04453125
0 0.9875 0.40703125 0.0234375 0.0484375
0 0.2359375 0.3015625 0.028125 0.04296875
0 0.8453125 0.1078125 0.01484375 0.021875
0 0.93984375 0.34921875 0.03203125 0.04921875
0 0.95 0.29921875 0.02421875 0.03671875
0 0.4578125 0.18046875 0.0171875 0.025
0 0.7640625 0.196875 0.021875 0.0328125
0 0.909375 0.10546875 0.0125 0.01796875
0 0.665625 0.31328125 0.03046875 0.040625
0 0.92109375 0.67421875 0.05390625 0.08828125
0 0.49453125 0.24921875 0.0203125 0.0296875
0 0.06328125 0.44296875 0.0265625 0.03671875
0 0.5171875 0.3296875 0.025 0.04140625
0 0.3734375 0.47890625 0.0421875 0.06015625
0 0.37890625 0.41953125 0.03515625 0.046875
0 0.990625 0.27890625 0.0171875 0.0390625
0 0.97421875 0.25625 0.02421875 0.0296875
0 0.759375 0.2921875 0.025 0.040625
0 0.0234375 0.59921875 0.0390625 0.0625
0 0.553125 0.3359375 0.0265625 0.04140625
0 0.70546875 0.09765625 0.0125 0.02109375
0 0.87890625 0.32421875 0.0296875 0.04453125
0 0.51796875 0.2234375 0.02265625 0.0328125
0 0.81328125 0.11875 0.0140625 0.01953125
0 0.384375 0.28515625 0.02265625 0.03125
0 0.4640625 0.2046875 0.0203125 0.0296875
0 0.96328125 0.0875 0.0109375 0.01796875
0 0.85078125 0.1875 0.021875 0.03671875
0 0.84453125 0.03125 0.009375 0.01328125
0 0.92890625 0.0875 0.009375 0.0171875
0 0.98125 0.07890625 0.00859375 0.0140625
0 0.99375 0.09140625 0.009375 0.01796875
0 0.9046875 0.0546875 0.00859375 0.01328125
0 0.7046875 0.0421875 0.0109375 0.0140625
0 0.91875 0.0546875 0.00859375 0.01015625
0 0.48125 0.18671875 0.01640625 0.025
0 0.46953125 0.24765625 0.02265625 0.03125
0 0.58984375 0.665625 0.0484375 0.0765625
0 0.415625 0.1796875 0.01953125 0.02578125
0 0.86953125 0.03125 0.00859375 0.01328125
0 0.04609375 0.17421875 0.0203125 0.03125
0 0.83046875 0.02890625 0.00859375 0.01328125
0 0.7421875 0.040625 0.009375 0.0140625
0 0.80625 0.01796875 0.00703125 0.01328125
0 0.74296875 0.07890625 0.0109375 0.0171875
0 0.8765625 0.05546875 0.0109375 0.0140625
0 0.884375 0.10546875 0.0125 0.01796875
0 0.89375 0.04296875 0.00703125 0.01328125
0 0.9671875 0.0171875 0.0078125 0.01171875
0 0.85390625 0.00625 0.0109375 0.01171875
0 0.99296875 0.06875 0.0109375 0.0171875
0 0.946875 0.07890625 0.0109375 0.0171875
0 0.425 0.2109375 0.0203125 0.03125
0 0.790625 0.0296875 0.009375 0.01328125
0 0.7703125 0.06875 0.01171875 0.0171875
0 0.80703125 0.0921875 0.0109375 0.0171875
0 0.9171875 0.06875 0.0109375 0.01171875
0 0.9296875 0.05390625 0.0078125 0.01171875
0 0.878125 0.28125 0.02265625 0.03125
0 0.0578125 0.98359375 0.065625 0.0296875
0 0.37578125 0.09921875 0.01953125 0.03125
0 0.99375 0.053125 0.0109375 0.01328125
0 0.84296875 0.0171875 0.00703125 0.01171875
0 0.99375 0.03046875 0.00703125 0.01171875
0 0.81796875 0.0296875 0.00703125 0.01171875
0 0.68828125 0.19375 0.015625 0.0234375
0 0.9546875 0.05625 0.0078125 0.01328125
0 0.89296875 0.0921875 0.0109375 0.0140625
0 0.3578125 0.2671875 0.0234375 0.0375
0 0.728125 0.096875 0.01171875 0.0171875
0 0.98046875 0.0296875 0.00625 0.01015625
0 0.93046875 0.06875 0.00859375 0.01328125
0 0.90625 0.03046875 0.0078125 0.01171875