1 0.4859375 0.6 0.04140625 0.1359375
1 0.64375 0.609375 0.046875 0.13203125
1 0.4984375 0.49453125 0.99140625 0.9734375
1 0.65703125 0.90390625 0.06953125 0.16953125
1 0.46328125 0.86953125 0.065625 0.1625
1 0.33125 0.5109375 0.04296875 0.1171875
1 0.35078125 0.88515625 0.05703125 0.1625
1 0.06875 0.909375 0.06015625 0.15859375
1 0.2125 0.54921875 0.0453125 0.12421875
1 0.5296875 0.390625 0.04140625 0.12421875
1 0.1609375 0.5 0.03984375 0.12421875
1 0.06875 0.6625 0.0484375 0.13203125
1 0.7875 0.609375 0.03984375 0.12421875
1 0.33984375 0.73984375 0.046875 0.128125
1 0.05546875 0.46953125 0.03125 0.1015625
1 0.709375 0.75859375 0.05 0.128125
1 0.80859375 0.43359375 0.04296875 0.11328125
1 0.82109375 0.8171875 0.05 0.1546875
1 0.72578125 0.6640625 0.046875 0.128125
1 0.11796875 0.7 0.053125 0.13984375
1 0.25703125 0.82109375 0.0453125 0.1171875
1 0.265625 0.93359375 0.065625 0.1171875
1 0.11953125 0.46015625 0.03125 0.0984375
1 0.57578125 0.68671875 0.053125 0.12109375
1 0.39765625 0.47734375 0.03828125 0.109375
1 0.28671875 0.43984375 0.03984375 0.1171875
1 0.60703125 0.8171875 0.053125 0.12421875
1 0.20078125 0.728125 0.04140625 0.11328125
1 0.221875 0.253125 0.0296875 0.090625
1 0.578125 0.47578125 0.04453125 0.128125
1 0.16015625 0.81328125 0.046875 0.13984375
1 0.1625 0.3453125 0.034375 0.08671875
1 0.909375 0.70390625 0.053125 0.146875
1 0.90625 0.3375 0.04140625 0.1015625
1 0.278125 0.66796875 0.0484375 0.128125
1 0.49921875 0.4109375 0.034375 0.10546875
1 0.36875 0.65859375 0.03828125 0.1171875
1 0.75 0.42421875 0.03671875 0.1015625
1 0.6859375 0.32421875 0.03125 0.0828125
1 0.45625 0.290625 0.03125 0.0828125
1 0.359375 0.35625 0.0453125 0.12421875
1 0.2296875 0.40390625 0.03125 0.090625
1 0.33046875 0.18671875 0.0296875 0.07890625
1 0.684375 0.46796875 0.03671875 0.11328125
1 0.05625 0.3 0.03828125 0.09453125
1 0.48828125 0.75078125 0.08125 0.4375
1 0.1328125 0.37734375 0.034375 0.0828125
1 0.52421875 0.29609375 0.0328125 0.07890625
1 0.43125 0.46015625 0.03828125 0.090625
1 0.0171875 0.653125 0.034375 0.12109375
1 0.39296875 0.590625 0.04140625 0.1171875
1 0.3296875 0.62421875 0.06875 0.34375
1 0.553125 0.53984375 0.046875 0.11328125
1 0.19609375 0.91875 0.05859375 0.146875
1 0.0984375 0.28125 0.03125 0.1015625
1 0.4875 0.23984375 0.0296875 0.07890625
1 0.84609375 0.5984375 0.0515625 0.13203125
1 0.74140625 0.2640625 0.03828125 0.090625
1 0.5765625 0.91328125 0.06875 0.15078125
1 0.76328125 0.509375 0.04296875 0.10546875
1 0.64453125 0.25625 0.034375 0.090625
1 0.61953125 0.35625 0.0328125 0.09453125
1 0.97421875 0.6625 0.0453125 0.13203125
1 0.528125 0.890625 0.0484375 0.15078125
1 0.26015625 0.24375 0.02734375 0.07890625
1 0.6515625 0.68671875 0.07421875 0.28671875
1 0.64296875 0.47578125 0.04453125 0.11328125
1 0.21796875 0.60546875 0.06875 0.2453125
1 0.709375 0.20546875 0.0296875 0.07890625
1 0.23984375 0.14375 0.02265625 0.06796875
1 0.4328125 0.73359375 0.053125 0.146875
1 0.26171875 0.42109375 0.0359375 0.1171875
1 0.09453125 0.5015625 0.0359375 0.0984375
1 0.7796875 0.85625 0.05546875 0.128125
1 0.30859375 0.4171875 0.0328125 0.109375
1 0.52734375 0.47890625 0.05546875 0.3015625
1 0.24375 0.33203125 0.02578125 0.06796875
1 0.1171875 0.7734375 0.07109375 0.3015625
1 0.06953125 0.2171875 0.03125 0.08671875
1 0.578125 0.3625 0.0296875 0.090625
1 0.64453125 0.61484375 0.06875 0.19609375
1 0.0875 0.36953125 0.03828125 0.0984375
1 0.41328125 0.17734375 0.0296875 0.0828125
1 0.6859375 0.6625 0.03984375 0.12421875
1 0.73828125 0.32265625 0.0328125 0.07890625
1 0.3203125 0.31328125 0.0359375 0.0984375
1 0.6515625 0.37734375 0.0328125 0.090625
1 0.9265625 0.51328125 0.04140625 0.10546875
1 0.5859375 0.58515625 0.0484375 0.090625
1 0.36875 0.36953125 0.02734375 0.0828125
1 0.68984375 0.25078125 0.0359375 0.07890625
1 0.77109375 0.953125 0.06171875 0.08671875
1 0.90625 0.59609375 0.04140625 0.0984375
1 0.12734375 0.1359375 0.0328125 0.090625
1 0.46875 0.4984375 0.03828125 0.090625
1 0.5734375 0.24140625 0.03125 0.0828125
1 0.45234375 0.40390625 0.03671875 0.10546875
1 0.2828125 0.47734375 0.06953125 0.1921875
1 0.61640625 0.1984375 0.03125 0.08671875
1 0.9828125 0.471875 0.02890625 0.11328125
1 0.36171875 0.19453125 0.0296875 0.07890625
1 0.02265625 0.54375 0.03671875 0.0984375
1 0.5953125 0.28125 0.0296875 0.08671875
1 0.45390625 0.6 0.03984375 0.1359375
1 0.9578125 0.8015625 0.0671875 0.146875
1 0.0609375 0.7265625 0.08125 0.26015625
1 0.16640625 0.56640625 0.06171875 0.25625
1 0.26484375 0.5984375 0.05 0.1015625
1 0.6578125 0.87890625 0.0453125 0.12109375
1 0.896875 0.86640625 0.07265625 0.13203125
1 0.35390625 0.33203125 0.034375 0.0828125