0 0.5328125 0.296875 0.01484375 0.02109375
0 0.571875 0.51796875 0.03046875 0.04921875
0 0.18203125 0.69921875 0.04765625 0.07578125
0 0.571875 0.4625 0.02734375 0.04453125
0 0.57890625 0.3546875 0.021875 0.0328125
0 0.696875 0.5453125 0.0375 0.053125
0 0.23359375 0.46875 0.03046875 0.04140625
0 0.33046875 0.4671875 0.028125 0.04296875
0 0.225 0.690625 0.0359375 0.05625
0 0.93125 0.3421875 0.02421875 0.03671875
0 0.4953125 0.34453125 0.0171875 0.025
0 0.9671875 0.5453125 0.040625 0.05859375
0 0.79609375 0.56875 0.03828125 0.05234375
0 0.31875 0.428125 0.0203125 0.02890625
0 0.42421875 0.7671875 0.04765625 0.08203125
0 0.4421875 0.33046875 0.0171875 0.02578125
0 0.7078125 0.31640625 0.0171875 0.02890625
0 0.48125 0.3765625 0.01953125 0.03125
0 0.946875 0.3171875 0.0234375 0.0328125
0 0.62578125 0.4625 0.028125 0.04453125
0 0.64140625 0.39140625 0.021875 0.03515625
0 0.74375 0.33046875 0.01875 0.03125
0 0.76796875 0.64921875 0.04375 0.06875
0 0.80859375 0.4359375 0.03125 0.04453125
0 0.915625 0.459375 0.03203125 0.05234375
0 0.8734375 0.43828125 0.028125 0.04296875
0 0.82734375 0.60625 0.0390625 0.05625
0 0.4796875 0.315625 0.015625 0.021875
0 0.34453125 0.296875 0.01484375 0.0234375
0 0.196875 0.3921875 0.02265625 0.0296875
0 0.7625 0.43203125 0.02421875 0.0390625
0 0.3046875 0.36015625 0.01953125 0.0296875
0 0.6578125 0.45703125 0.0234375 0.0390625
0 0.69609375 0.38671875 0.025 0.0390625
0 0.1078125 0.43671875 0.02734375 0.0375
0 0.5125 0.36015625 0.0171875 0.0296875
0 0.734375 0.43671875 0.02734375 0.04296875
0 0.978125 0.32890625 0.0265625 0.0453125
0 0.41796875 0.4265625 0.025 0.03515625
0 0.6 0.36953125 0.02265625 0.03125
0 0.46015625 0.39375 0.021875 0.0328125
0 0.38203125 0.3734375 0.021875 0.03125
0 0.409375 0.375 0.0203125 0.03125
0 0.52109375 0.2578125 0.0125 0.01796875
0 0.73125 0.4984375 0.03515625 0.0546875
0 0.62890625 0.303125 0.015625 0.0234375
0 0.19453125 0.34765625 0.01484375 0.0234375
0 0.371875 0.2984375 0.01484375 0.02109375
0 0.321875 0.39140625 0.0234375 0.0328125
0 0.88984375 0.3125 0.0234375 0.03125
0 0.9015625 0.34921875 0.021875 0.03671875
0 0.1375 0.35625 0.01640625 0.025
0 0.0828125 0.35625 0.0171875 0.025
0 0.55234375 0.28046875 0.0125 0.01953125
0 0.66015625 0.2796875 0.015625 0.02578125
0 0.5828125 0.3171875 0.0171875 0.025
0 0.56953125 0.30078125 0.015625 0.0234375
0 0.2453125 0.35703125 0.0171875 0.0234375
0 0.17109375 0.3484375 0.01484375 0.021875
0 0.3578125 0.25625 0.0140625 0.01953125
0 0.41796875 0.25625 0.01171875 0.01953125
0 0.259375 0.3890625 0.01875 0.02578125
0 0.6421875 0.26328125 0.0140625 0.02109375
0 0.4046875 0.26171875 0.01171875 0.01796875
0 0.56640625 0.271875 0.01171875 0.01796875
0 0.3703125 0.26875 0.0140625 0.01953125
0 0.48125 0.2890625 0.01484375 0.02109375
0 0.39609375 0.315625 0.01484375 0.021875
0 0.91953125 0.54453125 0.0359375 0.0546875
0 0.665625 0.315625 0.01640625 0.025
0 0.33125 0.25 0.01171875 0.01796875
0 0.390625 0.2578125 0.01171875 0.01796875
0 0.2171875 0.3328125 0.01484375 0.021875
0 0.42109375 0.3265625 0.01484375 0.0234375
0 0.60546875 0.24375 0.01171875 0.0171875
0 0.540625 0.3609375 0.01953125 0.02890625
0 0.3421875 0.21796875 0.01171875 0.01953125
0 0.171875 0.3953125 0.021875 0.0296875
0 0.61796875 0.25625 0.0140625 0.01953125
0 0.05390625 0.2953125 0.0140625 0.0171875
0 0.45859375 0.25625 0.0125 0.0171875
0 0.4984375 0.26015625 0.0140625 0.01796875
0 0.365625 0.21328125 0.01171875 0.015625
0 0.540625 0.2546875 0.01171875 0.0140625
0 0.4546875 0.290625 0.015625 0.021875
0 0.84765625 0.3203125 0.01953125 0.02890625
0 0.59296875 0.26796875 0.0125 0.01796875
0 0.5546875 0.25703125 0.01171875 0.0171875
0 0.1203125 0.3328125 0.0140625 0.021875
0 0.41484375 0.2984375 0.01484375 0.02109375
0 0.8109375 0.325 0.0171875 0.0296875
0 0.55390625 0.30390625 0.01484375 0.021875
0 0.128125 0.29296875 0.0125 0.01796875
0 0.5671875 0.2546875 0.009375 0.0171875
0 0.39609375 0.3484375 0.0203125 0.025
0 0.690625 0.35 0.01875 0.02578125
0 0.60546875 0.284375 0.0140625 0.01953125
0 0.29140625 0.59296875 0.0421875 0.05078125
0 0.8078125 0.25625 0.01171875 0.01796875
0 0.64296875 0.28515625 0.01484375 0.02109375
0 0.58125 0.25546875 0.01171875 0.01796875
0 0.74140625 0.30546875 0.01484375 0.01953125
0 0.084375 0.28828125 0.01171875 0.01953125
0 0.00390625 0.3109375 0.0078125 0.01796875
0 0.11953125 0.26875 0.0109375 0.0140625
0 0.8203125 0.2671875 0.0140625 0.01796875
0 0.9265625 0.3875 0.025 0.0375
0 0.99375 0.534375 0.009375 0.05078125
0 0.3046875 0.24375 0.01171875 0.0171875
0 0.00625 0.45078125 0.0125 0.03359375
0 0.6375 0.2375 0.0109375 0.0140625
0 0.0296875 0.31640625 0.0140625 0.02109375
0 0.6578125 0.33828125 0.0171875 0.02890625
0 0.790625 0.25625 0.01171875 0.01796875