1 0.43671875 0.74765625 0.034375 0.078125
1 0.846875 0.84453125 0.03828125 0.090625
1 0.15703125 0.72734375 0.0328125 0.06796875
1 0.703125 0.67421875 0.03125 0.06796875
1 0.8046875 0.634375 0.025 0.059375
1 0.89609375 0.784375 0.0421875 0.09296875
1 0.10078125 0.73984375 0.034375 0.084375
1 0.31484375 0.73671875 0.0359375 0.078125
1 0.24609375 0.85390625 0.0390625 0.0890625
1 0.61015625 0.7625 0.03203125 0.078125
1 0.2421875 0.69453125 0.03125 0.07421875
1 0.7859375 0.89765625 0.19140625 0.196875
1 0.02578125 0.78984375 0.028125 0.078125
1 0.56171875 0.64140625 0.02734375 0.0609375
1 0.0984375 0.9015625 0.034375 0.0828125
1 0.24921875 0.9015625 0.0921875 0.18359375
1 0.5953125 0.63828125 0.02421875 0.05078125
1 0.4125 0.8421875 0.10859375 0.26875
1 0.94375 0.77578125 0.03828125 0.071875
1 0.67265625 0.6296875 0.02265625 0.046875
1 0.36953125 0.67578125 0.034375 0.07421875
1 0.58984375 0.8328125 0.103125 0.21953125
1 0.4890625 0.65 0.025 0.053125
1 0.21171875 0.68828125 0.0296875 0.07421875
1 0.0703125 0.728125 0.0328125 0.07421875
1 0.70078125 0.7515625 0.07734375 0.2265625
1 0.52109375 0.625 0.03046875 0.05703125
1 0.509375 0.56875 0.021875 0.0421875
1 0.16171875 0.7984375 0.059375 0.209375
1 0.6296875 0.6171875 0.02265625 0.0546875
1 0.7453125 0.60078125 0.0234375 0.046875
1 0.21875 0.60390625 0.01953125 0.03984375
1 0.89765625 0.6078125 0.028125 0.0609375
1 0.96796875 0.9453125 0.04375 0.084375
1 0.05546875 0.6046875 0.02421875 0.0546875
1 0.85234375 0.63203125 0.03046875 0.059375
1 0.49921875 0.67734375 0.9921875 0.6109375
1 0.6328125 0.70859375 0.03515625 0.07578125
1 0.259375 0.6765625 0.0234375 0.06328125
1 0.78359375 0.6921875 0.0890625 0.17578125
1 0.3578125 0.58984375 0.021875 0.0421875
1 0.98359375 0.68046875 0.02734375 0.06796875
1 0.91953125 0.7265625 0.03203125 0.07421875
1 0.16328125 0.6296875 0.02265625 0.0546875
1 0.92421875 0.62265625 0.02421875 0.0484375
1 0.30859375 0.78046875 0.06640625 0.16875
1 0.23515625 0.7515625 0.07734375 0.18359375
1 0.10625 0.92734375 0.08671875 0.1328125
1 0.975 0.60234375 0.0234375 0.05078125
1 0.36171875 0.64296875 0.05390625 0.14375
1 0.5640625 0.690625 0.03828125 0.15859375
1 0.1203125 0.59609375 0.0203125 0.0421875
1 0.5234375 0.6609375 0.0453125 0.12890625
1 0.6984375 0.61953125 0.0265625 0.05078125
1 0.1921875 0.625 0.0234375 0.0484375
1 0.1078125 0.8234375 0.0890625 0.2515625
1 0.95 0.83828125 0.0625 0.196875
1 0.6296875 0.57109375 0.02265625 0.0421875
1 0.8921875 0.8296875 0.0609375 0.18828125
1 0.71015625 0.55078125 0.01875 0.03984375
1 0.0328125 0.8703125 0.06328125 0.2390625
1 0.8625 0.52421875 0.01953125 0.0421875
1 0.36328125 0.70703125 0.053125 0.1375
1 0.7671875 0.52421875 0.01953125 0.0421875
1 0.07890625 0.596875 0.0234375 0.053125
1 0.28515625 0.60234375 0.01953125 0.0421875
1 0.871875 0.478125 0.01875 0.03828125
1 0.74375 0.640625 0.0390625 0.13125
1 0.8109375 0.521875 0.015625 0.03828125
1 0.47265625 0.58125 0.021875 0.046875
1 0.4640625 0.51875 0.01875 0.0359375
1 0.0890625 0.43359375 0.01640625 0.0296875
1 0.346875 0.55 0.01953125 0.03828125
1 0.95703125 0.484375 0.015625 0.03359375
1 0.4421875 0.559375 0.01875 0.0359375
1 0.43515625 0.590625 0.0421875 0.09921875
1 0.0375 0.584375 0.01640625 0.03203125
1 0.26796875 0.61953125 0.0203125 0.046875
1 0.70234375 0.56484375 0.015625 0.0421875
1 0.1859375 0.56796875 0.01640625 0.0359375
1 0.6453125 0.52890625 0.0171875 0.03359375
1 0.26875 0.9390625 0.053125 0.11015625
1 0.5953125 0.6703125 0.040625 0.1140625
1 0.64609375 0.56484375 0.01875 0.0421875
1 0.73984375 0.5625 0.01875 0.03828125
1 0.021875 0.61953125 0.01875 0.0421875
1 0.1421875 0.53671875 0.015625 0.03359375
1 0.1234375 0.621875 0.040625 0.09296875
1 0.246875 0.85859375 0.06171875 0.12265625
1 0.38671875 0.56640625 0.0171875 0.03359375
1 0.37734375 0.53828125 0.02265625 0.03984375
1 0.47578125 0.70390625 0.06171875 0.1609375
1 0.71015625 0.58984375 0.0421875 0.11015625
1 0.403125 0.54765625 0.0265625 0.08046875
1 0.221875 0.634375 0.03984375 0.10546875
1 0.21015625 0.72421875 0.0453125 0.14609375
1 0.31328125 0.546875 0.0171875 0.0359375
1 0.89296875 0.63984375 0.03984375 0.1203125
1 0.4515625 0.69140625 0.025 0.046875
1 0.5109375 0.60390625 0.04765625 0.11640625
1 0.08671875 0.50625 0.0328125 0.17578125
1 0.0890625 0.434375 0.021875 0.04453125
1 0.69609375 0.54296875 0.01640625 0.03828125
1 0.3703125 0.578125 0.0203125 0.04453125
1 0.0125 0.46015625 0.01640625 0.0359375
1 0.2984375 0.55 0.01953125 0.03828125
1 0.1421875 0.5875 0.028125 0.06328125
1 0.66796875 0.6859375 0.05078125 0.1546875
1 0.13671875 0.49296875 0.021875 0.03828125
1 0.08125 0.6328125 0.0359375 0.1078125
1 0.83984375 0.8953125 0.084375 0.196875
1 0.63984375 0.74765625 0.05390625 0.1546875
1 0.43828125 0.65625 0.02265625 0.04453125
1 0.6296875 0.63515625 0.0359375 0.0953125
1 0.925 0.640625 0.03203125 0.084375
1 0.1046875 0.775 0.0671875 0.15859375
1 0.65546875 0.6046875 0.02265625 0.05078125
1 0.9453125 0.5171875 0.05625 0.0953125
1 0.1640625 0.634375 0.03515625 0.07578125
1 0.3625 0.6625 0.02265625 0.05703125