0 0.79765625 0.2890625 0.0265625 0.04140625
0 0.76484375 0.22578125 0.0234375 0.0375
0 0.67890625 0.06953125 0.01484375 0.01953125
0 0.7453125 0.01328125 0.015625 0.0234375
0 0.4296875 0.103125 0.01953125 0.0296875
0 0.90859375 0.0546875 0.0125 0.0234375
0 0.8421875 0.30625 0.028125 0.04453125
0 0.4046875 0.1484375 0.0171875 0.02890625
0 0.93046875 0.07578125 0.01640625 0.02578125
0 0.0171875 0.3921875 0.034375 0.05625
0 0.61484375 0.11015625 0.01640625 0.02734375
0 0.5671875 0.17421875 0.021875 0.03125
0 0.65703125 0.2046875 0.021875 0.03359375
0 0.7140625 0.0234375 0.015625 0.0234375
0 0.7140625 0.1109375 0.01953125 0.02890625
0 0.0578125 0.3359375 0.03515625 0.046875
0 0.8046875 0.1171875 0.0171875 0.02578125
0 0.7421875 0.11953125 0.015625 0.02578125
0 0.72265625 0.0640625 0.0171875 0.0234375
0 0.9109375 0.31640625 0.02734375 0.04140625
0 0.31328125 0.09453125 0.0171875 0.025
0 0.115625 0.06796875 0.01484375 0.02109375
0 0.3953125 0.1109375 0.0171875 0.02578125
0 0.81640625 0.02421875 0.0140625 0.01953125
0 0.75078125 0.1484375 0.01875 0.02890625
0 0.81328125 0.21328125 0.02421875 0.0390625
0 0.98671875 0.1359375 0.02265625 0.0328125
0 0.75625 0.09921875 0.01640625 0.02578125
0 0.5890625 0.10546875 0.0171875 0.02578125
0 0.78359375 0.16796875 0.0203125 0.03671875
0 0.83515625 0.08671875 0.01640625 0.025
0 0.92734375 0.16640625 0.02421875 0.03671875
0 0.83203125 0.1765625 0.0171875 0.0296875
0 0.8625 0.59375 0.0625 0.08046875
0 0.16171875 0.5453125 0.0421875 0.05625
0 0.8859375 0.171875 0.021875 0.03359375
0 0.45546875 0.21796875 0.0265625 0.0375
0 0.7 0.07578125 0.0171875 0.02578125
0 0.8390625 0.0140625 0.0140625 0.0234375
0 0.72109375 0.1421875 0.01875 0.02734375
0 0.76875 0.046875 0.01484375 0.0234375
0 0.553125 0.0796875 0.01875 0.0296875
0 0.784375 0.36171875 0.0375 0.0546875
0 0.78828125 0.0609375 0.015625 0.025
0 0.28203125 0.20546875 0.0265625 0.03671875
0 0.5828125 0.07890625 0.0171875 0.025
0 0.53203125 0.1625 0.021875 0.03359375
0 0.78828125 0.09453125 0.0171875 0.02734375
0 0.5046875 0.17421875 0.0171875 0.03125
0 0.4796875 0.06640625 0.01484375 0.0234375
0 0.2109375 0.0921875 0.0171875 0.02109375
0 0.46953125 0.03203125 0.015625 0.025
0 0.7703125 0.0140625 0.0171875 0.02109375
0 0.6546875 0.11796875 0.0171875 0.025
0 0.47578125 0.1265625 0.01953125 0.03125
0 0.6375 0.0875 0.01640625 0.0234375
0 0.98984375 0.17578125 0.01875 0.0390625
0 0.3546875 0.09375 0.015625 0.0234375
0 0.86171875 0.05625 0.01484375 0.0234375
0 0.9015625 0.0171875 0.0140625 0.0234375
0 0.84453125 0.11796875 0.01875 0.025
0 0.79609375 0.0296875 0.0125 0.0234375
0 0.87578125 0.14140625 0.0171875 0.02734375
0 0.91875 0.0140625 0.01484375 0.021875
0 0.1375 0.07421875 0.01640625 0.0234375
0 0.446875 0.0625 0.01484375 0.02578125
0 0.8671875 0.0296875 0.0140625 0.01953125
0 0.175 0.09921875 0.0171875 0.02109375
0 0.2453125 0.0609375 0.01640625 0.021875
0 0.93515625 0.20546875 0.02265625 0.03671875
0 0.8875 0.10078125 0.0171875 0.02734375
0 0.9328125 0.04765625 0.01484375 0.021875
0 0.878125 0.0734375 0.01875 0.0296875
0 0.68515625 0.0421875 0.01484375 0.021875
0 0.44140625 0.01953125 0.0140625 0.02109375
0 0.82890625 0.06015625 0.015625 0.02109375
0 0.23671875 0.11796875 0.01640625 0.025
0 0.615625 0.1453125 0.01953125 0.02734375
0 0.0265625 0.0703125 0.015625 0.01796875
0 0.0125 0.64140625 0.02421875 0.0765625
0 0.1203125 0.2515625 0.025 0.03359375
0 0.14609375 0.23125 0.0203125 0.025
0 0.8609375 0.16796875 0.0171875 0.03125
0 0.80234375 0.0578125 0.01484375 0.021875
0 0.040625 0.084375 0.01484375 0.01796875
0 0.071875 0.06875 0.01640625 0.01953125
0 0.253125 0.13125 0.01875 0.025
0 0.66015625 0.09453125 0.015625 0.021875
0 0.59609375 0.165625 0.01484375 0.02734375
0 0.8703125 0.00625 0.0125 0.0125
0 0.103125 0.13515625 0.01953125 0.02578125
0 0.79609375 0.0078125 0.0140625 0.015625
0 0.009375 0.7921875 0.01875 0.0453125
0 0.89609375 0.04140625 0.0125 0.02109375