0 0.634375 0.2359375 0.03125 0.05078125
0 0.66328125 0.58828125 0.0484375 0.08046875
0 0.2625 0.20078125 0.03125 0.046875
0 0.7984375 0.0796875 0.028125 0.0375
0 0.56484375 0.4 0.03828125 0.0640625
0 0.91328125 0.3140625 0.040625 0.05703125
0 0.446875 0.23203125 0.0359375 0.05703125
0 0.1515625 0.06328125 0.03125 0.0453125
0 0.28828125 0.2828125 0.0328125 0.046875
0 0.4171875 0.05703125 0.0234375 0.03671875
0 0.8078125 0.36875 0.04296875 0.06796875
0 0.6703125 0.30625 0.03515625 0.0546875
0 0.796875 0.2796875 0.0328125 0.05078125
0 0.62890625 0.34453125 0.040625 0.06640625
0 0.790625 0.2125 0.0328125 0.04921875
0 0.50390625 0.14296875 0.03125 0.04921875
0 0.4140625 0.6359375 0.0640625 0.0953125
0 0.48125 0.815625 0.0703125 0.115625
0 0.4921875 0.0484375 0.025 0.0390625
0 0.95390625 0.36640625 0.046875 0.0609375
0 0.3171875 0.80078125 0.07734375 0.1171875
0 0.74296875 0.04921875 0.02421875 0.03671875
0 0.93984375 0.12265625 0.0265625 0.04140625
0 0.55546875 0.31171875 0.0421875 0.0609375
0 0.078125 0.4515625 0.0546875 0.0796875
0 0.7140625 0.1890625 0.03046875 0.05234375
0 0.540625 0.03046875 0.025 0.0375
0 0.72734375 0.66953125 0.0578125 0.10390625
0 0.72265625 0.275 0.0375 0.0546875
0 0.59609375 0.13125 0.03203125 0.05078125
0 0.8703125 0.41328125 0.0515625 0.07421875
0 0.540625 0.5203125 0.0515625 0.084375
0 0.7484375 0.1375 0.0296875 0.0484375
0 0.98359375 0.31875 0.03125 0.05703125
0 0.88984375 0.57421875 0.0578125 0.0859375
0 0.046875 0.8296875 0.08203125 0.13125
0 0.34453125 0.071875 0.025 0.040625
0 0.928125 0.05390625 0.025 0.03515625
0 0.67109375 0.1703125 0.0328125 0.0484375
0 0.8640625 0.234375 0.034375 0.04140625
0 0.546875 0.09140625 0.03125 0.04453125
0 0.83515625 0.0703125 0.0234375 0.03671875
0 0.54921875 0.16015625 0.0359375 0.0546875
0 0.04140625 0.63125 0.0734375 0.11171875
0 0.41328125 0.15390625 0.034375 0.04921875
0 0.090625 0.0265625 0.03046875 0.0453125
0 0.31640625 0.08515625 0.025 0.04296875
0 0.34453125 0.25625 0.0390625 0.05625
0 0.84765625 0.040625 0.0234375 0.0328125
0 0.56640625 0.01640625 0.0234375 0.0328125
0 0.7734375 0.4953125 0.05078125 0.084375
0 0.8734375 0.2765625 0.0359375 0.05078125
0 0.9125 0.675 0.05390625 0.0953125
0 0.66875 0.3828125 0.04765625 0.06796875
0 0.93828125 0.21328125 0.0390625 0.05703125
0 0.41015625 0.3109375 0.0453125 0.06640625
0 0.2453125 0.62265625 0.0625 0.08828125
0 0.7421875 0.39296875 0.046875 0.07578125
0 0.25390625 0.1546875 0.03125 0.040625
0 0.7171875 0.09921875 0.0296875 0.0390625
0 0.69140625 0.0796875 0.02734375 0.03515625
0 0.9609375 0.021875 0.025 0.03125
0 0.4234375 0.09375 0.03125 0.04453125
0 0.37421875 0.0328125 0.0265625 0.04453125
0 0.9671875 0.13125 0.0296875 0.0375
0 0.60078125 0.025 0.025 0.03515625
0 0.29609375 0.5171875 0.059375 0.08984375
0 0.025 0.03046875 0.03203125 0.04296875
0 0.0671875 0.2078125 0.053125 0.071875
0 0.9125 0.01953125 0.02265625 0.02578125
0 0.51171875 0.459375 0.0484375 0.0625
0 0.98359375 0.72265625 0.03046875 0.08828125
0 0.20859375 0.2640625 0.05390625 0.0765625
0 0.8296875 0.115625 0.025 0.03671875
0 0.8921875 0.20625 0.0328125 0.0484375
0 0.1375 0.0234375 0.0296875 0.03671875
0 0.90703125 0.08828125 0.02265625 0.03359375
0 0.665625 0.04140625 0.0234375 0.03359375
0 0.86015625 0.00625 0.0203125 0.0125
0 0.19140625 0.0734375 0.03515625 0.0453125
0 0.8984375 0.79453125 0.06640625 0.10390625
0 0.19140625 0.18125 0.0453125 0.04921875
0 0.6984375 0.0484375 0.0203125 0.0296875
0 0.97734375 0.88515625 0.04296875 0.109375
0 0.903125 0.0578125 0.0203125 0.02734375
0 0.95 0.06875 0.02265625 0.02578125
0 0.98125 0.05625 0.02421875 0.03515625
0 0.21875 0.00625 0.025 0.0125
0 0.8609375 0.19375 0.025 0.0375
0 0.88359375 0.04140625 0.0203125 0.02578125
0 0.1921875 0.025 0.02734375 0.0375
0 0.93046875 0.26953125 0.03984375 0.0390625
0 0.74296875 0.0171875 0.0203125 0.02578125
0 0.784375 0.00703125 0.02265625 0.0140625
0 0.70859375 0.00625 0.0203125 0.01171875
0 0.73125 0.58828125 0.0484375 0.046875
0 0.71796875 0.02578125 0.0234375 0.03125
0 0.99140625 0.25546875 0.01484375 0.04921875
0 0.859375 0.0828125 0.0234375 0.03515625
0 0.25625 0.009375 0.028125 0.01875
0 0.99140625 0.025 0.01484375 0.03125
0 0.0546875 0.0453125 0.0328125 0.05078125
0 0.0203125 0.13671875 0.040625 0.05703125
0 0.684375 0.11796875 0.03046875 0.0375
0 0.48984375 0.96015625 0.08515625 0.0765625
0 0.4953125 0.0171875 0.0234375 0.025
0 0.65703125 0.0125 0.02265625 0.025
0 0.11640625 0.78671875 0.06640625 0.1015625
0 0.5296875 0.00625 0.02265625 0.01171875
0 0.89140625 0.14765625 0.03046875 0.0453125
0 0.990625 0.43515625 0.0171875 0.05703125