0 0.68203125 0.07265625 0.01484375 0.02109375
0 0.26875 0.1859375 0.02421875 0.0328125
0 0.509375 0.45546875 0.0296875 0.04453125
0 0.75078125 0.24765625 0.02265625 0.03359375
0 0.39453125 0.0578125 0.015625 0.021875
0 0.6453125 0.07578125 0.0140625 0.02109375
0 0.9125 0.63125 0.03984375 0.0625
0 0.12734375 0.20625 0.0203125 0.0328125
0 0.7078125 0.275 0.02265625 0.03125
0 0.72109375 0.07890625 0.01484375 0.021875
0 0.7515625 0.06328125 0.01484375 0.021875
0 0.8109375 0.64140625 0.0390625 0.05859375
0 0.8703125 0.11328125 0.01875 0.02890625
0 0.7 0.76875 0.04296875 0.0640625
0 0.484375 0.0953125 0.0171875 0.02578125
0 0.45546875 0.459375 0.03203125 0.046875
0 0.0421875 0.2234375 0.0203125 0.0296875
0 0.8359375 0.475 0.03515625 0.05078125
0 0.615625 0.07265625 0.0125 0.0234375
0 0.0609375 0.125 0.0171875 0.02578125
0 0.37578125 0.159375 0.01953125 0.0296875
0 0.0921875 0.2546875 0.025 0.0296875
0 0.7796875 0.0515625 0.0140625 0.021875
0 0.1625 0.27578125 0.02421875 0.03359375
0 0.61640625 0.6 0.03984375 0.05078125
0 0.7828125 0.103125 0.01640625 0.021875
0 0.83671875 0.1234375 0.01640625 0.02578125
0 0.7375 0.3796875 0.03046875 0.0484375
0 0.07578125 0.33203125 0.0265625 0.03359375
0 0.503125 0.6140625 0.0359375 0.053125
0 0.3046875 0.20390625 0.021875 0.0296875
0 0.37578125 0.05625 0.015625 0.01953125
0 0.96171875 0.01328125 0.01484375 0.0234375
0 0.95 0.1734375 0.01875 0.02578125
0 0.221875 0.0171875 0.0140625 0.01953125
0 0.884375 0.0609375 0.0171875 0.0234375
0 0.92265625 0.02421875 0.015625 0.025
0 0.2453125 0.02421875 0.01171875 0.01953125
0 0.628125 0.01171875 0.0125 0.0234375
0 0.0359375 0.08125 0.01640625 0.025
0 0.8703125 0.01328125 0.0140625 0.02109375
0 0.78984375 0.0109375 0.0140625 0.01953125
0 0.6453125 0.00625 0.0140625 0.01171875
0 0.99296875 0.1421875 0.01171875 0.02578125
0 0.25390625 0.00625 0.0140625 0.01171875
0 0.0390625 0.25625 0.0234375 0.03359375
0 0.771875 0.0171875 0.01171875 0.01953125