0 0.33671875 0.40390625 0.034375 0.046875
0 0.47421875 0.4796875 0.0265625 0.04296875
0 0.61328125 0.3515625 0.0234375 0.03671875
0 0.225 0.4859375 0.03125 0.04296875
0 0.14921875 0.4890625 0.03984375 0.0484375
0 0.71953125 0.1203125 0.0140625 0.01953125
0 0.59453125 0.13125 0.0140625 0.02109375
0 0.478125 0.33671875 0.0265625 0.0375
0 0.04765625 0.43046875 0.03046875 0.04296875
0 0.41875 0.18203125 0.01640625 0.0234375
0 0.29453125 0.2421875 0.0203125 0.03125
0 0.659375 0.17578125 0.0171875 0.02890625
0 0.6828125 0.36796875 0.02734375 0.04296875
0 0.2328125 0.18203125 0.01484375 0.02109375
0 0.2828125 0.35703125 0.0296875 0.0390625
0 0.45234375 0.1828125 0.01640625 0.025
0 0.16796875 0.24765625 0.01953125 0.02890625
0 0.36484375 0.1046875 0.0109375 0.0140625
0 0.534375 0.2375 0.0203125 0.0296875
0 0.76640625 0.15625 0.0171875 0.02578125
0 0.528125 0.1546875 0.01484375 0.0234375
0 0.11640625 0.44453125 0.034375 0.0453125
0 0.38125 0.1859375 0.01640625 0.0234375
0 0.24296875 0.2109375 0.01640625 0.0234375
0 0.390625 0.1578125 0.0140625 0.02109375
0 0.27265625 0.23828125 0.0171875 0.02578125
0 0.2765625 0.19296875 0.0171875 0.0234375
0 0.53203125 0.0921875 0.0109375 0.01796875
0 0.1328125 0.8078125 0.05859375 0.0796875
0 0.34765625 0.1734375 0.015625 0.025
0 0.61953125 0.04375 0.0109375 0.0140625
0 0.57734375 0.09296875 0.01171875 0.01953125
0 0.64453125 0.04765625 0.009375 0.0140625
0 0.634375 0.13125 0.0125 0.01953125
0 0.946875 0.0703125 0.01171875 0.01796875
0 0.82734375 0.13828125 0.015625 0.02578125
0 0.38984375 0.10703125 0.0109375 0.015625
0 0.89609375 0.0421875 0.0109375 0.0171875
0 0.8 0.19375 0.01484375 0.0234375
0 0.44375 0.03046875 0.00859375 0.01171875
0 0.4078125 0.09453125 0.0109375 0.0140625
0 0.665625 0.053125 0.0109375 0.015625
0 0.96953125 0.0171875 0.009375 0.0140625
0 0.76484375 0.06640625 0.0109375 0.015625
0 0.91875 0.01796875 0.00859375 0.01328125
0 0.7171875 0.04140625 0.00859375 0.01328125
0 0.69453125 0.04296875 0.009375 0.01328125
0 0.70390625 0.0578125 0.009375 0.0171875
0 0.90546875 0.0171875 0.00703125 0.01328125
0 0.79609375 0.03203125 0.0109375 0.0171875
0 0.92734375 0.06953125 0.0109375 0.0171875
0 0.79375 0.1375 0.015625 0.01953125
0 0.7796875 0.01796875 0.00859375 0.01328125
0 0.93046875 0.0171875 0.00859375 0.01328125
0 0.0265625 0.92890625 0.053125 0.1109375
0 0.75390625 0.0328125 0.009375 0.015625
0 0.85625 0.0296875 0.00859375 0.01171875
0 0.4328125 0.09375 0.0109375 0.01796875
0 0.8703125 0.0203125 0.0078125 0.0140625
0 0.30234375 0.05546875 0.0109375 0.0140625
0 0.0296875 0.76015625 0.05546875 0.078125
0 0.58671875 0.0359375 0.0109375 0.0171875
0 0.83125 0.01796875 0.00703125 0.01328125
0 0.78046875 0.0421875 0.0109375 0.0140625
0 0.55546875 0.0546875 0.0109375 0.015625
0 0.41875 0.04140625 0.00859375 0.01328125
0 0.95234375 0.0296875 0.009375 0.0140625
0 0.76640625 0.040625 0.009375 0.0140625
0 0.8921875 0.0171875 0.0078125 0.0140625
0 0.98359375 0.06796875 0.01171875 0.01796875
0 0.61796875 0.075 0.0109375 0.0171875
0 0.68046875 0.046875 0.00859375 0.01328125
0 0.74296875 0.03046875 0.00859375 0.01171875
0 0.60625 0.04140625 0.00859375 0.015625
0 0.1828125 0.06640625 0.0109375 0.015625
0 0.63671875 0.0640625 0.01171875 0.01796875
0 0.7703125 0.01796875 0.00859375 0.01328125
0 0.7046875 0.04296875 0.0078125 0.01328125
0 0.69375 0.0171875 0.00859375 0.01328125
0 0.63125 0.0453125 0.00859375 0.0140625
0 0.99453125 0.0296875 0.00859375 0.01796875
0 0.98125 0.0296875 0.009375 0.0171875
0 0.06328125 0.2875 0.0203125 0.0234375
0 0.84296875 0.01796875 0.00703125 0.01328125
0 0.53203125 0.01796875 0.00859375 0.01328125
0 0.35703125 0.00625 0.0109375 0.01171875
0 0.81953125 0.00625 0.009375 0.01171875
0 0.80546875 0.0140625 0.00859375 0.01328125
0 0.25859375 0.20546875 0.0140625 0.02578125
0 0.4296875 0.01640625 0.0078125 0.01171875
0 0.86875 0.00546875 0.00703125 0.01015625
0 0.53046875 0.05390625 0.0109375 0.0140625
0 0.7421875 0.0453125 0.009375 0.0140625
0 0.37734375 0.1328125 0.0125 0.015625
0 0.990625 0.05078125 0.01171875 0.01796875
0 0.36484375 0.13046875 0.0125 0.01328125
0 0.84296875 0.00546875 0.00703125 0.0078125
0 0.88125 0.0046875 0.00859375 0.009375
0 0.38125 0.00546875 0.00859375 0.01015625
0 0.3953125 0.00625 0.00859375 0.01171875
0 0.7140625 0.065625 0.0109375 0.0171875
0 0.68359375 0.1296875 0.0140625 0.021875
0 0.83125 0.00546875 0.00703125 0.0078125
0 0.5171875 0.0171875 0.0078125 0.01171875
0 0.41875 0.0171875 0.00703125 0.01171875
0 0.5296875 0.11640625 0.0109375 0.01953125
0 0.79375 0.01796875 0.00859375 0.01328125
0 0.42734375 0.2046875 0.01484375 0.0234375
0 0.5625 0.16328125 0.0140625 0.01953125
0 0.94375 0.00625 0.00859375 0.01171875
0 0.4578125 0.5609375 0.015625 0.02890625
0 0.41875 0.00546875 0.00859375 0.01015625