0 0.70234375 0.1765625 0.025 0.040625
0 0.5921875 0.2 0.025 0.0375
0 0.9296875 0.2796875 0.03515625 0.0546875
0 0.88203125 0.134375 0.02265625 0.0328125
0 0.9515625 0.34453125 0.0359375 0.053125
0 0.54609375 0.18125 0.0203125 0.0328125
0 0.325 0.25703125 0.025 0.03515625
0 0.6328125 0.20390625 0.021875 0.0328125
0 0.54609375 0.4703125 0.03828125 0.05703125
0 0.05390625 0.275 0.02265625 0.0328125
0 0.671875 0.04453125 0.0140625 0.0234375
0 0.8625 0.1234375 0.0203125 0.03125
0 0.6515625 0.0484375 0.0140625 0.0234375
0 0.8796875 0.26875 0.02734375 0.0375
0 0.98828125 0.021875 0.0171875 0.02578125
0 0.34453125 0.2828125 0.0265625 0.04140625
0 0.803125 0.03046875 0.01484375 0.025
0 0.5890625 0.053125 0.01484375 0.02109375
0 0.7671875 0.0296875 0.015625 0.0234375
0 0.1453125 0.04453125 0.01171875 0.02109375
0 0.61484375 0.2609375 0.01875 0.03515625
0 0.11484375 0.05625 0.0125 0.021875
0 0.4828125 0.08125 0.0140625 0.025
0 0.7484375 0.0328125 0.015625 0.0234375
0 0.915625 0.00625 0.01484375 0.01171875
0 0.0203125 0.1734375 0.015625 0.02109375
0 0.090625 0.065625 0.0125 0.021875
0 0.00390625 0.1703125 0.0078125 0.02734375
0 0.56328125 0.0671875 0.0125 0.021875
0 0.128125 0.15390625 0.01484375 0.02109375
0 0.47734375 0.1828125 0.01953125 0.02734375
0 0.646875 0.27421875 0.02421875 0.0375
0 0.603125 0.0453125 0.01171875 0.01953125
0 0.0796875 0.0296875 0.0140625 0.01953125
0 0.9328125 0.0109375 0.01640625 0.021875
0 0.01484375 0.06640625 0.0140625 0.02109375
0 0.06953125 0.05625 0.0140625 0.021875
0 0.05234375 0.1671875 0.01484375 0.021875
0 0.0546875 0.040625 0.01171875 0.01953125
0 0.8546875 0.0078125 0.01484375 0.015625
0 0.0921875 0.15546875 0.0125 0.01953125
0 0.11953125 0.00625 0.0140625 0.0125
0 0.66328125 0.18515625 0.01953125 0.02578125
0 0.571875 0.0375 0.0140625 0.02109375
0 0.86796875 0.09921875 0.0171875 0.02109375
0 0.90703125 0.025 0.015625 0.0234375
0 0.13203125 0.0640625 0.015625 0.02109375
0 0.0890625 0.29375 0.01953125 0.0296875
0 0.43671875 0.06015625 0.0125 0.01796875
0 0.42109375 0.09921875 0.0125 0.02109375
0 0.0046875 0.03046875 0.009375 0.01953125
0 0.0703125 0.159375 0.0140625 0.021875
0 0.975 0.00625 0.01640625 0.01171875
0 0.103125 0.175 0.0140625 0.01953125
0 0.11796875 0.0296875 0.0140625 0.021875
0 0.39609375 0.10546875 0.01484375 0.0234375
0 0.428125 0.0796875 0.01171875 0.01953125