0 0.33671875 0.5875 0.034375 0.05078125
0 0.49375 0.7375 0.0453125 0.07421875
0 0.7109375 0.9296875 0.06875 0.09609375
0 0.5125 0.46015625 0.0234375 0.03515625
0 0.15625 0.31953125 0.0140625 0.0140625
0 0.42109375 0.321875 0.0140625 0.0171875
0 0.56640625 0.65546875 0.03515625 0.05078125
0 0.571875 0.60625 0.0359375 0.04296875
0 0.76640625 0.2671875 0.009375 0.015625
0 0.0921875 0.3203125 0.01484375 0.01796875
0 0.47734375 0.4359375 0.01953125 0.0296875
0 0.44609375 0.45625 0.0203125 0.0296875
0 0.8609375 0.3359375 0.01484375 0.0234375
0 0.5296875 0.69296875 0.040625 0.05703125
0 0.43125 0.3890625 0.01875 0.025
0 0.21953125 0.3234375 0.0125 0.0140625
0 0.04609375 0.31015625 0.0125 0.01796875
0 0.1796875 0.315625 0.01171875 0.0171875
0 0.2453125 0.334375 0.0140625 0.01796875
0 0.59609375 0.30390625 0.0125 0.01953125
0 0.39296875 0.3125 0.0125 0.01796875
0 0.484375 0.2625 0.01171875 0.0171875
0 0.55703125 0.0421875 0.01640625 0.0296875
0 0.12578125 0.31796875 0.0140625 0.01796875
0 0.521875 0.3125 0.0125 0.01796875
0 0.553125 0.30078125 0.01171875 0.01796875
0 0.8265625 0.24375 0.0109375 0.01328125
0 0.60625 0.38046875 0.015625 0.0234375
0 0.6328125 0.25625 0.009375 0.01171875
0 0.00703125 0.24453125 0.0140625 0.01796875
0 0.11484375 0.3640625 0.01484375 0.021875
0 0.36796875 0.31640625 0.0109375 0.015625
0 0.83359375 0.28125 0.0109375 0.01796875
0 0.53359375 0.2671875 0.0125 0.0171875
0 0.20234375 0.30703125 0.0109375 0.01796875
0 0.07734375 0.34375 0.0140625 0.01796875
0 0.6078125 0.25625 0.009375 0.01328125
0 0.2578125 0.3140625 0.0140625 0.015625
0 0.4921875 0.3140625 0.01171875 0.015625
0 0.465625 0.31796875 0.0140625 0.02109375
0 0.25625 0.2671875 0.0109375 0.0140625
0 0.8890625 0.27578125 0.015625 0.01796875
0 0.46796875 0.475 0.01875 0.02890625
0 0.07734375 0.29765625 0.0125 0.01953125
0 0.4359375 0.31953125 0.0140625 0.01953125
0 0.50625 0.2859375 0.0125 0.0171875
0 0.65546875 0.2640625 0.0109375 0.0140625
0 0.27109375 0.33046875 0.0125 0.01796875
0 0.68046875 0.26640625 0.00859375 0.0140625
0 0.56953125 0.28828125 0.01171875 0.0140625
0 0.56953125 0.26796875 0.009375 0.01328125
0 0.20390625 0.2671875 0.0140625 0.01796875
0 0.26953125 0.28203125 0.009375 0.0140625
0 0.07734375 0.26953125 0.01171875 0.01796875
0 0.73125 0.25625 0.00859375 0.01328125
0 0.46328125 0.26328125 0.0109375 0.015625
0 0.59296875 0.284375 0.0125 0.0140625
0 0.85546875 0.2703125 0.01171875 0.0171875
0 0.0828125 0.365625 0.01484375 0.02109375
0 0.3234375 0.3109375 0.0140625 0.01796875
0 0.978125 0.40703125 0.03515625 0.0484375
0 0.51484375 0.24765625 0.0109375 0.015625
0 0.3046875 0.3390625 0.0140625 0.0171875
0 0.290625 0.3265625 0.0125 0.015625
0 0.56953125 0.30625 0.01171875 0.0171875
0 0.2453125 0.290625 0.01171875 0.0171875
0 0.59140625 0.26796875 0.0109375 0.01328125
0 0.103125 0.27890625 0.0125 0.01796875
0 0.55390625 0.2796875 0.009375 0.01328125
0 0.5203125 0.26953125 0.01171875 0.015625
0 0.80390625 0.24375 0.00859375 0.01328125
0 0.878125 0.24375 0.0109375 0.01328125
0 0.3109375 0.3125 0.01171875 0.01796875
0 0.78828125 0.2125 0.0078125 0.01328125
0 0.2765625 0.3015625 0.0140625 0.01953125
0 0.89296875 0.24453125 0.0109375 0.015625
0 0.76796875 0.24375 0.00859375 0.01328125
0 0.65859375 0.8625 0.06328125 0.08203125
0 0.79375 0.240625 0.00859375 0.01328125
0 0.665625 0.28125 0.0109375 0.01796875
0 0.8390625 0.32578125 0.0140625 0.02109375
0 0.84765625 0.24765625 0.009375 0.015625
0 0.57890625 0.26796875 0.0109375 0.01328125
0 0.7796875 0.29375 0.0109375 0.0140625
0 0.78046875 0.24375 0.00703125 0.01328125
0 0.7046875 0.26640625 0.0078125 0.01171875
0 0.44140625 0.26796875 0.009375 0.01328125
0 0.73125 0.19296875 0.00703125 0.0078125
0 0.69375 0.2640625 0.00859375 0.01328125
0 0.69375 0.24375 0.00703125 0.01171875
0 0.8625 0.23671875 0.0109375 0.01328125
0 0.70546875 0.19296875 0.00703125 0.0078125
0 0.68125 0.24375 0.0078125 0.01171875
0 0.290625 0.2796875 0.0109375 0.01328125
0 0.28046875 0.2671875 0.0109375 0.01171875
0 0.7171875 0.25625 0.00859375 0.01328125
0 0.0046875 0.32890625 0.00859375 0.0171875
0 0.69453125 0.21875 0.0078125 0.0078125
0 0.69375 0.23125 0.00703125 0.01171875
0 0.5546875 0.24375 0.009375 0.01328125
0 0.1546875 0.3421875 0.0140625 0.01953125
0 0.853125 0.29453125 0.01171875 0.015625
0 0.203125 0.325 0.01171875 0.0171875
0 0.65703125 0.24375 0.00859375 0.01328125
0 0.53203125 0.24375 0.00859375 0.01328125
0 0.6203125 0.2671875 0.0109375 0.01328125
0 0.71796875 0.2421875 0.00703125 0.0078125
0 0.7421875 0.19375 0.0078125 0.01171875
0 0.46015625 0.2171875 0.009375 0.0140625
0 0.4296875 0.2796875 0.009375 0.0140625
0 0.059375 0.2703125 0.0125 0.01953125
0 0.70546875 0.2171875 0.00703125 0.0078125
0 0.7046875 0.20546875 0.0078125 0.0078125
0 0.71875 0.19375 0.0078125 0.00625
0 0.64296875 0.2640625 0.00859375 0.0140625
0 0.73125 0.2046875 0.0078125 0.01015625
0 0.78203125 0.2671875 0.009375 0.0140625
0 0.7734375 0.225 0.0078125 0.01171875
0 0.0203125 0.31953125 0.01171875 0.0140625
0 0.66875 0.21875 0.00703125 0.01015625
0 0.90703125 0.24453125 0.0109375 0.015625