0 0.47109375 0.04453125 0.015625 0.02421875
0 0.36171875 0.4484375 0.0265625 0.04296875
0 0.39296875 0.05 0.01640625 0.034375
0 0.3359375 0.7 0.03828125 0.05703125
0 0.3890625 0.2125 0.01875 0.03125
0 0.428125 0.190625 0.01796875 0.0328125
0 0.36640625 0.040625 0.01640625 0.02578125
0 0.53046875 0.1203125 0.015625 0.02578125
0 0.503125 0.34609375 0.02265625 0.0359375
0 0.403125 0.52578125 0.0296875 0.05
0 0.71875 0.703125 0.03125 0.03828125
0 0.41328125 0.22734375 0.01875 0.0328125
0 0.53359375 0.3609375 0.02265625 0.034375
0 0.40859375 0.08359375 0.01640625 0.0296875
0 0.4984375 0.03515625 0.015625 0.02578125
0 0.54296875 0.0671875 0.0140625 0.02109375
0 0.69296875 0.25390625 0.01640625 0.02734375
0 0.35703125 0.19609375 0.01875 0.0328125
0 0.50078125 0.115625 0.015625 0.02734375
0 0.63359375 0.2953125 0.01796875 0.02734375
0 0.49375 0.61328125 0.03671875 0.0484375
0 0.33359375 0.23515625 0.0234375 0.03828125
0 0.82734375 0.45625 0.0234375 0.03125
0 0.61796875 0.05234375 0.0140625 0.02265625
0 0.21953125 0.15703125 0.02265625 0.034375
0 0.646875 0.17421875 0.01796875 0.03125
0 0.5390625 0.2765625 0.02109375 0.034375
0 0.60625 0.190625 0.01640625 0.0296875
0 0.503125 0.17109375 0.015625 0.02421875
0 0.43359375 0.1546875 0.01640625 0.02578125
0 0.4421875 0.2734375 0.02265625 0.0359375
0 0.1125 0.19375 0.025 0.03828125
0 0.5078125 0.2859375 0.02265625 0.0359375
0 0.56640625 0.24453125 0.01875 0.0328125
0 0.36640625 0.78359375 0.04296875 0.0671875
0 0.484375 0.4 0.0265625 0.03984375
0 0.90078125 0.54765625 0.02265625 0.03125
0 0.6359375 0.2515625 0.01875 0.0296875
0 0.59453125 0.27109375 0.0203125 0.03125
0 0.53359375 0.23203125 0.0203125 0.0328125
0 0.9296875 0.41484375 0.02109375 0.02421875
0 0.41484375 0.36796875 0.025 0.04140625
0 0.640625 0.0984375 0.0140625 0.02109375
0 0.765625 0.13046875 0.01640625 0.02578125
0 0.46640625 0.2078125 0.01640625 0.0296875
0 0.4453125 0.34609375 0.02109375 0.0328125
0 0.39140625 0.628125 0.03359375 0.05
0 0.60078125 0.1546875 0.01796875 0.0296875
0 0.34375 0.05546875 0.01640625 0.03125
0 0.67109375 0.06484375 0.015625 0.02265625
0 0.61875 0.1546875 0.0140625 0.02578125
0 0.421875 0.05234375 0.01796875 0.02578125
0 0.528125 0.1640625 0.01796875 0.02421875
0 0.44609375 0.0625 0.015625 0.02734375
0 0.09765625 0.27109375 0.0265625 0.03828125
0 0.60390625 0.08203125 0.015625 0.02578125
0 0.084375 0.7515625 0.0546875 0.06875
0 0.696875 0.0796875 0.015625 0.02421875
0 0.75703125 0.2671875 0.01640625 0.0296875
0 0.82734375 0.19375 0.01875 0.03125
0 0.63671875 0.0671875 0.01640625 0.02734375
0 0.56640625 0.16953125 0.01640625 0.02734375
0 0.58125 0.7703125 0.03125 0.0484375
0 0.6859375 0.05546875 0.0140625 0.02421875
0 0.65859375 0.29296875 0.01875 0.0296875
0 0.88359375 0.4578125 0.0234375 0.02734375
0 0.74375 0.19375 0.015625 0.02421875
0 0.67734375 0.28828125 0.01875 0.03125
0 0.72890625 0.27109375 0.01640625 0.02421875
0 0.26875 0.31953125 0.025 0.04140625
0 0.85390625 0.41171875 0.02265625 0.0296875
0 0.60703125 0.32890625 0.02109375 0.0296875
0 0.58828125 0.6078125 0.0359375 0.0515625
0 0.65859375 0.41171875 0.01875 0.0328125
0 0.478125 0.0890625 0.015625 0.02578125
0 0.41328125 0.1453125 0.01875 0.03125
0 0.54609375 0.13046875 0.015625 0.02578125
0 0.52578125 0.19375 0.01796875 0.03125
0 0.7171875 0.16640625 0.015625 0.02578125
0 0.509375 0.08671875 0.01640625 0.02734375
0 0.615625 0.48203125 0.0234375 0.03125
0 0.678125 0.16953125 0.015625 0.02734375
0 0.16328125 0.3734375 0.0265625 0.04140625
0 0.25859375 0.115625 0.01875 0.03125
0 0.34140625 0.98671875 0.0546875 0.02265625
0 0.79453125 0.17890625 0.015625 0.02578125
0 0.80703125 0.35859375 0.02109375 0.02578125
0 0.72109375 0.23515625 0.01796875 0.02734375
0 0.80625 0.24453125 0.01796875 0.02578125
0 0.559375 0.10390625 0.01640625 0.02421875
0 0.6640625 0.1328125 0.01640625 0.02734375
0 0.9203125 0.36796875 0.02109375 0.02734375
0 0.471875 0.1328125 0.015625 0.02734375
0 0.640625 0.6921875 0.03125 0.04140625
0 0.31484375 0.16953125 0.02265625 0.03828125
0 0.59140625 0.21484375 0.01640625 0.02578125
0 0.584375 0.95078125 0.03359375 0.046875
0 0.86953125 0.1640625 0.015625 0.02109375
0 0.446875 0.1375 0.015625 0.02578125
0 0.70390625 0.3078125 0.0203125 0.03125
0 0.696875 0.128125 0.015625 0.02421875
0 0.40703125 0.18125 0.01640625 0.02734375
0 0.92109375 0.234375 0.01796875 0.02265625
0 0.73359375 0.171875 0.0140625 0.02578125
0 0.43828125 0.628125 0.03359375 0.05390625
0 0.7640625 0.1828125 0.01640625 0.02421875
0 0.3296875 0.4625 0.02890625 0.03828125
0 0.3140625 0.015625 0.01640625 0.03125
0 0.384375 0.10078125 0.01875 0.0359375
0 0.37890625 0.2859375 0.0234375 0.04296875
0 0.38125 0.1859375 0.01796875 0.02578125
0 0.9328125 0.28359375 0.01796875 0.02421875
0 0.38515625 0.36796875 0.025 0.03828125
0 0.6609375 0.353125 0.01875 0.02578125
0 0.17890625 0.10859375 0.02265625 0.034375
0 0.83125 0.084375 0.015625 0.02421875
0 0.5640625 0.390625 0.02265625 0.03125
0 0.29609375 0.23515625 0.02265625 0.034375
0 0.68125 0.09140625 0.0140625 0.02421875
0 0.32890625 0.103125 0.01796875 0.0296875
0 0.72578125 0.134375 0.015625 0.02421875
0 0.1640625 0.0140625 0.02109375 0.02734375
0 0.2640625 0.259375 0.0234375 0.03828125
0 0.728125 0.07421875 0.015625 0.02421875
0 0.33046875 0.2953125 0.02734375 0.04140625
0 0.6640625 0.09375 0.01640625 0.0296875
0 0.7765625 0.09140625 0.015625 0.02421875
0 0.30546875 0.08671875 0.01796875 0.03125
0 0.40390625 0.28046875 0.01875 0.0328125
0 0.69453125 0.190625 0.015625 0.02578125
0 0.64453125 0.128125 0.015625 0.02421875
0 0.5765625 0.19609375 0.01796875 0.0296875
0 0.18203125 0.265625 0.0265625 0.04140625
0 0.44453125 0.09375 0.015625 0.02578125
0 0.4484375 0.22421875 0.02265625 0.034375
0 0.49453125 0.203125 0.015625 0.02578125
0 0.784375 0.26328125 0.01875 0.02578125
0 0.784375 0.203125 0.01640625 0.02578125
0 0.459375 0.071875 0.0140625 0.02578125
0 0.91640625 0.3171875 0.01875 0.02265625
0 0.85703125 0.49921875 0.0234375 0.034375
0 0.1078125 0.37578125 0.02734375 0.04296875
0 0.7421875 0.3921875 0.02265625 0.02734375
0 0.95859375 0.265625 0.01640625 0.02109375
0 0.73046875 0.47734375 0.025 0.0296875
0 0.465625 0.515625 0.02890625 0.046875
0 0.23359375 0.34921875 0.0265625 0.04453125
0 0.83125 0.76875 0.03671875 0.0484375
0 0.59609375 0.1171875 0.015625 0.02421875
0 0.46875 0.16640625 0.01640625 0.02578125
0 0.290625 0.28359375 0.0265625 0.04140625
0 0.1328125 0.0625 0.0203125 0.034375
0 0.6515625 0.21484375 0.01796875 0.02578125
0 0.3671875 0.159375 0.01796875 0.0296875
0 0.928125 0.17890625 0.01796875 0.02578125
0 0.84140625 0.25625 0.01875 0.02578125
0 0.26875 0.15234375 0.01875 0.03125
0 0.68125 0.50703125 0.01875 0.0296875
0 0.54609375 0.4359375 0.02890625 0.046875
0 0.8828125 0.10546875 0.015625 0.02421875
0 0.49453125 0.778125 0.04140625 0.0640625
0 0.6328125 0.3828125 0.02265625 0.02578125
0 0.06796875 0.9671875 0.06171875 0.0625
0 0.478125 0.26875 0.01796875 0.0296875
0 0.22890625 0.125 0.02109375 0.0328125
0 0.45078125 0.40234375 0.025 0.03828125
0 0.27578125 0.5234375 0.03203125 0.04453125
0 0.86328125 0.1171875 0.01640625 0.02421875
0 0.31796875 0.05234375 0.01640625 0.02578125
0 0.33828125 0.540625 0.03125 0.04453125
0 0.1359375 0.18125 0.02109375 0.034375
0 0.86875 0.2203125 0.01796875 0.0296875
0 0.5234375 0.0625 0.015625 0.02109375
0 0.74296875 0.071875 0.0140625 0.02265625
0 0.2859375 0.06484375 0.01875 0.0359375
0 0.52578125 0.09375 0.015625 0.02265625
0 0.8046875 0.47265625 0.02109375 0.02578125
0 0.8578125 0.09375 0.015625 0.02265625
0 0.79609375 0.3828125 0.02265625 0.02578125
0 0.5609375 0.0578125 0.0140625 0.02265625
0 0.76875 0.34375 0.0203125 0.03125
0 0.0171875 0.2703125 0.02734375 0.0359375
0 0.52890625 0.325 0.0203125 0.03125
0 0.79140625 0.084375 0.0140625 0.02421875
0 0.97578125 0.4078125 0.02265625 0.02421875
0 0.0796875 0.221875 0.0234375 0.0359375
0 0.50703125 0.059375 0.0140625 0.02265625
0 0.953125 0.528125 0.025 0.02421875
0 0.75390625 0.765625 0.03203125 0.04296875
0 0.24609375 0.0140625 0.01875 0.02734375
0 0.840625 0.11328125 0.01640625 0.02265625
0 0.47265625 0.31953125 0.0234375 0.034375
0 0.64453125 0.04765625 0.01328125 0.01875
0 0.021875 0.20546875 0.025 0.034375
0 0.66875 0.31953125 0.02109375 0.02734375
0 0.728125 0.20546875 0.01796875 0.02109375
0 0.115625 0.325 0.0265625 0.03828125
0 0.91875 0.13046875 0.015625 0.02265625
0 0.57890625 0.09140625 0.0109375 0.02109375
0 0.09140625 0.66640625 0.04140625 0.06875
0 0.12734375 0.0234375 0.01875 0.0328125
0 0.1828125 0.8046875 0.0484375 0.06875
0 0.30390625 0.803125 0.05 0.05546875
0 0.7609375 0.159375 0.01640625 0.02265625
0 0.10625 0.14765625 0.0203125 0.0296875
0 0.69609375 0.4 0.0203125 0.0296875
0 0.9609375 0.3140625 0.01875 0.02421875
0 0.903125 0.13984375 0.01796875 0.02734375
0 0.2421875 0.07421875 0.015625 0.02734375
0 0.70703125 0.10078125 0.0140625 0.02265625
0 0.990625 0.37734375 0.01640625 0.02265625
0 0.403125 0.44140625 0.02265625 0.0359375
0 0.73125 0.29765625 0.01796875 0.02578125
0 0.340625 0.02578125 0.0140625 0.02734375
0 0.56328125 0.13984375 0.01640625 0.02734375
0 0.37421875 0.7125 0.04140625 0.05390625
0 0.26171875 0.4 0.0234375 0.0359375
0 0.78125 0.540625 0.02265625 0.034375
0 0.9921875 0.86796875 0.01328125 0.0359375
0 0.02265625 0.9 0.0453125 0.07265625
0 0.54609375 0.66171875 0.04375 0.05546875
0 0.80703125 0.3 0.01640625 0.02265625
0 0.65703125 0.49453125 0.0234375 0.0359375
0 0.56328125 0.278125 0.02109375 0.03125
0 0.92578125 0.746875 0.03671875 0.046875
0 0.56875 0.34609375 0.02265625 0.0328125
0 0.81640625 0.10078125 0.015625 0.02265625
0 0.85625 0.19375 0.01640625 0.02734375
0 0.95546875 0.58671875 0.034375 0.0328125
0 0.9078125 0.4375 0.02265625 0.0296875
0 0.840625 0.3140625 0.01875 0.02734375
0 0.5484375 0.18125 0.015625 0.02734375
0 0.634375 0.84921875 0.03125 0.046875
0 0.5546875 0.84609375 0.04296875 0.05546875
0 0.6953125 0.8875 0.02890625 0.03828125
0 0.79140625 0.31953125 0.01796875 0.02421875
0 0.82578125 0.62265625 0.034375 0.04296875
0 0.86875 0.3265625 0.02265625 0.02734375
0 0.79140625 0.41171875 0.0203125 0.02578125
0 0.70390625 0.36796875 0.02109375 0.02734375
0 0.4984375 0.2296875 0.01796875 0.02734375
0 0.19375 0.2203125 0.0203125 0.0328125
0 0.6328125 0.65703125 0.02265625 0.0296875
0 0.05703125 0.3046875 0.02890625 0.04296875
0 0.9546875 0.47890625 0.02109375 0.02578125
0 0.82109375 0.128125 0.01796875 0.02421875
0 0.78125 0.64921875 0.025 0.02734375
0 0.75625 0.22265625 0.015625 0.02421875
0 0.22890625 0.625 0.04140625 0.065625
0 0.47578125 0.89453125 0.04140625 0.0515625
0 0.759375 0.08671875 0.0140625 0.02421875
0 0.7984375 0.115625 0.015625 0.02421875
0 0.271875 0.96953125 0.05625 0.05703125
0 0.2140625 0.0671875 0.01875 0.03125
0 0.84375 0.28359375 0.01796875 0.02421875
0 0.51875 0.54296875 0.02734375 0.04296875
0 0.58125 0.4359375 0.02265625 0.0359375
0 0.546875 0.08671875 0.015625 0.02109375
0 0.6984375 0.46953125 0.02265625 0.034375
0 0.73125 0.4265625 0.0203125 0.034375
0 0.84609375 0.15703125 0.015625 0.02421875
0 0.96953125 0.17890625 0.02265625 0.02578125
0 0.9015625 0.190625 0.015625 0.02265625
0 0.35859375 0.1203125 0.01640625 0.02578125
0 0.55390625 0.21484375 0.01796875 0.02578125
0 0.2109375 0.10390625 0.02265625 0.03828125
0 0.98046875 0.24140625 0.01796875 0.02109375
0 0.3328125 0.8609375 0.04375 0.0671875
0 0.78203125 0.125 0.0140625 0.02265625
0 0.68671875 0.22421875 0.01875 0.02421875
0 0.94296875 0.325 0.02109375 0.02734375
0 0.46328125 0.965625 0.04296875 0.065625
0 0.915625 0.5796875 0.03125 0.0359375
0 0.634375 0.20703125 0.01640625 0.02421875
0 0.5828125 0.52578125 0.02265625 0.0359375
0 0.7109375 0.059375 0.0140625 0.02265625
0 0.6390625 0.8875 0.0265625 0.03125
0 0.528125 0.4 0.0203125 0.0328125
0 0.76796875 0.303125 0.01875 0.0296875
0 0.6015625 0.35546875 0.02109375 0.03125
0 0.9625 0.4484375 0.025 0.02578125
0 0.51328125 0.24453125 0.01875 0.02578125
0 0.24375 0.1546875 0.01875 0.0328125
0 0.90390625 0.27109375 0.01640625 0.02109375
0 0.72890625 0.0984375 0.01640625 0.02421875
0 0.634375 0.34609375 0.01875 0.0328125
0 0.68203125 0.1203125 0.0140625 0.02265625
0 0.79609375 0.5140625 0.0265625 0.0328125
0 0.7265625 0.04296875 0.015625 0.02734375
0 0.62578125 0.41875 0.02265625 0.0328125
0 0.88125 0.29296875 0.01875 0.0296875
0 0.18125 0.0625 0.01875 0.034375
0 0.50234375 0.45625 0.03125 0.0484375
0 0.18125 0.47265625 0.025 0.03984375
0 0.20390625 0.5109375 0.034375 0.0484375
0 0.99453125 0.14765625 0.00859375 0.02265625
0 0.978125 0.34140625 0.01796875 0.02265625
0 0.9921875 0.16953125 0.01328125 0.02421875
0 0.70625 0.27109375 0.0140625 0.02421875
0 0.7234375 0.54453125 0.025 0.0359375