0 0.6453125 0.26328125 0.025 0.0390625
0 0.328125 0.53515625 0.0453125 0.0703125
0 0.49375 0.553125 0.0453125 0.0703125
0 0.528125 0.20625 0.0265625 0.04296875
0 0.50390625 0.13203125 0.021875 0.03515625
0 0.48125 0.09921875 0.0203125 0.03671875
0 0.31328125 0.0609375 0.0203125 0.0296875
0 0.48515625 0.23125 0.02734375 0.04296875
0 0.3890625 0.1984375 0.02734375 0.04296875
0 0.5453125 0.10703125 0.021875 0.03359375
0 0.3625 0.1484375 0.0203125 0.03359375
0 0.3109375 0.1359375 0.021875 0.03515625
0 0.415625 0.0734375 0.0171875 0.0296875
0 0.56953125 0.14921875 0.0234375 0.0328125
0 0.3203125 0.09921875 0.0171875 0.03125
0 0.41015625 0.1109375 0.01953125 0.0296875
0 0.25078125 0.08671875 0.0203125 0.0296875
0 0.95 0.34453125 0.05 0.06640625
0 0.3703125 0.07421875 0.01953125 0.03125
0 0.80234375 0.45546875 0.04609375 0.0625
0 0.2734375 0.11640625 0.01953125 0.0328125
0 0.590625 0.03671875 0.0203125 0.03125
0 0.5140625 0.02578125 0.015625 0.02890625
0 0.4890625 0.03046875 0.0171875 0.0296875
0 0.44609375 0.11328125 0.01953125 0.03671875
0 0.86640625 0.10078125 0.028125 0.040625
0 0.72578125 0.51953125 0.046875 0.0703125
0 0.5484375 0.06953125 0.01953125 0.0296875
0 0.43671875 0.0359375 0.01875 0.0296875
0 0.9796875 0.0453125 0.0234375 0.03515625
0 0.4234375 0.19375 0.0203125 0.0328125
0 0.21796875 0.04453125 0.01875 0.02890625
0 0.28515625 0.0546875 0.0171875 0.02578125
0 0.1828125 0.61875 0.06328125 0.09375
0 0.8640625 0.21875 0.03515625 0.05234375
0 0.2875 0.2421875 0.02265625 0.03671875
0 0.76875 0.1578125 0.02421875 0.0390625
0 0.321875 0.021875 0.0171875 0.02890625
0 0.8640625 0.909375 0.1015625 0.1109375
0 0.21953125 0.08125 0.0203125 0.0296875
0 0.34921875 0.01796875 0.01875 0.02578125
0 0.79375 0.2671875 0.03203125 0.0484375
0 0.45546875 0.0484375 0.01640625 0.0296875
0 0.25625 0.03046875 0.01640625 0.0296875
0 0.65703125 0.1203125 0.0265625 0.04296875
0 0.94140625 0.08515625 0.02734375 0.040625
0 0.634375 0.20625 0.0265625 0.0375
0 0.7328125 0.178125 0.0265625 0.0390625
0 0.1109375 0.11953125 0.025 0.04140625
0 0.3515625 0.0609375 0.015625 0.02578125
0 0.67109375 0.0125 0.01953125 0.025
0 0.2765625 0.01796875 0.01640625 0.02578125
0 0.396875 0.04140625 0.01875 0.02578125
0 0.753125 0.084375 0.0265625 0.03671875
0 0.58203125 0.2984375 0.0234375 0.04296875
0 0.0125 0.6390625 0.025 0.078125
0 0.4015625 0.01640625 0.015625 0.025
0 0.34375 0.1984375 0.0171875 0.0296875
0 0.91328125 0.00625 0.021875 0.01171875
0 0.7609375 0.00625 0.021875 0.01171875
0 0.93359375 0.1296875 0.0234375 0.040625
0 0.6109375 0.00625 0.01875 0.0125
0 0.8484375 0.00625 0.021875 0.01171875
0 0.64921875 0.0234375 0.01875 0.02890625
0 0.04921875 0.0125 0.02265625 0.025
0 0.2953125 0.00625 0.015625 0.0125
0 0.37890625 0.0078125 0.0171875 0.015625
0 0.46953125 0.0078125 0.01484375 0.015625
0 0.9109375 0.15390625 0.0296875 0.04453125
0 0.19921875 0.0453125 0.0171875 0.02734375
0 0.4359375 0.01015625 0.01875 0.0203125
0 0.99296875 0.3921875 0.0125 0.0546875