1 0.52109375 0.92265625 0.0734375 0.12734375
1 0.1203125 0.696875 0.0484375 0.09296875
1 0.565625 0.80703125 0.065625 0.115625
1 0.49375 0.615625 0.040625 0.075
1 0.22578125 0.803125 0.065625 0.09609375
1 0.4578125 0.76953125 0.05078125 0.109375
1 0.9015625 0.93046875 0.07421875 0.13046875
1 0.89296875 0.65390625 0.04765625 0.0765625
1 0.7546875 0.8859375 0.0734375 0.1625
1 0.86015625 0.81796875 0.0734375 0.1171875
1 0.4328125 0.42890625 0.034375 0.05859375
1 0.4125 0.81171875 0.0578125 0.115625
1 0.36796875 0.72890625 0.04609375 0.0859375
1 0.215625 0.90703125 0.0765625 0.14453125
1 0.31015625 0.7421875 0.06328125 0.1125
1 0.10703125 0.85234375 0.0578125 0.1125
1 0.7046875 0.73828125 0.05078125 0.09765625
1 0.2484375 0.696875 0.053125 0.09921875
1 0.65546875 0.45703125 0.03125 0.06484375
1 0.05859375 0.928125 0.0921875 0.13828125
1 0.4125 0.62890625 0.0390625 0.06875
1 0.575 0.58125 0.0421875 0.078125
1 0.0328125 0.78671875 0.06171875 0.1234375
1 0.82890625 0.6921875 0.059375 0.10546875
1 0.603125 0.77734375 0.065625 0.109375
1 0.75625 0.58515625 0.03828125 0.0734375
1 0.9203125 0.48671875 0.03515625 0.06640625
1 0.39921875 0.93359375 0.07421875 0.1234375
1 0.8203125 0.46875 0.0375 0.06328125
1 0.71015625 0.521875 0.0328125 0.0671875
1 0.59296875 0.6671875 0.0453125 0.0828125
1 0.0765625 0.66953125 0.0453125 0.084375
1 0.30390625 0.63046875 0.0390625 0.071875
1 0.9421875 0.69375 0.046875 0.09921875
1 0.165625 0.603125 0.034375 0.06484375
1 0.36953125 0.96875 0.09296875 0.05703125
1 0.25859375 0.6015625 0.03984375 0.0671875
1 0.059375 0.60703125 0.0375 0.0703125
1 0.4453125 0.3546875 0.03125 0.0484375
1 0.6828125 0.60625 0.0390625 0.08125
1 0.38359375 0.6625 0.03828125 0.071875
1 0.97265625 0.76875 0.0484375 0.09609375
1 0.18203125 0.66875 0.04609375 0.0828125
1 0.49921875 0.571875 0.99375 0.840625
1 0.12890625 0.528125 0.0296875 0.05859375
1 0.5953125 0.87265625 0.1296875 0.24609375
1 0.5875 0.4984375 0.02734375 0.05078125
1 0.78984375 0.659375 0.040625 0.075
1 0.4125 0.875 0.15546875 0.24140625
1 0.946875 0.61015625 0.040625 0.0671875
1 0.1234375 0.6234375 0.04375 0.06640625
1 0.1171875 0.4671875 0.0375 0.05703125
1 0.85234375 0.590625 0.03828125 0.0703125
1 0.24921875 0.875 0.1578125 0.240625
1 0.70625 0.67734375 0.0578125 0.08125
1 0.040625 0.53515625 0.03515625 0.06484375
1 0.98203125 0.63984375 0.03203125 0.08671875
1 0.78828125 0.975 0.0734375 0.04375
1 0.44453125 0.52890625 0.0734375 0.2640625
1 0.6625 0.575 0.0375 0.06875
1 0.96796875 0.53125 0.03203125 0.06015625
1 0.021875 0.72578125 0.04296875 0.0796875
1 0.52109375 0.51328125 0.08671875 0.20703125
1 0.11953125 0.73515625 0.11796875 0.16953125
1 0.746875 0.8015625 0.0625 0.084375
1 0.23359375 0.38515625 0.0640625 0.109375
1 0.88984375 0.690625 0.07734375 0.15
1 0.4671875 0.38515625 0.0765625 0.109375
1 0.2015625 0.74296875 0.05390625 0.10234375
1 0.309375 0.66796875 0.08125 0.146875
1 0.46328125 0.65859375 0.0359375 0.04921875
1 0.640625 0.54921875 0.03125 0.06328125
1 0.23515625 0.384375 0.0234375 0.0453125
1 0.5875 0.7 0.1078125 0.15
1 0.1234375 0.89453125 0.09375 0.196875
1 0.178125 0.81015625 0.1046875 0.2359375
1 0.0265625 0.4078125 0.0296875 0.05234375
1 0.5984375 0.5640625 0.03203125 0.0671875
1 0.8125 0.41796875 0.025 0.04375
1 0.68203125 0.83515625 0.10234375 0.29140625
1 0.1859375 0.4578125 0.03046875 0.06875
1 0.146875 0.97890625 0.08203125 0.0390625
1 0.32734375 0.81484375 0.1046875 0.25703125
1 0.52109375 0.4375 0.03203125 0.05859375
1 0.46015625 0.703125 0.05 0.0703125
1 0.084375 0.6109375 0.021875 0.0484375
1 0.29375 0.60625 0.03515625 0.05390625
1 0.4734375 0.80390625 0.0828125 0.17890625
1 0.57890625 0.6265625 0.0921875 0.16953125
1 0.50234375 0.6671875 0.07890625 0.17890625
1 0.234375 0.646875 0.040625 0.06640625
1 0.2359375 0.371875 0.0375 0.0734375
1 0.775 0.49140625 0.0328125 0.05546875
1 0.73828125 0.46015625 0.02734375 0.04921875
1 0.8453125 0.875 0.11015625 0.234375
1 0.82890625 0.49765625 0.109375 0.24765625
1 0.71796875 0.6421875 0.0390625 0.06171875
1 0.87265625 0.490625 0.02265625 0.05234375
1 0.1453125 0.5421875 0.0234375 0.05390625
1 0.75859375 0.63359375 0.05625 0.17109375
1 0.31484375 0.41953125 0.0265625 0.03125
1 0.91484375 0.52109375 0.0765625 0.21953125
1 0.74453125 0.90078125 0.15703125 0.1921875
1 0.20078125 0.915625 0.1828125 0.1625
1 0.00703125 0.61171875 0.0140625 0.0671875