0 0.503125 0.0171875 0.01640625 0.01953125
0 0.075 0.74375 0.0390625 0.0546875
0 0.94140625 0.1484375 0.025 0.0390625
0 0.80234375 0.0375 0.01875 0.02578125
0 0.6125 0.47265625 0.0375 0.06484375
0 0.5578125 0.05625 0.01875 0.02734375
0 0.515625 0.2171875 0.025 0.03671875
0 0.4640625 0.5828125 0.04296875 0.05859375
0 0.5453125 0.2046875 0.0234375 0.03671875
0 0.75625 0.1046875 0.0203125 0.0328125
0 0.98125 0.14296875 0.028125 0.04453125
0 0.5484375 0.6109375 0.0375 0.05703125
0 0.940625 0.0609375 0.02265625 0.03515625
0 0.17109375 0.115625 0.01875 0.0234375
0 0.58203125 0.0578125 0.015625 0.025
0 0.91875 0.25 0.03046875 0.04921875
0 0.415625 0.0390625 0.01484375 0.02109375
0 0.453125 0.06796875 0.0171875 0.02578125
0 0.62890625 0.06875 0.01953125 0.0296875
0 0.13046875 0.09921875 0.01875 0.02578125
0 0.61640625 0.0390625 0.0171875 0.02890625
0 0.2765625 0.06015625 0.01484375 0.02109375
0 0.5828125 0.08828125 0.0171875 0.02890625
0 0.9625 0.08671875 0.0234375 0.0375
0 0.8015625 0.22890625 0.03125 0.04453125
0 0.27265625 0.2125 0.02734375 0.04296875
0 0.24296875 0.1625 0.02265625 0.03125
0 0.75703125 0.2625 0.034375 0.0453125
0 0.60859375 0.1046875 0.0171875 0.0296875
0 0.946875 0.3796875 0.03203125 0.0484375
0 0.89296875 0.7890625 0.06171875 0.09609375
0 0.853125 0.25625 0.03203125 0.04921875
0 0.76484375 0.14296875 0.02265625 0.03671875
0 0.06796875 0.11875 0.01875 0.0234375
0 0.80859375 0.103125 0.0234375 0.0375
0 0.54765625 0.1125 0.0203125 0.02734375
0 0.3015625 0.1328125 0.0171875 0.02578125
0 0.225 0.5609375 0.04765625 0.0625
0 0.96640625 0.05 0.0203125 0.0296875
0 0.69453125 0.1046875 0.021875 0.0328125
0 0.43671875 0.13046875 0.01875 0.03125
0 0.209375 0.16640625 0.0203125 0.02890625
0 0.23984375 0.11015625 0.01875 0.02734375
0 0.94453125 0.50546875 0.05078125 0.0703125
0 0.28203125 0.33828125 0.0265625 0.03125
0 0.77109375 0.03125 0.01640625 0.02578125
0 0.7484375 0.05625 0.021875 0.03125
0 0.92109375 0.0296875 0.01953125 0.0296875
0 0.4703125 0.071875 0.0171875 0.02734375
0 0.88203125 0.08125 0.0234375 0.0328125
0 0.28203125 0.39375 0.03515625 0.05078125
0 0.84296875 0.35546875 0.0453125 0.0625
0 0.3421875 0.08046875 0.0171875 0.02578125
0 0.48984375 0.12265625 0.0203125 0.03359375
0 0.5171875 0.0671875 0.0171875 0.025
0 0.79609375 0.14765625 0.0234375 0.0375
0 0.065625 0.08828125 0.01640625 0.02109375
0 0.1828125 0.3671875 0.0296875 0.03359375
0 0.21796875 0.08046875 0.01484375 0.02578125
0 0.853125 0.45703125 0.0484375 0.0703125
0 0.54453125 0.01328125 0.01484375 0.0234375
0 0.19140625 0.1421875 0.01953125 0.0296875
0 0.37578125 0.05 0.015625 0.01953125
0 0.56328125 0.01875 0.01640625 0.025
0 0.66484375 0.11015625 0.01953125 0.0328125
0 0.84765625 0.075 0.021875 0.0328125
0 0.89453125 0.05 0.021875 0.0296875
0 0.23125 0.3921875 0.03046875 0.04296875
0 0.0890625 0.1 0.015625 0.025
0 0.3609375 0.08828125 0.0171875 0.02578125
0 0.02265625 0.13671875 0.0171875 0.0234375
0 0.259375 0.046875 0.0140625 0.02109375
0 0.99140625 0.06015625 0.015625 0.03359375
0 0.28046875 0.08203125 0.01875 0.02578125
0 0.39921875 0.04453125 0.01484375 0.02109375
0 0.884375 0.0078125 0.015625 0.015625
0 0.103125 0.5765625 0.03515625 0.04296875
0 0.30546875 0.01328125 0.01484375 0.0234375
0 0.30390625 0.06328125 0.01640625 0.021875
0 0.33359375 0.0203125 0.01484375 0.021875
0 0.6234375 0.6953125 0.0515625 0.08359375
0 0.38046875 0.00859375 0.0125 0.0171875
0 0.4859375 0.01015625 0.015625 0.0203125
0 0.28515625 0.0328125 0.0140625 0.02109375
0 0.3515625 0.02578125 0.015625 0.02109375
0 0.9640625 0.0171875 0.01953125 0.0234375
0 0.3015625 0.03828125 0.0140625 0.01953125
0 0.6515625 0.05703125 0.01953125 0.02890625
0 0.6828125 0.02421875 0.01640625 0.025
0 0.840625 0.021875 0.01484375 0.0234375
0 0.5921875 0.0140625 0.0171875 0.025
0 0.1765625 0.3078125 0.028125 0.040625
0 0.9859375 0.0234375 0.0171875 0.0234375
0 0.4046875 0.00625 0.01484375 0.01171875
0 0.18984375 0.1171875 0.01875 0.0234375
0 0.23984375 0.0625 0.01484375 0.0234375
0 0.734375 0.034375 0.0171875 0.025
0 0.81484375 0.00625 0.0171875 0.0125
0 0.196875 0.06796875 0.01640625 0.0234375
0 0.5171875 0.00625 0.0140625 0.01171875
0 0.615625 0.00625 0.015625 0.0125
0 0.45859375 0.0375 0.01640625 0.0234375
0 0.04921875 0.66640625 0.0421875 0.0546875
0 0.36484375 0.2890625 0.02421875 0.03125
0 0.228125 0.2875 0.025 0.0328125
0 0.7140625 0.01328125 0.01640625 0.0234375
0 0.05234375 0.03515625 0.01484375 0.01796875
0 0.871875 0.025 0.01875 0.02578125
0 0.6921875 0.05625 0.0171875 0.03125
0 0.4484375 0.0140625 0.01484375 0.021875
0 0.94375 0.02890625 0.01875 0.0234375
0 0.7796875 0.00859375 0.015625 0.0171875
0 0.63203125 0.00703125 0.0171875 0.0140625
0 0.9265625 0.4484375 0.03515625 0.040625
0 0.2390625 0.00625 0.0140625 0.01171875
0 0.66875 0.06875 0.0171875 0.025
0 0.6515625 0.00625 0.01640625 0.01171875
0 0.6 0.96328125 0.096875 0.0703125
0 0.3640625 0.2078125 0.025 0.0375
0 0.753125 0.00703125 0.01484375 0.0140625
0 0.18984375 0.0921875 0.01875 0.02578125
0 0.253125 0.01015625 0.0140625 0.01796875
0 0.6484375 0.09296875 0.01953125 0.0296875
0 0.1640625 0.43671875 0.0390625 0.05078125
0 0.39296875 0.065625 0.01640625 0.025
0 0.1625 0.0296875 0.01484375 0.01953125
0 0.4328125 0.00625 0.015625 0.01171875
0 0.34765625 0.00625 0.0140625 0.0125