0 0.5453125 0.4546875 0.0265625 0.04453125
0 0.728125 0.49375 0.040625 0.0609375
0 0.79921875 0.721875 0.03984375 0.05625
0 0.30703125 0.2484375 0.0203125 0.03125
0 0.696875 0.44140625 0.03125 0.04921875
0 0.52109375 0.21953125 0.01640625 0.02734375
0 0.08359375 0.30546875 0.0265625 0.0375
0 0.7625 0.2875 0.025 0.0375
0 0.6421875 0.51796875 0.03515625 0.05703125
0 0.64296875 0.36875 0.0265625 0.04453125
0 0.571875 0.365625 0.0265625 0.04140625
0 0.8671875 0.24140625 0.021875 0.0328125
0 0.821875 0.45546875 0.0390625 0.05703125
0 0.7 0.36875 0.0296875 0.04453125
0 0.91328125 0.2578125 0.02265625 0.03359375
0 0.940625 0.3546875 0.03125 0.0484375
0 0.6734375 0.2671875 0.0234375 0.0328125
0 0.54375 0.16328125 0.0140625 0.021875
0 0.80546875 0.175 0.01640625 0.02734375
0 0.48359375 0.47421875 0.03203125 0.04921875
0 0.159375 0.4 0.03203125 0.05078125
0 0.81953125 0.3421875 0.028125 0.0484375
0 0.71953125 0.2875 0.02265625 0.0375
0 0.55078125 0.14375 0.015625 0.01953125
0 0.83984375 0.19921875 0.0171875 0.02578125
0 0.50625 0.14296875 0.0125 0.01796875
0 0.67109375 0.16875 0.01484375 0.025
0 0.9015625 0.19765625 0.0203125 0.02890625
0 0.85078125 0.3375 0.02734375 0.04453125
0 0.009375 0.31171875 0.01875 0.0359375
0 0.41875 0.18203125 0.01484375 0.0234375
0 0.60859375 0.14375 0.0125 0.01953125
0 0.42109375 0.275 0.0203125 0.03125
0 0.89921875 0.33515625 0.03046875 0.0453125
0 0.45234375 0.296875 0.0203125 0.03125
0 0.63203125 0.18125 0.01484375 0.02734375
0 0.8734375 0.39765625 0.0328125 0.053125
0 0.49375 0.1390625 0.0125 0.01953125
0 0.2546875 0.2375 0.01640625 0.02734375
0 0.071875 0.20625 0.01640625 0.025
0 0.46953125 0.13515625 0.0140625 0.01796875
0 0.75078125 0.34453125 0.02734375 0.0453125
0 0.45625 0.1765625 0.01484375 0.021875
0 0.62890625 0.25625 0.01953125 0.03125
0 0.5578125 0.20703125 0.01875 0.02578125
0 0.909375 0.225 0.02265625 0.0296875
0 0.43125 0.14140625 0.0125 0.01953125
0 0.63046875 0.1453125 0.0125 0.021875
0 0.6453125 0.15703125 0.0140625 0.0171875
0 0.9328125 0.21328125 0.01953125 0.03125
0 0.4546875 0.146875 0.0140625 0.02109375
0 0.20234375 0.228125 0.01640625 0.02734375
0 0.05546875 0.18046875 0.01484375 0.01953125
0 0.95625 0.18125 0.01484375 0.021875
0 0.87265625 0.18671875 0.0203125 0.0296875
0 0.57734375 0.2484375 0.01953125 0.0296875
0 0.06875 0.1828125 0.01484375 0.01953125
0 0.38828125 0.20703125 0.01484375 0.0234375
0 0.7328125 0.1546875 0.01484375 0.02109375
0 0.05 0.2265625 0.0171875 0.0234375
0 0.48828125 0.165625 0.015625 0.01953125
0 0.22109375 0.2453125 0.01875 0.02734375
0 0.584375 0.146875 0.0125 0.02109375
0 0.69140625 0.15390625 0.0140625 0.02109375
0 0.7046875 0.16328125 0.0140625 0.01953125
0 0.48515625 0.19140625 0.015625 0.0234375
0 0.44375 0.10625 0.0125 0.01953125
0 0.52265625 0.1828125 0.01484375 0.021875
0 0.92890625 0.18203125 0.01640625 0.0234375
0 0.415625 0.2375 0.01953125 0.0296875
0 0.478125 0.271875 0.01953125 0.0234375
0 0.565625 0.15 0.0125 0.01953125
0 0.403125 0.15625 0.0140625 0.01796875
0 0.5265625 0.14765625 0.01171875 0.0171875
0 0.109375 0.23828125 0.0171875 0.02578125
0 0.415625 0.1171875 0.0125 0.01796875
0 0.8265625 0.17421875 0.01484375 0.02578125
0 0.5984375 0.3171875 0.021875 0.0328125
0 0.37109375 0.1359375 0.0140625 0.01953125
0 0.36796875 0.21328125 0.01640625 0.0234375
0 0.97734375 0.55625 0.0375 0.0453125
0 0.128125 0.19375 0.01484375 0.02109375
0 0.590625 0.17890625 0.01484375 0.025
0 0.103125 0.20625 0.01484375 0.01953125
0 0.50234375 0.209375 0.01875 0.02578125
0 0.6 0.25 0.01953125 0.03125
0 0.00625 0.19375 0.01171875 0.01953125
0 0.53359375 0.2640625 0.01875 0.0296875
0 0.5515625 0.24375 0.01953125 0.02734375
0 0.19140625 0.39921875 0.02734375 0.0453125
0 0.01875 0.1703125 0.01171875 0.0171875
0 0.16328125 0.2421875 0.01953125 0.02578125
0 0.89453125 0.1421875 0.015625 0.0234375
0 0.8359375 0.23203125 0.01953125 0.02890625
0 0.40859375 0.1328125 0.0125 0.01796875
0 0.9015625 0.1703125 0.015625 0.021875
0 0.2125 0.16640625 0.0140625 0.01796875
0 0.928125 0.1421875 0.0125 0.02109375
0 0.7453125 0.1734375 0.01484375 0.0234375
0 0.44375 0.1296875 0.0125 0.01953125