0 0.6453125 0.05078125 0.01484375 0.02578125
0 0.1 0.59765625 0.04765625 0.0703125
0 0.1828125 0.35 0.03515625 0.05078125
0 0.17109375 0.128125 0.0171875 0.025
0 0.1140625 0.1453125 0.0171875 0.02734375
0 0.67109375 0.0828125 0.0171875 0.02734375
0 0.96171875 0.55 0.0515625 0.08203125
0 0.51796875 0.30625 0.03203125 0.04921875
0 0.365625 0.13125 0.01484375 0.025
0 0.196875 0.14765625 0.01875 0.02734375
0 0.76953125 0.03125 0.015625 0.02578125
0 0.31328125 0.13125 0.01953125 0.0296875
0 0.88203125 0.03203125 0.0171875 0.02734375
0 0.9875 0.165625 0.0234375 0.040625
0 0.88046875 0.0796875 0.01875 0.03125
0 0.90546875 0.07421875 0.01875 0.03125
0 0.26953125 0.1703125 0.0234375 0.03515625
0 0.621875 0.05390625 0.0125 0.025
0 0.98125 0.46875 0.0359375 0.0625
0 0.37265625 0.1609375 0.0203125 0.0296875
0 0.05 0.2625 0.0359375 0.05078125
0 0.12578125 0.20625 0.02734375 0.04296875
0 0.77421875 0.1546875 0.0203125 0.03671875
0 0.325 0.36015625 0.03984375 0.05859375
0 0.71796875 0.06875 0.0171875 0.03125
0 0.8078125 0.15 0.021875 0.03671875
0 0.8015625 0.09453125 0.01953125 0.0328125
0 0.34453125 0.45078125 0.046875 0.06796875
0 0.27109375 0.57421875 0.06171875 0.0859375
0 0.53828125 0.26640625 0.0296875 0.04296875
0 0.45 0.00859375 0.0140625 0.0171875
0 0.85625 0.05703125 0.0171875 0.02890625
0 0.796875 0.03125 0.0171875 0.02578125
0 0.3015625 0.0171875 0.0140625 0.0234375
0 0.290625 0.16953125 0.0171875 0.02578125
0 0.64140625 0.30078125 0.03203125 0.05234375
0 0.87421875 0.13515625 0.0203125 0.03359375
0 0.38359375 0.11171875 0.0171875 0.02578125
0 0.1375 0.1234375 0.01875 0.02578125
0 0.4546875 0.4046875 0.0625 0.0921875
0 0.3234375 0.178125 0.0203125 0.03125
0 0.96953125 0.06015625 0.021875 0.03125
0 0.825 0.0703125 0.01953125 0.03125
0 0.3546875 0.05546875 0.015625 0.025
0 0.98359375 0.0140625 0.01875 0.02578125
0 0.61640625 0.13671875 0.021875 0.03125
0 0.69140625 0.30625 0.0296875 0.04921875
0 0.3890625 0.0359375 0.015625 0.021875
0 0.09765625 0.01796875 0.0140625 0.01796875
0 0.409375 0.17265625 0.01640625 0.0296875
0 0.3390625 0.0421875 0.0140625 0.01953125
0 0.49375 0.0296875 0.0140625 0.01953125
0 0.0078125 0.0953125 0.015625 0.02109375
0 0.1921875 0.034375 0.0140625 0.01953125
0 0.4015625 0.01328125 0.0140625 0.0234375
0 0.04375 0.11015625 0.01953125 0.025
0 0.4703125 0.00859375 0.0140625 0.0171875
0 0.32109375 0.0234375 0.01171875 0.02109375
0 0.17890625 0.00703125 0.01484375 0.0140625
0 0.22265625 0.03828125 0.0140625 0.01953125
0 0.4265625 0.0265625 0.0140625 0.021875
0 0.0765625 0.15546875 0.0203125 0.0296875
0 0.06328125 0.13125 0.01953125 0.025
0 0.128125 0.025 0.0125 0.01796875
0 0.99140625 0.04296875 0.015625 0.02578125
0 0.2390625 0.00625 0.0140625 0.01171875
0 0.34296875 0.00625 0.0140625 0.01171875
0 0.15625 0.00625 0.0140625 0.01171875
0 0.0578125 0.01328125 0.01484375 0.0234375
0 0.26953125 0.00625 0.0140625 0.0125
0 0.01953125 0.034375 0.015625 0.01953125
0 0.0796875 0.00703125 0.0140625 0.0140625
0 0.546875 0.01328125 0.0140625 0.02109375
0 0.6484375 0.09453125 0.0171875 0.0296875
0 0.959375 0.02265625 0.01875 0.02734375
0 0.1296875 0.00625 0.0140625 0.01171875
0 0.4328125 0.00625 0.01484375 0.01171875
0 0.82890625 0.00625 0.01484375 0.01171875
0 0.0359375 0.221875 0.02265625 0.02734375
0 0.19453125 0.00625 0.0140625 0.0125
0 0.21796875 0.01875 0.0125 0.0171875
0 0.60078125 0.353125 0.02734375 0.03515625
0 0.04375 0.08125 0.01640625 0.01953125
0 0.5765625 0.0265625 0.015625 0.021875
0 0.0296875 0.19375 0.021875 0.02890625
0 0.14296875 0.00625 0.0125 0.01171875
0 0.153125 0.02578125 0.0125 0.01796875
0 0.3875 0.00703125 0.0125 0.0140625
0 0.0296875 0.01640625 0.0140625 0.01953125
0 0.00859375 0.1953125 0.0171875 0.046875
0 0.7484375 0.08125 0.015625 0.0296875
0 0.103125 0.51328125 0.0859375 0.08828125