0 0.35859375 0.3453125 0.0453125 0.090625
0 0.96171875 0.5375 0.07421875 0.175
0 0.834375 0.315625 0.0421875 0.07265625
0 0.66484375 0.6765625 0.08203125 0.16484375
0 0.54375 0.51015625 0.07734375 0.16328125
0 0.40546875 0.428125 0.0640625 0.09921875
0 0.034375 0.4234375 0.0625 0.10390625
0 0.2734375 0.55546875 0.0875 0.2015625
0 0.81484375 0.4921875 0.06328125 0.1546875
0 0.50078125 0.790625 0.11015625 0.22734375
0 0.103125 0.45390625 0.0546875 0.09921875
0 0.75546875 0.359375 0.05 0.0765625
0 0.28984375 0.2734375 0.03046875 0.046875
0 0.9015625 0.40390625 0.0515625 0.10234375
0 0.790625 0.74921875 0.08984375 0.2
0 0.7140625 0.19375 0.02265625 0.03984375
0 0.32734375 0.265625 0.0265625 0.0453125
0 0.7515625 0.53671875 0.07890625 0.121875
0 0.4421875 0.6 0.07109375 0.13359375
0 0.4328125 0.309375 0.0453125 0.059375
0 0.634375 0.50703125 0.06953125 0.125
0 0.66328125 0.26875 0.0390625 0.0453125
0 0.8875 0.21640625 0.03515625 0.05
0 0.803125 0.221875 0.02421875 0.03828125
0 0.04921875 0.3359375 0.03046875 0.03671875
0 0.7609375 0.253125 0.0328125 0.05546875
0 0.74765625 0.15390625 0.01640625 0.02578125
0 0.128125 0.8578125 0.13359375 0.215625
0 0.940625 0.253125 0.034375 0.06953125
0 0.17109375 0.3578125 0.03203125 0.065625
0 0.50625 0.215625 0.025 0.028125
0 0.6296875 0.23359375 0.02734375 0.03984375
0 0.60234375 0.2390625 0.02421875 0.03671875
0 0.72578125 0.290625 0.0390625 0.05703125
0 0.2609375 0.23515625 0.021875 0.03671875
0 0.48125 0.484375 0.04296875 0.1109375
0 0.634375 0.38046875 0.0515625 0.065625
0 0.39296875 0.1890625 0.01484375 0.02109375
0 0.5078125 0.2984375 0.0390625 0.096875
0 0.65703125 0.32265625 0.0453125 0.05546875
0 0.915625 0.8515625 0.08984375 0.2171875
0 0.42890625 0.2515625 0.028125 0.03828125
0 0.43125 0.1953125 0.01484375 0.0296875
0 0.98984375 0.24453125 0.01875 0.04140625
0 0.97578125 0.33671875 0.04609375 0.1109375
0 0.59765625 0.1921875 0.015625 0.02578125
0 0.54375 0.18828125 0.01640625 0.02578125
0 0.875 0.31328125 0.03125 0.046875
0 0.090625 0.18046875 0.0125 0.02109375
0 0.67578125 0.228125 0.0296875 0.03671875
0 0.6046875 0.28046875 0.0265625 0.03671875
0 0.7796875 0.13046875 0.0140625 0.02109375
0 0.6234375 0.184375 0.015625 0.028125
0 0.29765625 0.32734375 0.0515625 0.0609375
0 0.634375 0.92890625 0.17265625 0.1390625
0 0.13828125 0.1796875 0.01484375 0.0296875
0 0.72109375 0.159375 0.01484375 0.02421875
0 0.4578125 0.175 0.0140625 0.02421875
0 0.2 0.55546875 0.06171875 0.1421875
0 0.38359375 0.225 0.0203125 0.02578125
0 0.27890625 0.19296875 0.01484375 0.03125
0 0.88203125 0.265625 0.03515625 0.0453125
0 0.221875 0.20859375 0.01640625 0.028125
0 0.39296875 0.2890625 0.02421875 0.046875
0 0.01640625 0.81796875 0.03203125 0.215625
0 0.571875 0.20234375 0.01640625 0.0296875
0 0.4671875 0.2640625 0.02265625 0.0453125
0 0.0109375 0.61015625 0.021875 0.13046875
0 0.06640625 0.2890625 0.0234375 0.0328125
0 0.87578125 0.175 0.025 0.03125
0 0.57890625 0.175 0.015625 0.02109375
0 0.73828125 0.215625 0.0234375 0.03828125
0 0.2421875 0.31328125 0.03125 0.04375
0 0.0484375 0.2078125 0.01484375 0.02265625
0 0.5515625 0.2546875 0.0234375 0.03671875
0 0.03984375 0.26015625 0.02421875 0.04140625
0 0.1078125 0.18046875 0.0140625 0.02109375
0 0.30546875 0.21171875 0.01640625 0.03125
0 0.55390625 0.16640625 0.0140625 0.02109375
0 0.4796875 0.190625 0.015625 0.02421875
0 0.57734375 0.37265625 0.04296875 0.07109375
0 0.534375 0.21640625 0.0203125 0.02578125
0 0.92421875 0.1953125 0.02421875 0.03671875
0 0.371875 0.62265625 0.0796875 0.11953125
0 0.41484375 0.20625 0.0171875 0.034375
0 0.0765625 0.32734375 0.0265625 0.04375
0 0.1203125 0.1796875 0.0140625 0.02265625
0 0.80703125 0.1578125 0.0203125 0.034375
0 0.1203125 0.20625 0.015625 0.02421875
0 0.0296875 0.3078125 0.0265625 0.03984375
0 0.259375 0.19296875 0.0140625 0.02109375
0 0.3359375 0.21640625 0.015625 0.02265625
0 0.96015625 0.1875 0.0171875 0.03125
0 0.359375 0.228125 0.0171875 0.02578125
0 0.3671875 0.16875 0.01171875 0.02109375
0 0.440625 0.1625 0.0125 0.02265625
0 0.196875 0.18046875 0.0125 0.02109375
0 0.2140625 0.28671875 0.03046875 0.05234375
0 0.71171875 0.42109375 0.06171875 0.08125
0 0.84453125 0.2203125 0.0296875 0.03125
0 0.3734375 0.20078125 0.015625 0.02578125
0 0.2390625 0.19375 0.0140625 0.02265625
0 0.45546875 0.14765625 0.0109375 0.0171875
0 0.6109375 0.2078125 0.0171875 0.02578125
0 0.18359375 0.7046875 0.0859375 0.121875
0 0.2 0.2203125 0.0203125 0.03125
0 0.51640625 0.19296875 0.01484375 0.02109375
0 0.184375 0.16953125 0.0125 0.01875
0 0.759375 0.18046875 0.0234375 0.034375
0 0.3296875 0.16640625 0.009375 0.0171875
0 0.11796875 0.3328125 0.02421875 0.03984375
0 0.16484375 0.178125 0.0140625 0.01875
0 0.37890625 0.14609375 0.009375 0.01015625
0 0.5015625 0.16640625 0.0140625 0.02109375
0 0.48984375 0.14609375 0.0109375 0.02109375
0 0.25625 0.27421875 0.0265625 0.0453125
0 0.40390625 0.14375 0.0109375 0.0140625
0 0.14140625 0.25625 0.021875 0.0296875
0 0.77421875 0.2109375 0.02421875 0.0296875
0 0.52734375 0.16875 0.0140625 0.02109375
0 0.5390625 0.29609375 0.02734375 0.05390625
0 0.2078125 0.153125 0.01171875 0.0171875
0 0.57421875 0.27109375 0.0234375 0.0484375
0 0.978125 0.121875 0.01640625 0.02109375
0 0.2421875 0.16640625 0.01171875 0.0171875
0 0.1453125 0.225 0.0171875 0.02578125
0 0.68125 0.1421875 0.0140625 0.02109375
0 0.14375 0.303125 0.02421875 0.05
0 0.1703125 0.246875 0.021875 0.03828125
0 0.2328125 0.15546875 0.009375 0.015625
0 0.3171875 0.16484375 0.009375 0.0140625
0 0.59453125 0.165625 0.01484375 0.02265625
0 0.83125 0.25625 0.03828125 0.046875
0 0.97734375 0.2109375 0.02421875 0.0328125
0 0.69453125 0.15703125 0.0140625 0.02265625
0 0.5078125 0.14375 0.009375 0.0171875
0 0.0578125 0.22890625 0.01953125 0.03125
0 0.85859375 0.38359375 0.0375 0.0765625
0 0.69375 0.33671875 0.028125 0.0484375
0 0.25390625 0.15390625 0.009375 0.015625
0 0.2140625 0.36015625 0.03984375 0.05703125
0 0.91328125 0.30546875 0.02734375 0.0453125
0 0.0921875 0.3625 0.034375 0.034375
0 0.61796875 0.32734375 0.0265625 0.03671875
0 0.61796875 0.13984375 0.0140625 0.01875
0 0.31171875 0.18515625 0.0125 0.01875
0 0.346875 0.17734375 0.0140625 0.02109375
0 0.21875 0.18203125 0.0140625 0.02109375
0 0.05859375 0.184375 0.0140625 0.02109375
0 0.7203125 0.13515625 0.01484375 0.02109375
0 0.384375 0.16640625 0.0125 0.0171875
0 0.00625 0.3 0.0125 0.0484375
0 0.34296875 0.153125 0.0109375 0.0140625
0 0.2671875 0.15546875 0.0109375 0.015625
0 0.815625 0.1328125 0.0125 0.02578125
0 0.684375 0.1796875 0.01875 0.02578125
0 0.4171875 0.1703125 0.009375 0.0171875
0 0.61640625 0.159375 0.01484375 0.02109375
0 0.4171875 0.14375 0.009375 0.0140625
0 0.43203125 0.140625 0.00859375 0.0140625
0 0.07890625 0.24453125 0.0171875 0.028125
0 0.8015625 0.12265625 0.0140625 0.02265625
0 0.15546875 0.20234375 0.01484375 0.02265625
0 0.0265625 0.21796875 0.0140625 0.01875
0 0.796875 0.33046875 0.040625 0.06796875
0 0.9453125 0.15546875 0.0171875 0.02578125
0 0.334375 0.1953125 0.0125 0.015625
0 0.2796875 0.15703125 0.0109375 0.015625
0 0.734375 0.1796875 0.0171875 0.02265625
0 0.98359375 0.15703125 0.01875 0.02265625
0 0.3546875 0.15546875 0.009375 0.015625
0 0.7921875 0.26484375 0.03203125 0.05
0 0.11796875 0.290625 0.03125 0.05390625
0 0.07734375 0.1921875 0.0140625 0.02578125
0 0.009375 0.22109375 0.01640625 0.02578125
0 0.23125 0.24296875 0.01953125 0.028125
0 0.98671875 0.7203125 0.02421875 0.16640625
0 0.10625 0.2515625 0.01953125 0.028125
0 0.78046875 0.1640625 0.01875 0.02578125
0 0.48125 0.165625 0.01171875 0.01875
0 0.04921875 0.534375 0.04375 0.08671875
0 0.3359375 0.43203125 0.0296875 0.065625
0 0.19453125 0.42109375 0.025 0.07109375
0 0.4671875 0.14609375 0.009375 0.0140625
0 0.42890625 0.15625 0.009375 0.0140625
0 0.09140625 0.5859375 0.059375 0.11953125
0 0.478125 0.225 0.0203125 0.0328125
0 0.296875 0.1703125 0.01171875 0.0171875
0 0.13203125 0.15390625 0.01171875 0.01875
0 0.25859375 0.171875 0.01171875 0.0171875
0 0.17734375 0.21796875 0.01640625 0.02578125