0 0.75703125 0.1515625 0.021875 0.0328125
0 0.8875 0.3296875 0.03515625 0.0453125
0 0.696875 0.1734375 0.02265625 0.03125
0 0.44140625 0.10546875 0.0171875 0.02578125
0 0.5265625 0.17265625 0.0171875 0.0296875
0 0.3875 0.2046875 0.0234375 0.0328125
0 0.13984375 0.1421875 0.021875 0.0328125
0 0.43828125 0.234375 0.0234375 0.03671875
0 0.48828125 0.0890625 0.0171875 0.0296875
0 0.52265625 0.07421875 0.01640625 0.0234375
0 0.8453125 0.90546875 0.07734375 0.11328125
0 0.56875 0.08671875 0.01640625 0.025
0 0.25078125 0.3078125 0.025 0.03515625
0 0.34765625 0.2953125 0.025 0.0375
0 0.56328125 0.1171875 0.01640625 0.02578125
0 0.603125 0.175 0.021875 0.0328125
0 0.5515625 0.01953125 0.0140625 0.02109375
0 0.30546875 0.1875 0.02265625 0.03125
0 0.4859375 0.15625 0.01953125 0.03125
0 0.60625 0.034375 0.01484375 0.021875
0 0.8046875 0.125 0.01953125 0.03125
0 0.1171875 0.15546875 0.021875 0.0296875
0 0.62421875 0.34140625 0.0328125 0.05234375
0 0.7828125 0.0140625 0.01484375 0.021875
0 0.63984375 0.025 0.0140625 0.021875
0 0.57109375 0.30546875 0.02421875 0.0375
0 0.19453125 0.2484375 0.021875 0.02890625
0 0.7328125 0.30625 0.02734375 0.0484375
0 0.35078125 0.0875 0.0171875 0.0234375
0 0.3359375 0.15078125 0.021875 0.03359375
0 0.15703125 0.25 0.02265625 0.03125
0 0.0546875 0.053125 0.015625 0.02109375
0 0.87734375 0.01328125 0.01875 0.02578125
0 0.38828125 0.05390625 0.01484375 0.025
0 0.665625 0.11171875 0.0203125 0.03125
0 0.8484375 0.11953125 0.02265625 0.03125
0 0.85625 0.00625 0.01640625 0.01171875
0 0.01640625 0.034375 0.015625 0.021875
0 0.78828125 0.353125 0.0296875 0.040625
0 0.90703125 0.01171875 0.015625 0.0234375
0 0.97734375 0.0359375 0.0171875 0.02734375
0 0.8109375 0.0171875 0.01640625 0.025
0 0.8296875 0.03125 0.0171875 0.02578125
0 0.71796875 0.00625 0.0125 0.01171875
0 0.553125 0.07421875 0.01484375 0.0234375
0 0.43828125 0.1953125 0.01875 0.0234375
0 0.971875 0.9015625 0.0546875 0.115625
0 0.4390625 0.01328125 0.01484375 0.0234375
0 0.67421875 0.1765625 0.01875 0.0328125
0 0.7328125 0.009375 0.015625 0.01875
0 0.57109375 0.05546875 0.0140625 0.025
0 0.909375 0.0453125 0.01640625 0.025
0 0.68828125 0.0171875 0.01484375 0.025
0 0.9546875 0.009375 0.015625 0.01875
0 0.56953125 0.02890625 0.0140625 0.02109375
0 0.6625 0.05 0.01484375 0.025
0 0.721875 0.0609375 0.01640625 0.021875
0 0.95 0.0984375 0.0203125 0.0296875
0 0.696875 0.08671875 0.0171875 0.025
0 0.45234375 0.05625 0.0171875 0.025
0 0.65390625 0.00625 0.0140625 0.0125
0 0.62578125 0.00703125 0.0140625 0.0140625
0 0.9296875 0.00625 0.015625 0.0125
0 0.36015625 0.19921875 0.021875 0.03125
0 0.82890625 0.00703125 0.015625 0.0140625
0 0.29609375 0.14453125 0.01640625 0.02578125
0 0.9921875 0.3296875 0.0140625 0.0390625
0 0.3453125 0.1234375 0.0171875 0.0234375
0 0.09609375 0.0078125 0.0125 0.015625
0 0.72578125 0.37578125 0.03515625 0.0484375
0 0.03125 0.00625 0.015625 0.0125
0 0.6765625 0.0375 0.015625 0.0234375
0 0.6453125 0.17265625 0.01953125 0.0296875
0 0.009375 0.01015625 0.01484375 0.01796875
0 0.99375 0.0484375 0.009375 0.025
0 0.13125 0.00625 0.01484375 0.01171875
0 0.946875 0.075 0.01640625 0.01953125
0 0.11015625 0.0078125 0.0140625 0.015625
0 0.65703125 0.3671875 0.015625 0.02109375
0 0.7015625 0.05078125 0.015625 0.0234375
0 0.71015625 0.025 0.01484375 0.021875