0 0.71953125 0.45390625 0.021875 0.0296875
0 0.978125 0.72890625 0.0328125 0.04921875
0 0.33046875 0.38125 0.01640625 0.025
0 0.4640625 0.48671875 0.01875 0.02578125
0 0.784375 0.4125 0.01640625 0.025
0 0.42734375 0.428125 0.01875 0.02578125
0 0.67578125 0.6125 0.02734375 0.04296875
0 0.928125 0.42578125 0.01953125 0.02890625
0 0.8109375 0.41875 0.01640625 0.025
0 0.846875 0.41796875 0.01875 0.02578125
0 0.8078125 0.30546875 0.01171875 0.0171875
0 0.61875 0.51328125 0.0234375 0.03671875
0 0.42734375 0.60546875 0.02265625 0.04453125
0 0.84453125 0.5 0.021875 0.02578125
0 0.2453125 0.39140625 0.01953125 0.0296875
0 0.35703125 0.53125 0.0265625 0.04140625
0 0.565625 0.48828125 0.01875 0.02578125
0 0.8875 0.50390625 0.021875 0.03125
0 0.20234375 0.3515625 0.01875 0.02578125
0 0.20703125 0.4359375 0.02734375 0.040625
0 0.33046875 0.52421875 0.028125 0.04296875
0 0.2734375 0.3421875 0.0171875 0.0234375
0 0.29375 0.5046875 0.0265625 0.0375
0 0.92109375 0.28125 0.0125 0.01796875
0 0.06328125 0.284375 0.01875 0.025
0 0.43828125 0.3390625 0.0140625 0.021875
0 0.9078125 0.3203125 0.0140625 0.01796875
0 0.12890625 0.43515625 0.0296875 0.04140625
0 0.478125 0.55703125 0.02265625 0.03671875
0 0.09765625 0.2609375 0.0140625 0.01953125
0 0.8703125 0.29296875 0.01484375 0.01796875
0 0.14609375 0.5765625 0.034375 0.053125
0 0.1171875 0.36875 0.01953125 0.03125
0 0.21953125 0.33125 0.01484375 0.01953125
0 0.478125 0.3734375 0.0125 0.01796875
0 0.1546875 0.24140625 0.0125 0.01953125
0 0.82734375 0.9015625 0.0421875 0.06875
0 0.5171875 0.5375 0.01953125 0.0296875
0 0.1765625 0.25546875 0.01171875 0.01796875
0 0.52109375 0.42890625 0.01640625 0.025
0 0.00390625 0.2328125 0.0078125 0.021875
0 0.59921875 0.37421875 0.01484375 0.01953125
0 0.0890625 0.29453125 0.01484375 0.0234375
0 0.5375 0.73203125 0.0359375 0.0546875
0 0.3984375 0.3328125 0.0140625 0.021875
0 0.29609375 0.27890625 0.01171875 0.01796875
0 0.31484375 0.3234375 0.0125 0.01953125
0 0.28984375 0.41640625 0.0203125 0.03359375
0 0.21953125 0.36875 0.0171875 0.02578125
0 0.403125 0.23828125 0.0109375 0.015625
0 0.4546875 0.3140625 0.01171875 0.01796875
0 0.184375 0.23046875 0.0140625 0.01796875
0 0.159375 0.30625 0.01484375 0.021875
0 0.0296875 0.24765625 0.0125 0.01796875
0 0.390625 0.43125 0.0171875 0.0296875
0 0.25703125 0.24375 0.009375 0.0171875
0 0.47109375 0.30703125 0.0125 0.02109375
0 0.35703125 0.24453125 0.0109375 0.01328125
0 0.10625 0.3015625 0.015625 0.021875
0 0.165625 0.23046875 0.0125 0.01796875
0 0.5703125 0.62578125 0.0234375 0.03515625
0 0.1671875 0.4359375 0.021875 0.03359375
0 0.2796875 0.2359375 0.009375 0.015625
0 0.20234375 0.24375 0.01171875 0.01796875
0 0.1828125 0.32890625 0.0140625 0.01953125
0 0.009375 0.30546875 0.0171875 0.025
0 0.10625 0.33046875 0.0171875 0.02578125
0 0.2421875 0.24140625 0.01171875 0.0171875
0 0.30234375 0.31796875 0.0125 0.02109375
0 0.540625 0.2890625 0.009375 0.015625
0 0.3046875 0.2375 0.01171875 0.0171875
0 0.31640625 0.22265625 0.009375 0.015625
0 0.0109375 0.3625 0.021875 0.0328125
0 0.34296875 0.3171875 0.0125 0.0140625
0 0.0046875 0.25546875 0.009375 0.0234375
0 0.846875 0.30078125 0.0140625 0.01796875
0 0.265625 0.2671875 0.01171875 0.0171875
0 0.3703125 0.24375 0.009375 0.0140625
0 0.340625 0.1921875 0.0109375 0.0140625
0 0.57578125 0.4546875 0.01484375 0.025
0 0.50859375 0.26875 0.01171875 0.0140625
0 0.4625 0.2359375 0.0109375 0.0140625
0 0.265625 0.31875 0.0140625 0.01953125
0 0.78515625 0.3046875 0.01171875 0.015625
0 0.57734375 0.4203125 0.01484375 0.021875
0 0.22265625 0.3046875 0.0140625 0.02109375
0 0.2171875 0.23125 0.0109375 0.0140625
0 0.70390625 0.25625 0.0109375 0.01171875
0 0.046875 0.44375 0.0296875 0.04453125
0 0.02890625 0.27421875 0.01640625 0.025
0 0.38125 0.21796875 0.00859375 0.01171875
0 0.2953125 0.25625 0.009375 0.01796875
0 0.38203125 0.24375 0.009375 0.0140625
0 0.93125 0.30546875 0.0125 0.0140625
0 0.71953125 0.2671875 0.009375 0.015625
0 0.7421875 0.2453125 0.009375 0.0140625
0 0.52109375 0.26953125 0.0109375 0.015625
0 0.31953125 0.25703125 0.009375 0.0140625
0 0.3703125 0.2671875 0.0109375 0.015625
0 0.3421875 0.2765625 0.00859375 0.0140625
0 0.48125 0.2296875 0.00859375 0.01171875
0 0.3375 0.2609375 0.0109375 0.0140625
0 0.32734375 0.2796875 0.009375 0.01328125
0 0.4296875 0.23203125 0.009375 0.01328125
0 0.3921875 0.21796875 0.0078125 0.01171875
0 0.1296875 0.39375 0.021875 0.02734375
0 0.33046875 0.24375 0.00859375 0.0140625
0 0.51796875 0.23046875 0.00859375 0.01328125
0 0.71953125 0.24453125 0.00859375 0.01328125
0 0.9296875 0.24296875 0.009375 0.0140625
0 0.30546875 0.29140625 0.0109375 0.015625
0 0.246875 0.2890625 0.0140625 0.02109375
0 0.4640625 0.271875 0.0109375 0.015625
0 0.165625 0.32890625 0.0140625 0.0171875
0 0.365625 0.3171875 0.01171875 0.0140625
0 0.6828125 0.296875 0.009375 0.015625
0 0.54375 0.3640625 0.01484375 0.01953125
0 0.93125 0.21796875 0.00703125 0.01171875
0 0.5171875 0.24453125 0.009375 0.015625
0 0.3328125 0.23046875 0.00859375 0.01328125
0 0.36640625 0.23125 0.00859375 0.01171875
0 0.2453125 0.3390625 0.0140625 0.021875