0 0.2125 0.2484375 0.0296875 0.0484375
0 0.56328125 0.09375 0.02265625 0.0390625
0 0.05 0.38515625 0.0375 0.05234375
0 0.5890625 0.1171875 0.0234375 0.04140625
0 0.7828125 0.2484375 0.0421875 0.0640625
0 0.42734375 0.19140625 0.028125 0.046875
0 0.8703125 0.1734375 0.0375 0.05625
0 0.30546875 0.171875 0.0265625 0.0390625
0 0.4640625 0.09375 0.02421875 0.0390625
0 0.415625 0.2609375 0.0328125 0.05078125
0 0.3859375 0.11171875 0.021875 0.03671875
0 0.2078125 0.18671875 0.0234375 0.0375
0 0.475 0.7140625 0.065625 0.084375
0 0.60625 0.40078125 0.046875 0.0703125
0 0.228125 0.75703125 0.11796875 0.1390625
0 0.55390625 0.5140625 0.053125 0.0765625
0 0.38046875 0.175 0.0265625 0.0453125
0 0.0265625 0.21171875 0.028125 0.0375
0 0.1234375 0.29453125 0.034375 0.04921875
0 0.95859375 0.0515625 0.03046875 0.0484375
0 0.13125 0.18515625 0.02421875 0.03671875
0 0.84453125 0.07578125 0.03046875 0.04921875
0 0.78515625 0.09375 0.025 0.04453125
0 0.29609375 0.38671875 0.0421875 0.05703125
0 0.23359375 0.0921875 0.01875 0.0296875
0 0.46953125 0.1671875 0.0296875 0.0453125
0 0.5265625 0.14453125 0.02734375 0.04453125
0 0.621875 0.04375 0.02421875 0.0484375
0 0.26484375 0.13515625 0.0203125 0.03125
0 0.584375 0.071875 0.0203125 0.0375
0 0.61796875 0.14140625 0.03203125 0.053125
0 0.37890625 0.07421875 0.0234375 0.03125
0 0.25859375 0.4234375 0.04296875 0.0640625
0 0.6609375 0.2015625 0.0390625 0.05703125
0 0.73515625 0.08046875 0.0296875 0.04921875
0 0.82734375 0.16875 0.0375 0.05625
0 0.0109375 0.38671875 0.021875 0.05703125
0 0.08046875 0.14296875 0.0203125 0.02578125
0 0.015625 0.146875 0.0234375 0.02890625
0 0.49296875 0.0296875 0.02265625 0.0390625
0 0.02265625 0.17578125 0.0296875 0.02890625
0 0.4640625 0.02890625 0.0171875 0.02578125
0 0.55625 0.02578125 0.0234375 0.03671875
0 0.509375 0.10546875 0.0234375 0.03671875
0 0.053125 0.00625 0.01875 0.01171875
0 0.03984375 0.10078125 0.02421875 0.02734375
0 0.834375 0.1203125 0.03046875 0.03515625
0 0.20703125 0.08828125 0.021875 0.03125
0 0.62578125 0.00625 0.0265625 0.01171875
0 0.99296875 0.32890625 0.01171875 0.05625
0 0.01328125 0.6140625 0.0265625 0.0796875
0 0.9484375 0.00703125 0.02734375 0.0140625
0 0.540625 0.89375 0.040625 0.0484375
0 0.79375 0.00625 0.025 0.01171875
0 0.728125 0.16015625 0.0359375 0.05703125
0 0.446875 0.0140625 0.01640625 0.02734375
0 0.2078125 0.15 0.01953125 0.025
0 0.23671875 0.0171875 0.01640625 0.02734375
0 0.78984375 0.0421875 0.03046875 0.0484375
0 0.5546875 0.0609375 0.021875 0.02890625
0 0.48359375 0.1296875 0.01875 0.0296875
0 0.54609375 0.17890625 0.03125 0.04296875
0 0.46953125 0.05625 0.0234375 0.03125