0 0.8328125 0.49375 0.040625 0.0625
0 0.74296875 0.43125 0.04609375 0.0640625
0 0.4296875 0.15703125 0.0171875 0.02734375
0 0.31953125 0.1859375 0.021875 0.03359375
0 0.5421875 0.1375 0.0171875 0.0296875
0 0.1515625 0.16953125 0.0171875 0.02890625
0 0.9203125 0.2984375 0.03515625 0.0484375
0 0.1859375 0.221875 0.021875 0.0328125
0 0.690625 0.0921875 0.01484375 0.0234375
0 0.46171875 0.3375 0.025 0.0390625
0 0.5765625 0.14140625 0.015625 0.02734375
0 0.4109375 0.31328125 0.02734375 0.04296875
0 0.4609375 0.40078125 0.03515625 0.0546875
0 0.87421875 0.19765625 0.0203125 0.03359375
0 0.4046875 0.16875 0.01640625 0.0296875
0 0.37578125 0.109375 0.0140625 0.02109375
0 0.88359375 0.0671875 0.0171875 0.025
0 0.915625 0.23203125 0.0234375 0.03359375
0 0.5796875 0.32421875 0.03515625 0.0546875
0 0.7796875 0.06875 0.01484375 0.01953125
0 0.9734375 0.1328125 0.021875 0.03125
0 0.25390625 0.18125 0.021875 0.03671875
0 0.8703125 0.440625 0.0390625 0.05859375
0 0.30546875 0.69296875 0.05390625 0.08828125
0 0.96953125 0.3609375 0.0359375 0.05859375
0 0.83046875 0.0859375 0.01640625 0.02578125
0 0.04375 0.15 0.0171875 0.03125
0 0.821875 0.26171875 0.02734375 0.04453125
0 0.603125 0.13828125 0.01640625 0.02578125
0 0.17421875 0.56171875 0.05 0.07421875
0 0.08125 0.1984375 0.02421875 0.0328125
0 0.378125 0.68671875 0.06171875 0.10546875
0 0.2046875 0.096875 0.0140625 0.01953125
0 0.478125 0.25703125 0.0265625 0.04296875
0 0.8734375 0.13125 0.021875 0.03125
0 0.96796875 0.09296875 0.0171875 0.025
0 0.9265625 0.76796875 0.0609375 0.0859375
0 0.10625 0.16328125 0.01875 0.0296875
0 0.7 0.196875 0.0265625 0.0375
0 0.478125 0.1390625 0.0171875 0.03125
0 0.6625 0.08125 0.01484375 0.025
0 0.85 0.24140625 0.02265625 0.0375
0 0.91875 0.13125 0.021875 0.0328125
0 0.74296875 0.0484375 0.01484375 0.02109375
0 0.81328125 0.06015625 0.01484375 0.02109375
0 0.39921875 0.12265625 0.01640625 0.02578125
0 0.75078125 0.09296875 0.01484375 0.025
0 0.79609375 0.696875 0.05390625 0.084375
0 0.015625 0.47421875 0.03125 0.0703125
0 0.25390625 0.3921875 0.046875 0.07421875
0 0.62890625 0.1171875 0.015625 0.02890625
0 0.134375 0.23046875 0.02265625 0.0390625
0 0.7734375 0.0921875 0.015625 0.02578125
0 0.07890625 0.24375 0.0203125 0.03671875
0 0.2140625 0.11953125 0.01484375 0.0234375
0 0.9921875 0.04375 0.0140625 0.025
0 0.059375 0.046875 0.0140625 0.01796875
0 0.08125 0.13046875 0.01484375 0.0234375
0 0.66953125 0.4125 0.04765625 0.06796875
0 0.478125 0.04296875 0.01171875 0.01796875
0 0.071875 0.16875 0.0171875 0.025
0 0.1234375 0.39375 0.0390625 0.05859375
0 0.67421875 0.11015625 0.01640625 0.025
0 0.85078125 0.0703125 0.0140625 0.0234375
0 0.84140625 0.0515625 0.01484375 0.01953125
0 0.9046875 0.10703125 0.0171875 0.02578125
0 0.696875 0.06171875 0.01484375 0.01953125
0 0.85859375 0.01796875 0.0140625 0.01796875
0 0.27265625 0.478125 0.040625 0.05859375
0 0.43671875 0.28203125 0.0203125 0.03515625
0 0.421875 0.39375 0.0390625 0.0640625
0 0.6265625 0.05625 0.0140625 0.01953125
0 0.91796875 0.025 0.0140625 0.01796875
0 0.3515625 0.1015625 0.015625 0.02109375
0 0.17421875 0.12421875 0.01640625 0.025
0 0.10859375 0.04375 0.01171875 0.0171875
0 0.009375 0.2375 0.01875 0.0375
0 0.95546875 0.0125 0.0125 0.01953125
0 0.78203125 0.00625 0.0125 0.01171875
0 0.0609375 0.1375 0.01640625 0.025
0 0.628125 0.0296875 0.0109375 0.0171875
0 0.17890625 0.040625 0.009375 0.0171875
0 0.4703125 0.07421875 0.0140625 0.01796875
0 0.05625 0.06875 0.0125 0.01953125
0 0.603125 0.03125 0.01171875 0.01796875
0 0.60546875 0.00625 0.0109375 0.0125
0 0.52578125 0.9671875 0.11015625 0.0640625
0 0.4328125 0.04296875 0.01171875 0.01796875
0 0.4984375 0.05703125 0.01171875 0.02109375
0 0.403125 0.0890625 0.0125 0.01953125
0 0.490625 0.00625 0.009375 0.0125
0 0.290625 0.03046875 0.0109375 0.0140625
0 0.9203125 0.6984375 0.046875 0.0453125
0 0.3921875 0.021875 0.0109375 0.015625
0 0.95 0.08671875 0.01640625 0.025
0 0.57734375 0.0171875 0.0109375 0.0171875
0 0.978125 0.00625 0.0140625 0.01171875
0 0.7421875 0.00625 0.0125 0.0125
0 0.684375 0.00859375 0.0125 0.0171875
0 0.18984375 0.03203125 0.0125 0.0171875
0 0.41640625 0.01796875 0.0109375 0.01328125
0 0.9703125 0.02890625 0.01484375 0.02109375
0 0.24140625 0.04296875 0.009375 0.01796875
0 0.8421875 0.0078125 0.0140625 0.015625
0 0.46640625 0.00625 0.0109375 0.01171875
0 0.71953125 0.08828125 0.0140625 0.02109375
0 0.81875 0.0140625 0.0125 0.015625
0 0.45546875 0.0421875 0.0109375 0.0171875
0 0.07421875 0.03125 0.0140625 0.01796875
0 0.909375 0.0765625 0.01640625 0.0234375
0 0.4296875 0.0171875 0.009375 0.0140625
0 0.2703125 0.01796875 0.00859375 0.01328125
0 0.1375 0.0375 0.01171875 0.0140625
0 0.715625 0.0421875 0.0140625 0.01953125
0 0.41875 0.9375 0.07421875 0.1171875
0 0.6546875 0.053125 0.01171875 0.015625
0 0.24375 0.0171875 0.0109375 0.01171875
0 0.75625 0.0078125 0.01171875 0.015625
0 0.89296875 0.00625 0.01484375 0.01171875
0 0.51796875 0.0296875 0.0109375 0.01796875
0 0.16015625 0.03828125 0.01171875 0.0140625
0 0.41875 0.00625 0.009375 0.01171875
0 0.65703125 0.00625 0.0109375 0.01171875
0 0.3296875 0.046875 0.0109375 0.015625
0 0.2671875 0.03828125 0.009375 0.0140625
0 0.228125 0.04765625 0.01171875 0.0171875
0 0.1375 0.065625 0.0140625 0.01953125
0 0.71796875 0.00625 0.0140625 0.0125
0 0.80234375 0.09296875 0.01640625 0.025
0 0.221875 0.09453125 0.01484375 0.01953125
0 0.88203125 0.025 0.0140625 0.0171875
0 0.3296875 0.01796875 0.009375 0.01328125
0 0.9296875 0.00625 0.0140625 0.01171875
0 0.25625 0.0171875 0.00859375 0.01171875
0 0.38203125 0.075 0.0140625 0.01953125
0 0.3578125 0.00625 0.009375 0.01171875
0 0.628125 0.00546875 0.0109375 0.01015625
0 0.5875 0.07890625 0.0125 0.021875
0 0.53203125 0.00546875 0.009375 0.01015625
0 0.478125 0.00625 0.0109375 0.01171875
0 0.70546875 0.00625 0.0109375 0.01171875
0 0.69375 0.0265625 0.01171875 0.0171875
0 0.3546875 0.04765625 0.009375 0.0171875
0 0.79609375 0.0265625 0.0125 0.0171875
0 0.8203125 0.03203125 0.015625 0.01953125
0 0.634375 0.0796875 0.0140625 0.01953125
0 0.0046875 0.0390625 0.00859375 0.01796875
0 0.4421875 0.00625 0.00859375 0.01171875
0 0.94453125 0.05625 0.0171875 0.0234375
0 0.9078125 0.00625 0.01484375 0.01171875
0 0.80390625 0.00625 0.0140625 0.0125
0 0.34453125 0.01796875 0.00859375 0.01328125
0 0.6703125 0.00625 0.0125 0.0125
0 0.30703125 0.00703125 0.0109375 0.01171875
0 0.30234375 0.3703125 0.03828125 0.05859375
0 0.3953125 0.00546875 0.009375 0.01015625
0 0.3046875 0.03125 0.009375 0.01796875
0 0.20390625 0.0328125 0.009375 0.015625
0 0.37890625 0.0296875 0.009375 0.01328125
0 0.09765625 0.03046875 0.01171875 0.0140625
0 0.64296875 0.00546875 0.0109375 0.01015625
0 0.56640625 0.05625 0.01171875 0.01796875
0 0.3796875 0.00546875 0.00859375 0.01015625
0 0.21015625 0.0515625 0.0140625 0.0171875
0 0.54375 0.0171875 0.0109375 0.0140625
0 0.940625 0.034375 0.01484375 0.01953125
0 0.2171875 0.01953125 0.00859375 0.01328125
0 0.51875 0.00546875 0.0109375 0.01015625
0 0.4046875 0.00546875 0.00859375 0.01015625
0 0.878125 0.253125 0.02265625 0.03515625
0 0.31953125 0.00625 0.009375 0.01171875
0 0.2703125 0.11796875 0.0140625 0.01953125
0 0.4953125 0.0296875 0.0109375 0.01796875
0 0.29609375 0.0546875 0.01171875 0.01796875
0 0.36796875 0.00546875 0.00859375 0.01015625
0 0.3421875 0.04140625 0.009375 0.015625
0 0.00703125 0.0796875 0.0140625 0.02109375
0 0.328125 0.11328125 0.0140625 0.02109375
0 0.50625 0.00546875 0.00859375 0.01015625
0 0.34296875 0.00546875 0.00703125 0.01015625
0 0.5578125 0.040625 0.0109375 0.0171875
0 0.30234375 0.09296875 0.0125 0.01953125
0 0.0203125 0.065625 0.0140625 0.01953125
0 0.07734375 0.0640625 0.0125 0.01796875
0 0.2796875 0.01796875 0.009375 0.01328125
0 0.25625 0.03046875 0.00859375 0.01171875
0 0.70234375 0.134375 0.0171875 0.025
0 0.9265625 0.04453125 0.015625 0.0234375
0 0.7171875 0.11171875 0.01640625 0.02578125
0 0.3671875 0.03125 0.009375 0.01328125
0 0.846875 0.15 0.01640625 0.03125
0 0.03359375 0.06796875 0.0125 0.01796875
0 0.3578125 0.06640625 0.0140625 0.01796875
0 0.78203125 0.04140625 0.0125 0.01796875
0 0.5578125 0.00546875 0.009375 0.01015625
0 0.35625 0.01796875 0.00859375 0.01328125
0 0.31875 0.01875 0.00859375 0.01171875
0 0.6171875 0.00625 0.009375 0.01171875
0 0.0390625 0.0375 0.0140625 0.01796875
0 0.53046875 0.01875 0.0109375 0.0140625
0 0.45390625 0.0171875 0.0109375 0.015625
0 0.6484375 0.1203125 0.015625 0.025