1 0.50234375 0.8 0.0421875 0.06953125
1 0.57734375 0.92265625 0.08984375 0.14921875
1 0.8859375 0.86171875 0.03828125 0.05859375
1 0.47421875 0.84609375 0.0421875 0.06953125
1 0.87578125 0.73671875 0.03828125 0.06171875
1 0.2859375 0.5203125 0.0296875 0.0515625
1 0.709375 0.7328125 0.0359375 0.06171875
1 0.0515625 0.95703125 0.05 0.08046875
1 0.775 0.94296875 0.10859375 0.109375
1 0.87734375 0.64296875 0.0359375 0.06171875
1 0.53984375 0.6125 0.03203125 0.05078125
1 0.41796875 0.96484375 0.0484375 0.065625
1 0.24453125 0.85078125 0.03984375 0.07265625
1 0.28203125 0.9375 0.0390625 0.06953125
1 0.6265625 0.89765625 0.0359375 0.0765625
1 0.4984375 0.58828125 0.0328125 0.053125
1 0.5984375 0.88515625 0.04609375 0.0734375
1 0.275 0.784375 0.0390625 0.065625
1 0.6578125 0.58046875 0.03203125 0.04921875
1 0.01875 0.73125 0.03515625 0.0671875
1 0.375 0.74375 0.0390625 0.05859375
1 0.63828125 0.48125 0.0265625 0.04921875
1 0.35078125 0.625 0.03203125 0.05625
1 0.35703125 0.78203125 0.0421875 0.0640625
1 0.384375 0.50234375 0.05859375 0.24765625
1 0.84140625 0.7609375 0.03828125 0.065625
1 0.6265625 0.625 0.0328125 0.04765625
1 0.16875 0.7796875 0.0390625 0.0671875
1 0.73984375 0.48125 0.03046875 0.04609375
1 0.734375 0.7640625 0.0328125 0.04765625
1 0.14375 0.70390625 0.034375 0.0515625
1 0.82421875 0.490625 0.0296875 0.04921875
1 0.07734375 0.64453125 0.0359375 0.06015625
1 0.971875 0.95859375 0.0515625 0.075
1 0.7234375 0.65 0.028125 0.04921875
1 0.35234375 0.875 0.0390625 0.0640625
1 0.61875 0.72578125 0.0359375 0.0625
1 0.18046875 0.53828125 0.0328125 0.0515625
1 0.24375 0.953125 0.0453125 0.0640625
1 0.6546875 0.84453125 0.0421875 0.065625
1 0.4546875 0.6390625 0.034375 0.0546875
1 0.42109375 0.8890625 0.0484375 0.0734375
1 0.38125 0.625 0.03046875 0.053125
1 0.7 0.459375 0.028125 0.04375
1 0.3109375 0.62421875 0.034375 0.0515625
1 0.84921875 0.93203125 0.04765625 0.0765625
1 0.5796875 0.7265625 0.0359375 0.06015625
1 0.80859375 0.6828125 0.0375 0.0625
1 0.4578125 0.4515625 0.0296875 0.0453125
1 0.3078125 0.71015625 0.034375 0.05703125
1 0.54453125 0.684375 0.07109375 0.19375
1 0.4984375 0.50078125 0.99296875 0.990625
1 0.8296875 0.8578125 0.03828125 0.065625
1 0.0609375 0.5359375 0.03125 0.05859375
1 0.1921875 0.72734375 0.03984375 0.0640625
1 0.38046875 0.39921875 0.0265625 0.03984375
1 0.3140625 0.4015625 0.0296875 0.04609375
1 0.090625 0.57734375 0.0328125 0.05859375
1 0.6296875 0.55625 0.028125 0.0515625
1 0.8734375 0.684375 0.06953125 0.14453125
1 0.1453125 0.946875 0.08984375 0.10390625
1 0.49375 0.4640625 0.025 0.0421875
1 0.2375 0.49921875 0.0265625 0.03984375
1 0.80390625 0.5765625 0.03125 0.04375
1 0.26015625 0.375 0.0265625 0.0453125
1 0.3328125 0.4375 0.0265625 0.04921875
1 0.13359375 0.590625 0.03203125 0.05625
1 0.5625 0.39453125 0.021875 0.03515625
1 0.81328125 0.6234375 0.03203125 0.05078125
1 0.7125 0.37265625 0.0265625 0.0453125
1 0.17421875 0.39296875 0.02421875 0.0453125
1 0.14140625 0.93359375 0.046875 0.078125
1 0.42109375 0.47578125 0.03046875 0.04609375
1 0.5484375 0.534375 0.0328125 0.0515625
1 0.78515625 0.4375 0.025 0.04375
1 0.76640625 0.92734375 0.053125 0.07890625
1 0.20546875 0.528125 0.0265625 0.0453125
1 0.675 0.29453125 0.02265625 0.03984375
1 0.30625 0.57578125 0.0296875 0.0453125
1 0.95234375 0.80703125 0.078125 0.35234375
1 0.69609375 0.51875 0.028125 0.0453125
1 0.475 0.53515625 0.028125 0.04765625
1 0.86015625 0.5765625 0.03203125 0.0546875
1 0.1875 0.359375 0.02734375 0.04375
1 0.26875 0.71171875 0.034375 0.0515625
1 0.43828125 0.403125 0.025 0.040625
1 0.1703125 0.915625 0.04296875 0.084375
1 0.15625 0.64609375 0.0328125 0.0546875
1 0.634375 0.66875 0.0296875 0.04765625
1 0.246875 0.89921875 0.1 0.16953125
1 0.21328125 0.671875 0.0359375 0.04609375
1 0.6640625 0.375 0.0234375 0.03984375
1 0.61796875 0.5 0.028125 0.04609375
1 0.5046875 0.37890625 0.0265625 0.03984375
1 0.4828125 0.3453125 0.02265625 0.03828125
1 0.740625 0.30703125 0.0234375 0.03515625
1 0.1015625 0.434375 0.025 0.04375
1 0.72734375 0.6859375 0.059375 0.1203125
1 0.12421875 0.4046875 0.0296875 0.0421875
1 0.221875 0.7203125 0.0328125 0.0640625
1 0.08515625 0.85859375 0.04765625 0.0671875
1 0.2859375 0.3515625 0.0234375 0.03984375
1 0.21484375 0.60234375 0.0328125 0.04921875
1 0.48359375 0.3046875 0.021875 0.03515625
1 0.48125 0.90390625 0.0734375 0.184375
1 0.6890625 0.40859375 0.02265625 0.040625
1 0.75859375 0.86640625 0.11328125 0.25703125
1 0.55 0.584375 0.06875 0.153125
1 0.54296875 0.37578125 0.0234375 0.040625
1 0.940625 0.66171875 0.0375 0.06171875
1 0.3484375 0.3640625 0.025 0.03984375
1 0.52265625 0.46796875 0.0265625 0.0421875
1 0.01484375 0.57109375 0.0296875 0.0515625
1 0.63046875 0.78125 0.06953125 0.175
1 0.3578125 0.8640625 0.0984375 0.228125
1 0.3875 0.92578125 0.0453125 0.07265625
1 0.1046875 0.48515625 0.025 0.04609375
1 0.47734375 0.759375 0.04375 0.06015625
1 0.2984375 0.62109375 0.07890625 0.13515625
1 0.1453125 0.525 0.02734375 0.05078125
1 0.69921875 0.5734375 0.03125 0.0515625
1 0.45625 0.6765625 0.06328125 0.128125
1 0.1234375 0.509375 0.03046875 0.04921875
1 0.85546875 0.4390625 0.0296875 0.04765625
1 0.11796875 0.83828125 0.03828125 0.0640625
1 0.6484375 0.4203125 0.0234375 0.03984375
1 0.22578125 0.64765625 0.0328125 0.0515625
1 0.95546875 0.51875 0.03046875 0.0515625
1 0.6109375 0.43359375 0.0265625 0.03984375
1 0.57578125 0.315625 0.02265625 0.03828125
1 0.33515625 0.50703125 0.0625 0.18828125
1 0.60234375 0.4625 0.028125 0.0421875
1 0.5953125 0.6796875 0.0359375 0.05078125
1 0.73984375 0.60078125 0.06171875 0.28515625
1 0.34296875 0.67265625 0.065625 0.1515625
1 0.19453125 0.4234375 0.02421875 0.04375
1 0.08671875 0.72421875 0.06640625 0.21875
1 0.42265625 0.75 0.07109375 0.171875
1 0.56171875 0.43671875 0.05078125 0.11875
1 0.98515625 0.5484375 0.0265625 0.0453125
1 0.90390625 0.98515625 0.04375 0.02734375
1 0.5890625 0.37109375 0.0234375 0.03984375
1 0.45 0.95546875 0.03828125 0.07265625
1 0.2234375 0.3953125 0.0234375 0.0421875
1 0.06953125 0.33515625 0.021875 0.034375
1 0.40625 0.68984375 0.03515625 0.0546875
1 0.18359375 0.47578125 0.02734375 0.040625
1 0.42578125 0.55859375 0.053125 0.215625
1 0.540625 0.32265625 0.02265625 0.03828125
1 0.25234375 0.475 0.0265625 0.0421875
1 0.93515625 0.48984375 0.028125 0.05078125