0 0.68828125 0.16875 0.03046875 0.05078125
0 0.4328125 0.2734375 0.03046875 0.0546875
0 0.33984375 0.11015625 0.03125 0.0453125
0 0.721875 0.15546875 0.028125 0.0484375
0 0.23046875 0.1953125 0.025 0.0390625
0 0.17265625 0.06015625 0.021875 0.03359375
0 0.8578125 0.25078125 0.040625 0.0640625
0 0.34765625 0.31875 0.0390625 0.0609375
0 0.62421875 0.0875 0.0234375 0.0390625
0 0.478125 0.109375 0.03046875 0.046875
0 0.3578125 0.0484375 0.02734375 0.0375
0 0.1609375 0.3875 0.03984375 0.0484375
0 0.20859375 0.16640625 0.0265625 0.0390625
0 0.20234375 0.0484375 0.02421875 0.03671875
0 0.81328125 0.32890625 0.0484375 0.06875
0 0.278125 0.675 0.0640625 0.07421875
0 0.30078125 0.0375 0.02734375 0.0375
0 0.228125 0.584375 0.053125 0.078125
0 0.8875 0.08046875 0.02421875 0.03671875
0 0.2625 0.021875 0.0171875 0.02578125
0 0.396875 0.13125 0.03046875 0.04296875
0 0.9703125 0.11171875 0.0328125 0.04921875
0 0.228125 0.00625 0.0296875 0.01171875
0 0.72578125 0.6734375 0.07734375 0.11328125
0 0.8453125 0.08515625 0.0234375 0.0375
0 0.56015625 0.01796875 0.0265625 0.0359375
0 0.0890625 0.87890625 0.06328125 0.10390625
0 0.603125 0.0109375 0.025 0.021875
0 0.321875 0.0125 0.0203125 0.025
0 0.63203125 0.0140625 0.025 0.02734375
0 0.29375 0.00625 0.01875 0.0125
0 0.59453125 0.04453125 0.02421875 0.0390625
0 0.9859375 0.20390625 0.0265625 0.0796875