0 0.58046875 0.19375 0.02265625 0.0375
0 0.184375 0.2109375 0.02421875 0.0390625
0 0.08828125 0.303125 0.034375 0.05234375
0 0.43671875 0.25078125 0.0296875 0.04296875
0 0.0921875 0.2046875 0.0296875 0.0484375
0 0.66015625 0.21171875 0.025 0.04296875
0 0.67109375 0.0484375 0.01953125 0.0296875
0 0.615625 0.25390625 0.0203125 0.03671875
0 0.6578125 0.09296875 0.0171875 0.0296875
0 0.9046875 0.084375 0.021875 0.03125
0 0.0734375 0.40625 0.040625 0.0625
0 0.725 0.15703125 0.02265625 0.0328125
0 0.24140625 0.325 0.034375 0.05625
0 0.475 0.14921875 0.02265625 0.0375
0 0.0640625 0.01875 0.01640625 0.025
0 0.634375 0.0859375 0.01953125 0.03359375
0 0.8 0.1171875 0.02421875 0.03671875
0 0.1234375 0.1421875 0.02734375 0.0390625
0 0.6828125 0.16015625 0.02421875 0.04140625
0 0.75 0.034375 0.0171875 0.02734375
0 0.7796875 0.03046875 0.01953125 0.0296875
0 0.1765625 0.09921875 0.021875 0.03125
0 0.51640625 0.10078125 0.0203125 0.03515625
0 0.35 0.4640625 0.02421875 0.0375
0 0.6359375 0.0171875 0.0171875 0.02734375
0 0.403125 0.05390625 0.0171875 0.02734375
0 0.540625 0.0375 0.01640625 0.025
0 0.803125 0.07578125 0.01875 0.0234375
0 0.603125 0.18828125 0.0203125 0.0375
0 0.13671875 0.0671875 0.01953125 0.0296875
0 0.05546875 0.15703125 0.0265625 0.040625
0 0.8765625 0.009375 0.01875 0.01875
0 0.53203125 0.00859375 0.015625 0.0171875
0 0.35859375 0.00703125 0.0203125 0.0140625
0 0.90546875 0.03671875 0.0171875 0.02578125
0 0.7671875 0.08828125 0.0171875 0.0234375
0 0.2421875 0.0140625 0.015625 0.0234375
0 0.834375 0.009375 0.015625 0.01875
0 0.821875 0.04765625 0.01640625 0.025
0 0.8421875 0.0484375 0.01875 0.02734375
0 0.975 0.02578125 0.0203125 0.02578125
0 0.43671875 0.125 0.0171875 0.03671875
0 0.76484375 0.00625 0.0171875 0.0125
0 0.00703125 0.0171875 0.0140625 0.025
0 0.20703125 0.00625 0.015625 0.01171875
0 0.78203125 0.00625 0.01484375 0.01171875
0 0.28828125 0.00625 0.01484375 0.01171875
0 0.50859375 0.16796875 0.01484375 0.03125
0 0.12578125 0.03125 0.01640625 0.0234375
0 0.31015625 0.0796875 0.01640625 0.02734375
0 0.1328125 0.00625 0.015625 0.0125
0 0.721875 0.00625 0.01640625 0.01171875
0 0.2765625 0.03046875 0.01484375 0.01953125