0 0.5578125 0.71953125 0.01484375 0.025
0 0.13984375 0.4328125 0.0125 0.021875
0 0.665625 0.03203125 0.0140625 0.0234375
0 0.62890625 0.09453125 0.0140625 0.025
0 0.35859375 0.15546875 0.0125 0.0203125
0 0.04375 0.45703125 0.0140625 0.0234375
0 0.15703125 0.50703125 0.015625 0.025
0 0.30625 0.3078125 0.0125 0.021875
0 0.165625 0.43203125 0.0140625 0.0234375
0 0.6046875 0.428125 0.015625 0.025
0 0.6828125 0.42734375 0.015625 0.0265625
0 0.7640625 0.46328125 0.015625 0.025
0 0.503125 0.67265625 0.01640625 0.025
0 0.5296875 0.85703125 0.015625 0.025
0 0.815625 0.90703125 0.01640625 0.028125
0 0.1171875 0.64140625 0.0140625 0.0203125
0 0.321875 0.503125 0.01484375 0.021875
0 0.878125 0.5375 0.01484375 0.0265625
0 0.4046875 0.27578125 0.01484375 0.025
0 0.1546875 0.871875 0.01484375 0.028125
0 0.45390625 0.40625 0.015625 0.025
0 0.28203125 0.84765625 0.01640625 0.0265625
0 0.78359375 0.4984375 0.0125 0.025
0 0.81015625 0.87890625 0.01484375 0.025
0 0.7296875 0.3078125 0.015625 0.025
0 0.3953125 0.40625 0.0140625 0.025
0 0.315625 0.37265625 0.01484375 0.025
0 0.6546875 0.42109375 0.01484375 0.025
0 0.04609375 0.3328125 0.0125 0.025
0 0.8640625 0.90625 0.015625 0.0265625
0 0.478125 0.1515625 0.01484375 0.025
0 0.4578125 0.58359375 0.01484375 0.025
0 0.49140625 0.4703125 0.01484375 0.0265625
0 0.95546875 0.47109375 0.01484375 0.025
0 0.43984375 0.18828125 0.0125 0.025
0 0.865625 0.6484375 0.01484375 0.0265625
0 0.246875 0.42109375 0.0125 0.025
0 0.3046875 0.5734375 0.015625 0.025
0 0.42734375 0.403125 0.0125 0.021875
0 0.26484375 0.640625 0.01484375 0.025
0 0.04609375 0.4953125 0.0125 0.025
0 0.065625 0.9109375 0.01640625 0.02890625
0 0.228125 0.46796875 0.0140625 0.025
0 0.853125 0.3640625 0.01484375 0.025
0 0.8578125 0.29453125 0.015625 0.0265625
0 0.59765625 0.8828125 0.015625 0.0265625
0 0.0578125 0.20546875 0.01171875 0.021875
0 0.54140625 0.63125 0.01484375 0.0265625
0 0.9296875 0.403125 0.0140625 0.025
0 0.821875 0.4109375 0.01484375 0.025
0 0.9046875 0.2375 0.01484375 0.0234375
0 0.4828125 0.5921875 0.015625 0.025
0 0.8046875 0.66640625 0.015625 0.02890625
0 0.57109375 0.63046875 0.0140625 0.025
0 0.11953125 0.21171875 0.01484375 0.021875
0 0.546875 0.1828125 0.0140625 0.0234375
0 0.2671875 0.01328125 0.0140625 0.0203125
0 0.27109375 0.16875 0.0125 0.021875
0 0.06328125 0.59453125 0.01484375 0.0234375
0 0.4171875 0.50234375 0.015625 0.0234375
0 0.37109375 0.1296875 0.0140625 0.021875
0 0.1265625 0.74453125 0.01640625 0.025
0 0.434375 0.06953125 0.0140625 0.021875
0 0.70234375 0.18671875 0.0125 0.025
0 0.2953125 0.46796875 0.01484375 0.025
0 0.08359375 0.30546875 0.0125 0.021875
0 0.0890625 0.57421875 0.0140625 0.0203125
0 0.2328125 0.63828125 0.01484375 0.0234375
0 0.89765625 0.7390625 0.01484375 0.0265625
0 0.35390625 0.49921875 0.01484375 0.0234375
0 0.8875 0.4640625 0.0140625 0.0265625
0 0.6328125 0.86171875 0.015625 0.025
0 0.440625 0.63828125 0.01484375 0.0234375
0 0.32890625 0.3078125 0.0140625 0.0234375
0 0.25625 0.609375 0.01640625 0.0234375
0 0.37890625 0.640625 0.015625 0.025
0 0.465625 0.3328125 0.0125 0.025
0 0.484375 0.25078125 0.0140625 0.021875
0 0.28984375 0.665625 0.01484375 0.025
0 0.83046875 0.6046875 0.01484375 0.0265625
0 0.7296875 0.58125 0.015625 0.0265625
0 0.74765625 0.3578125 0.01484375 0.025
0 0.115625 0.88203125 0.01484375 0.028125
0 0.75703125 0.21875 0.0140625 0.021875
0 0.21953125 0.86171875 0.015625 0.025
0 0.234375 0.68046875 0.015625 0.028125
0 0.26796875 0.81796875 0.01484375 0.025
0 0.384375 0.215625 0.0125 0.021875
0 0.8890625 0.86796875 0.01484375 0.02890625
0 0.14296875 0.08125 0.0125 0.01875
0 0.384375 0.15859375 0.01171875 0.021875
0 0.8578125 0.5640625 0.01484375 0.0265625
0 0.334375 0.43828125 0.0125 0.025
0 0.4046875 0.4703125 0.01484375 0.0234375
0 0.31953125 0.034375 0.0140625 0.021875
0 0.915625 0.90234375 0.01640625 0.028125
0 0.52265625 0.7125 0.01484375 0.025
0 0.3703125 0.87578125 0.01640625 0.0265625
0 0.60859375 0.53828125 0.01484375 0.025
0 0.41015625 0.21875 0.0140625 0.021875
0 0.12890625 0.4640625 0.0140625 0.0234375
0 0.5421875 0.1515625 0.015625 0.021875
0 0.3046875 0.87109375 0.015625 0.0265625
0 0.053125 0.26875 0.0125 0.025
0 0.57734375 0.52109375 0.015625 0.0234375
0 0.7625 0.87109375 0.01640625 0.0265625
0 0.353125 0.38203125 0.0140625 0.0203125
0 0.32734375 0.1515625 0.0140625 0.021875
0 0.4671875 0.18828125 0.0125 0.021875
0 0.85078125 0.68046875 0.01484375 0.028125
0 0.68125 0.340625 0.0125 0.021875
0 0.434375 0.27578125 0.0125 0.021875
0 0.1421875 0.3671875 0.0140625 0.0234375
0 0.81796875 0.559375 0.01484375 0.02890625
0 0.8875 0.36484375 0.01484375 0.0265625
0 0.259375 0.4703125 0.0140625 0.0234375
0 0.809375 0.7375 0.01484375 0.025
0 0.6046875 0.921875 0.015625 0.028125
0 0.51484375 0.39921875 0.015625 0.025
0 0.23046875 0.57734375 0.0140625 0.021875
0 0.80234375 0.43203125 0.01484375 0.0234375
0 0.4125 0.09453125 0.0125 0.025
0 0.3921875 0.3140625 0.0140625 0.021875
0 0.60390625 0.46015625 0.01484375 0.025
0 0.10625 0.265625 0.0125 0.021875
0 0.79375 0.2046875 0.01484375 0.0203125
0 0.2390625 0.27890625 0.0140625 0.021875
0 0.84296875 0.190625 0.0125 0.0203125
0 0.09453125 0.846875 0.015625 0.025
0 0.846875 0.878125 0.01484375 0.025
0 0.6046875 0.32578125 0.01484375 0.025
0 0.665625 0.72578125 0.01484375 0.025
0 0.46328125 0.46796875 0.01484375 0.025
0 0.76640625 0.5703125 0.01484375 0.028125
0 0.6421875 0.60234375 0.01484375 0.025
0 0.9578125 0.9109375 0.0171875 0.02890625
0 0.63984375 0.03125 0.01484375 0.025
0 0.20234375 0.56640625 0.0140625 0.0234375
0 0.70859375 0.43515625 0.01484375 0.0234375
0 0.03203125 0.403125 0.0140625 0.021875
0 0.4609375 0.215625 0.0140625 0.021875
0 0.62578125 0.4359375 0.01484375 0.0234375
0 0.38125 0.27578125 0.01484375 0.025
0 0.553125 0.0953125 0.0125 0.0234375
0 0.02421875 0.9078125 0.01640625 0.02890625
0 0.428125 0.85 0.01484375 0.025
0 0.27109375 0.74375 0.01640625 0.02890625
0 0.64296875 0.4953125 0.01640625 0.025
0 0.296875 0.15546875 0.0140625 0.0203125
0 0.5515625 0.65625 0.015625 0.0265625
0 0.60859375 0.5984375 0.01484375 0.025
0 0.27578125 0.43203125 0.01484375 0.0234375
0 0.01796875 0.13125 0.0125 0.01875
0 0.96640625 0.5875 0.01640625 0.02890625
0 0.284375 0.33671875 0.01484375 0.0265625
0 0.1515625 0.19453125 0.0140625 0.0171875
0 0.1421875 0.66640625 0.01484375 0.0265625
0 0.7109375 0.665625 0.015625 0.025
0 0.61484375 0.2078125 0.01484375 0.0265625
0 0.85859375 0.0453125 0.0140625 0.0234375
0 0.6234375 0.978125 0.01875 0.03203125
0 0.3078125 0.1828125 0.01171875 0.0203125
0 0.10234375 0.46640625 0.0140625 0.021875
0 0.1078125 0.68828125 0.01484375 0.0234375
0 0.16484375 0.6265625 0.01484375 0.0265625
0 0.321875 0.3328125 0.0140625 0.025
0 0.5921875 0.61015625 0.0140625 0.025
0 0.32734375 0.06640625 0.0125 0.021875
0 0.04609375 0.634375 0.01484375 0.025
0 0.103125 0.403125 0.0140625 0.021875
0 0.18515625 0.60234375 0.01484375 0.025
0 0.5296875 0.0640625 0.0140625 0.025
0 0.50078125 0.56328125 0.015625 0.028125
0 0.2671875 0.27578125 0.0140625 0.025
0 0.5890625 0.70859375 0.01640625 0.02890625
0 0.58671875 0.5671875 0.01484375 0.025
0 0.64296875 0.5734375 0.01484375 0.025
0 0.56640625 0.84296875 0.015625 0.025
0 0.19609375 0.29375 0.01171875 0.021875
0 0.6375 0.3671875 0.0140625 0.0234375
0 0.19375 0.63671875 0.01484375 0.0234375
0 0.6453125 0.1203125 0.0140625 0.0234375
0 0.03828125 0.84296875 0.0171875 0.03046875
0 0.60390625 0.634375 0.01484375 0.025
0 0.03984375 0.56640625 0.01484375 0.0234375
0 0.465625 0.0671875 0.0140625 0.0203125
0 0.86484375 0.72578125 0.01640625 0.028125
0 0.821875 0.68828125 0.01640625 0.02890625
0 0.30234375 0.43828125 0.01484375 0.025
0 0.459375 0.25078125 0.0125 0.021875
0 0.4296875 0.36875 0.0140625 0.0234375
0 0.8640625 0.14453125 0.0140625 0.025
0 0.60546875 0.2484375 0.0140625 0.025
0 0.6140625 0.71953125 0.01484375 0.025
0 0.934375 0.8859375 0.01484375 0.02890625
0 0.9234375 0.47109375 0.01484375 0.025
0 0.2765625 0.87890625 0.01640625 0.028125
0 0.665625 0.5953125 0.0140625 0.025
0 0.684375 0.034375 0.0125 0.025
0 0.7109375 0.3078125 0.0140625 0.0234375
0 0.88125 0.23671875 0.01484375 0.025
0 0.2421875 0.83203125 0.015625 0.025
0 0.365625 0.40625 0.0125 0.025
0 0.7328125 0.45 0.015625 0.025
0 0.32265625 0.63125 0.01484375 0.0265625
0 0.44296875 0.9171875 0.01484375 0.025
0 0.9265625 0.18671875 0.0140625 0.025
0 0.8078125 0.14453125 0.01484375 0.025
0 0.35859375 0.31015625 0.0125 0.0234375
0 0.78203125 0.8609375 0.01484375 0.0234375
0 0.1328125 0.27265625 0.0140625 0.0234375
0 0.371875 0.46328125 0.01484375 0.025
0 0.590625 0.07421875 0.0140625 0.021875
0 0.7796875 0.36796875 0.015625 0.028125
0 0.11875 0.3359375 0.0125 0.025
0 0.3328125 0.1203125 0.01171875 0.0203125
0 0.9453125 0.69453125 0.015625 0.025
0 0.61171875 0.39609375 0.01484375 0.025
0 0.015625 0.3359375 0.0140625 0.025
0 0.74375 0.540625 0.01484375 0.025
0 0.14453125 0.7078125 0.015625 0.025
0 0.38984375 0.56953125 0.015625 0.0265625
0 0.46953125 0.428125 0.015625 0.025
0 0.509375 0.11328125 0.0125 0.021875
0 0.03203125 0.53515625 0.01484375 0.025
0 0.29375 0.24296875 0.0140625 0.0234375
0 0.6546875 0.30078125 0.0140625 0.025
0 0.171875 0.58046875 0.0140625 0.025
0 0.50078125 0.81796875 0.015625 0.025
0 0.103125 0.9140625 0.015625 0.028125
0 0.92265625 0.72265625 0.015625 0.028125
0 0.7390625 0.659375 0.015625 0.025
0 0.7796875 0.18359375 0.01484375 0.025
0 0.06484375 0.18046875 0.0125 0.021875
0 0.475 0.88515625 0.01484375 0.025
0 0.32109375 0.9328125 0.01953125 0.03203125
0 0.9734375 0.846875 0.01640625 0.028125
0 0.25703125 0.87890625 0.015625 0.028125
0 0.93984375 0.26953125 0.0125 0.0234375
0 0.55 0.425 0.0140625 0.025
0 0.2421875 0.74453125 0.015625 0.025
0 0.35234375 0.59921875 0.01484375 0.0265625
0 0.21484375 0.340625 0.0140625 0.021875
0 0.61484375 0.875 0.01640625 0.025
0 0.36640625 0.03203125 0.0140625 0.0203125
0 0.18046875 0.27265625 0.01484375 0.0203125
0 0.0890625 0.24375 0.0140625 0.021875
0 0.84296875 0.925 0.01484375 0.03203125
0 0.684375 0.365625 0.0125 0.021875
0 0.321875 0.26875 0.01484375 0.025
0 0.43828125 0.734375 0.01484375 0.028125
0 0.85625 0.49921875 0.01484375 0.0234375
0 0.5234375 0.64765625 0.015625 0.025
0 0.5546875 0.0703125 0.0140625 0.0203125
0 0.58671875 0.20390625 0.01484375 0.025
0 0.31484375 0.60234375 0.01484375 0.025
0 0.30703125 0.7546875 0.01640625 0.028125
0 0.94375 0.21875 0.0125 0.021875
0 0.6828125 0.67734375 0.0140625 0.025
0 0.353125 0.21875 0.0125 0.021875
0 0.78515625 0.88671875 0.015625 0.025
0 0.203125 0.0921875 0.0140625 0.0203125
0 0.26640625 0.66953125 0.015625 0.025
0 0.79921875 0.5203125 0.01484375 0.025
0 0.73125 0.25078125 0.0140625 0.021875
0 0.3796875 0.4390625 0.01484375 0.0203125
0 0.34765625 0.240625 0.0140625 0.021875
0 0.06640625 0.81875 0.0171875 0.02890625
0 0.446875 0.1234375 0.0125 0.021875
0 0.9203125 0.85390625 0.01484375 0.0203125
0 0.6 0.18359375 0.01484375 0.025
0 0.53046875 0.80390625 0.01484375 0.0234375
0 0.259375 0.30546875 0.0140625 0.025
0 0.3859375 0.72265625 0.015625 0.025
0 0.35234375 0.1046875 0.0140625 0.021875
0 0.58359375 0.85078125 0.01640625 0.0265625
0 0.7140625 0.0375 0.01484375 0.025
0 0.11328125 0.4328125 0.015625 0.025
0 0.7921875 0.0171875 0.015625 0.025
0 0.946875 0.41875 0.0140625 0.0265625
0 0.17109375 0.3015625 0.01484375 0.0234375
0 0.259375 0.0921875 0.0125 0.0203125
0 0.7453125 0.1453125 0.01484375 0.025
0 0.95 0.8640625 0.01484375 0.0265625
0 0.8765625 0.6765625 0.01484375 0.0265625
0 0.69453125 0.53515625 0.01484375 0.025
0 0.7765625 0.21875 0.0140625 0.025
0 0.22265625 0.6015625 0.015625 0.0234375
0 0.4234375 0.7046875 0.01484375 0.025
0 0.43125 0.953125 0.0171875 0.03203125
0 0.4671875 0.9875 0.01953125 0.021875
0 0.9140625 0.1125 0.015625 0.0234375
0 0.3390625 0.871875 0.0171875 0.028125
0 0.371875 0.23984375 0.0140625 0.0203125
0 0.3890625 0.10546875 0.0140625 0.0203125
0 0.1828125 0.20234375 0.01484375 0.0203125
0 0.17109375 0.10859375 0.0125 0.0203125
0 0.4890625 0.8546875 0.01484375 0.025
0 0.5921875 0.371875 0.0140625 0.0234375
0 0.34453125 0.47421875 0.0140625 0.0234375