1 0.0625 0.4328125 0.06796875 0.09453125
1 0.34765625 0.590625 0.07734375 0.1765625
1 0.73984375 0.76328125 0.034375 0.05625
1 0.80703125 0.6734375 0.0328125 0.0671875
1 0.096875 0.6671875 0.184375 0.5625
1 0.66640625 0.66796875 0.0296875 0.0515625
1 0.3515625 0.5234375 0.028125 0.04296875
1 0.89765625 0.80625 0.040625 0.06484375
1 0.56640625 0.59296875 0.028125 0.04765625
1 0.60390625 0.42578125 0.028125 0.0453125
1 0.553125 0.45078125 0.0296875 0.04296875
1 0.80546875 0.76796875 0.08359375 0.25625
1 0.60625 0.51484375 0.06484375 0.22421875
1 0.85546875 0.809375 0.0390625 0.0625
1 0.92734375 0.53671875 0.03125 0.04765625
1 0.575 0.62578125 0.07109375 0.1140625
1 0.91640625 0.4546875 0.028125 0.04765625
1 0.5 0.5046875 0.990625 0.91796875
1 0.7765625 0.6078125 0.05859375 0.271875
1 0.6671875 0.71875 0.07890625 0.153125
1 0.73203125 0.8015625 0.08828125 0.1421875
1 0.51953125 0.61015625 0.0265625 0.04296875
1 0.78203125 0.49375 0.028125 0.04296875
1 0.1625 0.45703125 0.028125 0.04296875
1 0.88359375 0.2859375 0.025 0.040625
1 0.61015625 0.64453125 0.028125 0.04765625
1 0.4109375 0.565625 0.0265625 0.0453125
1 0.24453125 0.4578125 0.028125 0.040625
1 0.8515625 0.446875 0.025 0.0453125
1 0.70078125 0.4546875 0.0265625 0.04296875
1 0.4359375 0.471875 0.0234375 0.04296875
1 0.3390625 0.315625 0.021875 0.03671875
1 0.65546875 0.403125 0.0296875 0.0390625
1 0.921875 0.65390625 0.08984375 0.28203125
1 0.8375 0.49375 0.034375 0.0515625
1 0.2875 0.56171875 0.0296875 0.04921875
1 0.55 0.50078125 0.05859375 0.1484375
1 0.97578125 0.54765625 0.0328125 0.05625
1 0.72578125 0.353125 0.025 0.0390625
1 0.790625 0.4484375 0.0265625 0.04296875
1 0.4640625 0.503125 0.025 0.040625
1 0.30546875 0.49765625 0.0234375 0.0390625
1 0.28828125 0.465625 0.025 0.0390625
1 0.4875 0.45078125 0.021875 0.0390625
1 0.38828125 0.47734375 0.021875 0.040625
1 0.95625 0.428125 0.0265625 0.040625
1 0.74765625 0.47734375 0.025 0.0453125
1 0.67421875 0.45078125 0.0296875 0.04765625
1 0.64921875 0.45703125 0.0234375 0.04296875
1 0.846875 0.62265625 0.07578125 0.31015625
1 0.4390625 0.4375 0.0234375 0.034375
1 0.46015625 0.62421875 0.0265625 0.0453125
1 0.41328125 0.6046875 0.06015625 0.12265625
1 0.40703125 0.44921875 0.021875 0.03671875
1 0.74765625 0.43125 0.028125 0.04765625
1 0.6953125 0.4734375 0.06015625 0.08828125
1 0.35703125 0.4515625 0.0234375 0.03671875
1 0.88828125 0.41796875 0.028125 0.0515625
1 0.33984375 0.3359375 0.04296875 0.07734375
1 0.4328125 0.39453125 0.0234375 0.034375
1 0.340625 0.48828125 0.025 0.03671875
1 0.9 0.8640625 0.09296875 0.18125
1 0.81328125 0.35703125 0.0234375 0.040625
1 0.7515625 0.3859375 0.0234375 0.034375
1 0.67578125 0.6203125 0.0296875 0.0390625
1 0.87890625 0.465625 0.025 0.0390625
1 0.85625 0.38984375 0.025 0.0390625
1 0.80625 0.29296875 0.021875 0.034375
1 0.51796875 0.49375 0.0234375 0.0390625
1 0.259375 0.50859375 0.06484375 0.1421875
1 0.2625 0.37734375 0.0203125 0.03046875
1 0.76953125 0.32421875 0.021875 0.03671875
1 0.85 0.85703125 0.06015625 0.16171875
1 0.6734375 0.35234375 0.025 0.03671875
1 0.8921875 0.75546875 0.0359375 0.05390625
1 0.55390625 0.69296875 0.05390625 0.08828125
1 0.95390625 0.89296875 0.0375 0.0671875
1 0.88046875 0.3546875 0.021875 0.03671875
1 0.5140625 0.63828125 0.05390625 0.09921875
1 0.52265625 0.43515625 0.0234375 0.034375
1 0.334375 0.25078125 0.01875 0.03203125
1 0.9796875 0.48203125 0.03125 0.0453125
1 0.9640625 0.67265625 0.06640625 0.32734375
1 0.475 0.378125 0.01875 0.03203125
1 0.83515625 0.42421875 0.0234375 0.03046875
1 0.10859375 0.42109375 0.025 0.040625
1 0.34140625 0.396875 0.0203125 0.034375
1 0.59765625 0.66484375 0.03125 0.04921875
1 0.228125 0.45078125 0.0234375 0.0390625
1 0.31171875 0.44921875 0.0234375 0.03671875
1 0.925 0.303125 0.0234375 0.03671875
1 0.3875 0.3703125 0.0203125 0.03046875
1 0.50078125 0.5890625 0.0234375 0.0453125
1 0.6125 0.690625 0.06484375 0.1359375
1 0.49921875 0.3890625 0.0203125 0.03203125
1 0.90546875 0.36015625 0.021875 0.034375
1 0.190625 0.31484375 0.021875 0.034375
1 0.8671875 0.3203125 0.021875 0.03671875
1 0.05859375 0.37421875 0.025 0.03671875
1 0.06484375 0.415625 0.05703125 0.05625
1 0.60546875 0.3125 0.025 0.034375
1 0.2609375 0.4203125 0.0265625 0.0390625
1 0.2203125 0.334375 0.0234375 0.034375
1 0.45078125 0.56171875 0.025 0.040625
1 0.915625 0.503125 0.06171875 0.14453125
1 0.2828125 0.60859375 0.06171875 0.14453125
1 0.54765625 0.66953125 0.021875 0.040625
1 0.53671875 0.3515625 0.0203125 0.034375
1 0.20234375 0.4859375 0.06171875 0.14453125
1 0.46484375 0.534375 0.05859375 0.103125
1 0.01015625 0.25234375 0.0203125 0.0390625
1 0.4890625 0.47109375 0.04765625 0.084375
1 0.14375 0.25 0.01875 0.03046875
1 0.01015625 0.44375 0.0203125 0.04765625
1 0.30859375 0.28984375 0.0203125 0.03203125
1 0.6953125 0.5375 0.06640625 0.21796875
1 0.4328125 0.49375 0.04921875 0.0859375
1 0.91640625 0.46875 0.05703125 0.07578125
1 0.01875 0.5421875 0.021875 0.04921875
1 0.46328125 0.6390625 0.05546875 0.07578125
1 0.08359375 0.4484375 0.025 0.04296875
1 0.13203125 0.38671875 0.0265625 0.03671875
1 0.97421875 0.52265625 0.0390625 0.04921875
1 0.1875 0.4296875 0.01875 0.03671875