0 0.40390625 0.41875 0.0265625 0.04296875
0 0.43125 0.52265625 0.02734375 0.04296875
0 0.4671875 0.5484375 0.028125 0.0484375
0 0.2890625 0.31796875 0.021875 0.03125
0 0.55546875 0.21015625 0.01484375 0.021875
0 0.53515625 0.2984375 0.0171875 0.0296875
0 0.79921875 0.5015625 0.034375 0.05234375
0 0.5125 0.28203125 0.01640625 0.0296875
0 0.7125 0.29375 0.0171875 0.0296875
0 0.609375 0.3734375 0.021875 0.03671875
0 0.60390625 0.23125 0.01484375 0.025
0 0.59375 0.26796875 0.0171875 0.02578125
0 0.17265625 0.33203125 0.021875 0.03125
0 0.47578125 0.40546875 0.028125 0.04296875
0 0.315625 0.20390625 0.01640625 0.02734375
0 0.540625 0.2671875 0.0171875 0.02734375
0 0.4921875 0.32578125 0.0234375 0.03359375
0 0.0296875 0.44921875 0.034375 0.04921875
0 0.5859375 0.3375 0.01953125 0.03515625
0 0.6828125 0.3953125 0.02265625 0.03515625
0 0.56640625 0.16328125 0.0140625 0.021875
0 0.45625 0.23671875 0.0171875 0.03125
0 0.4984375 0.24375 0.01875 0.02578125
0 0.3203125 0.2375 0.0171875 0.02734375
0 0.23984375 0.26171875 0.0203125 0.03125
0 0.4359375 0.2484375 0.01875 0.0296875
0 0.603125 0.18046875 0.0140625 0.01953125
0 0.64765625 0.2171875 0.01484375 0.021875
0 0.0578125 0.20703125 0.015625 0.02109375
0 0.2625 0.225 0.01953125 0.0296875
0 0.63125 0.23828125 0.01640625 0.02578125
0 0.2828125 0.3734375 0.02734375 0.04140625
0 0.76484375 0.28203125 0.01875 0.0296875
0 0.38203125 0.4 0.021875 0.03671875
0 0.53515625 0.190625 0.0140625 0.021875
0 0.234375 0.37421875 0.021875 0.0296875
0 0.8984375 0.5375 0.0546875 0.0640625
0 0.2953125 0.20546875 0.01484375 0.02578125
0 0.684375 0.225 0.01484375 0.025
0 0.3375 0.30390625 0.0203125 0.0328125
0 0.94765625 0.38828125 0.034375 0.046875
0 0.1859375 0.43671875 0.03046875 0.04296875
0 0.73125 0.23515625 0.0171875 0.025
0 0.3578125 0.2109375 0.01484375 0.0234375
0 0.11640625 0.1875 0.0140625 0.02109375
0 0.4984375 0.20703125 0.01484375 0.02109375
0 0.4609375 0.18828125 0.015625 0.025
0 0.396875 0.28203125 0.01953125 0.02734375
0 0.3640625 0.2671875 0.0171875 0.02734375
0 0.72734375 0.35625 0.025 0.0375
0 0.93671875 0.3421875 0.0234375 0.02734375
0 0.5734375 0.2265625 0.015625 0.0234375
0 0.4359375 0.29296875 0.01953125 0.03125
0 0.75234375 0.21640625 0.01484375 0.0234375
0 0.0046875 0.225 0.009375 0.025
0 0.20703125 0.3734375 0.0234375 0.03671875
0 0.775 0.3109375 0.0203125 0.03671875
0 0.14609375 0.2859375 0.0203125 0.0296875
0 0.6375 0.32421875 0.0203125 0.03125
0 0.396875 0.2484375 0.01875 0.0234375
0 0.3453125 0.40390625 0.02734375 0.04140625
0 0.34140625 0.2109375 0.01484375 0.0234375
0 0.70234375 0.14296875 0.0109375 0.01796875
0 0.09453125 0.1921875 0.01484375 0.021875
0 0.66875 0.2359375 0.0171875 0.02578125
0 0.69375 0.16328125 0.0125 0.01953125
0 0.65390625 0.1296875 0.0109375 0.0171875
0 0.65703125 0.1546875 0.01171875 0.01796875
0 0.7421875 0.4890625 0.0390625 0.05625
0 0.09765625 0.21328125 0.0171875 0.02109375
0 0.640625 0.14921875 0.01171875 0.0171875
0 0.58203125 0.1625 0.0140625 0.02109375
0 0.628125 0.21328125 0.01484375 0.01796875
0 0.6703125 0.11015625 0.009375 0.0140625
0 0.0203125 0.25703125 0.0171875 0.025
0 0.6171875 0.1234375 0.01171875 0.0171875
0 0.33515625 0.1875 0.01484375 0.0234375
0 0.896875 0.19921875 0.0125 0.01796875
0 0.678125 0.16796875 0.01171875 0.01796875
0 0.34453125 0.24765625 0.0140625 0.02109375
0 0.45859375 0.315625 0.02265625 0.03515625
0 0.8734375 0.19296875 0.0140625 0.0234375
0 0.621875 0.14375 0.0125 0.01953125
0 0.2171875 0.271875 0.01953125 0.02890625
0 0.68046875 0.13125 0.0109375 0.01796875
0 0.696875 0.27890625 0.015625 0.02578125
0 0.078125 0.29140625 0.0171875 0.02578125
0 0.69375 0.09765625 0.0109375 0.015625
0 0.98359375 0.38125 0.028125 0.0546875
0 0.728125 0.13046875 0.0109375 0.01796875
0 0.915625 0.39921875 0.0234375 0.0296875
0 0.13203125 0.3515625 0.025 0.03125
0 0.06015625 0.2796875 0.01640625 0.0234375
0 0.54375 0.16328125 0.0125 0.021875
0 0.7046875 0.10703125 0.009375 0.015625
0 0.9109375 0.36875 0.021875 0.03125
0 0.2890625 0.1546875 0.0140625 0.0234375
0 0.0046875 0.38671875 0.00859375 0.03125
0 0.68046875 0.19453125 0.0125 0.01953125
0 0.24296875 0.3109375 0.02421875 0.02890625
0 0.759375 0.19375 0.0140625 0.02109375
0 0.35078125 0.19375 0.0140625 0.01953125
0 0.62890625 0.12265625 0.01171875 0.015625
0 0.721875 0.146875 0.0109375 0.015625
0 0.3515625 0.1640625 0.015625 0.0234375
0 0.44140625 0.5953125 0.03125 0.04140625
0 0.7171875 0.1046875 0.009375 0.0140625
0 0.059375 0.24296875 0.01875 0.01953125
0 0.01640625 0.29765625 0.015625 0.025
0 0.07890625 0.26640625 0.015625 0.01953125
0 0.53515625 0.23125 0.0171875 0.025
0 0.7296875 0.08046875 0.0109375 0.01328125
0 0.628125 0.19375 0.0140625 0.01953125
0 0.096875 0.2796875 0.01640625 0.01953125
0 0.70859375 0.19375 0.0125 0.01953125
0 0.7171875 0.08046875 0.00859375 0.01328125
0 0.665625 0.13125 0.0109375 0.01796875
0 0.0375 0.2734375 0.01640625 0.0234375
0 0.71953125 0.1671875 0.0109375 0.0140625
0 0.94140625 0.2015625 0.01171875 0.0171875
0 0.6796875 0.11328125 0.009375 0.015625
0 0.9578125 0.19296875 0.01171875 0.01796875
0 0.3234375 0.1703125 0.015625 0.021875