0 0.83671875 0.51953125 0.03984375 0.06015625
0 0.38203125 0.6125 0.06875 0.0953125
0 0.38046875 0.5140625 0.03203125 0.053125
0 0.9234375 0.65546875 0.0546875 0.08203125
0 0.9859375 0.565625 0.0265625 0.05859375
0 0.5640625 0.50625 0.0296875 0.0375
0 0.69375 0.4515625 0.01953125 0.0296875
0 0.384375 0.4171875 0.01484375 0.01953125
0 0.7453125 0.52421875 0.0359375 0.05625
0 0.4890625 0.4984375 0.03125 0.0453125
0 0.41875 0.4125 0.01484375 0.025
0 0.1 0.3796875 0.02265625 0.0328125
0 0.7171875 0.4546875 0.0234375 0.0296875
0 0.64296875 0.4859375 0.02421875 0.04296875
0 0.34765625 0.5203125 0.0328125 0.05078125
0 0.8640625 0.84375 0.1015625 0.1640625
0 0.78515625 0.44375 0.021875 0.0296875
0 0.575 0.58125 0.053125 0.0765625
0 0.503125 0.628125 0.0671875 0.1
0 0.66875 0.43203125 0.01640625 0.0234375
0 0.30703125 0.546875 0.0515625 0.078125
0 0.446875 0.53046875 0.0390625 0.05625
0 0.25078125 0.484375 0.02734375 0.04140625
0 0.60859375 0.51015625 0.034375 0.04453125
0 0.29609375 0.4609375 0.0234375 0.03671875
0 0.5203125 0.44375 0.021875 0.0296875
0 0.29609375 0.4171875 0.01484375 0.01953125
0 0.67109375 0.48125 0.02265625 0.0375
0 0.93828125 0.525 0.03203125 0.04921875
0 0.37890625 0.4578125 0.025 0.02734375
0 0.428125 0.8546875 0.10546875 0.16796875
0 0.2171875 0.38203125 0.0140625 0.0171875
0 0.6375 0.44375 0.01875 0.02578125
0 0.084375 0.46640625 0.0375 0.04453125
0 0.503125 0.40390625 0.01640625 0.0234375
0 0.35625 0.478125 0.01953125 0.0296875
0 0.1953125 0.3890625 0.015625 0.02109375
0 0.57890625 0.42421875 0.01484375 0.0234375
0 0.77421875 0.5015625 0.0265625 0.04140625
0 0.33046875 0.40625 0.01484375 0.02109375
0 0.925 0.46875 0.0359375 0.04453125
0 0.32734375 0.4375 0.01875 0.0234375
0 0.4359375 0.44140625 0.0171875 0.0234375
0 0.1765625 0.44453125 0.03125 0.0484375
0 0.48125 0.38125 0.0109375 0.01328125
0 0.26328125 0.44375 0.0203125 0.02578125
0 0.7359375 0.47421875 0.0296875 0.02578125
0 0.8 0.51640625 0.0265625 0.04296875
0 0.440625 0.4046875 0.0109375 0.01796875
0 0.16640625 0.38203125 0.01484375 0.0171875
0 0.87421875 0.490625 0.0296875 0.0390625
0 0.4578125 0.425 0.0171875 0.025
0 0.35625 0.40703125 0.0140625 0.01953125
0 0.3296875 0.48203125 0.0296875 0.02578125
0 0.42109375 0.39140625 0.01171875 0.0140625
0 0.59609375 0.4046875 0.0125 0.01796875
0 0.3703125 0.3765625 0.009375 0.015625
0 0.60078125 0.42890625 0.01484375 0.021875
0 0.6859375 0.53046875 0.03125 0.05078125
0 0.55546875 0.4015625 0.01484375 0.021875
0 0.34453125 0.39453125 0.01171875 0.01796875
0 0.37109375 0.4046875 0.0140625 0.0140625
0 0.4609375 0.3859375 0.009375 0.0140625
0 0.38984375 0.3796875 0.0109375 0.0140625
0 0.659375 0.4015625 0.01484375 0.01953125
0 0.4046875 0.37578125 0.0109375 0.0140625
0 0.4953125 0.36875 0.0109375 0.01328125
0 0.4046875 0.39375 0.0140625 0.01953125
0 0.28203125 0.38125 0.01171875 0.01953125
0 0.265625 0.3921875 0.01171875 0.015625
0 0.84765625 0.471875 0.01953125 0.025
0 0.43125 0.36875 0.00703125 0.01328125
0 0.51796875 0.4015625 0.01484375 0.01953125
0 0.55625 0.38203125 0.0109375 0.0140625
0 0.5296875 0.38203125 0.0109375 0.0140625
0 0.61796875 0.39375 0.0109375 0.0140625
0 0.48125 0.4171875 0.01484375 0.01953125
0 0.44453125 0.3796875 0.0078125 0.01171875
0 0.3421875 0.37890625 0.009375 0.01328125
0 0.33046875 0.3796875 0.0109375 0.0140625
0 0.2453125 0.42890625 0.0171875 0.025
0 0.25390625 0.378125 0.01171875 0.0171875
0 0.3546875 0.3796875 0.0109375 0.0140625
0 0.26953125 0.3703125 0.009375 0.0140625
0 0.70390625 0.4921875 0.03046875 0.04140625
0 0.6078125 0.47265625 0.02734375 0.02578125
0 0.30234375 0.378125 0.0125 0.0171875
0 0.87265625 0.46015625 0.01640625 0.01953125
0 0.40546875 0.35546875 0.00703125 0.0078125
0 0.46953125 0.36875 0.0078125 0.01171875
0 0.52109375 0.4203125 0.01640625 0.0171875
0 0.41875 0.36796875 0.00703125 0.01171875
0 0.540625 0.39140625 0.01171875 0.0171875
0 0.240625 0.38828125 0.01171875 0.015625
0 0.3671875 0.34375 0.0078125 0.01015625
0 0.39296875 0.35546875 0.00703125 0.0078125
0 0.36484375 0.4265625 0.01640625 0.025
0 0.4546875 0.36953125 0.0078125 0.01015625
0 0.1796875 0.396875 0.0171875 0.0234375
0 0.5125 0.3859375 0.0109375 0.0140625