0 0.075 0.08671875 0.0296875 0.04296875
0 0.7375 0.05390625 0.0375 0.05859375
0 0.796875 0.71171875 0.0953125 0.13125
0 0.76796875 0.29375 0.05 0.07421875
0 0.540625 0.18515625 0.03984375 0.05703125
0 0.846875 0.31875 0.05546875 0.08203125
0 0.70234375 0.2671875 0.040625 0.06015625
0 0.97421875 0.3921875 0.05 0.09765625
0 0.97734375 0.28828125 0.04375 0.0765625
0 0.60390625 0.2125 0.034375 0.05859375
0 0.18359375 0.725 0.09375 0.1328125
0 0.79921875 0.5578125 0.06328125 0.103125
0 0.9609375 0.0875 0.0453125 0.0625
0 0.66328125 0.94296875 0.11328125 0.11171875
0 0.19921875 0.00625 0.0265625 0.0125
0 0.30234375 0.14453125 0.0359375 0.0546875
0 0.31171875 0.575 0.0734375 0.1
0 0.21796875 0.20546875 0.03828125 0.0625
0 0.64296875 0.19921875 0.0359375 0.05703125
0 0.82109375 0.00625 0.0359375 0.01171875