1 0.634375 0.68515625 0.06640625 0.12890625
1 0.10234375 0.8328125 0.128125 0.21953125
1 0.434375 0.940625 0.11640625 0.1125
1 0.65234375 0.8078125 0.1546875 0.375
1 0.71953125 0.58515625 0.040625 0.065625
1 0.38828125 0.6328125 0.05 0.0875
1 0.42734375 0.71328125 0.06171875 0.10546875
1 0.79921875 0.69296875 0.0578125 0.0953125
1 0.23125 0.73203125 0.06171875 0.1140625
1 0.2875 0.653125 0.04375 0.07890625
1 0.65546875 0.584375 0.0375 0.0640625
1 0.53125 0.67109375 0.0546875 0.08671875
1 0.446875 0.6421875 0.040625 0.071875
1 0.484375 0.56171875 0.03125 0.06015625
1 0.1875 0.63515625 0.046875 0.0703125
1 0.8640625 0.71796875 0.08984375 0.1421875
1 0.2328125 0.57578125 0.0375 0.05390625
1 0.365625 0.54375 0.02265625 0.0421875
1 0.3171875 0.6140625 0.03828125 0.075
1 0.59296875 0.56796875 0.0265625 0.05
1 0.0171875 0.7375 0.034375 0.08125
1 0.07109375 0.596875 0.046875 0.06015625
1 0.4546875 0.571875 0.03203125 0.0515625
1 0.25078125 0.80859375 0.1390625 0.26796875
1 0.17578125 0.584375 0.0375 0.05
1 0.78203125 0.64296875 0.05390625 0.0734375
1 0.440625 0.828125 0.13359375 0.33515625
1 0.53046875 0.81015625 0.1109375 0.3671875
1 0.875 0.571875 0.03125 0.0421875
1 0.30625 0.76640625 0.09765625 0.303125
1 0.7703125 0.5546875 0.025 0.03515625
1 0.56796875 0.56328125 0.0265625 0.0484375
1 0.909375 0.603125 0.040625 0.06171875
1 0.79140625 0.8203125 0.075 0.346875
1 0.84140625 0.565625 0.03203125 0.0515625
1 0.7171875 0.66875 0.06875 0.23125
1 0.76796875 0.51875 0.0203125 0.028125
1 0.8703125 0.82109375 0.1203125 0.3484375
1 0.69296875 0.54375 0.02265625 0.03046875
1 0.32421875 0.53984375 0.0171875 0.025
1 0.42421875 0.54609375 0.02421875 0.03515625
1 0.49296875 0.60703125 0.06953125 0.15078125
1 0.83359375 0.51953125 0.02265625 0.03828125
1 0.53828125 0.5328125 0.0203125 0.03203125
1 0.1140625 0.571875 0.028125 0.0421875
1 0.40546875 0.53828125 0.01640625 0.03046875
1 0.89296875 0.54921875 0.028125 0.04375
1 0.16875 0.54921875 0.025 0.02890625
1 0.97421875 0.6578125 0.04765625 0.06875
1 0.978125 0.5421875 0.0296875 0.0421875
1 0.33046875 0.64140625 0.06953125 0.12890625
1 0.4953125 0.525 0.01640625 0.025
1 0.3796875 0.5375 0.01640625 0.03828125
1 0.1921875 0.5578125 0.0234375 0.03203125
1 0.39375 0.5203125 0.0171875 0.028125
1 0.96171875 0.59375 0.0515625 0.05703125
1 0.38359375 0.72890625 0.07109375 0.284375
1 0.17890625 0.70234375 0.078125 0.20078125
1 0.7953125 0.54375 0.028125 0.03984375
1 0.72890625 0.5390625 0.02421875 0.02890625
1 0.23984375 0.61796875 0.06953125 0.1375
1 0.278125 0.56953125 0.025 0.03828125
1 0.809375 0.56640625 0.0296875 0.046875
1 0.5 0.7265625 0.99375 0.5328125
1 0.5859375 0.496875 0.015625 0.025
1 0.1734375 0.859375 0.28046875 0.275
1 0.2671875 0.53828125 0.01953125 0.028125
1 0.059375 0.65234375 0.109375 0.17109375
1 0.11171875 0.5890625 0.0359375 0.07734375
1 0.4625 0.678125 0.0734375 0.14375
1 0.29921875 0.5484375 0.01875 0.03046875
1 0.23046875 0.54296875 0.0234375 0.0265625
1 0.86875 0.59921875 0.05 0.0984375
1 0.14765625 0.60078125 0.028125 0.03671875
1 0.79609375 0.50546875 0.02734375 0.040625
1 0.96171875 0.7 0.071875 0.15234375
1 0.25234375 0.55625 0.0265625 0.040625
1 0.16171875 0.64609375 0.0734375 0.17421875
1 0.65078125 0.6421875 0.07890625 0.18046875
1 0.26953125 0.51171875 0.015625 0.021875
1 0.74375 0.5109375 0.015625 0.0265625
1 0.8546875 0.53828125 0.025 0.03359375
1 0.83515625 0.596875 0.0484375 0.11015625
1 0.3796875 0.58046875 0.0328125 0.03359375
1 0.36875 0.5796875 0.053125 0.1140625
1 0.028125 0.84609375 0.05546875 0.2984375
1 0.5859375 0.6375 0.06875 0.19453125
1 0.00703125 0.57265625 0.0140625 0.0484375
1 0.91796875 0.56015625 0.0296875 0.03984375
1 0.53984375 0.575 0.03515625 0.1125
1 0.425 0.56484375 0.03515625 0.0734375