0 0.8515625 0.01875 0.0296875 0.0375
0 0.64921875 0.1 0.025 0.04453125
0 0.58046875 0.0234375 0.02421875 0.04140625
0 0.31953125 0.10703125 0.02734375 0.04453125
0 0.803125 0.1875 0.0375 0.05703125
0 0.64375 0.21796875 0.03203125 0.05625
0 0.725 0.12890625 0.028125 0.04453125
0 0.90390625 0.0390625 0.028125 0.04453125
0 0.53828125 0.5375 0.053125 0.08359375
0 0.88984375 0.1 0.03046875 0.04921875
0 0.696875 0.284375 0.034375 0.05859375
0 0.3703125 0.1 0.02734375 0.04296875
0 0.7109375 0.78828125 0.06640625 0.103125
0 0.5125 0.4046875 0.0390625 0.0640625
0 0.01484375 0.21328125 0.0296875 0.04453125
0 0.31015625 0.43203125 0.0421875 0.06484375
0 0.759375 0.1359375 0.02734375 0.0484375
0 0.34453125 0.29921875 0.0390625 0.04921875
0 0.1265625 0.1546875 0.0296875 0.04453125
0 0.44921875 0.02578125 0.025 0.03359375
0 0.76796875 0.084375 0.0265625 0.0390625
0 0.64140625 0.34453125 0.040625 0.0640625
0 0.0296875 0.275 0.0375 0.053125
0 0.51484375 0.15546875 0.0296875 0.0375
0 0.63125 0.02890625 0.025 0.04140625
0 0.1953125 0.14765625 0.0328125 0.053125
0 0.05234375 0.21953125 0.034375 0.05078125
0 0.353125 0.0625 0.02421875 0.0390625
0 0.22890625 0.21796875 0.028125 0.04296875
0 0.5296875 0.3375 0.03984375 0.0546875
0 0.19375 0.23671875 0.03203125 0.04921875
0 0.56640625 0.096875 0.02734375 0.0484375
0 0.11640625 0.21015625 0.02734375 0.0453125
0 0.9296875 0.2046875 0.04296875 0.0640625
0 0.35625 0.5359375 0.04296875 0.071875
0 0.30625 0.86015625 0.06328125 0.1078125
0 0.2625 0.08671875 0.0265625 0.0375
0 0.46171875 0.2015625 0.028125 0.04453125
0 0.28203125 0.30625 0.0359375 0.05703125
0 0.4328125 0.33046875 0.034375 0.04921875
0 0.43828125 0.3875 0.040625 0.0640625
0 0.23671875 0.33046875 0.03828125 0.05703125
0 0.47265625 0.0796875 0.025 0.0390625
0 0.0734375 0.42890625 0.0453125 0.0640625
0 0.2484375 0.421875 0.04609375 0.0703125
0 0.0921875 0.61171875 0.05859375 0.09375
0 0.2140625 0.8484375 0.0625 0.0875
0 0.50625 0.05625 0.025 0.0375
0 0.40546875 0.06171875 0.02421875 0.0375
0 0.51796875 0.01328125 0.0203125 0.02578125
0 0.021875 0.7484375 0.04296875 0.0859375
0 0.41171875 0.10546875 0.0265625 0.04453125
0 0.2625 0.05078125 0.02265625 0.03359375
0 0.3796875 0.04453125 0.02265625 0.03359375
0 0.04609375 0.4859375 0.05078125 0.07421875
0 0.0671875 0.31640625 0.040625 0.05703125
0 0.190625 0.35625 0.03984375 0.0609375
0 0.059375 0.16796875 0.02421875 0.03125
0 0.63828125 0.41640625 0.04765625 0.0703125
0 0.39296875 0.16953125 0.034375 0.05234375
0 0.45 0.26796875 0.0328125 0.04921875
0 0.30625 0.0171875 0.02421875 0.03359375
0 0.37734375 0.2921875 0.03046875 0.0453125
0 0.23046875 0.1359375 0.025 0.040625
0 0.2640625 0.26015625 0.0296875 0.0390625
0 0.09453125 0.24375 0.03203125 0.04453125
0 0.384375 0.01171875 0.0203125 0.0234375
0 0.3046875 0.2140625 0.0328125 0.05078125
0 0.39140625 0.36875 0.03046875 0.05078125
0 0.228125 0.08046875 0.02734375 0.0390625
0 0.49921875 0.1171875 0.0265625 0.04140625
0 0.0796875 0.1984375 0.02734375 0.0453125
0 0.3921875 0.584375 0.05625 0.08359375
0 0.5890625 0.06875 0.02421875 0.04140625
0 0.48515625 0.0109375 0.021875 0.021875
0 0.30546875 0.36875 0.03828125 0.0484375
0 0.946875 0.08671875 0.0328125 0.0453125
0 0.540625 0.09765625 0.02421875 0.04140625
0 0.1140625 0.2984375 0.0390625 0.06015625
0 0.30859375 0.0609375 0.0234375 0.03515625
0 0.0125 0.6375 0.025 0.0765625
0 0.77578125 0.00625 0.0234375 0.0125
0 0.2703125 0.21640625 0.028125 0.046875
0 0.009375 0.34765625 0.01875 0.0609375
0 0.665625 0.00625 0.025 0.01171875
0 0.33671875 0.021875 0.0203125 0.02890625
0 0.98359375 0.9046875 0.03125 0.13515625
0 0.28515625 0.109375 0.02734375 0.03359375
0 0.36015625 0.00625 0.0203125 0.0125
0 0.21953125 0.01875 0.0265625 0.0375
0 0.2703125 0.0125 0.0234375 0.025
0 0.14296875 0.22265625 0.03203125 0.04921875
0 0.415625 0.28828125 0.0296875 0.0484375
0 0.72265625 0.00546875 0.03125 0.01015625
0 0.9921875 0.09921875 0.0140625 0.04921875