1 0.56796875 0.45859375 0.01875 0.03203125
1 0.52265625 0.46171875 0.0171875 0.028125
1 0.44609375 0.71328125 0.021875 0.03203125
1 0.74765625 0.703125 0.0203125 0.03671875
1 0.6765625 0.34609375 0.01640625 0.028125
1 0.5734375 0.728125 0.01875 0.03671875
1 0.53984375 0.85234375 0.021875 0.03828125
1 0.48125 0.478125 0.01953125 0.03359375
1 0.34296875 0.70859375 0.01875 0.03828125
1 0.4421875 0.4640625 0.01875 0.03203125
1 0.51015625 0.68984375 0.01875 0.03515625
1 0.49921875 0.4984375 0.99375 0.99140625
1 0.3296875 0.41328125 0.01640625 0.03359375
1 0.48203125 0.434375 0.01640625 0.03046875
1 0.07734375 0.63125 0.01953125 0.03203125
1 0.43359375 0.365625 0.0171875 0.028125
1 0.465625 0.88359375 0.01875 0.03671875
1 0.18125 0.765625 0.021875 0.03828125
1 0.44296875 0.80078125 0.01875 0.03515625
1 0.4875 0.61796875 0.0171875 0.03515625
1 0.41484375 0.88671875 0.0203125 0.03984375
1 0.8109375 0.79375 0.01953125 0.03515625
1 0.3875 0.703125 0.01640625 0.03046875
1 0.384375 0.75390625 0.0171875 0.03203125
1 0.6703125 0.7359375 0.01953125 0.03671875
1 0.525 0.41328125 0.0171875 0.03046875
1 0.196875 0.4734375 0.01640625 0.03046875
1 0.39921875 0.353125 0.0171875 0.03203125
1 0.36484375 0.8984375 0.01875 0.03046875
1 0.06171875 0.33046875 0.01875 0.028125
1 0.19453125 0.40546875 0.01953125 0.03203125
1 0.196875 0.56015625 0.0171875 0.03359375
1 0.32890625 0.93125 0.0203125 0.03828125
1 0.5671875 0.61171875 0.01875 0.03203125
1 0.32578125 0.5328125 0.01875 0.03515625
1 0.37578125 0.84296875 0.01875 0.03671875
1 0.103125 0.30859375 0.01640625 0.02890625
1 0.59375 0.86484375 0.01953125 0.028125
1 0.821875 0.41484375 0.01640625 0.03359375
1 0.69453125 0.92421875 0.021875 0.03671875
1 0.11328125 0.76484375 0.021875 0.03671875
1 0.2546875 0.4984375 0.01875 0.028125
1 0.3703125 0.603125 0.021875 0.03828125
1 0.13359375 0.31171875 0.015625 0.0234375
1 0.23671875 0.38359375 0.01875 0.03203125
1 0.31875 0.7640625 0.0171875 0.03203125
1 0.5015625 0.821875 0.01875 0.03671875
1 0.103125 0.57578125 0.01640625 0.028125
1 0.14140625 0.3546875 0.0171875 0.03046875
1 0.29296875 0.72421875 0.021875 0.03671875
1 0.6125 0.83125 0.0203125 0.03984375
1 0.54765625 0.5265625 0.059375 0.06015625
1 0.6265625 0.59921875 0.01875 0.03515625
1 0.2875 0.4453125 0.01875 0.03203125
1 0.30390625 0.33203125 0.021875 0.03515625
1 0.2953125 0.796875 0.01875 0.03203125
1 0.346875 0.7859375 0.01875 0.03515625
1 0.2671875 0.21484375 0.01484375 0.025
1 0.2078125 0.34765625 0.01640625 0.03046875
1 0.59140625 0.50546875 0.01640625 0.025
1 0.671875 0.55859375 0.015625 0.028125
1 0.58125 0.41875 0.01640625 0.0234375
1 0.21953125 0.3046875 0.01640625 0.03515625
1 0.24296875 0.72578125 0.01953125 0.03359375
1 0.6921875 0.51640625 0.01640625 0.028125
1 0.2796875 0.59765625 0.01875 0.03515625
1 0.13671875 0.23359375 0.0171875 0.03046875
1 0.04609375 0.5828125 0.0171875 0.0265625
1 0.60078125 0.56640625 0.01953125 0.03515625
1 0.5328125 0.9484375 0.01953125 0.03203125
1 0.2203125 0.85703125 0.01953125 0.03359375
1 0.41875 0.525 0.021875 0.03359375
1 0.171875 0.71171875 0.0171875 0.03203125
1 0.50625 0.55546875 0.0171875 0.028125
1 0.45859375 0.24140625 0.01640625 0.0265625
1 0.46796875 0.3875 0.0171875 0.028125
1 0.66953125 0.64140625 0.0203125 0.03515625
1 0.3359375 0.3546875 0.0171875 0.03359375
1 0.50234375 0.91171875 0.0203125 0.03671875
1 0.17734375 0.18125 0.01640625 0.02890625
1 0.3328125 0.6 0.01640625 0.0265625
1 0.90859375 0.6328125 0.01875 0.03515625
1 0.8671875 0.79296875 0.0234375 0.03671875
1 0.215625 0.18046875 0.01640625 0.028125
1 0.56875 0.75390625 0.0546875 0.09375
1 0.4921875 0.25859375 0.0171875 0.025
1 0.37734375 0.9484375 0.01875 0.03515625
1 0.3421875 0.65 0.01875 0.03515625
1 0.109375 0.26796875 0.01953125 0.03515625
1 0.13671875 0.66640625 0.01953125 0.03515625
1 0.075 0.7453125 0.0203125 0.03828125
1 0.2546875 0.55390625 0.01875 0.03046875
1 0.115625 0.9078125 0.01953125 0.03203125
1 0.6203125 0.7796875 0.01953125 0.03359375
1 0.9078125 0.71484375 0.0203125 0.03515625
1 0.07265625 0.55078125 0.01875 0.03515625
1 0.5625 0.8078125 0.021875 0.040625
1 0.89921875 0.73828125 0.0171875 0.03203125
1 0.528125 0.0515625 0.01953125 0.02890625
1 0.25 0.77578125 0.0171875 0.02890625
1 0.44375 0.5015625 0.0421875 0.10703125
1 0.78203125 0.88359375 0.01953125 0.03984375
1 0.13671875 0.6015625 0.01953125 0.03515625
1 0.8453125 0.54375 0.01875 0.03359375
1 0.23671875 0.58359375 0.01875 0.03359375
1 0.66328125 0.76484375 0.05390625 0.0921875
1 0.41484375 0.9203125 0.05 0.115625
1 0.790625 0.84296875 0.021875 0.02890625
1 0.6015625 0.93671875 0.0171875 0.03203125
1 0.73203125 0.8609375 0.02265625 0.03515625
1 0.5796875 0.37265625 0.0171875 0.03046875
1 0.23125 0.96484375 0.01875 0.02890625
1 0.40078125 0.4 0.01875 0.0265625
1 0.21015625 0.53046875 0.01875 0.03359375
1 0.50625 0.159375 0.015625 0.02890625
1 0.62578125 0.459375 0.0171875 0.02890625
1 0.2859375 0.67890625 0.0203125 0.03046875
1 0.54375 0.7 0.0171875 0.03203125
1 0.3734375 0.53984375 0.0265625 0.03359375
1 0.46796875 0.5328125 0.01875 0.03515625
1 0.25 0.4703125 0.01953125 0.03203125
1 0.4453125 0.62734375 0.01953125 0.03671875
1 0.4390625 0.57109375 0.0203125 0.03515625
1 0.6578125 0.803125 0.01875 0.03671875
1 0.128125 0.4828125 0.01875 0.03359375
1 0.56875 0.47265625 0.04375 0.06171875
1 0.54140625 0.88515625 0.04609375 0.10390625
1 0.27265625 0.96015625 0.02734375 0.03828125
1 0.48203125 0.05234375 0.01640625 0.028125
1 0.825 0.71328125 0.01640625 0.02890625
1 0.4765625 0.76015625 0.021875 0.040625
1 0.44375 0.82734375 0.05 0.0875
1 0.89921875 0.89921875 0.02421875 0.03828125
1 0.1609375 0.8515625 0.021875 0.03984375
1 0.525 0.434375 0.04296875 0.07734375
1 0.2796875 0.89375 0.01875 0.03671875
1 0.21171875 0.82578125 0.01953125 0.03515625
1 0.07890625 0.79765625 0.01953125 0.03203125
1 0.76875 0.93828125 0.0203125 0.03203125
1 0.625 0.63359375 0.040625 0.10859375
1 0.178125 0.62421875 0.0203125 0.03359375
1 0.01875 0.79453125 0.01953125 0.03984375
1 0.8578125 0.97265625 0.021875 0.0421875
1 0.3703125 0.31328125 0.01640625 0.03203125
1 0.5015625 0.85 0.05 0.0953125