0 0.96953125 0.43125 0.040625 0.0609375
0 0.3890625 0.4109375 0.03515625 0.0609375
0 0.06875 0.0640625 0.02421875 0.0390625
0 0.521875 0.52265625 0.04296875 0.06640625
0 0.028125 0.63125 0.0453125 0.07421875
0 0.45234375 0.08671875 0.0265625 0.0453125
0 0.0859375 0.16796875 0.02734375 0.04921875
0 0.92109375 0.81171875 0.06171875 0.0921875
0 0.7328125 0.60625 0.053125 0.08203125
0 0.17734375 0.1875 0.028125 0.04453125
0 0.134375 0.18671875 0.0265625 0.04296875
0 0.79375 0.45625 0.04296875 0.0609375
0 0.46484375 0.7171875 0.0546875 0.09140625
0 0.38125 0.0375 0.02421875 0.03671875
0 0.62265625 0.55625 0.04609375 0.08046875
0 0.978125 0.33203125 0.03515625 0.0546875
0 0.41328125 0.0390625 0.02265625 0.04140625
0 0.5203125 0.10625 0.028125 0.05078125
0 0.1390625 0.23828125 0.0328125 0.04921875
0 0.4671875 0.471875 0.0375 0.0609375
0 0.12578125 0.1125 0.03046875 0.0484375
0 0.9828125 0.05390625 0.0234375 0.0375
0 0.16875 0.76171875 0.05390625 0.08828125
0 0.259375 0.11796875 0.028125 0.0484375
0 0.31015625 0.16796875 0.028125 0.04453125
0 0.35078125 0.7859375 0.053125 0.0796875
0 0.48359375 0.21953125 0.0265625 0.0484375
0 0.8890625 0.1546875 0.0265625 0.04453125
0 0.0296875 0.23828125 0.0328125 0.05234375
0 0.06640625 0.8734375 0.0546875 0.08828125
0 0.23515625 0.35546875 0.040625 0.05703125
0 0.73203125 0.10703125 0.0265625 0.04453125
0 0.39609375 0.859375 0.05 0.08359375
0 0.846875 0.2015625 0.034375 0.05234375
0 0.31875 0.3890625 0.03203125 0.05859375
0 0.3109375 0.65625 0.0390625 0.06796875
0 0.865625 0.12421875 0.03046875 0.05078125
0 0.63984375 0.0609375 0.0234375 0.0453125
0 0.8015625 0.1234375 0.02734375 0.04921875
0 0.2171875 0.26875 0.0328125 0.05625
0 0.0609375 0.10546875 0.03125 0.04453125
0 0.95625 0.1 0.0265625 0.04453125
0 0.671875 0.0875 0.025 0.04453125
0 0.8671875 0.0578125 0.025 0.04296875
0 0.565625 0.490625 0.0421875 0.06015625
0 0.84453125 0.6046875 0.05078125 0.07421875
0 0.978125 0.77890625 0.0390625 0.09609375
0 0.2453125 0.1875 0.02734375 0.04453125
0 0.59765625 0.2125 0.0328125 0.05078125
0 0.828125 0.73671875 0.05625 0.08828125
0 0.82890625 0.14765625 0.0296875 0.0484375
0 0.6984375 0.509375 0.046875 0.07421875
0 0.1453125 0.6125 0.040625 0.06875
0 0.603125 0.12421875 0.028125 0.04296875
0 0.51796875 0.65 0.0515625 0.08046875
0 0.3625 0.15 0.03125 0.05078125
0 0.134375 0.2984375 0.03515625 0.05078125
0 0.7703125 0.859375 0.059375 0.09921875
0 0.24921875 0.2640625 0.0296875 0.0484375
0 0.2765625 0.69375 0.0484375 0.08046875
0 0.3734375 0.584375 0.0453125 0.07265625
0 0.321875 0.31328125 0.034375 0.053125
0 0.478125 0.0625 0.025 0.04453125
0 0.56328125 0.69921875 0.0578125 0.0859375
0 0.846875 0.54140625 0.0515625 0.0546875
0 0.50078125 0.2671875 0.0328125 0.0546875
0 0.0203125 0.0671875 0.0296875 0.0453125
0 0.171875 0.5375 0.0375 0.0609375
0 0.77109375 0.2453125 0.034375 0.0453125
0 0.696875 0.23515625 0.03125 0.053125
0 0.91328125 0.0953125 0.0328125 0.05234375
0 0.896875 0.61171875 0.05546875 0.0859375
0 0.2453125 0.46171875 0.04296875 0.0609375
0 0.10625 0.95625 0.0609375 0.08203125
0 0.31953125 0.11875 0.0296875 0.04921875
0 0.59453125 0.88828125 0.0640625 0.08828125
0 0.70546875 0.05625 0.02421875 0.04453125
0 0.425 0.2875 0.03125 0.05078125
0 0.38125 0.3109375 0.03046875 0.04921875
0 0.59453125 0.2796875 0.034375 0.05703125
0 0.04921875 0.33203125 0.0359375 0.05703125
0 0.490625 0.8234375 0.0578125 0.09765625
0 0.23828125 0.575 0.0453125 0.0765625
0 0.24140625 0.009375 0.0234375 0.01875
0 0.059375 0.025 0.02421875 0.03515625
0 0.18828125 0.4625 0.0421875 0.05703125
0 0.7625 0.0421875 0.02421875 0.04296875
0 0.62265625 0.675 0.0515625 0.08203125
0 0.3765625 0.07265625 0.02734375 0.03671875
0 0.32265625 0.48671875 0.0421875 0.0625
0 0.446875 0.38125 0.03515625 0.0609375
0 0.92109375 0.2921875 0.03984375 0.05625
0 0.76875 0.1453125 0.03046875 0.0484375
0 0.81328125 0.6625 0.05078125 0.05625
0 0.69453125 0.734375 0.059375 0.06796875
0 0.91875 0.5375 0.0546875 0.07421875
0 0.2140625 0.1078125 0.03046875 0.0453125
0 0.72578125 0.4234375 0.03984375 0.06015625
0 0.48125 0.34375 0.03203125 0.05703125
0 0.42890625 0.1515625 0.0234375 0.0453125
0 0.23125 0.225 0.02734375 0.03359375
0 0.709375 0.15 0.03125 0.04921875
0 0.5828125 0.3625 0.0390625 0.04296875
0 0.5921875 0.06875 0.02734375 0.04453125
0 0.8171875 0.2625 0.0296875 0.05078125
0 0.18828125 0.01796875 0.0265625 0.0359375
0 0.2734375 0.30546875 0.03515625 0.05078125
0 0.29609375 0.4328125 0.0375 0.053125
0 0.790625 0.2015625 0.034375 0.05078125
0 0.3859375 0.1140625 0.02734375 0.05078125
0 0.44453125 0.0203125 0.02265625 0.0375
0 0.6375 0.15546875 0.0296875 0.0375
0 0.83359375 0.01640625 0.0203125 0.0296875
0 0.8859375 0.36328125 0.0453125 0.06015625
0 0.44453125 0.6171875 0.046875 0.08046875
0 0.31953125 0.93046875 0.059375 0.0953125
0 0.6421875 0.31796875 0.0375 0.0546875
0 0.5296875 0.0296875 0.0265625 0.03515625
0 0.42265625 0.22421875 0.0328125 0.04453125
0 0.809375 0.05078125 0.0265625 0.04140625
0 0.684375 0.01484375 0.0234375 0.0296875
0 0.34453125 0.26953125 0.03203125 0.046875
0 0.73203125 0.36328125 0.0421875 0.0546875
0 0.1796875 0.25703125 0.0296875 0.04296875
0 0.11875 0.0625 0.0296875 0.04140625
0 0.09453125 0.54296875 0.046875 0.0703125
0 0.1078125 0.0265625 0.021875 0.0296875
0 0.9265625 0.16171875 0.02734375 0.04453125
0 0.21796875 0.040625 0.02421875 0.0375
0 0.18125 0.14375 0.02734375 0.0328125
0 0.00703125 0.11328125 0.0140625 0.04453125
0 0.234375 0.8171875 0.053125 0.084375
0 0.31171875 0.25 0.0265625 0.0390625
0 0.77421875 0.1046875 0.02421875 0.03515625
0 0.97421875 0.26953125 0.03828125 0.0546875
0 0.89921875 0.24453125 0.0359375 0.0546875
0 0.7171875 0.0140625 0.02265625 0.02734375
0 0.2609375 0.05 0.021875 0.0328125
0 0.990625 0.1234375 0.0171875 0.04453125
0 0.1703125 0.06171875 0.0265625 0.0375
0 0.615625 0.05625 0.02421875 0.04453125
0 0.2703125 0.0171875 0.025 0.034375
0 0.128125 0.02265625 0.02265625 0.0296875
0 0.515625 0.9546875 0.07421875 0.0875
0 0.8421875 0.33046875 0.0328125 0.05703125
0 0.58671875 0.43125 0.0421875 0.0609375
0 0.1828125 0.11171875 0.0265625 0.03125
0 0.64609375 0.21953125 0.03046875 0.0484375
0 0.646875 0.2734375 0.0359375 0.04140625
0 0.2 0.65703125 0.0421875 0.05078125
0 0.66875 0.0484375 0.0234375 0.03125
0 0.52421875 0.18046875 0.025 0.04296875
0 0.8078125 0.38046875 0.04296875 0.04921875
0 0.14765625 0.04453125 0.021875 0.0390625
0 0.090625 0.1234375 0.0296875 0.0375
0 0.8671875 0.49375 0.0390625 0.04921875
0 0.22265625 0.5140625 0.04296875 0.05234375
0 0.52109375 0.065625 0.0265625 0.03515625
0 0.19375 0.60546875 0.03828125 0.05703125
0 0.7734375 0.00859375 0.0234375 0.0171875
0 0.59140625 0.0078125 0.0265625 0.015625
0 0.98046875 0.6125 0.0375 0.07421875
0 0.0125 0.0078125 0.021875 0.015625
0 0.28203125 0.55390625 0.04296875 0.04296875
0 0.77421875 0.34296875 0.0359375 0.05078125
0 0.01484375 0.175 0.0296875 0.0375
0 0.93828125 0.00625 0.0234375 0.01171875
0 0.9859375 0.70546875 0.025 0.04921875
0 0.66015625 0.009375 0.0234375 0.01875
0 0.61640625 0.775 0.0546875 0.04921875
0 0.91875 0.021875 0.03046875 0.04140625
0 0.33671875 0.01171875 0.028125 0.0234375
0 0.26015625 0.409375 0.034375 0.0328125
0 0.19375 0.96015625 0.065625 0.0765625
0 0.40859375 0.00625 0.0234375 0.0125
0 0.98515625 0.38125 0.02734375 0.04453125
0 0.2046875 0.4140625 0.0453125 0.04453125
0 0.3578125 0.3921875 0.0328125 0.05625
0 0.21640625 0.07265625 0.0265625 0.02578125
0 0.8734375 0.2953125 0.03125 0.0484375
0 0.5296875 0.4328125 0.03515625 0.05859375
0 0.85625 0.0125 0.021875 0.025
0 0.5328125 0.26640625 0.028125 0.05078125
0 0.5640625 0.00625 0.025 0.0125
0 0.7328125 0.0421875 0.021875 0.0328125
0 0.15703125 0.09453125 0.0265625 0.040625
0 0.78828125 0.0265625 0.021875 0.03515625
0 0.0078125 0.4796875 0.015625 0.08203125
0 0.10625 0.63125 0.0453125 0.05625
0 0.16171875 0.01015625 0.0203125 0.0203125
0 0.47578125 0.41875 0.03984375 0.05078125
0 0.984375 0.01796875 0.0234375 0.02578125
0 0.3734375 0.51171875 0.04296875 0.0625
0 0.0921875 0.00625 0.0171875 0.01171875
0 0.02421875 0.73515625 0.0484375 0.09765625
0 0.48046875 0.025 0.0234375 0.02578125
0 0.5640625 0.29921875 0.028125 0.04453125
0 0.74296875 0.01484375 0.02265625 0.0296875
0 0.21171875 0.7203125 0.04609375 0.08046875
0 0.89375 0.44375 0.04765625 0.06875
0 0.50390625 0.00859375 0.021875 0.0171875
0 0.8921875 0.0140625 0.021875 0.028125
0 0.81171875 0.0140625 0.0203125 0.02734375
0 0.67265625 0.2015625 0.02734375 0.04140625
0 0.01171875 0.91875 0.0234375 0.0765625
0 0.01796875 0.3078125 0.03203125 0.053125
0 0.34921875 0.1984375 0.03203125 0.05078125
0 0.98515625 0.20625 0.02734375 0.05625
0 0.00703125 0.259375 0.0140625 0.04296875
0 0.6046875 0.1671875 0.03046875 0.04296875
0 0.509375 0.37578125 0.0328125 0.05625
0 0.93828125 0.3546875 0.04296875 0.05625
0 0.8421875 0.09296875 0.0296875 0.04296875
0 0.0578125 0.1765625 0.025 0.03515625