0 0.2328125 0.79296875 0.040625 0.075
0 0.94375 0.87890625 0.059375 0.11015625
0 0.2328125 0.903125 0.06640625 0.0875
0 0.975 0.69453125 0.0265625 0.0421875
0 0.2765625 0.8 0.0390625 0.06875
0 0.1515625 0.82265625 0.046875 0.08515625
0 0.48125 0.74765625 0.0296875 0.05390625
0 0.8015625 0.86484375 0.0546875 0.10390625
0 0.88828125 0.77578125 0.0421875 0.0703125
0 0.95234375 0.75859375 0.0328125 0.05234375
0 0.83671875 0.73359375 0.028125 0.05
0 0.865625 0.68671875 0.02421875 0.03203125
0 0.33671875 0.796875 0.0359375 0.07890625
0 0.03984375 0.63046875 0.0140625 0.021875
0 0.309375 0.978125 0.075 0.040625
0 0.70234375 0.69453125 0.0265625 0.03984375
0 0.67421875 0.9765625 0.07109375 0.04375
0 0.05859375 0.925 0.0625 0.09921875
0 0.8953125 0.69375 0.01953125 0.03203125
0 0.87734375 0.60234375 0.0125 0.01875
0 0.79375 0.63046875 0.0140625 0.021875
0 0.81484375 0.64140625 0.0125 0.0203125
0 0.1171875 0.66953125 0.0171875 0.025
0 0.1390625 0.9890625 0.0703125 0.01875
0 0.921875 0.65546875 0.015625 0.025
0 0.090625 0.61640625 0.0125 0.0171875
0 0.68984375 0.6203125 0.0125 0.01875
0 0.5296875 0.64140625 0.0171875 0.03515625
0 0.67734375 0.80078125 0.034375 0.0671875
0 0.715625 0.66640625 0.01875 0.02890625
0 0.81875 0.61953125 0.01171875 0.0171875
0 0.39453125 0.94921875 0.0546875 0.0953125
0 0.0734375 0.634375 0.015625 0.025
0 0.99296875 0.60234375 0.01171875 0.021875
0 0.628125 0.6796875 0.0171875 0.0265625
0 0.009375 0.69375 0.01875 0.046875
0 0.5578125 0.7125 0.025 0.0421875
0 0.84453125 0.6453125 0.01484375 0.021875
0 0.93984375 0.63359375 0.01484375 0.0234375
0 0.6109375 0.81015625 0.046875 0.0890625
0 0.89765625 0.6171875 0.0140625 0.01875
0 0.5640625 0.903125 0.0453125 0.08515625
0 0.6421875 0.65546875 0.01484375 0.025
0 0.1546875 0.6453125 0.01484375 0.021875
0 0.2796875 0.71796875 0.0359375 0.06015625
0 0.91875 0.59140625 0.0109375 0.0171875
0 0.94140625 0.5671875 0.009375 0.01640625
0 0.9640625 0.6546875 0.0171875 0.0265625
0 0.88125 0.5671875 0.00859375 0.01328125
0 0.94453125 0.60625 0.01171875 0.0171875
0 0.4046875 0.59453125 0.009375 0.0171875
0 0.42109375 0.7234375 0.03203125 0.05859375
0 0.53203125 0.60546875 0.009375 0.01640625
0 0.84453125 0.5796875 0.00859375 0.01484375
0 0.5890625 0.6671875 0.01640625 0.03359375
0 0.5546875 0.60546875 0.009375 0.01640625
0 0.96171875 0.6125 0.0140625 0.01875
0 0.66484375 0.6578125 0.0171875 0.028125
0 0.51875 0.59140625 0.00703125 0.01484375
0 0.38359375 0.71171875 0.03046875 0.05234375
0 0.65703125 0.60625 0.009375 0.0171875
0 0.803125 0.60625 0.0109375 0.0171875
0 0.471875 0.89609375 0.0421875 0.08203125
0 0.53203125 0.58125 0.0078125 0.01484375
0 0.32734375 0.7296875 0.028125 0.0453125
0 0.50703125 0.58125 0.0078125 0.01484375
0 0.040625 0.67265625 0.0265625 0.03984375
0 0.2171875 0.6765625 0.0265625 0.046875
0 0.2453125 0.609375 0.0109375 0.0171875
0 0.89375 0.59140625 0.0109375 0.0171875
0 0.17890625 0.61953125 0.009375 0.0171875
0 0.34453125 0.58125 0.00859375 0.01484375
0 0.9890625 0.76953125 0.01953125 0.05390625
0 0.4984375 0.6625 0.021875 0.03984375
0 0.68203125 0.5921875 0.00859375 0.01328125
0 0.79375 0.56953125 0.0078125 0.01171875
0 0.86484375 0.72890625 0.02265625 0.04375
0 0.83671875 0.6203125 0.0125 0.021875
0 0.07890625 0.60625 0.0109375 0.01484375
0 0.4921875 0.58125 0.0078125 0.01484375
0 0.8671875 0.56640625 0.0078125 0.01484375
0 0.96953125 0.56953125 0.0078125 0.01484375
0 0.659375 0.71875 0.0265625 0.046875
0 0.40546875 0.6765625 0.01875 0.02890625
0 0.95859375 0.59140625 0.0109375 0.0171875
0 0.0046875 0.63125 0.009375 0.0203125
0 0.86484375 0.60234375 0.0125 0.021875
0 0.79140625 0.59453125 0.0109375 0.0171875
0 0.03203125 0.77578125 0.03515625 0.0640625
0 0.5015625 0.60625 0.0109375 0.0171875
0 0.78203125 0.61640625 0.0109375 0.0171875
0 0.67109375 0.6265625 0.0125 0.0171875
0 0.290625 0.6671875 0.0234375 0.03671875
0 0.10703125 0.6046875 0.0109375 0.01484375
0 0.790625 0.65546875 0.0140625 0.021875
0 0.89296875 0.56640625 0.00859375 0.01484375
0 0.26484375 0.6171875 0.01171875 0.01875
0 0.09453125 0.59453125 0.0078125 0.01171875
0 0.5921875 0.6296875 0.0125 0.0203125
0 0.91484375 0.68828125 0.01953125 0.03515625
0 0.75625 0.59453125 0.00859375 0.01484375
0 0.76875 0.61953125 0.01171875 0.0171875
0 0.30546875 0.60546875 0.0109375 0.01640625
0 0.95234375 0.68046875 0.0171875 0.03515625
0 0.478125 0.66875 0.0171875 0.03203125
0 0.54375 0.58046875 0.0078125 0.01328125
0 0.4578125 0.640625 0.0140625 0.025
0 0.71484375 0.6203125 0.0140625 0.021875
0 0.7 0.65234375 0.01640625 0.028125
0 0.84765625 0.60546875 0.01171875 0.01640625
0 0.60625 0.640625 0.0125 0.021875
0 0.6546875 0.590625 0.00859375 0.01328125
0 0.5421875 0.60546875 0.0109375 0.01640625
0 0.1453125 0.60625 0.009375 0.01484375
0 0.8953125 0.64453125 0.015625 0.0265625
0 0.6203125 0.61953125 0.009375 0.0171875
0 0.61796875 0.590625 0.00859375 0.01328125
0 0.85546875 0.565625 0.0078125 0.01328125
0 0.16171875 0.5875 0.00703125 0.01171875
0 0.5171875 0.609375 0.009375 0.0171875
0 0.02109375 0.63125 0.0125 0.0171875
0 0.7421875 0.59453125 0.009375 0.0171875
0 0.62890625 0.59140625 0.0078125 0.01484375
0 0.16171875 0.609375 0.0109375 0.01484375
0 0.45859375 0.60546875 0.0109375 0.01875
0 0.3421875 0.60625 0.0109375 0.0171875
0 0.46953125 0.58046875 0.00859375 0.01328125
0 0.43046875 0.62265625 0.0109375 0.01875
0 0.0546875 0.60625 0.009375 0.01484375
0 0.8640625 0.63125 0.0140625 0.0234375
0 0.56875 0.6015625 0.00859375 0.0171875
0 0.653125 0.63046875 0.0125 0.01875
0 0.58046875 0.746875 0.028125 0.04375
0 0.13046875 0.58046875 0.00703125 0.01015625
0 0.34453125 0.87890625 0.0421875 0.06875
0 0.7796875 0.57734375 0.0078125 0.01328125
0 0.884375 0.66328125 0.015625 0.0234375
0 0.88125 0.62734375 0.0125 0.025
0 0.80546875 0.58125 0.00859375 0.01484375
0 0.13125 0.6015625 0.00859375 0.01484375
0 0.69375 0.59453125 0.00859375 0.01484375
0 0.11796875 0.58046875 0.00703125 0.01015625
0 0.82734375 0.559375 0.00859375 0.01171875
0 0.80625 0.56640625 0.00703125 0.01171875
0 0.64140625 0.609375 0.0109375 0.0171875
0 0.91875 0.61953125 0.0109375 0.0171875
0 0.20546875 0.58046875 0.00703125 0.01015625
0 0.21953125 0.59453125 0.00859375 0.01171875
0 0.04140625 0.60625 0.0109375 0.01484375
0 0.12890625 0.61640625 0.01171875 0.0171875
0 0.14296875 0.58046875 0.00703125 0.00703125
0 0.0296875 0.60546875 0.00859375 0.01328125
0 0.93046875 0.5796875 0.00859375 0.01484375
0 0.4203125 0.58125 0.009375 0.01484375
0 0.5921875 0.5921875 0.00859375 0.01328125
0 0.2046875 0.60625 0.0109375 0.01484375
0 0.60625 0.590625 0.00859375 0.01328125
0 0.1875 0.5875 0.0078125 0.01171875
0 0.8296875 0.59453125 0.0109375 0.0171875
0 0.8671875 0.58046875 0.0078125 0.01328125
0 0.76796875 0.5953125 0.00859375 0.01328125
0 0.45546875 0.56953125 0.00703125 0.01171875
0 0.81796875 0.5953125 0.0109375 0.01328125
0 0.6421875 0.5921875 0.0078125 0.01328125
0 0.41875 0.56640625 0.00703125 0.01484375
0 0.76796875 0.58046875 0.00703125 0.01328125
0 0.00546875 0.60625 0.0109375 0.01484375
0 0.56171875 0.5875 0.00703125 0.01328125
0 0.11796875 0.60234375 0.00859375 0.01328125
0 0.56875 0.671875 0.01875 0.0265625
0 0.35625 0.58125 0.0078125 0.01484375
0 0.59375 0.58046875 0.0078125 0.01015625
0 0.0421875 0.58046875 0.0078125 0.00703125
0 0.91875 0.56953125 0.00859375 0.01484375
0 0.85625 0.58125 0.00859375 0.01484375
0 0.58046875 0.58046875 0.00703125 0.01015625
0 0.38046875 0.5953125 0.0109375 0.01328125
0 0.61796875 0.5671875 0.00703125 0.01015625
0 0.45 0.68359375 0.01953125 0.03203125
0 0.83046875 0.58046875 0.00859375 0.01328125
0 0.36953125 0.58125 0.00859375 0.01484375
0 0.05546875 0.58046875 0.00703125 0.01015625
0 0.6078125 0.6171875 0.0109375 0.01640625
0 0.3421875 0.66953125 0.015625 0.025
0 0.66875 0.60546875 0.009375 0.01640625
0 0.29375 0.56953125 0.0078125 0.01171875
0 0.98125 0.60234375 0.009375 0.01875
0 0.4328125 0.55625 0.00859375 0.01171875
0 0.578125 0.5953125 0.0078125 0.01328125
0 0.66875 0.55546875 0.00625 0.01015625
0 0.253125 0.63125 0.0140625 0.0171875
0 0.70546875 0.55546875 0.00703125 0.01015625
0 0.66875 0.56953125 0.00703125 0.00859375
0 0.94453125 0.58125 0.009375 0.01484375
0 0.69375 0.58046875 0.00703125 0.01015625
0 0.51796875 0.56640625 0.00703125 0.01171875
0 0.5796875 0.61640625 0.0109375 0.0171875
0 0.66875 0.58046875 0.00703125 0.01015625
0 0.75625 0.61640625 0.0109375 0.0171875
0 0.9546875 0.5703125 0.0078125 0.01328125
0 0.32890625 0.59140625 0.0109375 0.01484375
0 0.81796875 0.56640625 0.00703125 0.01171875
0 0.60625 0.5671875 0.00625 0.01015625
0 0.29375 0.60625 0.00859375 0.0171875
0 0.7625 0.6375 0.0140625 0.021875
0 0.434375 0.6453125 0.0125 0.025
0 0.165625 0.70078125 0.025 0.0421875
0 0.08046875 0.58046875 0.00703125 0.01015625
0 0.65625 0.56953125 0.0078125 0.00859375
0 0.99453125 0.7046875 0.00859375 0.03984375
0 0.55546875 0.56953125 0.00703125 0.00859375
0 0.75625 0.58046875 0.00703125 0.01015625
0 0.99375 0.5765625 0.0109375 0.0171875
0 0.98125 0.5671875 0.00859375 0.01328125
0 0.56640625 0.61953125 0.01171875 0.0171875
0 0.01875 0.59453125 0.00703125 0.01171875
0 0.70546875 0.56953125 0.00703125 0.01171875
0 0.03125 0.58046875 0.0078125 0.00703125
0 0.92109375 0.75859375 0.02421875 0.05234375
0 0.746875 0.640625 0.0125 0.025
0 0.4671875 0.61640625 0.0109375 0.0171875
0 0.69375 0.55546875 0.00703125 0.01015625
0 0.31171875 0.5625 0.00703125 0.01171875
0 0.82734375 0.6828125 0.0171875 0.028125
0 0.63125 0.5671875 0.00703125 0.01015625
0 0.31640625 0.5796875 0.0078125 0.01171875
0 0.49375 0.5671875 0.0078125 0.01015625
0 0.5796875 0.5671875 0.00625 0.01015625
0 0.10625 0.58046875 0.0078125 0.01015625
0 0.90703125 0.56953125 0.00859375 0.01484375
0 0.4046875 0.6203125 0.01171875 0.01875
0 0.0046875 0.57734375 0.00859375 0.01328125
0 0.19453125 0.6171875 0.00859375 0.01640625
0 0.7625 0.5625 0.00703125 0.01171875
0 0.4796875 0.59453125 0.009375 0.0171875
0 0.48046875 0.5796875 0.0078125 0.01171875
0 0.12890625 0.64140625 0.0140625 0.0203125
0 0.68671875 0.5625 0.0078125 0.01171875
0 0.65546875 0.55546875 0.00703125 0.00703125
0 0.171875 0.6421875 0.0140625 0.021875
0 0.64296875 0.54140625 0.00703125 0.01171875
0 0.68125 0.64140625 0.0125 0.0171875
0 0.378125 0.615625 0.0140625 0.021875
0 0.90703125 0.60625 0.009375 0.01484375
0 0.68046875 0.54140625 0.00703125 0.01171875
0 0.64296875 0.58046875 0.00703125 0.01015625
0 0.7453125 0.61640625 0.01171875 0.0203125
0 0.321875 0.61640625 0.01171875 0.0171875
0 0.31875 0.5921875 0.00859375 0.01328125
0 0.9125 0.634375 0.0125 0.01875
0 0.21875 0.58046875 0.0078125 0.01015625
0 0.24296875 0.58046875 0.00859375 0.01328125
0 0.50625 0.5671875 0.00703125 0.01015625
0 0.353125 0.7265625 0.0234375 0.03828125
0 0.6796875 0.5671875 0.00625 0.01015625
0 0.59375 0.56953125 0.0078125 0.00859375
0 0.8359375 0.56328125 0.0078125 0.01015625
0 0.228125 0.60625 0.009375 0.01484375
0 0.28203125 0.6171875 0.0109375 0.01875
0 0.66875 0.5421875 0.00625 0.00703125
0 0.58671875 0.56328125 0.00703125 0.01015625
0 0.74375 0.54140625 0.0078125 0.01171875
0 0.53046875 0.55859375 0.0078125 0.01015625
0 0.06796875 0.5953125 0.00703125 0.01015625
0 0.30625 0.58046875 0.00703125 0.01015625
0 0.715625 0.6421875 0.0140625 0.01875
0 0.3015625 0.63046875 0.0140625 0.01875
0 0.628125 0.63359375 0.0109375 0.0203125
0 0.93125 0.60625 0.0109375 0.0171875
0 0.6421875 0.5671875 0.00625 0.01015625
0 0.503125 0.63046875 0.0125 0.01875
0 0.69765625 0.7484375 0.034375 0.05
0 0.415625 0.6203125 0.01171875 0.01875
0 0.2046875 0.63046875 0.01171875 0.01875
0 0.53125 0.5671875 0.0078125 0.00703125
0 0.0671875 0.58046875 0.0078125 0.00703125
0 0.55546875 0.55546875 0.00625 0.01015625
0 0.23125 0.5921875 0.0078125 0.01328125
0 0.59296875 0.55546875 0.00703125 0.00703125
0 0.0640625 0.7578125 0.0328125 0.06015625
0 0.39375 0.7765625 0.03046875 0.05703125
0 0.79375 0.69453125 0.0234375 0.0421875
0 0.24296875 0.59140625 0.00859375 0.01171875
0 0.74296875 0.5671875 0.00703125 0.01015625
0 0.01796875 0.58046875 0.00703125 0.00703125
0 0.23125 0.5796875 0.0078125 0.01171875
0 0.7796875 0.5953125 0.00859375 0.01640625
0 0.99375 0.6296875 0.009375 0.0234375
0 0.28046875 0.56953125 0.00703125 0.01171875
0 0.25390625 0.66171875 0.01953125 0.03828125
0 0.2796875 0.59140625 0.00859375 0.01484375
0 0.73046875 0.54140625 0.0078125 0.01171875
0 0.56875 0.56953125 0.00703125 0.00859375
0 0.1109375 0.82265625 0.0328125 0.05859375
0 0.44375 0.55625 0.00703125 0.01171875
0 0.165625 0.7546875 0.03984375 0.0484375
0 0.5265625 0.86484375 0.0390625 0.075
0 0.7796875 0.63828125 0.01171875 0.0203125
0 0.71171875 0.5875 0.00859375 0.01484375
0 0.48125 0.55546875 0.00625 0.01015625