0 0.98125 0.59375 0.034375 0.04921875
0 0.91875 0.56953125 0.0328125 0.04296875
0 0.73046875 0.41640625 0.0171875 0.0234375
0 0.76796875 0.4296875 0.01640625 0.0234375
0 0.11484375 0.50390625 0.01640625 0.02109375
0 0.3953125 0.50546875 0.0140625 0.02109375
0 0.103125 0.5953125 0.01640625 0.02109375
0 0.80390625 0.30625 0.009375 0.0140625
0 0.07734375 0.5703125 0.0171875 0.0234375
0 0.08203125 0.61875 0.015625 0.02734375
0 0.04609375 0.503125 0.01484375 0.021875
0 0.04140625 0.56328125 0.01484375 0.021875
0 0.56796875 0.49765625 0.0125 0.02109375
0 0.15234375 0.46875 0.0140625 0.01796875
0 0.24140625 0.4625 0.009375 0.01796875
0 0.39140625 0.5296875 0.015625 0.0234375
0 0.92734375 0.4375 0.0203125 0.03125
0 0.00703125 0.61796875 0.0140625 0.01953125
0 0.421875 0.5265625 0.0171875 0.02734375
0 0.49140625 0.35546875 0.00859375 0.01328125
0 0.0046875 0.5625 0.009375 0.02109375
0 0.0609375 0.5671875 0.015625 0.021875
0 0.40703125 0.43125 0.009375 0.0140625
0 0.41875 0.43125 0.009375 0.0140625
0 0.0078125 0.46796875 0.0140625 0.01953125
0 0.0828125 0.4828125 0.0140625 0.0171875
0 0.08046875 0.5390625 0.01484375 0.02109375
0 0.3640625 0.4859375 0.01171875 0.01796875
0 0.57734375 0.44140625 0.0140625 0.02109375
0 0.5796875 0.3484375 0.0109375 0.0140625
0 0.08359375 0.5015625 0.01484375 0.01796875
0 0.1078125 0.53828125 0.015625 0.01953125
0 0.41875 0.49453125 0.0125 0.01796875
0 0.94140625 0.32265625 0.01171875 0.01796875
0 0.51640625 0.34453125 0.0109375 0.0140625
0 0.065625 0.7984375 0.0203125 0.0234375
0 0.36796875 0.4421875 0.0109375 0.0140625
0 0.6078125 0.39296875 0.0109375 0.01328125
0 0.5296875 0.4015625 0.00859375 0.0140625
0 0.0171875 0.6515625 0.01953125 0.021875
0 0.13515625 0.6453125 0.01484375 0.025
0 0.028125 0.4890625 0.0140625 0.0171875
0 0.921875 0.30625 0.009375 0.0140625
0 0.45859375 0.44296875 0.0109375 0.01328125
0 0.3546875 0.4421875 0.009375 0.0140625
0 0.08203125 0.7765625 0.015625 0.021875
0 0.73984375 0.30625 0.0109375 0.01328125
0 0.78671875 0.3078125 0.0109375 0.0140625
0 0.7046875 0.31796875 0.009375 0.01328125
0 0.00859375 0.59453125 0.01484375 0.01953125
0 0.31640625 0.3921875 0.009375 0.0140625
0 0.3046875 0.40625 0.009375 0.01328125
0 0.00625 0.534375 0.01171875 0.01953125
0 0.39375 0.36875 0.00703125 0.01328125
0 0.54375 0.353125 0.00859375 0.01171875
0 0.5421875 0.39296875 0.0109375 0.01328125
0 0.01171875 0.51015625 0.0140625 0.02109375
0 0.55546875 0.353125 0.00859375 0.01171875
0 0.9921875 0.31953125 0.01171875 0.0140625
0 0.95234375 0.28203125 0.0109375 0.0140625
0 0.2796875 0.40546875 0.009375 0.01171875
0 0.0234375 0.5765625 0.015625 0.02109375
0 0.846875 0.2921875 0.0109375 0.0140625
0 0.67734375 0.33203125 0.0109375 0.015625
0 0.3921875 0.3171875 0.0078125 0.009375
0 0.70546875 0.296875 0.00859375 0.01328125
0 0.36875 0.34296875 0.00703125 0.01171875
0 0.71171875 0.26171875 0.00859375 0.01328125
0 0.2578125 0.4546875 0.009375 0.015625
0 0.2796875 0.4296875 0.009375 0.01328125
0 0.11484375 0.8671875 0.01484375 0.0234375
0 0.590625 0.38203125 0.0109375 0.0140625
0 0.4921875 0.39296875 0.0078125 0.01328125
0 0.36484375 0.41796875 0.0109375 0.01328125
0 0.5671875 0.35078125 0.00859375 0.0140625
0 0.040625 0.6078125 0.0140625 0.021875
0 0.3390625 0.44375 0.0109375 0.01328125
0 0.2359375 0.41328125 0.009375 0.0140625
0 0.3703125 0.38125 0.0078125 0.01171875
0 0.53046875 0.43125 0.0109375 0.0140625
0 0.3453125 0.46953125 0.0109375 0.0171875
0 0.91953125 0.26796875 0.0109375 0.01796875