0 0.61015625 0.71171875 0.021875 0.03828125
0 0.16875 0.8875 0.025 0.0515625
0 0.8421875 0.5546875 0.01484375 0.0265625
0 0.41875 0.56171875 0.01484375 0.03671875
0 0.196875 0.6921875 0.01875 0.04453125
0 0.41171875 0.82734375 0.0203125 0.0421875
0 0.084375 0.621875 0.01875 0.0421875
0 0.29921875 0.89609375 0.02421875 0.05
0 0.25234375 0.68125 0.01875 0.03828125
0 0.54609375 0.4796875 0.0125 0.0265625
0 0.17109375 0.82890625 0.02421875 0.06171875
0 0.28203125 0.6609375 0.01640625 0.03671875
0 0.13203125 0.5140625 0.0140625 0.03046875
0 0.06640625 0.4171875 0.01171875 0.025
0 0.68203125 0.56875 0.01484375 0.025
0 0.346875 0.8265625 0.02265625 0.04765625
0 0.6859375 0.88359375 0.025 0.0515625
0 0.05546875 0.7015625 0.01640625 0.04765625
0 0.2171875 0.76484375 0.021875 0.04765625
0 0.915625 0.47109375 0.0109375 0.02109375
0 0.7828125 0.57265625 0.0140625 0.025
0 0.3984375 0.915625 0.0234375 0.05390625
0 0.76640625 0.5453125 0.0140625 0.0265625
0 0.23046875 0.95234375 0.025 0.05390625
0 0.0828125 0.75703125 0.021875 0.05546875
0 0.2734375 0.7515625 0.01953125 0.04765625
0 0.46015625 0.7859375 0.0171875 0.040625
0 0.53046875 0.659375 0.01484375 0.0328125
0 0.603125 0.95078125 0.0234375 0.04453125
0 0.2375 0.50703125 0.0140625 0.03046875
0 0.74609375 0.54609375 0.0140625 0.02109375
0 0.79375 0.9859375 0.02421875 0.025
0 0.13671875 0.93671875 0.025 0.04609375
0 0.4234375 0.784375 0.021875 0.04765625
0 0.8203125 0.63515625 0.015625 0.03046875
0 0.303125 0.48671875 0.01171875 0.02890625
0 0.640625 0.5515625 0.0140625 0.025
0 0.2453125 0.78515625 0.021875 0.05
0 0.84609375 0.48359375 0.0125 0.02265625
0 0.56171875 0.58984375 0.0125 0.02890625
0 0.178125 0.453125 0.0125 0.0265625
0 0.746875 0.4875 0.0125 0.02265625
0 0.721875 0.7109375 0.0171875 0.040625
0 0.5953125 0.51328125 0.0109375 0.02890625
0 0.98125 0.62734375 0.01484375 0.03046875
0 0.96015625 0.62578125 0.01640625 0.03828125
0 0.8125 0.671875 0.0171875 0.03828125
0 0.64296875 0.6 0.0125 0.02890625
0 0.940625 0.53203125 0.0140625 0.02265625
0 0.4578125 0.84609375 0.021875 0.04609375
0 0.25078125 0.5578125 0.01484375 0.0328125
0 0.77109375 0.64296875 0.01875 0.034375
0 0.13984375 0.75625 0.02265625 0.06171875
0 0.046875 0.61484375 0.0171875 0.040625
0 0.46796875 0.578125 0.0125 0.034375
0 0.01484375 0.6328125 0.0171875 0.040625
0 0.6921875 0.60234375 0.01484375 0.03046875
0 0.671875 0.70234375 0.01953125 0.034375
0 0.7625 0.5796875 0.0140625 0.02265625
0 0.60859375 0.540625 0.0125 0.02890625
0 0.57734375 0.57421875 0.0140625 0.034375
0 0.121875 0.43359375 0.0125 0.02265625
0 0.2796875 0.5078125 0.015625 0.0328125
0 0.1828125 0.4203125 0.0109375 0.02265625
0 0.30234375 0.5421875 0.0125 0.03671875
0 0.0984375 0.66875 0.0171875 0.040625
0 0.2109375 0.5375 0.0140625 0.03046875
0 0.64765625 0.8328125 0.021875 0.04609375
0 0.35625 0.5453125 0.0125 0.03046875
0 0.22265625 0.83984375 0.021875 0.0515625
0 0.384375 0.5515625 0.015625 0.03671875
0 0.65703125 0.6265625 0.0140625 0.02890625
0 0.1859375 0.4921875 0.0140625 0.02890625
0 0.725 0.9328125 0.02265625 0.05
0 0.20546875 0.57578125 0.01484375 0.03828125
0 0.5046875 0.48203125 0.009375 0.02265625
0 0.25390625 0.73359375 0.0171875 0.04609375
0 0.70859375 0.6390625 0.01640625 0.0265625
0 0.0859375 0.49140625 0.0140625 0.0265625
0 0.68828125 0.434375 0.0109375 0.0171875
0 0.6546875 0.4171875 0.009375 0.0171875
0 0.33359375 0.5375 0.0125 0.034375
0 0.571875 0.6609375 0.01640625 0.03671875
0 0.9015625 0.61640625 0.0140625 0.03046875
0 0.103125 0.7140625 0.01953125 0.04609375
0 0.371875 0.7015625 0.0171875 0.04453125
0 0.0828125 0.4203125 0.01171875 0.02265625
0 0.259375 0.64375 0.0171875 0.03671875
0 0.04609375 0.47109375 0.01484375 0.0328125
0 0.8703125 0.525 0.0125 0.025
0 0.4546875 0.92109375 0.0234375 0.05390625
0 0.4828125 0.39140625 0.0109375 0.01953125
0 0.159375 0.7046875 0.01875 0.0421875
0 0.77109375 0.45546875 0.0109375 0.02109375
0 0.8953125 0.5453125 0.01171875 0.02265625
0 0.871875 0.7890625 0.01875 0.0421875
0 0.815625 0.4546875 0.0109375 0.02265625
0 0.31640625 0.734375 0.0171875 0.040625
0 0.890625 0.66875 0.0140625 0.03671875
0 0.49296875 0.484375 0.0109375 0.025
0 0.378125 0.46484375 0.0140625 0.0265625
0 0.70625 0.58515625 0.0140625 0.0265625
0 0.97109375 0.50703125 0.0125 0.02265625
0 0.53203125 0.54609375 0.01171875 0.02890625
0 0.5640625 0.97734375 0.0296875 0.0421875
0 0.43359375 0.54609375 0.0140625 0.0328125
0 0.01640625 0.7015625 0.021875 0.05546875
0 0.915625 0.5453125 0.0125 0.02265625
0 0.09453125 0.95234375 0.0265625 0.065625
0 0.16953125 0.61015625 0.01484375 0.0421875
0 0.6859375 0.63984375 0.0171875 0.0328125
0 0.38984375 0.39765625 0.01171875 0.01953125
0 0.659375 0.4828125 0.0109375 0.02109375
0 0.80078125 0.55 0.0140625 0.025
0 0.62890625 0.5765625 0.0140625 0.02890625
0 0.7359375 0.63984375 0.0171875 0.0328125
0 0.5578125 0.5109375 0.0125 0.02265625
0 0.93125 0.7890625 0.01875 0.0421875
0 0.26953125 0.609375 0.015625 0.03671875
0 0.01796875 0.80390625 0.02421875 0.05
0 0.328125 0.4296875 0.01171875 0.02265625
0 0.6203125 0.4203125 0.0078125 0.01953125
0 0.1828125 0.36640625 0.0109375 0.01953125
0 0.7328125 0.9796875 0.0234375 0.03671875
0 0.609375 0.5828125 0.0140625 0.0328125
0 0.35625 0.41328125 0.009375 0.02109375
0 0.16328125 0.64765625 0.0171875 0.03671875
0 0.10234375 0.35703125 0.01171875 0.01953125
0 0.3703125 0.91328125 0.02421875 0.05
0 0.36640625 0.58671875 0.0140625 0.03671875
0 0.403125 0.43828125 0.0125 0.02109375
0 0.684375 0.76953125 0.01875 0.034375
0 0.4078125 0.52890625 0.0109375 0.025
0 0.34375 0.60859375 0.0140625 0.034375
0 0.86171875 0.4671875 0.0109375 0.0171875
0 0.528125 0.4828125 0.0125 0.02109375
0 0.24375 0.428125 0.0125 0.0265625
0 0.1453125 0.37109375 0.009375 0.0171875
0 0.4359375 0.68125 0.0140625 0.03046875
0 0.71953125 0.4828125 0.0109375 0.02109375
0 0.05234375 0.3671875 0.0109375 0.02109375
0 0.253125 0.4578125 0.0125 0.02890625
0 0.19609375 0.33125 0.0109375 0.0171875
0 0.01953125 0.48203125 0.015625 0.03046875
0 0.15390625 0.425 0.0109375 0.02109375
0 0.578125 0.496875 0.01171875 0.01953125
0 0.15703125 0.34375 0.00859375 0.015625
0 0.14140625 0.47421875 0.0140625 0.0265625
0 0.58046875 0.71328125 0.02265625 0.04765625
0 0.4921875 0.42734375 0.009375 0.0171875
0 0.69375 0.378125 0.00859375 0.015625
0 0.94140625 0.4203125 0.009375 0.01953125
0 0.40703125 0.35625 0.00859375 0.0171875
0 0.13984375 0.42734375 0.01171875 0.025
0 0.946875 0.49609375 0.0125 0.02109375
0 0.6734375 0.60234375 0.015625 0.03046875
0 0.50625 0.4546875 0.01171875 0.02265625
0 0.1109375 0.4578125 0.01171875 0.02890625
0 0.01796875 0.36640625 0.0109375 0.01953125
0 0.9046875 0.57890625 0.0125 0.02890625
0 0.46953125 0.35859375 0.009375 0.01953125
0 0.315625 0.40703125 0.0109375 0.01953125
0 0.5171875 0.62578125 0.015625 0.0421875
0 0.190625 0.53671875 0.01484375 0.040625
0 0.01640625 0.45234375 0.0140625 0.02109375
0 0.428125 0.378125 0.0109375 0.015625
0 0.70859375 0.76484375 0.0203125 0.04453125
0 0.6875 0.4890625 0.0140625 0.02265625
0 0.28203125 0.45390625 0.0109375 0.02890625
0 0.23359375 0.5453125 0.01484375 0.03828125
0 0.8671875 0.4921875 0.01171875 0.02109375
0 0.1921875 0.28046875 0.0078125 0.015625
0 0.3578125 0.34296875 0.0109375 0.0171875
0 0.15703125 0.5015625 0.0109375 0.0328125
0 0.76640625 0.4046875 0.0109375 0.015625
0 0.6921875 0.465625 0.009375 0.0171875
0 0.78828125 0.46484375 0.01171875 0.01953125
0 0.98125 0.43203125 0.009375 0.015625
0 0.21953125 0.27890625 0.0078125 0.01328125
0 0.79296875 0.3625 0.0078125 0.015625
0 0.05546875 0.31796875 0.00859375 0.0171875
0 0.86171875 0.3625 0.00859375 0.015625
0 0.07109375 0.38671875 0.01171875 0.02109375
0 0.75546875 0.61484375 0.01875 0.0328125
0 0.60859375 0.38125 0.00859375 0.0171875
0 0.109375 0.4921875 0.0140625 0.03671875
0 0.9609375 0.4671875 0.01171875 0.0171875
0 0.06875 0.3203125 0.00859375 0.015625
0 0.44375 0.31953125 0.00859375 0.01328125
0 0.634375 0.48203125 0.0109375 0.02265625
0 0.653125 0.3671875 0.0109375 0.0171875
0 0.83046875 0.390625 0.00859375 0.0171875
0 0.08046875 0.2953125 0.00703125 0.01171875
0 0.2328125 0.43828125 0.0109375 0.02109375
0 0.86484375 0.4203125 0.0109375 0.01953125
0 0.9265625 0.4421875 0.01171875 0.0171875
0 0.0375 0.40703125 0.01171875 0.02265625
0 0.00390625 0.4046875 0.0078125 0.01953125
0 0.0046875 0.34765625 0.00859375 0.01953125
0 0.3953125 0.33046875 0.00859375 0.015625
0 0.80546875 0.29375 0.00703125 0.01171875
0 0.57890625 0.35546875 0.009375 0.015625
0 0.33046875 0.340625 0.00859375 0.0171875
0 0.5609375 0.55546875 0.0125 0.025
0 0.0546875 0.296875 0.0078125 0.01328125
0 0.4203125 0.340625 0.009375 0.0171875
0 0.11640625 0.38203125 0.009375 0.01953125
0 0.9078125 0.434375 0.0109375 0.0171875
0 0.73046875 0.66953125 0.0171875 0.034375
0 0.3671875 0.321875 0.0078125 0.01328125
0 0.1453125 0.3078125 0.00859375 0.0171875
0 0.50390625 0.375 0.009375 0.0171875
0 0.88203125 0.6390625 0.0140625 0.03046875
0 0.2015625 0.44140625 0.0140625 0.0265625
0 0.12890625 0.36875 0.009375 0.015625
0 0.34453125 0.33984375 0.0078125 0.015625
0 0.03203125 0.33125 0.009375 0.0171875
0 0.46015625 0.53828125 0.0140625 0.02890625
0 0.6703125 0.3703125 0.009375 0.015625
0 0.72265625 0.5671875 0.0140625 0.02890625
0 0.2109375 0.4203125 0.009375 0.02265625
0 0.6171875 0.34375 0.0078125 0.015625
0 0.4546875 0.3453125 0.0078125 0.015625
0 0.35546875 0.32265625 0.0078125 0.015625
0 0.8796875 0.50859375 0.009375 0.01953125
0 0.96953125 0.36953125 0.00859375 0.0171875
0 0.09453125 0.54453125 0.0125 0.03671875
0 0.9875 0.5328125 0.0140625 0.02109375
0 0.0203125 0.278125 0.0078125 0.015625
0 0.5375 0.70625 0.01640625 0.0421875
0 0.3421875 0.41484375 0.00859375 0.01953125
0 0.94375 0.35859375 0.00859375 0.015625
0 0.5828125 0.94453125 0.01953125 0.03828125
0 0.86171875 0.690625 0.01875 0.0421875
0 0.16875 0.49453125 0.01171875 0.03671875
0 0.54375 0.3875 0.00859375 0.01953125
0 0.38125 0.33046875 0.00703125 0.015625
0 0.0921875 0.44375 0.0109375 0.02265625
0 0.98125 0.3796875 0.00859375 0.015625
0 0.52109375 0.5828125 0.01640625 0.03671875
0 0.33125 0.578125 0.01484375 0.04609375
0 0.00703125 0.4359375 0.01171875 0.02265625
0 0.49765625 0.62109375 0.01484375 0.0328125
0 0.20546875 0.28125 0.00703125 0.01328125
0 0.29375 0.3953125 0.0078125 0.01953125
0 0.8328125 0.43203125 0.00859375 0.015625
0 0.95234375 0.4203125 0.0109375 0.01953125
0 0.33359375 0.39375 0.00859375 0.01953125
0 0.22265625 0.40234375 0.01171875 0.0171875
0 0.55234375 0.6265625 0.01640625 0.040625
0 0.74296875 0.38359375 0.00859375 0.015625
0 0.73125 0.421875 0.00859375 0.015625
0 0.8953125 0.3671875 0.00859375 0.0171875
0 0.5921875 0.446875 0.009375 0.01953125
0 0.540625 0.34609375 0.0078125 0.0171875
0 0.1203125 0.715625 0.01640625 0.0421875
0 0.59296875 0.36484375 0.00703125 0.015625
0 0.9953125 0.38515625 0.0078125 0.0171875
0 0.48125 0.31953125 0.0078125 0.01328125
0 0.2109375 0.33671875 0.0078125 0.0171875
0 0.71171875 0.31171875 0.00703125 0.01328125
0 0.425 0.48828125 0.0140625 0.025
0 0.821875 0.41640625 0.0109375 0.01953125
0 0.48125 0.34140625 0.0078125 0.015625
0 0.68046875 0.26875 0.00703125 0.01171875
0 0.25625 0.3203125 0.00703125 0.01171875
0 0.63203125 0.35390625 0.0078125 0.01328125
0 0.87890625 0.5828125 0.0140625 0.02890625
0 0.06328125 0.87734375 0.028125 0.04609375
0 0.31953125 0.35390625 0.0078125 0.0171875
0 0.69453125 0.34140625 0.0078125 0.015625
0 0.38046875 0.4203125 0.0109375 0.02265625
0 0.0796875 0.33984375 0.0109375 0.015625
0 0.55546875 0.30703125 0.00703125 0.015625
0 0.08359375 0.46484375 0.0125 0.0265625
0 0.18046875 0.34296875 0.00859375 0.0171875
0 0.3421875 0.31953125 0.0078125 0.01328125
0 0.60625 0.303125 0.00703125 0.01171875
0 0.2171875 0.38359375 0.009375 0.01953125
0 0.16796875 0.32890625 0.0078125 0.01328125
0 0.01640625 0.30390625 0.009375 0.0171875
0 0.0546875 0.54921875 0.0140625 0.03828125
0 0.715625 0.61328125 0.01484375 0.02890625
0 0.4875 0.5765625 0.01484375 0.02890625
0 0.5421875 0.5203125 0.009375 0.02265625
0 0.7046875 0.35703125 0.0078125 0.015625
0 0.5578125 0.34609375 0.0078125 0.0171875
0 0.39375 0.26875 0.00703125 0.01171875
0 0.8359375 0.45546875 0.01171875 0.02109375
0 0.5578125 0.71953125 0.01640625 0.0421875
0 0.56953125 0.43203125 0.00859375 0.015625
0 0.03046875 0.28125 0.00703125 0.01328125
0 0.04765625 0.65546875 0.015625 0.040625
0 0.26875 0.34453125 0.00703125 0.0171875
0 0.96171875 0.7703125 0.01875 0.0328125
0 0.43046875 0.29375 0.00625 0.01171875
0 0.1421875 0.40078125 0.009375 0.01953125
0 0.39609375 0.97109375 0.03203125 0.05
0 0.22421875 0.990625 0.0265625 0.015625
0 0.73125 0.378125 0.00859375 0.015625