0 0.675 0.35546875 0.0375 0.0546875
0 0.50625 0.1953125 0.02421875 0.04140625
0 0.13984375 0.0796875 0.01953125 0.0328125
0 0.1734375 0.096875 0.01953125 0.0296875
0 0.41171875 0.20078125 0.0265625 0.04140625
0 0.6359375 0.41640625 0.040625 0.06015625
0 0.7015625 0.10625 0.021875 0.0296875
0 0.55390625 0.30625 0.0328125 0.04453125
0 0.11171875 0.1859375 0.028125 0.040625
0 0.79375 0.4578125 0.05546875 0.08203125
0 0.6484375 0.07578125 0.01953125 0.02890625
0 0.1796875 0.01015625 0.01875 0.0203125
0 0.246875 0.0203125 0.01484375 0.025
0 0.5765625 0.2 0.0234375 0.0375
0 0.1046875 0.0765625 0.0171875 0.0296875
0 0.221875 0.11796875 0.0171875 0.0296875
0 0.68125 0.228125 0.03046875 0.04296875
0 0.63984375 0.275 0.0359375 0.0546875
0 0.81640625 0.09453125 0.01953125 0.0296875
0 0.6046875 0.0796875 0.015625 0.025
0 0.71015625 0.5765625 0.0609375 0.10703125
0 0.284375 0.11875 0.0203125 0.03125
0 0.2546875 0.11875 0.0171875 0.0328125
0 0.7484375 0.3 0.03515625 0.05625
0 0.040625 0.11640625 0.021875 0.03515625
0 0.02109375 0.04765625 0.0203125 0.0296875
0 0.43828125 0.18125 0.0203125 0.03125
0 0.12109375 0.12421875 0.0234375 0.0328125
0 0.47265625 0.18203125 0.025 0.0390625
0 0.2140625 0.1546875 0.021875 0.0375
0 0.60859375 0.2109375 0.025 0.04140625
0 0.75078125 0.134375 0.0203125 0.0328125
0 0.6234375 0.0984375 0.01953125 0.0296875
0 0.8140625 0.253125 0.034375 0.05078125
0 0.47578125 0.54296875 0.046875 0.07578125
0 0.171875 0.06796875 0.0171875 0.02578125
0 0.50546875 0.0765625 0.01484375 0.02578125
0 0.01796875 0.07890625 0.0203125 0.0296875
0 0.3515625 0.3859375 0.0328125 0.053125
0 0.33984375 0.0796875 0.0171875 0.02734375
0 0.2109375 0.009375 0.015625 0.01875
0 0.27890625 0.0296875 0.01640625 0.02578125
0 0.2 0.11171875 0.0203125 0.03125
0 0.2140625 0.05546875 0.01640625 0.025
0 0.009375 0.1734375 0.01875 0.03125
0 0.8671875 0.34453125 0.0375 0.05859375
0 0.475 0.38515625 0.03984375 0.05703125
0 0.30703125 0.0375 0.01640625 0.025
0 0.38203125 0.02890625 0.015625 0.0234375
0 0.084375 0.28515625 0.0265625 0.04453125
0 0.06796875 0.00625 0.0171875 0.0125
0 0.85234375 0.04921875 0.0171875 0.02578125
0 0.028125 0.00625 0.015625 0.0125
0 0.37578125 0.14765625 0.02421875 0.0328125
0 0.134375 0.0140625 0.01953125 0.02734375
0 0.99296875 0.09453125 0.01171875 0.025
0 0.4328125 0.046875 0.01484375 0.0234375
0 0.01015625 0.2625 0.0203125 0.0453125
0 0.26640625 0.00625 0.015625 0.01171875
0 0.01015625 0.20703125 0.0203125 0.04140625
0 0.1046875 0.0484375 0.0171875 0.02578125
0 0.41015625 0.11875 0.021875 0.0328125
0 0.93125 0.28046875 0.0453125 0.06875
0 0.47734375 0.1078125 0.01953125 0.0328125
0 0.965625 0.93125 0.06640625 0.125
0 0.965625 0.08828125 0.01875 0.02890625
0 0.74609375 0.0796875 0.0171875 0.02734375
0 0.290625 0.00703125 0.015625 0.0140625
0 0.4359375 0.0703125 0.01875 0.02578125
0 0.559375 0.05625 0.01875 0.0234375
0 0.2921875 0.0765625 0.015625 0.02578125
0 0.73359375 0.1203125 0.01953125 0.02734375
0 0.35078125 0.01328125 0.01484375 0.0234375
0 0.23125 0.04921875 0.01875 0.03125
0 0.00703125 0.0078125 0.0140625 0.015625
0 0.4953125 0.0515625 0.0171875 0.021875
0 0.521875 0.021875 0.01484375 0.0234375
0 0.0578125 0.04453125 0.0171875 0.0234375
0 0.353125 0.05078125 0.01640625 0.0234375
0 0.990625 0.259375 0.0171875 0.0640625
0 0.7375 0.0484375 0.01484375 0.025
0 0.1484375 0.1921875 0.02734375 0.04296875
0 0.1953125 0.1671875 0.021875 0.0328125
0 0.32109375 0.00625 0.0140625 0.0125
0 0.55625 0.0328125 0.0125 0.02109375
0 0.0390625 0.2671875 0.0234375 0.03125
0 0.8953125 0.2625 0.0234375 0.0296875
0 0.3796875 0.0796875 0.0171875 0.025
0 0.0828125 0.06953125 0.0171875 0.0296875
0 0.57734375 0.02890625 0.0140625 0.0234375
0 0.74296875 0.25078125 0.0265625 0.040625
0 0.10625 0.00625 0.015625 0.0125
0 0.246875 0.16171875 0.02421875 0.0390625
0 0.3640625 0.10078125 0.0171875 0.021875
0 0.3421875 0.284375 0.0234375 0.0375