0 0.65 0.85390625 0.075 0.12578125
0 0.503125 0.73203125 0.059375 0.10390625
0 0.67421875 0.6578125 0.05 0.08359375
0 0.2453125 0.88828125 0.08125 0.1296875
0 0.2046875 0.61484375 0.04296875 0.07265625
0 0.2421875 0.6921875 0.0546875 0.090625
0 0.0921875 0.6078125 0.04609375 0.05703125
0 0.2078125 0.54375 0.03125 0.0484375
0 0.46953125 0.64453125 0.05 0.08046875
0 0.2359375 0.51015625 0.0234375 0.03671875
0 0.4671875 0.5484375 0.0328125 0.05703125
0 0.71953125 0.61640625 0.04609375 0.08359375
0 0.978125 0.36875 0.01484375 0.021875
0 0.8875 0.46640625 0.02734375 0.0390625
0 0.08125 0.490625 0.0203125 0.03515625
0 0.06328125 0.528125 0.025 0.040625
0 0.565625 0.609375 0.0421875 0.071875
0 0.38671875 0.59296875 0.04296875 0.0703125
0 0.2796875 0.6140625 0.0453125 0.07734375
0 0.68046875 0.365625 0.0140625 0.021875
0 0.815625 0.5921875 0.04765625 0.08359375
0 0.87578125 0.5625 0.03125 0.05078125
0 0.034375 0.52421875 0.0265625 0.04375
0 0.7453125 0.80234375 0.07734375 0.11796875
0 0.92890625 0.7078125 0.05390625 0.0875
0 0.3109375 0.52109375 0.028125 0.05859375
0 0.05625 0.478125 0.02421875 0.03671875
0 0.61640625 0.38359375 0.01484375 0.025
0 0.13359375 0.503125 0.025 0.0453125
0 0.17265625 0.4859375 0.021875 0.03515625
0 0.2453125 0.56953125 0.034375 0.05546875
0 0.04609375 0.4171875 0.01171875 0.0171875
0 0.1234375 0.45859375 0.0171875 0.0265625
0 0.3703125 0.3828125 0.0109375 0.0171875
0 0.9015625 0.39375 0.01953125 0.03359375
0 0.14453125 0.71171875 0.0484375 0.08046875
0 0.946875 0.36171875 0.01484375 0.0234375
0 0.5828125 0.425 0.015625 0.0265625
0 0.103125 0.51640625 0.0234375 0.0390625
0 0.86328125 0.3921875 0.015625 0.028125
0 0.5953125 0.3796875 0.0140625 0.0203125
0 0.540625 0.36875 0.0109375 0.01640625
0 0.20234375 0.4671875 0.01640625 0.03203125
0 0.103125 0.46953125 0.01875 0.028125
0 0.3390625 0.5203125 0.0234375 0.05078125
0 0.7703125 0.353125 0.01171875 0.0171875
0 0.71796875 0.3640625 0.0140625 0.021875
0 0.09453125 0.4203125 0.01171875 0.0203125
0 0.55703125 0.3671875 0.0109375 0.01640625
0 0.20859375 0.41640625 0.0125 0.0203125
0 0.73046875 0.44140625 0.0171875 0.03046875
0 0.509375 0.3765625 0.01171875 0.0171875
0 0.34765625 0.434375 0.01171875 0.021875
0 0.6515625 0.35390625 0.01171875 0.01875
0 0.1421875 0.428125 0.0140625 0.021875
0 0.1203125 0.4359375 0.0125 0.01875
0 0.22109375 0.471875 0.01875 0.03515625
0 0.3078125 0.38359375 0.0109375 0.0171875
0 0.828125 0.35703125 0.01171875 0.01875
0 0.8015625 0.353125 0.01171875 0.0171875
0 0.15703125 0.42109375 0.01171875 0.01875
0 0.915625 0.3578125 0.01484375 0.0234375
0 0.03203125 0.48125 0.0171875 0.028125
0 0.0109375 0.5 0.021875 0.03671875
0 0.44453125 0.3765625 0.01171875 0.0171875
0 0.06484375 0.421875 0.0125 0.0171875
0 0.57109375 0.365625 0.0109375 0.01640625
0 0.03046875 0.6046875 0.0390625 0.0671875
0 0.32890625 0.3765625 0.0109375 0.01484375
0 0.07734375 0.42890625 0.0125 0.0171875
0 0.009375 0.43984375 0.01484375 0.021875
0 0.728125 0.3515625 0.0109375 0.0203125
0 0.01875 0.40546875 0.0109375 0.01640625
0 0.74140625 0.353125 0.009375 0.0171875
0 0.196875 0.4359375 0.0140625 0.021875
0 0.4890625 0.378125 0.01171875 0.0171875
0 0.32109375 0.43984375 0.01171875 0.01875
0 0.946875 0.5265625 0.03203125 0.0453125
0 0.19375 0.39453125 0.00859375 0.01640625
0 0.0921875 0.44921875 0.01484375 0.025
0 0.15859375 0.44609375 0.01484375 0.021875
0 0.98125 0.34375 0.0109375 0.01640625
0 0.23125 0.38046875 0.00859375 0.01328125
0 0.18203125 0.40625 0.0109375 0.01875
0 0.95546875 0.471875 0.03203125 0.0453125
0 0.91796875 0.3328125 0.01171875 0.0171875
0 0.26953125 0.38984375 0.009375 0.01484375
0 0.5265625 0.3671875 0.0109375 0.01640625
0 0.7796875 0.340625 0.009375 0.01640625
0 0.03359375 0.43125 0.0125 0.01875
0 0.4046875 0.36953125 0.00859375 0.01484375
0 0.1703125 0.40625 0.009375 0.01875
0 0.70546875 0.353125 0.0109375 0.0171875
0 0.0046875 0.40546875 0.00859375 0.0171875
0 0.3515625 0.38125 0.009375 0.0171875
0 0.1296875 0.4046875 0.009375 0.0171875
0 0.20546875 0.39375 0.00859375 0.01640625
0 0.8875 0.31171875 0.00859375 0.01328125
0 0.10390625 0.39453125 0.0109375 0.01328125
0 0.21171875 0.43828125 0.0125 0.0203125
0 0.9328125 0.40703125 0.01484375 0.0265625
0 0.29375 0.36875 0.0078125 0.01328125
0 0.04375 0.44921875 0.01484375 0.021875
0 0.81484375 0.3546875 0.0125 0.0171875
0 0.60625 0.3515625 0.009375 0.01484375
0 0.41875 0.3546875 0.0078125 0.01171875
0 0.16796875 0.521875 0.0234375 0.03671875
0 0.90703125 0.3171875 0.0109375 0.01640625
0 0.7453125 0.3328125 0.00859375 0.01171875
0 0.35546875 0.36484375 0.0078125 0.01171875
0 0.44453125 0.353125 0.0078125 0.01171875
0 0.28046875 0.3671875 0.00703125 0.01328125
0 0.46953125 0.3546875 0.0078125 0.01171875
0 0.99453125 0.36953125 0.00859375 0.0203125
0 0.828125 0.3046875 0.0078125 0.01328125
0 0.21953125 0.403125 0.009375 0.0171875
0 0.4328125 0.3546875 0.0078125 0.01171875
0 0.25390625 0.36640625 0.0078125 0.01171875
0 0.23046875 0.43515625 0.01171875 0.0203125
0 0.5203125 0.346875 0.00859375 0.01328125
0 0.54375 0.34375 0.00703125 0.01015625
0 0.265625 0.47109375 0.0140625 0.021875
0 0.41875 0.36953125 0.00859375 0.01484375
0 0.5875 0.3609375 0.0109375 0.01640625
0 0.65703125 0.33203125 0.0078125 0.01328125
0 0.59375 0.33125 0.0078125 0.01171875
0 0.68046875 0.34296875 0.00859375 0.01171875
0 0.1453125 0.40234375 0.009375 0.01640625
0 0.75625 0.35234375 0.0109375 0.01640625
0 0.23125 0.415625 0.0109375 0.01640625
0 0.3796875 0.3546875 0.0078125 0.01171875
0 0.65703125 0.3953125 0.01484375 0.0234375
0 0.96953125 0.3046875 0.0078125 0.01328125
0 0.1765625 0.4515625 0.015625 0.021875
0 0.95625 0.29296875 0.00703125 0.01015625
0 0.63046875 0.36484375 0.0109375 0.0171875
0 0.665625 0.3640625 0.0140625 0.021875
0 0.15546875 0.40234375 0.00703125 0.01640625
0 0.21796875 0.3796875 0.00703125 0.01171875
0 0.04375 0.39453125 0.00859375 0.01328125
0 0.14140625 0.3796875 0.009375 0.01171875
0 0.8640625 0.3125 0.00859375 0.01171875
0 0.06640625 0.44765625 0.015625 0.025
0 0.30625 0.3546875 0.00703125 0.01171875
0 0.6109375 0.3375 0.0078125 0.01171875
0 0.21875 0.36796875 0.0078125 0.00859375
0 0.0671875 0.39375 0.00859375 0.01328125
0 0.25625 0.38828125 0.00859375 0.01484375
0 0.98125 0.3046875 0.0078125 0.01328125
0 0.90703125 0.303125 0.00859375 0.01328125
0 0.1109375 0.41328125 0.009375 0.01484375
0 0.05703125 0.39453125 0.00859375 0.01328125
0 0.63203125 0.346875 0.00859375 0.01328125
0 0.38984375 0.39140625 0.0109375 0.0171875
0 0.11796875 0.39453125 0.00859375 0.01484375
0 0.2671875 0.3703125 0.0078125 0.01328125
0 0.36796875 0.3546875 0.00703125 0.01171875
0 0.15546875 0.38046875 0.00703125 0.01328125
0 0.2546875 0.496875 0.01484375 0.025
0 0.28671875 0.38671875 0.0109375 0.01484375
0 0.3296875 0.3546875 0.0078125 0.01171875
0 0.99453125 0.30546875 0.00859375 0.01484375
0 0.66875 0.33125 0.00703125 0.01171875
0 0.9921875 0.31953125 0.009375 0.01484375
0 0.79375 0.31875 0.0078125 0.01015625
0 0.24296875 0.3953125 0.00859375 0.0171875
0 0.08046875 0.39375 0.00859375 0.01328125
0 0.32734375 0.39453125 0.0109375 0.01875
0 0.71875 0.33125 0.0078125 0.01171875
0 0.2453125 0.4171875 0.0109375 0.0171875
0 0.540625 0.35390625 0.0078125 0.01015625
0 0.19453125 0.36875 0.0078125 0.01015625
0 0.53125 0.33125 0.0078125 0.00859375
0 0.13046875 0.38046875 0.00703125 0.01328125
0 0.71875 0.31875 0.0078125 0.01015625
0 0.94453125 0.3046875 0.0078125 0.01328125
0 0.290625 0.45390625 0.0125 0.0203125
0 0.69296875 0.328125 0.00703125 0.01171875
0 0.81796875 0.31796875 0.00703125 0.01171875
0 0.24296875 0.36875 0.00703125 0.01015625
0 0.91875 0.29140625 0.00703125 0.01015625
0 0.64375 0.3203125 0.00703125 0.01015625
0 0.2421875 0.3796875 0.0078125 0.01171875
0 0.2796875 0.43125 0.009375 0.01640625
0 0.11796875 0.38046875 0.00703125 0.01015625
0 0.103125 0.38125 0.00859375 0.01171875
0 0.9890625 0.6375 0.01953125 0.07421875
0 0.55546875 0.34375 0.00703125 0.01015625
0 0.6203125 0.3546875 0.009375 0.01484375
0 0.49296875 0.34453125 0.00703125 0.01171875
0 0.4734375 0.3734375 0.00859375 0.01484375
0 0.95390625 0.33125 0.009375 0.01484375
0 0.2875 0.47734375 0.0125 0.0265625
0 0.16875 0.37890625 0.0078125 0.01328125
0 0.8546875 0.33359375 0.009375 0.01640625
0 0.31484375 0.465625 0.0125 0.0234375
0 0.4546875 0.35390625 0.0078125 0.01015625
0 0.0265625 0.45234375 0.015625 0.0203125
0 0.46953125 0.34375 0.0078125 0.01015625
0 0.49296875 0.33203125 0.00703125 0.01015625
0 0.1796875 0.3796875 0.0078125 0.01171875
0 0.7046875 0.3296875 0.0078125 0.01171875
0 0.56796875 0.34453125 0.00703125 0.01171875
0 0.3328125 0.47109375 0.0140625 0.021875
0 0.3953125 0.37109375 0.0078125 0.01484375
0 0.81875 0.30546875 0.00703125 0.00859375
0 0.66875 0.31796875 0.00625 0.00859375
0 0.85546875 0.30390625 0.0078125 0.01171875
0 0.77421875 0.325 0.00859375 0.01328125
0 0.53984375 0.40546875 0.0140625 0.0203125
0 0.63125 0.31875 0.00703125 0.01015625
0 0.446875 0.40625 0.0109375 0.01875
0 0.99375 0.2921875 0.00703125 0.01171875
0 0.63125 0.33046875 0.00703125 0.01015625
0 0.93125 0.2921875 0.0078125 0.00859375
0 0.83671875 0.31171875 0.00703125 0.01015625
0 0.93125 0.28046875 0.0078125 0.00859375
0 0.93046875 0.30703125 0.00859375 0.01328125
0 0.53046875 0.3453125 0.00703125 0.01015625
0 0.853125 0.3171875 0.009375 0.01328125
0 0.509375 0.41171875 0.0140625 0.0203125
0 0.29375 0.35546875 0.00625 0.01015625
0 0.7640625 0.40390625 0.01484375 0.025
0 0.24296875 0.47421875 0.01484375 0.0234375
0 0.634375 0.38671875 0.0140625 0.0203125
0 0.75390625 0.33046875 0.0078125 0.01015625
0 0.20546875 0.36875 0.00703125 0.01015625
0 0.48125 0.353125 0.0078125 0.01171875
0 0.09453125 0.39375 0.0078125 0.01328125
0 0.80625 0.30546875 0.0078125 0.00859375
0 0.56640625 0.33203125 0.0078125 0.01015625
0 0.28046875 0.35546875 0.00703125 0.01015625
0 0.6796875 0.31796875 0.00625 0.00859375
0 0.34453125 0.36640625 0.00703125 0.01171875
0 0.65625 0.31796875 0.0078125 0.00859375
0 0.34296875 0.3546875 0.0078125 0.01171875
0 0.97421875 0.325 0.0109375 0.01328125
0 0.23125 0.36796875 0.00703125 0.00859375
0 0.79375 0.30546875 0.00703125 0.01015625
0 0.8875 0.33515625 0.0109375 0.01875
0 0.68671875 0.31328125 0.00703125 0.01015625
0 0.26796875 0.35390625 0.00703125 0.01015625
0 0.95625 0.2671875 0.00703125 0.00859375
0 0.36796875 0.40546875 0.0109375 0.0203125
0 0.99375 0.27890625 0.00703125 0.00859375
0 0.31953125 0.36875 0.0078125 0.01328125
0 0.78125 0.30546875 0.0078125 0.00859375
0 0.6171875 0.31875 0.00625 0.01015625