1 0.49921875 0.4984375 0.99453125 0.99296875
1 0.7609375 0.77890625 0.015625 0.028125
1 0.77578125 0.21953125 0.0203125 0.03828125
1 0.6359375 0.6328125 0.01328125 0.021875
1 0.68359375 0.8296875 0.015625 0.0265625
1 0.71796875 0.64453125 0.0140625 0.025
1 0.56875 0.85 0.015625 0.0234375
1 0.6125 0.70546875 0.015625 0.028125
1 0.4953125 0.32109375 0.0359375 0.08515625
1 0.5203125 0.240625 0.04765625 0.09140625
1 0.0984375 0.5265625 0.0125 0.0203125
1 0.3359375 0.5359375 0.01796875 0.025
1 0.6640625 0.70703125 0.015625 0.0234375
1 0.80703125 0.696875 0.021875 0.03359375
1 0.38515625 0.94921875 0.0140625 0.025