0 0.978125 0.78671875 0.03984375 0.075
0 0.89140625 0.88984375 0.04765625 0.07734375
0 0.765625 0.95625 0.0484375 0.08515625
0 0.1984375 0.95625 0.0515625 0.08515625
0 0.9265625 0.96640625 0.046875 0.0640625
0 0.72734375 0.82890625 0.03828125 0.0703125
0 0.26796875 0.55234375 0.02421875 0.0421875
0 0.8390625 0.81484375 0.0375 0.071875
0 0.165625 0.55234375 0.025 0.0453125
0 0.6546875 0.8078125 0.040625 0.075
0 0.43828125 0.565625 0.03046875 0.0421875
0 0.3375 0.63359375 0.03046875 0.05234375
0 0.359375 0.58046875 0.025 0.0453125
0 0.2796875 0.6203125 0.0265625 0.0453125
0 0.790625 0.746875 0.0375 0.0640625
0 0.7453125 0.55234375 0.025 0.0421875
0 0.70078125 0.52734375 0.0203125 0.040625
0 0.8078125 0.57421875 0.02734375 0.05
0 0.17109375 0.47421875 0.0203125 0.03515625
0 0.4953125 0.81875 0.0453125 0.0875
0 0.2 0.6015625 0.028125 0.05234375
0 0.35859375 0.921875 0.04375 0.08671875
0 0.8078125 0.47421875 0.01953125 0.03203125
0 0.540625 0.66640625 0.0265625 0.05
0 0.66875 0.534375 0.0234375 0.03828125
0 0.91875 0.7859375 0.03828125 0.0671875
0 0.446875 0.68046875 0.03515625 0.05546875
0 0.63203125 0.71484375 0.034375 0.05703125
0 0.60703125 0.56328125 0.0203125 0.03671875
0 0.55546875 0.4984375 0.02265625 0.028125
0 0.5546875 0.5984375 0.02734375 0.0421875
0 0.62890625 0.58046875 0.0296875 0.0453125
0 0.59453125 0.79453125 0.0375 0.075
0 0.19375 0.8078125 0.04765625 0.0734375
0 0.55234375 0.5375 0.028125 0.04375
0 0.2203125 0.45703125 0.0203125 0.03828125
0 0.86171875 0.7046875 0.04375 0.071875
0 0.46875 0.47734375 0.0171875 0.03203125
0 0.6328125 0.6578125 0.0328125 0.0421875
0 0.53359375 0.421875 0.01484375 0.0265625
0 0.44609375 0.5125 0.02421875 0.03828125
0 0.67109375 0.4671875 0.0203125 0.03515625
0 0.88046875 0.509375 0.0203125 0.03515625
0 0.2109375 0.51015625 0.0234375 0.03984375
0 0.14609375 0.4640625 0.01875 0.03203125
0 0.75703125 0.453125 0.021875 0.03671875
0 0.29609375 0.484375 0.01875 0.03203125
0 0.9171875 0.71484375 0.040625 0.06015625
0 0.3859375 0.52421875 0.021875 0.03828125
0 0.3109375 0.5203125 0.0234375 0.03984375
0 0.50703125 0.5 0.0171875 0.03359375
0 0.42890625 0.63828125 0.034375 0.03828125
0 0.50234375 0.61328125 0.03046875 0.05234375
0 0.040625 0.78359375 0.03984375 0.0671875
0 0.575 0.696875 0.0328125 0.05859375
0 0.86328125 0.57734375 0.0296875 0.0453125
0 0.25234375 0.43203125 0.01875 0.03203125
0 0.15390625 0.68359375 0.0265625 0.046875
0 0.5125 0.4390625 0.015625 0.0265625
0 0.6515625 0.4078125 0.0171875 0.025
0 0.20859375 0.425 0.01875 0.025
0 0.678125 0.61328125 0.03046875 0.05
0 0.72421875 0.53046875 0.02421875 0.0421875
0 0.20546875 0.403125 0.01484375 0.01875
0 0.83359375 0.5734375 0.02421875 0.0421875
0 0.590625 0.41875 0.01484375 0.0203125
0 0.87734375 0.98828125 0.05 0.0203125
0 0.2625 0.4953125 0.02265625 0.03984375
0 0.98359375 0.584375 0.03046875 0.05234375
0 0.484375 0.49921875 0.0234375 0.03828125
0 0.5890625 0.45703125 0.0171875 0.03203125
0 0.23515625 0.50703125 0.021875 0.03984375
0 0.6203125 0.53046875 0.02421875 0.03984375
0 0.2765625 0.44921875 0.0203125 0.03515625
0 0.79921875 0.5140625 0.02265625 0.03828125
0 0.25390625 0.39375 0.015625 0.0234375
0 0.44140625 0.41484375 0.0140625 0.021875
0 0.409375 0.5171875 0.0203125 0.02890625
0 0.0828125 0.46796875 0.01953125 0.028125
0 0.334375 0.58046875 0.02421875 0.03984375
0 0.15078125 0.4984375 0.0203125 0.025
0 0.66328125 0.73984375 0.03515625 0.0453125
0 0.1671875 0.4078125 0.015625 0.021875
0 0.5234375 0.4921875 0.0171875 0.03515625
0 0.05625 0.52734375 0.01875 0.03203125
0 0.29375 0.41484375 0.01484375 0.025
0 0.6328125 0.4984375 0.0234375 0.03671875
0 0.4171875 0.44296875 0.015625 0.028125
0 0.61875 0.38984375 0.0140625 0.0203125
0 0.2765625 0.41171875 0.015625 0.0265625
0 0.4828125 0.403125 0.0140625 0.021875
0 0.3421875 0.54140625 0.01953125 0.03203125
0 0.540625 0.3921875 0.0125 0.0203125
0 0.23359375 0.40390625 0.01640625 0.0234375
0 0.4703125 0.44296875 0.01484375 0.028125
0 0.40546875 0.4890625 0.0203125 0.02890625
0 0.14609375 0.52734375 0.0203125 0.03515625
0 0.78984375 0.42890625 0.01484375 0.02890625
0 0.4296875 0.3921875 0.01171875 0.0171875
0 0.203125 0.559375 0.025 0.03203125
0 0.353125 0.71484375 0.03125 0.05703125
0 0.3609375 0.49296875 0.0171875 0.03046875
0 0.06953125 0.4421875 0.015625 0.0234375
0 0.571875 0.37890625 0.01171875 0.0171875
0 0.415625 0.37890625 0.01171875 0.0171875
0 0.1109375 0.40625 0.015625 0.025
0 0.61953125 0.4171875 0.01484375 0.0234375
0 0.009375 0.4421875 0.01484375 0.0234375
0 0.5703125 0.41796875 0.015625 0.025
0 0.4671875 0.41484375 0.01484375 0.021875
0 0.02109375 0.6984375 0.03203125 0.05
0 0.18671875 0.4390625 0.01484375 0.02890625
0 0.0546875 0.4953125 0.01953125 0.028125
0 0.07734375 0.38984375 0.0140625 0.021875
0 0.41171875 0.40390625 0.0125 0.0234375
0 0.4984375 0.4140625 0.01484375 0.0203125
0 0.55625 0.775 0.03203125 0.06875
0 0.0375 0.41484375 0.01484375 0.021875
0 0.609375 0.4421875 0.015625 0.0265625
0 0.42578125 0.48203125 0.015625 0.03203125
0 0.4578125 0.38984375 0.01171875 0.0171875
0 0.59296875 0.37890625 0.0125 0.0171875
0 0.8265625 0.45703125 0.015625 0.02890625
0 0.115625 0.4359375 0.01484375 0.025
0 0.65703125 0.37890625 0.01171875 0.0171875
0 0.13984375 0.41796875 0.01484375 0.021875
0 0.09296875 0.37109375 0.0125 0.01875
0 0.4453125 0.38984375 0.0140625 0.0171875
0 0.4671875 0.371875 0.0109375 0.0171875
0 0.15234375 0.39296875 0.0140625 0.021875
0 0.08671875 0.41328125 0.01484375 0.025
0 0.3390625 0.4984375 0.01640625 0.028125
0 0.084375 0.50234375 0.01953125 0.03203125
0 0.97578125 0.54140625 0.02265625 0.02890625
0 0.1171875 0.49140625 0.01953125 0.03359375
0 0.3015625 0.634375 0.01953125 0.0421875
0 0.06953125 0.3671875 0.01171875 0.0171875
0 0.50703125 0.396875 0.01171875 0.0171875
0 0.12578125 0.52734375 0.0203125 0.03203125
0 0.84453125 0.44609375 0.01484375 0.025
0 0.58125 0.35703125 0.0109375 0.0171875
0 0.9078125 0.38203125 0.0109375 0.0171875
0 0.41328125 0.575 0.021875 0.03671875
0 0.4515625 0.478125 0.01484375 0.025
0 0.09609375 0.4390625 0.01875 0.02890625
0 0.63984375 0.45703125 0.01875 0.03203125
0 0.16640625 0.4390625 0.0203125 0.02890625
0 0.64296875 0.378125 0.0109375 0.01328125
0 0.58359375 0.3921875 0.0125 0.0171875
0 0.9296875 0.48515625 0.0140625 0.021875
0 0.1859375 0.41484375 0.0140625 0.01875
0 0.56640625 0.35703125 0.009375 0.0171875
0 0.759375 0.88515625 0.05 0.0453125
0 0.0546875 0.428125 0.015625 0.025
0 0.5375 0.3609375 0.00859375 0.01328125
0 0.4796875 0.3828125 0.009375 0.01640625
0 0.103125 0.38203125 0.0125 0.0171875
0 0.0453125 0.4671875 0.015625 0.0265625
0 0.01796875 0.36796875 0.0125 0.021875
0 0.8875 0.43515625 0.01171875 0.0171875
0 0.5609375 0.3359375 0.0078125 0.01328125
0 0.0578125 0.365625 0.01171875 0.01875
0 0.009375 0.8078125 0.01875 0.05
0 0.53828125 0.3109375 0.00625 0.01015625
0 0.046875 0.35625 0.01171875 0.01875
0 0.55234375 0.43203125 0.0125 0.0234375
0 0.978125 0.98828125 0.0421875 0.0203125
0 0.78359375 0.57421875 0.01875 0.03828125
0 0.85859375 0.453125 0.01484375 0.021875
0 0.99296875 0.6734375 0.01171875 0.0640625
0 0.053125 0.64765625 0.0265625 0.0421875
0 0.0078125 0.52421875 0.015625 0.03203125
0 0.00625 0.46640625 0.0125 0.028125
0 0.6125 0.3359375 0.00703125 0.01328125
0 0.53203125 0.346875 0.00859375 0.01484375
0 0.58046875 0.58828125 0.02421875 0.04375
0 0.5234375 0.325 0.0078125 0.01484375
0 0.65546875 0.3296875 0.0109375 0.01484375
0 0.05390625 0.57421875 0.0234375 0.040625
0 0.91015625 0.43125 0.01171875 0.01875
0 0.54375 0.3296875 0.00703125 0.01171875
0 0.63046875 0.3546875 0.0109375 0.01484375
0 0.6515625 0.609375 0.02265625 0.03203125
0 0.16484375 0.38203125 0.0140625 0.0203125
0 0.10234375 0.690625 0.02421875 0.0453125
0 0.56640625 0.64453125 0.025 0.040625
0 0.6234375 0.4703125 0.01640625 0.0265625
0 0.0296875 0.3921875 0.0125 0.0171875
0 0.86640625 0.403125 0.009375 0.021875
0 0.62890625 0.31875 0.0078125 0.01015625
0 0.00703125 0.74296875 0.0140625 0.05390625
0 0.4859375 0.43828125 0.015625 0.028125
0 0.38125 0.484375 0.01640625 0.0265625
0 0.54375 0.34296875 0.00703125 0.01015625
0 0.5546875 0.36796875 0.009375 0.01328125