0 0.478125 0.30390625 0.05 0.06875
0 0.20234375 0.753125 0.065625 0.103125
0 0.7671875 0.01875 0.028125 0.0375
0 0.39609375 0.08671875 0.02265625 0.0375
0 0.5859375 0.190625 0.03125 0.05078125
0 0.7140625 0.03828125 0.028125 0.0484375
0 0.1421875 0.51953125 0.05625 0.08359375
0 0.38125 0.475 0.05546875 0.0875
0 0.8921875 0.1234375 0.03125 0.0546875
0 0.915625 0.59296875 0.0703125 0.0953125
0 0.36875 0.06953125 0.02421875 0.040625
0 0.54765625 0.15546875 0.03203125 0.05625
0 0.659375 0.040625 0.028125 0.04296875
0 0.79921875 0.01953125 0.03046875 0.0390625
0 0.36640625 0.15703125 0.03984375 0.05859375
0 0.5296875 0.6046875 0.0625 0.1
0 0.284375 0.31171875 0.04765625 0.06875
0 0.94609375 0.009375 0.0296875 0.01875
0 0.85078125 0.0484375 0.02734375 0.04296875
0 0.9921875 0.0203125 0.0140625 0.040625
0 0.1859375 0.31640625 0.04765625 0.0703125
0 0.103125 0.2875 0.04609375 0.06875
0 0.00859375 0.20546875 0.0171875 0.05703125
0 0.36640625 0.01640625 0.02265625 0.0328125
0 0.5265625 0.02421875 0.0171875 0.0296875
0 0.92109375 0.88515625 0.075 0.109375
0 0.1046875 0.0203125 0.03046875 0.040625
0 0.221875 0.0859375 0.02265625 0.03671875
0 0.853125 0.08828125 0.028125 0.04453125
0 0.1859375 0.009375 0.021875 0.01875