0 0.47734375 0.11875 0.01171875 0.01953125
0 0.12734375 0.13125 0.0125 0.01953125
0 0.78203125 0.59921875 0.0328125 0.05234375
0 0.40703125 0.20546875 0.015625 0.02578125
0 0.565625 0.13515625 0.01484375 0.02578125
0 0.871875 0.27421875 0.0203125 0.0375
0 0.57109375 0.06875 0.01171875 0.01796875
0 0.56328125 0.10546875 0.0140625 0.01796875
0 0.4953125 0.13125 0.0140625 0.0234375
0 0.25703125 0.234375 0.01953125 0.02890625
0 0.56875 0.2265625 0.02265625 0.03359375
0 0.06875 0.13828125 0.01640625 0.0234375
0 0.821875 0.1515625 0.01640625 0.025
0 0.0953125 0.1546875 0.01484375 0.02109375
0 0.4078125 0.14453125 0.01484375 0.0234375
0 0.3046875 0.2015625 0.0171875 0.025
0 0.459375 0.1390625 0.0125 0.02109375
0 0.03046875 0.29453125 0.0265625 0.0390625
0 0.759375 0.15078125 0.0171875 0.02578125
0 0.2984375 0.2625 0.01953125 0.0296875
0 0.840625 0.2 0.01875 0.0296875
0 0.3703125 0.190625 0.01640625 0.025
0 0.41875 0.1203125 0.0125 0.0171875
0 0.17734375 0.1546875 0.01484375 0.02109375
0 0.8984375 0.1703125 0.021875 0.03515625
0 0.45234375 0.23125 0.02265625 0.0375
0 0.23359375 0.1390625 0.0140625 0.021875
0 0.93671875 0.4546875 0.04765625 0.0640625
0 0.21953125 0.2328125 0.0234375 0.0328125
0 0.45625 0.3046875 0.02421875 0.03671875
0 0.02265625 0.11796875 0.0140625 0.01953125
0 0.59296875 0.440625 0.0328125 0.053125
0 0.48515625 0.20078125 0.0171875 0.02890625
0 0.715625 0.07890625 0.0125 0.01953125
0 0.53984375 0.0765625 0.01171875 0.01796875
0 0.00390625 0.13046875 0.0078125 0.0234375
0 0.95546875 0.18125 0.0203125 0.03125
0 0.9296875 0.06875 0.0140625 0.0234375
0 0.91328125 0.315625 0.028125 0.0453125
0 0.6203125 0.0796875 0.01171875 0.01953125
0 0.16875 0.08203125 0.01171875 0.01796875
0 0.2078125 0.13203125 0.0140625 0.01953125
0 0.328125 0.13046875 0.01171875 0.01796875
0 0.31328125 0.1171875 0.0125 0.01796875
0 0.81875 0.1859375 0.01640625 0.0328125
0 0.071875 0.28125 0.0203125 0.03125
0 0.0359375 0.13515625 0.01484375 0.02109375
0 0.221875 0.1171875 0.0125 0.01796875
0 0.415625 0.09765625 0.0109375 0.015625
0 0.27578125 0.12890625 0.01484375 0.02109375
0 0.70625 0.046875 0.0109375 0.015625
0 0.86171875 0.11953125 0.01640625 0.02578125
0 0.19140625 0.09453125 0.01171875 0.0140625
0 0.0109375 0.19375 0.0171875 0.02578125
0 0.25078125 0.1 0.0125 0.01953125
0 0.290625 0.10078125 0.01171875 0.0171875
0 0.4328125 0.2421875 0.0171875 0.02578125
0 0.92109375 0.03828125 0.0109375 0.0171875
0 0.3703125 0.225 0.0171875 0.0296875
0 0.434375 0.09453125 0.0109375 0.0140625
0 0.5046875 0.1109375 0.0140625 0.0171875
0 0.15703125 0.11015625 0.01171875 0.0171875
0 0.9671875 0.03828125 0.01171875 0.01953125
0 0.56015625 0.8421875 0.065625 0.0953125
0 0.68046875 0.071875 0.0109375 0.0171875
0 0.66015625 0.10546875 0.01171875 0.01796875
0 0.31875 0.05625 0.00859375 0.0140625
0 0.76796875 0.04296875 0.00859375 0.01328125
0 0.1234375 0.096875 0.0125 0.01953125
0 0.78203125 0.04375 0.009375 0.0140625
0 0.29375 0.2328125 0.0171875 0.025
0 0.61796875 0.0515625 0.00859375 0.0140625
0 0.20546875 0.1515625 0.0125 0.01953125
0 0.25078125 0.13203125 0.0140625 0.021875
0 0.45625 0.0796875 0.0109375 0.0171875
0 0.21953125 0.1515625 0.0140625 0.021875
0 0.3765625 0.1046875 0.0109375 0.0171875
0 0.2546875 0.05625 0.00859375 0.01171875
0 0.88359375 0.05625 0.01171875 0.01953125
0 0.040625 0.1984375 0.01640625 0.025
0 0.88359375 0.10703125 0.0140625 0.0234375
0 0.9015625 0.05546875 0.0109375 0.0171875
0 0.40390625 0.1046875 0.0109375 0.0140625
0 0.53359375 0.240625 0.01875 0.03125
0 0.99453125 0.05625 0.00859375 0.021875
0 0.6546875 0.06875 0.0109375 0.0171875
0 0.2703125 0.06796875 0.00859375 0.01328125
0 0.3578125 0.06640625 0.0109375 0.015625
0 0.1484375 0.13125 0.0140625 0.01953125
0 0.646875 0.08203125 0.01171875 0.01796875
0 0.753125 0.05 0.0109375 0.0140625
0 0.3890625 0.13828125 0.0140625 0.01796875
0 0.29296875 0.05625 0.0078125 0.01328125
0 0.79375 0.03046875 0.00859375 0.01171875
0 0.72109375 0.05546875 0.0109375 0.0140625
0 0.06484375 0.1171875 0.0125 0.01796875
0 0.2796875 0.09453125 0.009375 0.0140625
0 0.86640625 0.01796875 0.00859375 0.01328125
0 0.40703125 0.05546875 0.0078125 0.01171875
0 0.59296875 0.10546875 0.0140625 0.01796875
0 0.3921875 0.0640625 0.0078125 0.01328125
0 0.34453125 0.04296875 0.00859375 0.01328125
0 0.6796875 0.05390625 0.009375 0.0140625
0 0.88203125 0.0171875 0.009375 0.01328125
0 0.8421875 0.0390625 0.00859375 0.01328125
0 0.73125 0.03828125 0.0078125 0.0140625
0 0.48125 0.06796875 0.0078125 0.01328125
0 0.46953125 0.08203125 0.0109375 0.015625
0 0.95625 0.01328125 0.0109375 0.015625
0 0.34453125 0.0796875 0.009375 0.0140625
0 0.2796875 0.05625 0.0078125 0.01171875
0 0.5578125 0.05546875 0.009375 0.01171875
0 0.98046875 0.075 0.0140625 0.025
0 0.81875 0.03203125 0.00859375 0.0140625
0 0.38046875 0.05625 0.00703125 0.01328125
0 0.90703125 0.01640625 0.009375 0.0140625
0 0.88046875 0.0296875 0.0109375 0.0140625
0 0.30703125 0.09296875 0.0109375 0.0140625
0 0.3765625 0.12578125 0.0140625 0.01953125
0 0.33359375 0.0796875 0.0109375 0.0140625
0 0.3921875 0.04296875 0.0078125 0.0078125
0 0.45546875 0.0296875 0.00703125 0.0078125
0 0.63125 0.04453125 0.00703125 0.01328125
0 0.45625 0.05625 0.00703125 0.01328125
0 0.578125 0.04375 0.0078125 0.01171875
0 0.50703125 0.0421875 0.0078125 0.01171875
0 0.4328125 0.05546875 0.0078125 0.01171875
0 0.33046875 0.05625 0.00859375 0.0140625
0 0.3046875 0.053125 0.0078125 0.01328125
0 0.48125 0.04140625 0.0078125 0.01015625
0 0.32890625 0.20390625 0.015625 0.021875
0 0.49296875 0.04140625 0.00703125 0.01015625
0 0.89453125 0.13046875 0.015625 0.02578125
0 0.89296875 0.0875 0.0125 0.01796875
0 0.65703125 0.04375 0.00859375 0.01171875
0 0.53203125 0.04375 0.0078125 0.01171875
0 0.94453125 0.0171875 0.009375 0.015625
0 0.69375 0.0296875 0.00703125 0.01015625
0 0.46796875 0.0296875 0.00703125 0.0078125
0 0.5203125 0.0796875 0.009375 0.0140625
0 0.68046875 0.03046875 0.00703125 0.01171875
0 0.93671875 0.03828125 0.0109375 0.0140625
0 0.54375 0.0546875 0.00859375 0.01328125
0 0.7671875 0.02890625 0.0078125 0.01015625
0 0.50703125 0.05625 0.009375 0.0171875
0 0.71875 0.01796875 0.0078125 0.01328125
0 0.83125 0.0328125 0.00703125 0.01328125
0 0.2921875 0.06875 0.0109375 0.01328125
0 0.40625 0.0421875 0.0078125 0.01171875
0 0.44296875 0.0453125 0.00703125 0.01171875
0 0.56796875 0.046875 0.00703125 0.01328125
0 0.5125 0.13125 0.0125 0.0234375
0 0.78125 0.0171875 0.0078125 0.01171875
0 0.2296875 0.07890625 0.0109375 0.0140625
0 0.3421875 0.05625 0.00859375 0.01328125
0 0.38125 0.04375 0.00703125 0.01171875
0 0.60625 0.03046875 0.00703125 0.01171875
0 0.66875 0.06875 0.00859375 0.01796875
0 0.80703125 0.03125 0.00859375 0.01328125
0 0.48125 0.0296875 0.00703125 0.0078125
0 0.85625 0.01953125 0.00859375 0.01328125
0 0.6546875 0.03046875 0.0078125 0.01171875
0 0.43046875 0.04375 0.00703125 0.01171875
0 0.8609375 0.0375 0.009375 0.01796875
0 0.61796875 0.03046875 0.00703125 0.01171875
0 0.8421875 0.01875 0.0078125 0.01171875
0 0.63125 0.03046875 0.00703125 0.01171875
0 0.5296875 0.03046875 0.00625 0.01171875
0 0.7046875 0.0296875 0.0078125 0.0078125
0 0.7453125 0.13125 0.01484375 0.0234375
0 0.55546875 0.0296875 0.00703125 0.0078125
0 0.54375 0.0296875 0.00625 0.0078125
0 0.428125 0.06796875 0.0109375 0.01328125
0 0.44375 0.0296875 0.00703125 0.0078125
0 0.59296875 0.0296875 0.00703125 0.0078125
0 0.31875 0.09453125 0.0109375 0.0140625
0 0.21953125 0.05625 0.00859375 0.01328125
0 0.79375 0.0171875 0.00703125 0.01171875
0 0.5171875 0.03046875 0.00625 0.01171875
0 0.75546875 0.01796875 0.00703125 0.01328125
0 0.44453125 0.34921875 0.02265625 0.03671875
0 0.6421875 0.04375 0.0078125 0.01171875
0 0.50625 0.03125 0.00703125 0.0078125
0 0.58046875 0.03125 0.00703125 0.0078125
0 0.54375 0.01796875 0.00625 0.0078125
0 0.74375 0.01875 0.00703125 0.01171875
0 0.634375 0.0640625 0.0109375 0.015625
0 0.7328125 0.14375 0.0140625 0.01953125
0 0.55390625 0.06875 0.009375 0.01796875
0 0.8046875 0.0171875 0.0078125 0.01015625
0 0.9546875 0.065625 0.0140625 0.01953125
0 0.85625 0.0796875 0.01171875 0.015625
0 0.9671875 0.00546875 0.009375 0.01015625
0 0.49296875 0.03125 0.00703125 0.0078125
0 0.98359375 0.0046875 0.0109375 0.009375
0 0.23671875 0.06171875 0.00859375 0.0140625
0 0.3734375 0.0734375 0.00859375 0.0140625
0 0.93046875 0.0171875 0.00859375 0.015625
0 0.51875 0.0421875 0.00703125 0.01171875
0 0.35625 0.04453125 0.00703125 0.01015625
0 0.2671875 0.1671875 0.01484375 0.01953125
0 0.68046875 0.01796875 0.00703125 0.0078125
0 0.41796875 0.05390625 0.0078125 0.01171875
0 0.50625 0.0171875 0.00625 0.00625
0 0.7546875 0.03046875 0.00859375 0.01171875
0 0.5171875 0.0171875 0.00625 0.00625
0 0.51796875 0.05625 0.00859375 0.01328125
0 0.10859375 0.0875 0.0125 0.0171875
0 0.36875 0.05625 0.00703125 0.01171875
0 0.71796875 0.03046875 0.00703125 0.01171875
0 0.48046875 0.01796875 0.00625 0.0078125
0 0.60703125 0.06875 0.0109375 0.0171875
0 0.49296875 0.0171875 0.00703125 0.00625
0 0.4953125 0.06953125 0.00859375 0.0140625
0 0.46796875 0.0421875 0.0078125 0.01171875
0 0.81953125 0.01640625 0.0078125 0.01171875
0 0.43046875 0.03125 0.00703125 0.0078125
0 0.20234375 0.0796875 0.0109375 0.015625
0 0.74375 0.0046875 0.00703125 0.009375
0 0.49375 0.05546875 0.00703125 0.01171875
0 0.25390625 0.0765625 0.009375 0.015625
0 0.73046875 0.01875 0.0078125 0.01171875
0 0.53046875 0.0171875 0.00703125 0.00625
0 0.99375 0.01796875 0.009375 0.01796875
0 0.69296875 0.046875 0.00703125 0.01328125
0 0.56875 0.0296875 0.00703125 0.0078125
0 0.91875 0.0171875 0.00859375 0.0140625
0 0.21953125 0.06875 0.00859375 0.01328125
0 0.59375 0.01796875 0.0078125 0.0078125
0 0.440625 0.0171875 0.00703125 0.01171875
0 0.12890625 0.19375 0.0171875 0.02578125
0 0.16875 0.1921875 0.01953125 0.02734375
0 0.9796875 0.01796875 0.0109375 0.01796875
0 0.74375 0.04296875 0.00703125 0.01328125
0 0.83046875 0.0171875 0.00703125 0.01171875
0 0.60625 0.01796875 0.00625 0.0078125
0 0.58671875 0.06171875 0.00859375 0.01171875
0 0.61796875 0.0046875 0.00703125 0.009375
0 0.58046875 0.01796875 0.00703125 0.0078125
0 0.61796875 0.01796875 0.00703125 0.0078125