0 0.865625 0.29375 0.0265625 0.04296875
0 0.93828125 0.696875 0.0765625 0.103125
0 0.34453125 0.046875 0.01171875 0.01796875
0 0.78515625 0.9 0.0859375 0.1265625
0 0.1390625 0.159375 0.021875 0.0296875
0 0.9109375 0.15703125 0.0171875 0.0296875
0 0.49140625 0.4125 0.0484375 0.06484375
0 0.4015625 0.175 0.01953125 0.02734375
0 0.28515625 0.1515625 0.0171875 0.025
0 0.1171875 0.85078125 0.06875 0.103125
0 0.4046875 0.3359375 0.0328125 0.046875
0 0.30625 0.325 0.02421875 0.0375
0 0.5296875 0.18828125 0.01953125 0.0296875
0 0.3046875 0.79140625 0.0609375 0.109375
0 0.91875 0.31875 0.0296875 0.04453125
0 0.2984375 0.18671875 0.01953125 0.0296875
0 0.9515625 0.05546875 0.015625 0.025
0 0.296875 0.4125 0.0375 0.0484375
0 0.23359375 0.3734375 0.028125 0.04453125
0 0.95234375 0.44296875 0.046875 0.0625
0 0.6203125 0.0703125 0.0125 0.02109375
0 0.484375 0.16171875 0.01953125 0.02578125
0 0.8359375 0.14296875 0.021875 0.03125
0 0.58359375 0.1359375 0.01640625 0.021875
0 0.17109375 0.40625 0.028125 0.0390625
0 0.08046875 0.1546875 0.01875 0.02890625
0 0.159375 0.0296875 0.0140625 0.02109375
0 0.74140625 0.10625 0.01640625 0.025
0 0.8453125 0.0796875 0.01640625 0.0234375
0 0.9859375 0.10078125 0.01484375 0.021875
0 0.80234375 0.1515625 0.0203125 0.0296875
0 0.22265625 0.32578125 0.0296875 0.0390625
0 0.1515625 0.05703125 0.0140625 0.02109375
0 0.44140625 0.81875 0.0625 0.10703125
0 0.509375 0.12265625 0.01484375 0.02578125
0 0.846875 0.24921875 0.025 0.0375
0 0.75703125 0.2125 0.0234375 0.02734375
0 0.9890625 0.3109375 0.01953125 0.0484375
0 0.3453125 0.23671875 0.0234375 0.03671875
0 0.39140625 0.2875 0.0265625 0.0375
0 0.23359375 0.14140625 0.0171875 0.025
0 0.45390625 0.0390625 0.0140625 0.01796875
0 0.2 0.06875 0.0140625 0.01953125
0 0.55546875 0.115625 0.01484375 0.0234375
0 0.44453125 0.1859375 0.021875 0.0296875
0 0.825 0.04453125 0.0140625 0.02109375
0 0.87265625 0.47265625 0.04609375 0.06796875
0 0.6671875 0.08828125 0.015625 0.02109375
0 0.6171875 0.178125 0.0171875 0.03125
0 0.3609375 0.15 0.0171875 0.02578125
0 0.06328125 0.1390625 0.01640625 0.025
0 0.725 0.0921875 0.01484375 0.0234375
0 0.1984375 0.2046875 0.021875 0.03125
0 0.68984375 0.0375 0.0125 0.01953125
0 0.7671875 0.0640625 0.0140625 0.02109375
0 0.509375 0.06953125 0.0125 0.021875
0 0.64296875 0.19296875 0.01640625 0.02578125
0 0.5578125 0.05625 0.01171875 0.01796875
0 0.2765625 0.21171875 0.0234375 0.0375
0 0.11875 0.0328125 0.0125 0.01796875
0 0.0515625 0.11875 0.01484375 0.0234375
0 0.2203125 0.1703125 0.0171875 0.02734375
0 0.446875 0.1609375 0.0171875 0.01953125
0 0.5375 0.065625 0.01484375 0.021875
0 0.61484375 0.14296875 0.01640625 0.02578125
0 0.93515625 0.04375 0.01484375 0.01953125
0 0.6671875 0.11875 0.015625 0.025
0 0.40703125 0.05625 0.01171875 0.01796875
0 0.1109375 0.18125 0.01953125 0.0296875
0 0.596875 0.0796875 0.0125 0.02109375
0 0.23984375 0.05078125 0.0125 0.01796875
0 0.92109375 0.08203125 0.01484375 0.0234375
0 0.71796875 0.0625 0.0125 0.01796875
0 0.103125 0.0765625 0.0140625 0.02109375
0 0.5578125 0.17890625 0.015625 0.025
0 0.71015625 0.03125 0.0140625 0.02109375
0 0.06875 0.0171875 0.0125 0.0171875
0 0.80234375 0.0421875 0.0125 0.01953125
0 0.978125 0.0375 0.0140625 0.0234375
0 0.88203125 0.01640625 0.01171875 0.01953125
0 0.259375 0.15 0.0171875 0.0234375
0 0.0046875 0.1421875 0.009375 0.0234375
0 0.89609375 0.0484375 0.01484375 0.01953125
0 0.2484375 0.2109375 0.01875 0.02578125
0 0.26796875 0.025 0.0109375 0.01796875
0 0.39296875 0.08125 0.0125 0.01953125
0 0.84375 0.00625 0.0140625 0.01171875
0 0.02734375 0.01796875 0.0140625 0.01796875
0 0.096875 0.01796875 0.0140625 0.01796875
0 0.0046875 0.09296875 0.009375 0.01953125
0 0.48125 0.00625 0.00859375 0.01171875
0 0.9453125 0.00625 0.015625 0.0125
0 0.87890625 0.03828125 0.0140625 0.01953125
0 0.79296875 0.0078125 0.01171875 0.015625
0 0.7640625 0.00625 0.0125 0.0125
0 0.85625 0.04296875 0.01484375 0.0234375
0 0.05546875 0.040625 0.0125 0.01953125
0 0.55703125 0.00625 0.0109375 0.01171875
0 0.7390625 0.03203125 0.01171875 0.01953125
0 0.2484375 0.08203125 0.01484375 0.02109375
0 0.6421875 0.034375 0.01171875 0.01953125
0 0.66796875 0.00625 0.0109375 0.0125
0 0.52109375 0.00625 0.0109375 0.01171875
0 0.06328125 0.071875 0.0140625 0.01953125
0 0.59453125 0.053125 0.0125 0.01796875
0 0.3015625 0.146875 0.015625 0.02109375
0 0.6265625 0.0296875 0.0140625 0.01953125
0 0.80703125 0.07890625 0.01484375 0.021875
0 0.74375 0.00625 0.0125 0.01171875
0 0.2828125 0.03125 0.0109375 0.01796875
0 0.86796875 0.00625 0.0140625 0.0125
0 0.69375 0.00703125 0.0125 0.0140625
0 0.43125 0.00546875 0.0109375 0.01015625
0 0.590625 0.00625 0.0125 0.01171875
0 0.4921875 0.00625 0.009375 0.01171875
0 0.290625 0.04765625 0.01171875 0.01953125
0 0.56328125 0.0796875 0.01484375 0.025
0 0.75859375 0.24453125 0.0265625 0.0390625
0 0.60625 0.03046875 0.01171875 0.01953125
0 0.228125 0.0390625 0.01171875 0.015625
0 0.70703125 0.00625 0.0140625 0.0125
0 0.02734375 0.1109375 0.0140625 0.01796875
0 0.36953125 0.05625 0.0109375 0.01796875
0 0.66875 0.02421875 0.01171875 0.0171875
0 0.7734375 0.0296875 0.0140625 0.02109375
0 0.03046875 0.12890625 0.01484375 0.01796875
0 0.57734375 0.0625 0.0140625 0.01796875
0 0.4578125 0.00546875 0.00859375 0.01015625
0 0.546875 0.24296875 0.0171875 0.0296875
0 0.7734375 0.11015625 0.015625 0.025
0 0.94375 0.02890625 0.01484375 0.02109375
0 0.84453125 0.021875 0.0140625 0.01796875
0 0.6171875 0.00625 0.01171875 0.01171875
0 0.72109375 0.0078125 0.0125 0.015625
0 0.2953125 0.01875 0.0109375 0.0140625
0 0.5703125 0.00625 0.009375 0.0125
0 0.63125 0.00625 0.01171875 0.01171875
0 0.9640625 0.0921875 0.015625 0.0234375
0 0.3796875 0.1328125 0.01484375 0.0234375
0 0.6453125 0.009375 0.01171875 0.0171875
0 0.4828125 0.03828125 0.009375 0.0171875
0 0.46953125 0.00546875 0.00859375 0.01015625
0 0.00625 0.02578125 0.01171875 0.01796875
0 0.75859375 0.11171875 0.01484375 0.02578125
0 0.01796875 0.08125 0.0125 0.0140625
0 0.13125 0.0671875 0.01171875 0.01953125
0 0.4546875 0.01875 0.0109375 0.0140625
0 0.44140625 0.01640625 0.009375 0.0140625
0 0.89453125 0.00625 0.0109375 0.0125
0 0.11171875 0.0078125 0.0125 0.015625
0 0.71953125 0.15703125 0.01640625 0.02734375
0 0.3984375 0.1015625 0.0140625 0.02109375
0 0.38125 0.046875 0.0109375 0.01796875
0 0.32890625 0.00625 0.009375 0.01171875
0 0.2171875 0.02578125 0.0109375 0.01796875
0 0.603125 0.0125 0.01171875 0.0171875
0 0.5453125 0.01953125 0.009375 0.015625
0 0.8390625 0.04765625 0.01484375 0.01953125
0 0.0296875 0.04453125 0.0140625 0.0234375
0 0.740625 0.08046875 0.0125 0.01796875
0 0.50703125 0.00625 0.009375 0.01171875
0 0.2453125 0.0171875 0.01171875 0.0140625
0 0.46953125 0.0203125 0.00859375 0.0171875
0 0.5171875 0.0265625 0.009375 0.0171875
0 0.47890625 0.01953125 0.0109375 0.015625
0 0.00390625 0.00625 0.0078125 0.0125
0 0.89765625 0.11171875 0.01640625 0.01796875
0 0.37578125 0.09765625 0.0140625 0.02109375
0 0.4125 0.0125 0.00859375 0.0140625
0 0.07890625 0.00625 0.0140625 0.01171875
0 0.4109375 0.03828125 0.009375 0.0140625
0 0.8046875 0.00546875 0.01171875 0.01015625
0 0.2640625 0.259375 0.0265625 0.0375
0 0.9859375 0.0078125 0.015625 0.015625
0 0.57890625 0.01875 0.009375 0.0171875
0 0.20625 0.00625 0.01171875 0.01171875
0 0.8140625 0.01796875 0.0140625 0.01796875