1 0.49921875 0.50546875 0.99375 0.9609375
1 0.62421875 0.83046875 0.03984375 0.0671875
1 0.41953125 0.8828125 0.08125 0.178125
1 0.21328125 0.6015625 0.03359375 0.0609375
1 0.45 0.434375 0.0375 0.0609375
1 0.52421875 0.88046875 0.0984375 0.18359375
1 0.63671875 0.540625 0.03984375 0.0671875
1 0.93828125 0.484375 0.04375 0.0609375
1 0.59921875 0.29375 0.0359375 0.05859375
1 0.21875 0.83828125 0.03984375 0.0671875
1 0.68828125 0.4125 0.03359375 0.05546875
1 0.1515625 0.53203125 0.04375 0.0671875
1 0.42578125 0.821875 0.0359375 0.05546875
1 0.37109375 0.5265625 0.0359375 0.0609375
1 0.5375 0.5515625 0.03359375 0.05546875
1 0.53671875 0.821875 0.03984375 0.0671875
1 0.06171875 0.51796875 0.0359375 0.0609375
1 0.421875 0.2546875 0.03984375 0.05859375
1 0.1390625 0.875 0.0859375 0.1953125
1 0.49765625 0.3953125 0.0375 0.0609375
1 0.415625 0.68671875 0.0359375 0.0640625
1 0.821875 0.3703125 0.0375 0.0609375
1 0.334375 0.7078125 0.03359375 0.0609375
1 0.6109375 0.88984375 0.10078125 0.18671875
1 0.5375 0.28125 0.03359375 0.05546875
1 0.3265625 0.21171875 0.03359375 0.05546875
1 0.76171875 0.88828125 0.10078125 0.15625
1 0.77109375 0.73125 0.0359375 0.06953125
1 0.7171875 0.5375 0.0375 0.05546875
1 0.4125 0.190625 0.03359375 0.05859375
1 0.775 0.84296875 0.04375 0.0640625
1 0.24453125 0.49296875 0.0375 0.05546875
1 0.76953125 0.26484375 0.0375 0.0609375
1 0.80546875 0.56015625 0.03359375 0.05546875
1 0.25234375 0.68828125 0.03984375 0.0671875
1 0.496875 0.2015625 0.0359375 0.05859375
1 0.325 0.90390625 0.08125 0.17578125
1 0.53125 0.578125 0.10078125 0.1140625
1 0.33125 0.85078125 0.03984375 0.06953125
1 0.1609375 0.728125 0.0421875 0.05859375
1 0.925 0.89140625 0.10859375 0.20625
1 0.2890625 0.7984375 0.03359375 0.05859375
1 0.1328125 0.8078125 0.0359375 0.0609375
1 0.484375 0.73515625 0.03125 0.05
1 0.225 0.89453125 0.08984375 0.178125
1 0.15703125 0.41796875 0.03359375 0.0671875
1 0.6296875 0.603125 0.0375 0.053125
1 0.2 0.36875 0.03125 0.053125
1 0.86796875 0.5890625 0.0375 0.053125
1 0.49375 0.0640625 0.03359375 0.0609375
1 0.27421875 0.56796875 0.0375 0.0609375
1 0.48046875 0.31875 0.0359375 0.05859375
1 0.8390625 0.1265625 0.03359375 0.05859375
1 0.796875 0.64765625 0.0421875 0.0640625
1 0.23203125 0.43203125 0.0375 0.0609375
1 0.23515625 0.3078125 0.03125 0.053125
1 0.9078125 0.38828125 0.0421875 0.0640625
1 0.85703125 0.83046875 0.03984375 0.05546875
1 0.40390625 0.6015625 0.0375 0.0609375
1 0.37734375 0.45 0.04375 0.05859375
1 0.471875 0.61875 0.03984375 0.0671875
1 0.29921875 0.31328125 0.0375 0.0640625
1 0.3578125 0.29140625 0.0375 0.05859375
1 0.39453125 0.37890625 0.06484375 0.1
1 0.36640625 0.09921875 0.03359375 0.053125
1 0.29609375 0.41796875 0.0359375 0.0609375
1 0.76015625 0.76640625 0.09453125 0.1390625
1 0.178125 0.1796875 0.03359375 0.053125
1 0.1015625 0.35390625 0.0359375 0.0609375
1 0.11328125 0.62265625 0.03359375 0.04765625
1 0.946875 0.8203125 0.03984375 0.0640625
1 0.5890625 0.08359375 0.0359375 0.05546875
1 0.6234375 0.3703125 0.0375 0.0609375
1 0.025 0.58203125 0.0375 0.0671875
1 0.765625 0.41328125 0.0375 0.05859375
1 0.64140625 0.253125 0.0359375 0.05546875
1 0.52109375 0.45 0.0375 0.05859375
1 0.5921875 0.4484375 0.0375 0.0609375
1 0.696875 0.2703125 0.0375 0.05546875
1 0.08671875 0.71015625 0.0359375 0.05546875
1 0.8515625 0.26015625 0.0375 0.06953125
1 0.7921875 0.1953125 0.0359375 0.0609375
1 0.41953125 0.32578125 0.03125 0.05546875
1 0.421875 0.27578125 0.08125 0.1
1 0.49921875 0.23515625 0.08984375 0.13125
1 0.30625 0.1296875 0.0359375 0.05859375
1 0.76015625 0.31484375 0.07734375 0.16171875
1 0.25078125 0.73671875 0.0921875 0.1640625
1 0.6546875 0.16328125 0.03359375 0.05859375
1 0.8984375 0.66953125 0.03984375 0.05859375
1 0.64296875 0.4609375 0.0359375 0.05859375
1 0.44765625 0.496875 0.08359375 0.18671875
1 0.334375 0.75078125 0.0921875 0.14765625
1 0.5484375 0.13359375 0.03359375 0.0609375
1 0.4140625 0.73984375 0.10078125 0.16953125
1 0.79375 0.090625 0.03984375 0.0640625
1 0.24453125 0.21875 0.0375 0.0640625
1 0.21328125 0.6421875 0.09609375 0.1421875
1 0.90234375 0.2921875 0.03984375 0.0609375
1 0.559375 0.36328125 0.0359375 0.05859375
1 0.25234375 0.0890625 0.03125 0.05
1 0.48984375 0.11171875 0.0796875 0.15625
1 0.0953125 0.2015625 0.0359375 0.05859375
1 0.325 0.24765625 0.0984375 0.13359375
1 0.9203125 0.528125 0.0875 0.14765625
1 0.075 0.4453125 0.03359375 0.05546875
1 0.03046875 0.228125 0.03125 0.0671875
1 0.03984375 0.628125 0.0796875 0.15859375
1 0.7140625 0.5625 0.0734375 0.11171875
1 0.17265625 0.26328125 0.03125 0.05859375
1 0.20390625 0.1375 0.03125 0.04765625
1 0.5828125 0.22265625 0.03125 0.05546875
1 0.0859375 0.2984375 0.03359375 0.05
1 0.7015625 0.34140625 0.0359375 0.053125
1 0.659375 0.075 0.03359375 0.0609375
1 0.4125 0.2171875 0.07109375 0.1171875
1 0.6296875 0.5640625 0.0796875 0.1140625
1 0.82109375 0.27421875 0.0359375 0.0640625
1 0.3640625 0.14453125 0.0625 0.15078125
1 0.42265625 0.075 0.03359375 0.0609375
1 0.4671875 0.64375 0.0734375 0.12265625
1 0.62109375 0.64765625 0.0921875 0.1421875
1 0.39296875 0.36484375 0.0375 0.0671875
1 0.94453125 0.228125 0.0359375 0.05546875
1 0.8 0.48203125 0.03984375 0.0671875
1 0.3984375 0.6296875 0.06484375 0.1171875
1 0.24296875 0.52890625 0.08359375 0.13359375
1 0.83359375 0.77421875 0.03984375 0.05546875
1 0.98203125 0.30078125 0.03125 0.0609375
1 0.9375 0.11015625 0.03359375 0.053125
1 0.17578125 0.30625 0.0921875 0.14453125
1 0.91875 0.1765625 0.0375 0.05859375
1 0.1359375 0.1375 0.02890625 0.053125
1 0.3671875 0.5609375 0.09453125 0.13125
1 0.63828125 0.73671875 0.10859375 0.1421875
1 0.7140625 0.228125 0.0359375 0.05
1 0.84296875 0.8875 0.08359375 0.16953125
1 0.08984375 0.74921875 0.0796875 0.13359375
1 0.1609375 0.45859375 0.0875 0.14765625
1 0.8765625 0.19921875 0.03359375 0.053125
1 0.25234375 0.125 0.0734375 0.12265625
1 0.484375 0.7703125 0.0734375 0.125
1 0.8546875 0.4875 0.03984375 0.07265625
1 0.32734375 0.62109375 0.03984375 0.0609375
1 0.71015625 0.140625 0.03125 0.05859375
1 0.7125 0.60859375 0.03984375 0.04765625
1 0.8734375 0.06015625 0.0359375 0.04765625
1 0.97578125 0.5875 0.0359375 0.05546875
1 0.73203125 0.07265625 0.03359375 0.05
1 0.0765625 0.125 0.03125 0.05546875
1 0.68515625 0.4453125 0.0734375 0.128125
1 0.0671875 0.5546875 0.10078125 0.13359375
1 0.97734375 0.4203125 0.0375 0.05546875
1 0.6515625 0.69375 0.0359375 0.0609375
1 0.69140625 0.82421875 0.0359375 0.05546875
1 0.340625 0.36875 0.03359375 0.053125
1 0.2984375 0.4625 0.0859375 0.15625
1 0.325 0.63671875 0.0859375 0.1140625
1 0.5890625 0.12109375 0.06484375 0.13671875
1 0.009375 0.30234375 0.01875 0.0640625