0 0.6671875 0.5046875 0.015625 0.025
0 0.21171875 0.6 0.028125 0.04296875
0 0.76484375 0.44453125 0.015625 0.021875
0 0.934375 0.62421875 0.0421875 0.05625
0 0.55546875 0.49765625 0.01640625 0.02578125
0 0.790625 0.44375 0.01640625 0.0234375
0 0.44296875 0.4609375 0.01484375 0.02578125
0 0.5640625 0.59765625 0.034375 0.04453125
0 0.66875 0.7421875 0.0421875 0.05703125
0 0.9203125 0.546875 0.02734375 0.04140625
0 0.86875 0.415625 0.0125 0.021875
0 0.0546875 0.71171875 0.0390625 0.05625
0 0.890625 0.4203125 0.0140625 0.021875
0 0.178125 0.3796875 0.0125 0.01953125
0 0.7 0.4984375 0.0171875 0.02578125
0 0.8546875 0.6390625 0.03515625 0.046875
0 0.165625 0.46328125 0.0203125 0.02890625
0 0.0203125 0.41953125 0.0171875 0.02109375
0 0.478125 0.48125 0.01640625 0.025
0 0.409375 0.5484375 0.02421875 0.0375
0 0.60703125 0.55625 0.0203125 0.0296875
0 0.409375 0.440625 0.01640625 0.025
0 0.6625 0.5375 0.0265625 0.0390625
0 0.30234375 0.503125 0.0203125 0.0328125
0 0.32734375 0.5296875 0.021875 0.03125
0 0.5140625 0.5109375 0.015625 0.0296875
0 0.7625 0.54375 0.025 0.0375
0 0.98984375 0.44140625 0.01875 0.02578125
0 0.06953125 0.534375 0.025 0.03515625
0 0.446875 0.43046875 0.0140625 0.01953125
0 0.38984375 0.42578125 0.01484375 0.0234375
0 0.2453125 0.4859375 0.01640625 0.0234375
0 0.10234375 0.49921875 0.0203125 0.025
0 0.3234375 0.4546875 0.015625 0.0234375
0 0.60859375 0.4015625 0.01171875 0.01953125
0 0.88984375 0.39453125 0.0125 0.01796875
0 0.628125 0.47265625 0.01484375 0.02109375
0 0.5796875 0.39765625 0.01171875 0.0171875
0 0.134375 0.46171875 0.0203125 0.025
0 0.2078125 0.4703125 0.01953125 0.02890625
0 0.94453125 0.3921875 0.01171875 0.0171875
0 0.22578125 0.484375 0.01953125 0.02578125
0 0.23671875 0.53203125 0.02265625 0.0328125
0 0.21875 0.37890625 0.0140625 0.01796875
0 0.93125 0.38515625 0.0140625 0.01796875
0 0.9671875 0.3703125 0.0140625 0.01953125
0 0.0796875 0.4421875 0.01953125 0.0296875
0 0.31953125 0.4078125 0.0140625 0.02109375
0 0.171875 0.43125 0.015625 0.0234375
0 0.63984375 0.5390625 0.0171875 0.02890625
0 0.0578125 0.4515625 0.0171875 0.021875
0 0.721875 0.79921875 0.04609375 0.0703125
0 0.265625 0.4890625 0.01953125 0.02734375
0 0.0953125 0.53515625 0.0296875 0.03671875
0 0.36953125 0.36640625 0.0109375 0.0140625
0 0.7828125 0.46953125 0.01484375 0.021875
0 0.3421875 0.36875 0.0109375 0.01796875
0 0.4890625 0.5796875 0.03125 0.0453125
0 0.18828125 0.35390625 0.0140625 0.02109375
0 0.29921875 0.446875 0.01640625 0.025
0 0.12890625 0.384375 0.015625 0.01953125
0 0.44140625 0.36328125 0.01171875 0.01796875
0 0.47265625 0.3828125 0.01171875 0.01796875
0 0.99375 0.35546875 0.009375 0.01796875
0 0.7953125 0.35625 0.0109375 0.0140625
0 0.5578125 0.44375 0.0140625 0.0234375
0 0.28046875 0.38125 0.0140625 0.01796875
0 0.39453125 0.35703125 0.009375 0.01328125
0 0.91953125 0.3796875 0.0109375 0.0140625
0 0.6140625 0.37265625 0.01171875 0.015625
0 0.99375 0.5921875 0.009375 0.03671875
0 0.28984375 0.34296875 0.01171875 0.0140625
0 0.14921875 0.43203125 0.01640625 0.0234375
0 0.7703125 0.35546875 0.009375 0.01328125
0 0.353125 0.39765625 0.01171875 0.0171875
0 0.428125 0.35703125 0.0109375 0.01328125
0 0.69296875 0.365625 0.00703125 0.01328125
0 0.5453125 0.38046875 0.0109375 0.01328125
0 0.73515625 0.553125 0.0171875 0.0234375
0 0.053125 0.41796875 0.01484375 0.01796875
0 0.57734375 0.4359375 0.01171875 0.0171875
0 0.31640625 0.3203125 0.009375 0.015625
0 0.40703125 0.35546875 0.009375 0.01328125
0 0.71171875 0.3375 0.00703125 0.01328125
0 0.73125 0.31796875 0.00703125 0.0078125
0 0.79375 0.31875 0.00625 0.0078125
0 0.5578125 0.41953125 0.0109375 0.01796875
0 0.75859375 0.35546875 0.0109375 0.01328125
0 0.7625 0.31171875 0.00625 0.00625
0 0.75625 0.3296875 0.00703125 0.01171875
0 0.33046875 0.3703125 0.0109375 0.0171875
0 0.73125 0.38046875 0.00859375 0.01328125
0 0.94375 0.28125 0.00703125 0.0078125
0 0.7421875 0.3296875 0.00625 0.0078125
0 0.81875 0.33046875 0.00703125 0.0078125
0 0.234375 0.38203125 0.0140625 0.01953125
0 0.8296875 0.30546875 0.00625 0.00625
0 0.8046875 0.3046875 0.00625 0.0078125
0 0.7734375 0.32421875 0.00625 0.0078125
0 0.98203125 0.321875 0.0109375 0.0140625
0 0.3921875 0.38046875 0.01171875 0.01796875
0 0.4671875 0.4515625 0.01484375 0.01953125
0 0.69375 0.33046875 0.00703125 0.0078125
0 0.7875 0.31171875 0.00625 0.00625
0 0.4671875 0.41328125 0.01171875 0.0171875
0 0.81953125 0.3421875 0.0078125 0.01171875
0 0.81875 0.31875 0.00703125 0.0078125
0 0.78125 0.3296875 0.0078125 0.0078125
0 0.98046875 0.3046875 0.0078125 0.01015625
0 0.78046875 0.31875 0.00703125 0.00625
0 0.75625 0.31796875 0.00703125 0.0078125
0 0.66875 0.3296875 0.00703125 0.01015625
0 0.65625 0.3296875 0.0078125 0.01015625
0 0.5578125 0.36875 0.009375 0.01328125
0 0.9609375 0.31171875 0.0078125 0.01171875
0 0.99375 0.415625 0.009375 0.01953125
0 0.78046875 0.30546875 0.00703125 0.00625
0 0.8875 0.2875 0.0046875 0.00625
0 0.725 0.32421875 0.00625 0.0078125
0 0.76796875 0.3296875 0.00703125 0.01171875