0 0.9734375 0.39296875 0.04296875 0.0640625
0 0.3734375 0.65390625 0.05703125 0.08515625
0 0.0203125 0.4328125 0.040625 0.06875
0 0.22578125 0.2859375 0.0390625 0.06015625
0 0.63984375 0.32421875 0.04140625 0.0625
0 0.6640625 0.60390625 0.05703125 0.07734375
0 0.09296875 0.74765625 0.0640625 0.09921875
0 0.81953125 0.41640625 0.0484375 0.07265625
0 0.3 0.2265625 0.04140625 0.06015625
0 0.68515625 0.48203125 0.05 0.08359375
0 0.15 0.325 0.04453125 0.0640625
0 0.64921875 0.88046875 0.08046875 0.11875
0 0.88046875 0.3171875 0.040625 0.06015625
0 0.58984375 0.53359375 0.05390625 0.09140625
0 0.06875 0.565625 0.0546875 0.0890625
0 0.8109375 0.20078125 0.03828125 0.05546875
0 0.83125 0.71796875 0.071875 0.10546875
0 0.94609375 0.79296875 0.0734375 0.1140625
0 0.47265625 0.3796875 0.0421875 0.075
0 0.75390625 0.43828125 0.05703125 0.0875
0 0.7859375 0.3578125 0.04609375 0.06640625
0 0.85625 0.58984375 0.0609375 0.096875
0 0.915625 0.93671875 0.08359375 0.11875
0 0.19375 0.39921875 0.046875 0.07109375
0 0.69140625 0.3640625 0.0484375 0.0640625
0 0.60234375 0.71328125 0.08984375 0.13515625
0 0.35625 0.225 0.0453125 0.0640625
0 0.93984375 0.56484375 0.0546875 0.0890625
0 0.20859375 0.2328125 0.04140625 0.05234375
0 0.5234375 0.409375 0.0484375 0.07109375
0 0.2171875 0.64375 0.06328125 0.1
0 0.2421875 0.84921875 0.0984375 0.12421875
0 0.5171875 0.69921875 0.06484375 0.10546875
0 0.44296875 0.76328125 0.071875 0.115625
0 0.88515625 0.23125 0.0421875 0.05625
0 0.984375 0.16640625 0.0296875 0.0578125
0 0.02890625 0.69609375 0.05625 0.09140625
0 0.38671875 0.4015625 0.05078125 0.0765625
0 0.26328125 0.4734375 0.06171875 0.1
0 0.43671875 0.28671875 0.0453125 0.06796875
0 0.97265625 0.67109375 0.053125 0.10390625
0 0.86796875 0.384375 0.04921875 0.07109375
0 0.33203125 0.49453125 0.05625 0.08125
0 0.36171875 0.56640625 0.065625 0.07265625
0 0.365625 0.9015625 0.08046875 0.1015625
0 0.9453125 0.23828125 0.03671875 0.0578125
0 0.77421875 0.24921875 0.0421875 0.06015625
0 0.23046875 0.11484375 0.0328125 0.04921875
0 0.628125 0.2265625 0.03828125 0.05546875
0 0.93984375 0.06328125 0.03515625 0.04375
0 0.06484375 0.3640625 0.0453125 0.0640625
0 0.9875 0.253125 0.0234375 0.06015625
0 0.14921875 0.2546875 0.04296875 0.05546875
0 0.1734375 0.20390625 0.0390625 0.05546875
0 0.5203125 0.11953125 0.03828125 0.0515625
0 0.7328125 0.17734375 0.0390625 0.05859375
0 0.98203125 0.5125 0.034375 0.0828125
0 0.0140625 0.10625 0.02734375 0.05390625
0 0.2828125 0.359375 0.0453125 0.06796875
0 0.08984375 0.12421875 0.03359375 0.04296875
0 0.69453125 0.1921875 0.0390625 0.05625
0 0.23359375 0.95625 0.0875 0.08515625
0 0.49609375 0.221875 0.03671875 0.04765625
0 0.690625 0.26484375 0.04609375 0.05625
0 0.4484375 0.1625 0.0390625 0.05625
0 0.04453125 0.09296875 0.028125 0.04765625
0 0.565625 0.33125 0.046875 0.05625
0 0.009375 0.3140625 0.01875 0.0640625
0 0.3640625 0.121875 0.03828125 0.05390625
0 0.58671875 0.1125 0.03828125 0.04609375
0 0.634375 0.5140625 0.04140625 0.07265625
0 0.48984375 0.28828125 0.040625 0.06015625
0 0.5328125 0.03671875 0.0265625 0.04296875
0 0.428125 0.375 0.040625 0.06796875
0 0.44453125 0.0109375 0.0296875 0.021875
0 0.14921875 0.06796875 0.0265625 0.0390625
0 0.73046875 0.13203125 0.0328125 0.03125
0 0.46640625 0.115625 0.04140625 0.05234375
0 0.325 0.1390625 0.034375 0.03984375
0 0.2140625 0.07109375 0.0296875 0.03671875
0 0.42734375 0.109375 0.02734375 0.04140625
0 0.5953125 0.16796875 0.0421875 0.06015625
0 0.1078125 0.21640625 0.03515625 0.04140625
0 0.05078125 0.28828125 0.040625 0.05234375
0 0.18515625 0.0171875 0.02734375 0.03359375
0 0.6734375 0.71015625 0.05078125 0.1
0 0.421875 0.2203125 0.04140625 0.05234375
0 0.95078125 0.33359375 0.04140625 0.04921875
0 0.8046875 0.30625 0.04453125 0.04921875
0 0.00625 0.05546875 0.01171875 0.04296875
0 0.178125 0.134375 0.03671875 0.04765625
0 0.11328125 0.26171875 0.03359375 0.05234375
0 0.68515625 0.09140625 0.0328125 0.0453125
0 0.27734375 0.05859375 0.02734375 0.0375
0 0.1734375 0.08359375 0.0296875 0.04296875
0 0.06171875 0.2375 0.040625 0.0515625
0 0.3796875 0.06796875 0.03359375 0.04609375
0 0.771875 0.19765625 0.03359375 0.04375
0 0.59296875 0.0359375 0.03515625 0.04375
0 0.08671875 0.16640625 0.03359375 0.0453125
0 0.209375 0.57734375 0.05078125 0.03671875
0 0.484375 0.00625 0.0296875 0.0125
0 0.93359375 0.00625 0.03671875 0.0125
0 0.134375 0.11171875 0.03046875 0.0453125
0 0.58359375 0.07109375 0.0328125 0.03515625
0 0.0921875 0.04296875 0.0296875 0.04375
0 0.47265625 0.065625 0.03046875 0.0390625
0 0.97578125 0.0078125 0.0390625 0.01484375
0 0.84375 0.334375 0.04140625 0.0375
0 0.15859375 0.009375 0.0234375 0.01875
0 0.56171875 0.009375 0.03046875 0.01875
0 0.215625 0.0078125 0.0234375 0.01484375
0 0.7453125 0.36171875 0.03359375 0.03671875
0 0.9921875 0.31640625 0.0140625 0.05625
0 0.08046875 0.0859375 0.03125 0.0390625
0 0.50625 0.6078125 0.06484375 0.06015625
0 0.24453125 0.03125 0.0234375 0.0328125
0 0.34921875 0.0609375 0.028125 0.03671875