1 0.49921875 0.8328125 0.996875 0.321875
1 0.2296875 0.9703125 0.034375 0.0515625
1 0.49140625 0.94765625 0.0296875 0.05
1 0.1421875 0.884375 0.03203125 0.05
1 0.4453125 0.96484375 0.0328125 0.05
1 0.3515625 0.90078125 0.03125 0.046875
1 0.1703125 0.9078125 0.0296875 0.05234375
1 0.63359375 0.953125 0.03515625 0.06171875
1 0.30859375 0.91875 0.0328125 0.05703125
1 0.0984375 0.925 0.034375 0.046875
1 0.31953125 0.97890625 0.040625 0.03671875
1 0.0671875 0.82421875 0.0265625 0.040625
1 0.37734375 0.87734375 0.0265625 0.046875
1 0.3546875 0.94765625 0.0328125 0.05390625
1 0.49921875 0.60078125 0.99296875 0.78359375
1 0.21171875 0.89296875 0.02734375 0.046875
1 0.1578125 0.6921875 0.0171875 0.0234375
1 0.27890625 0.9375 0.028125 0.0484375
1 0.6078125 0.90859375 0.025 0.03671875
1 0.42109375 0.95703125 0.03125 0.0515625
1 0.19140625 0.86484375 0.03125 0.0421875
1 0.76796875 0.90078125 0.028125 0.04375
1 0.8078125 0.9078125 0.03125 0.046875
1 0.790625 0.928125 0.025 0.046875
1 0.29140625 0.48828125 0.01484375 0.025
1 0.353125 0.815625 0.02265625 0.040625
1 0.0265625 0.925 0.025 0.05
1 0.90078125 0.7078125 0.01640625 0.025
1 0.6734375 0.896875 0.02265625 0.03984375
1 0.053125 0.9359375 0.03125 0.046875
1 0.5140625 0.94375 0.0234375 0.0421875
1 0.17890625 0.96796875 0.028125 0.046875
1 0.275 0.8796875 0.034375 0.06171875
1 0.8515625 0.49921875 0.0140625 0.0203125
1 0.5203125 0.90078125 0.03125 0.05234375
1 0.57734375 0.89921875 0.0328125 0.046875
1 0.2078125 0.23828125 0.0125 0.01875
1 0.278125 0.8671875 0.02734375 0.03984375
1 0.7515625 0.49765625 0.0125 0.0203125
1 0.32421875 0.4828125 0.015625 0.025
1 0.2359375 0.89453125 0.0296875 0.04375
1 0.21953125 0.81328125 0.021875 0.03671875
1 0.1453125 0.96953125 0.0328125 0.05
1 0.39765625 0.94140625 0.0265625 0.04375
1 0.721875 0.90390625 0.03125 0.0484375
1 0.81953125 0.946875 0.034375 0.03671875
1 0.2390625 0.23671875 0.0140625 0.01875
1 0.6765625 0.809375 0.021875 0.03515625
1 0.73359375 0.734375 0.0171875 0.025
1 0.5203125 0.9828125 0.0375 0.02890625
1 0.88203125 0.859375 0.0203125 0.03515625
1 0.04296875 0.703125 0.0171875 0.025
1 0.7390625 0.875 0.021875 0.03984375
1 0.1203125 0.85859375 0.03046875 0.0484375
1 0.2859375 0.68359375 0.0125 0.0203125
1 0.3265625 0.84296875 0.028125 0.046875
1 0.45390625 0.6953125 0.0125 0.0171875
1 0.90859375 0.8984375 0.03046875 0.0421875
1 0.0515625 0.88046875 0.03046875 0.03984375
1 0.284375 0.70546875 0.034375 0.0640625
1 0.54765625 0.89140625 0.02734375 0.05
1 0.184375 0.68984375 0.0125 0.0171875
1 0.1203125 0.84921875 0.025 0.02890625
1 0.58125 0.84453125 0.02421875 0.03828125
1 0.9015625 0.728125 0.0328125 0.065625
1 0.4484375 0.8953125 0.021875 0.03359375
1 0.6515625 0.88984375 0.028125 0.0453125
1 0.3109375 0.88203125 0.03046875 0.03671875
1 0.453125 0.9359375 0.03515625 0.046875
1 0.271875 0.89296875 0.02734375 0.040625
1 0.4515625 0.81171875 0.02421875 0.03671875
1 0.66953125 0.94296875 0.034375 0.05
1 0.71015625 0.85546875 0.025 0.0421875
1 0.31328125 0.69921875 0.0125 0.01875
1 0.4265625 0.8875 0.02734375 0.04375
1 0.1625 0.81796875 0.02265625 0.03046875
1 0.4875 0.853125 0.02265625 0.03046875
1 0.48359375 0.9 0.02734375 0.03984375
1 0.7859375 0.86171875 0.0265625 0.0484375
1 0.821875 0.98046875 0.04609375 0.03359375
1 0.84921875 0.95859375 0.028125 0.03671875
1 0.5546875 0.9484375 0.0328125 0.040625
1 0.58046875 0.9375 0.02265625 0.03359375
1 0.7375 0.93828125 0.028125 0.04375
1 0.88359375 0.90859375 0.02421875 0.03671875
1 0.90703125 0.93359375 0.03125 0.0453125
1 0.1890625 0.79921875 0.02265625 0.03828125
1 0.24375 0.94375 0.0359375 0.06328125
1 0.74921875 0.82421875 0.02265625 0.04375
1 0.375 0.9421875 0.0234375 0.0453125
1 0.8328125 0.87421875 0.02265625 0.03828125
1 0.30234375 0.8046875 0.01875 0.03359375
1 0.7078125 0.97890625 0.03984375 0.03359375
1 0.49921875 0.5390625 0.9953125 0.15234375
1 0.6921875 0.88671875 0.0234375 0.0453125