0 0.403125 0.325 0.03828125 0.0640625
0 0.54921875 0.28125 0.0359375 0.0625
0 0.22578125 0.1234375 0.0296875 0.04296875
0 0.4296875 0.12578125 0.0296875 0.0484375
0 0.2625 0.01171875 0.028125 0.0234375
0 0.35625 0.17265625 0.0328125 0.05078125
0 0.165625 0.0921875 0.0296875 0.04453125
0 0.26484375 0.6140625 0.059375 0.08984375
0 0.64921875 0.1546875 0.034375 0.0546875
0 0.6453125 0.20625 0.0328125 0.0484375
0 0.7796875 0.15390625 0.040625 0.0703125
0 0.87578125 0.0328125 0.03203125 0.04921875
0 0.58828125 0.0140625 0.0296875 0.028125
0 0.9890625 0.05625 0.01953125 0.053125
0 0.1921875 0.01484375 0.034375 0.0296875
0 0.93359375 0.1421875 0.03125 0.05625
0 0.3046875 0.0078125 0.0234375 0.015625
0 0.503125 0.00625 0.02421875 0.01171875
0 0.50390625 0.04140625 0.025 0.03671875