0 0.8453125 0.365625 0.01640625 0.0234375
0 0.84453125 0.29140625 0.01484375 0.02109375
0 0.9046875 0.30078125 0.01484375 0.02109375
0 0.68828125 0.45 0.02421875 0.0328125
0 0.6421875 0.4609375 0.025 0.03359375
0 0.103125 0.88125 0.05625 0.08046875
0 0.0609375 0.43046875 0.01640625 0.025
0 0.73984375 0.478125 0.0203125 0.03515625
0 0.8734375 0.31640625 0.01640625 0.02109375
0 0.6 0.43515625 0.0203125 0.03125
0 0.978125 0.4859375 0.0328125 0.04453125
0 0.0453125 0.52265625 0.0265625 0.0375
0 0.5515625 0.4421875 0.02265625 0.0328125
0 0.0921875 0.534375 0.0234375 0.03515625
0 0.92421875 0.29140625 0.01640625 0.0234375
0 0.1 0.4203125 0.01640625 0.025
0 0.684375 0.31796875 0.0140625 0.01796875
0 0.8078125 0.296875 0.01484375 0.02109375
0 0.4171875 0.46015625 0.015625 0.025
0 0.134375 0.55078125 0.02265625 0.03671875
0 0.94453125 0.475 0.03125 0.0484375
0 0.3953125 0.39921875 0.0140625 0.01953125
0 0.73125 0.3171875 0.0125 0.01953125
0 0.234375 0.41171875 0.015625 0.0234375
0 0.39921875 0.44296875 0.01640625 0.02578125
0 0.759375 0.31796875 0.01171875 0.01796875
0 0.16875 0.4078125 0.0140625 0.01796875
0 0.1484375 0.40390625 0.015625 0.02109375
0 0.415625 0.36171875 0.0171875 0.0234375
0 0.76640625 0.48046875 0.021875 0.03125
0 0.3390625 0.36328125 0.015625 0.0234375
0 0.7921875 0.31796875 0.0140625 0.01796875
0 0.00625 0.6109375 0.0125 0.0390625
0 0.70234375 0.303125 0.01171875 0.015625
0 0.728125 0.2765625 0.009375 0.01171875
0 0.54375 0.29296875 0.0078125 0.01328125
0 0.03359375 0.4546875 0.01875 0.02734375
0 0.6546875 0.315625 0.0109375 0.0171875
0 0.6671875 0.28125 0.009375 0.01328125
0 0.59765625 0.2671875 0.01171875 0.0140625
0 0.4609375 0.4078125 0.0140625 0.02109375
0 0.0046875 0.3421875 0.009375 0.01328125
0 0.6171875 0.29296875 0.01171875 0.01328125
0 0.70546875 0.2796875 0.00859375 0.01328125
0 0.0328125 0.33515625 0.0109375 0.0140625
0 0.7703125 0.27890625 0.009375 0.01328125
0 0.6296875 0.28125 0.009375 0.01328125
0 0.74453125 0.26875 0.00859375 0.01171875
0 0.56953125 0.29375 0.009375 0.01171875
0 0.7671875 0.2546875 0.009375 0.01171875
0 0.0203125 0.3421875 0.01171875 0.01328125
0 0.53046875 0.29140625 0.00703125 0.01015625
0 0.571875 0.25625 0.01171875 0.0171875
0 0.7171875 0.25625 0.0078125 0.01171875
0 0.6859375 0.2875 0.009375 0.01171875
0 0.87734375 0.3609375 0.01875 0.025
0 0.7046875 0.25625 0.0078125 0.01171875
0 0.78046875 0.25625 0.0109375 0.01171875
0 0.8703125 0.25625 0.01640625 0.02109375
0 0.6546875 0.2921875 0.00859375 0.0140625
0 0.05234375 0.3328125 0.0125 0.0140625
0 0.7796875 0.29140625 0.01171875 0.015625
0 0.69296875 0.2671875 0.00703125 0.01171875
0 0.7171875 0.30546875 0.0109375 0.0140625
0 0.75703125 0.25546875 0.0078125 0.0078125
0 0.253125 0.14296875 0.00859375 0.01328125
0 0.7609375 0.28828125 0.0109375 0.0140625
0 0.40703125 0.853125 0.05 0.08203125
0 0.7171875 0.26875 0.00859375 0.01171875
0 0.73125 0.25546875 0.00703125 0.01015625
0 0.1546875 0.42890625 0.01640625 0.021875