0 0.896875 0.01484375 0.02421875 0.0296875
0 0.84453125 0.01953125 0.025 0.0390625
0 0.60859375 0.19296875 0.03203125 0.0546875
0 0.56953125 0.04140625 0.021875 0.03359375
0 0.5078125 0.04453125 0.021875 0.03359375
0 0.1453125 0.06953125 0.021875 0.0328125
0 0.196875 0.1140625 0.0265625 0.03515625
0 0.6109375 0.01796875 0.025 0.0359375
0 0.96328125 0.09765625 0.034375 0.05234375
0 0.815625 0.0875 0.0265625 0.04453125
0 0.478125 0.04453125 0.02265625 0.03359375
0 0.8421875 0.2734375 0.04296875 0.06796875
0 0.9046875 0.084375 0.0359375 0.05234375
0 0.21015625 0.034375 0.0234375 0.0328125
0 0.509375 0.2265625 0.0265625 0.04140625
0 0.45078125 0.40390625 0.04765625 0.0703125
0 0.53125 0.3734375 0.03125 0.053125
0 0.575 0.38828125 0.03125 0.0546875
0 0.75078125 0.0484375 0.02734375 0.046875
0 0.109375 0.0859375 0.0234375 0.03671875
0 0.93828125 0.27265625 0.046875 0.06875
0 0.40546875 0.00625 0.0171875 0.0125
0 0.84296875 0.4171875 0.06328125 0.103125
0 0.8703125 0.00859375 0.025 0.0171875
0 0.3671875 0.0875 0.021875 0.0328125
0 0.5546875 0.45703125 0.015625 0.0234375