0 0.7140625 0.65390625 0.025 0.040625
0 0.65703125 0.5625 0.01640625 0.025
0 0.65703125 0.71015625 0.0328125 0.05078125
0 0.29921875 0.671875 0.0359375 0.05546875
0 0.0828125 0.61875 0.0234375 0.03515625
0 0.415625 0.71640625 0.03203125 0.05546875
0 0.9359375 0.66328125 0.0296875 0.0421875
0 0.9125 0.7171875 0.0421875 0.065625
0 0.12734375 0.62734375 0.02421875 0.03671875
0 0.834375 0.76875 0.04375 0.06875
0 0.65859375 0.8015625 0.0421875 0.0640625
0 0.98515625 0.61640625 0.02734375 0.0453125
0 0.9625 0.64765625 0.03046875 0.05078125
0 0.2359375 0.759375 0.040625 0.0671875
0 0.89453125 0.63359375 0.0234375 0.04375
0 0.7171875 0.59453125 0.01875 0.02890625
0 0.634375 0.95 0.0671875 0.09765625
0 0.5390625 0.60390625 0.0171875 0.03359375
0 0.0546875 0.5453125 0.0171875 0.025
0 0.22890625 0.603125 0.028125 0.05
0 0.44296875 0.6359375 0.02421875 0.03671875
0 0.4671875 0.66875 0.03203125 0.05859375
0 0.4984375 0.6796875 0.0359375 0.05390625
0 0.9265625 0.628125 0.025 0.03046875
0 0.7796875 0.5625 0.0171875 0.025
0 0.3921875 0.65859375 0.0296875 0.040625
0 0.50625 0.59921875 0.01875 0.028125
0 0.7390625 0.58359375 0.01953125 0.03203125
0 0.6828125 0.54609375 0.01484375 0.0234375
0 0.47578125 0.85703125 0.04765625 0.07890625
0 0.7484375 0.67421875 0.0359375 0.05859375
0 0.84453125 0.70078125 0.034375 0.05546875
0 0.27265625 0.6265625 0.034375 0.05234375
0 0.790625 0.60546875 0.02265625 0.03203125
0 0.49140625 0.5625 0.01640625 0.021875
0 0.6859375 0.66640625 0.0296875 0.0390625
0 0.77109375 0.74765625 0.034375 0.0640625
0 0.0328125 0.5515625 0.0203125 0.02890625
0 0.8625 0.65625 0.03046875 0.03359375
0 0.58984375 0.575 0.0171875 0.03203125
0 0.80234375 0.65234375 0.028125 0.03828125
0 0.696875 0.58359375 0.01875 0.025
0 0.4984375 0.63203125 0.0265625 0.02890625
0 0.4703125 0.5296875 0.0140625 0.0171875
0 0.403125 0.5203125 0.0140625 0.01875
0 0.42109375 0.66015625 0.0265625 0.02890625
0 0.4828125 0.58984375 0.0171875 0.02890625
0 0.73671875 0.62734375 0.0203125 0.03046875
0 0.2078125 0.54296875 0.01171875 0.0203125
0 0.8109375 0.70859375 0.03828125 0.05703125
0 0.82890625 0.62578125 0.021875 0.028125
0 0.88984375 0.5953125 0.02265625 0.0265625
0 0.7 0.7046875 0.0328125 0.0421875
0 0.6234375 0.55234375 0.015625 0.025
0 0.33046875 0.54765625 0.01484375 0.0203125
0 0.334375 0.634375 0.0265625 0.0421875
0 0.46328125 0.55234375 0.01484375 0.021875
0 0.60234375 0.51953125 0.01171875 0.0171875
0 0.921875 0.94921875 0.0765625 0.09921875
0 0.353125 0.565625 0.01640625 0.025
0 0.503125 0.528125 0.0140625 0.01875
0 0.8109375 0.59453125 0.0171875 0.028125
0 0.82109375 0.53125 0.0140625 0.0203125
0 0.42109375 0.58359375 0.01640625 0.025
0 0.71171875 0.74375 0.034375 0.0453125
0 0.671875 0.51796875 0.01171875 0.0171875
0 0.42421875 0.6078125 0.01875 0.028125
0 0.946875 0.57734375 0.021875 0.03046875
0 0.76796875 0.58203125 0.01640625 0.021875
0 0.359375 0.60234375 0.0234375 0.03359375
0 0.85859375 0.58828125 0.0171875 0.02890625
0 0.73125 0.53203125 0.01484375 0.021875
0 0.8390625 0.59453125 0.0171875 0.028125
0 0.70546875 0.534375 0.0125 0.0203125
0 0.51796875 0.565625 0.01640625 0.025
0 0.90703125 0.53125 0.01640625 0.0234375
0 0.778125 0.6734375 0.02421875 0.0453125
0 0.853125 0.6234375 0.021875 0.0234375
0 0.28515625 0.58203125 0.01953125 0.025
0 0.65546875 0.52109375 0.0125 0.0171875
0 0.1375 0.58984375 0.01640625 0.0265625
0 0.3015625 0.625 0.02265625 0.02890625
0 0.38671875 0.5734375 0.0171875 0.0265625
0 0.2828125 0.5328125 0.0140625 0.0171875
0 0.5984375 0.65 0.0328125 0.0390625
0 0.853125 0.50234375 0.0125 0.0203125
0 0.92265625 0.54296875 0.015625 0.0234375
0 0.84453125 0.54375 0.015625 0.01875
0 0.83359375 0.51640625 0.0125 0.0203125
0 0.63203125 0.50546875 0.01171875 0.01875
0 0.70546875 0.62109375 0.0203125 0.025
0 0.90546875 0.57109375 0.0171875 0.0234375
0 0.03359375 0.675 0.0359375 0.05703125
0 0.359375 0.54296875 0.01171875 0.0171875
0 0.34140625 0.52890625 0.0109375 0.01640625
0 0.7609375 0.53359375 0.0140625 0.021875
0 0.83671875 0.5640625 0.01640625 0.021875
0 0.64296875 0.52734375 0.0125 0.0203125
0 0.6484375 0.58828125 0.01953125 0.0234375
0 0.33359375 0.58046875 0.01640625 0.025
0 0.634375 0.6203125 0.0265625 0.03515625
0 0.24765625 0.571875 0.01484375 0.0203125
0 0.85859375 0.54140625 0.01484375 0.0203125
0 0.07734375 0.5578125 0.0171875 0.0265625
0 0.425 0.55 0.01484375 0.025
0 0.21953125 0.5640625 0.0140625 0.021875
0 0.8671875 0.49609375 0.01171875 0.0171875
0 0.3671875 0.51953125 0.01171875 0.0171875
0 0.81953125 0.49609375 0.01171875 0.0171875
0 0.384375 0.5328125 0.0125 0.0203125
0 0.07734375 0.53515625 0.01484375 0.01875
0 0.315625 0.54375 0.01484375 0.021875
0 0.221875 0.54296875 0.0125 0.0203125
0 0.78359375 0.53515625 0.0125 0.021875
0 0.37265625 0.5578125 0.01640625 0.0234375
0 0.3078125 0.5953125 0.0171875 0.0234375
0 0.20234375 0.5640625 0.0171875 0.025
0 0.2046875 0.61640625 0.0203125 0.03203125
0 0.48125 0.51640625 0.0109375 0.01640625
0 0.93984375 0.54609375 0.01484375 0.0234375
0 0.453125 0.52890625 0.01171875 0.01875
0 0.6890625 0.52109375 0.0109375 0.0171875
0 0.4609375 0.60546875 0.0171875 0.0265625
0 0.41484375 0.5015625 0.01171875 0.01875
0 0.8703125 0.5625 0.0171875 0.025
0 0.6 0.55 0.01484375 0.01875
0 0.2453125 0.53359375 0.0109375 0.01875
0 0.66171875 0.53828125 0.0125 0.01875
0 0.04453125 0.75625 0.04765625 0.07265625
0 0.7125 0.51015625 0.0125 0.01875
0 0.45859375 0.50390625 0.0109375 0.0171875
0 0.74375 0.50546875 0.0125 0.01875
0 0.7578125 0.48359375 0.009375 0.01640625
0 0.83125 0.49453125 0.01171875 0.01640625
0 0.98125 0.540625 0.01484375 0.01875
0 0.27578125 0.55546875 0.01484375 0.021875
0 0.7984375 0.53359375 0.0140625 0.021875
0 0.60625 0.47734375 0.00859375 0.01171875
0 0.2921875 0.49453125 0.009375 0.01640625
0 0.05859375 0.51953125 0.0140625 0.0171875
0 0.0203125 0.521875 0.01171875 0.01875
0 0.65703125 0.50234375 0.009375 0.0171875
0 0.434375 0.51953125 0.0125 0.0171875
0 0.5828125 0.48046875 0.009375 0.01484375
0 0.746875 0.53125 0.0125 0.0203125
0 0.9546875 0.54140625 0.015625 0.0234375
0 0.64296875 0.48125 0.00859375 0.01328125
0 0.54375 0.55390625 0.01171875 0.01875
0 0.4953125 0.5046875 0.0109375 0.01875
0 0.9046875 0.490625 0.0109375 0.01484375
0 0.378125 0.4953125 0.0109375 0.01640625
0 0.06171875 0.6515625 0.0265625 0.0421875
0 0.45625 0.47890625 0.00703125 0.01171875
0 0.0078125 0.5296875 0.0140625 0.0203125
0 0.4046875 0.47890625 0.0078125 0.01171875
0 0.69453125 0.4875 0.009375 0.01484375
0 0.73671875 0.484375 0.0109375 0.01484375
0 0.89140625 0.49296875 0.009375 0.01640625
0 0.88125 0.50546875 0.0109375 0.0171875
0 0.26484375 0.540625 0.0125 0.01875
0 0.96796875 0.57734375 0.01875 0.028125
0 0.890625 0.53359375 0.0140625 0.021875
0 0.3984375 0.54140625 0.0140625 0.0203125
0 0.9671875 0.51953125 0.0125 0.0171875
0 0.7015625 0.5578125 0.015625 0.0234375
0 0.30390625 0.49296875 0.00859375 0.01640625
0 0.6546875 0.478125 0.00859375 0.01328125
0 0.7171875 0.565625 0.01875 0.025
0 0.68125 0.5046875 0.0109375 0.01640625
0 0.1078125 0.60859375 0.01484375 0.0265625
0 0.28203125 0.51640625 0.009375 0.01484375
0 0.053125 0.60390625 0.0265625 0.0484375
0 0.878125 0.72421875 0.03046875 0.05859375
0 0.4421875 0.5578125 0.01484375 0.0203125
0 0.946875 0.60703125 0.02265625 0.0265625
0 0.09453125 0.48359375 0.009375 0.01484375
0 0.99296875 0.503125 0.0125 0.021875
0 0.4296875 0.4921875 0.0078125 0.01171875
0 0.5828125 0.50546875 0.009375 0.01875
0 0.728125 0.49453125 0.0109375 0.01640625
0 0.4046875 0.57109375 0.01484375 0.0203125
0 0.3953125 0.62734375 0.01953125 0.021875
0 0.32890625 0.50546875 0.0109375 0.01484375
0 0.1609375 0.64140625 0.02265625 0.0484375
0 0.09453125 0.553125 0.015625 0.0265625
0 0.44453125 0.47890625 0.0078125 0.01171875
0 0.62890625 0.48125 0.009375 0.01328125
0 0.93046875 0.52109375 0.0125 0.0203125
0 0.43828125 0.5796875 0.015625 0.0265625
0 0.528125 0.534375 0.0125 0.0203125
0 0.66875 0.47890625 0.00859375 0.01171875
0 0.50546875 0.48984375 0.00703125 0.01328125
0 0.31796875 0.56953125 0.01484375 0.0234375
0 0.315625 0.52265625 0.0109375 0.01484375
0 0.4421875 0.49296875 0.00859375 0.01640625
0 0.98125 0.52109375 0.0140625 0.0171875
0 0.35625 0.49375 0.00859375 0.01484375
0 0.34296875 0.49453125 0.00703125 0.01484375
0 0.0953125 0.53046875 0.0140625 0.01640625
0 0.05390625 0.48203125 0.00859375 0.01484375
0 0.76640625 0.50078125 0.009375 0.0171875
0 0.31640625 0.490625 0.0078125 0.01171875
0 0.87578125 0.521875 0.0140625 0.01875
0 0.3921875 0.48046875 0.0078125 0.01171875
0 0.07890625 0.971875 0.0921875 0.05390625
0 0.39296875 0.503125 0.0109375 0.01640625
0 0.3296875 0.5234375 0.0109375 0.01640625
0 0.99453125 0.53359375 0.00859375 0.021875
0 0.99375 0.55703125 0.009375 0.025
0 0.63203125 0.65625 0.0234375 0.03359375
0 0.61953125 0.490625 0.00859375 0.01484375
0 0.5203125 0.49140625 0.0078125 0.01328125
0 0.53203125 0.6734375 0.0234375 0.0390625
0 0.93359375 0.49453125 0.0140625 0.01640625
0 0.78359375 0.4796875 0.0109375 0.01640625
0 0.48984375 0.5296875 0.0125 0.0171875
0 0.5421875 0.5328125 0.0109375 0.0171875
0 0.6390625 0.565625 0.015625 0.021875
0 0.69375 0.50390625 0.0109375 0.0171875
0 0.946875 0.5203125 0.0125 0.01875
0 0.38046875 0.4796875 0.00703125 0.01015625
0 0.29375 0.46875 0.0078125 0.01171875
0 0.61953125 0.52734375 0.0109375 0.0171875
0 0.5296875 0.51484375 0.0109375 0.01640625
0 0.36875 0.4796875 0.0078125 0.01015625
0 0.54296875 0.49375 0.0078125 0.01484375
0 0.290625 0.55390625 0.01484375 0.021875
0 0.49375 0.4796875 0.0078125 0.01328125
0 0.77265625 0.63984375 0.0234375 0.028125
0 0.50859375 0.50546875 0.0109375 0.0171875
0 0.26640625 0.51640625 0.009375 0.01484375
0 0.88984375 0.559375 0.01640625 0.0234375
0 0.44140625 0.5390625 0.01171875 0.01640625
0 0.2609375 0.56640625 0.015625 0.0203125
0 0.91796875 0.49453125 0.01171875 0.01640625
0 0.41875 0.47890625 0.0078125 0.01171875
0 0.68046875 0.47734375 0.00859375 0.01171875
0 0.253125 0.50546875 0.00859375 0.01640625
0 0.071875 0.51640625 0.0125 0.01875
0 0.80703125 0.5640625 0.01640625 0.021875
0 0.48046875 0.47890625 0.0078125 0.01171875
0 0.5296875 0.49453125 0.009375 0.01484375
0 0.365625 0.63359375 0.01953125 0.0265625
0 0.70390625 0.4828125 0.009375 0.01328125
0 0.28046875 0.49453125 0.00703125 0.01328125
0 0.46875 0.47890625 0.0078125 0.01171875
0 0.99296875 0.5796875 0.0125 0.0234375
0 0.76796875 0.6078125 0.0203125 0.03046875
0 0.51796875 0.5171875 0.0109375 0.01640625
0 0.35625 0.4671875 0.00703125 0.00859375
0 0.034375 0.50703125 0.0109375 0.01875
0 0.8765625 0.540625 0.01484375 0.01875
0 0.6203125 0.590625 0.0203125 0.028125
0 0.8953125 0.51015625 0.0140625 0.01875
0 0.33046875 0.46796875 0.00703125 0.01015625
0 0.31875 0.4671875 0.00703125 0.00859375
0 0.2625 0.48515625 0.00703125 0.01015625
0 0.28046875 0.4796875 0.0078125 0.01015625
0 0.81171875 0.5125 0.0140625 0.0171875
0 0.06875 0.49140625 0.00859375 0.01328125
0 0.33046875 0.478125 0.00703125 0.01015625
0 0.96953125 0.49453125 0.01171875 0.0171875
0 0.584375 0.5453125 0.01171875 0.021875
0 0.2796875 0.46796875 0.00625 0.00703125
0 0.53125 0.4796875 0.0078125 0.01015625
0 0.02109375 0.48046875 0.00859375 0.01484375
0 0.4046875 0.49453125 0.009375 0.01640625
0 0.7484375 0.5578125 0.015625 0.0234375
0 0.30546875 0.4796875 0.00703125 0.01015625
0 0.60625 0.49296875 0.00859375 0.01640625
0 0.03203125 0.63515625 0.0265625 0.03203125
0 0.415625 0.5203125 0.01171875 0.01875
0 0.95546875 0.49453125 0.0109375 0.01640625
0 0.8515625 0.5609375 0.015625 0.021875
0 0.34296875 0.4796875 0.00703125 0.01015625
0 0.0828125 0.5875 0.0171875 0.025
0 0.9265625 0.56953125 0.0171875 0.0234375
0 0.19453125 0.58828125 0.01484375 0.0265625
0 0.30546875 0.50859375 0.00859375 0.01328125
0 0.01796875 0.50390625 0.0109375 0.0203125
0 0.6921875 0.46953125 0.00859375 0.01328125
0 0.21953125 0.49453125 0.00859375 0.01640625
0 0.92109375 0.59296875 0.01875 0.0265625
0 0.04375 0.52265625 0.01171875 0.0171875
0 0.2453125 0.47890625 0.0078125 0.01171875
0 0.65703125 0.65 0.02265625 0.03515625