1 0.47890625 0.865625 0.10625 0.17265625
1 0.65703125 0.83046875 0.04765625 0.08203125
1 0.32890625 0.92890625 0.09453125 0.11875
1 0.71953125 0.81484375 0.0515625 0.08671875
1 0.4125 0.79453125 0.07890625 0.159375
1 0.784375 0.79609375 0.03984375 0.065625
1 0.36796875 0.8171875 0.05 0.1140625
1 0.49921875 0.7328125 0.99609375 0.5171875
1 0.878125 0.821875 0.06328125 0.0984375
1 0.32890625 0.75546875 0.03125 0.05
1 0.2765625 0.71015625 0.021875 0.03828125
1 0.9359375 0.8203125 0.040625 0.06328125
1 0.0640625 0.74453125 0.034375 0.0515625
1 0.18125 0.63984375 0.02734375 0.03515625
1 0.59609375 0.75546875 0.03203125 0.04375
1 0.6546875 0.71640625 0.02265625 0.03671875
1 0.728125 0.88359375 0.07890625 0.22421875
1 0.1609375 0.92734375 0.0328125 0.0515625
1 0.93828125 0.74765625 0.021875 0.03984375
1 0.36171875 0.6953125 0.02265625 0.03515625
1 0.81015625 0.70390625 0.0203125 0.03203125
1 0.79453125 0.8796875 0.08671875 0.23125
1 0.1734375 0.7203125 0.02265625 0.03203125
1 0.1734375 0.8609375 0.02421875 0.02890625
1 0.7484375 0.7796875 0.03203125 0.06875
1 0.0671875 0.66015625 0.0234375 0.040625
1 0.46796875 0.73671875 0.025 0.040625
1 0.94296875 0.8375 0.0578125 0.096875
1 0.65703125 0.8921875 0.08671875 0.20625
1 0.065625 0.853125 0.08515625 0.26484375
1 0.1140625 0.93828125 0.0328125 0.05
1 0.034375 0.6609375 0.02265625 0.03359375
1 0.84453125 0.71015625 0.01953125 0.03203125
1 0.65546875 0.67578125 0.0234375 0.03046875
1 0.596875 0.8625 0.05859375 0.2578125
1 0.15 0.94765625 0.084375 0.0953125
1 0.6734375 0.75 0.02734375 0.0421875
1 0.8359375 0.68125 0.0171875 0.028125
1 0.24375 0.66171875 0.01640625 0.0265625
1 0.16875 0.78515625 0.059375 0.165625
1 0.1078125 0.68515625 0.0203125 0.02890625
1 0.215625 0.6828125 0.0203125 0.03671875
1 0.278125 0.6734375 0.0171875 0.03203125
1 0.8921875 0.884375 0.12109375 0.22265625
1 0.89140625 0.66171875 0.0171875 0.02890625
1 0.4921875 0.75078125 0.025 0.04375
1 0.5140625 0.72109375 0.0203125 0.03671875
1 0.31328125 0.825 0.0796875 0.1890625
1 0.71640625 0.75703125 0.02421875 0.03515625
1 0.29765625 0.69375 0.021875 0.03515625
1 0.1515625 0.6453125 0.01875 0.028125
1 0.240625 0.76484375 0.0578125 0.2296875
1 0.9203125 0.95625 0.071875 0.07890625
1 0.8921875 0.71875 0.05 0.140625
1 0.7484375 0.6484375 0.0171875 0.0265625
1 0.5765625 0.7421875 0.0234375 0.040625
1 0.31015625 0.72421875 0.0203125 0.03359375
1 0.2359375 0.9375 0.0265625 0.0484375
1 0.7390625 0.7265625 0.02734375 0.03984375
1 0.10703125 0.62421875 0.0203125 0.03046875
1 0.0140625 0.61953125 0.0265625 0.03515625
1 0.32265625 0.63671875 0.0203125 0.03203125
1 0.09140625 0.6875 0.02265625 0.03671875
1 0.6546875 0.765625 0.025 0.03828125
1 0.47734375 0.62890625 0.01953125 0.025
1 0.1125 0.78125 0.07109375 0.22109375
1 0.45234375 0.68046875 0.0234375 0.03046875
1 0.61328125 0.71484375 0.025 0.03203125
1 0.275 0.7984375 0.0796875 0.21484375
1 0.61015625 0.68515625 0.01875 0.0265625
1 0.56015625 0.66640625 0.01875 0.0265625
1 0.546875 0.721875 0.02734375 0.03515625
1 0.30625 0.56875 0.015625 0.021875
1 0.11484375 0.6734375 0.0265625 0.040625
1 0.590625 0.64921875 0.0171875 0.028125
1 0.1828125 0.68671875 0.0453125 0.13203125
1 0.83671875 0.6140625 0.0171875 0.03046875
1 0.425 0.67421875 0.0171875 0.028125
1 0.74375 0.6984375 0.02265625 0.03203125
1 0.2140625 0.63359375 0.01875 0.028125
1 0.7703125 0.6984375 0.025 0.03515625
1 0.08671875 0.64765625 0.021875 0.03671875
1 0.378125 0.71953125 0.0265625 0.03359375
1 0.36015625 0.653125 0.01875 0.0265625
1 0.9671875 0.66171875 0.01875 0.0265625
1 0.4171875 0.70625 0.0265625 0.028125
1 0.159375 0.61484375 0.0171875 0.0265625
1 0.45859375 0.659375 0.02265625 0.03046875
1 0.9421875 0.9375 0.1109375 0.11875
1 0.0421875 0.6328125 0.021875 0.0265625
1 0.51875 0.60859375 0.01875 0.025
1 0.1640625 0.93671875 0.046875 0.0734375
1 0.27890625 0.63359375 0.01875 0.03046875
1 0.77421875 0.74375 0.0296875 0.040625
1 0.9375 0.78671875 0.05625 0.12734375
1 0.40703125 0.65625 0.0203125 0.02890625
1 0.62578125 0.67890625 0.0171875 0.028125
1 0.3578125 0.6921875 0.0484375 0.0984375
1 0.92890625 0.65625 0.01875 0.0265625
1 0.8140625 0.74453125 0.0328125 0.1125
1 0.7046875 0.7109375 0.0171875 0.028125
1 0.17265625 0.8859375 0.05546875 0.07890625
1 0.6140625 0.73984375 0.02265625 0.03671875
1 0.17578125 0.584375 0.0171875 0.0265625
1 0.12890625 0.65625 0.0171875 0.0265625
1 0.68671875 0.71171875 0.0265625 0.02890625
1 0.2703125 0.428125 0.02734375 0.065625
1 0.29765625 0.6171875 0.0171875 0.01875
1 0.796875 0.6953125 0.0171875 0.03203125
1 0.09453125 0.59296875 0.01953125 0.0265625
1 0.0515625 0.54453125 0.01640625 0.0234375
1 0.51484375 0.67421875 0.01953125 0.025
1 0.04375 0.71875 0.065625 0.14921875
1 0.0671875 0.65078125 0.01953125 0.021875
1 0.38359375 0.60546875 0.015625 0.021875
1 0.025 0.88359375 0.05 0.2234375
1 0.796875 0.753125 0.0234375 0.03046875
1 0.7859375 0.6546875 0.01640625 0.02890625
1 0.52265625 0.79765625 0.0453125 0.19296875
1 0.1359375 0.621875 0.0203125 0.0265625
1 0.3109375 0.66875 0.0203125 0.02890625
1 0.06796875 0.9671875 0.04765625 0.05390625
1 0.7046875 0.68515625 0.0203125 0.03203125
1 0.56484375 0.8390625 0.04609375 0.234375
1 0.8484375 0.76171875 0.046875 0.1359375
1 0.3796875 0.8765625 0.0796875 0.2359375
1 0.5296875 0.71171875 0.01875 0.03515625
1 0.49921875 0.6625 0.015625 0.025
1 0.9765625 0.9359375 0.04296875 0.115625
1 0.990625 0.83125 0.01640625 0.071875