0 0.246875 0.1 0.03828125 0.05625
0 0.3078125 0.07890625 0.03125 0.0453125
0 0.2625 0.35390625 0.05078125 0.08359375
0 0.3 0.03125 0.03046875 0.0390625
0 0.45234375 0.29296875 0.0421875 0.0625
0 0.16015625 0.70625 0.06640625 0.1
0 0.94296875 0.01484375 0.02421875 0.0296875
0 0.728125 0.0609375 0.0265625 0.04140625
0 0.13046875 0.0171875 0.0296875 0.034375
0 0.56640625 0.0421875 0.025 0.040625
0 0.575 0.1125 0.0328125 0.05078125
0 0.1140625 0.065625 0.03125 0.05078125
0 0.0609375 0.01484375 0.028125 0.0296875
0 0.0640625 0.7890625 0.096875 0.125
0 0.73671875 0.1078125 0.03203125 0.0484375
0 0.79453125 0.0125 0.0265625 0.025
0 0.25078125 0.5515625 0.053125 0.0765625
0 0.9640625 0.04375 0.034375 0.05625
0 0.72734375 0.284375 0.0453125 0.0609375
0 0.5296875 0.1765625 0.03515625 0.0484375
0 0.1078125 0.22890625 0.0421875 0.05703125
0 0.346875 0.25625 0.03046875 0.05234375
0 0.325 0.1296875 0.0296875 0.0484375
0 0.065625 0.05078125 0.028125 0.03671875
0 0.14296875 0.0765625 0.03203125 0.040625
0 0.35546875 0.009375 0.0265625 0.01875