0 0.35625 0.97421875 0.03515625 0.04375
0 0.9828125 0.15703125 0.01796875 0.04375
0 0.66015625 0.61484375 0.0234375 0.06171875
0 0.96484375 0.9140625 0.0359375 0.06953125
0 0.6984375 0.740625 0.02578125 0.05078125
0 0.48046875 0.1109375 0.0125 0.02578125
0 0.8640625 0.54765625 0.02421875 0.07265625
0 0.78515625 0.5015625 0.0234375 0.0765625
0 0.2921875 0.871875 0.034375 0.0875
0 0.86875 0.653125 0.0265625 0.08046875
0 0.38359375 0.79765625 0.03203125 0.09140625
0 0.19296875 0.671875 0.02734375 0.09453125
0 0.83359375 0.7171875 0.02578125 0.06953125
0 0.06796875 0.35 0.0171875 0.03671875
0 0.73984375 0.65 0.02109375 0.065625
0 0.78671875 0.87578125 0.03203125 0.08046875
0 0.73125 0.80859375 0.02890625 0.10546875
0 0.58984375 0.62578125 0.01953125 0.0765625
0 0.24375 0.79375 0.03203125 0.1203125
0 0.053125 0.97421875 0.03828125 0.04375
0 0.64765625 0.5546875 0.02265625 0.05859375
0 0.02109375 0.4140625 0.0125 0.0328125
0 0.96484375 0.97421875 0.04453125 0.04375
0 0.9328125 0.15703125 0.01484375 0.03671875
0 0.2296875 0.3578125 0.0203125 0.065625
0 0.24375 0.41796875 0.01953125 0.04765625
0 0.11484375 0.97109375 0.034375 0.05078125
0 0.34921875 0.69140625 0.0234375 0.0765625
0 0.3703125 0.15703125 0.0125 0.02890625
0 0.2484375 0.95234375 0.03828125 0.08046875
0 0.82109375 0.53984375 0.0234375 0.07265625
0 0.890625 0.7484375 0.02578125 0.05859375
0 0.8171875 0.21015625 0.015625 0.04765625
0 0.3640625 0.29375 0.01484375 0.03984375
0 0.5984375 0.8265625 0.02734375 0.09140625
0 0.696875 0.81953125 0.02734375 0.0984375
0 0.73125 0.5328125 0.0171875 0.065625
0 0.19296875 0.7828125 0.034375 0.10546875
0 0.6453125 0.1203125 0.01484375 0.02890625
0 0.56796875 0.978125 0.034375 0.03671875
0 0.70703125 0.6828125 0.02734375 0.08046875
0 0.1390625 0.25546875 0.015625 0.04375
0 0.53984375 0.153125 0.0125 0.02890625
0 0.890625 0.4671875 0.02109375 0.065625
0 0.053125 0.1734375 0.01484375 0.03984375
0 0.59609375 0.92734375 0.02734375 0.07265625
0 0.04453125 0.315625 0.015625 0.03984375
0 0.421875 0.3890625 0.0140625 0.0328125
0 0.52109375 0.08203125 0.0125 0.02578125
0 0.49765625 0.98203125 0.0296875 0.02890625
0 0.7703125 0.59296875 0.0234375 0.04765625
0 0.2078125 0.2625 0.0125 0.03671875
0 0.17109375 0.9140625 0.0296875 0.08359375
0 0.82734375 0.33046875 0.01953125 0.06953125
0 0.9140625 0.68046875 0.0234375 0.06953125
0 0.3921875 0.08046875 0.0109375 0.021875
0 0.59609375 0.096875 0.0125 0.02578125
0 0.50859375 0.121875 0.0140625 0.02578125
0 0.5359375 0.184375 0.0125 0.0328125
0 0.31953125 0.09296875 0.0109375 0.02578125
0 0.24609375 0.1640625 0.0125 0.02890625
0 0.0796875 0.03984375 0.01171875 0.021875
0 0.41953125 0.29375 0.0125 0.0328125
0 0.64765625 0.46328125 0.0171875 0.05859375
0 0.09609375 0.86484375 0.0375 0.109375
0 0.725 0.39609375 0.01953125 0.04765625
0 0.253125 0.1 0.01171875 0.02578125
0 0.85546875 0.3578125 0.02109375 0.05078125
0 0.059375 0.84296875 0.03828125 0.11640625
0 0.93125 0.54765625 0.0265625 0.0875
0 0.7359375 0.29375 0.0171875 0.0546875
0 0.30625 0.15703125 0.01171875 0.02890625
0 0.046875 0.1390625 0.01484375 0.03671875
0 0.29375 0.1 0.0109375 0.02578125
0 0.11953125 0.26796875 0.0125 0.0328125
0 0.128125 0.18046875 0.01484375 0.0328125
0 0.9203125 0.17734375 0.01484375 0.03984375
0 0.209375 0.325 0.01796875 0.05859375
0 0.08984375 0.0890625 0.01171875 0.01796875
0 0.771875 0.1 0.01484375 0.0328125
0 0.6265625 0.315625 0.0171875 0.04765625
0 0.3234375 0.79375 0.02578125 0.0765625
0 0.18671875 0.18046875 0.0125 0.0328125
0 0.68359375 0.42890625 0.01953125 0.06953125
0 0.4375 0.596875 0.0203125 0.0765625
0 0.44140625 0.184375 0.0140625 0.0328125
0 0.0359375 0.421875 0.01484375 0.04765625
0 0.3 0.5859375 0.0265625 0.08359375
0 0.5765625 0.49453125 0.0203125 0.06171875
0 0.13671875 0.6078125 0.0265625 0.0984375
0 0.35546875 0.83359375 0.02578125 0.08359375
0 0.21640625 0.14609375 0.0109375 0.02890625
0 0.0703125 0.078125 0.0109375 0.02578125
0 0.4828125 0.21328125 0.0125 0.02578125
0 0.4484375 0.09296875 0.0125 0.02578125
0 0.36484375 0.07265625 0.01171875 0.021875
0 0.5703125 0.41796875 0.0140625 0.03984375
0 0.68828125 0.26640625 0.0171875 0.05078125
0 0.16640625 0.0890625 0.01171875 0.02578125
0 0.59609375 0.15703125 0.0140625 0.02890625
0 0.7609375 0.53671875 0.0203125 0.065625
0 0.1671875 0.53984375 0.02578125 0.10234375
0 0.61328125 0.55078125 0.0234375 0.05078125
0 0.25234375 0.33203125 0.01953125 0.05078125
0 0.3296875 0.03984375 0.01171875 0.02890625
0 0.35546875 0.13125 0.0109375 0.021875
0 0.16953125 0.1109375 0.0109375 0.02578125
0 0.5359375 0.62421875 0.01796875 0.07265625
0 0.66875 0.24453125 0.0125 0.03671875
0 0.0921875 0.27578125 0.0140625 0.03984375
0 0.79765625 0.22109375 0.0171875 0.04765625
0 0.278125 0.78671875 0.02421875 0.08359375
0 0.559375 0.490625 0.01484375 0.04765625
0 0.259375 0.128125 0.0140625 0.021875
0 0.86640625 0.1421875 0.015625 0.03671875
0 0.6734375 0.346875 0.01953125 0.05078125
0 0.30234375 0.21015625 0.01484375 0.03984375
0 0.97578125 0.54765625 0.0234375 0.07265625
0 0.65390625 0.9671875 0.02578125 0.05859375
0 0.36171875 0.49453125 0.01953125 0.0546875
0 0.33203125 0.15 0.01171875 0.021875
0 0.31328125 0.2828125 0.01484375 0.03984375
0 0.03828125 0.19921875 0.01484375 0.0328125
0 0.21171875 0.20625 0.01171875 0.02578125
0 0.53359375 0.1078125 0.0109375 0.02578125
0 0.746875 0.1109375 0.01484375 0.0328125
0 0.17578125 0.021875 0.0125 0.021875
0 0.98046875 0.759375 0.0265625 0.05859375
0 0.9546875 0.84296875 0.02890625 0.08046875
0 0.95234375 0.45234375 0.0234375 0.05859375
0 0.09609375 0.1609375 0.01484375 0.03671875
0 0.04453125 0.2375 0.0125 0.03671875
0 0.45703125 0.54375 0.02109375 0.0875
0 0.42421875 0.3390625 0.0171875 0.04375
0 0.28046875 0.08046875 0.0109375 0.021875
0 0.278125 0.11484375 0.0125 0.02578125
0 0.13671875 0.0890625 0.01171875 0.02578125
0 0.88203125 0.29375 0.01953125 0.04765625
0 0.271875 0.1640625 0.0109375 0.02890625
0 0.31640625 0.00703125 0.0109375 0.0140625
0 0.73359375 0.20234375 0.0125 0.0328125
0 0.415625 0.846875 0.02578125 0.05859375
0 0.346875 0.346875 0.01484375 0.03671875
0 0.65390625 0.096875 0.0125 0.02578125
0 0.4171875 0.10390625 0.0125 0.02578125
0 0.38515625 0.28671875 0.0125 0.03984375
0 0.48203125 0.4 0.015625 0.03984375
0 0.821875 0.10390625 0.0140625 0.0328125
0 0.4484375 0.31171875 0.01484375 0.03984375
0 0.58125 0.1 0.0140625 0.02578125
0 0.23125 0.10390625 0.009375 0.02578125
0 0.56796875 0.684375 0.0203125 0.03984375
0 0.1046875 0.32109375 0.0125 0.03671875
0 0.621875 0.12578125 0.0125 0.02578125
0 0.2546875 0.0125 0.0125 0.025
0 0.340625 0.1203125 0.0109375 0.021875
0 0.18203125 0.10390625 0.0109375 0.02578125
0 0.23515625 0.259375 0.0125 0.03671875
0 0.37578125 0.38125 0.0203125 0.06171875
0 0.7953125 0.1078125 0.0125 0.0328125
0 0.25703125 0.2484375 0.0125 0.02890625
0 0.13203125 0.43046875 0.0234375 0.08046875
0 0.24375 0.12578125 0.0125 0.02578125
0 0.4375 0.52890625 0.015625 0.05859375
0 0.9203125 0.1078125 0.01484375 0.0328125
0 0.29296875 0.00703125 0.0109375 0.0140625
0 0.26796875 0.403125 0.01796875 0.04765625
0 0.30859375 0.02734375 0.0109375 0.01796875
0 0.82578125 0.14609375 0.01796875 0.04375
0 0.3703125 0.13515625 0.0109375 0.021875
0 0.38359375 0.11484375 0.0125 0.02578125
0 0.50546875 0.728125 0.02734375 0.06953125
0 0.8359375 0.22265625 0.0125 0.04375
0 0.01875 0.03984375 0.01171875 0.021875
0 0.56171875 0.54765625 0.01796875 0.05859375
0 0.60703125 0.29375 0.0171875 0.04765625
0 0.678125 0.13515625 0.0140625 0.04375
0 0.30703125 0.4 0.0171875 0.0546875
0 0.21171875 0.46328125 0.01953125 0.05078125
0 0.36640625 0.03984375 0.0109375 0.021875
0 0.10859375 0.0546875 0.0109375 0.021875
0 0.00859375 0.05859375 0.0125 0.021875
0 0.78046875 0.74453125 0.03125 0.08046875
0 0.15234375 0.10390625 0.0109375 0.02578125
0 0.484375 0.4453125 0.0171875 0.05078125
0 0.26796875 0.0546875 0.01171875 0.02890625
0 0.71640625 0.1 0.0140625 0.02578125
0 0.15234375 0.17890625 0.01484375 0.02890625
0 0.4359375 0.2828125 0.0109375 0.0328125
0 0.2421875 0.49453125 0.02890625 0.08359375
0 0.89921875 0.6109375 0.02578125 0.06953125
0 0.44609375 0.978125 0.03203125 0.03671875
0 0.4453125 0.1109375 0.01171875 0.02578125
0 0.984375 0.61875 0.0203125 0.03984375
0 0.33359375 0.09296875 0.01171875 0.02578125
0 0.0359375 0.271875 0.0171875 0.03984375
0 0.71796875 0.00703125 0.0140625 0.0140625
0 0.71171875 0.2171875 0.0140625 0.02578125
0 0.23125 0.184375 0.0109375 0.0328125
0 0.71015625 0.13125 0.0140625 0.03671875
0 0.0109375 0.21328125 0.01484375 0.03984375
0 0.78046875 0.81171875 0.0234375 0.04765625
0 0.8015625 0.171875 0.01484375 0.05078125
0 0.10703125 0.10390625 0.01171875 0.02578125
0 0.69453125 0.1421875 0.0125 0.02890625
0 0.78515625 0.184375 0.01484375 0.03984375
0 0.6546875 0.7078125 0.02890625 0.10234375
0 0.86640625 0.740625 0.0203125 0.065625
0 0.94609375 0.1734375 0.0140625 0.0328125
0 0.0578125 0.1 0.0109375 0.02578125
0 0.23359375 0.67734375 0.02734375 0.06953125
0 0.703125 0.33203125 0.01953125 0.05859375
0 0.17109375 0.2625 0.0171875 0.05078125
0 0.78515625 0.2515625 0.01484375 0.03671875
0 0.28671875 0.328125 0.015625 0.05078125
0 0.35390625 0.1640625 0.0125 0.02890625
0 0.1796875 0.22109375 0.0140625 0.0328125
0 0.9140625 0.30078125 0.0171875 0.0546875
0 0.80625 0.328125 0.01484375 0.05078125
0 0.05234375 0.00703125 0.0109375 0.0140625
0 0.2828125 0.01796875 0.01171875 0.021875
0 0.61796875 0.68046875 0.02734375 0.09140625
0 0.51953125 0.0546875 0.01171875 0.021875
0 0.478125 0.325 0.01484375 0.03671875
0 0.9734375 0.121875 0.0125 0.0328125
0 0.58984375 0.121875 0.01484375 0.02578125
0 0.06328125 0.403125 0.0203125 0.06171875
0 0.01953125 0.096875 0.0125 0.02578125
0 0.87578125 0.42734375 0.01484375 0.05078125
0 0.134375 0.01796875 0.0109375 0.021875
0 0.7046875 0.38515625 0.0171875 0.03984375
0 0.6296875 0.4875 0.02265625 0.0765625
0 0.89453125 0.12421875 0.01484375 0.02890625
0 0.10859375 0.0328125 0.0109375 0.021875
0 0.02109375 0.12578125 0.0140625 0.02578125
0 0.35625 0.1953125 0.0140625 0.0328125
0 0.60703125 0.06953125 0.0109375 0.021875
0 0.0703125 0.1953125 0.0125 0.0328125
0 0.4546875 0.07109375 0.0125 0.02578125
0 0.00546875 0.84140625 0.0109375 0.0984375
0 0.328125 0.07109375 0.0125 0.02578125
0 0.9453125 0.2375 0.0125 0.03671875
0 0.7703125 0.15703125 0.0125 0.03671875
0 0.203125 0.06953125 0.0109375 0.021875
0 0.59140625 0.53984375 0.01796875 0.04375
0 0.84921875 0.88359375 0.02421875 0.08046875
0 0.46484375 0.096875 0.01171875 0.02578125
0 0.1453125 0.3359375 0.01171875 0.04375
0 0.90859375 0.52734375 0.0203125 0.06953125
0 0.81484375 0.25546875 0.01484375 0.04375
0 0.65390625 0.15 0.0125 0.03671875
0 0.99453125 0.22109375 0.00859375 0.03984375
0 0.55703125 0.29375 0.0125 0.0328125
0 0.8234375 0.62578125 0.01953125 0.0765625
0 0.50390625 0.02890625 0.0109375 0.021875
0 0.62109375 0.20234375 0.01171875 0.02578125
0 0.0703125 0.05078125 0.0109375 0.021875
0 0.5171875 0.26640625 0.015625 0.04375
0 0.4953125 0.09296875 0.0109375 0.02578125
0 0.0046875 0.0890625 0.009375 0.02578125
0 0.2203125 0.06171875 0.0109375 0.021875
0 0.20390625 0.00703125 0.0109375 0.0140625
0 0.4609375 0.1421875 0.01171875 0.021875
0 0.940625 0.00703125 0.0125 0.0140625
0 0.23984375 0.62578125 0.0171875 0.0328125
0 0.39609375 0.16953125 0.0109375 0.02578125
0 0.88203125 0.15 0.0125 0.02890625
0 0.33828125 0.0109375 0.0125 0.021875
0 0.84453125 0.153125 0.0125 0.02890625
0 0.74453125 0.00390625 0.0109375 0.00703125
0 0.02890625 0.0546875 0.01171875 0.02890625
0 0.5875 0.43828125 0.0125 0.03671875
0 0.48671875 0.3609375 0.0125 0.03671875
0 0.09609375 0.4109375 0.01484375 0.04765625
0 0.778125 0.96015625 0.0359375 0.07265625
0 0.15234375 0.14609375 0.0125 0.02890625
0 0.87578125 0.18828125 0.0171875 0.03984375
0 0.2046875 0.23359375 0.0140625 0.03671875
0 0.2375 0.0546875 0.0109375 0.021875
0 0.2953125 0.72109375 0.02890625 0.06953125
0 0.0578125 0.61875 0.03203125 0.08359375
0 0.40078125 0.1203125 0.0140625 0.02890625
0 0.99453125 0.29765625 0.00859375 0.04765625
0 0.30859375 0.346875 0.01484375 0.05078125
0 0.621875 0.23359375 0.01484375 0.03671875
0 0.11015625 0.00703125 0.0109375 0.0140625
0 0.73125 0.73359375 0.02109375 0.04375
0 0.54609375 0.328125 0.01484375 0.02890625
0 0.915625 0.2296875 0.01484375 0.04375
0 0.47578125 0.8390625 0.02734375 0.09453125
0 0.771875 0.31171875 0.0171875 0.06171875
0 0.72109375 0.3390625 0.0125 0.03671875
0 0.94609375 0.12421875 0.0140625 0.02890625
0 0.58125 0.153125 0.0125 0.02890625
0 0.03203125 0.36875 0.01484375 0.03671875
0 0.7671875 0.45234375 0.0203125 0.05859375
0 0.51875 0.16953125 0.01484375 0.0328125
0 0.23125 0.15 0.01171875 0.02890625
0 0.7546875 0.325 0.01484375 0.05078125
0 0.5984375 0.24453125 0.01484375 0.04375