0 0.390625 0.61796875 0.025 0.0375
0 0.60625 0.50546875 0.03125 0.04453125
0 0.88671875 0.4 0.025 0.03515625
0 0.4171875 0.475 0.0234375 0.0328125
0 0.38359375 0.409375 0.0171875 0.025
0 0.25625 0.55625 0.02265625 0.03125
0 0.65546875 0.3828125 0.01875 0.02890625
0 0.2765625 0.48046875 0.0203125 0.03125
0 0.2234375 0.615625 0.0234375 0.03671875
0 0.78203125 0.2640625 0.01484375 0.021875
0 0.1734375 0.5546875 0.0234375 0.03671875
0 0.56484375 0.35546875 0.01875 0.02578125
0 0.50703125 0.40078125 0.0171875 0.02578125
0 0.3078125 0.4515625 0.01953125 0.02734375
0 0.028125 0.49921875 0.01875 0.025
0 0.28203125 0.44453125 0.0171875 0.02734375
0 0.39921875 0.43828125 0.0203125 0.0296875
0 0.8046875 0.33515625 0.021875 0.02734375
0 0.9625 0.44375 0.03828125 0.04921875
0 0.9015625 0.2203125 0.0140625 0.01796875
0 0.821875 0.28046875 0.0203125 0.0296875
0 0.5421875 0.384375 0.01484375 0.025
0 0.08046875 0.46875 0.0203125 0.02578125
0 0.340625 0.48515625 0.0203125 0.02734375
0 0.8046875 0.38671875 0.025 0.03671875
0 0.91015625 0.3625 0.02734375 0.0375
0 0.8671875 0.2171875 0.01171875 0.01796875
0 0.57734375 0.43125 0.0171875 0.02578125
0 0.25234375 0.52421875 0.01875 0.025
0 0.1203125 0.3921875 0.01171875 0.0171875
0 0.53828125 0.35625 0.0171875 0.025
0 0.09921875 0.7484375 0.03828125 0.05703125
0 0.61328125 0.46796875 0.0234375 0.0296875
0 0.95234375 0.346875 0.028125 0.03515625
0 0.1453125 0.39765625 0.01171875 0.0171875
0 0.353125 0.2921875 0.0109375 0.0140625
0 0.5703125 0.2703125 0.009375 0.0140625
0 0.7453125 0.5140625 0.03828125 0.05078125
0 0.715625 0.290625 0.0140625 0.01953125
0 0.853125 0.21953125 0.01171875 0.0140625
0 0.634375 0.5171875 0.028125 0.0390625
0 0.77265625 0.33515625 0.01484375 0.01953125
0 0.18203125 0.40390625 0.0109375 0.015625
0 0.22890625 0.31875 0.0109375 0.01171875
0 0.14296875 0.36875 0.00859375 0.01328125
0 0.70234375 0.21640625 0.0109375 0.01328125
0 0.74296875 0.38046875 0.01875 0.0234375
0 0.8078125 0.15546875 0.009375 0.01171875
0 0.83046875 0.15546875 0.00859375 0.01171875
0 0.59765625 0.41796875 0.021875 0.02578125
0 0.0046875 0.3421875 0.00859375 0.01171875
0 0.24140625 0.31875 0.00859375 0.01171875
0 0.3296875 0.2953125 0.0109375 0.0140625
0 0.99296875 0.80703125 0.0125 0.02109375
0 0.31640625 0.29296875 0.0078125 0.01328125
0 0.0203125 0.35546875 0.00859375 0.01328125
0 0.47890625 0.29375 0.0109375 0.0140625
0 0.70234375 0.2671875 0.0125 0.01796875
0 0.7171875 0.2640625 0.01171875 0.01796875
0 0.93125 0.22890625 0.0109375 0.01328125
0 0.0171875 0.3421875 0.0078125 0.0078125
0 0.9171875 0.20703125 0.0109375 0.01328125
0 0.3921875 0.29140625 0.009375 0.01328125
0 0.16328125 0.3375 0.0078125 0.01328125
0 0.20625 0.31875 0.00703125 0.01015625
0 0.75078125 0.47265625 0.025 0.03125
0 0.29375 0.29375 0.00859375 0.01171875
0 0.20625 0.3421875 0.00703125 0.01328125
0 0.2625 0.3109375 0.00703125 0.0078125
0 0.1828125 0.35546875 0.00859375 0.01328125
0 0.76796875 0.18125 0.00859375 0.01171875
0 0.809375 0.20390625 0.0125 0.0140625
0 0.2171875 0.31796875 0.0078125 0.0078125
0 0.8421875 0.2171875 0.0109375 0.0171875