0 0.25 0.47421875 0.03125 0.04921875
0 0.36484375 0.36875 0.028125 0.04453125
0 0.82734375 0.3078125 0.0265625 0.0375
0 0.5078125 0.1265625 0.0171875 0.02890625
0 0.3296875 0.32265625 0.0234375 0.03671875
0 0.43046875 0.4140625 0.03125 0.05234375
0 0.89140625 0.12421875 0.0171875 0.0296875
0 0.6203125 0.15625 0.01875 0.02578125
0 0.34453125 0.125 0.0171875 0.02578125
0 0.85625 0.06171875 0.01640625 0.025
0 0.76328125 0.29140625 0.0265625 0.0390625
0 0.70703125 0.1421875 0.0234375 0.0375
0 0.83046875 0.0578125 0.01640625 0.025
0 0.340625 0.0640625 0.0125 0.02109375
0 0.321875 0.4640625 0.0390625 0.0609375
0 0.26796875 0.5859375 0.04375 0.06796875
0 0.4578125 0.14375 0.01953125 0.02734375
0 0.5765625 0.06640625 0.01484375 0.0234375
0 0.596875 0.06875 0.01640625 0.02578125
0 0.5125 0.49765625 0.04375 0.06484375
0 0.6828125 0.0203125 0.0140625 0.021875
0 0.57734375 0.13203125 0.0203125 0.0296875
0 0.98359375 0.14921875 0.0265625 0.0375
0 0.8390625 0.2703125 0.025 0.0328125
0 0.01171875 0.25078125 0.0234375 0.0328125
0 0.040625 0.8921875 0.075 0.10390625
0 0.90703125 0.06015625 0.01875 0.03125
0 0.7453125 0.490625 0.040625 0.04921875
0 0.39296875 0.05703125 0.01484375 0.02109375
0 0.815625 0.13671875 0.0171875 0.02578125
0 0.44609375 0.19921875 0.0203125 0.03125
0 0.8046875 0.05 0.015625 0.025
0 0.2140625 0.58828125 0.040625 0.06796875
0 0.32109375 0.15625 0.0171875 0.02578125
0 0.6234375 0.0515625 0.015625 0.021875
0 0.7140625 0.04296875 0.015625 0.0234375
0 0.70234375 0.021875 0.0140625 0.02109375
0 0.66875 0.0546875 0.015625 0.0234375
0 0.22578125 0.209375 0.01953125 0.02890625
0 0.23125 0.18046875 0.0171875 0.025
0 0.43203125 0.0421875 0.01484375 0.021875
0 0.37578125 0.0796875 0.0171875 0.0234375
0 0.73359375 0.00625 0.01484375 0.01171875
0 0.94140625 0.28125 0.025 0.02109375
0 0.76796875 0.44375 0.034375 0.0484375
0 0.47109375 0.64921875 0.0578125 0.0875
0 0.33515625 0.24375 0.02265625 0.03671875
0 0.471875 0.5 0.0421875 0.07265625
0 0.48984375 0.165625 0.0203125 0.0328125
0 0.52265625 0.1875 0.02265625 0.03125
0 0.25625 0.1953125 0.01953125 0.02890625
0 0.5484375 0.01328125 0.0140625 0.0234375
0 0.68828125 0.05078125 0.01484375 0.0234375
0 0.45546875 0.06171875 0.01484375 0.01953125
0 0.703125 0.00625 0.0140625 0.01171875
0 0.909375 0.12578125 0.0203125 0.02734375
0 0.41796875 0.03515625 0.0140625 0.02109375
0 0.9921875 0.56328125 0.0140625 0.03515625
0 0.84296875 0.36875 0.0171875 0.02578125
0 0.85859375 0.1203125 0.01875 0.02734375
0 0.903125 0.3109375 0.0234375 0.0375
0 0.7796875 0.07890625 0.0171875 0.025
0 0.5671875 0.03125 0.0140625 0.02109375
0 0.61640625 0.02265625 0.0140625 0.01953125
0 0.66171875 0.00859375 0.0125 0.0171875
0 0.30546875 0.28828125 0.0265625 0.040625
0 0.7578125 0.8734375 0.0609375 0.0953125
0 0.946875 0.040625 0.03046875 0.05078125
0 0.7671875 0.0140625 0.0140625 0.02109375
0 0.77890625 0.05390625 0.01484375 0.021875
0 0.36015625 0.0734375 0.015625 0.021875
0 0.7921875 0.4078125 0.0265625 0.03359375
0 0.87890625 0.0921875 0.0171875 0.02890625
0 0.2765625 0.15625 0.01953125 0.02578125