0 0.671875 0.21875 0.02734375 0.0390625
0 0.7765625 0.1109375 0.01953125 0.02890625
0 0.9125 0.60625 0.059375 0.0875
0 0.65703125 0.08203125 0.01953125 0.03125
0 0.60859375 0.08828125 0.01640625 0.02578125
0 0.5859375 0.10078125 0.0171875 0.02734375
0 0.3390625 0.19296875 0.01953125 0.03125
0 0.4546875 0.03515625 0.0140625 0.01796875
0 0.815625 0.1046875 0.0203125 0.0328125
0 0.225 0.24375 0.01875 0.03125
0 0.7265625 0.1234375 0.021875 0.0328125
0 0.26796875 0.25 0.0265625 0.04140625
0 0.7203125 0.221875 0.028125 0.04296875
0 0.4796875 0.01953125 0.0140625 0.02109375
0 0.16328125 0.2421875 0.025 0.03671875
0 0.0578125 0.1859375 0.02265625 0.0296875
0 0.840625 0.5765625 0.05546875 0.08203125
0 0.9 0.22265625 0.0234375 0.0390625
0 0.69375 0.1296875 0.01875 0.0296875
0 0.56328125 0.10546875 0.0171875 0.02578125
0 0.31328125 0.115625 0.015625 0.0234375
0 0.3875 0.68671875 0.028125 0.0296875
0 0.7765625 0.01015625 0.015625 0.0203125
0 0.91875 0.02421875 0.01640625 0.025
0 0.44296875 0.06796875 0.0125 0.02109375
0 0.578125 0.87421875 0.0625 0.1109375
0 0.86484375 0.17578125 0.0265625 0.03671875
0 0.4953125 0.61875 0.046875 0.07421875
0 0.0578125 0.24140625 0.02734375 0.0375
0 0.55234375 0.0390625 0.01484375 0.02109375
0 0.72734375 0.00625 0.0140625 0.0125
0 0.82734375 0.04296875 0.01640625 0.02578125
0 0.46484375 0.06015625 0.0140625 0.02109375
0 0.775 0.04453125 0.01484375 0.02578125
0 0.5296875 0.02890625 0.0125 0.02109375
0 0.5765625 0.0546875 0.01484375 0.0234375
0 0.75625 0.0515625 0.01640625 0.02734375
0 0.490625 0.06796875 0.0125 0.0234375
0 0.415625 0.04296875 0.01171875 0.01796875
0 0.00625 0.2359375 0.01171875 0.0296875
0 0.44140625 0.01328125 0.01171875 0.02109375
0 0.853125 0.03046875 0.01640625 0.025
0 0.98671875 0.1265625 0.02421875 0.0390625
0 0.3640625 0.28046875 0.025 0.0375
0 0.275 0.64921875 0.05 0.0765625
0 0.75078125 0.0140625 0.0140625 0.0234375
0 0.87890625 0.025 0.0140625 0.021875
0 0.4953125 0.04765625 0.0140625 0.01953125
0 0.940625 0.1140625 0.01875 0.02734375
0 0.4046875 0.040625 0.01171875 0.01953125
0 0.328125 0.0234375 0.01171875 0.01796875
0 0.42109375 0.00703125 0.0125 0.0140625
0 0.096875 0.07265625 0.01484375 0.02578125
0 0.70234375 0.00625 0.01484375 0.01171875
0 0.51484375 0.0046875 0.0125 0.009375
0 0.56484375 0.01953125 0.0125 0.02109375
0 0.37109375 0.00625 0.0140625 0.01171875
0 0.759375 0.08671875 0.01640625 0.025
0 0.4921875 0.0046875 0.01171875 0.009375
0 0.59453125 0.0578125 0.0140625 0.021875
0 0.5828125 0.00703125 0.0140625 0.0140625
0 0.35546875 0.00625 0.0140625 0.01171875
0 0.4328125 0.046875 0.0109375 0.01796875
0 0.23671875 0.9609375 0.07109375 0.07578125
0 0.34609375 0.10390625 0.01484375 0.02578125
0 0.571875 0.0796875 0.015625 0.02109375
0 0.60625 0.0046875 0.0125 0.009375
0 0.34609375 0.03125 0.0125 0.01796875
0 0.2796875 0.03125 0.0109375 0.01796875
0 0.80703125 0.02265625 0.01484375 0.01953125
0 0.3046875 0.0328125 0.01171875 0.01796875