0 0.4515625 0.01796875 0.021875 0.0359375
0 0.41875 0.09140625 0.028125 0.04140625
0 0.25703125 0.2984375 0.03515625 0.05078125
0 0.3421875 0.07578125 0.025 0.0390625
0 0.21171875 0.0171875 0.0234375 0.034375
0 0.52734375 0.20390625 0.03125 0.05078125
0 0.29609375 0.253125 0.03125 0.0484375
0 0.79609375 0.11796875 0.0390625 0.05625
0 0.43828125 0.1359375 0.028125 0.04296875
0 0.3578125 0.19296875 0.0328125 0.04921875
0 0.2484375 0.15 0.03125 0.0453125
0 0.0578125 0.0625 0.028125 0.04140625
0 0.43046875 0.5921875 0.04375 0.06796875
0 0.5359375 0.0765625 0.02734375 0.04453125
0 0.171875 0.071875 0.0296875 0.04296875
0 0.48125 0.0421875 0.0296875 0.0484375
0 0.43828125 0.27890625 0.0359375 0.05703125
0 0.246875 0.0109375 0.0265625 0.021875
0 0.5109375 0.3421875 0.0359375 0.053125
0 0.14140625 0.915625 0.09296875 0.16015625
0 0.121875 0.0484375 0.0265625 0.04453125
0 0.86015625 0.13671875 0.0390625 0.0546875
0 0.290625 0.0125 0.02734375 0.025
0 0.8703125 0.00859375 0.02734375 0.0171875
0 0.14296875 0.11171875 0.03046875 0.04453125
0 0.41875 0.0078125 0.02421875 0.015625
0 0.00625 0.14140625 0.01171875 0.0484375
0 0.78203125 0.00625 0.025 0.01171875
0 0.32890625 0.01484375 0.025 0.0296875