0 0.825 0.375 0.03984375 0.05703125
0 0.6359375 0.09140625 0.021875 0.03125
0 0.571875 0.225 0.03203125 0.04921875
0 0.321875 0.13125 0.02421875 0.03671875
0 0.796875 0.04765625 0.0234375 0.0328125
0 0.096875 0.13046875 0.028125 0.03671875
0 0.565625 0.1625 0.028125 0.04296875
0 0.39296875 0.103125 0.02265625 0.03515625
0 0.6859375 0.12265625 0.0234375 0.03359375
0 0.38984375 0.3296875 0.03125 0.05078125
0 0.61796875 0.2203125 0.03203125 0.04921875
0 0.47890625 0.240625 0.034375 0.05234375
0 0.6 0.1359375 0.02421875 0.03515625
0 0.2140625 0.42421875 0.0453125 0.06796875
0 0.4921875 0.01328125 0.0171875 0.02578125
0 0.71953125 0.0671875 0.0265625 0.0375
0 0.28203125 0.44921875 0.025 0.03125
0 0.2703125 0.14453125 0.0296875 0.0390625
0 0.74609375 0.0078125 0.0171875 0.015625
0 0.1421875 0.35546875 0.0390625 0.05703125
0 0.14921875 0.13828125 0.0265625 0.03671875
0 0.10625 0.45703125 0.04375 0.07265625
0 0.99296875 0.02890625 0.01171875 0.03125
0 0.51484375 0.19765625 0.0265625 0.0390625
0 0.96328125 0.053125 0.02265625 0.03671875
0 0.1765625 0.1265625 0.021875 0.03671875
0 0.82734375 0.00625 0.01640625 0.01171875
0 0.61171875 0.17421875 0.0265625 0.03671875
0 0.01796875 0.44453125 0.0359375 0.0765625
0 0.321875 0.3671875 0.03515625 0.046875
0 0.42734375 0.2921875 0.0265625 0.04296875
0 0.259375 0.08515625 0.02265625 0.02734375
0 0.94140625 0.00625 0.0171875 0.01171875
0 0.7796875 0.00625 0.0171875 0.01171875
0 0.75625 0.05390625 0.02421875 0.0375
0 0.53828125 0.21953125 0.025 0.0375
0 0.16875 0.021875 0.0171875 0.02890625
0 0.23671875 0.01015625 0.0171875 0.0203125
0 0.15 0.10703125 0.0171875 0.02578125
0 0.1515625 0.03125 0.01875 0.03125
0 0.64296875 0.12578125 0.0265625 0.04296875
0 0.0625 0.009375 0.015625 0.01875
0 0.278125 0.00625 0.01875 0.01171875
0 0.2140625 0.02578125 0.01640625 0.0234375
0 0.36484375 0.2578125 0.028125 0.04453125
0 0.12421875 0.40546875 0.0359375 0.04296875
0 0.11015625 0.00859375 0.01484375 0.0171875
0 0.99375 0.06328125 0.009375 0.02734375
0 0.0046875 0.0078125 0.009375 0.015625
0 0.13359375 0.0140625 0.0171875 0.028125
0 0.20390625 0.11953125 0.0171875 0.03125
0 0.52578125 0.01796875 0.01640625 0.03125
0 0.69296875 0.0140625 0.0203125 0.02734375
0 0.30625 0.00625 0.01875 0.0125
0 0.6796875 0.07421875 0.0234375 0.03671875
0 0.43828125 0.346875 0.025 0.04296875