0 0.71484375 0.13203125 0.0171875 0.0296875
0 0.09140625 0.12578125 0.01484375 0.021875
0 0.4296875 0.06875 0.0140625 0.01953125
0 0.1828125 0.23515625 0.01953125 0.02734375
0 0.1078125 0.47265625 0.040625 0.05703125
0 0.43203125 0.21875 0.0203125 0.03125
0 0.78046875 0.1 0.0203125 0.02890625
0 0.34296875 0.23515625 0.0203125 0.0296875
0 0.3078125 0.14140625 0.01484375 0.021875
0 0.10625 0.2421875 0.01875 0.02890625
0 0.03203125 0.12890625 0.015625 0.02109375
0 0.83125 0.11796875 0.0203125 0.0328125
0 0.29375 0.1625 0.01640625 0.02109375
0 0.08359375 0.1875 0.01640625 0.0234375
0 0.16484375 0.11328125 0.01484375 0.02109375
0 0.3046875 0.06875 0.01171875 0.01953125
0 0.2125 0.19921875 0.01875 0.02578125
0 0.21171875 0.7953125 0.059375 0.08984375
0 0.3703125 0.12265625 0.01484375 0.02109375
0 0.28515625 0.06875 0.01171875 0.01796875
0 0.428125 0.19296875 0.01484375 0.0234375
0 0.95 0.04453125 0.0171875 0.02578125
0 0.24765625 0.159375 0.01640625 0.021875
0 0.13046875 0.178125 0.01484375 0.02109375
0 0.165625 0.08046875 0.0125 0.01796875
0 0.1515625 0.26640625 0.0203125 0.0328125
0 0.90546875 0.3234375 0.06328125 0.0875
0 0.6046875 0.34140625 0.03046875 0.04453125
0 0.228125 0.11953125 0.0140625 0.01796875
0 0.715625 0.0296875 0.0125 0.0234375
0 0.04609375 0.10546875 0.0140625 0.01796875
0 0.853125 0.03046875 0.0140625 0.01953125
0 0.6453125 0.06875 0.0140625 0.01953125
0 0.96796875 0.09765625 0.01875 0.02578125
0 0.03203125 0.1796875 0.0171875 0.02578125
0 0.44140625 0.03203125 0.01171875 0.0171875
0 0.35859375 0.06875 0.0125 0.01796875
0 0.378125 0.09296875 0.0140625 0.01953125
0 0.571875 0.21171875 0.01875 0.0296875
0 0.1921875 0.103125 0.0140625 0.0171875
0 0.2625 0.2015625 0.01640625 0.0296875
0 0.32734375 0.26171875 0.0203125 0.03125
0 0.834375 0.0703125 0.01875 0.0234375
0 0.446875 0.06875 0.0125 0.01953125
0 0.653125 0.03046875 0.0140625 0.01953125
0 0.1203125 0.10546875 0.0125 0.01796875
0 0.603125 0.05 0.01171875 0.01953125
0 0.103125 0.19375 0.01640625 0.0234375
0 0.903125 0.06015625 0.01484375 0.0234375
0 0.15546875 0.165625 0.01484375 0.025
0 0.5203125 0.22890625 0.0171875 0.02578125
0 0.084375 0.09765625 0.01171875 0.01796875
0 0.5484375 0.225 0.0234375 0.0375
0 0.63203125 0.0296875 0.01171875 0.0171875
0 0.67734375 0.0078125 0.0125 0.015625
0 0.3921875 0.18125 0.0171875 0.02578125
0 0.4875 0.18125 0.0171875 0.03125
0 0.696875 0.08125 0.01484375 0.025
0 0.38125 0.21640625 0.0203125 0.03359375
0 0.39140625 0.06875 0.0140625 0.01953125
0 0.803125 0.065625 0.01484375 0.021875
0 0.5578125 0.05703125 0.01171875 0.02109375
0 0.01953125 0.09375 0.0140625 0.01796875
0 0.67109375 0.0921875 0.0125 0.021875
0 0.66484375 0.16171875 0.0171875 0.02578125
0 0.89453125 0.01953125 0.015625 0.02109375
0 0.5484375 0.11796875 0.01484375 0.01953125
0 0.1015625 0.1 0.015625 0.01796875
0 0.30390625 0.046875 0.009375 0.015625
0 0.26484375 0.0890625 0.01171875 0.01953125
0 0.70234375 0.05546875 0.0125 0.01953125
0 0.17578125 0.16875 0.015625 0.025
0 0.52109375 0.01796875 0.0109375 0.01796875
0 0.353125 0.15390625 0.01484375 0.02109375
0 0.915625 0.0171875 0.01484375 0.01953125
0 0.1796875 0.046875 0.01171875 0.01796875
0 0.5765625 0.1421875 0.015625 0.025
0 0.778125 0.009375 0.015625 0.01875
0 0.603125 0.00625 0.0125 0.0125
0 0.134375 0.1140625 0.0140625 0.01953125
0 0.8703125 0.025 0.0140625 0.01953125
0 0.2046875 0.0796875 0.01171875 0.0140625
0 0.33203125 0.06328125 0.009375 0.0171875
0 0.2203125 0.2875 0.0234375 0.0375
0 0.484375 0.03046875 0.01171875 0.01953125
0 0.56875 0.00546875 0.0109375 0.01015625
0 0.07734375 0.03203125 0.0125 0.01953125
0 0.54296875 0.00625 0.01171875 0.01171875
0 0.72109375 0.0921875 0.01875 0.02890625
0 0.6859375 0.03203125 0.01171875 0.01953125
0 0.49375 0.2265625 0.02421875 0.03125
0 0.24140625 0.06875 0.0140625 0.01953125
0 0.60625 0.13125 0.01640625 0.02578125
0 0.00703125 0.1328125 0.0140625 0.0234375
0 0.2625 0.12890625 0.0140625 0.01796875
0 0.3734375 0.04296875 0.0140625 0.01796875
0 0.0578125 0.0484375 0.0125 0.01796875
0 0.81796875 0.01875 0.0125 0.01953125
0 0.31640625 0.05390625 0.01171875 0.0171875
0 0.48125 0.00703125 0.0140625 0.0140625
0 0.2234375 0.14140625 0.01484375 0.021875
0 0.5921875 0.0953125 0.0125 0.02109375
0 0.4078125 0.03203125 0.0109375 0.0171875
0 0.28359375 0.0984375 0.0125 0.01953125
0 0.30078125 0.2125 0.0171875 0.02578125
0 0.33125 0.1734375 0.01484375 0.02109375
0 0.659375 0.00625 0.0125 0.01171875
0 0.7796875 0.0625 0.0171875 0.0234375
0 0.5921875 0.025 0.0109375 0.0140625
0 0.99375 0.06015625 0.009375 0.02109375
0 0.309375 0.09765625 0.0140625 0.01796875
0 0.75703125 0.09765625 0.0171875 0.02109375
0 0.7453125 0.01796875 0.0125 0.01796875
0 0.97265625 0.0265625 0.015625 0.025
0 0.0046875 0.06875 0.009375 0.01796875
0 0.4671875 0.03203125 0.0109375 0.0171875
0 0.0046875 0.18125 0.009375 0.01953125
0 0.39453125 0.0296875 0.009375 0.0171875
0 0.4078125 0.07890625 0.0140625 0.01953125
0 0.540625 0.0296875 0.0109375 0.01796875
0 0.0875 0.06015625 0.0140625 0.01796875
0 0.25625 0.0171875 0.01171875 0.0140625
0 0.4234375 0.025 0.009375 0.0140625
0 0.2046875 0.1734375 0.01484375 0.02109375
0 0.6953125 0.1515625 0.015625 0.02734375
0 0.43046875 0.0453125 0.0109375 0.0171875
0 0.71953125 0.00625 0.0140625 0.0125
0 0.10625 0.0125 0.0125 0.0171875
0 0.2484375 0.33515625 0.0203125 0.0296875
0 0.26640625 0.0640625 0.009375 0.01796875
0 0.55390625 0.00625 0.0109375 0.0125
0 0.259375 0.04453125 0.0109375 0.01796875
0 0.28203125 0.1265625 0.01171875 0.01796875
0 0.7453125 0.0390625 0.01484375 0.02109375
0 0.509375 0.01796875 0.0109375 0.01796875
0 0.74765625 0.071875 0.01640625 0.021875
0 0.065625 0.0953125 0.0140625 0.01796875
0 0.11796875 0.14765625 0.01484375 0.01953125
0 0.8046875 0.01640625 0.01171875 0.01953125
0 0.35859375 0.04375 0.01171875 0.0171875
0 0.4671875 0.06328125 0.0125 0.01953125
0 0.5296875 0.053125 0.0109375 0.015625
0 0.7296875 0.05390625 0.01484375 0.021875
0 0.23125 0.053125 0.0109375 0.015625
0 0.20625 0.05546875 0.0109375 0.0140625
0 0.76484375 0.0421875 0.01640625 0.01953125
0 0.040625 0.0765625 0.01171875 0.015625
0 0.196875 0.12578125 0.0140625 0.021875
0 0.56015625 0.1859375 0.01484375 0.02109375
0 0.575 0.025 0.009375 0.0140625
0 0.19375 0.07890625 0.0109375 0.0171875