1 0.34765625 0.73515625 0.034375 0.05546875
1 0.66015625 0.60859375 0.034375 0.05703125
1 0.39296875 0.8734375 0.05 0.0671875
1 0.22734375 0.7140625 0.03515625 0.06171875
1 0.15078125 0.9625 0.0453125 0.065625
1 0.21953125 0.88125 0.04296875 0.06875
1 0.49609375 0.76796875 0.03984375 0.065625
1 0.56015625 0.56328125 0.03515625 0.06171875
1 0.07265625 0.67578125 0.03984375 0.06171875
1 0.45625 0.5515625 0.034375 0.05703125
1 0.54609375 0.91171875 0.0421875 0.06328125
1 0.89609375 0.63515625 0.034375 0.05859375
1 0.02890625 0.63203125 0.034375 0.06171875
1 0.33671875 0.2859375 0.0328125 0.05546875
1 0.52421875 0.38984375 0.02890625 0.04765625
1 0.76328125 0.44921875 0.0359375 0.06484375
1 0.1640625 0.465625 0.0359375 0.05546875
1 0.13984375 0.5234375 0.034375 0.05703125
1 0.46484375 0.259375 0.03125 0.05078125
1 0.771875 0.696875 0.03984375 0.06875
1 0.15234375 0.809375 0.03984375 0.06875
1 0.240625 0.16875 0.03203125 0.04921875
1 0.38828125 0.496875 0.02734375 0.04609375
1 0.56640625 0.425 0.0328125 0.04921875
1 0.23828125 0.43359375 0.03671875 0.05390625
1 0.04296875 0.340625 0.03828125 0.05703125
1 0.309375 0.7859375 0.04296875 0.065625
1 0.3703125 0.63515625 0.0328125 0.06484375
1 0.65625 0.41640625 0.0296875 0.04375
1 0.3984375 0.45625 0.03515625 0.05546875
1 0.7125 0.6015625 0.03671875 0.06015625
1 0.63828125 0.56328125 0.0328125 0.05234375
1 0.62578125 0.328125 0.03125 0.05078125
1 0.76953125 0.546875 0.03671875 0.05390625
1 0.09609375 0.6578125 0.034375 0.06328125
1 0.82578125 0.47109375 0.03515625 0.05078125
1 0.22265625 0.56796875 0.0328125 0.05703125
1 0.40078125 0.5875 0.03828125 0.06015625
1 0.559375 0.16875 0.0296875 0.04609375
1 0.8484375 0.9140625 0.0328125 0.06484375
1 0.41171875 0.8609375 0.034375 0.0703125
1 0.91875 0.53203125 0.03125 0.05390625
1 0.69375 0.965625 0.03984375 0.06015625
1 0.49921875 0.15625 0.025 0.04765625
1 0.26953125 0.8171875 0.03671875 0.05390625
1 0.6625 0.68828125 0.08125 0.215625
1 0.49921875 0.49921875 0.990625 0.98671875
1 0.50390625 0.28046875 0.0296875 0.0453125
1 0.16484375 0.61953125 0.0359375 0.05703125
1 0.7953125 0.3828125 0.02890625 0.04609375
1 0.0578125 0.24921875 0.028125 0.05078125
1 0.60078125 0.53125 0.0296875 0.05546875
1 0.7625 0.221875 0.02734375 0.04765625
1 0.196875 0.7203125 0.03515625 0.05546875
1 0.24375 0.36875 0.03125 0.04765625
1 0.58515625 0.82734375 0.04375 0.06015625
1 0.2046875 0.52421875 0.034375 0.04921875
1 0.48984375 0.6703125 0.02578125 0.0453125
1 0.078125 0.76171875 0.065625 0.23359375
1 0.3265625 0.140625 0.02734375 0.0453125
1 0.4265625 0.7453125 0.03515625 0.05390625
1 0.0609375 0.16953125 0.0296875 0.05390625
1 0.121875 0.35546875 0.03515625 0.06328125
1 0.059375 0.44296875 0.03515625 0.05546875
1 0.67734375 0.28515625 0.0328125 0.0453125
1 0.46953125 0.80625 0.040625 0.05703125
1 0.18671875 0.28984375 0.03515625 0.05234375
1 0.8109375 0.834375 0.0359375 0.05234375
1 0.6234375 0.43671875 0.03125 0.05234375
1 0.81328125 0.73359375 0.03828125 0.05546875
1 0.409375 0.7703125 0.0359375 0.05703125
1 0.4828125 0.51484375 0.03203125 0.04921875
1 0.578125 0.478125 0.06328125 0.15625
1 0.69375 0.3625 0.0359375 0.05390625
1 0.5578125 0.359375 0.03203125 0.05234375
1 0.38515625 0.91640625 0.08984375 0.15859375
1 0.29296875 0.24609375 0.0296875 0.04765625
1 0.5890625 0.565625 0.0296875 0.04921875
1 0.29765625 0.14140625 0.0296875 0.04921875
1 0.57890625 0.340625 0.02578125 0.0453125
1 0.365625 0.1203125 0.0296875 0.04765625
1 0.1953125 0.38828125 0.034375 0.05078125
1 0.2921875 0.6109375 0.0359375 0.05234375
1 0.74765625 0.3109375 0.03125 0.04609375
1 0.88046875 0.4328125 0.025 0.04609375
1 0.3546875 0.7953125 0.07109375 0.178125
1 0.12578125 0.4125 0.034375 0.05390625
1 0.66328125 0.80546875 0.03515625 0.065625
1 0.5765625 0.2921875 0.03515625 0.04765625
1 0.6953125 0.5375 0.034375 0.06484375
1 0.5328125 0.4828125 0.028125 0.05078125
1 0.23984375 0.92109375 0.09609375 0.1484375
1 0.21328125 0.35703125 0.0296875 0.04765625
1 0.9203125 0.8421875 0.03203125 0.05234375
1 0.4421875 0.08125 0.0296875 0.0453125
1 0.453125 0.43046875 0.03203125 0.05390625
1 0.5390625 0.2859375 0.0296875 0.04609375
1 0.475 0.6203125 0.078125 0.20078125
1 0.7171875 0.3140625 0.03125 0.04375
1 0.35078125 0.21171875 0.03203125 0.05078125
1 0.5015625 0.22734375 0.02890625 0.040625
1 0.08125 0.2421875 0.02890625 0.05234375
1 0.41328125 0.37421875 0.0296875 0.05234375
1 0.809375 0.63203125 0.03203125 0.05234375
1 0.934375 0.63359375 0.03125 0.04921875
1 0.21796875 0.7640625 0.09375 0.16328125
1 0.28515625 0.40078125 0.02890625 0.04921875
1 0.41328125 0.05859375 0.03671875 0.05078125
1 0.7375 0.8546875 0.0390625 0.05390625
1 0.47109375 0.4171875 0.0296875 0.05546875
1 0.5203125 0.1328125 0.03125 0.04921875
1 0.97109375 0.971875 0.05 0.04765625
1 0.25078125 0.68828125 0.03515625 0.05078125
1 0.890625 0.23125 0.02734375 0.04375
1 0.62734375 0.846875 0.040625 0.065625
1 0.55078125 0.596875 0.0671875 0.12890625
1 0.1796875 0.23671875 0.0296875 0.05390625
1 0.590625 0.62890625 0.0359375 0.05859375
1 0.5 0.0890625 0.0296875 0.04375
1 0.56953125 0.9359375 0.09296875 0.11875
1 0.728125 0.2703125 0.028125 0.04375
1 0.621875 0.02421875 0.028125 0.0421875
1 0.90078125 0.08515625 0.02578125 0.0421875
1 0.828125 0.52421875 0.06171875 0.15703125
1 0.57734375 0.2015625 0.02421875 0.040625
1 0.85625 0.3609375 0.0328125 0.04609375
1 0.24375 0.50546875 0.06171875 0.20078125
1 0.71796875 0.640625 0.06171875 0.1390625
1 0.4171875 0.12265625 0.028125 0.05078125
1 0.4203125 0.26875 0.02734375 0.0453125
1 0.41953125 0.8328125 0.0390625 0.0671875
1 0.7890625 0.51640625 0.034375 0.05546875
1 0.875 0.25 0.02578125 0.0453125
1 0.93125 0.49296875 0.03203125 0.04765625
1 0.1953125 0.209375 0.02890625 0.04609375
1 0.1546875 0.7546875 0.034375 0.05546875
1 0.31484375 0.315625 0.02890625 0.05234375
1 0.8484375 0.7484375 0.0328125 0.06015625
1 0.38125 0.28203125 0.0296875 0.05078125
1 0.43671875 0.3640625 0.03125 0.05390625
1 0.565625 0.74765625 0.02890625 0.04921875
1 0.92265625 0.40703125 0.03125 0.04609375
1 0.32421875 0.45859375 0.08671875 0.1859375
1 0.5171875 0.8984375 0.03828125 0.05234375
1 0.71953125 0.56875 0.0328125 0.05234375
1 0.228125 0.1296875 0.0296875 0.040625
1 0.2484375 0.0546875 0.03125 0.04609375
1 0.478125 0.33125 0.02890625 0.04765625
1 0.29375 0.32890625 0.03671875 0.04609375
1 0.9609375 0.4734375 0.03203125 0.05078125
1 0.88046875 0.58828125 0.03515625 0.05234375
1 0.91328125 0.6875 0.084375 0.16328125
1 0.10625 0.21875 0.03203125 0.04765625
1 0.8390625 0.7828125 0.0296875 0.05703125
1 0.97109375 0.63359375 0.03203125 0.05234375
1 0.609375 0.70703125 0.078125 0.2140625
1 0.31015625 0.871875 0.06328125 0.23828125
1 0.1609375 0.86484375 0.078125 0.1828125
1 0.11328125 0.153125 0.0328125 0.05078125
1 0.47734375 0.17734375 0.0296875 0.04375
1 0.81015625 0.79765625 0.040625 0.065625
1 0.1453125 0.09765625 0.028125 0.0421875
1 0.103125 0.32421875 0.02734375 0.05234375
1 0.290625 0.67734375 0.03984375 0.06328125
1 0.159375 0.3921875 0.03203125 0.04609375
1 0.68046875 0.23125 0.03125 0.0453125
1 0.18515625 0.04375 0.028125 0.0453125
1 0.453125 0.340625 0.03125 0.04765625
1 0.3171875 0.37265625 0.028125 0.05234375
1 0.2296875 0.26171875 0.03125 0.05234375
1 0.7796875 0.5984375 0.08203125 0.15625
1 0.00859375 0.4890625 0.0171875 0.06875