0 0.8640625 0.20546875 0.021875 0.03671875
0 0.4671875 0.11953125 0.0140625 0.01796875
0 0.68046875 0.13125 0.01640625 0.025
0 0.8703125 0.1421875 0.01640625 0.025
0 0.88359375 0.17890625 0.01953125 0.0296875
0 0.8609375 0.2703125 0.025 0.040625
0 0.978125 0.13046875 0.0171875 0.02578125
0 0.9796875 0.2171875 0.02734375 0.0390625
0 0.971875 0.17421875 0.02265625 0.03125
0 0.70859375 0.0796875 0.01484375 0.0234375
0 0.47578125 0.80625 0.046875 0.07578125
0 0.8265625 0.35703125 0.0296875 0.04140625
0 0.290625 0.33203125 0.01953125 0.03125
0 0.9640625 0.5546875 0.059375 0.0859375
0 0.41875 0.4546875 0.0296875 0.04140625
0 0.440625 0.49453125 0.03046875 0.046875
0 0.66328125 0.3359375 0.02734375 0.04453125
0 0.79453125 0.0796875 0.01484375 0.0234375
0 0.940625 0.2109375 0.02265625 0.03359375
0 0.98125 0.46328125 0.03515625 0.05234375
0 0.5125 0.20546875 0.0171875 0.02578125
0 0.98359375 0.30703125 0.0296875 0.046875
0 0.7921875 0.19921875 0.021875 0.03125
0 0.7 0.29453125 0.02421875 0.03671875
0 0.81875 0.30078125 0.0265625 0.0390625
0 0.9453125 0.1234375 0.0171875 0.02578125
0 0.76484375 0.10546875 0.0140625 0.0234375
0 0.921875 0.36328125 0.0296875 0.046875
0 0.909375 0.521875 0.03828125 0.05234375
0 0.4515625 0.61875 0.0484375 0.071875
0 0.9265625 0.175 0.01953125 0.0296875
0 0.340625 0.45390625 0.03203125 0.04296875
0 0.91015625 0.09140625 0.015625 0.0234375
0 0.49140625 0.31953125 0.02265625 0.0328125
0 0.8375 0.21875 0.02421875 0.0390625
0 0.4890625 0.1546875 0.01484375 0.0234375
0 0.1203125 0.29765625 0.0203125 0.0296875
0 0.88984375 0.053125 0.01484375 0.02109375
0 0.39296875 0.16796875 0.01484375 0.01796875
0 0.75625 0.18828125 0.01875 0.0296875
0 0.571875 0.1109375 0.0140625 0.01953125
0 0.83046875 0.1296875 0.01640625 0.025
0 0.9328125 0.26953125 0.028125 0.0390625
0 0.7453125 0.33046875 0.02734375 0.03671875
0 0.69375 0.1546875 0.01640625 0.02578125
0 0.45234375 0.2984375 0.0203125 0.0328125
0 0.23125 0.3390625 0.02421875 0.0328125
0 0.3953125 0.2671875 0.0171875 0.02734375
0 0.53125 0.34296875 0.0234375 0.0375
0 0.728125 0.1203125 0.01484375 0.021875
0 0.6625 0.1625 0.01640625 0.025
0 0.78359375 0.12265625 0.01484375 0.0234375
0 0.80625 0.4359375 0.03515625 0.0546875
0 0.821875 0.1765625 0.01953125 0.0328125
0 0.61484375 0.13125 0.01484375 0.0234375
0 0.9265625 0.0828125 0.0140625 0.021875
0 0.53046875 0.26875 0.01875 0.0296875
0 0.0046875 0.3 0.00859375 0.025
0 0.5671875 0.35 0.02734375 0.0375
0 0.57734375 0.31015625 0.0234375 0.03671875
0 0.91171875 0.2453125 0.0203125 0.03515625
0 0.1515625 0.2796875 0.01875 0.02578125
0 0.42109375 0.3265625 0.02421875 0.0375
0 0.96953125 0.0171875 0.01171875 0.01953125
0 0.96796875 0.08203125 0.01484375 0.0234375
0 0.7390625 0.3796875 0.0328125 0.0484375
0 0.7609375 0.23671875 0.021875 0.03671875
0 0.5765625 0.253125 0.021875 0.0328125
0 0.7484375 0.1171875 0.015625 0.02109375
0 0.99296875 0.01328125 0.0125 0.02109375
0 0.18984375 0.27265625 0.01484375 0.021875
0 0.19140625 0.19375 0.0140625 0.01953125
0 0.7265625 0.6671875 0.053125 0.0765625
0 0.146875 0.209375 0.01484375 0.02109375
0 0.69609375 0.09921875 0.0140625 0.02109375
0 0.38984375 0.32421875 0.0234375 0.03125
0 0.09453125 0.28671875 0.01640625 0.0234375
0 0.88203125 0.09375 0.0140625 0.0234375
0 0.63125 0.321875 0.0265625 0.04296875
0 0.98125 0.071875 0.0140625 0.021875
0 0.8078125 0.11796875 0.01640625 0.025
0 0.9328125 0.046875 0.0140625 0.02109375
0 0.70546875 0.19921875 0.0203125 0.03125
0 0.78515625 0.5609375 0.0296875 0.05234375
0 0.321875 0.10546875 0.01171875 0.01796875
0 0.45234375 0.35546875 0.025 0.03671875
0 0.8109375 0.07421875 0.01484375 0.0234375
0 0.5046875 0.1265625 0.0140625 0.01796875
0 0.5671875 0.171875 0.01640625 0.02890625
0 0.04375 0.2609375 0.01484375 0.01953125
0 0.23515625 0.2390625 0.015625 0.021875
0 0.528125 0.21953125 0.0171875 0.0296875
0 0.5984375 0.16953125 0.01640625 0.02578125
0 0.384375 0.359375 0.02421875 0.03359375
0 0.42734375 0.21015625 0.01640625 0.025
0 0.30859375 0.1734375 0.0140625 0.0171875
0 0.1546875 0.3609375 0.0203125 0.02734375
0 0.21953125 0.3875 0.0265625 0.0375
0 0.503125 0.37578125 0.02265625 0.0375
0 0.54375 0.09453125 0.01171875 0.0171875
0 0.734375 0.1484375 0.0171875 0.02578125
0 0.23046875 0.29375 0.01953125 0.025
0 0.165625 0.3890625 0.0234375 0.03515625
0 0.6421875 0.20703125 0.01953125 0.02578125
0 0.55234375 0.23125 0.0203125 0.0296875
0 0.8390625 0.0765625 0.015625 0.021875
0 0.32734375 0.1828125 0.0125 0.021875
0 0.85234375 0.0515625 0.0140625 0.021875
0 0.63203125 0.2578125 0.021875 0.03359375
0 0.9921875 0.0484375 0.0140625 0.01953125
0 0.3578125 0.1453125 0.009375 0.0171875
0 0.53203125 0.16640625 0.015625 0.0234375
0 0.16015625 0.20546875 0.01171875 0.01796875
0 0.7734375 0.2875 0.025 0.0390625
0 0.721875 0.0890625 0.01484375 0.021875
0 0.25078125 0.45703125 0.02734375 0.0390625
0 0.4359375 0.1109375 0.01171875 0.01953125
0 0.1046875 0.39375 0.0171875 0.0296875
0 0.4671875 0.1921875 0.01640625 0.025
0 0.1296875 0.42421875 0.02265625 0.03125
0 0.909375 0.06640625 0.0140625 0.01796875
0 0.6515625 0.12421875 0.01484375 0.01953125
0 0.84296875 0.09921875 0.01484375 0.02109375
0 0.3453125 0.16796875 0.0140625 0.01796875
0 0.9515625 0.0765625 0.01484375 0.021875
0 0.41171875 0.1578125 0.0125 0.02109375
0 0.18125 0.209375 0.0125 0.01796875
0 0.865625 0.10546875 0.01484375 0.0234375
0 0.17109375 0.24453125 0.01484375 0.0234375
0 0.7078125 0.14296875 0.015625 0.02578125
0 0.44375 0.16796875 0.01484375 0.0234375
0 0.15078125 0.33046875 0.0203125 0.02578125
0 0.6578125 0.09296875 0.0140625 0.01953125
0 0.946875 0.0515625 0.01484375 0.0171875
0 0.5765625 0.40078125 0.0234375 0.0390625
0 0.296875 0.6375 0.04296875 0.06875
0 0.4265625 0.13125 0.01171875 0.01953125
0 0.92734375 0.0265625 0.0125 0.01953125
0 0.540625 0.30390625 0.0203125 0.0296875
0 0.23671875 0.4234375 0.02265625 0.0328125
0 0.87578125 0.05625 0.0140625 0.01953125
0 0.9046875 0.18125 0.01640625 0.02734375
0 0.8921875 0.12890625 0.0171875 0.02890625
0 0.67109375 0.39296875 0.03125 0.04921875
0 0.55859375 0.26953125 0.0171875 0.03125
0 0.6609375 0.259375 0.021875 0.0296875
0 0.54375 0.13515625 0.0140625 0.02109375
0 0.36796875 0.13125 0.0140625 0.01953125
0 0.27890625 0.1359375 0.0109375 0.0171875
0 0.2765625 0.1671875 0.01171875 0.0140625
0 0.0046875 0.16640625 0.009375 0.01328125
0 0.190625 0.4046875 0.02265625 0.0328125
0 0.2625 0.1359375 0.009375 0.0171875
0 0.3140625 0.2125 0.01484375 0.01953125
0 0.58125 0.21875 0.01953125 0.02578125
0 0.2546875 0.1671875 0.009375 0.0140625
0 0.03828125 0.284375 0.01484375 0.021875
0 0.6671875 0.29296875 0.0203125 0.03125
0 0.38984375 0.11953125 0.0109375 0.01796875
0 0.3296875 0.15625 0.01171875 0.01796875
0 0.95234375 0.30625 0.028125 0.040625
0 0.07109375 0.18125 0.01171875 0.0171875
0 0.9828125 0.1015625 0.01484375 0.0234375
0 0.61796875 0.1 0.0140625 0.01953125
0 0.70234375 0.25546875 0.021875 0.03125
0 0.20703125 0.1578125 0.009375 0.015625
0 0.446875 0.26796875 0.0171875 0.02578125
0 0.446875 0.1390625 0.01171875 0.01953125
0 0.08125 0.13046875 0.00703125 0.0078125
0 0.24140625 0.115625 0.009375 0.015625
0 0.4046875 0.1234375 0.01171875 0.0171875
0 0.3640625 0.10625 0.01171875 0.0140625
0 0.23125 0.13046875 0.009375 0.01328125
0 0.0546875 0.31875 0.015625 0.025
0 0.33203125 0.25078125 0.015625 0.01953125
0 0.9015625 0.15546875 0.0171875 0.0296875
0 0.63359375 0.09140625 0.0140625 0.02109375
0 0.99375 0.0796875 0.009375 0.01953125
0 0.946875 0.46953125 0.025 0.0375
0 0.00625 0.628125 0.01171875 0.0328125
0 0.86484375 0.0796875 0.01484375 0.0234375
0 0.95234375 0.0328125 0.01171875 0.02109375
0 0.00625 0.35625 0.0125 0.025
0 0.2171875 0.13125 0.009375 0.01171875
0 0.4578125 0.23203125 0.01484375 0.0234375
0 0.23671875 0.1890625 0.0125 0.01796875
0 0.26484375 0.19140625 0.0125 0.01796875
0 0.14296875 0.13125 0.00703125 0.01171875
0 0.603125 0.26875 0.0203125 0.0296875
0 0.1828125 0.1703125 0.01171875 0.0171875
0 0.671875 0.19296875 0.0171875 0.02578125
0 0.2453125 0.13203125 0.0109375 0.0140625
0 0.05625 0.13046875 0.00703125 0.01015625
0 0.865625 0.00625 0.0125 0.01171875
0 0.946875 0.68046875 0.0578125 0.1
0 0.7296875 0.24375 0.0171875 0.0296875
0 0.09375 0.13046875 0.0078125 0.0078125
0 0.8046875 0.15625 0.015625 0.02578125
0 0.2078125 0.2765625 0.015625 0.021875
0 0.20625 0.321875 0.02421875 0.0296875
0 0.03046875 0.1671875 0.0109375 0.01171875
0 0.0203125 0.19140625 0.009375 0.01328125
0 0.040625 0.18125 0.0109375 0.01328125
0 0.38125 0.19453125 0.0125 0.01953125
0 0.21953125 0.10546875 0.009375 0.01328125
0 0.21796875 0.15546875 0.0125 0.0140625
0 0.0296875 0.13046875 0.0078125 0.01015625
0 0.98359375 0.0296875 0.01171875 0.01796875
0 0.5578125 0.1421875 0.01484375 0.0234375
0 0.52109375 0.05625 0.0109375 0.0171875
0 0.20625 0.14296875 0.0109375 0.01328125
0 0.0796875 0.14296875 0.0078125 0.01328125
0 0.58046875 0.13203125 0.01484375 0.021875
0 0.71015625 0.11875 0.01484375 0.0234375
0 0.2109375 0.2546875 0.015625 0.021875
0 0.39296875 0.21640625 0.01484375 0.02109375
0 0.09453125 0.1421875 0.0078125 0.01171875