0 0.73125 0.01640625 0.01640625 0.02734375
0 0.1125 0.53203125 0.04765625 0.0640625
0 0.790625 0.07578125 0.01953125 0.03125
0 0.71171875 0.40078125 0.0375 0.05703125
0 0.6921875 0.0375 0.0171875 0.025
0 0.61796875 0.1625 0.02265625 0.0328125
0 0.690625 0.11171875 0.01875 0.03125
0 0.17109375 0.66171875 0.0515625 0.06796875
0 0.53203125 0.6984375 0.05078125 0.08984375
0 0.3625 0.7109375 0.0453125 0.06484375
0 0.89140625 0.09140625 0.0171875 0.03125
0 0.5078125 0.1296875 0.021875 0.0296875
0 0.05234375 0.38828125 0.03046875 0.04140625
0 0.6546875 0.171875 0.02265625 0.0390625
0 0.465625 0.27890625 0.02421875 0.03671875
0 0.74921875 0.06875 0.01875 0.02890625
0 0.0234375 0.2671875 0.02734375 0.0390625
0 0.6671875 0.0890625 0.021875 0.0328125
0 0.503125 0.0578125 0.01484375 0.021875
0 0.8421875 0.05546875 0.01875 0.025
0 0.5078125 0.27421875 0.02734375 0.0375
0 0.29375 0.12421875 0.015625 0.025
0 0.18828125 0.55546875 0.04765625 0.0640625
0 0.7234375 0.1796875 0.021875 0.03359375
0 0.23984375 0.5296875 0.04609375 0.07265625
0 0.48515625 0.0421875 0.015625 0.01953125
0 0.31640625 0.1609375 0.015625 0.025
0 0.81953125 0.11796875 0.021875 0.0328125
0 0.31953125 0.1078125 0.015625 0.021875
0 0.81484375 0.0140625 0.01875 0.02578125
0 0.725 0.0921875 0.01953125 0.02890625
0 0.5265625 0.08515625 0.01640625 0.025
0 0.56328125 0.040625 0.01640625 0.021875
0 0.48125 0.07265625 0.01484375 0.0234375
0 0.86640625 0.23515625 0.028125 0.040625
0 0.5578125 0.08671875 0.0171875 0.025
0 0.3421875 0.0953125 0.01484375 0.0234375
0 0.31796875 0.06953125 0.01484375 0.021875
0 0.28046875 0.24375 0.0171875 0.0234375
0 0.65859375 0.04375 0.0125 0.025
0 0.21953125 0.15625 0.0171875 0.02578125
0 0.60859375 0.0171875 0.0140625 0.01953125
0 0.74296875 0.0421875 0.01640625 0.025
0 0.55234375 0.0078125 0.01484375 0.015625
0 0.50078125 0.021875 0.01484375 0.0234375
0 0.40703125 0.034375 0.01171875 0.0171875
0 0.91328125 0.0125 0.0171875 0.025
0 0.66328125 0.0140625 0.01484375 0.021875
0 0.63046875 0.0328125 0.01484375 0.0234375
0 0.546875 0.0609375 0.015625 0.0234375
0 0.52890625 0.00625 0.0140625 0.0125
0 0.5203125 0.046875 0.0140625 0.02109375
0 0.31328125 0.28671875 0.0296875 0.0390625
0 0.89921875 0.209375 0.02265625 0.03125
0 0.7015625 0.00625 0.015625 0.0125
0 0.51640625 0.01796875 0.0140625 0.0234375
0 0.8171875 0.08515625 0.01484375 0.025
0 0.259375 0.146875 0.015625 0.02109375
0 0.64609375 0.00625 0.01484375 0.01171875
0 0.34609375 0.24375 0.0125 0.0234375
0 0.0046875 0.3984375 0.009375 0.04453125
0 0.9125 0.075 0.01640625 0.025
0 0.81640625 0.296875 0.01953125 0.02890625
0 0.4578125 0.025 0.0140625 0.01953125
0 0.6296875 0.00703125 0.01484375 0.0140625
0 0.2171875 0.13125 0.0140625 0.01953125
0 0.68046875 0.0078125 0.01484375 0.015625
0 0.3703125 0.071875 0.01484375 0.01953125
0 0.42734375 0.0078125 0.0125 0.015625
0 0.9921875 0.196875 0.0140625 0.040625
0 0.7140625 0.3578125 0.021875 0.021875
0 0.48125 0.00625 0.0140625 0.01171875
0 0.35859375 0.0171875 0.0125 0.01953125
0 0.4640625 0.35703125 0.01640625 0.0234375