0 0.2265625 0.89609375 0.0234375 0.04296875
0 0.1296875 0.90703125 0.0203125 0.04296875
0 0.97421875 0.8890625 0.0203125 0.04296875
0 0.215625 0.6015625 0.0140625 0.03203125
0 0.85703125 0.8609375 0.0203125 0.05
0 0.3453125 0.525 0.0140625 0.02890625
0 0.96796875 0.94140625 0.0234375 0.04609375
0 0.0984375 0.9125 0.0203125 0.04609375
0 0.44765625 0.94296875 0.0203125 0.05
0 0.75703125 0.71640625 0.0171875 0.0390625
0 0.928125 0.7640625 0.0171875 0.04296875
0 0.265625 0.88203125 0.0203125 0.05
0 0.459375 0.58046875 0.0171875 0.0390625
0 0.1296875 0.5515625 0.0171875 0.03203125
0 0.6671875 0.91796875 0.01875 0.04296875
0 0.365625 0.7265625 0.0171875 0.04609375
0 0.51015625 0.95859375 0.0203125 0.05390625
0 0.49375 0.55703125 0.015625 0.0359375
0 0.63203125 0.65390625 0.015625 0.0359375
0 0.93046875 0.7 0.0203125 0.05
0 0.76875 0.88359375 0.0203125 0.04609375
0 0.6640625 0.5515625 0.015625 0.03203125
0 0.93046875 0.91796875 0.0234375 0.05
0 0.51875 0.79140625 0.0171875 0.04609375
0 0.54453125 0.65390625 0.0140625 0.04296875
0 0.215625 0.8 0.0171875 0.04296875
0 0.5921875 0.53203125 0.0171875 0.0359375
0 0.90625 0.77890625 0.0171875 0.04296875
0 0.81484375 0.4765625 0.0140625 0.03203125
0 0.7125 0.39140625 0.0140625 0.025
0 0.62734375 0.5140625 0.0140625 0.02890625
0 0.76875 0.57890625 0.0171875 0.0359375
0 0.39765625 0.56953125 0.0171875 0.0390625
0 0.3796875 0.55703125 0.0140625 0.04296875
0 0.553125 0.4015625 0.0140625 0.03203125
0 0.55625 0.7640625 0.0203125 0.05
0 0.2921875 0.75390625 0.0203125 0.04296875
0 0.76875 0.8015625 0.0171875 0.04609375
0 0.365625 0.85859375 0.0203125 0.05390625
0 0.27421875 0.7890625 0.0171875 0.04296875
0 0.6890625 0.86796875 0.0203125 0.05
0 0.88515625 0.7015625 0.015625 0.03203125
0 0.5421875 0.6015625 0.0171875 0.03203125
0 0.27734375 0.4234375 0.0140625 0.025
0 0.35703125 0.60703125 0.0171875 0.0359375
0 0.68046875 0.30390625 0.01171875 0.02109375
0 0.090625 0.73203125 0.021875 0.04296875
0 0.7015625 0.2875 0.01015625 0.025
0 0.70390625 0.66953125 0.0171875 0.04609375
0 0.90546875 0.8265625 0.021875 0.04609375
0 0.86953125 0.64609375 0.01875 0.04296875
0 0.42265625 0.3890625 0.015625 0.0359375
0 0.49140625 0.81640625 0.0171875 0.05390625
0 0.18046875 0.73203125 0.0171875 0.0359375
0 0.68125 0.5484375 0.015625 0.03203125
0 0.94765625 0.82109375 0.0171875 0.04296875
0 0.54765625 0.5140625 0.0140625 0.0359375
0 0.72109375 0.49140625 0.0140625 0.03203125
0 0.1296875 0.7265625 0.0171875 0.04609375
0 0.740625 0.84296875 0.01875 0.05
0 0.903125 0.4 0.0140625 0.02890625
0 0.14765625 0.8265625 0.0203125 0.04609375
0 0.56484375 0.3609375 0.01171875 0.02890625
0 0.76640625 0.44296875 0.01328125 0.0359375
0 0.78359375 0.4734375 0.0140625 0.025
0 0.83359375 0.88203125 0.0203125 0.05
0 0.29765625 0.34609375 0.0140625 0.02890625
0 0.42265625 0.56796875 0.01328125 0.0359375
0 0.3421875 0.26796875 0.01171875 0.02109375
0 0.31484375 0.5765625 0.0171875 0.04609375
0 0.80078125 0.89453125 0.0171875 0.04609375
0 0.37734375 0.43203125 0.0171875 0.04296875
0 0.3859375 0.9515625 0.0203125 0.04609375
0 0.6328125 0.7015625 0.0171875 0.04609375
0 0.72890625 0.33359375 0.01328125 0.025
0 0.6390625 0.60859375 0.0171875 0.04609375
0 0.62109375 0.85546875 0.0203125 0.05390625
0 0.30859375 0.31796875 0.01015625 0.02109375
0 0.8140625 0.42890625 0.015625 0.0359375
0 0.1640625 0.5015625 0.015625 0.03203125
0 0.89765625 0.6140625 0.0171875 0.0359375
0 0.309375 0.41796875 0.0140625 0.0359375
0 0.7578125 0.51796875 0.015625 0.0359375
0 0.3515625 0.37890625 0.01328125 0.02890625
0 0.26015625 0.4890625 0.0171875 0.04296875
0 0.67265625 0.7890625 0.015625 0.04296875
0 0.45703125 0.625 0.0203125 0.04296875
0 0.61953125 0.6265625 0.01328125 0.03203125
0 0.53046875 0.55546875 0.0140625 0.03203125
0 0.41953125 0.35546875 0.01328125 0.025
0 0.6921875 0.47890625 0.0140625 0.0359375
0 0.14453125 0.61953125 0.0171875 0.0390625
0 0.37734375 0.29140625 0.01171875 0.025
0 0.1609375 0.5515625 0.01875 0.0390625
0 0.8265625 0.5359375 0.0140625 0.04296875
0 0.31796875 0.5359375 0.0140625 0.02890625
0 0.6953125 0.81640625 0.0140625 0.04609375
0 0.40234375 0.3015625 0.01328125 0.025
0 0.62734375 0.75546875 0.0171875 0.0390625
0 0.515625 0.20390625 0.01171875 0.02109375
0 0.7328125 0.59140625 0.0140625 0.03203125
0 0.265625 0.55703125 0.0140625 0.04296875
0 0.28359375 0.56640625 0.0171875 0.0390625
0 0.5625 0.8609375 0.0140625 0.05
0 0.1671875 0.44453125 0.015625 0.03203125
0 0.1296875 0.9640625 0.02890625 0.05703125
0 0.5765625 0.8859375 0.0171875 0.04296875
0 0.21796875 0.3484375 0.0140625 0.025
0 0.390625 0.17109375 0.01015625 0.02109375
0 0.1953125 0.64140625 0.0171875 0.04609375
0 0.309375 0.63203125 0.0171875 0.0359375
0 0.7328125 0.24296875 0.01171875 0.02109375
0 0.2046875 0.54140625 0.015625 0.0390625
0 0.76875 0.28046875 0.01171875 0.025
0 0.51875 0.3890625 0.0140625 0.02890625
0 0.85390625 0.5140625 0.0140625 0.02890625
0 0.57890625 0.6515625 0.015625 0.04609375
0 0.40625 0.5109375 0.0140625 0.04296875
0 0.80546875 0.6609375 0.015625 0.04296875
0 0.7359375 0.46953125 0.0171875 0.0390625
0 0.2546875 0.76953125 0.015625 0.03203125
0 0.61640625 0.3734375 0.01015625 0.025
0 0.521875 0.49140625 0.0140625 0.0390625
0 0.40859375 0.7875 0.015625 0.04609375
0 0.31484375 0.6734375 0.0171875 0.03203125
0 0.590625 0.34609375 0.01328125 0.02890625
0 0.5046875 0.33359375 0.01015625 0.025
0 0.5953125 0.49609375 0.0140625 0.02890625
0 0.83203125 0.40390625 0.01328125 0.02890625
0 0.29375 0.525 0.01328125 0.02890625
0 0.79453125 0.2765625 0.01171875 0.025
0 0.403125 0.35 0.0140625 0.02890625
0 0.334375 0.425 0.01328125 0.02890625
0 0.20703125 0.31796875 0.0140625 0.02890625
0 0.50234375 0.51640625 0.01328125 0.0390625
0 0.296875 0.25 0.01328125 0.02890625
0 0.47421875 0.47890625 0.0140625 0.0359375
0 0.55859375 0.95703125 0.01875 0.04296875
0 0.68125 0.4140625 0.01328125 0.02890625
0 0.58359375 0.20390625 0.01171875 0.02109375
0 0.86875 0.55703125 0.0171875 0.04296875
0 0.90234375 0.87890625 0.021875 0.05703125
0 0.30859375 0.27890625 0.01015625 0.02109375
0 0.75703125 0.61640625 0.0140625 0.0390625
0 0.2921875 0.15546875 0.01171875 0.01796875
0 0.61015625 0.9265625 0.0203125 0.05390625
0 0.65859375 0.8140625 0.015625 0.04296875
0 0.07890625 0.76953125 0.01875 0.0390625
0 0.32109375 0.3765625 0.0140625 0.03203125
0 0.3453125 0.41796875 0.0140625 0.0359375
0 0.50234375 0.90390625 0.01328125 0.04296875
0 0.803125 0.60390625 0.01875 0.05
0 0.20703125 0.45546875 0.0140625 0.03203125
0 0.390625 0.61796875 0.015625 0.0359375
0 0.50703125 0.2625 0.01171875 0.025
0 0.390625 0.13046875 0.01015625 0.01796875
0 0.74609375 0.4015625 0.01328125 0.03203125
0 0.465625 0.69453125 0.0140625 0.0390625
0 0.90859375 0.6390625 0.015625 0.0359375
0 0.78046875 0.4125 0.01171875 0.025
0 0.51328125 0.84453125 0.0140625 0.03203125
0 0.1953125 0.5 0.0171875 0.04296875
0 0.771875 0.36953125 0.01171875 0.025
0 0.85703125 0.61796875 0.0140625 0.0359375
0 0.26640625 0.21796875 0.01015625 0.02109375
0 0.34296875 0.20859375 0.01015625 0.01796875
0 0.72890625 0.72890625 0.015625 0.04296875
0 0.5984375 0.4140625 0.0171875 0.02890625
0 0.41953125 0.13359375 0.00703125 0.01796875
0 0.45703125 0.3890625 0.0203125 0.05703125
0 0.459375 0.3375 0.01171875 0.025
0 0.70390625 0.18046875 0.01171875 0.01796875
0 0.45390625 0.4640625 0.0140625 0.0359375
0 0.653125 0.3015625 0.01171875 0.025
0 0.8234375 0.3625 0.0140625 0.025
0 0.35703125 0.79453125 0.0140625 0.03203125
0 0.5140625 0.15390625 0.01015625 0.02109375
0 0.65859375 0.7015625 0.0140625 0.0390625
0 0.49609375 0.67890625 0.01328125 0.0359375
0 0.53046875 0.10390625 0.00859375 0.0140625
0 0.68359375 0.23046875 0.01171875 0.025
0 0.553125 0.45390625 0.0140625 0.0359375
0 0.56484375 0.22890625 0.01171875 0.02109375
0 0.5421875 0.175 0.01171875 0.02109375
0 0.80625 0.7140625 0.0171875 0.04296875
0 0.24453125 0.22109375 0.01171875 0.02109375
0 0.47890625 0.1140625 0.01015625 0.02109375
0 0.4625 0.75390625 0.0140625 0.0359375
0 0.24140625 0.5015625 0.0140625 0.0390625
0 0.35390625 0.2640625 0.00859375 0.02109375
0 0.7203125 0.8109375 0.015625 0.04296875
0 0.32890625 0.3125 0.01015625 0.025
0 0.64765625 0.3875 0.01171875 0.025
0 0.2296875 0.4375 0.0171875 0.05390625
0 0.3796875 0.51953125 0.0171875 0.03203125
0 0.40234375 0.3859375 0.015625 0.02890625
0 0.51015625 0.0609375 0.00859375 0.02109375
0 0.74609375 0.2765625 0.01015625 0.025
0 0.3828125 0.34453125 0.01171875 0.025
0 0.528125 0.25546875 0.01015625 0.01796875
0 0.6609375 0.74453125 0.015625 0.03203125
0 0.2578125 0.29609375 0.01328125 0.02890625
0 0.78359375 0.30546875 0.01171875 0.025
0 0.50703125 0.30546875 0.0140625 0.03203125
0 0.5359375 0.3625 0.0140625 0.03203125
0 0.5984375 0.78203125 0.0171875 0.05703125
0 0.37734375 0.13359375 0.01171875 0.01796875
0 0.9625 0.66796875 0.0171875 0.05
0 0.41875 0.48203125 0.01171875 0.02890625
0 0.57890625 0.18046875 0.01015625 0.01796875
0 0.4453125 0.13359375 0.00859375 0.01796875
0 0.4453125 0.25390625 0.01171875 0.02109375
0 0.81484375 0.39296875 0.0140625 0.02890625
0 0.24609375 0.56796875 0.01875 0.05703125
0 0.71171875 0.75390625 0.015625 0.04296875
0 0.37109375 0.9109375 0.0171875 0.05
0 0.57109375 0.12890625 0.01171875 0.02109375
0 0.42265625 0.6765625 0.01875 0.04609375
0 0.771875 0.63046875 0.0171875 0.0390625
0 0.56796875 0.18203125 0.00859375 0.02109375
0 0.58359375 0.36640625 0.01171875 0.025
0 0.37421875 0.3890625 0.0140625 0.02890625
0 0.51875 0.33203125 0.01171875 0.02890625
0 0.8375 0.6140625 0.015625 0.04296875
0 0.82109375 0.3 0.01171875 0.02109375
0 0.72109375 0.18046875 0.01171875 0.01796875
0 0.5015625 0.4265625 0.0140625 0.03203125
0 0.5046875 0.1015625 0.00859375 0.01796875
0 0.0921875 0.18046875 0.01171875 0.01796875
0 0.49453125 0.18203125 0.01171875 0.02109375
0 0.53046875 0.00546875 0.00859375 0.0109375
0 0.60078125 0.26640625 0.01171875 0.025
0 0.553125 0.26640625 0.01171875 0.025
0 0.559375 0.29296875 0.01171875 0.02109375
0 0.6296875 0.46640625 0.0140625 0.03203125
0 0.8890625 0.37109375 0.0140625 0.02890625
0 0.5390625 0.13046875 0.01171875 0.01796875
0 0.1921875 0.225 0.01171875 0.02109375
0 0.5875 0.60546875 0.015625 0.04609375
0 0.53046875 0.0515625 0.00859375 0.01796875
0 0.33984375 0.3640625 0.0140625 0.0359375
0 0.25703125 0.1515625 0.00859375 0.01796875
0 0.5953125 0.3734375 0.01171875 0.025
0 0.6328125 0.1890625 0.01171875 0.02109375
0 0.45703125 0.08046875 0.00859375 0.01796875
0 0.39453125 0.08203125 0.00859375 0.0140625
0 0.365625 0.5515625 0.0140625 0.04609375
0 0.64140625 0.21796875 0.01171875 0.02109375
0 0.68046875 0.6609375 0.0140625 0.04296875
0 0.4453125 0.5390625 0.0140625 0.0359375
0 0.36015625 0.6640625 0.0203125 0.05703125
0 0.40859375 0.83203125 0.01875 0.04296875
0 0.46796875 0.2640625 0.00859375 0.02109375
0 0.9796875 0.58359375 0.0203125 0.04609375
0 0.28359375 0.20390625 0.01171875 0.02109375
0 0.51015625 0.18359375 0.01171875 0.025
0 0.6609375 0.34140625 0.01015625 0.025
0 0.79453125 0.21640625 0.01171875 0.01796875
0 0.43671875 0.8984375 0.0171875 0.04609375
0 0.79765625 0.55703125 0.0140625 0.04296875
0 0.32890625 0.11953125 0.00703125 0.01796875
0 0.59296875 0.16796875 0.01015625 0.02109375
0 0.621875 0.5734375 0.01328125 0.03203125
0 0.7578125 0.34609375 0.01328125 0.02890625
0 0.66484375 0.65390625 0.0140625 0.0359375
0 0.60390625 0.65703125 0.0140625 0.04296875
0 0.4171875 0.23046875 0.00703125 0.01796875
0 0.58203125 0.49453125 0.01328125 0.03203125
0 0.59609375 0.10859375 0.01015625 0.01796875
0 0.1953125 0.18046875 0.01171875 0.01796875
0 0.46796875 0.02890625 0.00859375 0.0140625
0 0.65625 0.15859375 0.01171875 0.01796875
0 0.6296875 0.28359375 0.01171875 0.025
0 0.32890625 0.19140625 0.01015625 0.01796875
0 0.0625 0.72890625 0.0234375 0.05
0 0.3796875 0.20703125 0.00859375 0.02109375
0 0.58203125 0.31796875 0.01015625 0.02890625
0 0.30625 0.1890625 0.00859375 0.02109375
0 0.496875 0.76796875 0.0171875 0.04296875
0 0.45703125 0.19296875 0.01171875 0.02109375
0 0.5359375 0.15859375 0.01171875 0.025
0 0.74609375 0.77890625 0.01328125 0.04296875
0 0.53125 0.02890625 0.00703125 0.0140625
0 0.32109375 0.225 0.00859375 0.02109375
0 0.3859375 0.1109375 0.00859375 0.02109375
0 0.53984375 0.06953125 0.01015625 0.01796875
0 0.64765625 0.56796875 0.0140625 0.0359375
0 0.4421875 0.08046875 0.00859375 0.01796875
0 0.52265625 0.45546875 0.01328125 0.03203125
0 0.64140625 0.1765625 0.00859375 0.01796875
0 0.35703125 0.15390625 0.00859375 0.0140625
0 0.5765625 0.10859375 0.01171875 0.01796875
0 0.1671875 0.3609375 0.01328125 0.02890625
0 0.60390625 0.04296875 0.00859375 0.0140625
0 0.4796875 0.4390625 0.0140625 0.02890625
0 0.79453125 0.39609375 0.0171875 0.04296875
0 0.55859375 0.31796875 0.01328125 0.02890625
0 0.3453125 0.29140625 0.01171875 0.025
0 0.60703125 0.1390625 0.00859375 0.02109375
0 0.69765625 0.3265625 0.0140625 0.03203125