0 0.51640625 0.16640625 0.0203125 0.03359375
0 0.5578125 0.134375 0.01875 0.0296875
0 0.10625 0.08203125 0.02265625 0.03359375
0 0.553125 0.0359375 0.01875 0.0296875
0 0.3921875 0.0171875 0.01484375 0.02578125
0 0.17265625 0.221875 0.03046875 0.04296875
0 0.7625 0.0140625 0.0171875 0.02578125
0 0.4984375 0.13125 0.01953125 0.0296875
0 0.1296875 0.5 0.053125 0.06796875
0 0.19296875 0.071875 0.0203125 0.0296875
0 0.0296875 0.15 0.028125 0.0390625
0 0.3640625 0.0734375 0.0171875 0.0296875
0 0.36015625 0.03046875 0.01484375 0.025
0 0.14375 0.60078125 0.05625 0.0796875
0 0.94140625 0.54765625 0.06640625 0.08984375
0 0.4015625 0.08203125 0.0171875 0.02578125
0 0.01015625 0.1078125 0.0203125 0.0375
0 0.7828125 0.609375 0.0640625 0.08828125
0 0.46484375 0.07265625 0.0171875 0.02890625
0 0.91484375 0.0375 0.0203125 0.0296875
0 0.3015625 0.04921875 0.0171875 0.02578125
0 0.5578125 0.00703125 0.0125 0.0140625
0 0.92734375 0.084375 0.0203125 0.03359375
0 0.075 0.56875 0.0515625 0.06796875
0 0.45546875 0.04375 0.01640625 0.025
0 0.8890625 0.08203125 0.021875 0.03359375
0 0.8875 0.0296875 0.0203125 0.02578125
0 0.4546875 0.00625 0.015625 0.0125
0 0.57734375 0.0171875 0.01484375 0.02890625
0 0.5203125 0.0765625 0.0171875 0.02734375
0 0.28359375 0.0078125 0.01875 0.015625
0 0.28203125 0.06953125 0.0171875 0.02734375
0 0.43125 0.01328125 0.0125 0.02578125
0 0.946875 0.18515625 0.028125 0.04140625
0 0.33828125 0.00625 0.0171875 0.0125
0 0.30625 0.1234375 0.0171875 0.02890625
0 0.6828125 0.0140625 0.0140625 0.02109375
0 0.31875 0.1484375 0.02265625 0.03359375
0 0.08046875 0.034375 0.01875 0.0296875
0 0.42421875 0.04296875 0.01484375 0.0234375
0 0.50625 0.0296875 0.01484375 0.021875
0 0.415625 0.02265625 0.0140625 0.01953125
0 0.0890625 0.00859375 0.0171875 0.0171875
0 0.3046875 0.096875 0.0171875 0.025
0 0.5390625 0.01328125 0.015625 0.0234375
0 0.4890625 0.0046875 0.01484375 0.009375
0 0.74296875 0.00625 0.01640625 0.01171875
0 0.52890625 0.04375 0.01484375 0.025
0 0.23984375 0.8046875 0.028125 0.03671875
0 0.725 0.01796875 0.01484375 0.0234375