0 0.84140625 0.61328125 0.02109375 0.03984375
0 0.5140625 0.04140625 0.02265625 0.03984375
0 0.178125 0.0484375 0.02265625 0.03515625
0 0.49609375 0.43203125 0.02265625 0.0375
0 0.05078125 0.1046875 0.02421875 0.04140625
0 0.0703125 0.52421875 0.02421875 0.04140625
0 0.98125 0.7234375 0.028125 0.04375
0 0.5203125 0.47578125 0.025 0.04140625
0 0.10859375 0.12734375 0.02421875 0.03984375
0 0.02265625 0.815625 0.02421875 0.03984375
0 0.128125 0.9140625 0.02421875 0.03984375
0 0.315625 0.8546875 0.028125 0.04375
0 0.8453125 0.33515625 0.02265625 0.0375
0 0.88046875 0.684375 0.02421875 0.0375
0 0.78046875 0.0546875 0.02421875 0.03984375
0 0.2265625 0.05625 0.02109375 0.0328125
0 0.60859375 0.38046875 0.02265625 0.03984375
0 0.96796875 0.78125 0.025 0.0375
0 0.22421875 0.59453125 0.02421875 0.04140625
0 0.20546875 0.18671875 0.02265625 0.03984375
0 0.51328125 0.74375 0.02421875 0.04140625
0 0.771875 0.4234375 0.02109375 0.0375
0 0.88671875 0.78203125 0.02109375 0.03515625
0 0.52109375 0.86171875 0.02421875 0.03984375
0 0.803125 0.58125 0.02109375 0.0375
0 0.15234375 0.3328125 0.02421875 0.0375
0 0.17734375 0.18046875 0.02421875 0.03984375
0 0.55078125 0.60234375 0.02421875 0.03984375
0 0.98671875 0.3234375 0.02421875 0.03984375
0 0.3921875 0.6328125 0.02421875 0.03984375
0 0.62265625 0.28828125 0.02421875 0.03515625
0 0.37265625 0.80859375 0.02265625 0.03515625
0 0.340625 0.23046875 0.02421875 0.03984375
0 0.871875 0.32890625 0.02109375 0.0328125
0 0.66171875 0.334375 0.025 0.03984375
0 0.40859375 0.2953125 0.02265625 0.0375
0 0.54609375 0.8046875 0.02421875 0.03984375
0 0.5671875 0.43515625 0.02421875 0.03515625
0 0.21640625 0.2453125 0.02421875 0.04140625
0 0.35078125 0.76484375 0.02421875 0.03984375
0 0.6859375 0.96171875 0.025 0.04140625
0 0.3359375 0.3359375 0.02421875 0.03984375
0 0.79140625 0.475 0.02265625 0.03984375
0 0.18046875 0.59921875 0.02421875 0.0375
0 0.37734375 0.91171875 0.02421875 0.03984375
0 0.2359375 0.48203125 0.0265625 0.04140625
0 0.03828125 0.76953125 0.025 0.04375
0 0.87109375 0.04296875 0.02265625 0.0375
0 0.70859375 0.2296875 0.02421875 0.0328125
0 0.059375 0.2546875 0.02421875 0.03984375
0 0.290625 0.47578125 0.02265625 0.0375
0 0.25078125 0.58359375 0.02421875 0.0375
0 0.81015625 0.90546875 0.02421875 0.03984375
0 0.3015625 0.91328125 0.02421875 0.04140625
0 0.740625 0.784375 0.02421875 0.03984375
0 0.01171875 0.86171875 0.0234375 0.0421875
0 0.4296875 0.91875 0.02421875 0.04375
0 0.94453125 0.3234375 0.02421875 0.03984375
0 0.06796875 0.434375 0.02265625 0.0375
0 0.47265625 0.63203125 0.02265625 0.0375
0 0.49609375 0.8046875 0.02265625 0.03984375
0 0.7375 0.4265625 0.02421875 0.03984375
0 0.7078125 0.434375 0.01796875 0.0375
0 0.98203125 0.8234375 0.02421875 0.04140625
0 0.78203125 0.61796875 0.02421875 0.03515625
0 0.27578125 0.103125 0.02421875 0.03515625
0 0.43125 0.75390625 0.02421875 0.03984375
0 0.834375 0.04140625 0.02421875 0.03984375
0 0.8703125 0.11953125 0.02421875 0.0328125
0 0.29140625 0.58359375 0.025 0.04140625
0 0.45390625 0.14296875 0.02421875 0.03984375
0 0.24921875 0.38359375 0.02421875 0.04140625
0 0.82890625 0.584375 0.02265625 0.03515625
0 0.01015625 0.490625 0.0203125 0.040625
0 0.83203125 0.7296875 0.02265625 0.03515625
0 0.41640625 0.06484375 0.02421875 0.0375
0 0.053125 0.70078125 0.025 0.03984375
0 0.4859375 0.38125 0.02265625 0.0375
0 0.66328125 0.38359375 0.02265625 0.0375
0 0.35859375 0.06484375 0.02265625 0.0375
0 0.5640625 0.68828125 0.02421875 0.03515625
0 0.040625 0.5953125 0.02421875 0.04375
0 0.6671875 0.5296875 0.02421875 0.03515625
0 0.37265625 0.18671875 0.02265625 0.03984375
0 0.225 0.87890625 0.02265625 0.03515625
0 0.90625 0.7234375 0.02109375 0.03984375
0 0.59765625 0.74375 0.02265625 0.0375
0 0.815625 0.31015625 0.02265625 0.03515625
0 0.60546875 0.1140625 0.02265625 0.03984375
0 0.64453125 0.09765625 0.02421875 0.0328125
0 0.090625 0.49140625 0.02265625 0.04140625
0 0.0296875 0.65390625 0.02421875 0.0375
0 0.925 0.6640625 0.02421875 0.04375
0 0.925 0.784375 0.025 0.03984375
0 0.4390625 0.5265625 0.0265625 0.04140625
0 0.90859375 0.3328125 0.02109375 0.0375
0 0.61796875 0.2453125 0.02421875 0.0375
0 0.01640625 0.434375 0.02421875 0.04140625
0 0.93671875 0.18359375 0.02265625 0.0375
0 0.721875 0.57578125 0.02265625 0.03984375
0 0.665625 0.453125 0.02109375 0.03515625
0 0.553125 0.04375 0.02265625 0.03984375
0 0.2515625 0.934375 0.028125 0.03984375
0 0.57109375 0.73828125 0.025 0.04375
0 0.625 0.33984375 0.02265625 0.0328125
0 0.8765625 0.275 0.02265625 0.03515625
0 0.096875 0.9515625 0.02421875 0.03984375
0 0.03046875 0.2328125 0.02265625 0.03515625
0 0.41328125 0.35390625 0.02421875 0.03515625
0 0.84375 0.9640625 0.028125 0.0375
0 0.4921875 0.7640625 0.02421875 0.0375
0 0.3484375 0.52421875 0.025 0.04140625
0 0.0765625 0.29375 0.025 0.04140625
0 0.0390625 0.0546875 0.02109375 0.03515625
0 0.84140625 0.67578125 0.0265625 0.0375
0 0.50703125 0.91328125 0.025 0.04140625
0 0.28828125 0.8625 0.02421875 0.04140625
0 0.63671875 0.47265625 0.02265625 0.03984375
0 0.50859375 0.6234375 0.02421875 0.0375
0 0.24921875 0.81328125 0.02421875 0.03984375
0 0.85625 0.478125 0.02265625 0.0328125
0 0.67734375 0.2328125 0.02421875 0.03984375
0 0.13828125 0.61171875 0.025 0.04140625
0 0.21171875 0.92421875 0.02109375 0.0375
0 0.51953125 0.23203125 0.02421875 0.0328125
0 0.74921875 0.4734375 0.02421875 0.0375
0 0.77109375 0.29375 0.02265625 0.0328125
0 0.465625 0.9109375 0.02109375 0.0328125
0 0.93203125 0.72421875 0.02265625 0.0375
0 0.6625 0.9078125 0.02109375 0.03515625
0 0.07265625 0.3328125 0.025 0.04140625
0 0.7 0.28203125 0.02421875 0.0375
0 0.134375 0.54140625 0.02421875 0.0375
0 0.7046875 0.52109375 0.02421875 0.03984375
0 0.40859375 0.965625 0.028125 0.0375
0 0.52109375 0.36484375 0.02421875 0.03984375
0 0.5484375 0.4734375 0.02265625 0.04140625
0 0.709375 0.62421875 0.025 0.03984375
0 0.88359375 0.62421875 0.02421875 0.03984375
0 0.40078125 0.01953125 0.025 0.0265625
0 0.775 0.5453125 0.02109375 0.03515625
0 0.87421875 0.8375 0.025 0.03984375
0 0.09453125 0.38359375 0.025 0.04140625
0 0.19140625 0.33828125 0.02421875 0.04375
0 0.3453125 0.69453125 0.02265625 0.03515625
0 0.125 0.7625 0.02421875 0.04375
0 0.703125 0.85859375 0.01796875 0.0328125
0 0.32265625 0.30078125 0.02421875 0.03984375
0 0.9546875 0.6375 0.02265625 0.03984375
0 0.303125 0.42421875 0.0265625 0.04375
0 0.2984375 0.5328125 0.02421875 0.0375
0 0.36484375 0.965625 0.025 0.0375
0 0.615625 0.9640625 0.025 0.0375
0 0.125 0.28359375 0.02265625 0.03984375
0 0.315625 0.63203125 0.02265625 0.0375
0 0.15 0.64921875 0.02265625 0.0328125
0 0.4515625 0.5859375 0.02265625 0.0375
0 0.128125 0.69453125 0.02421875 0.03984375
0 0.0390625 0.02421875 0.02109375 0.0265625
0 0.1484375 0.14375 0.02265625 0.0375
0 0.046875 0.48046875 0.028125 0.04609375
0 0.4796875 0.203125 0.02265625 0.04140625
0 0.78046875 0.32421875 0.02421875 0.0375
0 0.28828125 0.69375 0.02421875 0.0375
0 0.1671875 0.7640625 0.02421875 0.04140625
0 0.47109375 0.05390625 0.02265625 0.04140625
0 0.00859375 0.19453125 0.0171875 0.0328125
0 0.4265625 0.40546875 0.02109375 0.0375
0 0.50859375 0.325 0.02421875 0.03515625
0 0.06796875 0.59765625 0.025 0.03515625
0 0.65859375 0.19375 0.02421875 0.03984375
0 0.84765625 0.28046875 0.02109375 0.0328125
0 0.49375 0.58359375 0.02421875 0.0375
0 0.171875 0.9234375 0.02421875 0.03984375
0 0.2984375 0.2375 0.02421875 0.03984375
0 0.859375 0.72421875 0.02109375 0.0375
0 0.90078125 0.09765625 0.01953125 0.0328125
0 0.7375 0.13515625 0.02421875 0.0375
0 0.39765625 0.21796875 0.02265625 0.03515625
0 0.2390625 0.0265625 0.02421875 0.03046875
0 0.47890625 0.153125 0.01796875 0.0328125
0 0.8765625 0.403125 0.02265625 0.0375
0 0.19296875 0.65078125 0.02265625 0.03984375
0 0.621875 0.14921875 0.02265625 0.03515625
0 0.30078125 0.14140625 0.02265625 0.0375
0 0.91640625 0.134375 0.02421875 0.03984375
0 0.45078125 0.3375 0.02421875 0.04609375
0 0.64140625 0.234375 0.02265625 0.0375
0 0.225 0.43203125 0.02421875 0.0375
0 0.8234375 0.478125 0.02265625 0.0328125
0 0.0125 0.71015625 0.025 0.04375
0 0.28671875 0.79140625 0.02421875 0.03984375
0 0.965625 0.375 0.02109375 0.0375
0 0.59140625 0.334375 0.02265625 0.03984375
0 0.27578125 0.9734375 0.02421875 0.0265625
0 0.921875 0.61328125 0.02265625 0.03984375
0 0.93984375 0.5484375 0.02265625 0.0328125
0 0.62578125 0.896875 0.02265625 0.03984375
0 0.00703125 0.059375 0.01328125 0.03515625
0 0.8796875 0.5109375 0.01953125 0.0328125
0 0.13203125 0.01875 0.025 0.02421875
0 0.3921875 0.2640625 0.02421875 0.03984375
0 0.19921875 0.74375 0.02265625 0.0375
0 0.084375 0.78046875 0.025 0.04375
0 0.1828125 0.440625 0.01953125 0.0328125
0 0.40234375 0.4140625 0.02265625 0.0375
0 0.0921875 0.5546875 0.02109375 0.0328125
0 0.5109375 0.14140625 0.02265625 0.04140625
0 0.58203125 0.28828125 0.02421875 0.03515625
0 0.071875 0.8671875 0.0265625 0.04609375
0 0.1953125 0.97109375 0.02421875 0.03046875
0 0.86015625 0.51875 0.02265625 0.03515625
0 0.909375 0.41875 0.02265625 0.0328125
0 0.17578125 0.7046875 0.02421875 0.04140625
0 0.97421875 0.425 0.01953125 0.0328125
0 0.43125 0.60859375 0.02421875 0.03515625
0 0.221875 0.1140625 0.025 0.03984375
0 0.25546875 0.7234375 0.02421875 0.03984375
0 0.2828125 0.29453125 0.025 0.04375
0 0.3296875 0.9359375 0.02421875 0.03984375
0 0.1390625 0.49140625 0.02421875 0.04140625
0 0.415625 0.8046875 0.028125 0.04375
0 0.70859375 0.025 0.01953125 0.02890625
0 0.3609375 0.2859375 0.02421875 0.03984375
0 0.0859375 0.68671875 0.02265625 0.04140625
0 0.2734375 0.025 0.02421875 0.02890625
0 0.984375 0.9046875 0.028125 0.04140625
0 0.434375 0.203125 0.02421875 0.0375
0 0.9375 0.38203125 0.01796875 0.03984375
0 0.67421875 0.49375 0.02265625 0.0328125
0 0.903125 0.478125 0.02109375 0.0328125
0 0.12890625 0.384375 0.02265625 0.03515625
0 0.33359375 0.04296875 0.02265625 0.0328125
0 0.99375 0.61796875 0.00859375 0.03515625
0 0.26640625 0.23984375 0.025 0.04375
0 0.56328125 0.95859375 0.028125 0.03515625
0 0.32109375 0.97109375 0.0296875 0.03046875
0 0.74375 0.57578125 0.02265625 0.03984375
0 0.99140625 0.5734375 0.01328125 0.03984375
0 0.00859375 0.2421875 0.0171875 0.0375
0 0.5 0.18359375 0.02109375 0.0328125
0 0.5546875 0.14375 0.01953125 0.0328125
0 0.25546875 0.51796875 0.02421875 0.0328125
0 0.95703125 0.46953125 0.02109375 0.0328125
0 0.69921875 0.48359375 0.02265625 0.03046875
0 0.6265625 0.75703125 0.02109375 0.0328125
0 0.3640625 0.5734375 0.02421875 0.03984375
0 0.38828125 0.33515625 0.02421875 0.0375
0 0.60859375 0.19375 0.02421875 0.03984375
0 0.975 0.1890625 0.02421875 0.03515625
0 0.5421875 0.68828125 0.01953125 0.03515625
0 0.18828125 0.8640625 0.02421875 0.03984375
0 0.86484375 0.57265625 0.02265625 0.0328125
0 0.45703125 0.815625 0.02109375 0.03984375
0 0.2515625 0.9734375 0.028125 0.0265625
0 0.6796875 0.184375 0.02265625 0.03515625
0 0.84453125 0.42109375 0.02109375 0.0328125
0 0.58671875 0.01953125 0.02421875 0.0265625
0 0.32890625 0.4734375 0.02265625 0.0375
0 0.53984375 0.1890625 0.02265625 0.03515625
0 0.14453125 0.86796875 0.02109375 0.03515625
0 0.91953125 0.5 0.02421875 0.0328125
0 0.48984375 0.28359375 0.02421875 0.03984375
0 0.196875 0.0234375 0.01796875 0.02890625
0 0.69921875 0.153125 0.02265625 0.0375
0 0.53984375 0.7234375 0.01640625 0.03046875
0 0.95390625 0.503125 0.02109375 0.03515625
0 0.94609375 0.2515625 0.02421875 0.04140625
0 0.22265625 0.38203125 0.02421875 0.03515625
0 0.4671875 0.234375 0.02421875 0.0328125
0 0.2734375 0.059375 0.02421875 0.03515625
0 0.74375 0.01328125 0.025 0.021875
0 0.1578125 0.46484375 0.02265625 0.0375
0 0.99296875 0.39765625 0.01015625 0.03515625
0 0.74375 0.3453125 0.02265625 0.03515625
0 0.7921875 0.015625 0.02421875 0.0265625
0 0.596875 0.15625 0.02421875 0.03984375
0 0.0046875 0.58203125 0.00859375 0.03515625
0 0.00703125 0.39375 0.01328125 0.03046875
0 0.5671875 0.1859375 0.02421875 0.0375
0 0.128125 0.10234375 0.02421875 0.04140625
0 0.953125 0.09140625 0.028125 0.04140625
0 0.25234375 0.63046875 0.02421875 0.03984375
0 0.10546875 0.8734375 0.02265625 0.04140625
0 0.5921875 0.478125 0.02109375 0.0328125
0 0.99296875 0.51328125 0.01015625 0.0375
0 0.43828125 0.71640625 0.02265625 0.03046875
0 0.02109375 0.034375 0.01796875 0.0328125
0 0.465625 0.553125 0.01796875 0.0328125
0 0.5890625 0.8234375 0.025 0.0328125
0 0.41015625 0.1546875 0.02109375 0.0328125
0 0.16875 0.08203125 0.02421875 0.0328125
0 0.7359375 0.29921875 0.02109375 0.03515625
0 0.3375 0.884375 0.02421875 0.04140625
0 0.36796875 0.47265625 0.02265625 0.03984375
0 0.73125 0.53828125 0.01796875 0.03515625
0 0.1015625 0.24296875 0.02421875 0.0328125
0 0.82578125 0.22421875 0.025 0.04375
0 0.390625 0.1328125 0.02265625 0.0375
0 0.371875 0.69921875 0.02109375 0.03515625