0 0.39609375 0.1734375 0.028125 0.04296875
0 0.1796875 0.0640625 0.01953125 0.03125
0 0.025 0.109375 0.0234375 0.03671875
0 0.10859375 0.14765625 0.0265625 0.0375
0 0.97734375 0.5875 0.04296875 0.0765625
0 0.9 0.31171875 0.0296875 0.0484375
0 0.5609375 0.77578125 0.08203125 0.125
0 0.8328125 0.46015625 0.0453125 0.06640625
0 0.4921875 0.93046875 0.0859375 0.1234375
0 0.29375 0.053125 0.01953125 0.02578125
0 0.05625 0.0671875 0.0234375 0.03515625
0 0.15703125 0.11875 0.0203125 0.0296875
0 0.54375 0.04140625 0.0125 0.02109375
0 0.62890625 0.29296875 0.0390625 0.05703125
0 0.84453125 0.3328125 0.0328125 0.05078125
0 0.20234375 0.07578125 0.0203125 0.03125
0 0.703125 0.0609375 0.0140625 0.02109375
0 0.3875 0.23203125 0.03046875 0.046875
0 0.69765625 0.09375 0.01484375 0.0234375
0 0.821875 0.1640625 0.021875 0.03125
0 0.978125 0.1234375 0.0171875 0.02578125
0 0.51484375 0.1234375 0.0234375 0.03515625
0 0.50546875 0.08046875 0.01484375 0.02578125
0 0.81875 0.04453125 0.0125 0.01796875
0 0.53203125 0.08203125 0.01953125 0.02890625
0 0.446875 0.0296875 0.01484375 0.0234375
0 0.853125 0.05625 0.0125 0.0234375
0 0.67734375 0.04375 0.0125 0.01953125
0 0.271875 0.1140625 0.025 0.0375
0 0.31328125 0.06328125 0.01953125 0.02734375
0 0.73125 0.0140625 0.01171875 0.01953125
0 0.60234375 0.1453125 0.01953125 0.0296875
0 0.6640625 0.0828125 0.015625 0.025
0 0.7453125 0.03125 0.0125 0.02109375
0 0.18828125 0.01171875 0.015625 0.0234375
0 0.821875 0.2046875 0.01953125 0.03125
0 0.63359375 0.0390625 0.01484375 0.02109375
0 0.98125 0.02578125 0.01171875 0.02109375
0 0.67421875 0.20703125 0.02421875 0.04140625
0 0.4703125 0.0140625 0.0140625 0.021875
0 0.684375 0.0796875 0.0125 0.01953125
0 0.815625 0.1203125 0.01640625 0.025
0 0.7484375 0.3984375 0.0296875 0.04453125
0 0.83203125 0.0140625 0.0140625 0.01953125
0 0.84453125 0.096875 0.0140625 0.01953125
0 0.75625 0.05625 0.01484375 0.021875
0 0.92734375 0.1140625 0.01484375 0.021875
0 0.78203125 0.39140625 0.03125 0.0484375
0 0.8265625 0.0796875 0.01484375 0.0234375
0 0.9328125 0.09375 0.0140625 0.01796875
0 0.91484375 0.08203125 0.0140625 0.0234375
0 0.93046875 0.0171875 0.0109375 0.015625
0 0.6234375 0.15546875 0.01953125 0.0296875
0 0.934375 0.190625 0.01875 0.025
0 0.94375 0.00625 0.0109375 0.01171875
0 0.73984375 0.11953125 0.01640625 0.02890625
0 0.76796875 0.025 0.0109375 0.01796875
0 0.590625 0.04375 0.0125 0.01953125
0 0.75390625 0.00625 0.01171875 0.01171875
0 0.7828125 0.14765625 0.01640625 0.025
0 0.8328125 0.05625 0.0140625 0.01796875
0 0.67734375 0.1625 0.01640625 0.025
0 0.99453125 0.08125 0.00859375 0.01953125
0 0.09765625 0.10546875 0.0234375 0.03125
0 0.784375 0.1859375 0.01875 0.02734375
0 0.82421875 0.39921875 0.0375 0.0375
0 0.8984375 0.2640625 0.03125 0.0390625
0 0.6140625 0.1203125 0.0171875 0.025
0 0.95546875 0.01640625 0.0109375 0.0171875
0 0.69375 0.00625 0.01171875 0.01171875
0 0.56484375 0.02265625 0.0125 0.0171875
0 0.60546875 0.03828125 0.01171875 0.0171875
0 0.50390625 0.03046875 0.01171875 0.01953125
0 0.790625 0.06953125 0.0125 0.021875
0 0.5703125 0.04453125 0.0140625 0.02109375
0 0.44453125 0.00625 0.0140625 0.01171875
0 0.896875 0.01953125 0.01171875 0.01796875
0 0.909375 0.2125 0.0203125 0.0296875
0 0.64453125 0.00625 0.0140625 0.01171875
0 0.85234375 0.00625 0.01171875 0.01171875
0 0.96953125 0.09296875 0.01484375 0.01953125
0 0.915625 0.04453125 0.01171875 0.01796875
0 0.96796875 0.0171875 0.0109375 0.01796875
0 0.5265625 0.05625 0.01484375 0.01953125
0 0.98046875 0.00625 0.01171875 0.01171875
0 0.815625 0.00625 0.0125 0.01171875
0 0.80625 0.065625 0.0125 0.01953125
0 0.540625 0.00625 0.01171875 0.01171875
0 0.90234375 0.00546875 0.0140625 0.01015625
0 0.70546875 0.01796875 0.0109375 0.01796875
0 0.553125 0.00625 0.01171875 0.01171875
0 0.9921875 0.18046875 0.0140625 0.025
0 0.815625 0.2484375 0.02421875 0.04140625
0 0.56640625 0.00625 0.01171875 0.01171875
0 0.9171875 0.00625 0.009375 0.01171875
0 0.70546875 0.040625 0.0125 0.0171875
0 0.66796875 0.00625 0.01171875 0.01171875