0 0.2078125 0.3375 0.025 0.0390625
0 0.06875 0.396875 0.03046875 0.046875
0 0.9625 0.23046875 0.0265625 0.04453125
0 0.42734375 0.38125 0.0359375 0.04921875
0 0.971875 0.58203125 0.04375 0.06796875
0 0.55703125 0.61875 0.04609375 0.06875
0 0.1234375 0.29453125 0.028125 0.04140625
0 0.25703125 0.5375 0.04765625 0.06796875
0 0.428125 0.10703125 0.01484375 0.0234375
0 0.071875 0.7453125 0.053125 0.0796875
0 0.08359375 0.08125 0.0203125 0.0296875
0 0.0734375 0.01796875 0.015625 0.02578125
0 0.3671875 0.12421875 0.01953125 0.0296875
0 0.9125 0.0265625 0.02421875 0.03515625
0 0.7375 0.3484375 0.03828125 0.05859375
0 0.15078125 0.359375 0.028125 0.04140625
0 0.10625 0.01875 0.01875 0.0296875
0 0.415625 0.14921875 0.01875 0.025
0 0.3859375 0.13515625 0.0171875 0.02578125
0 0.47734375 0.0875 0.01484375 0.021875
0 0.0703125 0.3296875 0.02734375 0.0375
0 0.21796875 0.4859375 0.0390625 0.05625
0 0.61171875 0.7015625 0.059375 0.0796875
0 0.12421875 0.82578125 0.06953125 0.09921875
0 0.0375 0.17890625 0.0203125 0.0328125
0 0.5578125 0.34296875 0.034375 0.04296875
0 0.28984375 0.1234375 0.01953125 0.0296875
0 0.4203125 0.321875 0.0359375 0.0453125
0 0.01484375 0.5796875 0.0296875 0.0625
0 0.6890625 0.33515625 0.0296875 0.040625
0 0.28203125 0.00703125 0.01484375 0.0140625
0 0.25625 0.1203125 0.01953125 0.0296875
0 0.578125 0.24375 0.025 0.03515625
0 0.21640625 0.25078125 0.0265625 0.0375
0 0.26484375 0.1640625 0.01875 0.02890625
0 0.2515625 0.0140625 0.01484375 0.021875
0 0.1546875 0.04453125 0.0171875 0.02890625
0 0.4640625 0.18203125 0.01640625 0.02578125
0 0.9921875 0.1015625 0.0140625 0.03671875
0 0.26640625 0.196875 0.0203125 0.0328125
0 0.159375 0.1078125 0.01875 0.025
0 0.99296875 0.2296875 0.01171875 0.04296875
0 0.03984375 0.0375 0.0171875 0.02578125
0 0.29375 0.0859375 0.015625 0.02109375
0 0.04921875 0.56640625 0.04375 0.0625
0 0.2109375 0.01015625 0.015625 0.0203125
0 0.2703125 0.04765625 0.0140625 0.021875
0 0.14765625 0.01796875 0.01484375 0.0234375
0 0.45703125 0.0359375 0.009375 0.0171875
0 0.4671875 0.13203125 0.01640625 0.025