0 0.71328125 0.35390625 0.02421875 0.03828125
0 0.690625 0.40703125 0.02734375 0.046875
0 0.9828125 0.44453125 0.02578125 0.0453125
0 0.3296875 0.31171875 0.01875 0.03671875
0 0.215625 0.40390625 0.0265625 0.04140625
0 0.0828125 0.2265625 0.0203125 0.0265625
0 0.20546875 0.18671875 0.01640625 0.0265625
0 0.1578125 0.3828125 0.0234375 0.0453125
0 0.853125 0.24140625 0.01640625 0.0265625
0 0.353125 0.30703125 0.0203125 0.03984375
0 0.23203125 0.25703125 0.02109375 0.03359375
0 0.1703125 0.18671875 0.01640625 0.0296875
0 0.54453125 0.73203125 0.05 0.08671875
0 0.01328125 0.35703125 0.021875 0.04296875
0 0.20546875 0.3546875 0.02578125 0.03984375
0 0.76953125 0.234375 0.015625 0.025
0 0.96640625 0.4890625 0.03359375 0.0484375
0 0.2140625 0.5015625 0.03671875 0.06640625
0 0.959375 0.39140625 0.0265625 0.04296875
0 0.71796875 0.47578125 0.02890625 0.0546875
0 0.83828125 0.48203125 0.03359375 0.053125
0 0.07109375 0.19140625 0.01640625 0.0265625
0 0.784375 0.33203125 0.0234375 0.04296875
0 0.3546875 0.24453125 0.01796875 0.03203125
0 0.628125 0.56640625 0.03984375 0.0734375
0 0.25 0.371875 0.02421875 0.046875
0 0.20390625 0.296875 0.02421875 0.03359375
0 0.03203125 0.18671875 0.01796875 0.0265625
0 0.490625 0.2765625 0.01796875 0.03359375
0 0.1609375 0.58671875 0.046875 0.08359375
0 0.17109375 0.303125 0.0234375 0.03984375
0 0.46640625 0.27421875 0.01875 0.03515625
0 0.4578125 0.71953125 0.04765625 0.08203125
0 0.290625 0.2265625 0.01875 0.03359375
0 0.30390625 0.78203125 0.05625 0.10703125
0 0.03984375 0.27421875 0.021875 0.03828125
0 0.5734375 0.66171875 0.0390625 0.06328125
0 0.4703125 0.16953125 0.01328125 0.021875
0 0.96640625 0.33671875 0.021875 0.03671875
0 0.3921875 0.54453125 0.0421875 0.078125
0 0.89453125 0.22890625 0.015625 0.025
0 0.796875 0.246875 0.01640625 0.0265625
0 0.33046875 0.27421875 0.01875 0.028125
0 0.0578125 0.221875 0.021875 0.03359375
0 0.7859375 0.47890625 0.02578125 0.0484375
0 0.68125 0.32890625 0.0234375 0.03828125
0 0.87109375 0.5515625 0.0390625 0.05703125
0 0.84140625 0.68203125 0.05234375 0.08671875
0 0.90390625 0.41640625 0.02890625 0.046875
0 0.109375 0.51171875 0.0375 0.05703125
0 0.9078125 0.25703125 0.01796875 0.0296875
0 0.115625 0.58203125 0.040625 0.0734375
0 0.9359375 0.3265625 0.02109375 0.03671875
0 0.196875 0.21484375 0.01875 0.0296875
0 0.9171875 0.49453125 0.03203125 0.05859375
0 0.0859375 0.37890625 0.02734375 0.0453125
0 0.1546875 0.23671875 0.01875 0.0296875
0 0.17734375 0.2640625 0.0203125 0.03515625
0 0.91875 0.2265625 0.0140625 0.0265625
0 0.259375 0.14140625 0.01328125 0.0203125
0 0.22734375 0.75703125 0.05 0.08671875
0 0.3828125 0.278125 0.01640625 0.0296875
0 0.11328125 0.16640625 0.015625 0.0265625
0 0.2546875 0.55390625 0.046875 0.08203125
0 0.928125 0.3890625 0.02421875 0.0453125
0 0.94296875 0.76171875 0.05625 0.1
0 0.2234375 0.1765625 0.01640625 0.0234375
0 0.10234375 0.25390625 0.02109375 0.03203125
0 0.0875 0.29921875 0.0203125 0.03515625
0 0.9875 0.284375 0.0234375 0.03828125
0 0.11875 0.39453125 0.0265625 0.0515625
0 0.30703125 0.31171875 0.0203125 0.03359375
0 0.17578125 0.43671875 0.034375 0.053125
0 0.4828125 0.596875 0.046875 0.0796875
0 0.23984375 0.32890625 0.01875 0.028125
0 0.3515625 0.69140625 0.05390625 0.09296875
0 0.284375 0.19453125 0.015625 0.025
0 0.0453125 0.10390625 0.01328125 0.021875
0 0.621875 0.40390625 0.02578125 0.0484375
0 0.828125 0.32421875 0.0234375 0.03828125
0 0.01484375 0.5390625 0.0296875 0.0546875
0 0.10390625 0.78203125 0.06171875 0.11015625
0 0.30234375 0.27109375 0.0203125 0.03515625
0 0.6578125 0.8265625 0.06015625 0.1
0 0.67109375 0.19140625 0.01328125 0.0234375
0 0.97265625 0.54921875 0.03984375 0.06796875
0 0.17109375 0.159375 0.0140625 0.021875
0 0.41171875 0.26171875 0.01875 0.03359375
0 0.07265625 0.259375 0.0234375 0.03828125
0 0.74453125 0.459375 0.03359375 0.05859375
0 0.53203125 0.22890625 0.0140625 0.025
0 0.321875 0.5390625 0.040625 0.06796875
0 0.11484375 0.1140625 0.0140625 0.021875
0 0.84453125 0.28671875 0.01875 0.03359375
0 0.21328125 0.234375 0.01640625 0.028125
0 0.9546875 0.25703125 0.015625 0.03359375
0 0.04453125 0.13203125 0.015625 0.0234375
0 0.27421875 0.26640625 0.01875 0.03359375
0 0.80390625 0.79921875 0.0578125 0.0953125
0 0.88125 0.2515625 0.01796875 0.0265625
0 0.03203125 0.24140625 0.0203125 0.0265625
0 0.24140625 0.4515625 0.03125 0.053125
0 0.6515625 0.21171875 0.0140625 0.0234375
0 0.60859375 0.278125 0.01875 0.0296875
0 0.77421875 0.40390625 0.02890625 0.0515625
0 0.40078125 0.2140625 0.015625 0.025
0 0.10234375 0.446875 0.03203125 0.05
0 0.8265625 0.259375 0.01640625 0.028125
0 0.07890625 0.11171875 0.015625 0.0234375
0 0.228125 0.2015625 0.01796875 0.0234375
0 0.81015625 0.20390625 0.0140625 0.021875
0 0.55390625 0.57265625 0.04296875 0.06484375
0 0.0515625 0.1890625 0.01640625 0.021875
0 0.540625 0.196875 0.0140625 0.0234375
0 0.3828125 0.809375 0.05546875 0.1046875
0 0.01875 0.484375 0.03359375 0.05859375
0 0.13203125 0.09140625 0.0140625 0.01640625
0 0.06015625 0.1390625 0.0140625 0.025
0 0.1453125 0.14140625 0.0140625 0.0234375
0 0.56796875 0.30390625 0.0203125 0.03828125
0 0.284375 0.4515625 0.02890625 0.046875
0 0.565625 0.221875 0.0140625 0.0234375
0 0.60703125 0.171875 0.0109375 0.0203125
0 0.43984375 0.259375 0.01796875 0.03515625
0 0.76796875 0.29921875 0.02109375 0.028125
0 0.684375 0.22109375 0.015625 0.025
0 0.2453125 0.23203125 0.01640625 0.0234375
0 0.3203125 0.23671875 0.01875 0.0265625
0 0.21015625 0.10390625 0.0125 0.01796875
0 0.74609375 0.19140625 0.0125 0.0203125
0 0.79609375 0.29453125 0.0203125 0.03203125
0 0.5890625 0.18203125 0.015625 0.0234375
0 0.13203125 0.2390625 0.02109375 0.03203125
0 0.93515625 0.2640625 0.01875 0.028125
0 0.359375 0.14140625 0.0125 0.01640625
0 0.30390625 0.3640625 0.0296875 0.0515625
0 0.459375 0.20390625 0.0140625 0.01796875
0 0.35234375 0.37421875 0.02578125 0.0484375
0 0.759375 0.54453125 0.0453125 0.06796875
0 0.73671875 0.35703125 0.02109375 0.046875
0 0.77734375 0.20390625 0.01328125 0.01796875
0 0.10859375 0.66953125 0.05078125 0.06171875
0 0.2234375 0.1390625 0.0140625 0.021875
0 0.0203125 0.109375 0.0140625 0.021875
0 0.92734375 0.19453125 0.0125 0.021875
0 0.64140625 0.1890625 0.01328125 0.021875
0 0.11875 0.346875 0.0296875 0.0296875
0 0.29375 0.16015625 0.015625 0.0203125
0 0.53359375 0.14453125 0.0109375 0.01796875
0 0.4015625 0.31640625 0.0296875 0.04296875
0 0.86640625 0.77890625 0.0453125 0.08203125
0 0.790625 0.221875 0.015625 0.0203125
0 0.96953125 0.646875 0.05 0.0796875
0 0.03359375 0.08203125 0.0125 0.01640625
0 0.16796875 0.11640625 0.015625 0.0234375
0 0.50859375 0.16640625 0.01328125 0.0203125
0 0.26328125 0.29453125 0.021875 0.03515625
0 0.4609375 0.2265625 0.015625 0.0234375
0 0.03203125 0.16171875 0.015625 0.0203125
0 0.09453125 0.12890625 0.0140625 0.025
0 0.20390625 0.26640625 0.0203125 0.0265625
0 0.5296875 0.3765625 0.02890625 0.053125
0 0.1796875 0.5265625 0.040625 0.03984375
0 0.00546875 0.271875 0.0109375 0.03671875
0 0.2046875 0.134375 0.0125 0.021875
0 0.6265625 0.234375 0.0140625 0.025
0 0.059375 0.31171875 0.02734375 0.03671875
0 0.33203125 0.10390625 0.0109375 0.01796875
0 0.48203125 0.23203125 0.015625 0.0234375
0 0.23984375 0.1390625 0.0140625 0.021875
0 0.83359375 0.2265625 0.01328125 0.0234375
0 0.31640625 0.11640625 0.01015625 0.01640625
0 0.6609375 0.23671875 0.01640625 0.0234375
0 0.33046875 0.1890625 0.0140625 0.021875
0 0.31484375 0.20390625 0.015625 0.021875
0 0.15 0.19140625 0.01640625 0.0265625
0 0.3875 0.24453125 0.015625 0.028125
0 0.18359375 0.11171875 0.0125 0.0203125
0 0.99296875 0.38515625 0.0109375 0.03984375
0 0.64765625 0.64921875 0.040625 0.06171875
0 0.11328125 0.19453125 0.015625 0.025
0 0.021875 0.60625 0.04375 0.065625
0 0.39375 0.12890625 0.0125 0.01796875
0 0.84453125 0.19453125 0.01015625 0.01796875
0 0.73125 0.19140625 0.0109375 0.01640625
0 0.328125 0.16015625 0.01328125 0.0203125
0 0.44140625 0.20390625 0.0140625 0.021875
0 0.11015625 0.29140625 0.02109375 0.03984375
0 0.03984375 0.68203125 0.053125 0.09296875
0 0.2546875 0.1671875 0.015625 0.025
0 0.190625 0.16171875 0.01328125 0.0234375
0 0.5640625 0.25390625 0.01796875 0.025
0 0.82578125 0.2015625 0.015625 0.0234375
0 0.30078125 0.18203125 0.0140625 0.0203125
0 0.64375 0.35703125 0.02109375 0.03359375
0 0.30390625 0.41640625 0.02109375 0.03359375
0 0.87734375 0.2265625 0.015625 0.0203125
0 0.36484375 0.2015625 0.0140625 0.0234375
0 0.94453125 0.221875 0.01328125 0.0234375
0 0.10234375 0.21953125 0.01640625 0.025
0 0.53984375 0.1015625 0.01015625 0.0203125
0 0.73828125 0.17265625 0.0125 0.01484375
0 0.54453125 0.3140625 0.02109375 0.03515625
0 0.50234375 0.81171875 0.05859375 0.096875
0 0.484375 0.16953125 0.0140625 0.021875
0 0.30859375 0.16171875 0.0140625 0.0234375
0 0.05625 0.16640625 0.01640625 0.0203125
0 0.1171875 0.0828125 0.0109375 0.01484375
0 0.14296875 0.32890625 0.0265625 0.03828125
0 0.7203125 0.23671875 0.01640625 0.0265625
0 0.56640625 0.12890625 0.0125 0.01796875
0 0.9515625 0.196875 0.0125 0.0203125
0 0.76484375 0.16953125 0.0109375 0.01484375
0 0.17890625 0.09140625 0.01015625 0.01640625
0 0.46875 0.146875 0.01328125 0.01640625
0 0.49296875 0.20390625 0.0140625 0.021875
0 0.10234375 0.084375 0.01015625 0.01484375
0 0.5171875 0.14140625 0.0109375 0.01640625
0 0.26953125 0.10703125 0.01015625 0.01640625
0 0.284375 0.12890625 0.01328125 0.01796875
0 0.2546875 0.10703125 0.0109375 0.01640625
0 0.46640625 0.09140625 0.01015625 0.01640625
0 0.86953125 0.3796875 0.0203125 0.03984375
0 0.06640625 0.07890625 0.0109375 0.01796875
0 0.42890625 0.221875 0.01640625 0.0234375
0 0.8859375 0.18984375 0.0109375 0.0203125
0 0.8875 0.49453125 0.0234375 0.0484375
0 0.36640625 0.1765625 0.01328125 0.0203125
0 0.0046875 0.21171875 0.00859375 0.03671875
0 0.24453125 0.1140625 0.01015625 0.01796875
0 0.23359375 0.1140625 0.0109375 0.01796875
0 0.63046875 0.1515625 0.0125 0.01640625
0 0.72578125 0.31171875 0.02109375 0.03359375
0 0.99296875 0.22421875 0.0109375 0.025
0 0.50859375 0.12890625 0.0109375 0.01796875
0 0.89296875 0.16640625 0.0125 0.01640625
0 0.01875 0.26640625 0.015625 0.0265625
0 0.753125 0.16953125 0.0109375 0.01484375
0 0.21953125 0.0765625 0.00859375 0.01640625
0 0.4140625 0.11640625 0.0109375 0.0203125
0 0.70703125 0.19453125 0.0125 0.01796875
0 0.1453125 0.10390625 0.0125 0.01796875
0 0.3109375 0.1390625 0.01328125 0.01796875
0 0.00625 0.13203125 0.0125 0.0234375
0 0.4078125 0.159375 0.0125 0.01796875
0 0.8890625 0.325 0.0203125 0.0296875
0 0.56953125 0.1515625 0.01328125 0.0203125
0 0.36796875 0.11640625 0.01015625 0.01640625
0 0.053125 0.07890625 0.0109375 0.01796875
0 0.86796875 0.459375 0.02421875 0.03203125
0 0.696875 0.28203125 0.01796875 0.0296875
0 0.1921875 0.0828125 0.01015625 0.01484375
0 0.24140625 0.0890625 0.0109375 0.01484375
0 0.36796875 0.07890625 0.01015625 0.01484375
0 0.48203125 0.31953125 0.02421875 0.03515625
0 0.09375 0.1640625 0.01640625 0.025
0 0.80546875 0.18203125 0.01015625 0.01640625
0 0.50390625 0.24453125 0.015625 0.028125
0 0.4328125 0.11953125 0.01015625 0.01796875
0 0.94296875 0.17890625 0.01015625 0.01796875
0 0.86328125 0.17421875 0.0125 0.01796875
0 0.96640625 0.21640625 0.01328125 0.0234375
0 0.6515625 0.159375 0.0125 0.01796875
0 0.98203125 0.2515625 0.01640625 0.0234375
0 0.93046875 0.44921875 0.02734375 0.03828125
0 0.7203125 0.209375 0.0140625 0.01796875
0 0.20390625 0.071875 0.0109375 0.01328125
0 0.77890625 0.16640625 0.0109375 0.01640625
0 0.7921875 0.19453125 0.0125 0.01796875
0 0.0828125 0.94140625 0.084375 0.11328125
0 0.9921875 0.159375 0.01328125 0.01796875
0 0.99296875 0.19140625 0.0125 0.0234375
0 0.00703125 0.096875 0.0125 0.01640625
0 0.94140625 0.1421875 0.0109375 0.01484375
0 0.546875 0.22890625 0.015625 0.025
0 0.878125 0.2890625 0.01796875 0.03203125
0 0.86640625 0.15390625 0.01015625 0.01484375
0 0.56796875 0.2015625 0.01328125 0.01640625
0 0.6875 0.18671875 0.0125 0.0234375
0 0.97734375 0.15703125 0.0125 0.01640625
0 0.81875 0.17890625 0.01015625 0.01484375
0 0.66953125 0.16953125 0.0125 0.01796875
0 0.69453125 0.13203125 0.01015625 0.01640625
0 0.2421875 0.06640625 0.0109375 0.01640625
0 0.90859375 0.6140625 0.04296875 0.078125
0 0.171875 0.21953125 0.01640625 0.025
0 0.7078125 0.1515625 0.0125 0.01640625
0 0.83828125 0.371875 0.02421875 0.03671875
0 0.1859375 0.18671875 0.015625 0.0265625
0 0.95703125 0.1765625 0.0125 0.01640625
0 0.13984375 0.06953125 0.0109375 0.01484375
0 0.6703125 0.29453125 0.01796875 0.028125
0 0.30859375 0.0828125 0.01015625 0.01484375
0 0.52734375 0.1890625 0.0125 0.021875
0 0.6296875 0.11953125 0.01015625 0.01796875
0 0.0546875 0.40703125 0.02734375 0.03671875
0 0.36015625 0.51640625 0.0234375 0.053125
0 0.08046875 0.07890625 0.01015625 0.01484375
0 0.553125 0.12890625 0.01015625 0.01796875
0 0.26953125 0.09140625 0.01015625 0.01328125