0 0.29609375 0.7859375 0.03984375 0.0640625
0 0.13984375 0.73984375 0.03984375 0.071875
0 0.4671875 0.60625 0.01640625 0.03203125
0 0.8015625 0.84296875 0.03515625 0.05703125
0 0.075 0.63046875 0.02421875 0.0421875
0 0.615625 0.59140625 0.01484375 0.02890625
0 0.1671875 0.65859375 0.02734375 0.046875
0 0.028125 0.734375 0.0390625 0.06328125
0 0.2375 0.6125 0.025 0.0453125
0 0.54375 0.871875 0.03984375 0.06328125
0 0.665625 0.9703125 0.04609375 0.05703125
0 0.74296875 0.82890625 0.03046875 0.05
0 0.7328125 0.6046875 0.01484375 0.0234375
0 0.38984375 0.6546875 0.021875 0.03515625
0 0.76640625 0.87265625 0.046875 0.0734375
0 0.534375 0.6375 0.01640625 0.03046875
0 0.60625 0.8359375 0.03203125 0.05234375
0 0.54375 0.70390625 0.021875 0.03828125
0 0.95234375 0.83125 0.03984375 0.05546875
0 0.4546875 0.70546875 0.0234375 0.04375
0 0.03203125 0.64140625 0.0265625 0.03515625
0 0.78203125 0.590625 0.01484375 0.025
0 0.6046875 0.6265625 0.0171875 0.03515625
0 0.478125 0.8140625 0.03984375 0.05546875
0 0.43671875 0.94921875 0.0421875 0.071875
0 0.22578125 0.76484375 0.034375 0.06015625
0 0.94140625 0.61640625 0.0171875 0.02890625
0 0.6234375 0.6453125 0.021875 0.03359375
0 0.79609375 0.94921875 0.04296875 0.075
0 0.12890625 0.66875 0.0234375 0.03203125
0 0.6484375 0.65546875 0.021875 0.03671875
0 0.74140625 0.58046875 0.01484375 0.025
0 0.68359375 0.53125 0.0140625 0.0203125
0 0.446875 0.6546875 0.01953125 0.03203125
0 0.69921875 0.62734375 0.0171875 0.03046875
0 0.40703125 0.6796875 0.02265625 0.03828125
0 0.9015625 0.59609375 0.015625 0.0234375
0 0.62578125 0.71171875 0.025 0.05
0 0.93984375 0.65546875 0.01875 0.03671875
0 0.8640625 0.696875 0.025 0.040625
0 0.48125 0.66875 0.01875 0.03828125
0 0.9328125 0.59453125 0.01484375 0.0234375
0 0.5296875 0.59921875 0.015625 0.02890625
0 0.4046875 0.60234375 0.0171875 0.028125
0 0.4265625 0.7015625 0.021875 0.03828125
0 0.83828125 0.92421875 0.04765625 0.08046875
0 0.73515625 0.69140625 0.0234375 0.03828125
0 0.60546875 0.5734375 0.0140625 0.021875
0 0.553125 0.796875 0.03828125 0.06015625
0 0.96171875 0.63671875 0.01875 0.02890625
0 0.96015625 0.59921875 0.01640625 0.028125
0 0.73671875 0.64453125 0.01875 0.03515625
0 0.9078125 0.6296875 0.0171875 0.02890625
0 0.0296875 0.04921875 0.021875 0.03984375
0 0.8078125 0.54453125 0.01171875 0.0171875
0 0.365625 0.7796875 0.0375 0.06015625
0 0.634375 0.60546875 0.01640625 0.028125
0 0.43671875 0.61640625 0.0171875 0.03515625
0 0.67734375 0.6453125 0.01640625 0.03359375
0 0.91015625 0.690625 0.0234375 0.03671875
0 0.7671875 0.69140625 0.0234375 0.03203125
0 0.546875 0.5953125 0.0140625 0.025
0 0.62578125 0.55546875 0.0140625 0.021875
0 0.75703125 0.5984375 0.015625 0.021875
0 0.55234375 0.65546875 0.01875 0.03984375
0 0.04375 0.68046875 0.028125 0.03984375
0 0.5703125 0.56640625 0.0140625 0.0234375
0 0.97265625 0.67265625 0.0234375 0.03984375
0 0.60859375 0.7828125 0.028125 0.03671875
0 0.728125 0.534375 0.0109375 0.0171875
0 0.90703125 0.565625 0.01484375 0.021875
0 0.60625 0.66875 0.0171875 0.03203125
0 0.5734375 0.64453125 0.015625 0.03515625
0 0.98359375 0.9 0.03046875 0.075
0 0.85625 0.85703125 0.04296875 0.05703125
0 0.70546875 0.696875 0.0203125 0.03203125
0 0.73125 0.7390625 0.025 0.03828125
0 0.540625 0.55859375 0.0140625 0.021875
0 0.7203125 0.5171875 0.0109375 0.0171875
0 0.9859375 0.70859375 0.0234375 0.03203125
0 0.3453125 0.58046875 0.01484375 0.025
0 0.509375 0.78359375 0.03046875 0.05546875
0 0.71796875 0.6546875 0.0171875 0.03203125
0 0.70234375 0.559375 0.0125 0.0203125
0 0.68671875 0.57734375 0.01484375 0.025
0 0.490625 0.55546875 0.0125 0.025
0 0.82890625 0.6578125 0.021875 0.03046875
0 0.93828125 0.55546875 0.01484375 0.021875
0 0.67109375 0.5703125 0.0140625 0.025
0 0.89140625 0.6453125 0.021875 0.03046875
0 0.765625 0.5640625 0.0140625 0.0234375
0 0.7953125 0.75 0.02734375 0.0421875
0 0.64921875 0.81875 0.0421875 0.0640625
0 0.946875 0.78359375 0.03125 0.03203125
0 0.76796875 0.65078125 0.01640625 0.03046875
0 0.76953125 0.52734375 0.009375 0.0171875
0 0.8703125 0.55234375 0.0140625 0.021875
0 0.26484375 0.66953125 0.0234375 0.0453125
0 0.31953125 0.63046875 0.01953125 0.03359375
0 0.05625 0.584375 0.0171875 0.03203125
0 0.50625 0.63359375 0.01640625 0.03203125
0 0.796875 0.71484375 0.0296875 0.028125
0 0.9875 0.75078125 0.0234375 0.05234375
0 0.9515625 0.73984375 0.0265625 0.0453125
0 0.88359375 0.5703125 0.01484375 0.025
0 0.6796875 0.71171875 0.0234375 0.03515625
0 0.78203125 0.8 0.03515625 0.0421875
0 0.5953125 0.53046875 0.0140625 0.01875
0 0.89765625 0.91015625 0.04765625 0.06015625
0 0.8296875 0.609375 0.015625 0.0203125
0 0.83359375 0.70859375 0.0265625 0.040625
0 0.8078125 0.5921875 0.01484375 0.021875
0 0.7890625 0.63046875 0.015625 0.028125
0 0.65703125 0.55546875 0.0125 0.021875
0 0.3984375 0.7578125 0.03125 0.065625
0 0.41875 0.6421875 0.0203125 0.03046875
0 0.49296875 0.609375 0.01640625 0.03203125
0 0.73125 0.7859375 0.0328125 0.02890625
0 0.8609375 0.64453125 0.01953125 0.02890625
0 0.00625 0.67734375 0.01171875 0.0484375
0 0.83359375 0.53515625 0.0125 0.01875
0 0.91484375 0.540625 0.0140625 0.01875
0 0.76015625 0.7375 0.034375 0.05703125
0 0.93046875 0.953125 0.0484375 0.0671875
0 0.6546875 0.57734375 0.01484375 0.025
0 0.5890625 0.69140625 0.01875 0.03203125
0 0.34453125 0.63125 0.01953125 0.03515625
0 0.665625 0.60546875 0.015625 0.025
0 0.53984375 0.75078125 0.03046875 0.03203125
0 0.809375 0.6171875 0.01875 0.028125
0 0.67109375 0.54453125 0.01171875 0.0203125
0 0.86171875 0.5953125 0.01484375 0.021875
0 0.49375 0.50625 0.0109375 0.01484375
0 0.96796875 0.52890625 0.0140625 0.0171875
0 0.60625 0.5171875 0.01171875 0.0171875
0 0.49140625 0.52890625 0.009375 0.0171875
0 0.2421875 0.7015625 0.025 0.046875
0 0.6984375 0.78359375 0.0296875 0.0265625
0 0.74296875 0.53125 0.0109375 0.0171875
0 0.440625 0.5203125 0.0109375 0.01328125
0 0.9921875 0.55546875 0.0140625 0.025
0 0.9921875 0.68046875 0.0140625 0.028125
0 0.53359375 0.509375 0.0109375 0.01484375
0 0.590625 0.590625 0.01484375 0.025
0 0.98125 0.57734375 0.01484375 0.021875
0 0.9921875 0.6046875 0.0140625 0.03203125
0 0.54375 0.52734375 0.01171875 0.0171875
0 0.565625 0.5171875 0.0109375 0.01640625
0 0.678125 0.7546875 0.0265625 0.0421875
0 0.871875 0.5203125 0.0140625 0.01875
0 0.70390625 0.82578125 0.0390625 0.05234375
0 0.86484375 0.61640625 0.01875 0.0203125
0 0.66875 0.68046875 0.01953125 0.03046875
0 0.8578125 0.775 0.02734375 0.0484375
0 0.3671875 0.584375 0.0140625 0.0203125
0 0.84453125 0.5140625 0.01171875 0.0171875
0 0.1015625 0.7546875 0.03515625 0.06015625
0 0.790625 0.44609375 0.0109375 0.01640625
0 0.77890625 0.50390625 0.0109375 0.0171875
0 0.440625 0.7890625 0.028125 0.05859375
0 0.746875 0.55234375 0.0140625 0.021875
0 0.08671875 0.69375 0.02421875 0.046875
0 0.5140625 0.50234375 0.009375 0.0171875
0 0.64140625 0.5171875 0.0109375 0.01484375
0 0.478125 0.7484375 0.0296875 0.03203125
0 0.59140625 0.509375 0.0109375 0.0171875
0 0.9296875 0.525 0.01171875 0.01875
0 0.465625 0.53125 0.0125 0.0171875
0 0.4390625 0.5421875 0.0140625 0.01875
0 0.815625 0.56640625 0.0140625 0.0203125
0 0.18828125 0.76875 0.03203125 0.05234375
0 0.31328125 0.740625 0.028125 0.03203125
0 0.79609375 0.57734375 0.01171875 0.01875
0 0.5140625 0.55234375 0.0140625 0.021875
0 0.71171875 0.60234375 0.01484375 0.021875
0 0.553125 0.54140625 0.01171875 0.0171875
0 0.5296875 0.528125 0.0109375 0.01640625
0 0.74453125 0.4828125 0.0109375 0.01640625
0 0.6546875 0.509375 0.00859375 0.01484375
0 0.66875 0.50625 0.00859375 0.01484375
0 0.69453125 0.50625 0.009375 0.01484375
0 0.63359375 0.4953125 0.0109375 0.01328125
0 0.803125 0.5140625 0.01171875 0.0171875
0 0.56328125 0.6984375 0.0171875 0.03515625
0 0.46953125 0.509375 0.0109375 0.01484375
0 0.4671875 0.5703125 0.01640625 0.025
0 0.94140625 0.5171875 0.01171875 0.01875
0 0.7796875 0.56328125 0.0125 0.021875
0 0.57890625 0.50625 0.0109375 0.01484375
0 0.33203125 0.6015625 0.015625 0.03203125
0 0.77109375 0.459375 0.0109375 0.0171875
0 0.4546875 0.5203125 0.0109375 0.01328125
0 0.92265625 0.74375 0.02734375 0.03828125
0 0.8875 0.75 0.025 0.0421875
0 0.2703125 0.59453125 0.01953125 0.03515625
0 0.840625 0.62734375 0.0171875 0.028125
0 0.89609375 0.53203125 0.0125 0.01875
0 0.5578125 0.4953125 0.0109375 0.01640625
0 0.50703125 0.5171875 0.009375 0.01640625
0 0.57734375 0.53125 0.0125 0.0203125
0 0.9015625 0.8 0.0328125 0.05703125
0 0.98359375 0.45703125 0.01171875 0.0171875
0 0.83203125 0.4171875 0.009375 0.0171875
0 0.60625 0.54921875 0.01484375 0.0203125
0 0.90703125 0.49609375 0.0109375 0.0171875
0 0.7453125 0.50703125 0.0109375 0.01640625
0 0.3890625 0.58515625 0.015625 0.025
0 0.1859375 0.69296875 0.02265625 0.03984375
0 0.7625 0.509375 0.0109375 0.0171875
0 0.64453125 0.76171875 0.0296875 0.03671875
0 0.64140625 0.559375 0.0140625 0.0203125
0 0.29765625 0.68359375 0.021875 0.03203125
0 0.809375 0.43203125 0.0109375 0.0171875
0 0.9671875 0.478125 0.01171875 0.01875
0 0.7015625 0.584375 0.01484375 0.0203125
0 0.72734375 0.56640625 0.0140625 0.0203125
0 0.86484375 0.575 0.01484375 0.01875
0 0.75546875 0.478125 0.0109375 0.01328125
0 0.70703125 0.74375 0.02734375 0.040625
0 0.259375 0.790625 0.03125 0.05234375
0 0.8046875 0.49609375 0.009375 0.0171875
0 0.7140625 0.446875 0.01171875 0.0171875
0 0.8421875 0.55234375 0.0125 0.01875
0 0.99296875 0.6421875 0.01171875 0.025
0 0.71953125 0.62578125 0.0171875 0.025
0 0.4796875 0.5171875 0.009375 0.01484375
0 0.95 0.88125 0.034375 0.05
0 0.71171875 0.53828125 0.0109375 0.01875
0 0.7171875 0.49296875 0.009375 0.01640625
0 0.978125 0.5453125 0.01484375 0.021875
0 0.9265625 0.5734375 0.0140625 0.01875
0 0.63046875 0.57734375 0.0125 0.021875
0 0.95859375 0.5703125 0.01484375 0.01875
0 0.70546875 0.5171875 0.0109375 0.0171875
0 0.4171875 0.56640625 0.0140625 0.0203125
0 0.790625 0.52109375 0.01171875 0.0171875
0 0.6203125 0.53125 0.01171875 0.0171875
0 0.8453125 0.57734375 0.01484375 0.025
0 0.8078125 0.45 0.009375 0.01640625
0 0.8328125 0.5171875 0.01171875 0.0171875
0 0.99375 0.52890625 0.009375 0.0171875
0 0.6546875 0.53046875 0.01171875 0.01875
0 0.29375 0.61640625 0.01953125 0.03203125
0 0.8875 0.6125 0.0171875 0.028125
0 0.9890625 0.81171875 0.0203125 0.0421875
0 0.8828125 0.5484375 0.0140625 0.01875
0 0.98125 0.478125 0.0109375 0.01875
0 0.56640625 0.6015625 0.015625 0.0234375
0 0.403125 0.57734375 0.0140625 0.021875
0 0.70546875 0.946875 0.0421875 0.075
0 0.86640625 0.3921875 0.009375 0.01484375
0 0.78203125 0.54140625 0.01171875 0.0171875
0 0.77109375 0.49140625 0.0109375 0.01640625
0 0.61796875 0.50625 0.00859375 0.01484375
0 0.90703125 0.5171875 0.0125 0.01875
0 0.78828125 0.4609375 0.009375 0.0171875
0 0.9265625 0.50234375 0.01171875 0.0171875
0 0.99453125 0.48125 0.00859375 0.01640625
0 0.6796875 0.50625 0.009375 0.0171875
0 0.68046875 0.40703125 0.00859375 0.01484375
0 0.43828125 0.5671875 0.015625 0.025
0 0.83046875 0.478125 0.0109375 0.01875
0 0.465625 0.54921875 0.0125 0.0171875
0 0.41875 0.53125 0.01171875 0.0171875
0 0.3328125 0.77265625 0.0296875 0.06015625
0 0.790625 0.6796875 0.01953125 0.03203125
0 0.7140625 0.41015625 0.009375 0.01484375
0 0.5046875 0.7265625 0.02265625 0.0421875