0 0.60234375 0.41953125 0.01484375 0.02578125
0 0.07109375 0.29921875 0.01640625 0.02578125
0 0.35234375 0.31953125 0.01484375 0.02578125
0 0.07890625 0.253125 0.01640625 0.0234375
0 0.45859375 0.28125 0.01484375 0.0234375
0 0.41875 0.52421875 0.02109375 0.03046875
0 0.41796875 0.46953125 0.01953125 0.0328125
0 0.5640625 0.35703125 0.01484375 0.02578125
0 0.29609375 0.26953125 0.01484375 0.0234375
0 0.71640625 0.25703125 0.01328125 0.02109375
0 0.25 0.29453125 0.01640625 0.02578125
0 0.9703125 0.42421875 0.01796875 0.03046875
0 0.64140625 0.41171875 0.01484375 0.028125
0 0.4390625 0.24453125 0.01328125 0.0234375
0 0.2984375 0.528125 0.02578125 0.0421875
0 0.08359375 0.73125 0.0453125 0.0625
0 0.75546875 0.31953125 0.01484375 0.03046875
0 0.23203125 0.3359375 0.01640625 0.02578125
0 0.48125 0.303125 0.01484375 0.02578125
0 0.03203125 0.31171875 0.01640625 0.0234375
0 0.3921875 0.3328125 0.01640625 0.028125
0 0.36328125 0.3828125 0.01640625 0.03046875
0 0.5171875 0.2828125 0.01484375 0.02578125
0 0.0203125 0.3359375 0.01796875 0.02578125
0 0.128125 0.50234375 0.02734375 0.046875
0 0.48984375 0.56953125 0.02109375 0.0375
0 0.18203125 0.390625 0.02265625 0.0375
0 0.9015625 0.4953125 0.02265625 0.0328125
0 0.21796875 0.18125 0.01328125 0.01875
0 0.775 0.33125 0.01484375 0.02578125
0 0.25625 0.33125 0.01640625 0.02578125
0 0.98046875 0.70703125 0.02890625 0.046875
0 0.740625 0.43125 0.01640625 0.02578125
0 0.62109375 0.378125 0.01640625 0.02578125
0 0.48203125 0.428125 0.01640625 0.028125
0 0.265625 0.21484375 0.0109375 0.02109375
0 0.16484375 0.46953125 0.02265625 0.0375
0 0.04375 0.3359375 0.01640625 0.03046875
0 0.2234375 0.403125 0.01796875 0.03046875
0 0.759375 0.28984375 0.01328125 0.02109375
0 0.28984375 0.303125 0.01484375 0.02578125
0 0.61484375 0.190625 0.01328125 0.0234375
0 0.38046875 0.36171875 0.01640625 0.03046875
0 0.3078125 0.31015625 0.01640625 0.02109375
0 0.24140625 0.41953125 0.01796875 0.03046875
0 0.8546875 0.31953125 0.01640625 0.02578125
0 0.553125 0.21953125 0.01328125 0.02109375
0 0.6953125 0.31640625 0.01328125 0.0234375
0 0.03125 0.23125 0.01484375 0.02109375
0 0.89609375 0.33125 0.01484375 0.02578125
0 0.82109375 0.25703125 0.01328125 0.02578125
0 0.70234375 0.19453125 0.0109375 0.02109375
0 0.78203125 0.19453125 0.01328125 0.02109375
0 0.27109375 0.190625 0.01328125 0.01875
0 0.50234375 0.6234375 0.02109375 0.0375
0 0.78515625 0.303125 0.01640625 0.02578125
0 0.2234375 0.46015625 0.02734375 0.0375
0 0.39375 0.453125 0.01640625 0.028125
0 0.43046875 0.3328125 0.01640625 0.028125
0 0.38359375 0.26640625 0.01328125 0.02109375
0 0.07734375 0.178125 0.01328125 0.01640625
0 0.546875 0.34921875 0.01640625 0.028125
0 0.47265625 0.37421875 0.01640625 0.0328125
0 0.33125 0.2875 0.01484375 0.02578125
0 0.81875 0.43125 0.01796875 0.02578125
0 0.52734375 0.3828125 0.01640625 0.02578125
0 0.8171875 0.303125 0.01484375 0.03046875
0 0.496875 0.31953125 0.01640625 0.03046875
0 0.26640625 0.4859375 0.02578125 0.0375
0 0.23203125 0.61640625 0.03515625 0.05078125
0 0.9484375 0.36953125 0.01640625 0.028125
0 0.21796875 0.26875 0.01640625 0.02109375
0 0.08515625 0.278125 0.01640625 0.02109375
0 0.9484375 0.75703125 0.02890625 0.03984375
0 0.5828125 0.978125 0.03359375 0.03984375
0 0.659375 0.23125 0.01328125 0.02109375
0 0.94765625 0.91171875 0.03359375 0.05546875
0 0.76171875 0.6328125 0.02109375 0.0328125
0 0.48046875 0.503125 0.01953125 0.03046875
0 0.2 0.26953125 0.01328125 0.0234375
0 0.88125 0.34921875 0.01484375 0.0234375
0 0.12265625 0.34453125 0.01640625 0.028125
0 0.07734375 0.33125 0.01640625 0.02578125
0 0.5671875 0.26953125 0.01484375 0.0234375
0 0.8703125 0.140625 0.0109375 0.01640625
0 0.74296875 0.81484375 0.02734375 0.04453125
0 0.075 0.48125 0.02421875 0.0375
0 0.86796875 0.528125 0.01953125 0.0328125
0 0.4421875 0.56484375 0.01953125 0.0328125
0 0.28203125 0.20703125 0.01328125 0.01875
0 0.61953125 0.278125 0.01640625 0.02578125
0 0.72109375 0.3359375 0.01328125 0.02109375
0 0.303125 0.403125 0.01640625 0.03046875
0 0.42421875 0.25703125 0.01640625 0.02578125
0 0.55390625 0.69453125 0.02734375 0.03984375
0 0.384375 0.49921875 0.01796875 0.03046875
0 0.57890625 0.29921875 0.01640625 0.02578125
0 0.42734375 0.303125 0.01640625 0.02578125
0 0.7421875 0.353125 0.01640625 0.028125
0 0.7671875 0.35703125 0.01484375 0.02578125
0 0.10234375 0.2875 0.01484375 0.02578125
0 0.55703125 0.140625 0.0109375 0.02109375
0 0.40859375 0.2875 0.01484375 0.02578125
0 0.35625 0.253125 0.01328125 0.01875
0 0.15234375 0.16640625 0.01484375 0.02109375
0 0.40546875 0.25703125 0.01484375 0.02109375
0 0.35546875 0.278125 0.01484375 0.02109375
0 0.87109375 0.29921875 0.01640625 0.02578125
0 0.03984375 0.2734375 0.01484375 0.02578125
0 0.8390625 0.24453125 0.01328125 0.01875
0 0.46875 0.46640625 0.01796875 0.02578125
0 0.421875 0.378125 0.01796875 0.03046875
0 0.828125 0.35234375 0.01484375 0.02578125
0 0.66796875 0.3375 0.01328125 0.0234375
0 0.2703125 0.3875 0.01484375 0.02578125
0 0.15234375 0.25703125 0.01484375 0.02578125
0 0.70625 0.6875 0.02578125 0.04453125
0 0.896875 0.553125 0.02265625 0.0375
0 0.53984375 0.61015625 0.02109375 0.03515625
0 0.05234375 0.16953125 0.01484375 0.01875
0 0.08203125 0.153125 0.01328125 0.01875
0 0.9703125 0.340625 0.01484375 0.03046875
0 0.86875 0.178125 0.0109375 0.02109375
0 0.63203125 0.303125 0.01328125 0.02578125
0 0.18359375 0.4953125 0.02890625 0.046875
0 0.865625 0.2078125 0.0109375 0.02109375
0 0.39375 0.378125 0.01640625 0.03046875
0 0.67265625 0.56953125 0.01953125 0.0328125
0 0.06875 0.35703125 0.01796875 0.02578125
0 0.6671875 0.36640625 0.01484375 0.02578125
0 0.41796875 0.1859375 0.01328125 0.01875
0 0.70625 0.76640625 0.03203125 0.04921875
0 0.82109375 0.1828125 0.01328125 0.02109375
0 0.1671875 0.21015625 0.0109375 0.02109375
0 0.87109375 0.328125 0.01640625 0.0234375
0 0.3484375 0.36484375 0.01640625 0.028125
0 0.409375 0.340625 0.01640625 0.02578125
0 0.44296875 0.1359375 0.0109375 0.01640625
0 0.89609375 0.153125 0.0109375 0.01875
0 0.91484375 0.203125 0.01328125 0.02109375
0 0.75234375 0.15234375 0.0109375 0.02109375
0 0.6984375 0.53125 0.01953125 0.03515625
0 0.38203125 0.30234375 0.01640625 0.0234375
0 0.07109375 0.6359375 0.03515625 0.0578125
0 0.721875 0.18125 0.0109375 0.01875
0 0.65625 0.25234375 0.01328125 0.02109375
0 0.2328125 0.23125 0.0109375 0.02109375
0 0.90390625 0.23125 0.0109375 0.02578125
0 0.40703125 0.22890625 0.0109375 0.02109375
0 0.46796875 0.24921875 0.01640625 0.0234375
0 0.7796875 0.24453125 0.0109375 0.0234375
0 0.69140625 0.4375 0.01484375 0.028125
0 0.70546875 0.128125 0.0109375 0.01875
0 0.903125 0.3734375 0.01640625 0.02578125
0 0.61328125 0.31953125 0.01640625 0.02578125
0 0.87109375 0.5734375 0.02578125 0.03984375
0 0.55234375 0.16640625 0.0109375 0.02109375
0 0.8703125 0.27421875 0.01484375 0.01875
0 0.78359375 0.21484375 0.01328125 0.01640625
0 0.46171875 0.328125 0.01484375 0.028125
0 0.7328125 0.15703125 0.0109375 0.02109375
0 0.1421875 0.30234375 0.01640625 0.028125
0 0.9109375 0.89921875 0.03203125 0.04921875
0 0.265625 0.25234375 0.0109375 0.02578125
0 0.78203125 0.4359375 0.01640625 0.03046875
0 0.784375 0.26953125 0.01484375 0.0234375
0 0.97734375 0.278125 0.01640625 0.02109375
0 0.45390625 0.178125 0.0109375 0.01640625
0 0.85546875 0.2828125 0.01484375 0.02578125
0 0.103125 0.203125 0.01328125 0.02109375
0 0.275 0.42421875 0.01796875 0.02578125
0 0.784375 0.403125 0.01484375 0.02109375
0 0.628125 0.46640625 0.01796875 0.03046875
0 0.94296875 0.16953125 0.0109375 0.01875
0 0.72734375 0.278125 0.01328125 0.02109375
0 0.11953125 0.25234375 0.01640625 0.02109375
0 0.10859375 0.178125 0.01484375 0.02109375
0 0.096875 0.24921875 0.01640625 0.0234375
0 0.34609375 0.140625 0.0109375 0.02109375
0 0.21484375 0.31015625 0.01640625 0.02578125
0 0.97265625 0.203125 0.01328125 0.02109375
0 0.21875 0.13125 0.0109375 0.01640625
0 0.00546875 0.240625 0.0109375 0.02109375
0 0.61640625 0.22421875 0.01328125 0.02109375
0 0.69140625 0.13125 0.0109375 0.01640625
0 0.3109375 0.378125 0.01640625 0.03046875
0 0.73359375 0.30234375 0.01328125 0.0234375
0 0.58984375 0.278125 0.01484375 0.02578125
0 0.92109375 0.64453125 0.02265625 0.0375
0 0.24375 0.190625 0.01328125 0.01875
0 0.2890625 0.240625 0.01328125 0.02109375
0 0.815625 0.140625 0.0109375 0.01640625
0 0.671875 0.21953125 0.0109375 0.02578125
0 0.48984375 0.26640625 0.01484375 0.02578125
0 0.73203125 0.06953125 0.01328125 0.01875
0 0.06328125 0.22890625 0.01640625 0.02109375
0 0.73359375 0.528125 0.02265625 0.0328125
0 0.09296875 0.0453125 0.0109375 0.01640625
0 0.91953125 0.24453125 0.01640625 0.01875
0 0.5796875 0.20703125 0.0109375 0.01875
0 0.55703125 0.18984375 0.0109375 0.02109375
0 0.99296875 0.178125 0.0109375 0.01640625
0 0.7203125 0.390625 0.01484375 0.0234375
0 0.43984375 0.278125 0.01484375 0.02578125
0 0.76171875 0.5328125 0.02109375 0.0328125
0 0.33125 0.190625 0.0109375 0.01875
0 0.10078125 0.34453125 0.01796875 0.028125
0 0.04453125 0.21015625 0.0109375 0.02109375
0 0.39375 0.2359375 0.01328125 0.02109375
0 0.8421875 0.190625 0.01328125 0.01875
0 0.64296875 0.20234375 0.0109375 0.01875
0 0.2328125 0.178125 0.0109375 0.02109375
0 0.51171875 0.340625 0.01484375 0.02578125
0 0.5421875 0.31484375 0.01328125 0.02109375
0 0.66328125 0.5328125 0.02265625 0.0328125
0 0.9140625 0.15703125 0.0109375 0.01640625
0 0.2953125 0.1828125 0.01328125 0.02109375
0 0.53125 0.27421875 0.01484375 0.0234375
0 0.2296875 0.36953125 0.01796875 0.028125
0 0.54609375 0.103125 0.0109375 0.01640625
0 0.20078125 0.240625 0.01484375 0.02578125
0 0.07734375 0.40234375 0.02265625 0.0328125
0 0.8109375 0.21484375 0.01328125 0.02578125
0 0.60625 0.103125 0.009375 0.01640625
0 0.790625 0.59921875 0.02265625 0.03515625
0 0.76640625 0.26640625 0.01328125 0.02578125
0 0.803125 0.34453125 0.01328125 0.0234375
0 0.4890625 0.2375 0.01328125 0.0234375
0 0.6703125 0.4859375 0.01796875 0.0328125
0 0.64453125 0.2875 0.0109375 0.02109375
0 0.628125 0.51015625 0.01796875 0.02578125
0 0.6921875 0.29453125 0.01328125 0.01640625
0 0.4328125 0.19453125 0.0109375 0.01640625
0 0.30546875 0.140625 0.0109375 0.01640625
0 0.44609375 0.3359375 0.01484375 0.02578125
0 0.59375 0.17421875 0.01328125 0.01875
0 0.86640625 0.078125 0.009375 0.01640625
0 0.38046875 0.15703125 0.01328125 0.02109375
0 0.4796875 0.190625 0.0109375 0.01875
0 0.59375 0.25234375 0.01328125 0.02578125
0 0.32109375 0.2234375 0.01328125 0.01875
0 0.28671875 0.3875 0.01640625 0.02578125
0 0.39609375 0.2078125 0.0109375 0.02109375
0 0.55078125 0.26953125 0.01484375 0.0234375
0 0.14140625 0.10703125 0.0109375 0.01875
0 0.66875 0.10703125 0.0109375 0.01875
0 0.6546875 0.2078125 0.01328125 0.02109375
0 0.840625 0.85234375 0.03203125 0.04921875
0 0.8921875 0.13125 0.01328125 0.02109375
0 0.22734375 0.203125 0.01328125 0.02109375
0 0.328125 0.34921875 0.01796875 0.028125
0 0.60859375 0.35234375 0.01484375 0.02578125
0 0.75 0.20234375 0.01328125 0.0234375
0 0.6421875 0.22890625 0.01328125 0.02109375
0 0.7328125 0.25234375 0.0109375 0.02109375
0 0.01953125 0.26171875 0.01640625 0.02109375
0 0.45703125 0.440625 0.01796875 0.02578125
0 0.6484375 0.44453125 0.01640625 0.028125
0 0.25625 0.1828125 0.01328125 0.01640625
0 0.85859375 0.39921875 0.01796875 0.02578125
0 0.20625 0.2078125 0.01328125 0.01640625
0 0.23671875 0.26953125 0.01328125 0.0234375
0 0.92890625 0.353125 0.01640625 0.0234375
0 0.934375 0.21484375 0.01484375 0.02109375
0 0.90859375 0.3453125 0.01484375 0.02578125
0 0.42109375 0.440625 0.01640625 0.02578125
0 0.646875 0.31484375 0.01640625 0.02578125
0 0.8296875 0.2078125 0.0109375 0.02109375
0 0.0578125 0.26953125 0.01640625 0.0234375
0 0.671875 0.81171875 0.03359375 0.05078125
0 0.74921875 0.9828125 0.03359375 0.03046875
0 0.19140625 0.19453125 0.0109375 0.01640625
0 0.81796875 0.53125 0.02578125 0.03515625
0 0.66796875 0.2828125 0.01328125 0.02109375
0 0.51796875 0.09453125 0.009375 0.01640625
0 0.53203125 0.20234375 0.01328125 0.01875
0 0.59375 0.340625 0.01328125 0.02578125
0 0.3796875 0.11484375 0.0109375 0.01640625
0 0.93359375 0.45703125 0.01953125 0.02578125
0 0.2296875 0.15703125 0.0109375 0.01640625
0 0.6796875 0.19453125 0.0109375 0.01640625
0 0.85703125 0.16640625 0.0109375 0.01640625
0 0.57109375 0.32890625 0.01328125 0.02109375
0 0.5328125 0.228125 0.0109375 0.0234375
0 0.4921875 0.353125 0.01640625 0.028125
0 0.57109375 0.178125 0.01328125 0.02109375
0 0.50625 0.228125 0.01328125 0.01875
0 0.740625 0.490625 0.02265625 0.028125
0 0.51875 0.178125 0.0109375 0.02109375
0 0.90234375 0.70234375 0.02421875 0.0375
0 0.00546875 0.28125 0.0109375 0.0234375
0 0.66953125 0.39453125 0.01640625 0.02578125
0 0.3859375 0.428125 0.01796875 0.028125
0 0.12109375 0.30234375 0.01640625 0.0234375
0 0.4453125 0.378125 0.01640625 0.02578125
0 0.36953125 0.278125 0.01640625 0.02578125
0 0.33046875 0.41640625 0.01640625 0.028125
0 0.5984375 0.56953125 0.01953125 0.028125
0 0.7265625 0.228125 0.0109375 0.01875
0 0.7640625 0.11484375 0.0109375 0.01640625