0 0.8640625 0.49296875 0.025 0.0375
0 0.196875 0.584375 0.0328125 0.046875
0 0.378125 0.275 0.01640625 0.0234375
0 0.534375 0.4171875 0.02265625 0.0328125
0 0.540625 0.6703125 0.0359375 0.0484375
0 0.01484375 0.34296875 0.01875 0.025
0 0.21796875 0.296875 0.01875 0.02890625
0 0.71953125 0.96015625 0.05859375 0.0765625
0 0.0828125 0.5078125 0.0328125 0.04140625
0 0.16875 0.3734375 0.02265625 0.0328125
0 0.03515625 0.40703125 0.025 0.0328125
0 0.01796875 0.58125 0.034375 0.0484375
0 0.2875 0.43125 0.028125 0.0390625
0 0.8828125 0.3796875 0.0171875 0.0296875
0 0.91875 0.48671875 0.03203125 0.04453125
0 0.31328125 0.30625 0.01640625 0.025
0 0.4328125 0.31953125 0.01640625 0.025
0 0.19140625 0.30625 0.0171875 0.0296875
0 0.57734375 0.61171875 0.03203125 0.04921875
0 0.3421875 0.240625 0.0140625 0.02109375
0 0.378125 0.50625 0.03203125 0.0453125
0 0.109375 0.3078125 0.0171875 0.025
0 0.09453125 0.35625 0.01953125 0.0296875
0 0.0859375 0.3296875 0.01953125 0.02578125
0 0.25625 0.30078125 0.01875 0.02578125
0 0.03828125 0.36953125 0.0234375 0.03125
0 0.3203125 0.56640625 0.0296875 0.04140625
0 0.121875 0.36953125 0.0203125 0.03359375
0 0.384375 0.24765625 0.01484375 0.01796875
0 0.67109375 0.2453125 0.01484375 0.01953125
0 0.29921875 0.3640625 0.02265625 0.03515625
0 0.06640625 0.29765625 0.015625 0.021875
0 0.8890625 0.3421875 0.01484375 0.025
0 0.32734375 0.253125 0.015625 0.025
0 0.40703125 0.296875 0.015625 0.0234375
0 0.840625 0.3328125 0.01875 0.02734375
0 0.03203125 0.29375 0.0171875 0.025
0 0.14453125 0.29140625 0.015625 0.02109375
0 0.50625 0.44453125 0.02265625 0.03515625
0 0.8046875 0.221875 0.0140625 0.01953125
0 0.05625 0.33671875 0.0171875 0.025
0 0.478125 0.4 0.02265625 0.03671875
0 0.2453125 0.35625 0.02265625 0.0296875
0 0.29375 0.2296875 0.0140625 0.01953125
0 0.64375 0.35546875 0.0171875 0.02578125
0 0.08359375 0.3046875 0.01640625 0.02109375
0 0.43984375 0.4234375 0.01875 0.02890625
0 0.04375 0.8796875 0.0203125 0.02734375
0 0.6828125 0.19375 0.01171875 0.01796875
0 0.13125 0.31015625 0.01640625 0.0234375
0 0.80625 0.2015625 0.0140625 0.01953125
0 0.321875 0.228125 0.0140625 0.021875
0 0.22578125 0.34140625 0.01953125 0.02890625
0 0.13984375 0.3375 0.01875 0.02578125
0 0.45 0.2734375 0.01484375 0.0234375
0 0.21328125 0.6546875 0.02265625 0.03515625
0 0.90390625 0.2828125 0.01484375 0.02109375
0 0.2703125 0.2375 0.0140625 0.01953125
0 0.29375 0.275 0.01640625 0.0234375
0 0.49296875 0.2484375 0.0140625 0.01796875
0 0.9578125 0.30546875 0.0140625 0.01953125
0 0.23984375 0.31796875 0.01640625 0.02578125
0 0.65703125 0.19375 0.0109375 0.01796875
0 0.0046875 0.365625 0.00859375 0.03359375
0 0.83984375 0.9203125 0.1015625 0.13125
0 0.4765625 0.25625 0.0140625 0.01953125
0 0.82421875 0.3171875 0.0171875 0.0296875
0 0.16328125 0.28203125 0.015625 0.021875
0 0.96484375 0.2484375 0.0140625 0.01796875
0 0.53828125 0.2390625 0.01171875 0.0171875
0 0.4015625 0.2484375 0.0140625 0.01796875
0 0.6203125 0.21953125 0.0109375 0.0140625
0 0.8390625 0.23515625 0.0125 0.01953125
0 0.35625 0.30390625 0.0171875 0.025
0 0.2921875 0.253125 0.015625 0.021875
0 0.99375 0.19375 0.009375 0.01796875
0 0.86640625 0.15390625 0.00859375 0.01328125
0 0.87890625 0.1421875 0.009375 0.0140625
0 0.5609375 0.23046875 0.01171875 0.01796875
0 0.9328125 0.16796875 0.0109375 0.01796875
0 0.51484375 0.259375 0.0125 0.0171875
0 0.99375 0.2375 0.009375 0.01953125
0 0.18828125 0.4234375 0.0171875 0.02890625
0 0.05390625 0.3125 0.0171875 0.0234375
0 0.97109375 0.20546875 0.0125 0.01796875
0 0.41875 0.2421875 0.0109375 0.015625
0 0.5046875 0.37890625 0.01640625 0.0234375
0 0.19140625 0.64453125 0.0234375 0.03671875
0 0.4171875 0.41953125 0.021875 0.03359375
0 0.8703125 0.1703125 0.009375 0.0140625
0 0.00703125 0.31875 0.0140625 0.025
0 0.2765625 0.34296875 0.0171875 0.0296875
0 0.40859375 0.271875 0.0125 0.02109375
0 0.4125 0.38046875 0.0203125 0.03125
0 0.45859375 0.25078125 0.0125 0.0171875
0 0.834375 0.1859375 0.01171875 0.0140625
0 0.90546875 0.1546875 0.0109375 0.01328125
0 0.1546875 0.31171875 0.01953125 0.025
0 0.62265625 0.39296875 0.01484375 0.02578125
0 0.8953125 0.17890625 0.00859375 0.0140625