0 0.6859375 0.55078125 0.05078125 0.07578125
0 0.53203125 0.4921875 0.040625 0.06796875
0 0.18828125 0.6984375 0.07109375 0.103125
0 0.1546875 0.46796875 0.05 0.06875
0 0.3390625 0.4625 0.04765625 0.07421875
0 0.221875 0.3234375 0.04609375 0.06875
0 0.27109375 0.60625 0.05546875 0.0875
0 0.84765625 0.5375 0.053125 0.08046875
0 0.8921875 0.28515625 0.0375 0.05703125
0 0.590625 0.58671875 0.06171875 0.0875
0 0.790625 0.12265625 0.028125 0.0390625
0 0.92734375 0.0453125 0.02421875 0.040625
0 0.40546875 0.2296875 0.0296875 0.0484375
0 0.93046875 0.2859375 0.0359375 0.05078125
0 0.43828125 0.26015625 0.0296875 0.04921875
0 0.728125 0.4609375 0.05078125 0.08046875
0 0.91328125 0.15 0.03125 0.04921875
0 0.790625 0.1625 0.0265625 0.04296875
0 0.215625 0.1625 0.0359375 0.05078125
0 0.38125 0.0296875 0.01875 0.025
0 0.6453125 0.675 0.07109375 0.10546875
0 0.01484375 0.54765625 0.0296875 0.0828125
0 0.57734375 0.2984375 0.0375 0.05625
0 0.0125 0.64375 0.025 0.08203125
0 0.55546875 0.07578125 0.01640625 0.02578125
0 0.4015625 0.00625 0.01953125 0.01171875
0 0.03203125 0.13671875 0.0203125 0.03125
0 0.80859375 0.0734375 0.01328125 0.0234375
0 0.79140625 0.06953125 0.0125 0.02265625
0 0.73125 0.05859375 0.01640625 0.02890625
0 0.59765625 0.06875 0.0140625 0.028125
0 0.6546875 0.05703125 0.0125 0.02578125
0 0.48515625 0.06484375 0.01796875 0.0328125
0 0.02265625 0.784375 0.0453125 0.08203125
0 0.034375 0.36875 0.04375 0.0609375
0 0.02109375 0.24140625 0.03515625 0.07109375