0 0.2671875 0.7359375 0.0171875 0.02890625
0 0.68125 0.52734375 0.01484375 0.02578125
0 0.30234375 0.62578125 0.01640625 0.02578125
0 0.990625 0.7140625 0.0171875 0.03359375
0 0.2421875 0.65703125 0.015625 0.02890625
0 0.21796875 0.56328125 0.01484375 0.02578125
0 0.0921875 0.40390625 0.01484375 0.02109375
0 0.5796875 0.65234375 0.01484375 0.02734375
0 0.70703125 0.40546875 0.0140625 0.02421875
0 0.84296875 0.56484375 0.01484375 0.02578125
0 0.15546875 0.40703125 0.0125 0.02109375
0 0.5453125 0.515625 0.015625 0.02734375
0 0.1953125 0.98125 0.0171875 0.03203125
0 0.034375 0.56953125 0.01484375 0.02578125
0 0.69609375 0.36015625 0.0140625 0.02421875
0 0.91875 0.671875 0.01875 0.03359375
0 0.2265625 0.41953125 0.0140625 0.02265625
0 0.78046875 0.13203125 0.0125 0.02265625
0 0.20546875 0.70234375 0.01640625 0.02578125
0 0.18125 0.3921875 0.0125 0.02109375
0 0.1453125 0.6421875 0.01484375 0.02578125
0 0.30546875 0.7 0.01640625 0.02890625
0 0.91875 0.7125 0.01640625 0.03046875
0 0.7703125 0.43984375 0.01484375 0.02578125
0 0.3546875 0.44296875 0.015625 0.02734375
0 0.8421875 0.85703125 0.01640625 0.03203125
0 0.5421875 0.7734375 0.015625 0.02890625
0 0.71953125 0.66015625 0.0171875 0.03203125
0 0.38984375 0.8296875 0.0203125 0.03203125
0 0.4953125 0.66796875 0.01640625 0.02890625
0 0.646875 0.4609375 0.01484375 0.02578125
0 0.14609375 0.80703125 0.01875 0.03203125
0 0.3703125 0.6296875 0.0171875 0.02734375
0 0.59453125 0.24140625 0.0140625 0.01953125
0 0.54453125 0.44375 0.01484375 0.02578125
0 0.61171875 0.646875 0.01640625 0.02890625
0 0.26484375 0.8234375 0.01640625 0.02890625
0 0.9515625 0.52890625 0.015625 0.03203125
0 0.39140625 0.6828125 0.015625 0.02890625
0 0.4671875 0.26640625 0.0140625 0.02109375
0 0.45625 0.340625 0.0140625 0.02109375
0 0.81640625 0.18828125 0.0140625 0.02265625
0 0.23359375 0.49140625 0.01484375 0.02421875
0 0.9015625 0.4671875 0.015625 0.02734375
0 0.965625 0.1421875 0.0140625 0.02109375
0 0.2296875 0.78515625 0.015625 0.02734375
0 0.84609375 0.9359375 0.01875 0.0375
0 0.60390625 0.375 0.01484375 0.02734375
0 0.8203125 0.58828125 0.015625 0.02734375
0 0.378125 0.7875 0.01640625 0.03203125
0 0.12890625 0.621875 0.015625 0.02734375
0 0.25703125 0.415625 0.0140625 0.02265625
0 0.134375 0.5296875 0.01484375 0.02109375
0 0.15703125 0.76875 0.0171875 0.02734375
0 0.24140625 0.34609375 0.0140625 0.02109375
0 0.565625 0.8265625 0.01640625 0.03203125
0 0.7328125 0.275 0.015625 0.02421875
0 0.16875 0.71640625 0.015625 0.02578125
0 0.378125 0.56484375 0.01640625 0.03203125
0 0.128125 0.76640625 0.01640625 0.03203125
0 0.30625 0.528125 0.01484375 0.02734375
0 0.515625 0.9828125 0.01953125 0.03203125
0 0.80625 0.403125 0.01484375 0.02265625
0 0.953125 0.81640625 0.0171875 0.03515625
0 0.28359375 0.4953125 0.01484375 0.02578125
0 0.109375 0.86953125 0.0171875 0.02734375
0 0.86015625 0.88828125 0.015625 0.03359375
0 0.903125 0.37578125 0.0125 0.02578125
0 0.6171875 0.728125 0.015625 0.02890625
0 0.75546875 0.8375 0.01875 0.03203125
0 0.8078125 0.6921875 0.0171875 0.03203125
0 0.01484375 0.50390625 0.01484375 0.02109375
0 0.3296875 0.7078125 0.01484375 0.02734375
0 0.76875 0.23203125 0.0140625 0.02578125
0 0.20546875 0.67109375 0.01640625 0.02578125
0 0.465625 0.9171875 0.0171875 0.03203125
0 0.2359375 0.56796875 0.015625 0.02578125
0 0.93046875 0.4390625 0.01484375 0.02734375
0 0.1203125 0.71484375 0.0171875 0.02890625
0 0.3390625 0.640625 0.01640625 0.02578125
0 0.24296875 0.9046875 0.01640625 0.03046875
0 0.290625 0.65390625 0.01640625 0.02734375
0 0.009375 0.771875 0.01875 0.03046875
0 0.64140625 0.51328125 0.01484375 0.02578125
0 0.640625 0.85078125 0.0171875 0.03203125
0 0.259375 0.703125 0.01640625 0.02734375
0 0.1046875 0.62265625 0.015625 0.02578125
0 0.28046875 0.45390625 0.01484375 0.02421875
0 0.43359375 0.84453125 0.0171875 0.03046875
0 0.79375 0.95078125 0.0171875 0.03515625
0 0.89609375 0.234375 0.01484375 0.02109375
0 0.33046875 0.28203125 0.0125 0.02265625
0 0.6796875 0.6171875 0.0140625 0.02734375
0 0.4125 0.53828125 0.01640625 0.02734375
0 0.34296875 0.88984375 0.01875 0.03046875
0 0.6515625 0.553125 0.015625 0.02578125
0 0.97265625 0.6875 0.0171875 0.03203125
0 0.48359375 0.46796875 0.01484375 0.02578125
0 0.97265625 0.50859375 0.015625 0.02734375
0 0.13984375 0.296875 0.0125 0.02109375
0 0.57890625 0.98515625 0.021875 0.02734375
0 0.853125 0.234375 0.0140625 0.02109375
0 0.76953125 0.40625 0.015625 0.02578125
0 0.4484375 0.45546875 0.015625 0.02421875
0 0.00703125 0.57265625 0.0140625 0.02578125
0 0.83046875 0.4171875 0.01484375 0.02734375
0 0.4171875 0.9546875 0.0171875 0.02734375
0 0.04609375 0.50703125 0.0125 0.02109375
0 0.6671875 0.940625 0.0171875 0.03359375
0 0.9671875 0.59453125 0.01640625 0.02734375
0 0.0734375 0.47265625 0.015625 0.02265625
0 0.45546875 0.5046875 0.01484375 0.02578125
0 0.315625 0.94765625 0.0203125 0.03515625
0 0.0578125 0.62265625 0.01484375 0.02265625
0 0.6015625 0.53828125 0.015625 0.02734375
0 0.68828125 0.98046875 0.01953125 0.0359375
0 0.28046875 0.92890625 0.0171875 0.03046875
0 0.7828125 0.340625 0.01484375 0.02109375
0 0.74765625 0.559375 0.01484375 0.02578125
0 0.328125 0.825 0.01953125 0.03203125
0 0.7734375 0.55 0.015625 0.03203125
0 0.165625 0.49296875 0.01484375 0.02421875
0 0.9546875 0.86640625 0.01953125 0.0375
0 0.8671875 0.19609375 0.0140625 0.02265625
0 0.196875 0.74296875 0.01640625 0.02734375
0 0.5234375 0.54453125 0.015625 0.02421875
0 0.471875 0.3078125 0.0140625 0.02265625
0 0.7796875 0.590625 0.0171875 0.03203125
0 0.32734375 0.309375 0.0125 0.02265625
0 0.74375 0.2296875 0.0125 0.02109375
0 0.4640625 0.6015625 0.01640625 0.02890625
0 0.3421875 0.96171875 0.01640625 0.03203125
0 0.3046875 0.24453125 0.0140625 0.01953125
0 0.8296875 0.63046875 0.0171875 0.03203125
0 0.228125 0.7265625 0.01875 0.0359375
0 0.63359375 0.35390625 0.0140625 0.02109375
0 0.03984375 0.5421875 0.0140625 0.02265625
0 0.4171875 0.4640625 0.015625 0.02578125
0 0.76484375 0.91796875 0.01953125 0.0390625
0 0.94140625 0.778125 0.0171875 0.03203125
0 0.16015625 0.959375 0.021875 0.0359375
0 0.509375 0.58359375 0.01484375 0.02890625
0 0.1296875 0.6671875 0.01640625 0.02734375
0 0.80625 0.11796875 0.0140625 0.02109375
0 0.40703125 0.98359375 0.0171875 0.03046875
0 0.06953125 0.38984375 0.0140625 0.02265625
0 0.59453125 0.6828125 0.01484375 0.02890625
0 0.64765625 0.409375 0.01484375 0.02578125
0 0.55546875 0.58359375 0.01484375 0.02578125
0 0.62578125 0.95 0.01953125 0.0359375
0 0.20703125 0.2546875 0.0140625 0.01953125
0 0.84296875 0.121875 0.0125 0.02265625
0 0.8609375 0.59296875 0.015625 0.02734375
0 0.8953125 0.978125 0.021875 0.0375
0 0.25625 0.3703125 0.0125 0.02109375
0 0.846875 0.1828125 0.0140625 0.02109375
0 0.3890625 0.50546875 0.015625 0.02734375
0 0.11796875 0.4609375 0.01484375 0.02578125
0 0.06171875 0.78828125 0.01484375 0.02734375
0 0.68203125 0.2703125 0.01484375 0.02578125
0 0.64296875 0.77421875 0.01640625 0.02734375
0 0.51640625 0.690625 0.01484375 0.02890625
0 0.60859375 0.5875 0.01640625 0.02890625
0 0.79140625 0.46875 0.01484375 0.03046875
0 0.365625 0.29296875 0.01171875 0.01953125
0 0.91796875 0.30859375 0.0140625 0.02109375
0 0.596875 0.8265625 0.01640625 0.03203125
0 0.665625 0.625 0.01484375 0.02734375
0 0.190625 0.45390625 0.01484375 0.02421875
0 0.95390625 0.65390625 0.015625 0.03046875
0 0.81328125 0.28125 0.0140625 0.02421875
0 0.9203125 0.240625 0.0140625 0.02109375
0 0.8453125 0.3609375 0.01484375 0.02265625
0 0.17265625 0.5203125 0.015625 0.02109375
0 0.53203125 0.70234375 0.0171875 0.03046875
0 0.496875 0.615625 0.01484375 0.02109375
0 0.6953125 0.1390625 0.0140625 0.02109375
0 0.2796875 0.86640625 0.0171875 0.02890625
0 0.7078125 0.49296875 0.0140625 0.02734375
0 0.21796875 0.3828125 0.0125 0.02109375
0 0.5296875 0.35546875 0.0125 0.02109375
0 0.3078125 0.4609375 0.01484375 0.02578125
0 0.4453125 0.98515625 0.021875 0.02734375
0 0.39609375 0.7171875 0.01640625 0.03046875
0 0.2796875 0.3921875 0.0140625 0.02421875
0 0.39765625 0.63359375 0.01484375 0.02734375
0 0.61875 0.31875 0.0125 0.02265625
0 0.75390625 0.19453125 0.0140625 0.02578125
0 0.88984375 0.02734375 0.0125 0.02109375
0 0.5203125 0.64765625 0.015625 0.02734375
0 0.965625 0.3859375 0.01484375 0.02734375
0 0.48515625 0.6359375 0.01484375 0.02578125
0 0.20546875 0.83828125 0.01875 0.02734375
0 0.66328125 0.7140625 0.015625 0.03046875
0 0.103125 0.6515625 0.01484375 0.02578125
0 0.98515625 0.2671875 0.01484375 0.02578125
0 0.628125 0.49296875 0.01484375 0.02421875
0 0.421875 0.33828125 0.015625 0.02578125
0 0.0296875 0.465625 0.01484375 0.02421875
0 0.29140625 0.584375 0.01484375 0.02578125
0 0.1828125 0.60390625 0.01640625 0.02734375
0 0.31875 0.3421875 0.0125 0.02109375
0 0.0578125 0.559375 0.01484375 0.02109375
0 0.8015625 0.8875 0.01953125 0.0375
0 0.98984375 0.81328125 0.01640625 0.03515625
0 0.28515625 0.78046875 0.0171875 0.03046875
0 0.18203125 0.421875 0.01484375 0.02421875
0 0.12421875 0.96171875 0.0171875 0.03203125
0 0.87578125 0.66484375 0.0171875 0.03203125
0 0.3203125 0.259375 0.0140625 0.01953125
0 0.30703125 0.7453125 0.01640625 0.02578125
0 0.30546875 0.11953125 0.0125 0.02109375
0 0.62421875 0.86875 0.01875 0.03359375
0 0.15546875 0.10625 0.0125 0.01796875
0 0.353125 0.2265625 0.01171875 0.02109375
0 0.746875 0.4921875 0.0125 0.02578125
0 0.66953125 0.5671875 0.01484375 0.02734375
0 0.865625 0.4296875 0.01484375 0.02734375
0 0.853125 0.39921875 0.0140625 0.02109375
0 0.36875 0.70546875 0.01484375 0.02265625
0 0.7921875 0.66953125 0.015625 0.02890625
0 0.58125 0.27265625 0.0140625 0.02109375
0 0.728125 0.50625 0.0140625 0.02578125
0 0.70546875 0.45390625 0.01484375 0.02421875
0 0.9046875 0.64453125 0.015625 0.03046875
0 0.1515625 0.71171875 0.015625 0.02578125
0 0.46484375 0.2265625 0.0140625 0.02109375
0 0.71640625 0.77109375 0.01640625 0.03203125
0 0.66796875 0.34453125 0.0140625 0.02578125
0 0.81171875 0.765625 0.01875 0.03359375
0 0.89609375 0.58046875 0.01484375 0.02890625
0 0.165625 0.56796875 0.01484375 0.02578125
0 0.0296875 0.85625 0.01875 0.03046875
0 0.53515625 0.6015625 0.015625 0.02890625
0 0.86796875 0.971875 0.01875 0.03203125
0 0.47109375 0.42890625 0.0125 0.02578125
0 0.2390625 0.38359375 0.0140625 0.02265625
0 0.37265625 0.53359375 0.01484375 0.02578125
0 0.10859375 0.1078125 0.01171875 0.01953125
0 0.06484375 0.71796875 0.01484375 0.02578125
0 0.25390625 0.0546875 0.01171875 0.02109375
0 0.11796875 0.29453125 0.0125 0.01953125
0 0.3421875 0.3453125 0.0125 0.02265625
0 0.25625 0.10546875 0.01171875 0.01640625
0 0.371875 0.1953125 0.0140625 0.02109375
0 0.0578125 0.43515625 0.0140625 0.02265625
0 0.55546875 0.06796875 0.0125 0.02109375
0 0.17109375 0.33359375 0.0125 0.02265625
0 0.81640625 0.81015625 0.0171875 0.03515625
0 0.79375 0.153125 0.0140625 0.02109375
0 0.9171875 0.04765625 0.0140625 0.01640625
0 0.66953125 0.4703125 0.01484375 0.02734375
0 0.90703125 0.82265625 0.01640625 0.0359375
0 0.98125 0.31875 0.01484375 0.02578125
0 0.37578125 0.740625 0.0171875 0.03203125
0 0.23125 0.95078125 0.0171875 0.02890625
0 0.509375 0.828125 0.01640625 0.02890625
0 0.09921875 0.8234375 0.01484375 0.02890625
0 0.7296875 0.40234375 0.0140625 0.02421875
0 0.83046875 0.009375 0.0125 0.01796875
0 0.8421875 0.153125 0.0140625 0.02109375
0 0.10234375 0.1703125 0.01171875 0.01953125
0 0.9046875 0.41875 0.01484375 0.02734375
0 0.7453125 0.4171875 0.01484375 0.02734375
0 0.26484375 0.534375 0.015625 0.02421875
0 0.6 0.496875 0.01484375 0.02578125
0 0.58125 0.559375 0.01484375 0.02578125
0 0.48203125 0.50625 0.01484375 0.02890625
0 0.775 0.96484375 0.01875 0.0359375
0 0.83828125 0.38984375 0.01484375 0.02578125
0 0.71953125 0.18125 0.0140625 0.02109375
0 0.05703125 0.68984375 0.01640625 0.02734375
0 0.84453125 0.090625 0.0125 0.02109375
0 0.71953125 0.209375 0.01484375 0.02265625
0 0.71953125 0.88046875 0.01875 0.0359375
0 0.2953125 0.34140625 0.0140625 0.02265625
0 0.87734375 0.259375 0.0125 0.02265625
0 0.415625 0.66796875 0.01640625 0.02890625
0 0.67734375 0.20703125 0.01484375 0.02421875
0 0.87578125 0.47421875 0.01484375 0.02578125
0 0.496875 0.365625 0.0125 0.02578125
0 0.8921875 0.26328125 0.015625 0.02421875
0 0.56875 0.05859375 0.01171875 0.01953125
0 0.7671875 0.17890625 0.0140625 0.02578125
0 0.87890625 0.14296875 0.0140625 0.02578125
0 0.9421875 0.74375 0.01640625 0.02890625
0 0.75703125 0.30625 0.015625 0.02578125
0 0.065625 0.31796875 0.0125 0.02109375
0 0.63515625 0.571875 0.01484375 0.02734375
0 0.5671875 0.50546875 0.01484375 0.02734375
0 0.24296875 0.53203125 0.01484375 0.02265625
0 0.46953125 0.3640625 0.0140625 0.02578125
0 0.57734375 0.60078125 0.015625 0.02734375
0 0.42421875 0.7921875 0.01875 0.02890625
0 0.6421875 0.37890625 0.0140625 0.02265625
0 0.86796875 0.5296875 0.01484375 0.02734375
0 0.08359375 0.30546875 0.0125 0.02109375
0 0.071875 0.81953125 0.0171875 0.03203125
0 0.5203125 0.13203125 0.01171875 0.01953125
0 0.88046875 0.56015625 0.01484375 0.03203125