0 0.26796875 0.7984375 0.06328125 0.09140625
0 0.1296875 0.5375 0.02734375 0.04296875
0 0.328125 0.6875 0.0390625 0.0703125
0 0.70546875 0.31328125 0.02265625 0.0328125
0 0.98046875 0.17578125 0.0171875 0.0234375
0 0.7921875 0.50625 0.040625 0.0609375
0 0.31015625 0.46171875 0.0265625 0.04296875
0 0.61796875 0.284375 0.01640625 0.025
0 0.28203125 0.525 0.03125 0.04453125
0 0.7578125 0.36875 0.0296875 0.0390625
0 0.97578125 0.25 0.0234375 0.03125
0 0.5875 0.296875 0.01875 0.02578125
0 0.69140625 0.28046875 0.01953125 0.025
0 0.93828125 0.24453125 0.025 0.03125
0 0.55703125 0.2859375 0.01640625 0.02734375
0 0.790625 0.14453125 0.0109375 0.015625
0 0.50390625 0.36171875 0.01953125 0.03125
0 0.83359375 0.39453125 0.03046875 0.046875
0 0.83828125 0.1921875 0.01484375 0.021875
0 0.44140625 0.24375 0.01171875 0.01796875
0 0.63125 0.19375 0.0109375 0.01328125
0 0.978125 0.2125 0.0203125 0.0296875
0 0.9625 0.1421875 0.0125 0.01953125
0 0.040625 0.353125 0.0125 0.01953125
0 0.12890625 0.39140625 0.0171875 0.025
0 0.94140625 0.2109375 0.021875 0.03125
0 0.9203125 0.16953125 0.01484375 0.0234375
0 0.75625 0.57890625 0.0421875 0.05625
0 0.83125 0.1609375 0.01171875 0.0171875
0 0.234375 0.30390625 0.015625 0.021875
0 0.23515625 0.33671875 0.015625 0.01953125
0 0.1109375 0.2875 0.01171875 0.01953125
0 0.609375 0.2171875 0.01171875 0.01796875
0 0.0046875 0.28515625 0.009375 0.02109375
0 0.98359375 0.1140625 0.01171875 0.0171875
0 0.0859375 0.28671875 0.01171875 0.01796875
0 0.98046875 0.14296875 0.0140625 0.01796875
0 0.7671875 0.14296875 0.009375 0.01328125
0 0.48203125 0.18125 0.0109375 0.01328125
0 0.93046875 0.42578125 0.0359375 0.0390625
0 0.4578125 0.21953125 0.009375 0.0171875
0 0.0890625 0.32578125 0.015625 0.01796875
0 0.321875 0.24375 0.0109375 0.0171875
0 0.0609375 0.3109375 0.0125 0.01953125
0 0.0640625 0.3421875 0.01484375 0.02109375
0 0.15703125 0.30546875 0.0125 0.0171875
0 0.56953125 0.16875 0.0078125 0.01171875
0 0.203125 0.33203125 0.0140625 0.02109375
0 0.29140625 0.20546875 0.0109375 0.01328125
0 0.72890625 0.171875 0.0109375 0.015625
0 0.39296875 0.18125 0.00859375 0.01171875
0 0.4921875 0.225 0.01171875 0.01796875
0 0.93828125 0.48203125 0.03046875 0.0390625
0 0.140625 0.290625 0.0140625 0.0171875
0 0.88125 0.14296875 0.0109375 0.01796875
0 0.18828125 0.3265625 0.01484375 0.02109375
0 0.5921875 0.17890625 0.009375 0.0140625
0 0.46953125 0.18125 0.00859375 0.01328125
0 0.41953125 0.18203125 0.0109375 0.01328125
0 0.42578125 0.2984375 0.015625 0.01953125
0 0.90703125 0.14296875 0.01171875 0.01796875
0 0.14609375 0.39140625 0.01484375 0.021875
0 0.440625 0.18125 0.00859375 0.01328125
0 0.8046875 0.1421875 0.009375 0.0140625
0 0.38125 0.2546875 0.0109375 0.0140625
0 0.63984375 0.2171875 0.01171875 0.01796875
0 0.5828125 0.24375 0.01171875 0.01953125
0 0.30078125 0.2921875 0.0140625 0.01953125
0 0.50390625 0.1796875 0.009375 0.01328125
0 0.52109375 0.21875 0.0109375 0.01796875
0 0.07734375 0.38125 0.0140625 0.01953125
0 0.4296875 0.25703125 0.01171875 0.0140625
0 0.5078125 0.19453125 0.009375 0.0140625
0 0.83671875 0.2203125 0.01640625 0.02578125
0 0.61796875 0.19296875 0.0109375 0.01328125
0 0.86875 0.19375 0.0125 0.01796875
0 0.64140625 0.30703125 0.01484375 0.0234375
0 0.9796875 0.09296875 0.0109375 0.0140625
0 0.0546875 0.29140625 0.01171875 0.015625
0 0.35546875 0.19375 0.0078125 0.01171875
0 0.24375 0.23203125 0.0109375 0.015625
0 0.5578125 0.19296875 0.00859375 0.01328125
0 0.146875 0.35390625 0.0125 0.02109375
0 0.43203125 0.18125 0.00859375 0.01328125
0 0.20546875 0.38125 0.01484375 0.02109375
0 0.99453125 0.2171875 0.00859375 0.025
0 0.44375 0.19375 0.00859375 0.01328125
0 0.1 0.40625 0.01484375 0.0234375
0 0.2453125 0.26953125 0.01171875 0.01796875
0 0.315625 0.19140625 0.00859375 0.01328125
0 0.54375 0.1796875 0.00859375 0.01328125
0 0.353125 0.20703125 0.0109375 0.015625
0 0.1546875 0.28046875 0.0109375 0.0140625
0 0.76796875 0.1671875 0.0109375 0.0140625
0 0.3671875 0.18125 0.0078125 0.01171875
0 0.346875 0.2671875 0.0109375 0.0171875
0 0.665625 0.19375 0.01171875 0.0140625
0 0.2671875 0.20703125 0.0078125 0.01328125
0 0.5296875 0.18046875 0.00859375 0.0140625
0 0.13203125 0.30625 0.01171875 0.01796875
0 0.4921875 0.2015625 0.009375 0.015625
0 0.3328125 0.18125 0.009375 0.01328125
0 0.2671875 0.240625 0.0109375 0.015625
0 0.103125 0.3625 0.0140625 0.0171875
0 0.6453125 0.190625 0.01171875 0.0171875
0 0.95859375 0.08125 0.0109375 0.0140625
0 0.00703125 0.30625 0.01171875 0.0234375
0 0.6203125 0.17890625 0.0109375 0.0140625
0 0.9390625 0.11328125 0.0140625 0.01796875
0 0.753125 0.1328125 0.00859375 0.01328125
0 0.378125 0.19375 0.00859375 0.01328125
0 0.6078125 0.18046875 0.009375 0.0140625
0 0.9671875 0.10546875 0.0109375 0.01796875
0 0.87890625 0.11875 0.009375 0.01328125
0 0.1203125 0.32265625 0.0140625 0.01796875
0 0.465625 0.28046875 0.0125 0.01953125
0 0.45390625 0.17890625 0.0109375 0.01171875
0 0.478125 0.30625 0.015625 0.021875
0 0.31953125 0.26015625 0.009375 0.015625
0 0.51796875 0.16953125 0.00859375 0.01328125
0 0.68125 0.16796875 0.0109375 0.01328125
0 0.11875 0.2671875 0.0125 0.0171875
0 0.121875 0.36875 0.0140625 0.01796875
0 0.36796875 0.19375 0.00859375 0.01171875
0 0.4953125 0.18125 0.00859375 0.01328125
0 0.4296875 0.196875 0.009375 0.0140625
0 0.134375 0.3296875 0.0140625 0.01953125
0 0.58046875 0.18125 0.00859375 0.01328125
0 0.4578125 0.2046875 0.0078125 0.01328125
0 0.45546875 0.25625 0.0109375 0.0171875
0 0.253125 0.2171875 0.00859375 0.01328125