0 0.6140625 0.24375 0.021875 0.03671875
0 0.6671875 0.225 0.021875 0.03671875
0 0.4953125 0.56796875 0.0234375 0.0390625
0 0.33671875 0.90546875 0.034375 0.05625
0 0.4671875 0.4 0.0234375 0.03671875
0 0.88984375 0.03671875 0.02265625 0.03671875
0 0.6453125 0.2875 0.02265625 0.0390625
0 0.6125 0.41328125 0.0203125 0.0328125
0 0.50078125 0.12890625 0.02265625 0.03671875
0 0.0375 0.01796875 0.025 0.0359375
0 0.4015625 0.23125 0.02265625 0.0375
0 0.02265625 0.06640625 0.0234375 0.04140625
0 0.88984375 0.365625 0.02265625 0.03671875
0 0.790625 0.2546875 0.02265625 0.03515625
0 0.18828125 0.36328125 0.02421875 0.0390625
0 0.6859375 0.0125 0.02265625 0.025
0 0.4921875 0.01796875 0.025 0.0359375
0 0.046875 0.5015625 0.025 0.04140625
0 0.134375 0.37421875 0.0265625 0.04296875
0 0.759375 0.19921875 0.021875 0.03671875
0 0.63359375 0.45390625 0.02421875 0.0375
0 0.959375 0.0375 0.02421875 0.0375
0 0.634375 0.1671875 0.021875 0.03515625
0 0.634375 0.1 0.0234375 0.0375
0 0.50703125 0.1859375 0.02265625 0.0375
0 0.14609375 0.1 0.0265625 0.04296875
0 0.05703125 0.38828125 0.028125 0.04453125
0 0.5234375 0.49140625 0.025 0.0375
0 0.5921875 0.4625 0.02421875 0.0390625
0 0.36015625 0.4984375 0.02734375 0.04453125
0 0.3921875 0.0484375 0.0234375 0.03515625
0 0.41875 0.34453125 0.02421875 0.0375
0 0.72421875 0.33125 0.0203125 0.03515625
0 0.50390625 0.35390625 0.0234375 0.03671875
0 0.5828125 0.3984375 0.025 0.03671875
0 0.89921875 0.4578125 0.0203125 0.0375
0 0.8734375 0.290625 0.02265625 0.03515625
0 0.93671875 0.5296875 0.0234375 0.0390625
0 0.7875 0.975 0.03046875 0.04453125
0 0.57109375 0.24453125 0.0203125 0.0390625
0 0.759375 0.2703125 0.0203125 0.03515625
0 0.92109375 0.3421875 0.02421875 0.0390625
0 0.3140625 0.0796875 0.02265625 0.0390625
0 0.340625 0.1796875 0.02421875 0.0390625
0 0.709375 0.2796875 0.0203125 0.03515625
0 0.87578125 0.83046875 0.0234375 0.04453125
0 0.51484375 0.90625 0.0328125 0.05703125
0 0.803125 0.40546875 0.0203125 0.0375
0 0.0734375 0.0421875 0.0234375 0.040625
0 0.27109375 0.4921875 0.028125 0.04140625
0 0.234375 0.87265625 0.0375 0.0546875
0 0.559375 0.446875 0.0234375 0.0375
0 0.728125 0.2140625 0.021875 0.03515625
0 0.20625 0.29765625 0.025 0.0375
0 0.540625 0.7953125 0.03203125 0.053125
0 0.8953125 0.93046875 0.028125 0.0484375
0 0.13984375 0.56640625 0.02734375 0.04921875
0 0.478125 0.06875 0.02265625 0.0375
0 0.9609375 0.43125 0.021875 0.0390625
0 0.60078125 0.159375 0.0234375 0.0375
0 0.48359375 0.43671875 0.02421875 0.0375
0 0.67734375 0.14921875 0.02265625 0.0375
0 0.92734375 0.85 0.0265625 0.04296875
0 0.92734375 0.09453125 0.02265625 0.0375
0 0.28515625 0.63828125 0.0328125 0.05234375
0 0.7734375 0.0515625 0.021875 0.0328125
0 0.56875 0.31640625 0.02421875 0.03671875
0 0.6140625 0.753125 0.02734375 0.0484375
0 0.5921875 0.10390625 0.0234375 0.03359375
0 0.88125 0.7484375 0.02421875 0.040625
0 0.98359375 0.10703125 0.02265625 0.03671875
0 0.3078125 0.88125 0.0328125 0.05625
0 0.6390625 0.94375 0.0328125 0.05703125
0 0.40703125 0.71875 0.03046875 0.0546875
0 0.434375 0.3015625 0.02421875 0.03515625
0 0.1203125 0.0265625 0.0265625 0.040625
0 0.621875 0.5171875 0.02421875 0.0390625
0 0.54609375 0.0625 0.02265625 0.03671875
0 0.6765625 0.81796875 0.0296875 0.05234375
0 0.8453125 0.64296875 0.0234375 0.0390625
0 0.7296875 0.0140625 0.021875 0.028125
0 0.38984375 0.77578125 0.03125 0.05234375
0 0.28671875 0.53125 0.0265625 0.0390625
0 0.109375 0.1109375 0.025 0.04140625
0 0.26796875 0.93671875 0.0359375 0.0609375
0 0.2625 0.284375 0.025 0.040625
0 0.75625 0.83125 0.03125 0.0484375
0 0.415625 0.6765625 0.02734375 0.03515625
0 0.7328125 0.28671875 0.0203125 0.03671875
0 0.1171875 0.67421875 0.0328125 0.05703125
0 0.60625 0.3796875 0.0203125 0.0296875
0 0.309375 0.2640625 0.02421875 0.0375
0 0.3671875 0.228125 0.0234375 0.040625
0 0.78359375 0.4625 0.02421875 0.03671875
0 0.65546875 0.0171875 0.0234375 0.034375
0 0.165625 0.5828125 0.025 0.05078125
0 0.38125 0.4484375 0.025 0.0375
0 0.215625 0.134375 0.02421875 0.040625
0 0.63125 0.68515625 0.028125 0.04453125
0 0.67109375 0.290625 0.02265625 0.0375
0 0.071875 0.43125 0.02421875 0.04453125
0 0.16875 0.16953125 0.0234375 0.0390625
0 0.19453125 0.18828125 0.02265625 0.0375
0 0.93828125 0.2046875 0.02265625 0.0375
0 0.31328125 0.56171875 0.03046875 0.0484375
0 0.1234375 0.24453125 0.025 0.0390625
0 0.37578125 0.0796875 0.02265625 0.0390625
0 0.7953125 0.353125 0.021875 0.0328125
0 0.8546875 0.8921875 0.03046875 0.04921875
0 0.8078125 0.7796875 0.028125 0.03671875
0 0.6609375 0.48671875 0.021875 0.03671875
0 0.75078125 0.6625 0.025 0.0390625
0 0.62890625 0.3640625 0.0234375 0.0375
0 0.8453125 0.053125 0.02265625 0.03359375
0 0.8546875 0.7875 0.0265625 0.0375
0 0.02578125 0.3265625 0.028125 0.04453125
0 0.309375 0.20546875 0.02421875 0.03671875
0 0.7 0.6921875 0.02265625 0.040625
0 0.73359375 0.7375 0.02421875 0.0375
0 0.05390625 0.71640625 0.028125 0.05234375
0 0.9328125 0.4203125 0.02421875 0.040625
0 0.78671875 0.575 0.0265625 0.04296875
0 0.73828125 0.78515625 0.02734375 0.04140625
0 0.3515625 0.40546875 0.0234375 0.0375
0 0.759375 0.35 0.0203125 0.03359375
0 0.5125 0.7484375 0.0296875 0.0453125
0 0.45859375 0.64296875 0.02421875 0.04453125
0 0.42109375 0.16171875 0.02265625 0.03671875
0 0.31640625 0.8046875 0.03515625 0.05703125
0 0.040625 0.58203125 0.034375 0.05234375
0 0.63203125 0.21796875 0.021875 0.0375
0 0.74296875 0.54140625 0.02421875 0.04140625
0 0.540625 0.534375 0.025 0.040625
0 0.3609375 0.72890625 0.02734375 0.0390625
0 0.146875 0.32265625 0.025 0.04140625
0 0.684375 0.43828125 0.02421875 0.0375
0 0.56328125 0.6625 0.02734375 0.0375
0 0.51796875 0.64375 0.028125 0.0453125
0 0.16875 0.784375 0.03046875 0.05625
0 0.50625 0.69375 0.03046875 0.0484375
0 0.384375 0.94296875 0.034375 0.05703125
0 0.7625 0.5046875 0.025 0.040625
0 0.37578125 0.5453125 0.0265625 0.04296875
0 0.38984375 0.66640625 0.02734375 0.04140625
0 0.3359375 0.25078125 0.021875 0.0328125
0 0.25078125 0.3265625 0.0234375 0.040625
0 0.8640625 0.45546875 0.021875 0.03671875
0 0.58671875 0.73125 0.028125 0.05078125
0 0.1375 0.171875 0.02421875 0.03671875
0 0.3546875 0.775 0.03046875 0.04921875
0 0.48828125 0.6515625 0.0234375 0.04296875
0 0.17109375 0.41796875 0.0234375 0.04453125
0 0.74140625 0.61171875 0.02734375 0.03671875
0 0.146875 0.2828125 0.02421875 0.03671875
0 0.95390625 0.79921875 0.0234375 0.04453125
0 0.2453125 0.68046875 0.03515625 0.05078125
0 0.6734375 0.9515625 0.0328125 0.05859375
0 0.45 0.37265625 0.02421875 0.03671875
0 0.965625 0.93125 0.03046875 0.04453125
0 0.76796875 0.7015625 0.02421875 0.0390625
0 0.2484375 0.7671875 0.02734375 0.0484375
0 0.4671875 0.86015625 0.034375 0.053125
0 0.190625 0.49765625 0.02421875 0.04140625
0 0.80390625 0.721875 0.02734375 0.04296875
0 0.584375 0.59765625 0.0265625 0.04140625
0 0.05546875 0.80546875 0.0265625 0.05625
0 0.10078125 0.4296875 0.025 0.03671875
0 0.01796875 0.46796875 0.03046875 0.05078125
0 0.9046875 0.6421875 0.021875 0.03125
0 0.415625 0.58671875 0.02421875 0.0375
0 0.19609375 0.79921875 0.03125 0.04921875
0 0.840625 0.8375 0.0296875 0.04296875
0 0.353125 0.321875 0.025 0.0375
0 0.4109375 0.85703125 0.0296875 0.05234375
0 0.259375 0.12421875 0.02421875 0.0375
0 0.46953125 0.2859375 0.021875 0.03515625
0 0.2796875 0.7984375 0.03125 0.05625
0 0.83125 0.40546875 0.0203125 0.0375
0 0.38125 0.37890625 0.0203125 0.03359375
0 0.45234375 0.04140625 0.02265625 0.03671875
0 0.41015625 0.41640625 0.025 0.0390625
0 0.5546875 0.58125 0.02734375 0.0375
0 0.446875 0.10546875 0.0234375 0.03671875
0 0.5296875 0.19921875 0.01953125 0.03125
0 0.40546875 0.63125 0.0265625 0.03671875
0 0.64140625 0.76328125 0.02734375 0.046875
0 0.2625 0.4453125 0.0234375 0.03671875
0 0.73984375 0.0765625 0.0203125 0.03671875
0 0.9328125 0.70390625 0.0265625 0.040625
0 0.64140625 0.5453125 0.0203125 0.0375
0 0.7 0.23203125 0.02265625 0.03671875
0 0.53203125 0.11796875 0.02265625 0.0375
0 0.06328125 0.15 0.02734375 0.04453125
0 0.7953125 0.8203125 0.0203125 0.04453125
0 0.68125 0.75625 0.0234375 0.04296875
0 0.2171875 0.53515625 0.03046875 0.04453125
0 0.94296875 0.9 0.0265625 0.0453125
0 0.74140625 0.96171875 0.0328125 0.05625
0 0.15546875 0.9828125 0.04765625 0.0328125
0 0.3609375 0.65390625 0.02734375 0.04453125
0 0.56953125 0.1625 0.0234375 0.0390625
0 0.184375 0.09765625 0.0234375 0.04140625
0 0.28671875 0.39765625 0.02421875 0.040625
0 0.5921875 0.8921875 0.028125 0.0546875
0 0.8421875 0.5484375 0.0203125 0.03359375
0 0.23828125 0.240625 0.0234375 0.0390625
0 0.24296875 0.55703125 0.028125 0.04453125
0 0.0875 0.8296875 0.0359375 0.05703125
0 0.46328125 0.5546875 0.02265625 0.0390625
0 0.1828125 0.8671875 0.03046875 0.05703125
0 0.7109375 0.79296875 0.02734375 0.04921875
0 0.83671875 0.6890625 0.025 0.04140625
0 0.12890625 0.75 0.0328125 0.0546875
0 0.3015625 0.33046875 0.0234375 0.03671875
0 0.4703125 0.59765625 0.02265625 0.03359375
0 0.50703125 0.4453125 0.0234375 0.0390625
0 0.7171875 0.4125 0.0203125 0.0375
0 0.32734375 0.3875 0.02421875 0.0375
0 0.128125 0.94765625 0.03984375 0.06484375
0 0.5703125 0.5171875 0.0234375 0.04296875
0 0.76484375 0.8859375 0.0296875 0.05078125
0 0.87890625 0.22265625 0.0234375 0.0390625
0 0.55546875 0.9703125 0.03046875 0.046875
0 0.4015625 0.5546875 0.0265625 0.03359375
0 0.4921875 0.971875 0.02734375 0.0453125
0 0.55625 0.1203125 0.0203125 0.03515625
0 0.0921875 0.78125 0.040625 0.04453125
0 0.284375 0.9828125 0.04609375 0.0328125
0 0.259375 0.20703125 0.02421875 0.0390625
0 0.7140625 0.56875 0.0234375 0.04140625
0 0.9875 0.9640625 0.0234375 0.05625
0 0.41328125 0.98203125 0.04296875 0.03359375
0 0.446875 0.9265625 0.03046875 0.05625
0 0.2390625 0.60625 0.025 0.0453125
0 0.2546875 0.3859375 0.02265625 0.0375
0 0.0796875 0.315625 0.02734375 0.040625
0 0.42734375 0.48046875 0.02265625 0.03671875
0 0.31953125 0.3 0.0234375 0.0375
0 0.22578125 0.0140625 0.0234375 0.028125
0 0.115625 0.47421875 0.0265625 0.0390625
0 0.81875 0.6375 0.0265625 0.04296875
0 0.7640625 0.7921875 0.02734375 0.0328125
0 0.7921875 0.9015625 0.0234375 0.0453125
0 0.7125 0.5265625 0.0203125 0.03515625
0 0.93125 0.97265625 0.0265625 0.046875
0 0.6046875 0.9890625 0.0359375 0.01953125
0 0.64609375 0.6453125 0.02421875 0.040625
0 0.88984375 0.6171875 0.02265625 0.03125
0 0.05234375 0.2640625 0.0265625 0.04140625
0 0.0265625 0.64296875 0.0375 0.05703125
0 0.865625 0.359375 0.0203125 0.03671875
0 0.978125 0.79453125 0.025 0.0390625
0 0.0296875 0.21796875 0.0265625 0.04296875
0 0.90703125 0.67578125 0.0234375 0.0390625
0 0.43125 0.62890625 0.02421875 0.0390625
0 0.6515625 0.71796875 0.02734375 0.0375
0 0.21953125 0.7484375 0.0296875 0.05078125
0 0.36640625 0.84375 0.028125 0.04921875
0 0.12890625 0.52421875 0.03125 0.0375
0 0.22734375 0.34140625 0.02421875 0.04140625
0 0.5921875 0.56015625 0.025 0.03671875
0 0.01484375 0.734375 0.0265625 0.046875
0 0.26796875 0.7171875 0.034375 0.04140625
0 0.92421875 0.74765625 0.02421875 0.0390625
0 0.89921875 0.41015625 0.02265625 0.03125
0 0.07734375 0.096875 0.025 0.0453125
0 0.8875 0.990625 0.03203125 0.0171875
0 0.81640625 0.821875 0.0234375 0.04296875
0 0.31875 0.6234375 0.03046875 0.05078125
0 0.5609375 0.93125 0.03125 0.0328125
0 0.171875 0.3265625 0.025 0.0390625
0 0.29375 0.0109375 0.02421875 0.021875
0 0.90390625 0.8234375 0.0265625 0.04296875
0 0.3140625 0.475 0.02265625 0.04296875
0 0.33359375 0.0578125 0.0203125 0.0328125
0 0.4640625 0.97578125 0.034375 0.0453125
0 0.821875 0.56328125 0.02265625 0.0375
0 0.8453125 0.60390625 0.02265625 0.03359375
0 0.26640625 0.5828125 0.0203125 0.03515625
0 0.3578125 0.6171875 0.02734375 0.02890625
0 0.8859375 0.6625 0.021875 0.0375
0 0.0046875 0.16875 0.009375 0.04296875
0 0.6859375 0.521875 0.02421875 0.03671875
0 0.44375 0.51953125 0.0265625 0.0390625
0 0.1421875 0.20625 0.025 0.0375
0 0.36015625 0.3609375 0.0234375 0.0375
0 0.9859375 0.86875 0.0234375 0.04453125
0 0.103125 0.51875 0.02421875 0.04296875
0 0.3359375 0.4421875 0.0234375 0.0328125
0 0.415625 0.51875 0.025 0.03515625
0 0.31015625 0.72890625 0.028125 0.04921875
0 0.53046875 0.4015625 0.02421875 0.0375
0 0.66875 0.6296875 0.02734375 0.0375
0 0.66875 0.56171875 0.0234375 0.04296875
0 0.23125 0.978125 0.03203125 0.040625
0 0.21796875 0.4984375 0.0265625 0.0296875
0 0.17265625 0.2515625 0.021875 0.03671875
0 0.315625 0.0078125 0.02265625 0.015625
0 0.7078125 0.9828125 0.0328125 0.0328125
0 0.3609375 0.58515625 0.02734375 0.0375