1 0.43203125 0.69609375 0.03984375 0.10625
1 0.5 0.6734375 0.99375 0.62109375
1 0.79609375 0.7234375 0.05 0.12890625
1 0.10625 0.7890625 0.05390625 0.1375
1 0.1765625 0.68984375 0.0421875 0.1015625
1 0.59765625 0.66796875 0.0375 0.09921875
1 0.321875 0.77109375 0.04296875 0.11953125
1 0.4453125 0.81796875 0.1015625 0.35
1 0.56328125 0.8203125 0.065625 0.1734375
1 0.88984375 0.68828125 0.04609375 0.1125
1 0.371875 0.73671875 0.040625 0.10625
1 0.25078125 0.94140625 0.05625 0.10859375
1 0.240625 0.7796875 0.0515625 0.1328125
1 0.33125 0.853125 0.08984375 0.2796875
1 0.2921875 0.6703125 0.034375 0.09453125
1 0.0765625 0.5453125 0.03046875 0.0703125
1 0.503125 0.6296875 0.03125 0.08125
1 0.6421875 0.875 0.05 0.11484375
1 0.69609375 0.54765625 0.028125 0.065625
1 0.959375 0.71640625 0.0484375 0.10625
1 0.8125 0.825 0.12109375 0.33203125
1 0.121875 0.54296875 0.028125 0.065625
1 0.9109375 0.5859375 0.0328125 0.08359375
1 0.6140625 0.6046875 0.0328125 0.0859375
1 0.70234375 0.7765625 0.05390625 0.1171875
1 0.87421875 0.55078125 0.03046875 0.071875
1 0.65 0.69296875 0.03515625 0.08125
1 0.5484375 0.60234375 0.03125 0.071875
1 0.4515625 0.634375 0.0359375 0.08125
1 0.82421875 0.55859375 0.0296875 0.07890625
1 0.78046875 0.5890625 0.03046875 0.0765625
1 0.55546875 0.8625 0.1125 0.26171875
1 0.7140625 0.62109375 0.03828125 0.08125
1 0.709375 0.853125 0.0953125 0.27109375
1 0.090625 0.8546875 0.0875 0.2734375
1 0.97734375 0.584375 0.034375 0.0859375
1 0.890625 0.90078125 0.05078125 0.121875
1 0.36484375 0.58671875 0.0265625 0.06328125
1 0.3203125 0.52265625 0.0234375 0.05625
1 0.171875 0.8140625 0.06640625 0.35
1 0.33125 0.6171875 0.0296875 0.0703125
1 0.084375 0.6859375 0.0359375 0.090625
1 0.528125 0.49453125 0.021875 0.05
1 0.23984375 0.8546875 0.10078125 0.27734375
1 0.8 0.4796875 0.0265625 0.05625
1 0.621875 0.9625 0.06328125 0.065625
1 0.1421875 0.6734375 0.03515625 0.08828125
1 0.440625 0.528125 0.025 0.05859375
1 0.59375 0.7609375 0.0609375 0.284375
1 0.5578125 0.6515625 0.053125 0.16953125
1 0.25703125 0.665625 0.03515625 0.071875
1 0.9703125 0.93125 0.0546875 0.12421875
1 0.1078125 0.62734375 0.028125 0.06796875
1 0.2203125 0.59453125 0.0296875 0.065625
1 0.34453125 0.45625 0.0203125 0.0453125
1 0.3765625 0.8375 0.06953125 0.30703125
1 0.06875 0.58671875 0.05078125 0.1578125
1 0.65 0.5859375 0.02734375 0.065625
1 0.034375 0.7390625 0.0359375 0.08828125
1 0.72890625 0.70390625 0.03984375 0.090625
1 0.6203125 0.50078125 0.0234375 0.05390625
1 0.0375 0.64921875 0.028125 0.0703125
1 0.26875 0.60703125 0.0296875 0.06796875
1 0.5109375 0.75625 0.06875 0.334375
1 0.24375 0.80390625 0.075 0.19375
1 0.82421875 0.63125 0.0625 0.2234375
1 0.72734375 0.96484375 0.065625 0.0609375
1 0.73671875 0.734375 0.059375 0.15546875
1 0.9046875 0.51953125 0.02734375 0.05859375
1 0.74375 0.5078125 0.0296875 0.06796875
1 0.36796875 0.6328125 0.0578125 0.1515625
1 0.115625 0.58671875 0.0453125 0.153125
1 0.87109375 0.91640625 0.09375 0.153125
1 0.4953125 0.53046875 0.0265625 0.05
1 0.4875 0.5734375 0.03046875 0.06796875
1 0.53203125 0.653125 0.03046875 0.08828125
1 0.896875 0.80703125 0.0921875 0.35
1 0.1765625 0.5109375 0.021875 0.04765625
1 0.2953125 0.73359375 0.0484375 0.22578125
1 0.528125 0.54609375 0.04296875 0.153125
1 0.26796875 0.54375 0.0265625 0.05390625
1 0.3375 0.6875 0.0515625 0.20546875
1 0.6515625 0.75078125 0.0671875 0.19609375
1 0.88671875 0.6390625 0.078125 0.24375
1 0.353125 0.53125 0.02734375 0.05625
1 0.7109375 0.49921875 0.02734375 0.05859375
1 0.96015625 0.77109375 0.05859375 0.2140625
1 0.17734375 0.6140625 0.03046875 0.05859375
1 0.58515625 0.53828125 0.028125 0.065625
1 0.6765625 0.653125 0.0328125 0.08359375
1 0.66171875 0.48046875 0.02265625 0.05859375
1 0.32109375 0.525 0.034375 0.08359375
1 0.64921875 0.6453125 0.0375 0.0765625
1 0.3234375 0.78125 0.0640625 0.1625
1 0.503125 0.63671875 0.046875 0.1171875
1 0.596875 0.68984375 0.0625 0.15546875