1 0.49921875 0.49765625 0.99296875 0.98671875
1 0.18515625 0.81796875 0.21875 0.35078125
1 0.14296875 0.69296875 0.06328125 0.09765625
1 0.4515625 0.784375 0.03984375 0.07109375
1 0.3546875 0.6625 0.03515625 0.0625
1 0.32421875 0.81328125 0.03515625 0.07109375
1 0.6015625 0.6078125 0.034375 0.06875
1 0.8140625 0.8734375 0.03984375 0.06640625
1 0.26875 0.4859375 0.03125 0.05546875
1 0.871875 0.91796875 0.03984375 0.07578125
1 0.4265625 0.33359375 0.028125 0.053125
1 0.77109375 0.8109375 0.03515625 0.06640625
1 0.55546875 0.40859375 0.034375 0.053125
1 0.21171875 0.65234375 0.03828125 0.06875
1 0.57265625 0.89453125 0.04453125 0.0734375
1 0.41015625 0.80234375 0.03671875 0.0625
1 0.71171875 0.78359375 0.03515625 0.06015625
1 0.10234375 0.5140625 0.0328125 0.05546875
1 0.33046875 0.85859375 0.08125 0.1625
1 0.4578125 0.521875 0.034375 0.0625
1 0.4140625 0.9546875 0.04140625 0.06875
1 0.475 0.47421875 0.0296875 0.05078125
1 0.78125 0.74296875 0.03515625 0.0640625
1 0.77109375 0.65703125 0.03125 0.06015625
1 0.51875 0.4265625 0.028125 0.053125
1 0.36953125 0.14296875 0.0328125 0.046875
1 0.3703125 0.953125 0.03125 0.0625
1 0.34296875 0.5359375 0.03515625 0.053125
1 0.53046875 0.7265625 0.034375 0.0625
1 0.5546875 0.5796875 0.0296875 0.053125
1 0.41484375 0.5453125 0.034375 0.05546875
1 0.5953125 0.65859375 0.090625 0.17109375
1 0.54375 0.83984375 0.03984375 0.07109375
1 0.275 0.6609375 0.03515625 0.0640625
1 0.053125 0.44140625 0.0296875 0.05078125
1 0.1875 0.41328125 0.0296875 0.04921875
1 0.81640625 0.45546875 0.03828125 0.06640625
1 0.659375 0.88125 0.03515625 0.06015625
1 0.06484375 0.64296875 0.03515625 0.06015625
1 0.32265625 0.91796875 0.04765625 0.07109375
1 0.80625 0.94453125 0.04140625 0.07109375
1 0.89375 0.584375 0.0328125 0.0578125
1 0.2546875 0.41640625 0.0296875 0.05546875
1 0.034375 0.59140625 0.028125 0.0578125
1 0.54453125 0.7859375 0.03828125 0.05078125
1 0.6375 0.2890625 0.0265625 0.04921875
1 0.41171875 0.84765625 0.07578125 0.153125
1 0.56796875 0.9265625 0.09140625 0.1375
1 0.4546875 0.821875 0.0609375 0.146875
1 0.66484375 0.796875 0.04296875 0.078125
1 0.82109375 0.78359375 0.03515625 0.06015625
1 0.34921875 0.746875 0.03828125 0.0578125
1 0.85546875 0.7296875 0.03125 0.05546875
1 0.76640625 0.48359375 0.0296875 0.05078125
1 0.546875 0.93671875 0.034375 0.05546875
1 0.70703125 0.8796875 0.03828125 0.06640625
1 0.32890625 0.1640625 0.06953125 0.12890625
1 0.59375 0.79765625 0.04609375 0.06640625
1 0.16328125 0.56875 0.03671875 0.04921875
1 0.84453125 0.38671875 0.0296875 0.053125
1 0.10078125 0.5703125 0.04140625 0.05546875
1 0.68046875 0.28984375 0.0265625 0.0421875
1 0.746875 0.40078125 0.03828125 0.0734375
1 0.1421875 0.69765625 0.09765625 0.1421875
1 0.55859375 0.24765625 0.03125 0.046875
1 0.103125 0.6234375 0.034375 0.06015625
1 0.93046875 0.38359375 0.03515625 0.0640625
1 0.6375 0.96796875 0.03515625 0.05546875
1 0.9359375 0.59765625 0.03671875 0.06640625
1 0.25625 0.6125 0.03515625 0.0640625
1 0.21875 0.46640625 0.0296875 0.04921875
1 0.40234375 0.86640625 0.04453125 0.07578125
1 0.946875 0.765625 0.0328125 0.046875
1 0.04375 0.54296875 0.03125 0.05078125
1 0.8265625 0.6640625 0.0328125 0.0625
1 0.26875 0.72578125 0.03125 0.046875
1 0.53984375 0.5 0.0296875 0.03984375
1 0.11875 0.46875 0.028125 0.04921875
1 0.590625 0.8453125 0.034375 0.05546875
1 0.70546875 0.54453125 0.0328125 0.053125
1 0.1828125 0.53125 0.03125 0.053125
1 0.496875 0.76015625 0.04140625 0.0625
1 0.43984375 0.68359375 0.0515625 0.08671875
1 0.721875 0.68984375 0.03515625 0.06015625
1 0.54140625 0.8546875 0.0296875 0.046875
1 0.40078125 0.634375 0.0328125 0.046875
1 0.7203125 0.4203125 0.0296875 0.04921875
1 0.159375 0.61640625 0.03671875 0.05546875
1 0.596875 0.978125 0.03671875 0.0359375
1 0.49296875 0.9078125 0.0515625 0.06875
1 0.91328125 0.834375 0.03671875 0.0640625
1 0.159375 0.765625 0.034375 0.05546875
1 0.18828125 0.2734375 0.028125 0.04921875
1 0.415625 0.60078125 0.0296875 0.05078125
1 0.85546875 0.3109375 0.03125 0.053125
1 0.97109375 0.52421875 0.034375 0.0578125
1 0.7546875 0.31328125 0.0296875 0.0578125
1 0.928125 0.71796875 0.034375 0.04921875
1 0.67265625 0.49296875 0.034375 0.053125
1 0.68984375 0.73984375 0.03125 0.053125
1 0.79140625 0.58203125 0.0328125 0.0625
1 0.9609375 0.9296875 0.04296875 0.06875
1 0.86875 0.9375 0.07578125 0.115625
1 0.6578125 0.734375 0.03671875 0.0640625
1 0.2203125 0.57578125 0.0296875 0.053125
1 0.3265625 0.34140625 0.0296875 0.05078125
1 0.746875 0.8953125 0.03828125 0.0625
1 0.70234375 0.94296875 0.03515625 0.0640625
1 0.73125 0.9640625 0.03671875 0.053125
1 0.415625 0.4953125 0.0265625 0.04921875
1 0.7640625 0.0265625 0.028125 0.04921875
1 0.4390625 0.696875 0.0296875 0.05078125
1 0.034375 0.65078125 0.034375 0.053125
1 0.8953125 0.7265625 0.03515625 0.0578125
1 0.24765625 0.92109375 0.09296875 0.11796875
1 0.453125 0.91640625 0.03125 0.05546875