0 0.46953125 0.66796875 0.03515625 0.0625
0 0.8734375 0.790625 0.04296875 0.06640625
0 0.98125 0.6328125 0.02421875 0.0390625
0 0.85859375 0.61328125 0.0203125 0.03671875
0 0.36796875 0.5875 0.02421875 0.0390625
0 0.7453125 0.57578125 0.01953125 0.03359375
0 0.94296875 0.66796875 0.03046875 0.04453125
0 0.3875 0.78203125 0.0546875 0.0875
0 0.253125 0.5796875 0.025 0.0390625
0 0.10625 0.53046875 0.02421875 0.0375
0 0.55390625 0.62421875 0.028125 0.0484375
0 0.75078125 0.64375 0.0265625 0.0453125
0 0.67421875 0.79296875 0.05 0.07578125
0 0.6515625 0.6234375 0.028125 0.04453125
0 0.97265625 0.81171875 0.0453125 0.07421875
0 0.1875 0.771875 0.0484375 0.078125
0 0.0890625 0.8359375 0.06171875 0.10390625
0 0.35625 0.65 0.03046875 0.05078125
0 0.465625 0.5796875 0.0203125 0.04140625
0 0.48828125 0.57265625 0.021875 0.03671875
0 0.7046875 0.628125 0.0296875 0.05078125
0 0.0484375 0.53828125 0.0296875 0.0484375
0 0.584375 0.60390625 0.02421875 0.04140625
0 0.72265625 0.56640625 0.01953125 0.03125
0 0.39296875 0.6625 0.03203125 0.0546875
0 0.79609375 0.53125 0.01484375 0.0234375
0 0.92421875 0.6203125 0.0203125 0.03515625
0 0.59140625 0.56640625 0.0203125 0.02578125
0 0.2125 0.57421875 0.03203125 0.04453125
0 0.43046875 0.6 0.0265625 0.04453125
0 0.86640625 0.5421875 0.01484375 0.01953125
0 0.321875 0.584375 0.025 0.04453125
0 0.959375 0.728125 0.03203125 0.05625
0 0.190625 0.503125 0.01875 0.0328125
0 0.5859375 0.7609375 0.0609375 0.0953125
0 0.1859375 0.65 0.04296875 0.0703125
0 0.034375 0.67421875 0.03984375 0.0625
0 0.74609375 0.51796875 0.0140625 0.0234375
0 0.56640625 0.52421875 0.015625 0.025
0 0.5421875 0.5171875 0.01484375 0.025
0 0.65 0.56875 0.01875 0.0328125
0 0.8078125 0.575 0.01875 0.0328125
0 0.20859375 0.48125 0.01484375 0.025
0 0.82109375 0.6765625 0.03125 0.053125
0 0.4515625 0.53515625 0.015625 0.02578125
0 0.13984375 0.62578125 0.03828125 0.0609375
0 0.2484375 0.49765625 0.01640625 0.02578125
0 0.2296875 0.540625 0.0234375 0.0296875
0 0.8296875 0.615625 0.025 0.03671875
0 0.828125 0.54140625 0.0140625 0.02109375
0 0.1609375 0.5625 0.034375 0.0390625
0 0.33671875 0.53203125 0.0203125 0.03515625
0 0.26875 0.48203125 0.0140625 0.0234375
0 0.95546875 0.5875 0.0203125 0.03125
0 0.2953125 0.51015625 0.0171875 0.03125
0 0.1375 0.4921875 0.01640625 0.02578125
0 0.9 0.59765625 0.01875 0.03359375
0 0.6453125 0.49375 0.01171875 0.01796875
0 0.3421875 0.48046875 0.0140625 0.0234375
0 0.365625 0.4921875 0.01484375 0.02890625
0 0.946875 0.5375 0.0140625 0.01953125
0 0.98359375 0.55390625 0.0140625 0.021875
0 0.296875 0.56171875 0.0234375 0.0375
0 0.85390625 0.5640625 0.01484375 0.0234375
0 0.70859375 0.53671875 0.01484375 0.0234375
0 0.4890625 0.4890625 0.0140625 0.021875
0 0.63203125 0.5625 0.0171875 0.03125
0 0.4296875 0.5046875 0.015625 0.021875
0 0.6421875 0.52265625 0.01484375 0.02734375
0 0.915625 0.53515625 0.01484375 0.02109375
0 0.825 0.5703125 0.015625 0.02890625
0 0.23125 0.48515625 0.01640625 0.025
0 0.6140625 0.5328125 0.01484375 0.02578125
0 0.621875 0.50625 0.0125 0.02109375
0 0.49375 0.5203125 0.01484375 0.021875
0 0.46015625 0.49375 0.01484375 0.0234375
0 0.7140625 0.50625 0.0125 0.01953125
0 0.5296875 0.71015625 0.04375 0.071875
0 0.409375 0.5484375 0.02265625 0.0328125
0 0.4046875 0.51015625 0.021875 0.02890625
0 0.27265625 0.54765625 0.021875 0.0328125
0 0.01640625 0.51953125 0.0234375 0.0390625
0 0.2875 0.68125 0.04296875 0.0640625
0 0.771875 0.50546875 0.01171875 0.01796875
0 0.9 0.55546875 0.01484375 0.025
0 0.5265625 0.5875 0.0203125 0.040625
0 0.54375 0.4765625 0.0109375 0.015625
0 0.11015625 0.59296875 0.0296875 0.0484375
0 0.321875 0.4890625 0.01484375 0.025
0 0.0203125 0.47265625 0.0171875 0.0234375
0 0.7421875 0.49375 0.009375 0.0140625
0 0.80703125 0.5046875 0.0109375 0.0171875
0 0.19375 0.44453125 0.0109375 0.0140625
0 0.103125 0.48828125 0.0171875 0.02578125
0 0.2078125 0.44296875 0.01171875 0.01328125
0 0.1828125 0.46640625 0.01484375 0.0234375
0 0.509375 0.509375 0.01484375 0.025
0 0.25390625 0.4640625 0.0140625 0.01953125
0 0.3828125 0.471875 0.009375 0.0171875
0 0.790625 0.5046875 0.0109375 0.0171875
0 0.778125 0.61640625 0.0234375 0.0375
0 0.48203125 0.4671875 0.0109375 0.0140625
0 0.88125 0.5390625 0.0125 0.01796875
0 0.13984375 0.4546875 0.0125 0.02109375
0 0.67734375 0.5625 0.01875 0.0234375
0 0.59453125 0.51796875 0.01484375 0.0234375
0 0.55625 0.49296875 0.0140625 0.0171875
0 0.0953125 0.4421875 0.0109375 0.0140625
0 0.509375 0.93671875 0.09453125 0.1234375
0 0.540625 0.5546875 0.0203125 0.02890625
0 0.58125 0.47890625 0.0109375 0.01328125
0 0.45234375 0.4671875 0.0109375 0.0140625
0 0.3203125 0.459375 0.009375 0.015625
0 0.8859375 0.575 0.015625 0.025
0 0.3703125 0.45546875 0.0109375 0.01328125
0 0.76328125 0.53046875 0.01484375 0.025
0 0.9640625 0.53046875 0.0125 0.01953125
0 0.61640625 0.48125 0.009375 0.0140625
0 0.35703125 0.45390625 0.0109375 0.0140625
0 0.4953125 0.4671875 0.009375 0.01328125
0 0.4671875 0.4671875 0.009375 0.01328125
0 0.290625 0.44375 0.009375 0.01328125
0 0.1203125 0.4625 0.015625 0.01953125
0 0.853125 0.5296875 0.01171875 0.01796875
0 0.98203125 0.5828125 0.0203125 0.0296875
0 0.08046875 0.4421875 0.0109375 0.0140625
0 0.26484375 0.44296875 0.0109375 0.01328125
0 0.93984375 0.5171875 0.0125 0.015625
0 0.1796875 0.440625 0.009375 0.0140625
0 0.284375 0.4859375 0.01484375 0.0234375
0 0.99453125 0.51796875 0.00859375 0.01796875
0 0.5328125 0.4953125 0.0140625 0.01953125
0 0.87890625 0.51953125 0.01171875 0.015625
0 0.30625 0.4765625 0.0125 0.02109375
0 0.1671875 0.44296875 0.0109375 0.01328125
0 0.33359375 0.45625 0.0109375 0.0140625
0 0.278125 0.4625 0.0140625 0.0171875
0 0.59453125 0.4921875 0.01171875 0.015625
0 0.41640625 0.46328125 0.0109375 0.015625
0 0.44140625 0.478125 0.01171875 0.0171875
0 0.93046875 0.5921875 0.0203125 0.0234375
0 0.115625 0.4421875 0.01171875 0.0140625
0 0.67109375 0.50625 0.0125 0.01796875
0 0.4265625 0.47890625 0.01171875 0.01796875
0 0.51796875 0.478125 0.0109375 0.0140625
0 0.30546875 0.44375 0.00859375 0.01328125
0 0.69140625 0.49296875 0.009375 0.0140625
0 0.503125 0.48203125 0.0109375 0.015625
0 0.434375 0.5609375 0.0203125 0.0296875
0 0.00390625 0.43046875 0.0078125 0.0171875
0 0.228125 0.44453125 0.0109375 0.0140625
0 0.63203125 0.47578125 0.009375 0.0140625
0 0.9046875 0.51640625 0.01171875 0.0171875
0 0.12890625 0.44140625 0.009375 0.015625
0 0.075 0.53203125 0.021875 0.040625
0 0.5578125 0.4671875 0.009375 0.01328125
0 0.0640625 0.45546875 0.0140625 0.01796875
0 0.046875 0.4578125 0.0140625 0.01953125
0 0.98125 0.51875 0.009375 0.0140625
0 0.7296875 0.4890625 0.009375 0.0140625
0 0.83046875 0.5140625 0.0109375 0.015625
0 0.853125 0.50390625 0.0109375 0.01328125
0 0.67734375 0.49140625 0.0109375 0.0140625
0 0.29375 0.4609375 0.01171875 0.015625
0 0.39609375 0.471875 0.0109375 0.0171875
0 0.1546875 0.45546875 0.01171875 0.01796875
0 0.4046875 0.4546875 0.00859375 0.01328125
0 0.98828125 0.69921875 0.021875 0.04453125
0 0.75546875 0.49375 0.0109375 0.01328125
0 0.09765625 0.4640625 0.015625 0.021875
0 0.56875 0.46875 0.00859375 0.01328125
0 0.66015625 0.54296875 0.0171875 0.0234375
0 0.70234375 0.49140625 0.009375 0.0140625
0 0.43203125 0.4546875 0.00859375 0.01171875
0 0.81953125 0.50625 0.009375 0.01171875
0 0.2796875 0.44140625 0.009375 0.01328125
0 0.15546875 0.43125 0.00703125 0.01328125
0 0.03203125 0.4328125 0.0109375 0.0140625
0 0.3421875 0.44375 0.00859375 0.01171875
0 0.06796875 0.43125 0.0109375 0.0140625
0 0.39140625 0.45546875 0.009375 0.01328125
0 0.01796875 0.41796875 0.00859375 0.01328125
0 0.3171875 0.44375 0.00859375 0.01171875
0 0.86484375 0.50546875 0.0109375 0.01328125
0 0.2453125 0.44375 0.009375 0.01328125
0 0.74453125 0.48046875 0.00859375 0.01328125
0 0.9578125 0.5546875 0.01484375 0.01796875
0 0.05703125 0.41796875 0.00859375 0.01328125
0 0.78203125 0.4921875 0.00859375 0.01328125
0 0.14296875 0.43125 0.00859375 0.01171875
0 0.73125 0.51015625 0.0109375 0.01796875
0 0.6671875 0.48125 0.009375 0.01171875
0 0.44453125 0.5015625 0.0140625 0.02109375
0 0.31953125 0.43046875 0.0078125 0.01171875
0 0.38203125 0.45390625 0.0078125 0.01171875
0 0.384375 0.49296875 0.015625 0.025
0 0.80625 0.4796875 0.00703125 0.01171875
0 0.50703125 0.46640625 0.0078125 0.01328125
0 0.5296875 0.46796875 0.00859375 0.01171875
0 0.21953125 0.43046875 0.00859375 0.01171875
0 0.04375 0.41796875 0.00859375 0.01328125
0 0.54375 0.4546875 0.0078125 0.01015625
0 0.3296875 0.43125 0.0078125 0.01328125
0 0.44375 0.44375 0.00859375 0.01171875
0 0.59296875 0.4546875 0.0078125 0.01171875
0 0.19375 0.4296875 0.00859375 0.01015625
0 0.25625 0.43125 0.00859375 0.01328125
0 0.6046875 0.46796875 0.009375 0.01171875
0 0.71953125 0.4796875 0.00859375 0.01171875
0 0.60625 0.4546875 0.0078125 0.01171875
0 0.5796875 0.4546875 0.0078125 0.01171875
0 0.99453125 0.5421875 0.00859375 0.01953125
0 0.41875 0.44375 0.0078125 0.01171875
0 0.13046875 0.41640625 0.00703125 0.01015625
0 0.0921875 0.40546875 0.0078125 0.01171875
0 0.9171875 0.50625 0.0109375 0.01328125
0 0.76796875 0.4796875 0.00859375 0.01171875
0 0.79296875 0.4796875 0.0078125 0.01171875
0 0.65546875 0.4796875 0.00703125 0.01171875
0 0.53125 0.45625 0.0078125 0.01171875
0 0.51875 0.45546875 0.00703125 0.01328125
0 0.24375 0.43046875 0.00703125 0.01171875
0 0.23125 0.4296875 0.00859375 0.01015625
0 0.3046875 0.4296875 0.0078125 0.01015625
0 0.61875 0.45625 0.00703125 0.01171875
0 0.34296875 0.43125 0.00703125 0.01171875
0 0.45546875 0.44375 0.00703125 0.01171875
0 0.44296875 0.4546875 0.00703125 0.01171875
0 0.59296875 0.46953125 0.00703125 0.01171875
0 0.5234375 0.525 0.015625 0.021875
0 0.68125 0.4671875 0.00703125 0.01015625
0 0.6546875 0.46796875 0.00859375 0.01171875
0 0.70546875 0.4671875 0.00703125 0.0078125
0 0.94296875 0.49296875 0.00703125 0.01171875
0 0.20859375 0.5265625 0.0203125 0.0296875
0 0.75625 0.4796875 0.00859375 0.01171875
0 0.46875 0.44375 0.0078125 0.01171875
0 0.84453125 0.51640625 0.0109375 0.0140625
0 0.26796875 0.43046875 0.00859375 0.01171875
0 0.03515625 0.62265625 0.03515625 0.03359375
0 0.04375 0.4046875 0.0078125 0.0078125
0 0.9625 0.51171875 0.0109375 0.01328125
0 0.64296875 0.46796875 0.00859375 0.01171875
0 0.1046875 0.40546875 0.009375 0.01171875
0 0.0796875 0.41796875 0.0078125 0.01328125
0 0.69296875 0.478125 0.00703125 0.01171875
0 0.00859375 0.45078125 0.0140625 0.01796875
0 0.91875 0.49296875 0.0078125 0.01171875
0 0.95859375 0.63125 0.0203125 0.025
0 0.36796875 0.43125 0.00703125 0.0078125
0 0.928125 0.50546875 0.0109375 0.01328125
0 0.9296875 0.49296875 0.0078125 0.01171875
0 0.96796875 0.49296875 0.0078125 0.01171875
0 0.8375 0.48671875 0.00703125 0.01328125
0 0.0296875 0.41796875 0.00859375 0.01328125
0 0.14375 0.41796875 0.00703125 0.0078125
0 0.18125 0.41796875 0.00703125 0.0078125
0 0.68046875 0.625 0.0203125 0.0390625
0 0.95546875 0.49296875 0.00703125 0.01171875
0 0.90546875 0.49296875 0.00703125 0.01171875
0 0.66875 0.4671875 0.0078125 0.0078125
0 0.56796875 0.45625 0.00703125 0.01171875
0 0.71796875 0.4671875 0.0078125 0.0078125
0 0.89140625 0.50625 0.0109375 0.0140625
0 0.15546875 0.41875 0.00703125 0.01171875
0 0.82890625 0.49375 0.0109375 0.01171875
0 0.06796875 0.4171875 0.00703125 0.01171875
0 0.9796875 0.5046875 0.009375 0.01171875
0 0.81875 0.48046875 0.00703125 0.0078125
0 0.00546875 0.4046875 0.0109375 0.01328125
0 0.29375 0.428125 0.0078125 0.01015625
0 0.10625 0.41875 0.0078125 0.01171875
0 0.06953125 0.40546875 0.0078125 0.01171875
0 0.48125 0.44375 0.00703125 0.01171875
0 0.03046875 0.4046875 0.00703125 0.0078125
0 0.740625 0.54453125 0.01484375 0.0234375
0 0.0921875 0.41875 0.00859375 0.01171875
0 0.35625 0.43125 0.00703125 0.0078125
0 0.73125 0.46796875 0.0078125 0.00625
0 0.4140625 0.48203125 0.0140625 0.01796875
0 0.20625 0.41796875 0.00703125 0.0078125
0 0.1171875 0.41953125 0.0078125 0.0078125
0 0.49296875 0.44375 0.00703125 0.00625
0 0.58359375 0.5421875 0.01640625 0.01953125
0 0.62890625 0.4921875 0.009375 0.01328125
0 0.36484375 0.540625 0.01875 0.025
0 0.67734375 0.525 0.01484375 0.01953125
0 0.16875 0.41796875 0.00703125 0.0078125
0 0.46796875 0.53046875 0.01484375 0.025
0 0.0171875 0.40546875 0.0078125 0.01171875
0 0.85625 0.48046875 0.0078125 0.0078125
0 0.14375 0.40703125 0.00703125 0.009375
0 0.03984375 0.48203125 0.0171875 0.02578125
0 0.50703125 0.44375 0.0078125 0.01015625
0 0.3875 0.4375 0.00703125 0.01015625
0 0.8875 0.48671875 0.00859375 0.01328125
0 0.05625 0.40625 0.00703125 0.0078125
0 0.1171875 0.40625 0.0078125 0.0078125
0 0.92421875 0.56640625 0.01640625 0.02578125
0 0.86875 0.48203125 0.00703125 0.0078125