0 0.5921875 0.13671875 0.01953125 0.02578125
0 0.52890625 0.41796875 0.034375 0.05703125
0 0.75859375 0.3890625 0.03125 0.046875
0 0.65703125 0.2125 0.025 0.0328125
0 0.81015625 0.115625 0.02265625 0.03359375
0 0.9609375 0.17578125 0.025 0.03671875
0 0.4875 0.375 0.02421875 0.0390625
0 0.5125 0.82890625 0.065625 0.10546875
0 0.77265625 0.05 0.0171875 0.0296875
0 0.796875 0.4265625 0.03515625 0.053125
0 0.8703125 0.4734375 0.04609375 0.05859375
0 0.62890625 0.15703125 0.0234375 0.0296875
0 0.41484375 0.1546875 0.0203125 0.0296875
0 0.5078125 0.10546875 0.015625 0.0234375
0 0.975 0.20546875 0.025 0.03125
0 0.03046875 0.36796875 0.0328125 0.0484375
0 0.0171875 0.284375 0.034375 0.05078125
0 0.8953125 0.0375 0.01953125 0.0296875
0 0.81875 0.225 0.01875 0.02578125
0 0.4234375 0.2703125 0.01953125 0.025
0 0.446875 0.29453125 0.025 0.03671875
0 0.5265625 0.1625 0.0203125 0.025
0 0.0078125 0.01796875 0.015625 0.0359375
0 0.97109375 0.00703125 0.01875 0.0140625
0 0.3765625 0.28203125 0.01640625 0.025
0 0.2734375 0.4328125 0.0453125 0.0640625
0 0.52890625 0.37421875 0.0265625 0.025
0 0.6203125 0.19453125 0.0265625 0.0375
0 0.33359375 0.471875 0.03828125 0.0484375
0 0.48046875 0.334375 0.01953125 0.02578125
0 0.4890625 0.075 0.01484375 0.01953125
0 0.565625 0.11875 0.0171875 0.02578125
0 0.46640625 0.06875 0.01484375 0.0234375