0 0.49375 0.18203125 0.02421875 0.0390625
0 0.640625 0.0625 0.01953125 0.03125
0 0.5796875 0.13515625 0.0203125 0.03359375
0 0.621875 0.1375 0.0234375 0.0375
0 0.665625 0.08515625 0.021875 0.03515625
0 0.97734375 0.23125 0.0359375 0.0484375
0 0.5703125 0.04921875 0.021875 0.03125
0 0.23125 0.8359375 0.07109375 0.1171875
0 0.6 0.0140625 0.01953125 0.02734375
0 0.4578125 0.13828125 0.021875 0.03671875
0 0.90703125 0.12421875 0.025 0.0375
0 0.5265625 0.109375 0.02265625 0.03359375
0 0.35078125 0.225 0.0296875 0.04140625
0 0.728125 0.4859375 0.0484375 0.078125
0 0.696875 0.1 0.02421875 0.03671875
0 0.35859375 0.878125 0.07109375 0.1234375
0 0.59765625 0.06171875 0.01953125 0.0328125
0 0.50546875 0.56328125 0.06328125 0.1234375
0 0.49296875 0.0875 0.0203125 0.03125
0 0.80625 0.0296875 0.0171875 0.02578125
0 0.7765625 0.01484375 0.0203125 0.0296875
0 0.01484375 0.06015625 0.01953125 0.02890625
0 0.54453125 0.00625 0.0203125 0.0125
0 0.92890625 0.2171875 0.0328125 0.05078125
0 0.42109375 0.034375 0.01484375 0.01953125
0 0.384375 0.02421875 0.01640625 0.025
0 0.0765625 0.00625 0.015625 0.0125
0 0.68828125 0.38046875 0.040625 0.0703125
0 0.26484375 0.00703125 0.01484375 0.0140625
0 0.28515625 0.02421875 0.0171875 0.025
0 0.45859375 0.0234375 0.01640625 0.0234375
0 0.1265625 0.021875 0.0203125 0.02578125
0 0.234375 0.0234375 0.0171875 0.0234375
0 0.29609375 0.1734375 0.0296875 0.04296875
0 0.16015625 0.02890625 0.0171875 0.0234375
0 0.1171875 0.24140625 0.01953125 0.025
0 0.20234375 0.0421875 0.0171875 0.021875
0 0.99296875 0.13515625 0.01171875 0.03671875
0 0.334375 0.45546875 0.04765625 0.0625
0 0.0953125 0.24453125 0.02265625 0.02578125
0 0.29609375 0.13515625 0.01953125 0.0234375
0 0.1828125 0.08046875 0.0171875 0.02578125
0 0.1078125 0.00625 0.015625 0.0125
0 0.46953125 0.2734375 0.0171875 0.02578125
0 0.7875 0.29296875 0.0375 0.0546875
0 0.48671875 0.134375 0.0203125 0.0328125
0 0.2453125 0.00625 0.01640625 0.01171875
0 0.2046875 0.00625 0.01484375 0.01171875
0 0.14375 0.00625 0.015625 0.0125