0 0.4046875 0.0875 0.021875 0.03125
0 0.61484375 0.21796875 0.028125 0.04296875
0 0.353125 0.09140625 0.02265625 0.03359375
0 0.8796875 0.01875 0.02265625 0.0296875
0 0.503125 0.321875 0.03828125 0.05625
0 0.365625 0.3453125 0.03203125 0.05234375
0 0.63984375 0.421875 0.04765625 0.0625
0 0.47578125 0.5796875 0.05625 0.08828125
0 0.128125 0.2453125 0.03046875 0.04296875
0 0.84453125 0.259375 0.028125 0.04296875
0 0.02734375 0.39765625 0.0484375 0.0609375
0 0.93828125 0.1875 0.025 0.0390625
0 0.79375 0.1953125 0.03046875 0.05234375
0 0.5984375 0.14921875 0.028125 0.0375
0 0.1546875 0.20078125 0.0296875 0.0390625
0 0.0609375 0.09140625 0.0234375 0.02890625
0 0.46953125 0.0328125 0.0171875 0.02890625
0 0.815625 0.01953125 0.0203125 0.03125
0 0.3390625 0.26953125 0.0359375 0.046875
0 0.18515625 0.1359375 0.0265625 0.0375
0 0.9859375 0.1421875 0.025 0.0375
0 0.84140625 0.53046875 0.0578125 0.0875
0 0.36796875 0.0375 0.0203125 0.03125
0 0.9734375 0.2046875 0.0234375 0.0390625
0 0.69140625 0.01875 0.015625 0.025
0 0.5609375 0.75625 0.05546875 0.09921875
0 0.51640625 0.51953125 0.0484375 0.06484375
0 0.025 0.03671875 0.01875 0.02578125
0 0.96953125 0.04375 0.0265625 0.0375
0 0.1796875 0.021875 0.0171875 0.0234375
0 0.4703125 0.1625 0.02265625 0.0328125
0 0.721875 0.91640625 0.07890625 0.125
0 0.8359375 0.675 0.071875 0.1109375
0 0.40390625 0.16953125 0.0265625 0.046875
0 0.884375 0.15078125 0.025 0.04140625
0 0.659375 0.0078125 0.01640625 0.015625
0 0.1625 0.096875 0.02421875 0.0328125
0 0.22578125 0.0265625 0.0171875 0.025
0 0.04140625 0.134375 0.028125 0.040625
0 0.596875 0.471875 0.03046875 0.03515625
0 0.9328125 0.1546875 0.01953125 0.025
0 0.61953125 0.01796875 0.01640625 0.02578125
0 0.91015625 0.26875 0.0234375 0.03515625
0 0.99296875 0.0484375 0.0125 0.03125
0 0.79765625 0.00625 0.01484375 0.01171875
0 0.56328125 0.00625 0.01953125 0.01171875
0 0.92734375 0.03671875 0.01875 0.03125
0 0.6828125 0.48046875 0.0390625 0.05703125
0 0.45390625 0.0984375 0.0171875 0.025
0 0.48671875 0.2015625 0.02265625 0.0390625