0 0.80078125 0.96171875 0.0234375 0.0375
0 0.378125 0.6671875 0.01640625 0.021875
0 0.7421875 0.51640625 0.0140625 0.021875
0 0.734375 0.8859375 0.025 0.0328125
0 0.36640625 0.70390625 0.0171875 0.0296875
0 0.184375 0.9765625 0.03046875 0.0390625
0 0.534375 0.7234375 0.0203125 0.0296875
0 0.8609375 0.8640625 0.0234375 0.0328125
0 0.40703125 0.67265625 0.01640625 0.025
0 0.6796875 0.50546875 0.015625 0.02109375
0 0.7734375 0.8375 0.0234375 0.0328125
0 0.5421875 0.6625 0.015625 0.025
0 0.57734375 0.84921875 0.02265625 0.0390625
0 0.5796875 0.609375 0.01484375 0.0234375
0 0.12890625 0.8921875 0.0296875 0.04296875
0 0.4953125 0.66015625 0.01640625 0.0234375
0 0.20234375 0.7828125 0.02265625 0.03359375
0 0.43046875 0.9046875 0.025 0.0390625
0 0.4640625 0.91015625 0.025 0.0390625
0 0.0109375 0.78125 0.021875 0.0390625
0 0.43515625 0.7703125 0.02265625 0.0328125
0 0.59765625 0.9515625 0.025 0.03671875
0 0.69296875 0.759375 0.02421875 0.0328125
0 0.80625 0.74765625 0.0171875 0.02578125
0 0.34296875 0.65703125 0.01484375 0.021875
0 0.16328125 0.77265625 0.0234375 0.03515625
0 0.0875 0.81171875 0.0234375 0.0375
0 0.1859375 0.8125 0.02265625 0.03125
0 0.58046875 0.75703125 0.01875 0.0328125
0 0.45859375 0.70390625 0.01875 0.02734375
0 0.46953125 0.76875 0.01640625 0.02734375
0 0.065625 0.8546875 0.03046875 0.0484375
0 0.71484375 0.9796875 0.03125 0.0375
0 0.7 0.8453125 0.0203125 0.03359375
0 0.32734375 0.76328125 0.0203125 0.03671875
0 0.27578125 0.77890625 0.0203125 0.03359375
0 0.521875 0.6796875 0.01875 0.02578125
0 0.72578125 0.91953125 0.02734375 0.03671875
0 0.3703125 0.6046875 0.01484375 0.01953125
0 0.77109375 0.51796875 0.0125 0.01796875
0 0.76484375 0.73828125 0.0203125 0.03125
0 0.63046875 0.8078125 0.02421875 0.0296875
0 0.3359375 0.83515625 0.0234375 0.0375
0 0.2671875 0.8296875 0.0234375 0.03671875
0 0.4296875 0.6515625 0.015625 0.021875
0 0.5171875 0.92578125 0.0234375 0.03359375
0 0.871875 0.7546875 0.0234375 0.0328125
0 0.3734375 0.94375 0.0296875 0.05078125
0 0.25625 0.61875 0.01484375 0.01953125
0 0.4328125 0.73203125 0.0203125 0.02578125
0 0.478125 0.59296875 0.01484375 0.01953125
0 0.159375 0.6546875 0.01640625 0.025
0 0.08125 0.7640625 0.02421875 0.03515625
0 0.4984375 0.95703125 0.025 0.03671875
0 0.0046875 0.5703125 0.009375 0.01796875
0 0.11484375 0.58046875 0.0125 0.01796875
0 0.3328125 0.565625 0.0140625 0.01953125
0 0.23125 0.9015625 0.0328125 0.0484375
0 0.128125 0.7375 0.0203125 0.02734375
0 0.58203125 0.55625 0.0140625 0.01796875
0 0.8421875 0.5875 0.01484375 0.021875
0 0.58125 0.57890625 0.0140625 0.01953125
0 0.74375 0.540625 0.01484375 0.021875
0 0.1140625 0.6546875 0.0171875 0.02578125
0 0.88125 0.690625 0.01875 0.025
0 0.45703125 0.615625 0.015625 0.02109375
0 0.14609375 0.5796875 0.0125 0.0171875
0 0.26328125 0.67578125 0.01484375 0.0234375
0 0.6765625 0.84140625 0.0234375 0.03359375
0 0.696875 0.675 0.0203125 0.02734375
0 0.85625 0.71953125 0.01875 0.0296875
0 0.76484375 0.6203125 0.01640625 0.021875
0 0.50859375 0.58046875 0.0140625 0.01796875
0 0.571875 0.9359375 0.0265625 0.04921875
0 0.540625 0.56796875 0.0140625 0.01796875
0 0.81015625 0.584375 0.01484375 0.02109375
0 0.38203125 0.63046875 0.01484375 0.0234375
0 0.890625 0.5765625 0.0171875 0.02578125
0 0.559375 0.59375 0.0125 0.02109375
0 0.82890625 0.60390625 0.01484375 0.0234375
0 0.2171875 0.63125 0.01484375 0.0234375
0 0.659375 0.91953125 0.025 0.03671875
0 0.2359375 0.84375 0.0234375 0.03125
0 0.3734375 0.80625 0.01953125 0.02734375
0 0.3484375 0.69765625 0.01640625 0.02578125
0 0.31328125 0.90703125 0.0265625 0.0453125
0 0.534375 0.9625 0.02421875 0.0390625
0 0.49375 0.5421875 0.0125 0.0140625
0 0.10859375 0.725 0.01953125 0.02890625
0 0.08359375 0.60703125 0.01484375 0.0234375
0 0.275 0.7421875 0.0171875 0.03125
0 0.42265625 0.7015625 0.015625 0.02578125
0 0.2765625 0.88046875 0.028125 0.04140625
0 0.84140625 0.8109375 0.0203125 0.03125
0 0.62578125 0.9921875 0.025 0.01328125
0 0.3078125 0.61875 0.0140625 0.01796875
0 0.290625 0.58046875 0.0125 0.01796875
0 0.05859375 0.60625 0.0140625 0.01953125
0 0.61640625 0.88046875 0.02265625 0.03125
0 0.271875 0.70390625 0.01875 0.025
0 0.32734375 0.71953125 0.01953125 0.0296875
0 0.1203125 0.50703125 0.0109375 0.0140625
0 0.1828125 0.725 0.01875 0.025
0 0.47578125 0.8328125 0.0234375 0.03515625
0 0.20859375 0.5796875 0.0125 0.0171875
0 0.33203125 0.50703125 0.009375 0.0171875
0 0.98359375 0.9 0.02265625 0.03125
0 0.52578125 0.790625 0.0203125 0.0328125
0 0.13984375 0.60390625 0.015625 0.0234375
0 0.55625 0.64453125 0.01484375 0.02109375
0 0.7109375 0.64140625 0.0171875 0.025
0 0.92890625 0.7265625 0.021875 0.02890625
0 0.02265625 0.66015625 0.0171875 0.02578125
0 0.09765625 0.60703125 0.0140625 0.02109375
0 0.6046875 0.790625 0.0171875 0.025
0 0.1796875 0.56875 0.0140625 0.01796875
0 0.8140625 0.81640625 0.0203125 0.02578125
0 0.04375 0.65 0.01640625 0.025
0 0.2375 0.68828125 0.0171875 0.0296875
0 0.6765625 0.7296875 0.01953125 0.0296875
0 0.65859375 0.59453125 0.0125 0.021875
0 0.35625 0.53125 0.01171875 0.01796875
0 0.6171875 0.5078125 0.0140625 0.01796875
0 0.6578125 0.69375 0.0171875 0.025
0 0.7671875 0.65078125 0.0203125 0.03125
0 0.56484375 0.56640625 0.0125 0.01796875
0 0.78828125 0.8875 0.0234375 0.0375
0 0.37890625 0.56875 0.0140625 0.01953125
0 0.47109375 0.54453125 0.0125 0.015625
0 0.29375 0.60625 0.01484375 0.01953125
0 0.3296875 0.5296875 0.01171875 0.01796875
0 0.88984375 0.81015625 0.0203125 0.02890625
0 0.6828125 0.9671875 0.0234375 0.02578125
0 0.45390625 0.65625 0.015625 0.0234375
0 0.2453125 0.646875 0.0171875 0.02578125
0 0.2421875 0.4796875 0.009375 0.0140625
0 0.253125 0.5640625 0.0125 0.01796875
0 0.365625 0.740625 0.01953125 0.03125
0 0.02421875 0.83203125 0.025 0.0390625
0 0.19609375 0.6828125 0.0171875 0.025
0 0.8671875 0.56796875 0.0140625 0.0234375
0 0.04375 0.72265625 0.01640625 0.02578125
0 0.05625 0.5609375 0.0140625 0.0171875
0 0.60546875 0.55703125 0.0140625 0.01796875
0 0.39453125 0.56796875 0.0140625 0.01796875
0 0.23125 0.53203125 0.01171875 0.0171875
0 0.64296875 0.57578125 0.01484375 0.01796875
0 0.8390625 0.6484375 0.01640625 0.0234375
0 0.9484375 0.79921875 0.021875 0.02578125
0 0.096875 0.66171875 0.01640625 0.02109375
0 0.1140625 0.5296875 0.01171875 0.01796875
0 0.6375 0.63828125 0.01484375 0.0234375
0 0.08359375 0.71640625 0.02265625 0.03125
0 0.8171875 0.6234375 0.01640625 0.0234375
0 0.9390625 0.84296875 0.02265625 0.0296875
0 0.63671875 0.74765625 0.0171875 0.02578125
0 0.715625 0.79296875 0.01875 0.03125
0 0.90703125 0.8890625 0.02265625 0.03359375
0 0.6625 0.6234375 0.01640625 0.0234375
0 0.1015625 0.571875 0.0140625 0.01953125
0 0.26484375 0.5453125 0.01171875 0.0171875
0 0.4015625 0.73125 0.01875 0.0296875
0 0.2171875 0.53203125 0.01171875 0.0140625
0 0.321875 0.79375 0.0234375 0.0328125
0 0.64609375 0.51796875 0.01484375 0.01796875
0 0.29375 0.5375 0.01171875 0.01796875
0 0.00703125 0.49453125 0.01171875 0.015625
0 0.23984375 0.5671875 0.0125 0.01953125
0 0.0171875 0.68515625 0.01953125 0.02578125
0 0.50859375 0.53125 0.0140625 0.01796875
0 0.5609375 0.6671875 0.0203125 0.02734375
0 0.26484375 0.5875 0.0125 0.01953125
0 0.08203125 0.584375 0.0140625 0.01796875
0 0.61015625 0.63046875 0.01484375 0.0234375
0 0.37734375 0.54296875 0.0125 0.01796875
0 0.5875 0.71328125 0.01875 0.02890625
0 0.53828125 0.60703125 0.01484375 0.0234375
0 0.56875 0.7 0.01640625 0.0296875
0 0.12890625 0.5296875 0.01171875 0.01796875
0 0.6515625 0.96875 0.03046875 0.04453125
0 0.44453125 0.53203125 0.01171875 0.0140625
0 0.1921875 0.546875 0.0140625 0.01796875
0 0.73984375 0.853125 0.0203125 0.0296875
0 0.60625 0.53046875 0.0125 0.01953125
0 0.83046875 0.8609375 0.02265625 0.0328125
0 0.53828125 0.88671875 0.02265625 0.0390625
0 0.4078125 0.57890625 0.0140625 0.0171875
0 0.353125 0.55625 0.01171875 0.01796875
0 0.9921875 0.68125 0.0140625 0.02578125
0 0.01484375 0.55 0.0140625 0.01953125
0 0.71796875 0.72265625 0.01875 0.02109375
0 0.7390625 0.64765625 0.0171875 0.025
0 0.79609375 0.8015625 0.0234375 0.0296875
0 0.690625 0.3796875 0.0109375 0.0171875
0 0.315625 0.66875 0.01640625 0.025
0 0.03359375 0.61015625 0.0125 0.01953125
0 0.52109375 0.59296875 0.01484375 0.01953125
0 0.0546875 0.51875 0.01171875 0.0140625
0 0.49375 0.89921875 0.02421875 0.04296875
0 0.73515625 0.803125 0.021875 0.03359375
0 0.06640625 0.66640625 0.015625 0.0234375
0 0.1703125 0.46796875 0.009375 0.01171875
0 0.68203125 0.63125 0.01640625 0.0234375
0 0.29921875 0.7390625 0.01875 0.0296875
0 0.32109375 0.69296875 0.01484375 0.02578125
0 0.2078125 0.54375 0.01171875 0.0171875
0 0.278125 0.615625 0.0125 0.02109375
0 0.1421875 0.5171875 0.009375 0.0140625
0 0.28203125 0.56015625 0.01171875 0.01796875
0 0.13984375 0.66640625 0.01640625 0.02578125
0 0.56328125 0.8046875 0.02265625 0.03671875
0 0.475 0.97890625 0.0265625 0.03671875
0 0.91875 0.6015625 0.01875 0.0234375
0 0.30234375 0.5171875 0.0109375 0.0140625
0 0.0203125 0.5140625 0.01171875 0.015625
0 0.8625 0.6609375 0.0171875 0.0296875
0 0.5546875 0.7484375 0.01953125 0.0296875
0 0.0578125 0.49140625 0.0109375 0.0140625
0 0.88984375 0.9671875 0.034375 0.0390625
0 0.065625 0.5796875 0.0125 0.01796875
0 0.4046875 0.53203125 0.0109375 0.0140625
0 0.26484375 0.50703125 0.0109375 0.0140625
0 0.46171875 0.5890625 0.01484375 0.021875
0 0.928125 0.56875 0.01875 0.025
0 0.771875 0.70703125 0.0203125 0.02890625
0 0.6015625 0.58828125 0.015625 0.02109375
0 0.81640625 0.93125 0.021875 0.03125
0 0.19453125 0.58125 0.01171875 0.0171875
0 0.51640625 0.5546875 0.0140625 0.01796875
0 0.34453125 0.61953125 0.015625 0.02109375
0 0.0921875 0.4921875 0.009375 0.015625
0 0.659375 0.80390625 0.0203125 0.0296875
0 0.59609375 0.68203125 0.01875 0.02578125
0 0.278125 0.53125 0.0125 0.01796875
0 0.509375 0.72265625 0.0203125 0.02890625
0 0.21953125 0.49140625 0.0109375 0.0171875
0 0.45859375 0.4796875 0.0109375 0.0140625
0 0.19375 0.4796875 0.0109375 0.0140625
0 0.13984375 0.6421875 0.01484375 0.0234375
0 0.1796875 0.53203125 0.01171875 0.0171875
0 0.6828125 0.8953125 0.02265625 0.0375
0 0.25625 0.5203125 0.0109375 0.0171875
0 0.24296875 0.5921875 0.0125 0.0140625
0 0.6359375 0.86796875 0.021875 0.0328125
0 0.79375 0.84453125 0.01953125 0.0296875
0 0.80234375 0.60625 0.01640625 0.025
0 0.6484375 0.71328125 0.01953125 0.02578125
0 0.0046875 0.63125 0.009375 0.01953125
0 0.0390625 0.58125 0.0140625 0.01953125
0 0.5171875 0.51640625 0.01171875 0.0171875
0 0.24296875 0.51796875 0.0109375 0.01796875
0 0.5421875 0.50703125 0.0140625 0.0171875
0 0.0953125 0.63125 0.01640625 0.0234375
0 0.1546875 0.55625 0.0125 0.0140625
0 0.80546875 0.54375 0.01484375 0.01953125
0 0.45234375 0.55625 0.0125 0.0171875
0 0.43046875 0.5171875 0.0109375 0.015625
0 0.41875 0.553125 0.0125 0.01796875
0 0.12890625 0.48046875 0.009375 0.01328125
0 0.0921875 0.540625 0.0109375 0.0140625
0 0.21796875 0.55546875 0.0125 0.0171875
0 0.69453125 0.5765625 0.01484375 0.021875
0 0.13125 0.56875 0.01171875 0.01953125
0 0.8328125 0.553125 0.0140625 0.02109375
0 0.97578125 0.7984375 0.0234375 0.03359375
0 0.1421875 0.478125 0.009375 0.0140625
0 0.1921875 0.5296875 0.009375 0.01328125
0 0.0796875 0.50703125 0.0109375 0.0171875
0 0.559375 0.6171875 0.0125 0.02109375
0 0.315625 0.49296875 0.0109375 0.0140625
0 0.43984375 0.59296875 0.01484375 0.01953125
0 0.31328125 0.56875 0.0140625 0.01796875
0 0.2765625 0.65078125 0.0171875 0.02578125
0 0.75390625 0.58203125 0.015625 0.0234375
0 0.73125 0.76875 0.0171875 0.0296875
0 0.2875 0.5109375 0.0109375 0.0140625
0 0.11484375 0.61875 0.01484375 0.01953125
0 0.29453125 0.659375 0.01484375 0.021875
0 0.453125 0.5046875 0.01171875 0.0140625
0 0.36796875 0.58046875 0.0140625 0.01796875
0 0.63203125 0.55625 0.0140625 0.01796875
0 0.04375 0.49375 0.009375 0.01328125
0 0.1546875 0.5296875 0.01171875 0.0140625
0 0.353125 0.5796875 0.0140625 0.01953125
0 0.04296875 0.54296875 0.01171875 0.01796875
0 0.01484375 0.5796875 0.0125 0.0171875
0 0.61875 0.70546875 0.01875 0.02578125
0 0.15625 0.59296875 0.0140625 0.01953125
0 0.02109375 0.63046875 0.01484375 0.0234375
0 0.21953125 0.6703125 0.015625 0.021875
0 0.403125 0.6 0.01484375 0.02109375
0 0.5859375 0.990625 0.02734375 0.015625
0 0.790625 0.5625 0.01484375 0.0234375
0 0.31953125 0.55390625 0.01171875 0.0171875
0 0.50625 0.76875 0.01875 0.02734375
0 0.065625 0.54140625 0.0109375 0.015625
0 0.01484375 0.7421875 0.01875 0.02578125
0 0.48125 0.5046875 0.01171875 0.0140625
0 0.3453125 0.5421875 0.0109375 0.0140625
0 0.19375 0.6609375 0.01640625 0.021875