1 0.2984375 0.734375 0.02421875 0.0421875
1 0.29921875 0.8375 0.07109375 0.24921875
1 0.58515625 0.74609375 0.02265625 0.0421875
1 0.253125 0.725 0.01953125 0.03515625
1 0.12109375 0.8875 0.0296875 0.04375
1 0.68671875 0.740625 0.02265625 0.03515625
1 0.590625 0.84765625 0.0484375 0.24609375
1 0.72734375 0.75 0.0203125 0.03359375
1 0.740625 0.84765625 0.0234375 0.03828125
1 0.63515625 0.68671875 0.0203125 0.03203125
1 0.5421875 0.7578125 0.025 0.03671875
1 0.715625 0.65546875 0.02265625 0.03046875
1 0.15703125 0.6734375 0.02421875 0.03515625
1 0.93671875 0.8359375 0.03046875 0.04375
1 0.22578125 0.81640625 0.0296875 0.03671875
1 0.76796875 0.66171875 0.0203125 0.03203125
1 0.153125 0.71875 0.01953125 0.02890625
1 0.49375 0.70625 0.021875 0.03359375
1 0.3546875 0.78828125 0.02265625 0.03671875
1 0.2078125 0.746875 0.02265625 0.03515625
1 0.3578125 0.69453125 0.01875 0.03359375
1 0.19453125 0.70078125 0.0203125 0.03046875
1 0.50078125 0.653125 0.99296875 0.6734375
1 0.7671875 0.78515625 0.025 0.040625
1 0.81328125 0.684375 0.02265625 0.03671875
1 0.53515625 0.6875 0.01953125 0.03046875
1 0.6125 0.7484375 0.021875 0.040625
1 0.2390625 0.85859375 0.0640625 0.121875
1 0.88359375 0.71484375 0.0265625 0.040625
1 0.234375 0.90625 0.0296875 0.040625
1 0.8390625 0.72109375 0.025 0.03984375
1 0.68046875 0.83125 0.053125 0.21796875
1 0.74921875 0.928125 0.028125 0.040625
1 0.403125 0.5234375 0.021875 0.03046875
1 0.4671875 0.96171875 0.0328125 0.05234375
1 0.1109375 0.77265625 0.02421875 0.03359375
1 0.74375 0.6453125 0.021875 0.03046875
1 0.72734375 0.9109375 0.06171875 0.1671875
1 0.54765625 0.58828125 0.0171875 0.0265625
1 0.78203125 0.97109375 0.040625 0.0484375
1 0.396875 0.6453125 0.01640625 0.028125
1 0.25859375 0.65546875 0.015625 0.03046875
1 0.95546875 0.88984375 0.03046875 0.03984375
1 0.1203125 0.93046875 0.06171875 0.13046875
1 0.08671875 0.71640625 0.0203125 0.03671875
1 0.33125 0.6828125 0.01953125 0.03359375
1 0.80390625 0.7625 0.01875 0.02890625
1 0.45 0.40625 0.0140625 0.021875
1 0.79296875 0.55625 0.015625 0.0265625
1 0.59296875 0.7046875 0.0203125 0.03046875
1 0.88046875 0.628125 0.01640625 0.02890625
1 0.86015625 0.98203125 0.03125 0.03046875
1 0.47734375 0.659375 0.01640625 0.025
1 0.40234375 0.39375 0.0171875 0.02890625
1 0.42890625 0.6078125 0.0171875 0.02890625
1 0.83671875 0.8125 0.04375 0.22265625
1 0.40703125 0.42265625 0.015625 0.025
1 0.5875 0.6734375 0.01953125 0.02890625
1 0.36484375 0.65546875 0.01640625 0.025
1 0.22109375 0.67421875 0.01875 0.03046875
1 0.2421875 0.940625 0.05625 0.11015625
1 0.1859375 0.66484375 0.01875 0.02890625
1 0.43671875 0.5453125 0.01640625 0.03046875
1 0.85234375 0.64296875 0.02265625 0.03203125
1 0.79765625 0.84921875 0.0453125 0.20234375
1 0.6921875 0.6359375 0.0234375 0.03671875
1 0.403125 0.6984375 0.0234375 0.03828125
1 0.82890625 0.6453125 0.0203125 0.03671875
1 0.240625 0.696875 0.0203125 0.02890625
1 0.1125 0.81953125 0.03046875 0.04375
1 0.54609375 0.809375 0.046875 0.14375
1 0.72109375 0.45 0.0125 0.021875
1 0.6609375 0.97578125 0.02734375 0.03984375
1 0.39921875 0.60703125 0.01875 0.03046875
1 0.47421875 0.70390625 0.0203125 0.03203125
1 0.52734375 0.59375 0.0171875 0.03359375
1 0.3921875 0.3390625 0.0125 0.021875
1 0.765625 0.70703125 0.04296875 0.12578125
1 0.2953125 0.6734375 0.021875 0.03203125
1 0.42890625 0.3375 0.01484375 0.021875
1 0.53828125 0.61328125 0.0171875 0.02890625
1 0.9421875 0.6234375 0.021875 0.03203125
1 0.35625 0.81875 0.04296875 0.09921875
1 0.48125 0.60390625 0.01640625 0.025
1 0.91328125 0.70703125 0.0234375 0.03515625
1 0.43046875 0.39453125 0.0359375 0.1421875
1 0.371875 0.41953125 0.01484375 0.021875
1 0.66640625 0.6296875 0.01875 0.02890625
1 0.6734375 0.55 0.01953125 0.03359375
1 0.5703125 0.67265625 0.0171875 0.03046875
1 0.17265625 0.6328125 0.01875 0.02890625
1 0.72578125 0.68984375 0.01953125 0.03515625
1 0.909375 0.521875 0.0171875 0.028125
1 0.36015625 0.5890625 0.01484375 0.025
1 0.15546875 0.56171875 0.015625 0.028125
1 0.378125 0.603125 0.01640625 0.02890625
1 0.63359375 0.5453125 0.01640625 0.025
1 0.63515625 0.578125 0.0203125 0.0234375
1 0.5609375 0.60703125 0.0171875 0.028125
1 0.30703125 0.70078125 0.0203125 0.028125
1 0.58828125 0.4609375 0.14375 0.19921875
1 0.7953125 0.6046875 0.0171875 0.0265625
1 0.253125 0.746875 0.04375 0.08203125
1 0.62265625 0.82421875 0.04375 0.19921875
1 0.37421875 0.98125 0.03515625 0.03203125
1 0.721875 0.5171875 0.0140625 0.0171875
1 0.04296875 0.87890625 0.0234375 0.03359375
1 0.903125 0.77421875 0.025 0.03828125
1 0.92265625 0.4796875 0.0140625 0.021875
1 0.04375 0.8078125 0.0203125 0.03359375
1 0.31953125 0.65703125 0.01640625 0.028125
1 0.934375 0.74296875 0.028125 0.03984375
1 0.634375 0.7265625 0.03984375 0.1109375
1 0.76484375 0.5984375 0.01875 0.03046875
1 0.11015625 0.58984375 0.0171875 0.02890625
1 0.5890625 0.59296875 0.01640625 0.0265625
1 0.8484375 0.56796875 0.015625 0.0234375
1 0.096875 0.68125 0.01875 0.03046875
1 0.26484375 0.59375 0.01640625 0.028125
1 0.35625 0.521875 0.01484375 0.021875
1 0.61171875 0.603125 0.01640625 0.0265625
1 0.04921875 0.7484375 0.02265625 0.02890625
1 0.86484375 0.6 0.01640625 0.0265625
1 0.35546875 0.728125 0.0390625 0.10078125
1 0.39140625 0.36640625 0.034375 0.08046875
1 0.7234375 0.8 0.05078125 0.13359375
1 0.5046875 0.6484375 0.01640625 0.0265625
1 0.459375 0.6421875 0.0171875 0.03359375
1 0.35859375 0.63125 0.0171875 0.02890625
1 0.575 0.61171875 0.015625 0.0265625
1 0.49765625 0.78515625 0.02265625 0.025
1 0.9578125 0.93359375 0.05859375 0.12421875
1 0.7 0.55859375 0.01640625 0.028125
1 0.73671875 0.55703125 0.01640625 0.025
1 0.3796875 0.703125 0.01640625 0.03203125
1 0.79140625 0.415625 0.01640625 0.02890625
1 0.42890625 0.725 0.02734375 0.03828125
1 0.45625 0.58203125 0.01484375 0.025
1 0.30546875 0.46796875 0.0140625 0.021875
1 0.334375 0.61171875 0.01953125 0.03203125
1 0.428125 0.51640625 0.0140625 0.021875
1 0.709375 0.51640625 0.015625 0.025
1 0.38359375 0.40078125 0.01484375 0.0234375
1 0.1390625 0.63359375 0.0171875 0.02890625
1 0.4671875 0.6015625 0.015625 0.0265625
1 0.07578125 0.80859375 0.03046875 0.0515625
1 0.45234375 0.43359375 0.0359375 0.07578125
1 0.8171875 0.57265625 0.01640625 0.0265625
1 0.4578125 0.33125 0.015625 0.025
1 0.5390625 0.64921875 0.0390625 0.10078125
1 0.29765625 0.6015625 0.0171875 0.02890625
1 0.47734375 0.5125 0.015625 0.0265625
1 0.48046875 0.74140625 0.040625 0.10390625
1 0.5859375 0.65234375 0.0171875 0.028125
1 0.28671875 0.56328125 0.01484375 0.021875
1 0.05546875 0.92578125 0.05546875 0.12734375
1 0.903125 0.58828125 0.021875 0.03515625
1 0.30546875 0.6375 0.015625 0.028125
1 0.3671875 0.459375 0.046875 0.10390625
1 0.396875 0.75859375 0.05390625 0.15234375
1 0.12734375 0.70625 0.01875 0.028125
1 0.80546875 0.6453125 0.01953125 0.02890625
1 0.71953125 0.46953125 0.03125 0.06328125
1 0.92109375 0.61640625 0.01875 0.0265625
1 0.20859375 0.76484375 0.0421875 0.071875
1 0.80546875 0.715625 0.046875 0.10234375
1 0.3171875 0.50234375 0.0171875 0.02890625
1 0.92109375 0.903125 0.06953125 0.18125
1 0.11640625 0.73515625 0.02421875 0.03203125
1 0.40703125 0.55390625 0.03828125 0.0953125
1 0.15859375 0.78515625 0.0421875 0.165625
1 0.2765625 0.67109375 0.021875 0.028125
1 0.7140625 0.7015625 0.04375 0.12265625
1 0.396875 0.65703125 0.034375 0.05703125
1 0.47890625 0.39140625 0.0125 0.025
1 0.4078125 0.44375 0.03984375 0.0703125
1 0.83671875 0.51015625 0.01484375 0.025
1 0.10234375 0.7234375 0.01875 0.0265625
1 0.4265625 0.69609375 0.0203125 0.03046875
1 0.9421875 0.78671875 0.05390625 0.12734375
1 0.82734375 0.59140625 0.015625 0.0265625
1 0.7609375 0.84765625 0.04296875 0.17265625
1 0.184375 0.53984375 0.015625 0.028125
1 0.7859375 0.6546875 0.01875 0.02890625
1 0.85078125 0.5921875 0.0203125 0.03359375
1 0.11875 0.8203125 0.0171875 0.03359375
1 0.75390625 0.77421875 0.0171875 0.03203125
1 0.88125 0.80859375 0.04765625 0.2296875
1 0.125 0.68046875 0.01953125 0.02890625
1 0.35625 0.98125 0.0703125 0.03203125
1 0.6796875 0.69609375 0.021875 0.03359375
1 0.075 0.79921875 0.02265625 0.03203125