0 0.32734375 0.10703125 0.025 0.03359375
0 0.7171875 0.13125 0.025 0.0375
0 0.6484375 0.2734375 0.03125 0.046875
0 0.70703125 0.4546875 0.0390625 0.06640625
0 0.6375 0.0515625 0.01953125 0.0328125
0 0.60078125 0.4875 0.0453125 0.0640625
0 0.3234375 0.18671875 0.0296875 0.0375
0 0.52109375 0.0484375 0.01875 0.0296875
0 0.6078125 0.06328125 0.021875 0.0328125
0 0.95859375 0.2484375 0.0359375 0.05234375
0 0.49375 0.13515625 0.0234375 0.03671875
0 0.5484375 0.1421875 0.0234375 0.03515625
0 0.9765625 0.14765625 0.0296875 0.04296875
0 0.61796875 0.11796875 0.02421875 0.0328125
0 0.60234375 0.009375 0.0171875 0.01875
0 0.6859375 0.63046875 0.05625 0.08046875
0 0.81796875 0.37265625 0.0421875 0.05703125
0 0.79609375 0.08671875 0.02265625 0.0328125
0 0.67109375 0.12890625 0.02421875 0.03671875
0 0.3734375 0.4546875 0.04296875 0.06484375
0 0.546875 0.21015625 0.025 0.040625
0 0.03515625 0.3375 0.0375 0.04921875
0 0.83046875 0.49296875 0.04375 0.0640625
0 0.521875 0.2578125 0.03046875 0.046875
0 0.3046875 0.675 0.05625 0.08203125
0 0.80703125 0.775 0.0734375 0.10546875
0 0.1703125 0.065625 0.0203125 0.0328125
0 0.290625 0.1375 0.02421875 0.0375
0 0.3109375 0.23046875 0.0296875 0.04453125
0 0.4953125 0.5609375 0.04609375 0.071875
0 0.19140625 0.03046875 0.0171875 0.025
0 0.8296875 0.109375 0.0234375 0.03359375
0 0.92421875 0.03125 0.02265625 0.03125
0 0.38984375 0.07421875 0.0234375 0.03125
0 0.571875 0.0625 0.0171875 0.03125
0 0.3421875 0.14375 0.0234375 0.03515625
0 0.8609375 0.30625 0.03515625 0.0484375
0 0.18125 0.25 0.0328125 0.04921875
0 0.109375 0.1484375 0.025 0.03671875
0 0.0609375 0.25703125 0.0296875 0.040625
0 0.1234375 0.0953125 0.02265625 0.03359375
0 0.20546875 0.0640625 0.0203125 0.02890625
0 0.2140625 0.13203125 0.0234375 0.0375
0 0.2625 0.053125 0.01875 0.0234375
0 0.39609375 0.1609375 0.0265625 0.0375
0 0.5515625 0.62578125 0.0296875 0.053125
0 0.1515625 0.03203125 0.0171875 0.0296875
0 0.63984375 0.9484375 0.090625 0.1
0 0.8546875 0.00625 0.021875 0.01171875
0 0.5140625 0.00546875 0.015625 0.01015625
0 0.965625 0.00546875 0.0203125 0.01015625
0 0.24296875 0.065625 0.0203125 0.0296875
0 0.20234375 0.09921875 0.02265625 0.03125
0 0.92734375 0.00625 0.0265625 0.01171875