0 0.7734375 0.76796875 0.0390625 0.0625
0 0.50390625 0.36875 0.015625 0.01953125
0 0.83046875 0.2921875 0.01484375 0.01953125
0 0.51875 0.61875 0.03125 0.04921875
0 0.4796875 0.3703125 0.01484375 0.021875
0 0.15703125 0.44453125 0.01953125 0.025
0 0.70546875 0.7328125 0.0359375 0.05625
0 0.940625 0.40703125 0.02421875 0.0375
0 0.5921875 0.40703125 0.01953125 0.0296875
0 0.390625 0.39296875 0.0171875 0.02578125
0 0.4546875 0.37265625 0.015625 0.01796875
0 0.9640625 0.44296875 0.02734375 0.0390625
0 0.33359375 0.4171875 0.01875 0.02734375
0 0.0140625 0.46875 0.021875 0.0234375
0 0.8703125 0.2734375 0.01640625 0.0234375
0 0.23359375 0.6453125 0.03046875 0.04296875
0 0.74375 0.37421875 0.01875 0.025
0 0.69140625 0.6625 0.0328125 0.04921875
0 0.69453125 0.33125 0.015625 0.025
0 0.11484375 0.68125 0.03046875 0.04296875
0 0.0609375 0.46796875 0.01953125 0.025
0 0.9578125 0.27421875 0.015625 0.025
0 0.371875 0.59453125 0.02421875 0.03515625
0 0.59765625 0.346875 0.015625 0.021875
0 0.4609375 0.4671875 0.021875 0.03125
0 0.93671875 0.27421875 0.01875 0.025
0 0.89375 0.27890625 0.0171875 0.02578125
0 0.81171875 0.53828125 0.0265625 0.0453125
0 0.04296875 0.484375 0.0171875 0.0234375
0 0.08671875 0.46171875 0.01875 0.025
0 0.43125 0.58671875 0.03046875 0.0453125
0 0.36875 0.8375 0.04375 0.06640625
0 0.6140625 0.33203125 0.015625 0.0234375
0 0.9859375 0.24375 0.0171875 0.02578125
0 0.234375 0.4296875 0.01953125 0.02578125
0 0.7234375 0.3109375 0.01484375 0.021875
0 0.6296875 0.43125 0.021875 0.0296875
0 0.228125 0.46796875 0.0203125 0.0296875
0 0.5890625 0.50546875 0.0265625 0.0390625
0 0.35546875 0.4125 0.0171875 0.025
0 0.878125 0.32578125 0.0203125 0.02890625
0 0.56484375 0.4171875 0.01875 0.02734375
0 0.79375 0.36328125 0.01953125 0.02890625
0 0.5296875 0.34453125 0.015625 0.01953125
0 0.56796875 0.35703125 0.01484375 0.0234375
0 0.184375 0.5671875 0.02421875 0.03515625
0 0.1140625 0.46953125 0.0234375 0.02734375
0 0.321875 0.49296875 0.02421875 0.0328125
0 0.21484375 0.42421875 0.0171875 0.0234375
0 0.27109375 0.428125 0.01875 0.02578125
0 0.77109375 0.3671875 0.01875 0.02578125
0 0.67265625 0.334375 0.015625 0.02578125
0 0.43828125 0.384375 0.01640625 0.021875
0 0.04765625 0.5171875 0.0234375 0.0296875
0 0.30078125 0.4125 0.021875 0.025
0 0.7828125 0.2984375 0.01484375 0.01953125
0 0.75078125 0.31796875 0.0171875 0.02578125
0 0.6515625 0.3421875 0.0171875 0.02890625
0 0.0609375 0.6421875 0.03125 0.04296875
0 0.01015625 0.58828125 0.0203125 0.0390625
0 0.290625 0.74921875 0.0375 0.05078125
0 0.9578125 0.9765625 0.065625 0.04453125
0 0.83359375 0.321875 0.01875 0.02734375
0 0.73984375 0.4078125 0.02265625 0.03125
0 0.2390625 0.5671875 0.028125 0.0328125
0 0.86484375 0.37578125 0.01875 0.0296875
0 0.16015625 0.7140625 0.0375 0.0484375
0 0.0046875 0.50625 0.00859375 0.0296875
0 0.79921875 0.30546875 0.01640625 0.025
0 0.84609375 0.39296875 0.01875 0.03125
0 0.6453125 0.5890625 0.03125 0.0453125
0 0.0203125 0.50078125 0.021875 0.02734375
0 0.20859375 0.45546875 0.01875 0.02578125
0 0.2859375 0.85 0.0453125 0.06875
0 0.3015625 0.3921875 0.0171875 0.01796875
0 0.415625 0.36640625 0.01484375 0.0171875
0 0.92109375 0.26796875 0.01484375 0.02578125
0 0.26796875 0.475 0.02265625 0.0296875
0 0.6109375 0.36015625 0.01484375 0.021875
0 0.1859375 0.4859375 0.01875 0.02734375
0 0.8953125 0.415625 0.025 0.0328125
0 0.0921875 0.56875 0.0265625 0.03671875
0 0.92109375 0.33125 0.01953125 0.02734375
0 0.27265625 0.503125 0.02734375 0.0328125
0 0.34453125 0.45078125 0.0203125 0.02578125