0 0.9375 0.43125 0.0546875 0.07265625
0 0.8953125 0.57265625 0.06484375 0.0953125
0 0.7625 0.10234375 0.06015625 0.0796875
0 0.35625 0.38984375 0.0625 0.08515625
0 0.9234375 0.15 0.0578125 0.0703125
0 0.5609375 0.79140625 0.0671875 0.0828125
0 0.42109375 0.53515625 0.0671875 0.08515625
0 0.5875 0.1421875 0.06015625 0.08515625
0 0.62734375 0.6359375 0.075 0.0921875
0 0.8578125 0.7234375 0.075 0.0921875
0 0.7125 0.45234375 0.06484375 0.08984375
0 0.6796875 0.3265625 0.06484375 0.0875
0 0.7484375 0.80234375 0.07734375 0.1
0 0.15 0.31484375 0.06484375 0.075
0 0.31875 0.7375 0.0671875 0.0953125
0 0.28515625 0.8984375 0.06015625 0.0828125
0 0.86875 0.25 0.0578125 0.075
0 0.65859375 0.02265625 0.0578125 0.0453125
0 0.12265625 0.46640625 0.06484375 0.0828125
0 0.4046875 0.1625 0.06015625 0.0796875
0 0.58515625 0.4515625 0.06484375 0.0828125
0 0.21484375 0.24375 0.0546875 0.07734375
0 0.9796875 0.3484375 0.03515625 0.0921875
0 0.29609375 0.55234375 0.0578125 0.08515625
0 0.33125 0.28125 0.0671875 0.07734375
0 0.75625 0.21015625 0.05234375 0.0796875
0 0.62890625 0.2390625 0.0625 0.07265625
0 0.81015625 0.03984375 0.05 0.0703125
0 0.46484375 0.04140625 0.06015625 0.07265625
0 0.3125 0.0828125 0.06015625 0.0796875
0 0.06015625 0.6390625 0.06015625 0.07265625
0 0.55859375 0.5578125 0.0625 0.0796875
0 0.05625 0.0671875 0.0578125 0.0796875
0 0.07890625 0.1890625 0.0578125 0.0625
0 0.1859375 0.03515625 0.0625 0.0703125
0 0.0796875 0.82265625 0.0703125 0.0953125
0 0.12265625 0.9703125 0.06015625 0.0546875
0 0.47734375 0.3546875 0.06015625 0.075
0 0.55859375 0.00859375 0.0421875 0.0171875
0 0.73125 0.00859375 0.0421875 0.0171875
0 0.37265625 0.01875 0.06015625 0.0375
0 0.0765625 0.0125 0.0625 0.025
0 0.67265625 0.96484375 0.0796875 0.06484375
0 0.8515625 0.1328125 0.0625 0.075
0 0.2328125 0.4125 0.0546875 0.06484375
0 0.4640625 0.61640625 0.05234375 0.0578125
0 0.83515625 0.32734375 0.06484375 0.08515625