0 0.79921875 0.26328125 0.03828125 0.06015625
0 0.11171875 0.1859375 0.0265625 0.0375
0 0.053125 0.5609375 0.0421875 0.06484375
0 0.2921875 0.259375 0.0296875 0.04296875
0 0.38125 0.4171875 0.03828125 0.05078125
0 0.0578125 0.1953125 0.02734375 0.0390625
0 0.51484375 0.1265625 0.0234375 0.04140625
0 0.846875 0.1765625 0.03203125 0.05078125
0 0.29921875 0.42578125 0.04609375 0.06015625
0 0.79375 0.15 0.028125 0.0484375
0 0.45234375 0.13046875 0.0265625 0.0390625
0 0.384375 0.1625 0.0296875 0.0375
0 0.2328125 0.64296875 0.05859375 0.08828125
0 0.559375 0.075 0.0265625 0.04296875
0 0.6375 0.0515625 0.02734375 0.04296875
0 0.55078125 0.31875 0.0390625 0.0609375
0 0.42734375 0.7796875 0.07109375 0.1078125
0 0.7125 0.0234375 0.02734375 0.0390625
0 0.165625 0.13046875 0.02421875 0.03125
0 0.67421875 0.10625 0.028125 0.0453125
0 0.409375 0.13828125 0.0265625 0.0390625
0 0.74296875 0.01875 0.028125 0.0375
0 0.7328125 0.59140625 0.0671875 0.09375
0 0.52890625 0.2390625 0.034375 0.053125
0 0.1828125 0.23125 0.03125 0.0453125
0 0.86640625 0.06953125 0.028125 0.040625
0 0.69140625 0.1890625 0.0328125 0.0546875
0 0.28203125 0.13828125 0.021875 0.03125
0 0.3734375 0.20078125 0.0296875 0.04453125
0 0.53203125 0.01328125 0.0203125 0.02578125
0 0.26640625 0.20390625 0.0328125 0.0453125
0 0.80234375 0.4671875 0.05390625 0.08203125
0 0.4171875 0.225 0.0296875 0.04140625
0 0.16015625 0.1640625 0.02734375 0.03671875
0 0.5921875 0.1 0.025 0.04140625
0 0.815625 0.10078125 0.028125 0.040625
0 0.45234375 0.07890625 0.01875 0.0296875
0 0.01015625 0.08828125 0.0203125 0.03125
0 0.490625 0.0375 0.0203125 0.0328125
0 0.46015625 0.0140625 0.0203125 0.028125
0 0.171875 0.00703125 0.015625 0.0140625
0 0.359375 0.10390625 0.0234375 0.03671875
0 0.13984375 0.30078125 0.03203125 0.04140625
0 0.1109375 0.01015625 0.01875 0.0203125
0 0.4671875 0.05625 0.021875 0.03125
0 0.475 0.1390625 0.0203125 0.0328125
0 0.58359375 0.00625 0.02265625 0.01171875
0 0.4171875 0.00625 0.015625 0.01171875
0 0.2828125 0.59140625 0.0328125 0.05234375
0 0.43046875 0.0921875 0.01640625 0.025
0 0.43046875 0.3109375 0.034375 0.04140625