0 0.978125 0.0671875 0.03046875 0.0453125
0 0.575 0.01953125 0.0265625 0.0390625
0 0.61875 0.2171875 0.0359375 0.05703125
0 0.821875 0.03828125 0.0265625 0.04296875
0 0.56171875 0.1796875 0.0359375 0.05703125
0 0.76875 0.0765625 0.03203125 0.053125
0 0.51484375 0.0671875 0.03046875 0.0453125
0 0.790625 0.14140625 0.03515625 0.05859375
0 0.72734375 0.01796875 0.0296875 0.0359375
0 0.1828125 0.43671875 0.046875 0.08203125
0 0.40546875 0.1078125 0.0328125 0.05078125
0 0.67890625 0.225 0.0328125 0.05625
0 0.8671875 0.04296875 0.02734375 0.04453125
0 0.228125 0.1609375 0.03828125 0.053125
0 0.096875 0.43828125 0.059375 0.08203125
0 0.40859375 0.24921875 0.04765625 0.06875
0 0.39375 0.1875 0.03203125 0.04453125
0 0.35625 0.1625 0.0375 0.0546875
0 0.4640625 0.05625 0.0296875 0.04296875
0 0.103125 0.040625 0.0296875 0.0375
0 0.10234375 0.70625 0.0875 0.1234375
0 0.43828125 0.378125 0.04765625 0.07421875
0 0.3703125 0.81328125 0.0734375 0.1109375
0 0.0421875 0.2109375 0.03515625 0.0546875
0 0.103125 0.09921875 0.03203125 0.04921875
0 0.8625 0.21171875 0.04296875 0.0640625
0 0.33046875 0.25078125 0.03984375 0.05859375
0 0.95546875 0.0125 0.03046875 0.025
0 0.26640625 0.22265625 0.040625 0.06015625
0 0.13203125 0.13125 0.0328125 0.05078125
0 0.01328125 0.1546875 0.0265625 0.05078125
0 0.0921875 0.3 0.05 0.07421875
0 0.06328125 0.05390625 0.03046875 0.0375
0 0.1453125 0.03671875 0.02734375 0.04140625
0 0.1515625 0.2 0.040625 0.05625
0 0.1859375 0.26953125 0.04375 0.06484375
0 0.92578125 0.0140625 0.0234375 0.02734375
0 0.009375 0.05625 0.01875 0.05
0 0.2984375 0.0640625 0.0296875 0.04921875
0 0.184375 0.9375 0.0828125 0.11953125
0 0.171875 0.04921875 0.02734375 0.0390625
0 0.759375 0.24375 0.04765625 0.0703125
0 0.540625 0.00859375 0.03046875 0.0171875
0 0.06875 0.134375 0.03828125 0.05625
0 0.3203125 0.37421875 0.0453125 0.06875
0 0.6234375 0.16875 0.0328125 0.0375
0 0.98828125 0.1375 0.021875 0.0484375
0 0.22578125 0.0484375 0.028125 0.046875
0 0.7828125 0.95625 0.0796875 0.08203125
0 0.76171875 0.00625 0.0234375 0.0125
0 0.209375 0.3421875 0.05546875 0.07421875
0 0.1953125 0.1109375 0.0296875 0.04296875
0 0.665625 0.00703125 0.028125 0.0140625
0 0.00703125 0.28828125 0.0140625 0.0640625
0 0.409375 0.01640625 0.0265625 0.0328125
0 0.25390625 0.00625 0.025 0.01171875
0 0.07890625 0.2375 0.04765625 0.0609375
0 0.81328125 0.00625 0.0265625 0.0125
0 0.21640625 0.0078125 0.028125 0.015625
0 0.878125 0.00625 0.02421875 0.01171875
0 0.8109375 0.0953125 0.02265625 0.03125
0 0.8421875 0.00625 0.01953125 0.01171875