0 0.73125 0.23125 0.02265625 0.0375
0 0.60078125 0.7359375 0.05078125 0.08046875
0 0.6625 0.34375 0.028125 0.04453125
0 0.81640625 0.01640625 0.015625 0.021875
0 0.921875 0.31328125 0.0328125 0.0484375
0 0.96953125 0.18203125 0.0265625 0.04453125
0 0.2203125 0.3421875 0.0296875 0.04453125
0 0.8421875 0.096875 0.01953125 0.0296875
0 0.2421875 0.14296875 0.015625 0.0234375
0 0.5578125 0.06015625 0.01171875 0.02109375
0 0.57890625 0.04140625 0.0140625 0.02109375
0 0.6203125 0.2140625 0.01953125 0.0328125
0 0.540625 0.1328125 0.0171875 0.02578125
0 0.4046875 0.3140625 0.02734375 0.0390625
0 0.38359375 0.2796875 0.0203125 0.03671875
0 0.89609375 0.08125 0.01875 0.02734375
0 0.90859375 0.0375 0.01875 0.025
0 0.62578125 0.315625 0.03046875 0.05078125
0 0.61484375 0.1421875 0.01640625 0.025
0 0.49765625 0.0828125 0.01484375 0.021875
0 0.81640625 0.2390625 0.0296875 0.0453125
0 0.371875 0.2015625 0.01875 0.03125
0 0.91875 0.2046875 0.03046875 0.0484375
0 0.5578125 0.2234375 0.0203125 0.0328125
0 0.6625 0.13125 0.01875 0.02890625
0 0.728125 0.04296875 0.0125 0.0234375
0 0.08359375 0.5703125 0.04765625 0.0703125
0 0.57890625 0.290625 0.0296875 0.0453125
0 0.73359375 0.3125 0.028125 0.04453125
0 0.853125 0.0375 0.01640625 0.025
0 0.840625 0.3109375 0.03828125 0.05703125
0 0.915625 0.1265625 0.021875 0.03671875
0 0.10859375 0.09375 0.0125 0.01796875
0 0.74296875 0.68515625 0.0578125 0.09921875
0 0.1828125 0.40546875 0.028125 0.0375
0 0.7609375 0.196875 0.0234375 0.040625
0 0.3953125 0.10546875 0.0171875 0.02578125
0 0.08046875 0.47890625 0.03828125 0.05703125
0 0.9859375 0.4328125 0.025 0.06875
0 0.52265625 0.19921875 0.0171875 0.03125
0 0.79375 0.0671875 0.0171875 0.02734375
0 0.75078125 0.0546875 0.01484375 0.0234375
0 0.06484375 0.20546875 0.01875 0.02578125
0 0.5328125 0.06875 0.0140625 0.02109375
0 0.628125 0.03125 0.0125 0.02109375
0 0.3359375 0.24453125 0.01953125 0.03359375
0 0.64609375 0.0765625 0.01640625 0.021875
0 0.93359375 0.0671875 0.0171875 0.0296875
0 0.284375 0.34921875 0.028125 0.04453125
0 0.34765625 0.1375 0.0171875 0.025
0 0.07734375 0.10625 0.01171875 0.0171875
0 0.5921875 0.11796875 0.01640625 0.025
0 0.9890625 0.25625 0.01953125 0.05234375
0 0.5578125 0.1265625 0.01640625 0.0234375
0 0.7734375 0.05703125 0.0140625 0.0234375
0 0.83359375 0.06796875 0.01640625 0.02578125
0 0.9671875 0.0765625 0.01953125 0.03359375
0 0.696875 0.09296875 0.01484375 0.01953125
0 0.8234375 0.15546875 0.0234375 0.0375
0 0.47578125 0.1359375 0.0171875 0.0296875
0 0.615625 0.0640625 0.0125 0.02109375
0 0.415625 0.221875 0.01875 0.025
0 0.459375 0.0796875 0.0125 0.0234375
0 0.61796875 0.0953125 0.01484375 0.0234375
0 0.60546875 0.0265625 0.01171875 0.01953125
0 0.54765625 0.0296875 0.0140625 0.01953125
0 0.79375 0.025 0.01484375 0.0234375
0 0.48125 0.0484375 0.01171875 0.01796875
0 0.2453125 0.06640625 0.01171875 0.01796875
0 0.92890625 0.00703125 0.01640625 0.0140625
0 0.68984375 0.0109375 0.01484375 0.021875
0 0.284375 0.12265625 0.01640625 0.0234375
0 0.165625 0.06875 0.01171875 0.01796875
0 0.2171875 0.14453125 0.01484375 0.0234375
0 0.4046875 0.0296875 0.01171875 0.0140625
0 0.16484375 0.15546875 0.01484375 0.01953125
0 0.66484375 0.04453125 0.01484375 0.0234375
0 0.96171875 0.0125 0.01875 0.025
0 0.4109375 0.08671875 0.01484375 0.01953125
0 0.64375 0.0125 0.0140625 0.01953125
0 0.7640625 0.0078125 0.015625 0.015625
0 0.34296875 0.03515625 0.0125 0.015625
0 0.45234375 0.053125 0.0125 0.01796875
0 0.20234375 0.1015625 0.015625 0.02109375
0 0.653125 0.10625 0.01484375 0.025
0 0.4453125 0.01796875 0.009375 0.01796875
0 0.184375 0.09296875 0.0140625 0.01953125
0 0.42890625 0.0203125 0.009375 0.0171875
0 0.48359375 0.23671875 0.02421875 0.03671875
0 0.9015625 0.00625 0.0171875 0.01171875
0 0.29765625 0.0578125 0.0140625 0.0171875
0 0.3296875 0.0421875 0.01171875 0.0140625
0 0.6625 0.0734375 0.01484375 0.025
0 0.26796875 0.0640625 0.0109375 0.015625
0 0.384375 0.0765625 0.0125 0.02109375
0 0.4296875 0.0875 0.0140625 0.01796875
0 0.44296875 0.08046875 0.0125 0.0234375
0 0.4828125 0.0140625 0.009375 0.015625
0 0.7421875 0.01640625 0.0140625 0.01953125
0 0.871875 0.1515625 0.02421875 0.0375
0 0.36171875 0.03828125 0.0109375 0.0171875
0 0.50390625 0.05703125 0.01171875 0.01796875
0 0.8328125 0.00625 0.0171875 0.01171875
0 0.67109375 0.01796875 0.0140625 0.01796875
0 0.4578125 0.0296875 0.01171875 0.01796875
0 0.99296875 0.01875 0.01171875 0.02734375
0 0.390625 0.0390625 0.01171875 0.015625
0 0.4328125 0.04375 0.0140625 0.01953125
0 0.5765625 0.0203125 0.0140625 0.01953125
0 0.35546875 0.26953125 0.0234375 0.03125
0 0.0515625 0.11640625 0.01171875 0.0140625
0 0.64296875 0.05078125 0.01484375 0.02109375
0 0.5203125 0.03125 0.01171875 0.01796875
0 0.32734375 0.0640625 0.01484375 0.01796875
0 0.88203125 0.03046875 0.0171875 0.025
0 0.29453125 0.01796875 0.0109375 0.01328125
0 0.3171875 0.00625 0.009375 0.01171875
0 0.2078125 0.00625 0.01171875 0.01171875
0 0.9890625 0.6453125 0.01953125 0.1109375
0 0.4671875 0.0140625 0.009375 0.015625
0 0.64609375 0.03125 0.0125 0.01796875
0 0.19140625 0.0203125 0.01171875 0.0171875
0 0.79453125 0.2296875 0.01484375 0.0328125
0 0.23125 0.08046875 0.0125 0.01796875
0 0.13046875 0.0296875 0.0109375 0.01328125
0 0.853125 0.0078125 0.01953125 0.015625
0 0.14375 0.06796875 0.01171875 0.01328125
0 0.0171875 0.0265625 0.01171875 0.0140625
0 0.26796875 0.11875 0.01484375 0.01953125
0 0.15703125 0.03046875 0.009375 0.01171875