0 0.76796875 0.5671875 0.01640625 0.0359375
0 0.44453125 0.39140625 0.0140625 0.03203125
0 0.59453125 0.84375 0.021875 0.0375
0 0.84296875 0.20234375 0.0140625 0.02578125
0 0.4421875 0.3328125 0.01484375 0.02734375
0 0.0203125 0.421875 0.0171875 0.03046875
0 0.13203125 0.11484375 0.0140625 0.02421875
0 0.1046875 0.2671875 0.015625 0.02578125
0 0.94453125 0.0890625 0.01171875 0.02734375
0 0.54375 0.57734375 0.01484375 0.02890625
0 0.04375 0.54921875 0.0171875 0.03359375
0 0.1171875 0.0828125 0.0140625 0.02578125
0 0.6921875 0.89296875 0.021875 0.0359375
0 0.74140625 0.26328125 0.01484375 0.02734375
0 0.0203125 0.5390625 0.0171875 0.03203125
0 0.7296875 0.2015625 0.015625 0.03046875
0 0.6453125 0.8734375 0.021875 0.0375
0 0.6078125 0.05546875 0.0140625 0.02265625
0 0.76875 0.45546875 0.01484375 0.03359375
0 0.6546875 0.33515625 0.015625 0.03203125
0 0.853125 0.859375 0.0203125 0.0359375
0 0.2296875 0.3453125 0.01484375 0.03203125
0 0.90390625 0.48515625 0.01640625 0.03203125
0 0.19140625 0.11953125 0.0140625 0.02421875
0 0.690625 0.53828125 0.01640625 0.03046875
0 0.40546875 0.13125 0.0140625 0.02578125
0 0.49296875 0.27421875 0.0140625 0.02578125
0 0.2390625 0.23203125 0.0140625 0.02578125
0 0.103125 0.24375 0.0140625 0.02109375
0 0.39296875 0.7765625 0.01640625 0.03203125
0 0.253125 0.2671875 0.01484375 0.02890625
0 0.5609375 0.540625 0.015625 0.02890625
0 0.3796875 0.48515625 0.01484375 0.03515625
0 0.0171875 0.12265625 0.0140625 0.02421875
0 0.01640625 0.21015625 0.01484375 0.02734375
0 0.56328125 0.09296875 0.015625 0.02890625
0 0.4296875 0.4703125 0.015625 0.0359375
0 0.05546875 0.8453125 0.0203125 0.0375
0 0.846875 0.309375 0.01640625 0.03203125
0 0.5453125 0.3078125 0.0140625 0.02890625
0 0.9890625 0.31484375 0.01484375 0.02734375
0 0.16328125 0.51953125 0.01484375 0.03203125
0 0.57734375 0.81953125 0.0203125 0.0375
0 0.12734375 0.59453125 0.01484375 0.02734375
0 0.4953125 0.5609375 0.015625 0.03359375
0 0.19375 0.83125 0.01640625 0.0375
0 0.54765625 0.61484375 0.015625 0.03203125
0 0.7453125 0.421875 0.015625 0.03359375
0 0.86796875 0.2609375 0.01484375 0.03203125
0 0.85546875 0.76171875 0.0171875 0.03203125
0 0.7546875 0.834375 0.021875 0.0375
0 0.15703125 0.12734375 0.0125 0.02109375
0 0.2015625 0.42578125 0.01484375 0.03203125
0 0.1515625 0.25703125 0.0140625 0.02734375
0 0.9671875 0.10234375 0.0140625 0.02578125
0 0.3078125 0.43671875 0.015625 0.03203125
0 0.6078125 0.3859375 0.015625 0.02734375
0 0.07109375 0.04453125 0.01171875 0.02265625
0 0.3671875 0.24453125 0.0140625 0.02578125
0 0.77421875 0.77421875 0.0171875 0.0359375
0 0.18125 0.20625 0.0140625 0.02578125
0 0.384375 0.8140625 0.0171875 0.0359375
0 0.63125 0.61015625 0.01640625 0.03203125
0 0.76796875 0.3609375 0.0125 0.03203125
0 0.9703125 0.13125 0.0140625 0.02578125
0 0.884375 0.290625 0.0140625 0.02734375
0 0.3421875 0.30078125 0.0140625 0.02734375
0 0.08359375 0.14375 0.0125 0.02734375
0 0.0921875 0.41796875 0.01484375 0.03203125
0 0.80546875 0.84375 0.0203125 0.0375
0 0.05703125 0.13125 0.01484375 0.02734375
0 0.36640625 0.3328125 0.01484375 0.02734375
0 0.5015625 0.3875 0.01484375 0.02734375
0 0.96953125 0.365625 0.015625 0.03203125
0 0.08046875 0.69296875 0.01640625 0.03359375
0 0.16015625 0.4125 0.015625 0.03203125
0 0.88203125 0.75 0.01953125 0.03359375
0 0.59140625 0.115625 0.01484375 0.03203125
0 0.88203125 0.359375 0.0171875 0.03203125
0 0.60390625 0.4640625 0.01484375 0.03359375
0 0.10625 0.396875 0.01484375 0.02890625
0 0.8390625 0.41171875 0.015625 0.03359375
0 0.2796875 0.45390625 0.015625 0.03046875
0 0.571875 0.4046875 0.015625 0.03203125
0 0.9265625 0.565625 0.0171875 0.0359375
0 0.81015625 0.44375 0.01640625 0.03203125
0 0.5390625 0.8203125 0.021875 0.0390625
0 0.30625 0.3859375 0.01484375 0.03046875
0 0.82109375 0.59765625 0.0171875 0.03359375
0 0.0125 0.5953125 0.0171875 0.03203125
0 0.9046875 0.13359375 0.0125 0.02578125
0 0.8328125 0.0953125 0.01171875 0.02734375
0 0.06640625 0.24375 0.0140625 0.02421875
0 0.28203125 0.3890625 0.01484375 0.02734375
0 0.93515625 0.871875 0.0203125 0.0375
0 0.5734375 0.509375 0.01484375 0.03203125
0 0.43046875 0.7734375 0.01640625 0.03046875
0 0.103125 0.51484375 0.01640625 0.03203125
0 0.8046875 0.18828125 0.0140625 0.02890625
0 0.503125 0.246875 0.0125 0.02421875
0 0.6984375 0.7046875 0.0171875 0.0359375
0 0.73359375 0.1140625 0.01484375 0.02890625
0 0.03203125 0.10625 0.01171875 0.02421875
0 0.18828125 0.28125 0.015625 0.03359375
0 0.50078125 0.63984375 0.015625 0.03359375
0 0.9015625 0.2296875 0.0140625 0.02734375
0 0.33046875 0.26484375 0.01484375 0.03046875
0 0.75859375 0.7546875 0.0171875 0.03359375
0 0.58125 0.253125 0.0140625 0.02578125
0 0.9640625 0.16015625 0.01484375 0.02734375
0 0.1796875 0.38046875 0.015625 0.03203125
0 0.25703125 0.32265625 0.01484375 0.03203125
0 0.30234375 0.346875 0.01640625 0.03203125
0 0.68828125 0.48203125 0.015625 0.03515625
0 0.6703125 0.4296875 0.01484375 0.03359375
0 0.21796875 0.16015625 0.0125 0.02734375
0 0.6453125 0.040625 0.01171875 0.02421875
0 0.4859375 0.37265625 0.01484375 0.03203125
0 0.94453125 0.39375 0.01484375 0.03203125
0 0.93046875 0.80625 0.01875 0.0359375
0 0.5390625 0.74921875 0.0171875 0.0359375
0 0.1046875 0.825 0.0171875 0.0375
0 0.2015625 0.61953125 0.015625 0.0375
0 0.06953125 0.60078125 0.0171875 0.03359375
0 0.96640625 0.67890625 0.0203125 0.03203125
0 0.684375 0.159375 0.0125 0.02578125
0 0.3015625 0.178125 0.01484375 0.02890625
0 0.2171875 0.25546875 0.01484375 0.02734375
0 0.0578125 0.20625 0.0140625 0.02890625
0 0.04453125 0.3765625 0.01484375 0.02734375
0 0.2859375 0.85625 0.0171875 0.0421875
0 0.53359375 0.3484375 0.01484375 0.03203125
0 0.3921875 0.0140625 0.0140625 0.02578125
0 0.82109375 0.04140625 0.01171875 0.02578125
0 0.07734375 0.55390625 0.0171875 0.0359375
0 0.5765625 0.4375 0.01484375 0.02734375
0 0.4671875 0.09453125 0.0140625 0.02578125
0 0.103125 0.6078125 0.01484375 0.03046875
0 0.59453125 0.428125 0.01484375 0.02734375
0 0.2078125 0.5 0.0171875 0.03203125
0 0.64453125 0.471875 0.015625 0.03046875
0 0.7640625 0.0515625 0.015625 0.02734375
0 0.17890625 0.04765625 0.0140625 0.02265625
0 0.64296875 0.365625 0.01484375 0.03203125
0 0.92734375 0.334375 0.01484375 0.03046875
0 0.121875 0.68984375 0.01875 0.0359375
0 0.70234375 0.16953125 0.0140625 0.03046875
0 0.58203125 0.28515625 0.0140625 0.03203125
0 0.7078125 0.7734375 0.01953125 0.03515625
0 0.56953125 0.365625 0.0140625 0.03515625
0 0.81015625 0.3109375 0.01484375 0.03203125
0 0.484375 0.303125 0.0140625 0.02578125
0 0.22734375 0.29921875 0.01484375 0.03046875
0 0.1828125 0.01328125 0.0140625 0.02421875
0 0.79296875 0.7359375 0.0171875 0.03203125
0 0.12890625 0.14375 0.0140625 0.02421875
0 0.846875 0.4640625 0.01484375 0.02734375
0 0.67421875 0.6921875 0.01875 0.0375
0 0.3390625 0.603125 0.01640625 0.03203125
0 0.50390625 0.42890625 0.015625 0.03203125
0 0.16171875 0.60703125 0.01484375 0.03203125
0 0.4703125 0.32109375 0.0140625 0.02734375
0 0.3546875 0.4953125 0.015625 0.02890625
0 0.7953125 0.63828125 0.0171875 0.0359375
0 0.1234375 0.271875 0.01484375 0.03203125
0 0.25078125 0.37734375 0.015625 0.03203125
0 0.6234375 0.45546875 0.01640625 0.03359375
0 0.83203125 0.77421875 0.0171875 0.0359375
0 0.4609375 0.40703125 0.015625 0.03046875
0 0.63984375 0.73203125 0.0171875 0.0359375
0 0.1078125 0.2953125 0.01484375 0.02734375
0 0.78515625 0.375 0.015625 0.03046875
0 0.73359375 0.63828125 0.0171875 0.03359375
0 0.78828125 0.43671875 0.015625 0.0375
0 0.67109375 0.22421875 0.0140625 0.02734375
0 0.8609375 0.8203125 0.01953125 0.03359375
0 0.41484375 0.82890625 0.01953125 0.0421875
0 0.69140625 0.30625 0.0140625 0.02578125
0 0.384375 0.09375 0.0125 0.02421875
0 0.73671875 0.7078125 0.01875 0.0359375
0 0.66328125 0.28515625 0.0140625 0.03203125
0 0.03984375 0.30703125 0.01484375 0.03046875
0 0.134375 0.30703125 0.0140625 0.02734375
0 0.1453125 0.28125 0.0140625 0.02734375
0 0.1546875 0.46015625 0.0171875 0.0359375
0 0.17109375 0.078125 0.01484375 0.02578125
0 0.3734375 0.4328125 0.015625 0.03046875
0 0.17265625 0.2640625 0.015625 0.03203125
0 0.465625 0.06171875 0.0140625 0.02109375
0 0.51484375 0.2640625 0.0140625 0.02578125
0 0.28203125 0.2484375 0.0140625 0.02734375
0 0.83359375 0.27265625 0.01484375 0.02734375
0 0.54609375 0.07890625 0.01171875 0.02109375
0 0.31875 0.2921875 0.0125 0.02734375
0 0.35625 0.784375 0.01640625 0.02890625
0 0.16484375 0.8390625 0.0171875 0.040625
0 0.6640625 0.47734375 0.015625 0.03203125
0 0.53046875 0.15 0.0140625 0.02734375
0 0.3078125 0.0390625 0.0125 0.02109375
0 0.8359375 0.22890625 0.0140625 0.02578125
0 0.009375 0.4578125 0.0171875 0.03203125
0 0.75078125 0.49375 0.015625 0.03203125
0 0.14609375 0.1859375 0.0125 0.02421875
0 0.33515625 0.35390625 0.01484375 0.03046875
0 0.9546875 0.42890625 0.01484375 0.03203125
0 0.13984375 0.76640625 0.0171875 0.0375
0 0.70859375 0.41484375 0.01484375 0.0359375
0 0.83359375 0.06328125 0.0125 0.02421875
0 0.59765625 0.24296875 0.0140625 0.02578125
0 0.03515625 0.403125 0.015625 0.02890625
0 0.72734375 0.35859375 0.01484375 0.03046875
0 0.7578125 0.3109375 0.0140625 0.03203125
0 0.05625 0.2921875 0.0125 0.03046875
0 0.73359375 0.29609375 0.0125 0.02578125
0 0.1375 0.428125 0.01640625 0.03359375
0 0.4640625 0.7609375 0.0171875 0.02734375
0 0.45234375 0.4890625 0.01484375 0.03203125
0 0.7484375 0.08515625 0.0140625 0.02578125
0 0.00625 0.096875 0.0125 0.02734375
0 0.40546875 0.040625 0.0125 0.02109375
0 0.6171875 0.1078125 0.0140625 0.02265625
0 0.284375 0.296875 0.01484375 0.03046875
0 0.81796875 0.40703125 0.01484375 0.03046875
0 0.6328125 0.21484375 0.0140625 0.02734375
0 0.81640625 0.06953125 0.0140625 0.02734375
0 0.70859375 0.45390625 0.0125 0.03359375
0 0.6421875 0.6375 0.015625 0.03515625
0 0.58671875 0.36875 0.01484375 0.03046875
0 0.99296875 0.1703125 0.0125 0.02578125
0 0.303125 0.20703125 0.0125 0.02734375
0 0.20859375 0.39609375 0.01484375 0.02734375
0 0.134375 0.01640625 0.0140625 0.02421875
0 0.5796875 0.3265625 0.0140625 0.03359375
0 0.61875 0.65546875 0.01484375 0.03203125
0 0.1109375 0.44921875 0.0171875 0.0359375
0 0.80859375 0.13671875 0.0140625 0.02578125
0 0.5390625 0.2171875 0.015625 0.02890625
0 0.94375 0.1171875 0.0125 0.02265625
0 0.04375 0.609375 0.0171875 0.0359375
0 0.54375 0.6546875 0.0171875 0.0359375
0 0.9265625 0.53359375 0.0171875 0.02578125
0 0.8171875 0.35625 0.01640625 0.0375
0 0.50234375 0.8328125 0.01875 0.0375
0 0.8640625 0.0578125 0.0140625 0.02734375
0 0.44140625 0.18125 0.0140625 0.02734375
0 0.6859375 0.5859375 0.01640625 0.03203125
0 0.4109375 0.3234375 0.01484375 0.02734375
0 0.64375 0.16953125 0.0140625 0.02734375
0 0.9125 0.61953125 0.01953125 0.0375
0 0.9359375 0.49375 0.01640625 0.03203125
0 0.715625 0.29296875 0.0125 0.02578125
0 0.7671875 0.1515625 0.0140625 0.02734375
0 0.28203125 0.80703125 0.0171875 0.03203125
0 0.3390625 0.3859375 0.01484375 0.03046875
0 0.546875 0.05625 0.0140625 0.02421875
0 0.4390625 0.5875 0.01484375 0.02890625
0 0.23984375 0.15703125 0.0125 0.02734375
0 0.80859375 0.75703125 0.0171875 0.03515625
0 0.4953125 0.14609375 0.0125 0.02578125
0 0.228125 0.01953125 0.0125 0.02109375
0 0.00625 0.32109375 0.0125 0.03046875
0 0.55625 0.27734375 0.0125 0.02578125
0 0.95859375 0.021875 0.0125 0.02578125
0 0.85546875 0.6859375 0.01953125 0.03203125
0 0.40703125 0.2265625 0.0140625 0.02734375
0 0.6265625 0.5265625 0.01484375 0.02734375
0 0.03203125 0.03046875 0.0125 0.02421875
0 0.4890625 0.06484375 0.0140625 0.02109375
0 0.59296875 0.34375 0.0125 0.02734375
0 0.5640625 0.65390625 0.01640625 0.03359375
0 0.42734375 0.065625 0.0125 0.02265625
0 0.41875 0.7328125 0.015625 0.03203125
0 0.696875 0.0703125 0.0140625 0.02578125
0 0.54609375 0.13984375 0.0125 0.02578125
0 0.6578125 0.13828125 0.0140625 0.02890625
0 0.6515625 0.1953125 0.0140625 0.03046875
0 0.1234375 0.40859375 0.015625 0.02734375
0 0.5171875 0.1609375 0.0140625 0.02578125
0 0.5734375 0.62578125 0.015625 0.02890625
0 0.0875 0.3578125 0.01484375 0.02890625
0 0.62578125 0.56875 0.0171875 0.0359375
0 0.421875 0.19140625 0.0140625 0.02578125
0 0.24375 0.10078125 0.0125 0.02578125
0 0.665625 0.034375 0.0125 0.02265625
0 0.8765625 0.015625 0.01484375 0.02578125
0 0.6859375 0.74609375 0.01953125 0.03359375
0 0.25546875 0.421875 0.01484375 0.03046875
0 0.10859375 0.48359375 0.01484375 0.02578125
0 0.89375 0.0203125 0.0140625 0.02578125
0 0.85390625 0.38828125 0.01484375 0.03203125
0 0.01875 0.01015625 0.0140625 0.01953125
0 0.15859375 0.0890625 0.0125 0.02109375
0 0.234375 0.2671875 0.0140625 0.02890625
0 0.6234375 0.059375 0.0140625 0.02734375
0 0.4609375 0.36953125 0.015625 0.03203125
0 0.3078125 0.71875 0.01484375 0.02734375
0 0.89453125 0.91640625 0.021875 0.0375
0 0.184375 0.24296875 0.0140625 0.02578125
0 0.88984375 0.4578125 0.01640625 0.03203125
0 0.3046875 0.2390625 0.0140625 0.02734375