1 0.15859375 0.8578125 0.04140625 0.084375
1 0.47265625 0.89140625 0.08515625 0.20078125
1 0.4640625 0.82421875 0.04140625 0.059375
1 0.603125 0.84453125 0.08125 0.18671875
1 0.159375 0.90390625 0.090625 0.18125
1 0.5109375 0.74921875 0.04140625 0.0625
1 0.521875 0.8375 0.07421875 0.23828125
1 0.2359375 0.79140625 0.03046875 0.059375
1 0.38984375 0.80234375 0.034375 0.059375
1 0.346875 0.9171875 0.0796875 0.1546875
1 0.59921875 0.7765625 0.03046875 0.0515625
1 0.6859375 0.77265625 0.059375 0.2984375
1 0.7734375 0.76953125 0.059375 0.265625
1 0.890625 0.7546875 0.0703125 0.25234375
1 0.39453125 0.93515625 0.046875 0.0703125
1 0.16328125 0.76015625 0.03828125 0.05703125
1 0.49921875 0.64921875 0.99453125 0.66953125
1 0.0484375 0.9 0.096875 0.1875
1 0.29140625 0.79296875 0.03984375 0.05703125
1 0.2296875 0.8765625 0.06875 0.2359375
1 0.56953125 0.675 0.02890625 0.0484375
1 0.3546875 0.87265625 0.046875 0.06484375
1 0.8890625 0.65546875 0.034375 0.05390625
1 0.6796875 0.64921875 0.0328125 0.0515625
1 0.29921875 0.6625 0.034375 0.05703125
1 0.03671875 0.8453125 0.0484375 0.0703125
1 0.4875 0.665625 0.02734375 0.0515625
1 0.8234375 0.75859375 0.059375 0.265625
1 0.2890625 0.8796875 0.06875 0.23046875
1 0.1484375 0.66796875 0.025 0.04609375
1 0.4640625 0.76953125 0.03046875 0.0484375
1 0.44453125 0.64765625 0.02890625 0.0484375
1 0.64453125 0.65078125 0.02734375 0.03828125
1 0.2140625 0.76796875 0.03828125 0.05703125
1 0.303125 0.74921875 0.03046875 0.0515625
1 0.60703125 0.65703125 0.03046875 0.04609375
1 0.375 0.73046875 0.03828125 0.05703125
1 0.39296875 0.8375 0.059375 0.13515625
1 0.771875 0.6609375 0.04375 0.05390625
1 0.79296875 0.6328125 0.03046875 0.04609375
1 0.075 0.6453125 0.034375 0.04375
1 0.16796875 0.6046875 0.025 0.04375
1 0.334375 0.70078125 0.0328125 0.0515625
1 0.76015625 0.56484375 0.0234375 0.040625
1 0.82890625 0.65078125 0.03828125 0.0484375
1 0.2296875 0.64609375 0.02890625 0.04609375
1 0.11015625 0.67734375 0.02890625 0.0484375
1 0.3875 0.946875 0.08515625 0.09453125
1 0.6453125 0.778125 0.05390625 0.2875
1 0.1734375 0.6734375 0.02890625 0.04609375
1 0.36796875 0.684375 0.02734375 0.04609375
1 0.26484375 0.7359375 0.034375 0.0625
1 0.20234375 0.59609375 0.025 0.04375
1 0.209375 0.71796875 0.06171875 0.125
1 0.29140625 0.59609375 0.02890625 0.04375
1 0.33671875 0.553125 0.025 0.04375
1 0.24375 0.58671875 0.02890625 0.040625
1 0.0703125 0.76171875 0.0359375 0.06484375
1 0.97265625 0.7328125 0.05078125 0.2625
1 0.29921875 0.7015625 0.05625 0.13515625
1 0.7078125 0.6 0.02734375 0.040625
1 0.6078125 0.71015625 0.04375 0.1515625
1 0.11875 0.76015625 0.034375 0.05703125
1 0.40625 0.57734375 0.02734375 0.0484375
1 0.20625 0.671875 0.0359375 0.0484375
1 0.2546875 0.6640625 0.025 0.03828125
1 0.33828125 0.715625 0.046875 0.08671875
1 0.41875 0.8984375 0.03828125 0.0625
1 0.671875 0.521875 0.0234375 0.040625
1 0.865625 0.57890625 0.03046875 0.04609375
1 0.16015625 0.82890625 0.0453125 0.059375
1 0.946875 0.734375 0.05234375 0.26015625
1 0.34375 0.81875 0.06875 0.140625
1 0.46015625 0.60546875 0.034375 0.04609375
1 0.615625 0.57578125 0.03828125 0.0515625
1 0.33828125 0.78046875 0.0359375 0.06484375
1 0.678125 0.6046875 0.0359375 0.0484375
1 0.59140625 0.609375 0.025 0.03828125
1 0.55234375 0.653125 0.03046875 0.05390625
1 0.4953125 0.5609375 0.02890625 0.03828125
1 0.95625 0.62890625 0.0328125 0.0484375
1 0.73203125 0.5609375 0.025 0.03828125
1 0.378125 0.7625 0.05390625 0.12734375
1 0.034375 0.74140625 0.04375 0.0890625
1 0.16015625 0.859375 0.08125 0.11953125
1 0.08125 0.54453125 0.0328125 0.0484375
1 0.44609375 0.64921875 0.0453125 0.0734375
1 0.30234375 0.5515625 0.025 0.040625
1 0.51171875 0.75234375 0.06171875 0.09453125
1 0.56484375 0.4890625 0.0234375 0.040625
1 0.56875 0.7375 0.0484375 0.1734375
1 0.71875 0.70625 0.05234375 0.25234375
1 0.07109375 0.67578125 0.04140625 0.10546875
1 0.865625 0.6203125 0.05234375 0.13515625
1 0.46484375 0.8265625 0.06171875 0.08671875
1 0.4484375 0.68828125 0.05078125 0.13515625
1 0.03671875 0.71796875 0.03828125 0.04375
1 0.52265625 0.6515625 0.02890625 0.04609375
1 0.1171875 0.81875 0.0578125 0.1734375
1 0.33515625 0.63515625 0.034375 0.040625
1 0.15 0.72109375 0.0328125 0.04375
1 0.07109375 0.80078125 0.0484375 0.14375
1 0.7609375 0.59375 0.0328125 0.0921875
1 0.2921875 0.7953125 0.05625 0.084375
1 0.1046875 0.715625 0.05390625 0.1515625
1 0.23125 0.66640625 0.03984375 0.08671875
1 0.23515625 0.79296875 0.05078125 0.084375
1 0.68046875 0.6515625 0.0484375 0.07890625