0 0.46953125 0.0140625 0.01953125 0.02734375
0 0.58203125 0.31953125 0.0296875 0.0453125
0 0.77421875 0.24296875 0.034375 0.05078125
0 0.18125 0.4140625 0.03203125 0.05234375
0 0.36875 0.01875 0.01875 0.02734375
0 0.28203125 0.23671875 0.02734375 0.04453125
0 0.67578125 0.31875 0.0296875 0.04140625
0 0.70546875 0.16171875 0.02421875 0.0390625
0 0.8328125 0.06171875 0.02265625 0.0328125
0 0.4515625 0.275 0.0296875 0.05078125
0 0.7796875 0.06875 0.0203125 0.03359375
0 0.225 0.39453125 0.0359375 0.06015625
0 0.33828125 0.24375 0.028125 0.0484375
0 0.38203125 0.0765625 0.01953125 0.0328125
0 0.8078125 0.21875 0.0328125 0.04921875
0 0.74609375 0.1125 0.0234375 0.0375
0 0.7078125 0.1078125 0.0234375 0.0375
0 0.89296875 0.1546875 0.028125 0.04296875
0 0.075 0.2109375 0.03046875 0.046875
0 0.7 0.01328125 0.01875 0.02578125
0 0.6703125 0.03203125 0.0203125 0.0328125
0 0.44375 0.0390625 0.01875 0.03359375
0 0.7484375 0.165625 0.0234375 0.040625
0 0.21953125 0.3 0.03203125 0.0484375
0 0.13125 0.1625 0.028125 0.04296875
0 0.071875 0.07578125 0.0203125 0.03125
0 0.0140625 0.18828125 0.02734375 0.0484375
0 0.19296875 0.07421875 0.0203125 0.03125
0 0.628125 0.040625 0.0203125 0.0296875
0 0.321875 0.10078125 0.01953125 0.0328125
0 0.98984375 0.0546875 0.01875 0.03671875
0 0.6203125 0.08671875 0.02421875 0.0375
0 0.89296875 0.26640625 0.0359375 0.053125
0 0.978125 0.12265625 0.028125 0.04140625
0 0.2421875 0.04140625 0.015625 0.02578125
0 0.725 0.0453125 0.0203125 0.0328125
0 0.4609375 0.08671875 0.021875 0.0328125
0 0.74921875 0.009375 0.0171875 0.01875
0 0.13125 0.06328125 0.0203125 0.0296875
0 0.04609375 0.325 0.03828125 0.05625
0 0.12578125 0.3671875 0.03828125 0.0546875
0 0.26796875 0.03828125 0.01640625 0.025
0 0.10078125 0.03125 0.01484375 0.0234375
0 0.5046875 0.0875 0.021875 0.03125
0 0.41796875 0.00703125 0.0171875 0.0140625
0 0.240625 0.00703125 0.01953125 0.0140625
0 0.2984375 0.0296875 0.0171875 0.02734375
0 0.378125 0.04375 0.01875 0.025
0 0.38828125 0.00859375 0.01484375 0.0171875
0 0.16875 0.034375 0.015625 0.021875
0 0.44609375 0.171875 0.025 0.04140625
0 0.50625 0.01640625 0.01640625 0.0328125
0 0.14921875 0.09296875 0.0203125 0.0296875
0 0.009375 0.0625 0.01875 0.03125
0 0.33203125 0.01328125 0.021875 0.02578125
0 0.509375 0.13671875 0.02421875 0.03671875
0 0.07734375 0.0390625 0.01640625 0.0234375
0 0.846875 0.00625 0.01875 0.0125
0 0.88203125 0.70078125 0.0234375 0.03359375
0 0.3453125 0.03515625 0.0171875 0.02890625
0 0.31953125 0.04296875 0.01953125 0.03125
0 0.03828125 0.05625 0.0171875 0.02734375
0 0.09296875 0.05703125 0.01875 0.0234375
0 0.13125 0.0375 0.01875 0.0234375
0 0.9328125 0.04296875 0.0234375 0.03125
0 0.3421875 0.10625 0.021875 0.0375
0 0.42578125 0.04453125 0.015625 0.02578125
0 0.234375 0.63671875 0.0390625 0.0546875
0 0.2140625 0.03203125 0.01640625 0.025
0 0.06640625 0.0125 0.015625 0.025
0 0.2140625 0.08046875 0.0171875 0.02578125
0 0.2171875 0.00625 0.01640625 0.01171875
0 0.81015625 0.0265625 0.0203125 0.025
0 0.67421875 0.00625 0.01875 0.01171875
0 0.98203125 0.5296875 0.034375 0.07421875
0 0.99296875 0.01875 0.0125 0.0296875
0 0.35078125 0.66875 0.05859375 0.0875