0 0.459375 0.3859375 0.04375 0.06875
0 0.8875 0.21328125 0.03046875 0.046875
0 0.31640625 0.48203125 0.040625 0.06796875
0 0.503125 0.084375 0.02421875 0.04140625
0 0.57734375 0.4890625 0.0453125 0.071875
0 0.98671875 0.21171875 0.02421875 0.05625
0 0.82265625 0.4265625 0.0515625 0.071875
0 0.62890625 0.0484375 0.0234375 0.0375
0 0.290625 0.92421875 0.08515625 0.125
0 0.6484375 0.3859375 0.040625 0.0609375
0 0.065625 0.1390625 0.028125 0.0390625
0 0.23125 0.2578125 0.034375 0.046875
0 0.75703125 0.1890625 0.02734375 0.046875
0 0.784375 0.7875 0.07890625 0.1171875
0 0.39765625 0.55625 0.05390625 0.08046875
0 0.29375 0.409375 0.040625 0.05859375
0 0.55546875 0.01953125 0.0203125 0.03359375
0 0.4328125 0.7265625 0.06171875 0.10390625
0 0.12890625 0.45546875 0.053125 0.07578125
0 0.56953125 0.11875 0.028125 0.04453125
0 0.48515625 0.1609375 0.03046875 0.0484375
0 0.25703125 0.29375 0.0390625 0.05625
0 0.3984375 0.23125 0.0296875 0.04296875
0 0.54375 0.334375 0.0375 0.04921875
0 0.71953125 0.72421875 0.06328125 0.09375
0 0.49296875 0.2125 0.03046875 0.0453125
0 0.0296875 0.1 0.025 0.03671875
0 0.4890625 0.3359375 0.040625 0.0625
0 0.3578125 0.25625 0.03515625 0.05078125
0 0.1203125 0.27578125 0.0375 0.05234375
0 0.2453125 0.13125 0.0265625 0.04140625
0 0.490625 0.0265625 0.0203125 0.0328125
0 0.734375 0.1109375 0.03125 0.05625
0 0.79609375 0.09765625 0.025 0.0390625
0 0.6296875 0.1703125 0.0328125 0.0453125
0 0.36171875 0.2015625 0.03203125 0.0390625
0 0.134375 0.165625 0.0296875 0.040625
0 0.67578125 0.00859375 0.0234375 0.0171875
0 0.1421875 0.2296875 0.0328125 0.0453125
0 0.20234375 0.58828125 0.0640625 0.09140625
0 0.31328125 0.0921875 0.0234375 0.03671875
0 0.146875 0.00859375 0.0203125 0.0171875
0 0.29765625 0.12265625 0.0203125 0.03125
0 0.51640625 0.04375 0.0265625 0.0375
0 0.50390625 0.2875 0.0375 0.04296875
0 0.32734375 0.0328125 0.02265625 0.03125
0 0.4484375 0.33515625 0.0390625 0.03515625
0 0.78828125 0.0109375 0.021875 0.021875
0 0.3375 0.1234375 0.02421875 0.03671875
0 0.1421875 0.35078125 0.040625 0.05625
0 0.17578125 0.01875 0.021875 0.0328125
0 0.853125 0.37421875 0.040625 0.05625
0 0.04609375 0.26953125 0.034375 0.046875
0 0.628125 0.00625 0.025 0.01171875
0 0.009375 0.36328125 0.01875 0.0453125
0 0.00703125 0.0796875 0.0140625 0.0328125
0 0.78203125 0.9640625 0.096875 0.06875
0 0.33046875 0.171875 0.028125 0.0390625
0 0.35859375 0.1625 0.02421875 0.0375
0 0.81640625 0.01796875 0.0234375 0.0359375
0 0.2046875 0.00703125 0.021875 0.0140625
0 0.98359375 0.06640625 0.03046875 0.046875
0 0.2140625 0.075 0.02265625 0.0375
0 0.91484375 0.00625 0.0234375 0.0125