0 0.59140625 0.26171875 0.0265625 0.03671875
0 0.571875 0.38671875 0.03828125 0.0546875
0 0.6484375 0.23125 0.021875 0.0328125
0 0.97578125 0.4171875 0.046875 0.06640625
0 0.64609375 0.05625 0.0125 0.0234375
0 0.7 0.35 0.028125 0.04453125
0 0.9046875 0.18125 0.028125 0.0390625
0 0.7875 0.32578125 0.03046875 0.04921875
0 0.834375 0.0296875 0.0125 0.021875
0 0.53515625 0.24140625 0.025 0.0375
0 0.85625 0.0171875 0.01484375 0.0234375
0 0.89296875 0.2640625 0.03046875 0.04453125
0 0.59453125 0.05078125 0.0140625 0.02109375
0 0.8015625 0.18671875 0.02265625 0.0328125
0 0.46796875 0.2390625 0.02421875 0.0375
0 0.97578125 0.1484375 0.025 0.03671875
0 0.540625 0.0640625 0.0125 0.02109375
0 0.41796875 0.56953125 0.04296875 0.053125
0 0.934375 0.9 0.08125 0.125
0 0.63984375 0.11796875 0.01640625 0.025
0 0.2875 0.8125 0.05 0.0703125
0 0.659375 0.1109375 0.01640625 0.02734375
0 0.7765625 0.16640625 0.0203125 0.02890625
0 0.41875 0.65546875 0.0421875 0.05625
0 0.503125 0.0890625 0.01484375 0.025
0 0.12890625 0.91796875 0.053125 0.08046875
0 0.7171875 0.03515625 0.01171875 0.01796875
0 0.47578125 0.14140625 0.0171875 0.02734375
0 0.43125 0.73203125 0.05 0.0703125
0 0.6203125 0.03828125 0.01171875 0.01953125
0 0.49765625 0.16640625 0.01640625 0.02578125
0 0.83671875 0.0734375 0.01640625 0.021875
0 0.6 0.10390625 0.01640625 0.02578125
0 0.66328125 0.05390625 0.0140625 0.021875
0 0.59453125 0.0171875 0.0109375 0.015625
0 0.753125 0.034375 0.0140625 0.01953125
0 0.62890625 0.0171875 0.009375 0.0171875
0 0.70859375 0.05546875 0.0125 0.01953125
0 0.925 0.034375 0.01484375 0.025
0 0.7453125 0.16796875 0.0234375 0.03125
0 0.48984375 0.0796875 0.0125 0.01953125
0 0.61796875 0.0671875 0.01484375 0.021875
0 0.909375 0.01015625 0.015625 0.0203125
0 0.60625 0.03125 0.01171875 0.01796875
0 0.6421875 0.0296875 0.01171875 0.01796875
0 0.68359375 0.06796875 0.0140625 0.0234375
0 0.884375 0.0140625 0.01484375 0.021875
0 0.6765625 0.1734375 0.0171875 0.0296875
0 0.46953125 0.06953125 0.0140625 0.01953125
0 0.68828125 0.03046875 0.01171875 0.01953125
0 0.92890625 0.0078125 0.01484375 0.015625
0 0.58046875 0.0171875 0.0109375 0.0140625
0 0.8109375 0.03828125 0.0140625 0.01953125
0 0.4640625 0.6734375 0.034375 0.05234375
0 0.65859375 0.18671875 0.01875 0.025
0 0.46640625 0.04375 0.0109375 0.0171875
0 0.5296875 0.0078125 0.0109375 0.015625
0 0.9921875 0.01796875 0.0140625 0.02578125
0 0.484375 0.04140625 0.01171875 0.01796875
0 0.5578125 0.03125 0.0109375 0.01796875
0 0.56875 0.00625 0.0109375 0.01171875
0 0.50859375 0.01875 0.01171875 0.0171875
0 0.5296875 0.0875 0.0125 0.01953125
0 0.54375 0.00703125 0.0109375 0.0140625
0 0.94140625 0.02421875 0.015625 0.025
0 0.66796875 0.00625 0.01171875 0.01171875
0 0.61796875 0.00546875 0.00859375 0.01015625
0 0.9640625 0.00546875 0.015625 0.01015625
0 0.4171875 0.11875 0.01484375 0.02578125
0 0.45625 0.0078125 0.01171875 0.015625
0 0.50390625 0.00546875 0.01171875 0.01015625
0 0.68828125 0.0484375 0.01171875 0.0171875
0 0.6546875 0.0296875 0.0109375 0.0140625
0 0.5171875 0.00625 0.0109375 0.01171875
0 0.60703125 0.00625 0.0109375 0.0125
0 0.50703125 0.040625 0.01171875 0.01953125
0 0.2453125 0.95 0.0578125 0.0953125
0 0.74921875 0.05625 0.01484375 0.0234375
0 0.64375 0.00625 0.0109375 0.01171875
0 0.9640625 0.0328125 0.01953125 0.02890625
0 0.5296875 0.04296875 0.0109375 0.01796875
0 0.5203125 0.06875 0.01171875 0.01953125
0 0.73359375 0.2046875 0.02265625 0.03125
0 0.6671875 0.2140625 0.021875 0.03515625
0 0.56640625 0.0515625 0.01171875 0.01953125
0 0.8078125 0.0796875 0.01484375 0.0234375