0 0.5046875 0.60390625 0.0296875 0.04453125
0 0.2203125 0.63203125 0.02265625 0.03515625
0 0.128125 0.675 0.025 0.04296875
0 0.8609375 0.56328125 0.028125 0.040625
0 0.884375 0.35390625 0.01484375 0.0234375
0 0.07734375 0.56640625 0.01953125 0.02890625
0 0.13515625 0.76640625 0.028125 0.05078125
0 0.6625 0.5921875 0.03125 0.04296875
0 0.70546875 0.36875 0.01484375 0.01953125
0 0.99296875 0.32578125 0.0125 0.02578125
0 0.70859375 0.4546875 0.0203125 0.0296875
0 0.759375 0.66640625 0.03984375 0.05703125
0 0.16328125 0.63125 0.021875 0.03671875
0 0.87265625 0.37890625 0.01484375 0.02109375
0 0.42578125 0.50625 0.0171875 0.0296875
0 0.50078125 0.4359375 0.01484375 0.0234375
0 0.009375 0.70625 0.01875 0.0375
0 0.534375 0.60625 0.028125 0.0375
0 0.27578125 0.49375 0.01484375 0.021875
0 0.9359375 0.36796875 0.01484375 0.025
0 0.6 0.4796875 0.01875 0.02734375
0 0.48125 0.428125 0.0125 0.02109375
0 0.9765625 0.3671875 0.015625 0.02578125
0 0.53828125 0.73515625 0.0390625 0.053125
0 0.45234375 0.76796875 0.03984375 0.05703125
0 0.1953125 0.5375 0.0171875 0.02578125
0 0.73125 0.33046875 0.0125 0.01796875
0 0.6984375 0.4109375 0.01484375 0.025
0 0.6171875 0.4578125 0.015625 0.025
0 0.9328125 0.2765625 0.01171875 0.0171875
0 0.446875 0.49921875 0.01640625 0.025
0 0.534375 0.4078125 0.0140625 0.02109375
0 0.89609375 0.31796875 0.0125 0.01796875
0 0.2421875 0.47578125 0.0140625 0.01953125
0 0.63125 0.35 0.0109375 0.0140625
0 0.34453125 0.4671875 0.01484375 0.01796875
0 0.31875 0.39296875 0.0109375 0.01328125
0 0.19375 0.41875 0.0109375 0.0140625
0 0.3078125 0.446875 0.01171875 0.0171875
0 0.7765625 0.35390625 0.0125 0.02109375
0 0.95859375 0.31875 0.01484375 0.01796875
0 0.1578125 0.5375 0.01640625 0.02578125
0 0.91328125 0.35 0.01484375 0.01953125
0 0.8 0.46015625 0.0203125 0.0296875
0 0.18046875 0.5046875 0.0125 0.01953125
0 0.3421875 0.3921875 0.01171875 0.0140625
0 0.915625 0.3734375 0.01875 0.02734375
0 0.7953125 0.33046875 0.009375 0.01328125
0 0.36953125 0.38046875 0.00859375 0.01328125
0 0.1828125 0.421875 0.0109375 0.015625
0 0.21953125 0.4296875 0.01171875 0.015625
0 0.165625 0.41953125 0.0109375 0.01328125
0 0.0921875 0.40625 0.00859375 0.01328125
0 0.03828125 0.4125 0.009375 0.01328125
0 0.2171875 0.40546875 0.0109375 0.0140625
0 0.81015625 0.42265625 0.01484375 0.021875
0 0.78828125 0.2375 0.0078125 0.01171875
0 0.1234375 0.425 0.00859375 0.0140625
0 0.11796875 0.40625 0.00859375 0.01328125
0 0.88984375 0.33203125 0.0125 0.015625
0 0.06875 0.40546875 0.00859375 0.01171875
0 0.20859375 0.49453125 0.0125 0.02109375
0 0.36015625 0.48125 0.0140625 0.01953125
0 0.471875 0.36875 0.0109375 0.0140625
0 0.321875 0.41796875 0.01171875 0.01796875
0 0.1421875 0.4234375 0.0109375 0.015625
0 0.2046875 0.4015625 0.0109375 0.0140625
0 0.13203125 0.40625 0.00859375 0.01328125
0 0.74375 0.36953125 0.0125 0.01796875
0 0.8296875 0.3046875 0.0078125 0.0078125
0 0.7671875 0.3328125 0.01171875 0.0140625
0 0.84453125 0.3046875 0.0078125 0.0078125
0 0.9046875 0.275 0.0109375 0.0140625
0 0.8578125 0.3421875 0.009375 0.01328125
0 0.228125 0.3921875 0.0109375 0.0140625
0 0.8703125 0.29296875 0.009375 0.01328125
0 0.02890625 0.44375 0.0109375 0.01328125
0 0.8390625 0.3546875 0.0140625 0.0171875
0 0.81171875 0.31171875 0.00703125 0.01171875
0 0.35390625 0.3796875 0.0109375 0.0140625
0 0.1578125 0.50625 0.01484375 0.0234375
0 0.8171875 0.3796875 0.0140625 0.0171875
0 0.75703125 0.34453125 0.009375 0.0140625
0 0.75625 0.365625 0.0109375 0.01796875
0 0.7703125 0.24375 0.00859375 0.01171875
0 0.49453125 0.3609375 0.0109375 0.0140625
0 0.60625 0.3328125 0.00859375 0.0140625
0 0.83046875 0.31875 0.00859375 0.01171875
0 0.7546875 0.2546875 0.00859375 0.01171875
0 0.01484375 0.4421875 0.01171875 0.0140625
0 0.103125 0.43125 0.009375 0.01328125
0 0.87890625 0.29140625 0.009375 0.01328125
0 0.7046875 0.26875 0.0078125 0.01171875
0 0.80625 0.24296875 0.00703125 0.01171875
0 0.01796875 0.41953125 0.00859375 0.01328125