0 0.68125 0.19140625 0.01484375 0.02890625
0 0.3421875 0.1453125 0.0140625 0.01953125
0 0.571875 0.2859375 0.01875 0.0296875
0 0.503125 0.2171875 0.01640625 0.02578125
0 0.66015625 0.48125 0.02734375 0.0375
0 0.34921875 0.48671875 0.02421875 0.03671875
0 0.396875 0.334375 0.01953125 0.02890625
0 0.6796875 0.4234375 0.025 0.0390625
0 0.54375 0.659375 0.025 0.0375
0 0.14375 0.40625 0.0171875 0.0234375
0 0.01796875 0.4421875 0.01875 0.02734375
0 0.6171875 0.01640625 0.0140625 0.021875
0 0.53203125 0.32421875 0.01953125 0.03125
0 0.44375 0.26015625 0.01484375 0.0234375
0 0.36640625 0.0828125 0.0140625 0.01953125
0 0.71640625 0.01015625 0.0140625 0.0203125
0 0.4265625 0.10625 0.0140625 0.01953125
0 0.08046875 0.16328125 0.01484375 0.021875
0 0.93828125 0.1109375 0.01484375 0.025
0 0.65078125 0.19765625 0.01640625 0.02578125
0 0.1109375 0.31640625 0.0171875 0.0234375
0 0.3078125 0.16796875 0.0140625 0.01796875
0 0.6828125 0.02265625 0.0140625 0.01953125
0 0.0171875 0.32578125 0.015625 0.0234375
0 0.37890625 0.1734375 0.0140625 0.02109375
0 0.64921875 0.24453125 0.01640625 0.02578125
0 0.9640625 0.1421875 0.0171875 0.02734375
0 0.17890625 0.16171875 0.0140625 0.01796875
0 0.45625 0.24296875 0.01484375 0.025
0 0.17421875 0.35703125 0.01875 0.02578125
0 0.0421875 0.38125 0.0203125 0.02890625
0 0.50078125 0.24765625 0.01875 0.02890625
0 0.771875 0.07578125 0.01484375 0.0234375
0 0.446875 0.4359375 0.021875 0.03125
0 0.9765625 0.08828125 0.015625 0.02890625
0 0.5125 0.5796875 0.0265625 0.0390625
0 0.7484375 0.0421875 0.01484375 0.01953125
0 0.2796875 0.59921875 0.0234375 0.03125
0 0.19375 0.4234375 0.01875 0.02578125
0 0.478125 0.17578125 0.0140625 0.0234375
0 0.05546875 0.553125 0.0265625 0.03671875
0 0.0171875 0.2796875 0.015625 0.021875
0 0.296875 0.23125 0.0140625 0.01953125
0 0.5859375 0.096875 0.0140625 0.021875
0 0.0546875 0.25078125 0.015625 0.021875
0 0.32734375 0.1 0.0125 0.02109375
0 0.25625 0.2015625 0.01484375 0.01953125
0 0.9359375 0.05546875 0.01484375 0.01953125
0 0.0203125 0.55546875 0.0296875 0.04296875
0 0.22734375 0.24765625 0.0140625 0.02109375
0 0.415625 0.2546875 0.015625 0.021875
0 0.2328125 0.04453125 0.0109375 0.015625
0 0.3875 0.3953125 0.0203125 0.0328125
0 0.16875 0.33046875 0.01640625 0.02578125
0 0.6234375 0.053125 0.0140625 0.02109375
0 0.446875 0.31875 0.01875 0.02890625
0 0.4640625 0.3625 0.01953125 0.0296875
0 0.31328125 0.2484375 0.01484375 0.02109375
0 0.19375 0.21953125 0.01484375 0.021875
0 0.20390625 0.3296875 0.015625 0.0234375
0 0.28046875 0.29375 0.01875 0.025
0 0.1328125 0.17265625 0.0140625 0.01953125
0 0.665625 0.01875 0.0140625 0.025
0 0.70234375 0.0328125 0.0125 0.02109375
0 0.00703125 0.7953125 0.0140625 0.02734375
0 0.0828125 0.3671875 0.0171875 0.02578125
0 0.11875 0.18125 0.0140625 0.01796875
0 0.07109375 0.50390625 0.03046875 0.03359375
0 0.33046875 0.0765625 0.0109375 0.015625
0 0.58359375 0.05390625 0.0125 0.01953125
0 0.56484375 0.1109375 0.0125 0.02109375
0 0.21171875 0.16015625 0.0125 0.01796875
0 0.64765625 0.0125 0.0140625 0.01953125
0 0.30546875 0.128125 0.0140625 0.01953125
0 0.64375 0.0671875 0.01171875 0.01953125
0 0.2078125 0.04375 0.009375 0.0140625
0 0.35078125 0.26796875 0.0171875 0.0234375
0 0.4953125 0.05625 0.01171875 0.01796875
0 0.3671875 0.15 0.01171875 0.0171875
0 0.5671875 0.19296875 0.01484375 0.0234375
0 0.4671875 0.0390625 0.009375 0.015625
0 0.421875 0.13125 0.0140625 0.01953125
0 0.196875 0.05625 0.0109375 0.01796875
0 0.2421875 0.18125 0.0140625 0.0234375
0 0.409375 0.14921875 0.01484375 0.01953125
0 0.82578125 0.13203125 0.01484375 0.025
0 0.28203125 0.03046875 0.009375 0.0140625
0 0.57734375 0.0296875 0.01171875 0.01796875
0 0.43046875 0.00703125 0.0125 0.0140625
0 0.059375 0.1609375 0.0125 0.0171875
0 0.1453125 0.50078125 0.025 0.03515625
0 0.9703125 0.02421875 0.0140625 0.01953125
0 0.340625 0.2203125 0.01484375 0.02109375
0 0.29921875 0.46328125 0.02265625 0.03359375
0 0.44375 0.22265625 0.01484375 0.02109375
0 0.1859375 0.25625 0.01484375 0.01953125
0 0.54375 0.0203125 0.01171875 0.0171875
0 0.22578125 0.17265625 0.0140625 0.01953125
0 0.1515625 0.1421875 0.0140625 0.01953125
0 0.49296875 0.0390625 0.0109375 0.015625
0 0.415625 0.08203125 0.0109375 0.01796875
0 0.53125 0.1265625 0.0140625 0.02109375
0 0.09921875 0.57265625 0.0265625 0.03671875
0 0.14765625 0.22890625 0.0140625 0.02109375
0 0.2640625 0.2671875 0.015625 0.01953125
0 0.978125 0.0453125 0.0140625 0.021875
0 0.29375 0.31171875 0.01484375 0.01953125
0 0.25390625 0.034375 0.009375 0.0140625
0 0.51484375 0.06640625 0.0109375 0.01796875
0 0.18125 0.08515625 0.0109375 0.0171875
0 0.340625 0.28828125 0.01875 0.02734375
0 0.38203125 0.0921875 0.01171875 0.01796875
0 0.26640625 0.31875 0.015625 0.025
0 0.7890625 0.00546875 0.015625 0.01015625
0 0.25625 0.39765625 0.01953125 0.025
0 0.76640625 0.0515625 0.0140625 0.01953125
0 0.046875 0.1828125 0.0140625 0.01953125
0 0.23359375 0.1453125 0.01171875 0.01953125
0 0.190625 0.13046875 0.0140625 0.01796875
0 0.384375 0.4796875 0.02265625 0.0328125
0 0.00390625 0.2671875 0.0078125 0.0234375
0 0.271875 0.41875 0.01875 0.025
0 0.13984375 0.2046875 0.0125 0.01796875
0 0.75546875 0.00625 0.0125 0.01171875
0 0.234375 0.35078125 0.0171875 0.025
0 0.55 0.04375 0.0140625 0.025
0 0.3796875 0.36875 0.01640625 0.0234375
0 0.3140625 0.34140625 0.01640625 0.0234375
0 0.846875 0.0265625 0.0125 0.01953125
0 0.50625 0.02578125 0.0109375 0.01796875
0 0.28203125 0.06640625 0.01171875 0.01796875
0 0.00625 0.38125 0.01171875 0.0234375
0 0.4703125 0.05625 0.0109375 0.01796875
0 0.81171875 0.0125 0.0125 0.01953125
0 0.471875 0.921875 0.01875 0.02109375
0 0.28828125 0.08828125 0.01171875 0.01796875
0 0.15390625 0.29375 0.01640625 0.025
0 0.39453125 0.00703125 0.009375 0.0140625
0 0.575 0.7265625 0.01640625 0.0234375
0 0.478125 0.26796875 0.01640625 0.02578125
0 0.53984375 0.6171875 0.0203125 0.02890625
0 0.34453125 0.24453125 0.015625 0.0234375
0 0.39765625 0.2046875 0.01484375 0.0234375
0 0.35859375 0.29296875 0.01640625 0.0234375
0 0.11953125 0.4734375 0.0203125 0.0296875
0 0.075 0.47265625 0.0203125 0.02890625
0 0.94375 0.14375 0.01640625 0.025
0 0.1375 0.34921875 0.01484375 0.0234375
0 0.41875 0.01796875 0.0109375 0.01796875
0 0.53203125 0.0203125 0.0109375 0.0171875
0 0.88984375 0.03125 0.0109375 0.01796875
0 0.09765625 0.18671875 0.0140625 0.01953125
0 0.26640625 0.05703125 0.0109375 0.015625
0 0.43828125 0.18125 0.0140625 0.021875
0 0.0078125 0.34453125 0.015625 0.021875
0 0.82734375 0.00546875 0.0125 0.01015625
0 0.446875 0.0421875 0.0109375 0.0171875
0 0.19296875 0.396875 0.01875 0.0234375
0 0.5296875 0.1875 0.01484375 0.0234375
0 0.25390625 0.05625 0.009375 0.0171875
0 0.2796875 0.37421875 0.021875 0.025
0 0.19453125 0.28125 0.015625 0.0234375
0 0.45234375 0.06015625 0.0109375 0.01796875
0 0.62890625 0.23515625 0.015625 0.02734375
0 0.0328125 0.20546875 0.0140625 0.01796875
0 0.2421875 0.25546875 0.0140625 0.0234375
0 0.39140625 0.44140625 0.0234375 0.03359375
0 0.07734375 0.3109375 0.01484375 0.01953125
0 0.0453125 0.21796875 0.0140625 0.01953125
0 0.4796875 0.03125 0.009375 0.01328125
0 0.8375 0.08203125 0.0125 0.02109375
0 0.12421875 0.55390625 0.0265625 0.0375
0 0.99375 0.0265625 0.0109375 0.01953125
0 0.8578125 0.00625 0.0125 0.0125
0 0.31953125 0.0171875 0.009375 0.0140625
0 0.0046875 0.15546875 0.00859375 0.01953125
0 0.3453125 0.11015625 0.0140625 0.01953125
0 0.40703125 0.071875 0.009375 0.0171875
0 0.434375 0.06875 0.0125 0.01796875
0 0.240625 0.05625 0.0109375 0.0171875
0 0.446875 0.08046875 0.0125 0.01796875
0 0.14453125 0.1796875 0.009375 0.01796875
0 0.26796875 0.0828125 0.0109375 0.01953125
0 0.6328125 0.3390625 0.015625 0.021875