0 0.5421875 0.25625 0.0171875 0.02578125
0 0.09453125 0.53828125 0.04375 0.05859375
0 0.81875 0.19375 0.01484375 0.0234375
0 0.93046875 0.32421875 0.02265625 0.03125
0 0.459375 0.1796875 0.0125 0.0234375
0 0.48671875 0.36171875 0.0265625 0.0390625
0 0.7078125 0.3140625 0.01953125 0.03125
0 0.52421875 0.3125 0.025 0.03671875
0 0.55234375 0.2078125 0.01640625 0.021875
0 0.259375 0.1828125 0.015625 0.021875
0 0.428125 0.3625 0.025 0.0375
0 0.17109375 0.24921875 0.01875 0.0296875
0 0.48125 0.27890625 0.0203125 0.03125
0 0.8796875 0.3078125 0.0234375 0.03515625
0 0.484375 0.16796875 0.0140625 0.0234375
0 0.95625 0.26796875 0.0203125 0.03125
0 0.2109375 0.51875 0.040625 0.05859375
0 0.37890625 0.2953125 0.021875 0.0328125
0 0.4984375 0.25390625 0.02265625 0.02890625
0 0.92109375 0.234375 0.01484375 0.0234375
0 0.759375 0.2515625 0.0171875 0.02578125
0 0.82890625 0.24375 0.021875 0.02578125
0 0.74296875 0.10625 0.0140625 0.01953125
0 0.68359375 0.2515625 0.0171875 0.0234375
0 0.40078125 0.29453125 0.0203125 0.02890625
0 0.2828125 0.2828125 0.0203125 0.02890625
0 0.3328125 0.35703125 0.01953125 0.02890625
0 0.57421875 0.30546875 0.025 0.0375
0 0.7453125 0.28046875 0.0203125 0.0296875
0 0.45625 0.2578125 0.0203125 0.02890625
0 0.60625 0.23203125 0.01875 0.02578125
0 0.88359375 0.2234375 0.01484375 0.021875
0 0.82109375 0.3125 0.02421875 0.03125
0 0.92109375 0.18203125 0.01484375 0.0234375
0 0.6046875 0.490625 0.0265625 0.04453125
0 0.7390625 0.3375 0.021875 0.0328125
0 0.06875 0.1421875 0.01171875 0.015625
0 0.36328125 0.14375 0.0140625 0.01953125
0 0.77109375 0.20625 0.01484375 0.025
0 0.89296875 0.10546875 0.0125 0.01796875
0 0.7046875 0.10546875 0.0140625 0.01796875
0 0.18828125 0.19375 0.0140625 0.01953125
0 0.225 0.1734375 0.01484375 0.02109375
0 0.78515625 0.25703125 0.01953125 0.02734375
0 0.09453125 0.1703125 0.0125 0.01953125
0 0.434375 0.196875 0.0125 0.021875
0 0.25625 0.2140625 0.01484375 0.021875
0 0.57734375 0.51640625 0.0328125 0.053125
0 0.11953125 0.20390625 0.01640625 0.025
0 0.31484375 0.19375 0.0125 0.02109375
0 0.73125 0.38828125 0.01875 0.03125
0 0.63671875 0.24140625 0.01953125 0.0296875
0 0.665625 0.21328125 0.015625 0.02109375
0 0.27109375 0.15390625 0.0125 0.02109375
0 0.9046875 0.2046875 0.01484375 0.025
0 0.859375 0.1046875 0.0140625 0.01953125
0 0.515625 0.10546875 0.01171875 0.01796875
0 0.99296875 0.26640625 0.0125 0.0296875
0 0.815625 0.10703125 0.0125 0.02109375
0 0.61171875 0.18125 0.01484375 0.0234375
0 0.42421875 0.2703125 0.01875 0.02734375
0 0.00703125 0.21875 0.0140625 0.0234375
0 0.2078125 0.19375 0.0140625 0.01953125
0 0.78515625 0.3296875 0.0234375 0.0328125
0 0.43203125 0.32578125 0.0203125 0.02578125
0 0.98125 0.1625 0.015625 0.01953125
0 0.415625 0.1796875 0.0140625 0.0234375
0 0.22265625 0.38125 0.0234375 0.0390625
0 0.90703125 0.11875 0.0140625 0.01953125
0 0.38203125 0.20625 0.0171875 0.025
0 0.290625 0.14296875 0.0125 0.01796875
0 0.646875 0.31875 0.02421875 0.0375
0 0.884375 0.3484375 0.0203125 0.0328125
0 0.94453125 0.15078125 0.0140625 0.02109375
0 0.85625 0.19453125 0.01484375 0.021875
0 0.35859375 0.25703125 0.01875 0.025
0 0.3984375 0.20703125 0.015625 0.0234375
0 0.00625 0.1484375 0.0125 0.01796875
0 0.30859375 0.1578125 0.0140625 0.01796875
0 0.9359375 0.20625 0.0171875 0.025
0 0.21875 0.34765625 0.0234375 0.02578125
0 0.70234375 0.25703125 0.0171875 0.021875
0 0.165625 0.1765625 0.0125 0.01953125
0 0.57734375 0.26953125 0.01953125 0.0234375
0 0.94140625 0.1859375 0.015625 0.02109375
0 0.01484375 0.1328125 0.01171875 0.015625
0 0.59453125 0.1765625 0.015625 0.021875
0 0.115625 0.1546875 0.01171875 0.01953125
0 0.37109375 0.234375 0.0171875 0.0234375
0 0.990625 0.20078125 0.01484375 0.02578125
0 0.20234375 0.14765625 0.0125 0.0171875
0 0.55859375 0.1859375 0.0140625 0.01796875
0 0.790625 0.20703125 0.01484375 0.0234375
0 0.946875 0.12265625 0.01484375 0.02109375
0 0.60625 0.2625 0.01640625 0.025
0 0.78203125 0.13125 0.0140625 0.01953125
0 0.9671875 0.2171875 0.01640625 0.021875
0 0.20546875 0.31875 0.01875 0.03125
0 0.040625 0.23046875 0.01484375 0.01796875
0 0.040625 0.1421875 0.01171875 0.0140625
0 0.78828125 0.23515625 0.015625 0.021875
0 0.00390625 0.10625 0.0078125 0.0171875
0 0.8953125 0.2640625 0.01953125 0.0296875
0 0.5546875 0.1046875 0.01171875 0.01953125
0 0.59453125 0.28671875 0.021875 0.03125
0 0.2828125 0.21015625 0.01640625 0.021875
0 0.85625 0.21796875 0.01484375 0.01953125
0 0.2625 0.27578125 0.0171875 0.03125
0 0.0953125 0.11875 0.0109375 0.01328125
0 0.228125 0.57578125 0.0296875 0.04921875
0 0.89296875 0.13046875 0.01484375 0.0234375
0 0.290625 0.1625 0.0140625 0.01953125
0 0.47421875 0.32890625 0.02421875 0.03515625
0 0.409375 0.3328125 0.02421875 0.0328125
0 0.6828125 0.2203125 0.01484375 0.01796875
0 0.10234375 0.1375 0.01171875 0.0171875
0 0.63984375 0.20703125 0.01640625 0.0234375
0 0.97109375 0.14296875 0.01484375 0.0234375
0 0.184375 0.14765625 0.0125 0.0140625
0 0.33046875 0.07421875 0.01484375 0.01796875
0 0.8953125 0.5421875 0.0171875 0.021875
0 0.48984375 0.0984375 0.0125 0.01953125
0 0.88359375 0.19375 0.0140625 0.02109375
0 0.95234375 0.2390625 0.0171875 0.025
0 0.75703125 0.11015625 0.01171875 0.01953125
0 0.15703125 0.3375 0.0234375 0.0328125
0 0.290625 0.253125 0.01875 0.025
0 0.66484375 0.24453125 0.0171875 0.02109375
0 0.31171875 0.0828125 0.0125 0.0171875
0 0.58515625 0.33671875 0.0234375 0.0296875
0 0.73984375 0.415625 0.01875 0.025
0 0.20546875 0.17421875 0.01484375 0.01796875