0 0.8421875 0.1375 0.02265625 0.0296875
0 0.196875 0.1109375 0.021875 0.02890625
0 0.38203125 0.0796875 0.01953125 0.0296875
0 0.79609375 0.034375 0.01484375 0.01953125
0 0.6453125 0.2109375 0.0234375 0.03359375
0 0.46796875 0.09140625 0.01875 0.0234375
0 0.44375 0.190625 0.02421875 0.040625
0 0.88203125 0.08046875 0.0171875 0.0234375
0 0.65546875 0.0796875 0.0171875 0.02734375
0 0.165625 0.06640625 0.0171875 0.02578125
0 0.70625 0.09921875 0.0171875 0.0234375
0 0.10078125 0.11015625 0.0234375 0.03515625
0 0.3421875 0.11875 0.0203125 0.03125
0 0.42578125 0.084375 0.0171875 0.02890625
0 0.690625 0.18515625 0.02265625 0.03359375
0 0.81328125 0.18828125 0.02421875 0.0328125
0 0.0453125 0.09140625 0.0234375 0.03359375
0 0.59453125 0.05 0.01640625 0.025
0 0.47890625 0.03828125 0.01484375 0.025
0 0.5078125 0.134375 0.021875 0.0296875
0 0.01015625 0.1328125 0.0203125 0.03125
0 0.784375 0.08671875 0.0203125 0.025
0 0.56640625 0.20546875 0.02734375 0.0390625
0 0.75078125 0.109375 0.0171875 0.02578125
0 0.853125 0.0828125 0.0171875 0.025
0 0.121875 0.446875 0.0453125 0.0609375
0 0.98984375 0.09375 0.01875 0.02578125
0 0.81328125 0.25625 0.028125 0.04296875
0 0.80078125 0.3265625 0.0328125 0.04453125
0 0.71953125 0.04921875 0.01640625 0.02578125
0 0.52109375 0.06875 0.01484375 0.0234375
0 0.84453125 0.00703125 0.01484375 0.0140625
0 0.0234375 0.48203125 0.046875 0.07578125
0 0.49296875 0.05390625 0.01484375 0.021875
0 0.53828125 0.32265625 0.03125 0.04453125
0 0.0609375 0.18125 0.02265625 0.03125
0 0.6828125 0.021875 0.01484375 0.02109375
0 0.95546875 0.13046875 0.02265625 0.02578125
0 0.00625 0.10390625 0.01171875 0.02578125
0 0.75234375 0.05 0.01484375 0.01953125
0 0.71015625 0.1453125 0.02265625 0.0296875
0 0.24375 0.06875 0.0171875 0.025
0 0.4484375 0.06015625 0.01484375 0.0234375
0 0.8921875 0.05625 0.0171875 0.0234375
0 0.9046875 0.1625 0.02265625 0.0296875
0 0.93046875 0.04453125 0.01484375 0.0234375
0 0.5765625 0.04296875 0.015625 0.0234375
0 0.9515625 0.0546875 0.0171875 0.02578125
0 0.78828125 0.0625 0.0171875 0.0234375
0 0.86328125 0.0453125 0.015625 0.021875
0 0.64765625 0.78203125 0.10234375 0.13125
0 0.6484375 0.02421875 0.015625 0.01953125
0 0.8390625 0.1734375 0.0234375 0.0328125
0 0.55078125 0.0234375 0.015625 0.02109375
0 0.99375 0.04765625 0.009375 0.021875
0 0.61328125 0.05625 0.015625 0.025
0 0.00625 0.01796875 0.0125 0.03125
0 0.46171875 0.0109375 0.01484375 0.021875
0 0.60625 0.0296875 0.01484375 0.021875
0 0.61640625 0.00625 0.0140625 0.0125
0 0.046875 0.00625 0.0171875 0.01171875
0 0.97578125 0.01953125 0.01484375 0.0234375
0 0.078125 0.35 0.04296875 0.0640625
0 0.81484375 0.0421875 0.01484375 0.025
0 0.7046875 0.00625 0.0140625 0.01171875
0 0.8578125 0.115625 0.021875 0.02890625
0 0.9671875 0.234375 0.02734375 0.03671875
0 0.5125 0.3765625 0.02734375 0.04140625
0 0.56953125 0.13828125 0.0171875 0.03125
0 0.99296875 0.1625 0.01171875 0.02890625
0 0.13359375 0.009375 0.0171875 0.01875
0 0.9296875 0.00703125 0.015625 0.0140625
0 0.98671875 0.1953125 0.02421875 0.03359375
0 0.91328125 0.06796875 0.0171875 0.0234375
0 0.80859375 0.41640625 0.0234375 0.03125
0 0.69296875 0.0515625 0.01875 0.021875
0 0.81171875 0.0109375 0.01484375 0.01953125
0 0.721875 0.00625 0.01484375 0.01171875
0 0.4953125 0.103125 0.01640625 0.025
0 0.63359375 0.00625 0.0140625 0.0125
0 0.0578125 0.30078125 0.02734375 0.04140625