0 0.25625 0.56875 0.03828125 0.05703125
0 0.35078125 0.634375 0.040625 0.0609375
0 0.1234375 0.31875 0.0203125 0.0296875
0 0.353125 0.34140625 0.02265625 0.03125
0 0.1625 0.909375 0.06328125 0.08984375
0 0.690625 0.26328125 0.02265625 0.03125
0 0.97734375 0.24296875 0.0265625 0.04296875
0 0.8671875 0.384375 0.03125 0.0484375
0 0.11796875 0.67578125 0.0453125 0.06796875
0 0.9640625 0.1609375 0.015625 0.025
0 0.26796875 0.65078125 0.0359375 0.05234375
0 0.409375 0.33828125 0.025 0.03671875
0 0.015625 0.6671875 0.03125 0.06875
0 0.63515625 0.2828125 0.0203125 0.03125
0 0.48984375 0.196875 0.0125 0.01953125
0 0.32109375 0.9359375 0.06171875 0.09921875
0 0.85078125 0.15546875 0.015625 0.025
0 0.81484375 0.10625 0.0125 0.01953125
0 0.94609375 0.08046875 0.01171875 0.01796875
0 0.696875 0.13125 0.0140625 0.01953125
0 0.7703125 0.08125 0.01171875 0.0171875
0 0.6078125 0.20390625 0.0140625 0.021875
0 0.78515625 0.3984375 0.0375 0.0546875
0 0.259375 0.20625 0.01171875 0.0171875
0 0.090625 0.1984375 0.0140625 0.0171875
0 0.46484375 0.1796875 0.0140625 0.02109375
0 0.29375 0.20078125 0.01484375 0.01796875
0 0.04375 0.2046875 0.01171875 0.01328125
0 0.846875 0.08203125 0.0109375 0.01796875
0 0.665625 0.1390625 0.01171875 0.0171875
0 0.728125 0.1359375 0.01171875 0.01953125
0 0.8734375 0.1734375 0.01484375 0.0234375
0 0.065625 0.18828125 0.0109375 0.0140625
0 0.3546875 0.1671875 0.0109375 0.0140625
0 0.0125 0.596875 0.025 0.05078125
0 0.146875 0.21328125 0.01171875 0.015625
0 0.446875 0.1921875 0.0125 0.0171875
0 0.63125 0.11796875 0.0109375 0.0140625
0 0.20234375 0.2890625 0.0203125 0.02890625
0 0.61953125 0.11796875 0.00859375 0.0171875
0 0.225 0.21796875 0.0125 0.01953125
0 0.3109375 0.85625 0.040625 0.04296875
0 0.18125 0.190625 0.0109375 0.0140625
0 0.8703125 0.0609375 0.00859375 0.0140625
0 0.8703125 0.0921875 0.0109375 0.01328125
0 0.74296875 0.06875 0.00859375 0.01328125
0 0.6203125 0.26015625 0.015625 0.0234375
0 0.74140625 0.0875 0.009375 0.0140625
0 0.08359375 0.18046875 0.0109375 0.0140625
0 0.8296875 0.0671875 0.009375 0.0140625
0 0.853125 0.05625 0.009375 0.01328125
0 0.18046875 0.165625 0.0109375 0.0140625
0 0.8921875 0.0546875 0.0078125 0.01328125
0 0.45703125 0.15625 0.009375 0.01328125
0 0.91875 0.05625 0.0078125 0.01328125
0 0.1671875 0.20078125 0.009375 0.015625
0 0.2046875 0.209375 0.01171875 0.015625
0 0.99453125 0.06796875 0.00859375 0.01796875
0 0.00703125 0.18125 0.009375 0.01328125
0 0.396875 0.16796875 0.01171875 0.01796875
0 0.96796875 0.04296875 0.0078125 0.01328125
0 0.9046875 0.05390625 0.0078125 0.01171875
0 0.86875 0.04296875 0.00703125 0.01328125
0 0.88125 0.01875 0.00703125 0.01171875
0 0.9078125 0.071875 0.00859375 0.0140625
0 0.01484375 0.22890625 0.0125 0.015625
0 0.721875 0.09453125 0.0109375 0.0171875
0 0.85625 0.0421875 0.00703125 0.01171875
0 0.03203125 0.17890625 0.00859375 0.01171875
0 0.8109375 0.0859375 0.009375 0.015625
0 0.9671875 0.03046875 0.00625 0.01171875
0 0.98125 0.0921875 0.01171875 0.01796875
0 0.4125 0.1640625 0.0109375 0.01796875
0 0.05625 0.2671875 0.01484375 0.01953125
0 0.9671875 0.0640625 0.00859375 0.01328125
0 0.58046875 0.1203125 0.00859375 0.0140625
0 0.90546875 0.0171875 0.00703125 0.01171875
0 0.93046875 0.0421875 0.00703125 0.01171875
0 0.0203125 0.17890625 0.00859375 0.01171875
0 0.99453125 0.0296875 0.00859375 0.01328125
0 0.8421875 0.05625 0.0078125 0.01328125
0 0.93828125 0.06171875 0.0078125 0.01171875
0 0.89296875 0.0171875 0.00703125 0.0078125
0 0.42109375 0.1453125 0.0109375 0.0140625
0 0.9375 0.0375 0.0078125 0.01171875
0 0.91875 0.06875 0.0078125 0.01328125
0 0.34453125 0.1796875 0.009375 0.015625
0 0.81171875 0.03828125 0.00703125 0.01171875
0 0.0296875 0.19375 0.0109375 0.01328125
0 0.94453125 0.0046875 0.0078125 0.009375
0 0.95546875 0.05625 0.00859375 0.01328125
0 0.95546875 0.01875 0.00703125 0.01171875
0 0.95859375 0.10390625 0.0125 0.01796875
0 0.1296875 0.165625 0.00859375 0.01171875
0 0.42421875 0.171875 0.0109375 0.015625
0 0.91875 0.0171875 0.00703125 0.01171875
0 0.1421875 0.19375 0.0109375 0.01171875
0 0.95546875 0.0296875 0.00703125 0.01015625
0 0.790625 0.09453125 0.0109375 0.0140625