0 0.8109375 0.09140625 0.01953125 0.03125
0 0.65078125 0.3109375 0.028125 0.0484375
0 0.8546875 0.0359375 0.0171875 0.02734375
0 0.821875 0.05625 0.01875 0.02578125
0 0.6078125 0.41015625 0.040625 0.06796875
0 0.6796875 0.0171875 0.0171875 0.02578125
0 0.9046875 0.2796875 0.03515625 0.05625
0 0.3734375 0.3796875 0.0359375 0.053125
0 0.265625 0.44140625 0.0390625 0.04921875
0 0.43671875 0.17890625 0.02421875 0.0375
0 0.50078125 0.3125 0.03046875 0.05234375
0 0.16015625 0.3296875 0.03125 0.04140625
0 0.49296875 0.1234375 0.02265625 0.0375
0 0.9359375 0.34375 0.0421875 0.0625
0 0.3734375 0.43671875 0.0375 0.0609375
0 0.7671875 0.04921875 0.01953125 0.03125
0 0.97265625 0.05 0.021875 0.0328125
0 0.45859375 0.30078125 0.03046875 0.04921875
0 0.71796875 0.18125 0.02421875 0.04453125
0 0.7875 0.07265625 0.01953125 0.03125
0 0.15625 0.48828125 0.0453125 0.0625
0 0.64296875 0.07578125 0.0203125 0.03125
0 0.7796875 0.30625 0.03125 0.04921875
0 0.56953125 0.22578125 0.02734375 0.0453125
0 0.284375 0.315625 0.034375 0.05078125
0 0.7796875 0.4640625 0.04609375 0.06875
0 0.3296875 0.35390625 0.0375 0.0546875
0 0.1234375 0.38203125 0.04375 0.05859375
0 0.1390625 0.25390625 0.02734375 0.03359375
0 0.83671875 0.16796875 0.02421875 0.0390625
0 0.7625 0.15546875 0.0234375 0.04296875
0 0.7109375 0.02421875 0.0171875 0.0296875
0 0.3640625 0.175 0.0234375 0.0328125
0 0.0296875 0.3328125 0.0375 0.0453125
0 0.6828125 0.34453125 0.03828125 0.0609375
0 0.2375 0.1875 0.0265625 0.0390625
0 0.2046875 0.6875 0.053125 0.08046875
0 0.68828125 0.20546875 0.03125 0.04921875
0 0.55 0.53671875 0.05078125 0.08046875
0 0.46171875 0.15 0.02421875 0.03671875
0 0.334375 0.44375 0.04296875 0.06875
0 0.3078125 0.18671875 0.025 0.0375
0 0.34453125 0.26171875 0.03125 0.04453125
0 0.259375 0.5078125 0.05078125 0.07265625
0 0.984375 0.19375 0.0296875 0.05078125
0 0.4359375 0.14375 0.02265625 0.0296875
0 0.40703125 0.31875 0.03515625 0.05078125
0 0.80234375 0.1625 0.03046875 0.05078125
0 0.440625 0.44375 0.0515625 0.08203125
0 0.85625 0.08828125 0.025 0.03671875
0 0.28203125 0.2296875 0.0296875 0.0453125
0 0.6140625 0.7125 0.0640625 0.09375
0 0.9640625 0.58828125 0.06640625 0.09609375
0 0.3328125 0.665625 0.0609375 0.08984375
0 0.71484375 0.11875 0.0234375 0.0328125
0 0.23125 0.2984375 0.03046875 0.0484375
0 0.91875 0.15 0.028125 0.0390625
0 0.190625 0.2828125 0.03046875 0.05703125
0 0.6765625 0.06328125 0.021875 0.0328125
0 0.790625 0.03671875 0.01875 0.02578125
0 0.740625 0.1171875 0.0203125 0.02890625
0 0.2078125 0.23671875 0.03125 0.0390625
0 0.23671875 0.596875 0.0578125 0.08984375
0 0.50234375 0.209375 0.0265625 0.046875
0 0.46953125 0.19453125 0.0296875 0.04296875
0 0.41015625 0.19453125 0.025 0.0375
0 0.91796875 0.08671875 0.01953125 0.0328125
0 0.87890625 0.0359375 0.021875 0.0296875
0 0.73671875 0.0578125 0.02265625 0.0328125
0 0.55625 0.11328125 0.02421875 0.03671875
0 0.43046875 0.225 0.028125 0.0390625
0 0.9265625 0.0328125 0.021875 0.03125
0 0.9859375 0.08828125 0.025 0.03671875
0 0.675 0.1546875 0.03046875 0.04140625
0 0.7375 0.815625 0.06953125 0.115625
0 0.6328125 0.125 0.0234375 0.03671875
0 0.01484375 0.57578125 0.0296875 0.0765625
0 0.159375 0.28671875 0.03125 0.0390625
0 0.18125 0.3734375 0.0390625 0.0484375
0 0.05390625 0.38125 0.0484375 0.05625
0 0.50703125 0.05078125 0.01953125 0.03125
0 0.95234375 0.03671875 0.01953125 0.0234375
0 0.8359375 0.02890625 0.0171875 0.02890625
0 0.5515625 0.03203125 0.021875 0.02734375
0 0.1453125 0.6921875 0.05078125 0.0765625
0 0.56171875 0.1828125 0.0265625 0.040625
0 0.590625 0.0984375 0.0203125 0.03515625
0 0.6359375 0.20703125 0.0296875 0.0390625
0 0.79375 0.00625 0.01953125 0.01171875
0 0.540625 0.06171875 0.02265625 0.0296875
0 0.9484375 0.0640625 0.0203125 0.03125
0 0.64609375 0.03125 0.01875 0.02578125
0 0.6015625 0.0328125 0.0171875 0.02890625
0 0.534375 0.11171875 0.0203125 0.03125
0 0.8734375 0.53828125 0.0578125 0.0875
0 0.7484375 0.0890625 0.021875 0.0296875
0 0.60625 0.15 0.0265625 0.04296875
0 0.56953125 0.0546875 0.0171875 0.0234375
0 0.071875 0.43828125 0.04609375 0.05625
0 0.68046875 0.09453125 0.0203125 0.0328125
0 0.725 0.00625 0.01640625 0.01171875
0 0.69453125 0.43203125 0.04296875 0.06015625
0 0.571875 0.0796875 0.021875 0.03125
0 0.5921875 0.00859375 0.01640625 0.0171875
0 0.9484375 0.109375 0.021875 0.03359375
0 0.190625 0.16171875 0.02265625 0.03125
0 0.84453125 0.12890625 0.0265625 0.03125
0 0.3921875 0.22421875 0.025 0.0390625
0 0.696875 0.05390625 0.01953125 0.0296875
0 0.62578125 0.26171875 0.0296875 0.04921875
0 0.515625 0.10390625 0.0171875 0.02578125
0 0.840625 0.00625 0.0171875 0.01171875
0 0.75390625 0.00625 0.01953125 0.01171875
0 0.7375 0.02265625 0.0171875 0.025
0 0.009375 0.50625 0.01875 0.05625
0 0.8953125 0.075 0.0234375 0.0375
0 0.95625 0.01171875 0.01953125 0.0234375
0 0.409375 0.16171875 0.0203125 0.03125
0 0.49375 0.08046875 0.01875 0.03125
0 0.88203125 0.00625 0.0171875 0.0125
0 0.50703125 0.01875 0.0171875 0.02734375
0 0.26875 0.27421875 0.025 0.0375
0 0.83046875 0.0875 0.02265625 0.03671875
0 0.7015625 0.0875 0.0203125 0.02734375
0 0.99296875 0.0171875 0.01171875 0.025
0 0.81640625 0.00625 0.0171875 0.0125
0 0.65078125 0.00625 0.0171875 0.0125
0 0.5203125 0.07421875 0.0171875 0.03125
0 0.9 0.00546875 0.0171875 0.01015625