0 0.48046875 0.54921875 0.0390625 0.0625
0 0.7796875 0.33828125 0.02734375 0.04453125
0 0.378125 0.15 0.01875 0.0296875
0 0.35625 0.1265625 0.01875 0.02890625
0 0.2453125 0.46875 0.040625 0.0625
0 0.39140625 0.1 0.015625 0.02890625
0 0.13984375 0.35625 0.03203125 0.0484375
0 0.38984375 0.51328125 0.04609375 0.0703125
0 0.3078125 0.15546875 0.0203125 0.025
0 0.70703125 0.49375 0.0296875 0.04453125
0 0.128125 0.46953125 0.0375 0.0609375
0 0.540625 0.39296875 0.03203125 0.0546875
0 0.85625 0.16953125 0.02265625 0.03671875
0 0.09296875 0.36875 0.0359375 0.04921875
0 0.46953125 0.09921875 0.01640625 0.02578125
0 0.97421875 0.146875 0.0203125 0.03125
0 0.18828125 0.2046875 0.02265625 0.03515625
0 0.60859375 0.2671875 0.02421875 0.0390625
0 0.85859375 0.2921875 0.03046875 0.0453125
0 0.28203125 0.1546875 0.01953125 0.0296875
0 0.6828125 0.31875 0.02734375 0.04453125
0 0.61796875 0.22265625 0.01875 0.03125
0 0.6484375 0.19375 0.0234375 0.0390625
0 0.978125 0.0609375 0.01640625 0.0234375
0 0.1546875 0.10546875 0.01484375 0.01796875
0 0.203125 0.1578125 0.0171875 0.03125
0 0.7171875 0.08515625 0.01640625 0.025
0 0.78046875 0.1265625 0.0171875 0.03125
0 0.590625 0.15 0.01875 0.0296875
0 0.459375 0.1484375 0.01953125 0.02578125
0 0.68203125 0.1046875 0.01640625 0.025
0 0.5296875 0.04296875 0.0140625 0.01796875
0 0.071875 0.084375 0.0125 0.02109375
0 0.8171875 0.2 0.02734375 0.0375
0 0.425 0.15078125 0.0203125 0.02890625
0 0.190625 0.13515625 0.01640625 0.0234375
0 0.54375 0.10703125 0.0171875 0.02578125
0 0.6515625 0.0296875 0.01484375 0.02109375
0 0.56328125 0.1734375 0.01953125 0.02890625
0 0.57578125 0.08203125 0.01484375 0.0234375
0 0.846875 0.03515625 0.01484375 0.02109375
0 0.225 0.1421875 0.01640625 0.025
0 0.978125 0.03515625 0.01484375 0.02109375
0 0.8265625 0.03515625 0.0140625 0.02109375
0 0.50078125 0.13125 0.0171875 0.02578125
0 0.6828125 0.009375 0.0125 0.01875
0 0.50703125 0.0890625 0.01484375 0.021875
0 0.23359375 0.05625 0.0125 0.01796875
0 0.17890625 0.10390625 0.01484375 0.02109375
0 0.765625 0.01875 0.0140625 0.01953125
0 0.6234375 0.0921875 0.01953125 0.02578125
0 0.61875 0.0234375 0.0140625 0.01796875
0 0.6015625 0.0875 0.015625 0.021875
0 0.79609375 0.1 0.01640625 0.025
0 0.628125 0.00625 0.0125 0.0125
0 0.715625 0.05625 0.0125 0.021875
0 0.05234375 0.7328125 0.075 0.1078125
0 0.7328125 0.00703125 0.0140625 0.0140625
0 0.73046875 0.03828125 0.0140625 0.01953125
0 0.87734375 0.034375 0.0125 0.01953125
0 0.5078125 0.01015625 0.0140625 0.01796875
0 0.48515625 0.0875 0.015625 0.02578125
0 0.75625 0.1234375 0.01640625 0.02578125
0 0.8328125 0.00703125 0.0140625 0.0140625
0 0.56640625 0.0078125 0.01171875 0.015625
0 0.571875 0.13515625 0.0171875 0.02578125
0 0.14609375 0.05390625 0.0125 0.0171875
0 0.46796875 0.00703125 0.0140625 0.0140625
0 0.753125 0.0078125 0.0125 0.015625
0 0.60234375 0.03125 0.0140625 0.02109375
0 0.5609375 0.2015625 0.01953125 0.0328125
0 0.2421875 0.19453125 0.015625 0.025
0 0.80859375 0.03046875 0.0140625 0.01953125
0 0.25703125 0.06171875 0.0140625 0.01953125
0 0.790625 0.034375 0.01171875 0.01953125
0 0.69453125 0.01796875 0.01171875 0.01796875
0 0.7796875 0.00625 0.0125 0.01171875
0 0.65703125 0.00625 0.0125 0.01171875
0 0.4921875 0.00625 0.01171875 0.01171875
0 0.6046875 0.00625 0.0140625 0.01171875
0 0.19375 0.021875 0.0109375 0.015625
0 0.31484375 0.03125 0.0125 0.01796875
0 0.99375 0.0359375 0.009375 0.021875
0 0.66875 0.01875 0.0125 0.0171875
0 0.04375 0.0484375 0.01171875 0.0171875
0 0.52109375 0.01796875 0.0125 0.01796875
0 0.04375 0.0171875 0.00859375 0.0140625
0 0.13125 0.00625 0.0109375 0.01171875
0 0.71875 0.00625 0.0125 0.0125
0 0.01640625 0.02890625 0.009375 0.01328125
0 0.9640625 0.0140625 0.01484375 0.02109375
0 0.13203125 0.05 0.01171875 0.0171875
0 0.3 0.00703125 0.0125 0.01171875
0 0.2140625 0.0109375 0.009375 0.0140625
0 0.5203125 0.115625 0.015625 0.0234375
0 0.9046875 0.0171875 0.01484375 0.025
0 0.8640625 0.1 0.01953125 0.0234375
0 0.1671875 0.0171875 0.0109375 0.0140625
0 0.14375 0.00625 0.0109375 0.01171875
0 0.2421875 0.00546875 0.009375 0.01015625
0 0.0578125 0.040625 0.01171875 0.01953125
0 0.7046875 0.00625 0.01171875 0.01171875
0 0.15703125 0.00546875 0.00859375 0.01015625
0 0.0296875 0.01796875 0.0078125 0.01328125
0 0.23125 0.00625 0.0109375 0.01171875
0 0.0109375 0.13671875 0.015625 0.0234375
0 0.71796875 0.0234375 0.0125 0.01796875
0 0.86171875 0.0140625 0.0125 0.01953125
0 0.92734375 0.01328125 0.01484375 0.0234375
0 0.0796875 0.01796875 0.009375 0.01328125
0 0.8640625 0.034375 0.0140625 0.01953125
0 0.6734375 0.04375 0.0140625 0.01953125
0 0.05703125 0.01796875 0.00859375 0.01328125
0 0.86171875 0.1265625 0.0203125 0.03125
0 0.11484375 0.0296875 0.0109375 0.0140625
0 0.1203125 0.00625 0.0109375 0.01171875
0 0.45390625 0.08203125 0.015625 0.0234375
0 0.2625 0.0109375 0.0109375 0.0171875
0 0.2265625 0.0296875 0.009375 0.0171875
0 0.48359375 0.02421875 0.01171875 0.01796875
0 0.06875 0.00546875 0.00859375 0.01015625
0 0.790625 0.0078125 0.01171875 0.015625
0 0.1796875 0.0171875 0.009375 0.0140625
0 0.16875 0.00546875 0.00859375 0.01015625
0 0.19453125 0.00546875 0.009375 0.01015625
0 0.4546875 0.00703125 0.01171875 0.0140625
0 0.58359375 0.0609375 0.01484375 0.02109375
0 0.0296875 0.0421875 0.0109375 0.0140625
0 0.92109375 0.0390625 0.0140625 0.02109375
0 0.00546875 0.0296875 0.0109375 0.01328125
0 0.8046875 0.009375 0.01171875 0.0171875
0 0.703125 0.03671875 0.01171875 0.01796875
0 0.1546875 0.0296875 0.009375 0.0140625
0 0.27421875 0.01328125 0.0125 0.0140625
0 0.24375 0.01875 0.0109375 0.0140625
0 0.05625 0.00546875 0.00703125 0.01015625
0 0.58125 0.0171875 0.01171875 0.01796875
0 0.08046875 0.00546875 0.00859375 0.01015625
0 0.55390625 0.03828125 0.0140625 0.01953125
0 0.38125 0.00625 0.01171875 0.01171875
0 0.5421875 0.00546875 0.009375 0.01015625
0 0.0171875 0.00546875 0.0078125 0.01015625
0 0.365625 0.00625 0.009375 0.0125
0 0.92109375 0.06875 0.01640625 0.02578125
0 0.353125 0.04296875 0.01171875 0.01796875
0 0.9609375 0.03671875 0.0140625 0.0234375
0 0.34453125 0.00703125 0.01171875 0.0140625
0 0.10703125 0.00625 0.0109375 0.01171875
0 0.1328125 0.02890625 0.009375 0.015625
0 0.58046875 0.040625 0.0125 0.01953125
0 0.00625 0.00625 0.00859375 0.01171875
0 0.6171875 0.0453125 0.0140625 0.021875
0 0.0921875 0.040625 0.0109375 0.0171875
0 0.25234375 0.0421875 0.0125 0.0171875
0 0.634375 0.11796875 0.01875 0.025
0 0.54375 0.08203125 0.01640625 0.02109375
0 0.55390625 0.0171875 0.009375 0.015625
0 0.07734375 0.04453125 0.0125 0.01796875
0 0.4203125 0.00703125 0.0140625 0.0140625
0 0.39921875 0.03125 0.01171875 0.01875
0 0.4546875 0.02734375 0.0109375 0.0125