0 0.2421875 0.609375 0.01953125 0.06015625
0 0.9796875 0.66640625 0.0234375 0.065625
0 0.93828125 0.86328125 0.0234375 0.0765625
0 0.5890625 0.59296875 0.01953125 0.04921875
0 0.7140625 0.7625 0.01953125 0.06015625
0 0.6046875 0.75390625 0.0234375 0.0765625
0 0.66171875 0.715625 0.02578125 0.0765625
0 0.87421875 0.7046875 0.01953125 0.065625
0 0.84453125 0.78984375 0.021875 0.06015625
0 0.51484375 0.7046875 0.021875 0.0765625
0 0.84921875 0.609375 0.021875 0.06015625
0 0.31796875 0.51875 0.01953125 0.0546875
0 0.14765625 0.7046875 0.0234375 0.065625
0 0.39765625 0.67734375 0.0234375 0.065625
0 0.33046875 0.76796875 0.0234375 0.06015625
0 0.284375 0.5109375 0.021875 0.06015625
0 0.13125 0.80078125 0.02578125 0.07109375
0 0.14296875 0.45078125 0.01953125 0.04921875
0 0.6015625 0.65859375 0.021875 0.06015625
0 0.77265625 0.653125 0.01953125 0.06015625
0 0.371875 0.19375 0.01484375 0.04921875
0 0.54296875 0.9703125 0.03046875 0.04921875
0 0.884375 0.825 0.0234375 0.0875
0 0.18828125 0.959375 0.028125 0.06015625
0 0.1328125 0.584375 0.01484375 0.065625
0 0.61015625 0.15546875 0.0171875 0.04921875
0 0.74921875 0.7046875 0.01953125 0.0875
0 0.4890625 0.65546875 0.021875 0.04375
0 0.3859375 0.49765625 0.0171875 0.04375
0 0.684375 0.56015625 0.01953125 0.06015625
0 0.8546875 0.89921875 0.0234375 0.07109375
0 0.66171875 0.87421875 0.021875 0.0765625
0 0.9828125 0.5109375 0.021875 0.06015625
0 0.3546875 0.66953125 0.01953125 0.06015625
0 0.2015625 0.4125 0.01484375 0.04921875
0 0.440625 0.9375 0.0234375 0.08203125
0 0.565625 0.39921875 0.01484375 0.0546875
0 0.5546875 0.46171875 0.01953125 0.06015625
0 0.7890625 0.86328125 0.03046875 0.0875
0 0.51875 0.01875 0.0125 0.0375
0 0.5765625 0.91015625 0.0234375 0.07109375
0 0.0734375 0.78984375 0.021875 0.07109375
0 0.79921875 0.7625 0.021875 0.06015625
0 0.284375 0.5953125 0.021875 0.065625
0 0.0796875 0.89921875 0.021875 0.06015625
0 0.43671875 0.56015625 0.01484375 0.06015625
0 0.21796875 0.42109375 0.0171875 0.04375
0 0.646875 0.46171875 0.0171875 0.04921875
0 0.346875 0.325 0.0171875 0.04921875
0 0.7765625 0.71875 0.01953125 0.06015625
0 0.67578125 0.1171875 0.01484375 0.04921875
0 0.415625 0.15859375 0.01328125 0.0546875
0 0.2265625 0.215625 0.021875 0.04921875
0 0.38046875 0.01328125 0.0140625 0.0265625
0 0.20703125 0.5953125 0.0171875 0.0546875
0 0.32578125 0.2265625 0.0171875 0.04921875
0 0.490625 0.715625 0.01953125 0.0546875
0 0.9140625 0.67734375 0.021875 0.065625
0 0.4796875 0.54375 0.01953125 0.06015625
0 0.53359375 0.66640625 0.01953125 0.065625
0 0.440625 0.45078125 0.01484375 0.04921875
0 0.1765625 0.24296875 0.0171875 0.04921875
0 0.73046875 0.628125 0.021875 0.065625
0 0.496875 0.434375 0.01484375 0.04921875
0 0.4796875 0.8140625 0.0234375 0.0765625
0 0.7953125 0.49765625 0.0171875 0.04375
0 0.7046875 0.88515625 0.021875 0.065625
0 0.4328125 0.69140625 0.0171875 0.06015625
0 0.5890625 0.0953125 0.01484375 0.04921875
0 0.21953125 0.52421875 0.0171875 0.0546875
0 0.684375 0.3171875 0.01484375 0.065625
0 0.41796875 0.05703125 0.0171875 0.06015625
0 0.346875 0.04609375 0.0171875 0.04921875
0 0.465625 0.39921875 0.0171875 0.0765625
0 0.1640625 0.9125 0.02578125 0.0765625
0 0.44296875 0.6203125 0.01953125 0.06015625
0 0.621875 0.64453125 0.01953125 0.0765625
0 0.65546875 0.27578125 0.021875 0.04921875
0 0.4453125 0.325 0.01484375 0.04921875
0 0.6328125 0.0953125 0.01484375 0.03828125
0 0.95546875 0.97265625 0.03671875 0.04375
0 0.321875 0.65546875 0.01953125 0.065625
0 0.35546875 0.46171875 0.021875 0.06015625
0 0.56796875 0.0109375 0.01484375 0.021875
0 0.30390625 0.37421875 0.0171875 0.04921875
0 0.30078125 0.85 0.0234375 0.06015625
0 0.721875 0.459375 0.0171875 0.065625
0 0.77578125 0.303125 0.0171875 0.06015625
0 0.53203125 0.609375 0.0171875 0.06015625
0 0.59453125 0.325 0.0171875 0.07109375
0 0.57109375 0.1203125 0.0171875 0.0546875
0 0.2140625 0.0109375 0.01953125 0.021875
0 0.684375 0.215625 0.01484375 0.04921875
0 0.896875 0.55703125 0.021875 0.0546875
0 0.70078125 0.28984375 0.0171875 0.065625
0 0.19609375 0.2046875 0.0171875 0.03828125
0 0.5859375 0.24296875 0.0171875 0.04921875
0 0.23359375 0.10625 0.01484375 0.04921875
0 0.57109375 0.303125 0.0171875 0.04921875
0 0.4328125 0.14453125 0.01328125 0.04921875
0 0.62578125 0.5328125 0.01953125 0.06015625
0 0.4484375 0.38515625 0.01328125 0.04921875
0 0.2421875 0.26796875 0.01484375 0.04375
0 0.43671875 0.04609375 0.0109375 0.03828125
0 0.371875 0.2921875 0.01484375 0.04921875
0 0.2921875 0.13359375 0.01484375 0.04921875
0 0.21953125 0.13125 0.01328125 0.0328125
0 0.76953125 0.39921875 0.0171875 0.0546875
0 0.74140625 0.53515625 0.0171875 0.0875
0 0.70234375 0.66953125 0.021875 0.06015625
0 0.59921875 0.5109375 0.0171875 0.06015625
0 0.146875 0.36328125 0.0171875 0.04921875
0 0.315625 0.28984375 0.01484375 0.065625
0 0.38046875 0.584375 0.01953125 0.0546875
0 0.79765625 0.325 0.021875 0.07109375
0 0.53203125 0.4015625 0.0171875 0.06015625
0 0.40859375 0.34140625 0.0109375 0.04921875
0 0.1078125 0.71875 0.021875 0.06015625
0 0.259375 0.19375 0.01484375 0.04921875
0 0.1953125 0.084375 0.01484375 0.06015625
0 0.503125 0.0953125 0.0109375 0.04921875
0 0.51953125 0.28984375 0.01328125 0.065625
0 0.5265625 0.521875 0.01484375 0.04921875
0 0.2609375 0.04921875 0.0171875 0.04375
0 0.4203125 0.2921875 0.01328125 0.04921875
0 0.44296875 0.0109375 0.01484375 0.021875
0 0.37578125 0.3609375 0.01484375 0.04375
0 0.31171875 0.16953125 0.0109375 0.0546875
0 0.03046875 0.959375 0.02578125 0.06015625
0 0.5578125 0.55703125 0.0171875 0.0546875
0 0.24140625 0.0078125 0.0171875 0.015625
0 0.35859375 0.934375 0.0234375 0.065625
0 0.36640625 0.521875 0.0171875 0.04921875
0 0.3890625 0.28984375 0.01484375 0.0546875
0 0.32734375 0.18046875 0.01328125 0.04375
0 0.4140625 0.57109375 0.021875 0.04921875
0 0.5453125 0.05703125 0.01328125 0.04921875
0 0.32578125 0.13359375 0.0171875 0.04921875
0 0.2875 0.4453125 0.01953125 0.06015625
0 0.6015625 0.88828125 0.021875 0.07109375
0 0.26484375 0.6828125 0.0171875 0.0546875
0 0.5734375 0.07109375 0.01328125 0.04375
0 0.465625 0.26484375 0.0171875 0.07109375
0 0.54296875 0.01328125 0.0171875 0.0265625
0 0.73359375 0.303125 0.0109375 0.03828125
0 0.36171875 0.25390625 0.0171875 0.06015625
0 0.89296875 0.5 0.01484375 0.04921875
0 0.04921875 0.37421875 0.02578125 0.06015625
0 0.5546875 0.25390625 0.0109375 0.03828125
0 0.2953125 0.00234375 0.015625 0.0046875
0 0.571875 0.653125 0.01953125 0.06015625
0 0.37578125 0.0953125 0.01484375 0.04921875
0 0.0078125 0.4015625 0.01484375 0.04921875
0 0.6796875 0.63125 0.01953125 0.06015625
0 0.403125 0.46171875 0.0171875 0.06015625
0 0.2109375 0.28984375 0.0171875 0.0765625
0 0.2734375 0.13125 0.01328125 0.04375
0 0.14296875 0.2921875 0.01953125 0.04921875
0 0.82578125 0.56796875 0.0171875 0.0546875
0 0.51328125 0.5953125 0.021875 0.0546875
0 0.1078125 0.37734375 0.0171875 0.0546875
0 0.11328125 0.521875 0.01953125 0.04921875
0 0.43203125 0.09296875 0.01484375 0.0546875
0 0.2578125 0.2921875 0.01484375 0.04921875
0 0.309375 0.23203125 0.01484375 0.04921875
0 0.4828125 0.35234375 0.01328125 0.04921875
0 0.42109375 0.45078125 0.0109375 0.04921875
0 0.33046875 0.434375 0.01484375 0.06015625
0 0.17421875 0.4015625 0.0171875 0.06015625
0 0.36640625 0.04609375 0.01328125 0.04921875
0 0.72109375 0.26484375 0.01484375 0.06015625
0 0.746875 0.39921875 0.01484375 0.0546875
0 0.95703125 0.7921875 0.0171875 0.0546875
0 0.434375 0.26796875 0.0109375 0.0546875
0 0.46953125 0.16953125 0.021875 0.0765625
0 0.14296875 0.240625 0.01484375 0.0328125
0 0.509375 0.53515625 0.01484375 0.0546875
0 0.40546875 0.0109375 0.0171875 0.021875
0 0.521875 0.084375 0.0171875 0.04921875
0 0.33125 0.0078125 0.0125 0.015625
0 0.6421875 0.63125 0.0171875 0.07109375
0 0.228125 0.4703125 0.0171875 0.0546875
0 0.2953125 0.28984375 0.0171875 0.0546875
0 0.21328125 0.7296875 0.021875 0.08203125
0 0.1625 0.06796875 0.01953125 0.07109375
0 0.728125 0.85234375 0.021875 0.065625
0 0.490625 0.9265625 0.01953125 0.04921875
0 0.4015625 0.19375 0.01484375 0.04921875
0 0.1984375 0.48671875 0.0171875 0.0546875
0 0.39453125 0.10625 0.0171875 0.04921875
0 0.48203125 0.01875 0.0140625 0.0375
0 0.2890625 0.2265625 0.0171875 0.04921875
0 0.07734375 0.1171875 0.0171875 0.04921875
0 0.121875 0.0734375 0.01484375 0.04921875
0 0.05078125 0.3140625 0.0234375 0.04921875
0 0.45078125 0.2265625 0.0171875 0.04921875
0 0.334375 0.85234375 0.02578125 0.0875
0 0.32578125 0.04375 0.0171875 0.04375
0 0.55390625 0.3171875 0.0171875 0.0765625
0 0.496875 0.98359375 0.028125 0.021875
0 0.29609375 0.0328125 0.01484375 0.04375
0 0.528125 0.47265625 0.021875 0.06015625
0 0.165625 0.328125 0.0171875 0.0546875
0 0.7328125 0.9703125 0.021875 0.04921875
0 0.86328125 0.9703125 0.028125 0.04921875
0 0.665625 0.46171875 0.01328125 0.06015625
0 0.4828125 0.26484375 0.01328125 0.06015625
0 0.84296875 0.3390625 0.0171875 0.0875
0 0.35546875 0.58203125 0.021875 0.06015625
0 0.1828125 0.86328125 0.0171875 0.065625
0 0.61171875 0.04609375 0.0171875 0.07109375
0 0.084375 0.37421875 0.0171875 0.03828125
0 0.509375 0.2296875 0.01484375 0.0328125
0 0.784375 0.25390625 0.0171875 0.04921875
0 0.42890625 0.2046875 0.01328125 0.04921875
0 0.25859375 0.0109375 0.0171875 0.021875
0 0.2328125 0.05703125 0.0171875 0.04921875
0 0.5859375 0.37734375 0.01328125 0.065625
0 0.340625 0.51875 0.0171875 0.0546875
0 0.6078125 0.38515625 0.0171875 0.06015625
0 0.45703125 0.5328125 0.01328125 0.06015625
0 0.290625 0.36328125 0.0171875 0.04921875
0 0.49140625 0.14453125 0.01328125 0.04921875
0 0.784375 0.5953125 0.0171875 0.04375
0 0.4921875 0.06796875 0.0109375 0.04921875
0 0.38984375 0.2265625 0.01328125 0.04921875
0 0.4203125 0.51875 0.01328125 0.0546875
0 0.2453125 0.6828125 0.01328125 0.0546875
0 0.18203125 0.6203125 0.01484375 0.06015625
0 0.1296875 0.0078125 0.01875 0.015625
0 0.38984375 0.3359375 0.01328125 0.04921875
0 0.94609375 0.5078125 0.0171875 0.0546875
0 0.346875 0.0953125 0.0171875 0.04921875
0 0.9921875 0.60390625 0.0109375 0.04921875
0 0.721875 0.36640625 0.0171875 0.0328125
0 0.028125 0.8390625 0.021875 0.06015625
0 0.475 0.06796875 0.0109375 0.04921875
0 0.00546875 0.45078125 0.0109375 0.04921875
0 0.98671875 0.18046875 0.021875 0.0984375
0 0.3078125 0.434375 0.01328125 0.07109375
0 0.00625 0.61953125 0.0125 0.0609375