0 0.56796875 0.546875 0.0203125 0.04453125
0 0.8078125 0.3875 0.015625 0.03046875
0 0.2265625 0.278125 0.015625 0.028125
0 0.13046875 0.609375 0.0234375 0.04140625
0 0.8296875 0.75390625 0.025 0.046875
0 0.56875 0.48046875 0.01875 0.0390625
0 0.8296875 0.403125 0.01875 0.03359375
0 0.18515625 0.64296875 0.0234375 0.046875
0 0.2796875 0.70390625 0.025 0.053125
0 0.33046875 0.38046875 0.0171875 0.0390625
0 0.49375 0.2890625 0.0125 0.028125
0 0.31015625 0.32109375 0.0140625 0.0359375
0 0.6484375 0.703125 0.025 0.05
0 0.29296875 0.46796875 0.0171875 0.04140625
0 0.378125 0.178125 0.0125 0.021875
0 0.4390625 0.4359375 0.015625 0.03359375
0 0.53515625 0.3609375 0.0140625 0.03359375
0 0.815625 0.44296875 0.015625 0.03046875
0 0.9890625 0.5234375 0.01875 0.03046875
0 0.54375 0.69296875 0.025 0.04140625
0 0.60078125 0.15859375 0.0140625 0.028125
0 0.7875 0.74453125 0.025 0.05546875
0 0.35625 0.228125 0.0125 0.028125
0 0.3046875 0.64296875 0.021875 0.053125
0 0.29921875 0.290625 0.0140625 0.03046875
0 0.6046875 0.26640625 0.0125 0.028125
0 0.534375 0.47890625 0.015625 0.04140625
0 0.2375 0.3984375 0.01875 0.03046875
0 0.7796875 0.3734375 0.015625 0.03046875
0 0.39453125 0.2859375 0.0140625 0.03359375
0 0.08203125 0.45859375 0.0171875 0.0390625
0 0.41640625 0.3 0.0140625 0.03359375
0 0.346875 0.5109375 0.01875 0.04453125
0 0.78828125 0.4375 0.0140625 0.03046875
0 0.2703125 0.19296875 0.0125 0.025
0 0.4671875 0.284375 0.0125 0.03046875
0 0.43828125 0.29140625 0.0140625 0.028125
0 0.8359375 0.65 0.025 0.04453125
0 0.35546875 0.19140625 0.0140625 0.021875
0 0.2609375 0.36640625 0.015625 0.0390625
0 0.68671875 0.3359375 0.0140625 0.03359375
0 0.36328125 0.39453125 0.0140625 0.0390625
0 0.17890625 0.2875 0.0140625 0.025
0 0.2796875 0.29140625 0.0125 0.028125
0 0.2546875 0.24453125 0.0125 0.028125
0 0.31875 0.228125 0.0125 0.021875
0 0.58203125 0.296875 0.0140625 0.03359375
0 0.13125 0.44609375 0.01875 0.0359375
0 0.5734375 0.215625 0.015625 0.04140625
0 0.48046875 0.328125 0.0140625 0.03359375
0 0.43671875 0.55390625 0.0203125 0.04140625
0 0.13125 0.3640625 0.0125 0.03359375
0 0.70703125 0.221875 0.0140625 0.03359375
0 0.19375 0.4609375 0.01875 0.04453125
0 0.43125 0.18046875 0.0125 0.028125
0 0.14453125 0.29296875 0.0140625 0.03046875
0 0.04375 0.40546875 0.01875 0.03359375
0 0.76015625 0.97890625 0.0296875 0.0359375
0 0.62578125 0.30859375 0.0140625 0.028125
0 0.89296875 0.509375 0.0171875 0.03046875
0 0.50390625 0.11796875 0.0109375 0.025
0 0.47890625 0.1515625 0.0109375 0.025
0 0.29296875 0.38359375 0.0140625 0.03359375
0 0.84453125 0.4984375 0.0203125 0.04140625
0 0.2109375 0.26640625 0.0125 0.028125
0 0.7375 0.325 0.015625 0.03359375
0 0.50625 0.1890625 0.0125 0.03359375
0 0.51796875 0.4109375 0.0140625 0.03359375
0 0.06953125 0.54296875 0.0171875 0.0359375
0 0.3265625 0.46953125 0.01875 0.0390625
0 0.6234375 0.41796875 0.015625 0.03046875
0 0.8265625 0.15546875 0.015625 0.028125
0 0.0703125 0.34296875 0.0125 0.025
0 0.70625 0.41640625 0.015625 0.03359375
0 0.99140625 0.35546875 0.0140625 0.021875
0 0.675 0.7234375 0.025 0.053125
0 0.43515625 0.734375 0.0265625 0.05859375
0 0.94140625 0.5125 0.0171875 0.03046875
0 0.403125 0.615625 0.021875 0.046875
0 0.45703125 0.12109375 0.0109375 0.025
0 0.55078125 0.07890625 0.0140625 0.025
0 0.47890625 0.234375 0.0140625 0.03046875
0 0.4546875 0.45390625 0.015625 0.04140625
0 0.753125 0.39296875 0.015625 0.03046875
0 0.28828125 0.98359375 0.0359375 0.028125
0 0.41875 0.14140625 0.0125 0.021875
0 0.32421875 0.55546875 0.0171875 0.0390625
0 0.34140625 0.14140625 0.0109375 0.01640625
0 0.37265625 0.29140625 0.0140625 0.03359375
0 0.93203125 0.3359375 0.0140625 0.03359375
0 0.18125 0.37890625 0.015625 0.03046875
0 0.21171875 0.31640625 0.0140625 0.028125
0 0.546875 0.275 0.015625 0.03359375
0 0.51953125 0.09140625 0.0109375 0.021875
0 0.4125 0.1859375 0.0125 0.028125
0 0.36953125 0.4890625 0.0140625 0.0390625
0 0.21171875 0.18359375 0.0140625 0.021875
0 0.571875 0.32890625 0.0125 0.025
0 0.54765625 0.12890625 0.0140625 0.025
0 0.246875 0.15546875 0.0125 0.021875
0 0.54375 0.334375 0.0125 0.025
0 0.00625 0.50390625 0.0125 0.04140625
0 0.64453125 0.17890625 0.0140625 0.025
0 0.66953125 0.15390625 0.0140625 0.03046875
0 0.68515625 0.16953125 0.0140625 0.028125
0 0.90390625 0.15390625 0.0140625 0.025
0 0.71640625 0.33046875 0.0140625 0.028125
0 0.56171875 0.18046875 0.0140625 0.021875
0 0.753125 0.48203125 0.01875 0.0359375
0 0.81171875 0.2875 0.0140625 0.03046875
0 0.796875 0.15703125 0.0125 0.025
0 0.54375 0.215625 0.0125 0.03046875
0 0.540625 0.19140625 0.0125 0.021875
0 0.50390625 0.36953125 0.0140625 0.028125
0 0.18671875 0.74140625 0.0203125 0.0390625
0 0.0921875 0.16640625 0.0125 0.01640625
0 0.73828125 0.09296875 0.0140625 0.025
0 0.4890625 0.12890625 0.0125 0.01953125
0 0.5296875 0.1265625 0.0125 0.025
0 0.51171875 0.33359375 0.0140625 0.028125
0 0.37265625 0.35390625 0.0140625 0.03046875
0 0.70078125 0.14296875 0.0171875 0.0359375
0 0.28671875 0.159375 0.0109375 0.01953125
0 0.76953125 0.28046875 0.0140625 0.028125
0 0.921875 0.19140625 0.0125 0.021875
0 0.21796875 0.5 0.0203125 0.04453125
0 0.7453125 0.21640625 0.0125 0.021875
0 0.66875 0.3765625 0.0125 0.025
0 0.7359375 0.46796875 0.01875 0.03046875
0 0.59140625 0.00546875 0.0140625 0.0109375
0 0.33828125 0.16953125 0.0109375 0.021875
0 0.95546875 0.41640625 0.0140625 0.021875
0 0.40546875 0.06796875 0.0109375 0.01953125
0 0.71640625 0.39296875 0.0140625 0.025
0 0.16796875 0.2125 0.0109375 0.01953125
0 0.7453125 0.12890625 0.0125 0.025
0 0.08203125 0.09296875 0.0109375 0.01953125
0 0.3671875 0.09296875 0.009375 0.01953125
0 0.36015625 0.25546875 0.0140625 0.028125
0 0.33515625 0.19453125 0.0109375 0.021875
0 0.96953125 0.32890625 0.0140625 0.025
0 0.18125 0.14140625 0.0125 0.01640625
0 0.91328125 0.653125 0.0234375 0.04453125
0 0.246875 0.19140625 0.0125 0.028125
0 0.40546875 0.14296875 0.0109375 0.01953125
0 0.17578125 0.35546875 0.0140625 0.028125
0 0.6421875 0.32109375 0.0125 0.025
0 0.1171875 0.16640625 0.0125 0.021875
0 0.01875 0.27890625 0.0125 0.025
0 0.0546875 0.4875 0.015625 0.03046875
0 0.94375 0.19296875 0.0125 0.025
0 0.8734375 0.40703125 0.015625 0.025
0 0.796875 0.25390625 0.0125 0.025
0 0.8546875 0.60703125 0.021875 0.04140625
0 0.91328125 0.00546875 0.0140625 0.0109375
0 0.69140625 0.5234375 0.0171875 0.03046875
0 0.05390625 0.17890625 0.0109375 0.01953125
0 0.84453125 0.19296875 0.0140625 0.025
0 0.240625 0.36640625 0.015625 0.028125
0 0.52890625 0.33046875 0.0140625 0.028125
0 0.86953125 0.0375 0.0140625 0.025
0 0.83046875 0.13046875 0.0140625 0.021875
0 0.31015625 0.20546875 0.0140625 0.028125
0 0.8375 0.03046875 0.0125 0.021875
0 0.60078125 0.30859375 0.0140625 0.028125
0 0.146875 0.90546875 0.028125 0.05546875
0 0.546875 0.10390625 0.0125 0.025
0 0.1109375 0.478125 0.01875 0.0390625
0 0.52421875 0.3 0.0140625 0.03359375
0 0.52890625 0.05546875 0.0109375 0.021875
0 0.28046875 0.10390625 0.0078125 0.0140625
0 0.79140625 0.28046875 0.0140625 0.028125
0 0.02578125 0.515625 0.0140625 0.03046875
0 0.17421875 0.48203125 0.0171875 0.0359375
0 0.96796875 0.53046875 0.0140625 0.028125
0 0.29296875 0.13046875 0.0109375 0.01640625
0 0.12265625 0.29609375 0.0140625 0.025
0 0.32890625 0.10546875 0.0078125 0.01640625
0 0.00546875 0.31640625 0.0109375 0.028125
0 0.03046875 0.36640625 0.0140625 0.028125
0 0.49765625 0.01796875 0.0109375 0.01953125
0 0.57890625 0.05546875 0.0109375 0.021875
0 0.10703125 0.30859375 0.0140625 0.028125
0 0.76015625 0.45390625 0.0140625 0.025
0 0.36953125 0.14140625 0.0109375 0.021875
0 0.8859375 0.31796875 0.015625 0.03046875
0 0.853125 0.27109375 0.015625 0.025
0 0.534375 0.5875 0.015625 0.03046875
0 0.39140625 0.15546875 0.0109375 0.021875
0 0.80546875 0.21953125 0.0140625 0.028125
0 0.86796875 0.30546875 0.0140625 0.028125
0 0.15546875 0.16953125 0.0109375 0.01640625
0 0.77421875 0.20390625 0.0140625 0.025
0 0.40546875 0.10390625 0.0109375 0.01953125
0 0.36640625 0.11796875 0.0109375 0.01953125
0 0.5375 0.628125 0.01875 0.0390625
0 0.32421875 0.25859375 0.0140625 0.0390625
0 0.1203125 0.34296875 0.0125 0.025
0 0.440625 0.25390625 0.0125 0.025
0 0.4 0.771875 0.025 0.05546875
0 0.70546875 0.50546875 0.0203125 0.0390625
0 0.63203125 0.00546875 0.0140625 0.0109375
0 0.20703125 0.14453125 0.0078125 0.01640625
0 0.31796875 0.11953125 0.0078125 0.01640625
0 0.34765625 0.10546875 0.0109375 0.01640625
0 0.571875 0.11796875 0.0125 0.025
0 0.09453125 0.04140625 0.0109375 0.01640625
0 0.45 0.159375 0.0125 0.01953125
0 0.5734375 0.1515625 0.015625 0.0359375
0 0.8890625 0.040625 0.015625 0.025
0 0.4265625 0.11796875 0.0125 0.025
0 0.07890625 0.178125 0.0109375 0.01640625
0 0.00625 0.58359375 0.0125 0.0390625
0 0.68125 0.49140625 0.01875 0.03359375
0 0.13046875 0.15546875 0.0078125 0.01640625
0 0.16640625 0.44453125 0.0140625 0.03359375
0 0.00625 0.26796875 0.0125 0.025
0 0.7546875 0.10703125 0.0125 0.025
0 0.38671875 0.21796875 0.0140625 0.025
0 0.5875 0.45390625 0.01875 0.04140625
0 0.0515625 0.38046875 0.0125 0.021875
0 0.65390625 0.14296875 0.0140625 0.025
0 0.609375 0.446875 0.015625 0.03359375
0 0.14453125 0.13046875 0.0078125 0.01640625
0 0.7765625 0.49453125 0.01875 0.028125
0 0.4515625 0.19140625 0.0125 0.028125
0 0.84375 0.32890625 0.0125 0.025
0 0.6421875 0.38046875 0.0125 0.028125
0 0.9421875 0.16640625 0.01875 0.028125
0 0.3953125 0.17890625 0.0125 0.025
0 0.26640625 0.10390625 0.0078125 0.0140625
0 0.43203125 0.14140625 0.0109375 0.021875
0 0.19375 0.23046875 0.0125 0.021875
0 0.39296875 0.10546875 0.0109375 0.01640625
0 0.45703125 0.09296875 0.0109375 0.01953125
0 0.15390625 0.14296875 0.0078125 0.0140625
0 0.61953125 0.15546875 0.0140625 0.028125
0 0.25546875 0.21640625 0.0078125 0.021875
0 0.51796875 0.15390625 0.0109375 0.03046875
0 0.20390625 0.13046875 0.0109375 0.01640625
0 0.384375 0.59296875 0.01875 0.04140625
0 0.0046875 0.46640625 0.009375 0.028125
0 0.91640625 0.2140625 0.0140625 0.028125
0 0.41015625 0.44453125 0.0140625 0.03359375
0 0.73203125 0.42890625 0.0140625 0.025
0 0.090625 0.9125 0.01875 0.03046875
0 0.65078125 0.9609375 0.0390625 0.06640625
0 0.2984375 0.2359375 0.0125 0.028125
0 0.29296875 0.10390625 0.0078125 0.0140625
0 0.78203125 0.30546875 0.0140625 0.028125
0 0.81015625 0.1609375 0.0140625 0.021875
0 0.89140625 0.24453125 0.0140625 0.021875
0 0.0296875 0.18046875 0.009375 0.01640625
0 0.33671875 0.3359375 0.0140625 0.03359375
0 0.3046875 0.13359375 0.009375 0.01640625
0 0.7640625 0.14296875 0.0125 0.01953125
0 0.596875 0.065625 0.0125 0.025
0 0.86796875 0.2734375 0.0140625 0.01953125
0 0.10546875 0.15390625 0.0109375 0.01953125
0 0.96796875 0.19140625 0.0140625 0.021875
0 0.91171875 0.45703125 0.0140625 0.025
0 0.21796875 0.24140625 0.0109375 0.021875
0 0.60625 0.2140625 0.0125 0.028125
0 0.64453125 0.41796875 0.0140625 0.0359375
0 0.16796875 0.16640625 0.0078125 0.01640625
0 0.31171875 0.090625 0.0078125 0.0140625
0 0.14296875 0.16640625 0.0109375 0.01640625
0 0.43671875 0.0609375 0.0109375 0.01640625
0 0.93671875 0.3640625 0.0140625 0.021875
0 0.2859375 0.090625 0.009375 0.0140625
0 0.03671875 0.109375 0.0109375 0.01953125
0 0.66953125 0.2109375 0.0140625 0.021875
0 0.0375 0.090625 0.00625 0.0140625