0 0.4359375 0.37578125 0.03515625 0.0484375
0 0.74296875 0.41953125 0.0359375 0.0546875
0 0.915625 0.27890625 0.028125 0.0390625
0 0.5828125 0.7125 0.0453125 0.0703125
0 0.6140625 0.29140625 0.01953125 0.03125
0 0.9640625 0.303125 0.028125 0.0390625
0 0.18046875 0.5921875 0.05546875 0.07578125
0 0.02109375 0.475 0.0421875 0.0640625
0 0.8421875 0.1515625 0.015625 0.021875
0 0.6359375 0.29140625 0.0234375 0.0390625
0 0.5390625 0.34453125 0.0296875 0.04296875
0 0.88359375 0.1578125 0.01484375 0.0234375
0 0.23984375 0.10625 0.01640625 0.025
0 0.1328125 0.04296875 0.0140625 0.01796875
0 0.7421875 0.11015625 0.01171875 0.0171875
0 0.85859375 0.23671875 0.02421875 0.03125
0 0.796875 0.9546875 0.07421875 0.08828125
0 0.43828125 0.1296875 0.0140625 0.021875
0 0.1796875 0.0796875 0.015625 0.02109375
0 0.06640625 0.1 0.015625 0.025
0 0.23984375 0.0484375 0.01484375 0.02109375
0 0.459375 0.146875 0.01171875 0.02109375
0 0.921875 0.10546875 0.01171875 0.01796875
0 0.1546875 0.11875 0.0171875 0.025
0 0.6671875 0.109375 0.0140625 0.01796875
0 0.8296875 0.1 0.01171875 0.01953125
0 0.0921875 0.07890625 0.01484375 0.01953125
0 0.48125 0.0703125 0.0109375 0.015625
0 0.853125 0.20703125 0.01953125 0.02578125
0 0.9296875 0.0796875 0.009375 0.0140625
0 0.159375 0.4578125 0.03125 0.04296875
0 0.7609375 0.11328125 0.009375 0.01796875
0 0.9015625 0.07421875 0.0109375 0.01796875
0 0.690625 0.0796875 0.0109375 0.015625
0 0.71640625 0.09453125 0.0109375 0.0140625
0 0.16484375 0.06953125 0.0140625 0.01953125
0 0.509375 0.4921875 0.02421875 0.03359375
0 0.64140625 0.0640625 0.0109375 0.015625
0 0.7078125 0.11875 0.01171875 0.01796875
0 0.41484375 0.11328125 0.0140625 0.02109375
0 0.45234375 0.09296875 0.0125 0.01953125
0 0.18203125 0.11328125 0.01484375 0.0234375
0 0.88203125 0.0765625 0.009375 0.0171875
0 0.3578125 0.0453125 0.009375 0.0171875
0 0.8 0.490625 0.03828125 0.046875
0 0.84453125 0.0203125 0.0109375 0.0140625
0 0.78203125 0.06015625 0.0109375 0.015625
0 0.1078125 0.3796875 0.015625 0.01953125
0 0.88203125 0.05625 0.00859375 0.01328125
0 0.11171875 0.45 0.03203125 0.0484375
0 0.8671875 0.075 0.01171875 0.0140625
0 0.7953125 0.05625 0.009375 0.0171875
0 0.84609375 0.0984375 0.0125 0.01953125
0 0.69140625 0.0296875 0.009375 0.0140625
0 0.6921875 0.14296875 0.0140625 0.01796875
0 0.81328125 0.03671875 0.00859375 0.01328125
0 0.9890625 0.7359375 0.01953125 0.07421875
0 0.1421875 0.0609375 0.0140625 0.01953125
0 0.69609375 0.0984375 0.01171875 0.0171875
0 0.98125 0.0671875 0.00859375 0.0140625
0 0.10625 0.26875 0.01484375 0.01953125
0 0.47109375 0.07890625 0.0125 0.0171875
0 0.84296875 0.0671875 0.0109375 0.0140625
0 0.6703125 0.07578125 0.0109375 0.015625
0 0.9046875 0.0546875 0.009375 0.01328125
0 0.94453125 0.075 0.009375 0.0171875
0 0.85625 0.05625 0.0109375 0.01796875
0 0.1328125 0.0984375 0.015625 0.01953125
0 0.8421875 0.18203125 0.01953125 0.02578125
0 0.828125 0.0296875 0.0078125 0.01171875
0 0.70390625 0.0265625 0.0109375 0.0140625
0 0.915625 0.08203125 0.0109375 0.015625
0 0.46640625 0.09453125 0.0109375 0.0171875
0 0.50390625 0.08046875 0.0078125 0.01328125
0 0.665625 0.1515625 0.0125 0.0171875
0 0.94140625 0.03125 0.0078125 0.01328125
0 0.9921875 0.05546875 0.009375 0.0140625
0 0.9890625 0.03828125 0.00859375 0.0140625
0 0.7859375 0.03828125 0.00859375 0.0140625
0 0.65703125 0.04375 0.009375 0.0140625
0 0.9578125 0.0796875 0.00859375 0.0140625
0 0.82734375 0.0515625 0.009375 0.0171875
0 0.70625 0.08125 0.0109375 0.0140625
0 0.8609375 0.03828125 0.009375 0.0140625
0 0.8234375 0.0734375 0.0109375 0.0140625
0 0.9171875 0.0515625 0.009375 0.0140625