0 0.3359375 0.6578125 0.0390625 0.0546875
0 0.33671875 0.34921875 0.02421875 0.03125
0 0.253125 0.2671875 0.0140625 0.01953125
0 0.5140625 0.28203125 0.0234375 0.03515625
0 0.79296875 0.1546875 0.0171875 0.02578125
0 0.44140625 0.615625 0.04296875 0.05703125
0 0.0671875 0.446875 0.021875 0.0328125
0 0.91328125 0.23203125 0.02734375 0.0390625
0 0.534375 0.634375 0.0359375 0.0484375
0 0.52109375 0.5875 0.0359375 0.0484375
0 0.55546875 0.375 0.02265625 0.03671875
0 0.41328125 0.75625 0.053125 0.0609375
0 0.990625 0.23046875 0.0171875 0.03125
0 0.6234375 0.15703125 0.0140625 0.021875
0 0.31484375 0.19296875 0.0125 0.01796875
0 0.23359375 0.27578125 0.0125 0.02109375
0 0.44609375 0.19453125 0.01171875 0.01953125
0 0.634375 0.11953125 0.01171875 0.02109375
0 0.5578125 0.221875 0.015625 0.025
0 0.40703125 0.14296875 0.0109375 0.01796875
0 0.18828125 0.3703125 0.01953125 0.0296875
0 0.75078125 0.19140625 0.0171875 0.02578125
0 0.2515625 0.225 0.0140625 0.01796875
0 0.58046875 0.20390625 0.01484375 0.021875
0 0.20546875 0.19375 0.0109375 0.0140625
0 0.29375 0.18828125 0.01171875 0.0140625
0 0.36796875 0.16796875 0.0109375 0.01328125
0 0.43828125 0.1203125 0.01171875 0.0171875
0 0.253125 0.3609375 0.0171875 0.0234375
0 0.27890625 0.16796875 0.0109375 0.01328125
0 0.21953125 0.22265625 0.01171875 0.01796875
0 0.25390625 0.2046875 0.01171875 0.015625
0 0.884375 0.45 0.0453125 0.0609375
0 0.3296875 0.16796875 0.009375 0.01328125
0 0.4171875 0.19296875 0.0140625 0.01796875
0 0.559375 0.19375 0.0140625 0.01796875
0 0.7046875 0.11875 0.01171875 0.01796875
0 0.1953125 0.19453125 0.009375 0.0171875
0 0.2796875 0.20625 0.01171875 0.0171875
0 0.7546875 0.16640625 0.01484375 0.02109375
0 0.4265625 0.13515625 0.009375 0.015625
0 0.75234375 0.11328125 0.0125 0.02109375
0 0.45234375 0.12265625 0.0109375 0.015625
0 0.29609375 0.16796875 0.0109375 0.01328125
0 0.38203125 0.2015625 0.01171875 0.02109375
0 0.240625 0.209375 0.01171875 0.015625
0 0.0203125 0.38671875 0.02265625 0.03125
0 0.8828125 0.88671875 0.0703125 0.09921875
0 0.6140625 0.1375 0.01171875 0.0171875
0 0.25703125 0.17890625 0.009375 0.0140625
0 0.415625 0.17421875 0.0125 0.01796875
0 0.48203125 0.10625 0.0109375 0.0140625
0 0.346875 0.21875 0.0109375 0.01796875
0 0.2703125 0.36171875 0.0171875 0.02578125
0 0.89921875 0.5609375 0.01640625 0.0234375
0 0.56015625 0.665625 0.028125 0.04296875
0 0.45625 0.1375 0.01171875 0.0171875
0 0.35625 0.19140625 0.01171875 0.01796875
0 0.99453125 0.16171875 0.00859375 0.03125
0 0.31875 0.16796875 0.0109375 0.01328125
0 0.45 0.72265625 0.03515625 0.04921875
0 0.6515625 0.1625 0.0140625 0.02109375
0 0.76953125 0.1796875 0.015625 0.02578125
0 0.2453125 0.3296875 0.015625 0.0234375
0 0.36640625 0.6859375 0.0234375 0.0234375
0 0.32890625 0.19296875 0.009375 0.01796875