1 0.43359375 0.83203125 0.06640625 0.05390625
1 0.42734375 0.90078125 0.15546875 0.1921875
1 0.65390625 0.56484375 0.0578125 0.04609375
1 0.72265625 0.82421875 0.059375 0.0625
1 0.5609375 0.8203125 0.08515625 0.08046875
1 0.2359375 0.8328125 0.06171875 0.0625
1 0.878125 0.9015625 0.059375 0.0625
1 0.303125 0.69453125 0.13203125 0.19375
1 0.31953125 0.77734375 0.0515625 0.04765625
1 0.665625 0.65078125 0.13671875 0.221875
1 0.30390625 0.61953125 0.04453125 0.04140625
1 0.24296875 0.89921875 0.15390625 0.1953125
1 0.56953125 0.728125 0.05546875 0.05078125
1 0.85625 0.80234375 0.053125 0.05078125
1 0.5109375 0.56953125 0.06171875 0.05546875
1 0.5296875 0.41484375 0.040625 0.034375
1 0.20859375 0.553125 0.0515625 0.04296875
1 0.81328125 0.74296875 0.06640625 0.0640625
1 0.86484375 0.93359375 0.146875 0.1265625
1 0.02734375 0.8234375 0.0546875 0.0625
1 0.11953125 0.81875 0.06796875 0.05390625
1 0.4640625 0.7453125 0.0578125 0.05546875
1 0.26875 0.44609375 0.04296875 0.0375
1 0.56484375 0.88828125 0.16171875 0.21640625
1 0.1609375 0.48203125 0.04921875 0.04140625
1 0.03515625 0.67890625 0.0578125 0.0578125
1 0.61484375 0.49453125 0.1046875 0.2
1 0.6875 0.73125 0.06171875 0.05078125
1 0.48828125 0.646875 0.046875 0.0359375
1 0.45390625 0.7921875 0.14921875 0.14921875
1 0.17890625 0.64140625 0.059375 0.05390625
1 0.1890625 0.45859375 0.04453125 0.0375
1 0.6640625 0.80703125 0.0578125 0.05390625
1 0.765625 0.78359375 0.05546875 0.05234375
1 0.74375 0.2828125 0.06796875 0.15078125
1 0.94453125 0.84296875 0.0515625 0.04765625
1 0.78671875 0.40703125 0.034375 0.0328125
1 0.14375 0.69609375 0.06171875 0.04296875
1 0.62265625 0.27109375 0.0296875 0.02265625
1 0.32109375 0.425 0.0359375 0.0359375
1 0.2015625 0.5984375 0.10859375 0.1359375
1 0.14140625 0.709375 0.075 0.06875
1 0.27734375 0.3359375 0.03828125 0.034375
1 0.58671875 0.371875 0.08984375 0.11953125
1 0.52578125 0.4765625 0.07890625 0.1578125
1 0.2375 0.79453125 0.134375 0.125
1 0.96171875 0.74765625 0.0640625 0.05390625
1 0.0875 0.525 0.0515625 0.04765625
1 0.68671875 0.77421875 0.1234375 0.13984375
1 0.23671875 0.759375 0.0640625 0.05390625
1 0.6078125 0.40703125 0.03828125 0.0265625
1 0.85078125 0.415625 0.059375 0.04921875
1 0.3921875 0.359375 0.07265625 0.11171875
1 0.5734375 0.32421875 0.034375 0.025
1 0.3890625 0.3171875 0.02734375 0.02265625
1 0.52890625 0.20546875 0.0296875 0.0265625
1 0.4671875 0.29375 0.03828125 0.0296875
1 0.35078125 0.51171875 0.06171875 0.04765625
1 0.54296875 0.30859375 0.0359375 0.0296875
1 0.4359375 0.5171875 0.040625 0.0296875
1 0.84765625 0.85546875 0.12578125 0.1578125
1 0.48515625 0.2109375 0.02734375 0.025
1 0.740625 0.2171875 0.02734375 0.02109375
1 0.0734375 0.65546875 0.04453125 0.04609375
1 0.14921875 0.3 0.034375 0.03125
1 0.71328125 0.89375 0.17265625 0.20546875
1 0.17578125 0.40234375 0.040625 0.0359375
1 0.3953125 0.44609375 0.04921875 0.0375
1 0.39765625 0.48203125 0.0875 0.11015625
1 0.3515625 0.60703125 0.10625 0.23515625
1 0.1484375 0.73828125 0.12578125 0.1265625
1 0.2890625 0.2828125 0.075 0.07890625
1 0.28359375 0.2578125 0.0296875 0.0265625
1 0.05 0.89375 0.1 0.20546875
1 0.44375 0.61796875 0.09375 0.23125
1 0.5109375 0.62421875 0.09140625 0.1640625
1 0.190625 0.66875 0.1 0.11328125
1 0.6015625 0.18046875 0.02578125 0.02265625
1 0.28359375 0.3609375 0.0765625 0.08828125
1 0.52109375 0.15234375 0.04921875 0.1015625
1 0.18984375 0.5109375 0.11953125 0.13828125
1 0.09296875 0.584375 0.11328125 0.1671875
1 0.228125 0.371875 0.04296875 0.04453125
1 0.271875 0.52109375 0.09609375 0.1921875
1 0.575 0.75703125 0.0828125 0.10859375
1 0.7828125 0.43046875 0.08984375 0.07890625
1 0.49765625 0.684375 0.0875 0.11171875
1 0.17578125 0.44140625 0.09609375 0.11484375
1 0.26328125 0.40859375 0.04453125 0.0328125
1 0.4703125 0.365625 0.0828125 0.16875
1 0.43203125 0.215625 0.03203125 0.028125
1 0.07265625 0.428125 0.04296875 0.04140625
1 0.43828125 0.40078125 0.040625 0.0328125
1 0.678125 0.32890625 0.0765625 0.15234375
1 0.6046875 0.2265625 0.02734375 0.01953125
1 0.4328125 0.25546875 0.06796875 0.10703125
1 0.03828125 0.41484375 0.03828125 0.04140625
1 0.325 0.8734375 0.075 0.23984375
1 0.95390625 0.775 0.0828125 0.10859375
1 0.65234375 0.23046875 0.034375 0.028125
1 0.3453125 0.38125 0.04296875 0.0359375
1 0.6015625 0.20859375 0.0640625 0.07890625
1 0.47734375 0.1578125 0.046875 0.0921875
1 0.6203125 0.32421875 0.06796875 0.1296875
1 0.60625 0.25390625 0.06640625 0.07421875
1 0.41171875 0.18359375 0.05546875 0.1015625
1 0.15 0.321875 0.09609375 0.07578125
1 0.21015625 0.3359375 0.03203125 0.028125
1 0.621875 0.0984375 0.04921875 0.0921875
1 0.43828125 0.45859375 0.09140625 0.14921875
1 0.25078125 0.20234375 0.03203125 0.0328125
1 0.04765625 0.7390625 0.0953125 0.178125
1 0.4734375 0.121875 0.02578125 0.01953125
1 0.86875 0.3765625 0.0359375 0.028125
1 0.55859375 0.79453125 0.0640625 0.0328125
1 0.9 0.42578125 0.04296875 0.04140625
1 0.12265625 0.8921875 0.11328125 0.20546875
1 0.53203125 0.23984375 0.0703125 0.0953125
1 0.309375 0.31875 0.034375 0.0296875
1 0.66953125 0.26796875 0.0296875 0.0265625
1 0.484375 0.246875 0.0515625 0.096875
1 0.1953125 0.24765625 0.03203125 0.0265625
1 0.2875 0.3921875 0.03828125 0.0328125
1 0.54765625 0.2734375 0.0296875 0.02109375
1 0.55 0.11484375 0.059375 0.1015625
1 0.9453125 0.90625 0.09609375 0.17734375
1 0.225 0.70390625 0.040625 0.04140625
1 0.33125 0.45 0.075 0.08515625
1 0.3828125 0.79609375 0.040625 0.04296875
1 0.15703125 0.190625 0.0234375 0.01953125
1 0.78125 0.4671875 0.09609375 0.15234375
1 0.28125 0.16875 0.0296875 0.0296875
1 0.0140625 0.36953125 0.02734375 0.0296875
1 0.52265625 0.75703125 0.0640625 0.04609375
1 0.03828125 0.328125 0.034375 0.0296875
1 0.5203125 0.11328125 0.02578125 0.02265625
1 0.28125 0.1796875 0.05546875 0.05390625
1 0.3046875 0.24765625 0.0296875 0.0265625
1 0.60625 0.41015625 0.053125 0.0390625
1 0.54921875 0.26484375 0.040625 0.034375
1 0.82734375 0.76875 0.10625 0.11484375