0 0.965625 0.37578125 0.02421875 0.0328125
0 0.94140625 0.4984375 0.03515625 0.04921875
0 0.53515625 0.525 0.0296875 0.04453125
0 0.6953125 0.3421875 0.015625 0.021875
0 0.76484375 0.49140625 0.03125 0.0453125
0 0.7734375 0.5609375 0.0328125 0.04921875
0 0.75546875 0.31640625 0.0125 0.0234375
0 0.3875 0.53046875 0.025 0.04296875
0 0.884375 0.2546875 0.0125 0.01953125
0 0.7703125 0.75078125 0.0453125 0.06640625
0 0.92109375 0.3234375 0.01953125 0.02734375
0 0.7046875 0.28828125 0.0140625 0.01953125
0 0.18828125 0.39765625 0.021875 0.02734375
0 0.37890625 0.27890625 0.01171875 0.01796875
0 0.96796875 0.26171875 0.0125 0.01796875
0 0.36015625 0.29140625 0.0140625 0.02109375
0 0.615625 0.68125 0.0359375 0.0546875
0 0.040625 0.409375 0.02265625 0.0296875
0 0.4625 0.384375 0.0171875 0.02734375
0 0.32109375 0.28203125 0.01171875 0.0171875
0 0.91015625 0.2546875 0.0140625 0.01953125
0 0.40234375 0.2921875 0.0140625 0.01953125
0 0.8078125 0.24375 0.01171875 0.0171875
0 0.4546875 0.53828125 0.0296875 0.0453125
0 0.7546875 0.2625 0.0140625 0.01953125
0 0.1453125 0.475 0.021875 0.0296875
0 0.31796875 0.77578125 0.0421875 0.06796875
0 0.57734375 0.290625 0.01171875 0.0171875
0 0.0078125 0.503125 0.015625 0.0375
0 0.98359375 0.25625 0.0125 0.02109375
0 0.08046875 0.353125 0.01875 0.021875
0 0.20078125 0.4234375 0.0203125 0.0296875
0 0.4203125 0.42578125 0.015625 0.0234375
0 0.77890625 0.24296875 0.0109375 0.0140625
0 0.29375 0.28046875 0.0125 0.01953125
0 0.2515625 0.4375 0.0203125 0.03671875
0 0.846875 0.253125 0.0140625 0.01953125
0 0.865625 0.54296875 0.03203125 0.0390625
0 0.4265625 0.38125 0.015625 0.0234375
0 0.109375 0.3921875 0.015625 0.0234375
0 0.70390625 0.23125 0.0109375 0.0140625
0 0.6703125 0.3515625 0.0140625 0.02109375
0 0.603125 0.28203125 0.0109375 0.0171875
0 0.071875 0.38203125 0.0234375 0.025
0 0.6828125 0.2484375 0.0109375 0.0140625
0 0.77109375 0.30390625 0.01484375 0.01953125
0 0.6671875 0.30390625 0.009375 0.01953125
0 0.4421875 0.20390625 0.00859375 0.01171875
0 0.609375 0.30625 0.01171875 0.01796875
0 0.715625 0.26328125 0.0125 0.01796875
0 0.7359375 0.2921875 0.0140625 0.021875
0 0.64609375 0.303125 0.0125 0.01796875
0 0.22109375 0.2953125 0.01484375 0.01953125
0 0.64140625 0.28125 0.009375 0.01796875
0 0.421875 0.36015625 0.0140625 0.01953125
0 0.2140625 0.353125 0.0171875 0.021875
0 0.18359375 0.23125 0.0140625 0.0171875
0 0.76953125 0.26640625 0.009375 0.0171875
0 0.73125 0.253125 0.0109375 0.0171875
0 0.81875 0.16875 0.00859375 0.01171875
0 0.23984375 0.2875 0.01484375 0.01796875
0 0.56328125 0.2875 0.009375 0.01796875
0 0.4640625 0.21953125 0.009375 0.0140625
0 0.40703125 0.20703125 0.00859375 0.01328125
0 0.57734375 0.2296875 0.0109375 0.0140625
0 0.7953125 0.2546875 0.009375 0.0140625
0 0.55703125 0.23046875 0.00859375 0.01328125
0 0.6546875 0.19296875 0.0078125 0.0078125
0 0.5125 0.2875 0.009375 0.0140625
0 0.86953125 0.20625 0.00859375 0.01171875
0 0.66875 0.21796875 0.00859375 0.01171875
0 0.1484375 0.39921875 0.021875 0.0296875
0 0.65546875 0.32578125 0.0125 0.01796875
0 0.1015625 0.35703125 0.015625 0.02109375
0 0.5203125 0.2421875 0.009375 0.01328125
0 0.68046875 0.2015625 0.00859375 0.01171875
0 0.96640625 0.18125 0.00859375 0.01328125
0 0.12578125 0.3890625 0.0171875 0.02109375
0 0.6546875 0.2515625 0.0109375 0.01328125
0 0.76640625 0.23046875 0.0109375 0.01328125
0 0.89296875 0.16796875 0.00703125 0.0078125
0 0.55625 0.24453125 0.0109375 0.015625
0 0.57734375 0.26796875 0.009375 0.01328125
0 0.73125 0.23046875 0.00859375 0.01328125
0 0.9046875 0.21328125 0.00859375 0.01328125
0 0.62890625 0.21875 0.009375 0.01328125
0 0.81640625 0.2046875 0.0078125 0.01328125
0 0.6046875 0.21796875 0.009375 0.01171875
0 0.99375 0.29296875 0.009375 0.01796875
0 0.53203125 0.23046875 0.009375 0.01328125
0 0.6296875 0.28203125 0.009375 0.0140625
0 0.7453125 0.18125 0.0078125 0.01171875
0 0.73125 0.2046875 0.0078125 0.01171875
0 0.6421875 0.19453125 0.0078125 0.01171875
0 0.91875 0.2078125 0.00703125 0.01171875
0 0.378125 0.35390625 0.0140625 0.01796875
0 0.86875 0.1796875 0.00703125 0.0078125
0 0.66875 0.2046875 0.00703125 0.01015625
0 0.7671875 0.1671875 0.0078125 0.01171875
0 0.95546875 0.16796875 0.00703125 0.0078125
0 0.91875 0.1671875 0.00703125 0.009375
0 0.99375 0.37578125 0.009375 0.025
0 0.56875 0.21796875 0.00859375 0.01171875
0 0.628125 0.33203125 0.0109375 0.01796875
0 0.60390625 0.24296875 0.0109375 0.0140625
0 0.69296875 0.20625 0.00703125 0.01171875
0 0.88125 0.178125 0.00703125 0.01015625
0 0.403125 0.39140625 0.0125 0.021875
0 0.1765625 0.290625 0.01484375 0.01953125
0 0.41328125 0.28203125 0.01171875 0.0171875
0 0.99453125 0.18046875 0.00859375 0.01171875
0 0.62890625 0.240625 0.01171875 0.015625
0 0.89296875 0.17890625 0.00703125 0.009375
0 0.8375 0.18671875 0.00703125 0.01171875
0 0.6671875 0.2796875 0.009375 0.0140625
0 0.74375 0.2046875 0.00703125 0.0078125
0 0.9421875 0.18125 0.0078125 0.0078125
0 0.8546875 0.21640625 0.009375 0.01328125
0 0.79296875 0.1703125 0.0078125 0.01171875
0 0.74453125 0.21796875 0.00859375 0.01171875
0 0.8546875 0.16953125 0.0078125 0.0078125
0 0.90625 0.16796875 0.0078125 0.0078125
0 0.7046875 0.2046875 0.0078125 0.01171875
0 0.8921875 0.19375 0.0078125 0.01171875
0 0.5921875 0.28125 0.009375 0.01796875
0 0.98125 0.18125 0.00703125 0.01328125
0 0.5453125 0.26875 0.0109375 0.0140625
0 0.88203125 0.19375 0.0078125 0.01171875
0 0.75625 0.2046875 0.00703125 0.01171875
0 0.884375 0.34921875 0.0171875 0.02578125
0 0.28046875 0.29296875 0.0140625 0.01796875
0 0.7171875 0.23203125 0.00859375 0.01328125
0 0.84375 0.16796875 0.0078125 0.0078125
0 0.71796875 0.20625 0.00703125 0.01171875
0 0.9296875 0.16875 0.00625 0.00625
0 0.91875 0.19296875 0.00625 0.0078125
0 0.94296875 0.19296875 0.00703125 0.01015625
0 0.93125 0.15625 0.00703125 0.0078125
0 0.86875 0.19375 0.00703125 0.01171875
0 0.6546875 0.2671875 0.01171875 0.015625
0 0.5828125 0.6453125 0.034375 0.05078125