0 0.57734375 0.10078125 0.0234375 0.0328125
0 0.228125 0.1 0.0265625 0.0390625
0 0.059375 0.3109375 0.0390625 0.06015625
0 0.3953125 0.19765625 0.028125 0.0390625
0 0.84453125 0.034375 0.0203125 0.0328125
0 0.971875 0.01875 0.02421875 0.0296875
0 0.45625 0.3015625 0.0375 0.05625
0 0.784375 0.08046875 0.02421875 0.0390625
0 0.8390625 0.21796875 0.03125 0.04296875
0 0.69375 0.06953125 0.02265625 0.03515625
0 0.8796875 0.6734375 0.065625 0.09375
0 0.59375 0.2671875 0.03125 0.04453125
0 0.68203125 0.3046875 0.028125 0.04453125
0 0.61015625 0.09140625 0.0234375 0.03359375
0 0.16328125 0.32421875 0.0375 0.04921875
0 0.1234375 0.10390625 0.02421875 0.0390625
0 0.29296875 0.2703125 0.04296875 0.05859375
0 0.5671875 0.303125 0.0328125 0.04921875
0 0.09453125 0.11953125 0.028125 0.04140625
0 0.84609375 0.11640625 0.0265625 0.040625
0 0.6421875 0.02265625 0.01953125 0.0328125
0 0.16328125 0.10625 0.0234375 0.0328125
0 0.6234375 0.0578125 0.02265625 0.0296875
0 0.8890625 0.11171875 0.02734375 0.03671875
0 0.2109375 0.315625 0.0296875 0.04296875
0 0.73125 0.1546875 0.025 0.0390625
0 0.4078125 0.8515625 0.0734375 0.1015625
0 0.20390625 0.0875 0.021875 0.0296875
0 0.54375 0.8015625 0.07421875 0.103125
0 0.659375 0.0546875 0.0203125 0.03671875
0 0.36484375 0.1828125 0.028125 0.04296875
0 0.2546875 0.0796875 0.02734375 0.03359375
0 0.01484375 0.23203125 0.0296875 0.0546875
0 0.55 0.06796875 0.02421875 0.03125
0 0.7171875 0.2875 0.0328125 0.05625
0 0.5453125 0.18828125 0.021875 0.0328125
0 0.81640625 0.31640625 0.0453125 0.06015625
0 0.3 0.4328125 0.04296875 0.05859375
0 0.8109375 0.446875 0.0515625 0.06640625
0 0.32734375 0.1890625 0.03046875 0.046875
0 0.14375 0.58671875 0.0375 0.0609375
0 0.35625 0.375 0.0375 0.0546875
0 0.32890625 0.1125 0.0265625 0.0375
0 0.2640625 0.31953125 0.03515625 0.0484375
0 0.9125 0.03671875 0.02265625 0.03125
0 0.9265625 0.01015625 0.025 0.0203125
0 0.81953125 0.5171875 0.0546875 0.0703125
0 0.06328125 0.45625 0.04609375 0.0640625
0 0.98359375 0.5375 0.03125 0.0875
0 0.915625 0.071875 0.025 0.0375
0 0.5984375 0.0390625 0.02265625 0.03359375
0 0.7421875 0.10703125 0.025 0.03671875
0 0.09453125 0.0859375 0.0203125 0.02578125
0 0.653125 0.2265625 0.0265625 0.03359375
0 0.5640625 0.01015625 0.01875 0.0203125
0 0.76484375 0.4640625 0.028125 0.0375
0 0.75078125 0.0484375 0.01953125 0.02734375
0 0.94921875 0.0140625 0.0234375 0.028125
0 0.99375 0.01328125 0.009375 0.02578125
0 0.73984375 0.021875 0.01875 0.02890625
0 0.29375 0.146875 0.02421875 0.03359375
0 0.5921875 0.00703125 0.01875 0.0140625
0 0.93046875 0.31875 0.03828125 0.06015625
0 0.54765625 0.12890625 0.0203125 0.03125
0 0.0046875 0.1140625 0.00859375 0.0375
0 0.35078125 0.33203125 0.03515625 0.03671875
0 0.57890625 0.0671875 0.021875 0.0296875