0 0.94375 0.4 0.04296875 0.0625
0 0.6828125 0.1734375 0.0234375 0.0375
0 0.846875 0.37890625 0.0375 0.0546875
0 0.44140625 0.04140625 0.015625 0.0234375
0 0.77421875 0.28671875 0.03046875 0.05234375
0 0.4984375 0.01171875 0.015625 0.0234375
0 0.7453125 0.3578125 0.0375 0.05859375
0 0.58359375 0.02421875 0.01484375 0.025
0 0.85625 0.53203125 0.05625 0.0796875
0 0.3703125 0.14921875 0.02421875 0.0375
0 0.6453125 0.1859375 0.025 0.0375
0 0.7125 0.06171875 0.01875 0.0296875
0 0.23359375 0.725 0.07890625 0.10703125
0 0.978125 0.0734375 0.01953125 0.0328125
0 0.84453125 0.66015625 0.07890625 0.1015625
0 0.81328125 0.2046875 0.03046875 0.046875
0 0.7421875 0.1484375 0.025 0.03671875
0 0.3359375 0.14140625 0.0234375 0.03515625
0 0.52578125 0.046875 0.01484375 0.02578125
0 0.67734375 0.0171875 0.01875 0.025
0 0.35625 0.01796875 0.0125 0.01796875
0 0.21953125 0.09296875 0.0171875 0.025
0 0.38125 0.00625 0.0125 0.0125
0 0.33125 0.05625 0.01484375 0.021875
0 0.753125 0.759375 0.059375 0.084375
0 0.53984375 0.009375 0.0140625 0.01875
0 0.84765625 0.2015625 0.0296875 0.04453125
0 0.709375 0.03046875 0.01875 0.025
0 0.465625 0.0296875 0.0125 0.0234375
0 0.31328125 0.603125 0.06328125 0.0796875
0 0.62578125 0.01171875 0.015625 0.0234375
0 0.196875 0.3859375 0.01640625 0.025
0 0.44140625 0.00703125 0.0140625 0.0140625
0 0.1453125 0.20625 0.0234375 0.03515625
0 0.1703125 0.08125 0.01484375 0.025
0 0.6640625 0.0421875 0.015625 0.021875
0 0.415625 0.009375 0.0125 0.01875
0 0.32734375 0.02265625 0.0125 0.0171875
0 0.5515625 0.05546875 0.0171875 0.025
0 0.30078125 0.0265625 0.0140625 0.021875
0 0.7 0.125 0.01953125 0.03125
0 0.4578125 0.06015625 0.0171875 0.02890625
0 0.8046875 0.03671875 0.0171875 0.03125
0 0.7859375 0.0109375 0.01640625 0.021875
0 0.075 0.1546875 0.0234375 0.03125
0 0.1046875 0.94375 0.078125 0.109375
0 0.32734375 0.1109375 0.0171875 0.0234375
0 0.146875 0.0921875 0.01484375 0.021875
0 0.4140625 0.03828125 0.015625 0.021875
0 0.38984375 0.0734375 0.01484375 0.021875
0 0.3875 0.05078125 0.0140625 0.02109375
0 0.46640625 0.00546875 0.01484375 0.01015625
0 0.6703125 0.0671875 0.0203125 0.0296875
0 0.11796875 0.08828125 0.01484375 0.0234375
0 0.778125 0.2359375 0.0296875 0.0375
0 0.3421875 0.00625 0.01171875 0.01171875
0 0.42109375 0.06015625 0.01484375 0.02109375
0 0.3875 0.1140625 0.0171875 0.025
0 0.27109375 0.07421875 0.01484375 0.0234375
0 0.7453125 0.00625 0.015625 0.0125
0 0.31484375 0.00625 0.0125 0.01171875
0 0.31484375 0.14140625 0.01875 0.0296875
0 0.8859375 0.03671875 0.01484375 0.02578125
0 0.696875 0.0109375 0.015625 0.021875
0 0.4203125 0.08203125 0.0203125 0.02890625
0 0.87265625 0.05625 0.0203125 0.03125
0 0.41015625 0.125 0.015625 0.0234375
0 0.565625 0.01171875 0.01640625 0.0234375
0 0.328125 0.00625 0.01171875 0.01171875
0 0.2390625 0.04453125 0.01171875 0.01796875