0 0.58125 0.7078125 0.0234375 0.03203125
0 0.58125 0.91171875 0.0234375 0.03515625
0 0.665625 0.43984375 0.01640625 0.028125
0 0.51640625 0.725 0.01875 0.03203125
0 0.5390625 0.80703125 0.0234375 0.0390625
0 0.0703125 0.7890625 0.02578125 0.0390625
0 0.37578125 0.90625 0.02578125 0.0390625
0 0.2953125 0.75859375 0.02578125 0.03515625
0 0.44765625 0.671875 0.02109375 0.03203125
0 0.24296875 0.65625 0.0234375 0.03515625
0 0.465625 0.59609375 0.0234375 0.028125
0 0.4421875 0.81171875 0.0234375 0.03515625
0 0.1875 0.90078125 0.028125 0.03515625
0 0.65390625 0.64375 0.02109375 0.03203125
0 0.45703125 0.3 0.01640625 0.025
0 0.1015625 0.91171875 0.0234375 0.0421875
0 0.23984375 0.74140625 0.02578125 0.03515625
0 0.5234375 0.98046875 0.028125 0.03203125
0 0.6171875 0.45 0.01640625 0.028125
0 0.5671875 0.75859375 0.0234375 0.028125
0 0.27109375 0.88828125 0.0234375 0.0390625
0 0.64375 0.23046875 0.0140625 0.02109375
0 0.70859375 0.28359375 0.0140625 0.02109375
0 0.76875 0.353125 0.01875 0.025
0 0.040625 0.61328125 0.02109375 0.028125
0 0.24921875 0.46953125 0.02109375 0.025
0 0.76640625 0.2359375 0.0140625 0.025
0 0.38046875 0.40390625 0.01640625 0.028125
0 0.5046875 0.2484375 0.0140625 0.02109375
0 0.7265625 0.66640625 0.01875 0.03515625
0 0.29375 0.9625 0.0234375 0.0390625
0 0.559375 0.14375 0.01171875 0.025
0 0.36796875 0.7375 0.0234375 0.03515625
0 0.6390625 0.7375 0.0234375 0.028125
0 0.403125 0.77109375 0.0234375 0.03203125
0 0.4375 0.934375 0.028125 0.0390625
0 0.8046875 0.3703125 0.01640625 0.025
0 0.57734375 0.6328125 0.02109375 0.03203125
0 0.7015625 0.5921875 0.01875 0.028125
0 0.51171875 0.89921875 0.0234375 0.0390625
0 0.3046875 0.89921875 0.02578125 0.0390625
0 0.690625 0.78359375 0.02578125 0.03515625
0 0.33125 0.46796875 0.01875 0.028125
0 0.20234375 0.66640625 0.02109375 0.028125
0 0.2328125 0.984375 0.02578125 0.025
0 0.42109375 0.853125 0.0234375 0.0390625
0 0.1875 0.49296875 0.01875 0.028125
0 0.509375 0.4453125 0.01875 0.025
0 0.590625 0.184375 0.0140625 0.02109375
0 0.190625 0.7125 0.02578125 0.03515625
0 0.0546875 0.865625 0.02578125 0.03515625
0 0.85859375 0.33515625 0.0140625 0.025
0 0.05546875 0.9625 0.0234375 0.0390625
0 0.43828125 0.40625 0.01640625 0.025
0 0.278125 0.115625 0.0140625 0.025
0 0.48359375 0.77109375 0.0234375 0.03203125
0 0.540625 0.365625 0.01640625 0.028125
0 0.4421875 0.0671875 0.0140625 0.02109375
0 0.45859375 0.13828125 0.0140625 0.02109375
0 0.6125 0.62578125 0.01640625 0.03203125
0 0.18671875 0.80703125 0.02578125 0.0390625
0 0.53046875 0.2484375 0.0140625 0.02109375
0 0.59921875 0.434375 0.01875 0.025
0 0.903125 0.38125 0.0140625 0.025
0 0.15078125 0.696875 0.01875 0.03203125
0 0.56796875 0.6734375 0.02109375 0.028125
0 0.2546875 0.55 0.01875 0.028125
0 0.33828125 0.41171875 0.01875 0.028125
0 0.64921875 0.8703125 0.02578125 0.0390625
0 0.3265625 0.696875 0.0234375 0.03203125
0 0.10625 0.5921875 0.01875 0.028125
0 0.53203125 0.115625 0.0140625 0.025
0 0.12265625 0.68984375 0.0234375 0.03203125
0 0.884375 0.5109375 0.01875 0.028125
0 0.7015625 0.0390625 0.0140625 0.02109375
0 0.13046875 0.63828125 0.02109375 0.028125
0 0.28046875 0.671875 0.01875 0.03203125
0 0.5859375 0.34765625 0.01875 0.02109375
0 0.0984375 0.8578125 0.02578125 0.03515625
0 0.4296875 0.55 0.02109375 0.028125
0 0.06328125 0.7078125 0.02109375 0.03203125
0 0.56953125 0.4578125 0.0140625 0.02109375
0 0.51875 0.028125 0.0140625 0.02109375
0 0.759375 0.6203125 0.01875 0.03515625
0 0.4921875 0.028125 0.01640625 0.02109375
0 0.2953125 0.4859375 0.02109375 0.028125
0 0.89375 0.2890625 0.0140625 0.025
0 0.26875 0.475 0.01875 0.028125
0 0.6796875 0.21796875 0.01640625 0.025
0 0.028125 0.64921875 0.0234375 0.03515625
0 0.90703125 0.3171875 0.0140625 0.025
0 0.34140625 0.8296875 0.02578125 0.0421875
0 0.8046875 0.50390625 0.01640625 0.028125
0 0.84453125 0.06171875 0.0140625 0.025
0 0.15703125 0.7375 0.0234375 0.03515625
0 0.559375 0.25859375 0.01640625 0.02109375
0 0.6078125 0.8046875 0.02109375 0.03515625
0 0.7109375 0.2359375 0.0140625 0.025
0 0.67734375 0.3828125 0.02109375 0.028125
0 0.65703125 0.13125 0.0140625 0.02109375
0 0.790625 0.45234375 0.01640625 0.03203125
0 0.68203125 0.0796875 0.01640625 0.01796875
0 0.8359375 0.2359375 0.0140625 0.025
0 0.5046875 0.590625 0.01875 0.03203125
0 0.846875 0.3828125 0.0140625 0.028125
0 0.53671875 0.434375 0.01875 0.03203125
0 0.7890625 0.3 0.0140625 0.025
0 0.684375 0.16875 0.01171875 0.01796875
0 0.45703125 0.353125 0.01640625 0.025
0 0.86328125 0.515625 0.01875 0.03203125
0 0.9921875 0.41640625 0.01171875 0.025
0 0.26171875 0.59609375 0.01875 0.028125
0 0.32890625 0.3703125 0.0140625 0.025
0 0.696875 0.7125 0.0234375 0.03515625
0 0.9296875 0.41171875 0.01640625 0.02109375
0 0.3 0.41171875 0.01640625 0.02109375
0 0.221875 0.46484375 0.01875 0.028125
0 0.70625 0.196875 0.0140625 0.025
0 0.1796875 0.528125 0.02109375 0.03515625
0 0.09453125 0.265625 0.01875 0.02109375
0 0.3359375 0.55703125 0.0234375 0.03515625
0 0.86796875 0.40390625 0.0140625 0.028125
0 0.315625 0.6203125 0.02578125 0.03515625
0 0.7265625 0.52109375 0.01875 0.028125
0 0.509375 0.54609375 0.01875 0.028125
0 0.3796875 0.684375 0.0234375 0.03515625
0 0.92109375 0.0109375 0.0140625 0.02109375
0 0.6796875 0.25390625 0.01640625 0.025
0 0.14921875 0.52109375 0.02109375 0.028125
0 0.79609375 0.63125 0.0234375 0.0421875
0 0.76875 0.05703125 0.0140625 0.02109375
0 0.3578125 0.08515625 0.01640625 0.02109375
0 0.434375 0.63828125 0.02109375 0.028125
0 0.47890625 0.39921875 0.01875 0.025
0 0.63203125 0.02109375 0.009375 0.02109375
0 0.56171875 0.5671875 0.02109375 0.028125
0 0.44765625 0.7375 0.02109375 0.028125
0 0.028125 0.90625 0.0234375 0.0390625
0 0.61328125 0.2359375 0.0140625 0.025
0 0.378125 0.50390625 0.02109375 0.028125
0 0.84453125 0.56171875 0.01875 0.03203125
0 0.503125 0.07421875 0.01640625 0.02109375
0 0.90703125 0.103125 0.0140625 0.02109375
0 0.09296875 0.61328125 0.01875 0.028125
0 0.93515625 0.32421875 0.0140625 0.025
0 0.3671875 0.3171875 0.01640625 0.025
0 0.27890625 0.38125 0.01640625 0.025
0 0.4296875 0.4984375 0.02109375 0.03203125
0 0.0234375 0.6953125 0.028125 0.0421875
0 0.69765625 0.37578125 0.01640625 0.02109375
0 0.79609375 0.0515625 0.0140625 0.01796875
0 0.87265625 0.2125 0.0140625 0.02109375
0 0.5046875 0.40625 0.01875 0.025
0 0.9609375 0.4578125 0.01875 0.028125
0 0.6703125 0.28359375 0.01640625 0.02109375
0 0.71953125 0.1734375 0.0140625 0.02109375
0 0.4921875 0.42890625 0.01640625 0.02109375
0 0.4828125 0.21953125 0.01640625 0.02109375
0 0.571875 0.39375 0.01875 0.028125
0 0.66171875 0.184375 0.0140625 0.02109375
0 0.965625 0.115625 0.0140625 0.025
0 0.63984375 0.31171875 0.01640625 0.028125
0 0.621875 0.38671875 0.01640625 0.028125
0 0.43828125 0.2375 0.01640625 0.02109375
0 0.39921875 0.32421875 0.01640625 0.025
0 0.95703125 0.34765625 0.01640625 0.02109375
0 0.71328125 0.40078125 0.0140625 0.028125
0 0.471875 0.25390625 0.0140625 0.025
0 0.65625 0.38125 0.01640625 0.025
0 0.26015625 0.853125 0.02578125 0.0390625
0 0.528125 0.3015625 0.01875 0.02109375
0 0.46328125 0.32421875 0.0140625 0.025
0 0.175 0.8578125 0.02578125 0.03515625
0 0.4296875 0.340625 0.01640625 0.028125
0 0.81328125 0.2609375 0.01640625 0.025
0 0.84453125 0.16640625 0.0140625 0.02109375
0 0.16171875 0.17890625 0.0140625 0.025
0 0.5859375 0.11328125 0.0140625 0.02109375
0 0.32734375 0.5921875 0.02109375 0.028125
0 0.37578125 0.46796875 0.01640625 0.028125
0 0.621875 0.2078125 0.01640625 0.025
0 0.62265625 0.696875 0.0234375 0.0390625
0 0.62265625 0.13828125 0.0140625 0.02109375
0 0.57734375 0.31171875 0.01640625 0.02109375
0 0.57265625 0.8828125 0.02578125 0.03515625
0 0.6390625 0.48046875 0.01875 0.03203125
0 0.60859375 0.12578125 0.0140625 0.025
0 0.1171875 0.54609375 0.02109375 0.028125
0 0.90078125 0.42890625 0.0140625 0.02109375
0 0.09140625 0.7484375 0.02578125 0.0421875
0 0.08828125 0.7125 0.01875 0.028125
0 0.5046875 0.12578125 0.0140625 0.025
0 0.96953125 0.06171875 0.0140625 0.025
0 0.27109375 0.15078125 0.0140625 0.01796875
0 0.58125 0.06171875 0.0140625 0.025
0 0.78203125 0.42890625 0.01875 0.028125
0 0.5765625 0.0265625 0.0140625 0.025
0 0.353125 0.43984375 0.01640625 0.028125
0 0.196875 0.15390625 0.0140625 0.025
0 0.153125 0.21953125 0.0140625 0.02109375
0 0.5765625 0.13125 0.0140625 0.02109375
0 0.840625 0.08515625 0.0140625 0.02109375
0 0.778125 0.53203125 0.01875 0.028125
0 0.80078125 0.14375 0.0140625 0.025
0 0.903125 0.184375 0.0140625 0.02109375
0 0.57734375 0.603125 0.02109375 0.028125
0 0.2015625 0.590625 0.01875 0.025
0 0.73828125 0.04453125 0.0140625 0.01796875
0 0.55546875 0.225 0.0140625 0.025
0 0.50546875 0.65625 0.02109375 0.028125
0 0.60625 0.00546875 0.009375 0.0109375
0 0.78203125 0.17890625 0.0140625 0.025
0 0.61796875 0.57421875 0.01875 0.028125
0 0.65625 0.32421875 0.01640625 0.025
0 0.21640625 0.615625 0.02109375 0.03203125
0 0.971875 0.3171875 0.0140625 0.025
0 0.478125 0.8578125 0.02578125 0.0421875
0 0.65390625 0.25390625 0.01640625 0.025
0 0.9296875 0.2484375 0.01640625 0.02109375
0 0.821875 0.46796875 0.01875 0.028125
0 0.70234375 0.6328125 0.02109375 0.03203125
0 0.59921875 0.23046875 0.0140625 0.02109375
0 0.64375 0.14375 0.0140625 0.025
0 0.70625 0.09765625 0.0140625 0.025
0 0.71171875 0.45234375 0.01640625 0.03203125
0 0.76953125 0.2890625 0.01640625 0.025
0 0.65390625 0.028125 0.01171875 0.02109375
0 0.92578125 0.08515625 0.0140625 0.028125
0 0.7375 0.07265625 0.01640625 0.025
0 0.6875 0.115625 0.0140625 0.025
0 0.4203125 0.31171875 0.01640625 0.02109375
0 0.35859375 0.38125 0.0140625 0.025
0 0.5234375 0.48046875 0.01875 0.025
0 0.23359375 0.82421875 0.0234375 0.03203125
0 0.4109375 0.07421875 0.01640625 0.02109375
0 0.91171875 0.225 0.0140625 0.025
0 0.8890625 0.090625 0.0140625 0.025
0 0.8625 0.0515625 0.01171875 0.025
0 0.10390625 0.21953125 0.0140625 0.02109375
0 0.815625 0.55703125 0.02109375 0.028125
0 0.83125 0.13125 0.0140625 0.02109375
0 0.778125 0.115625 0.0140625 0.025
0 0.409375 0.41640625 0.0140625 0.025
0 0.60625 0.29453125 0.0140625 0.02109375
0 0.81328125 0.4234375 0.01640625 0.025
0 0.840625 0.00546875 0.0140625 0.0109375
0 0.45859375 0.40625 0.0140625 0.025
0 0.3796875 0.365625 0.01875 0.02109375
0 0.8890625 0.23046875 0.0140625 0.02109375
0 0.01015625 0.82890625 0.0203125 0.0359375
0 0.76875 0.2125 0.0140625 0.02109375
0 0.821875 0.615625 0.01875 0.03203125
0 0.1390625 0.1734375 0.0140625 0.02109375
0 0.2265625 0.14921875 0.009375 0.02109375
0 0.5546875 0.1078125 0.01640625 0.01796875
0 0.50546875 0.353125 0.01640625 0.025
0 0.64140625 0.184375 0.0140625 0.02109375
0 0.74765625 0.3296875 0.01875 0.028125
0 0.54375 0.5390625 0.0140625 0.02109375
0 0.74765625 0.16640625 0.0140625 0.02109375
0 0.059375 0.64375 0.02109375 0.03203125
0 0.70625 0.0671875 0.0140625 0.02109375
0 0.53671875 0.64375 0.01875 0.03203125
0 0.47421875 0.0671875 0.0140625 0.02109375
0 0.7734375 0.15390625 0.0140625 0.025
0 0.89375 0.0265625 0.0140625 0.025
0 0.74765625 0.196875 0.0140625 0.025
0 0.68828125 0.353125 0.01640625 0.025
0 0.93203125 0.16640625 0.01640625 0.02109375
0 0.82890625 0.29453125 0.0140625 0.02109375
0 0.534375 0.59609375 0.01875 0.028125
0 0.43828125 0.2609375 0.01640625 0.025
0 0.878125 0.3171875 0.01640625 0.025
0 0.1796875 0.2078125 0.01640625 0.025
0 0.81015625 0.04453125 0.0140625 0.025
0 0.74296875 0.00546875 0.0140625 0.0109375
0 0.64375 0.0796875 0.0140625 0.025
0 0.93203125 0.14375 0.01640625 0.025
0 0.35859375 0.615625 0.01875 0.03203125
0 0.965625 0.20234375 0.0140625 0.02109375
0 0.62265625 0.090625 0.0140625 0.025
0 0.6484375 0.53203125 0.01875 0.028125
0 0.596875 0.27109375 0.0140625 0.025
0 0.884375 0.5671875 0.01875 0.03515625
0 0.815625 0.31171875 0.01640625 0.02109375
0 0.121875 0.21953125 0.01640625 0.028125
0 0.6390625 0.2765625 0.0140625 0.028125
0 0.87265625 0.15625 0.0140625 0.02109375
0 0.7328125 0.3703125 0.01640625 0.025
0 0.59921875 0.50390625 0.01875 0.028125
0 0.903125 0.12578125 0.0140625 0.025
0 0.81015625 0.0671875 0.0140625 0.02109375
0 0.809375 0.171875 0.01171875 0.025
0 0.6875 0.14375 0.0140625 0.025
0 0.6703125 0.58515625 0.02109375 0.028125
0 0.5546875 0.2890625 0.01640625 0.025
0 0.23828125 0.42890625 0.01875 0.02109375
0 0.5765625 0.24296875 0.0140625 0.025
0 0.6078125 0.48046875 0.01640625 0.025
0 0.54140625 0.00859375 0.0140625 0.0171875