1 0.721875 0.83359375 0.07109375 0.11171875
1 0.89609375 0.803125 0.08671875 0.13125
1 0.16484375 0.834375 0.12578125 0.171875
1 0.27421875 0.828125 0.07421875 0.11171875
1 0.825 0.7828125 0.04609375 0.08203125
1 0.6140625 0.8828125 0.0609375 0.09375
1 0.478125 0.80625 0.053125 0.07265625
1 0.9078125 0.865625 0.16875 0.26015625
1 0.42265625 0.81015625 0.03125 0.04921875
1 0.7046875 0.88671875 0.1828125 0.21875
1 0.63828125 0.8125 0.03984375 0.05703125
1 0.05546875 0.82109375 0.05078125 0.07421875
1 0.3625 0.78828125 0.02734375 0.04296875
1 0.59140625 0.815625 0.03046875 0.04296875
1 0.05 0.7515625 0.03515625 0.0484375
1 0.47578125 0.88359375 0.1046875 0.225
1 0.190625 0.87109375 0.2234375 0.25
1 0.95390625 0.79921875 0.028125 0.046875
1 0.284375 0.88359375 0.11875 0.22265625
1 0.603125 0.915625 0.0859375 0.16171875
1 0.3984375 0.79609375 0.025 0.0375
1 0.415625 0.89140625 0.06640625 0.209375
1 0.3171875 0.8015625 0.028125 0.0453125
1 0.36015625 0.88125 0.05859375 0.22890625
1 0.815625 0.86875 0.12109375 0.25234375
1 0.6484375 0.8421875 0.0625 0.115625
1 0.55 0.80078125 0.02265625 0.03359375
1 0.496875 0.8015625 0.0234375 0.0484375
1 0.04765625 0.88984375 0.08671875 0.2125
1 0.3421875 0.78359375 0.01953125 0.03671875
1 0.58671875 0.85703125 0.04609375 0.12734375
1 0.23203125 0.8078125 0.0265625 0.0484375
1 0.01640625 0.7828125 0.0203125 0.03515625
1 0.5 0.81875 0.9921875 0.353125
1 0.11875 0.7765625 0.0328125 0.06640625
1 0.97578125 0.78046875 0.02421875 0.0328125
1 0.04609375 0.79609375 0.0703125 0.134375
1 0.53046875 0.80234375 0.01953125 0.03125
1 0.5078125 0.72421875 0.0140625 0.015625
1 0.13984375 0.83203125 0.07421875 0.14609375
1 0.48515625 0.765625 0.0171875 0.02109375
1 0.83125 0.66328125 0.01484375 0.01953125
1 0.60078125 0.78984375 0.01953125 0.025
1 0.1203125 0.76171875 0.03046875 0.03671875
1 0.7375 0.6859375 0.021875 0.06640625
1 0.984375 0.6984375 0.015625 0.021875
1 0.50859375 0.7484375 0.0265625 0.06484375
1 0.9171875 0.65390625 0.0140625 0.015625
1 0.68359375 0.66796875 0.0140625 0.01796875
1 0.15078125 0.7453125 0.034375 0.0328125
1 0.76328125 0.7984375 0.02265625 0.03515625
1 0.22734375 0.771875 0.025 0.03515625
1 0.5140625 0.796875 0.0171875 0.03125
1 0.46953125 0.73515625 0.0140625 0.0171875
1 0.56875 0.74375 0.01953125 0.03359375
1 0.5671875 0.73515625 0.0140625 0.0171875
1 0.8578125 0.6578125 0.01171875 0.015625
1 0.2203125 0.72265625 0.01640625 0.02109375
1 0.79765625 0.8015625 0.0203125 0.0296875
1 0.98515625 0.6546875 0.01171875 0.0171875
1 0.965625 0.8453125 0.06328125 0.1390625
1 0.0734375 0.765625 0.02421875 0.02890625
1 0.73671875 0.6578125 0.0109375 0.01171875
1 0.4703125 0.790625 0.03828125 0.04140625
1 0.2453125 0.7796875 0.0171875 0.0296875
1 0.66484375 0.7953125 0.01640625 0.02578125
1 0.553125 0.85390625 0.0375 0.14296875
1 0.69921875 0.73046875 0.015625 0.02109375
1 0.2765625 0.74375 0.0203125 0.02890625
1 0.31875 0.84296875 0.0375 0.13125