0 0.73203125 0.2859375 0.0265625 0.04296875
0 0.821875 0.31328125 0.0296875 0.0453125
0 0.67890625 0.25625 0.0296875 0.0484375
0 0.7796875 0.13046875 0.0234375 0.03671875
0 0.68828125 0.0828125 0.02421875 0.0375
0 0.86640625 0.15390625 0.028125 0.04140625
0 0.9234375 0.11171875 0.02734375 0.0390625
0 0.88125 0.271875 0.034375 0.0546875
0 0.478125 0.61171875 0.0390625 0.05703125
0 0.48671875 0.1234375 0.02421875 0.03671875
0 0.93671875 0.25625 0.03203125 0.05234375
0 0.93828125 0.17265625 0.0296875 0.04296875
0 0.5015625 0.05390625 0.02265625 0.0328125
0 0.790625 0.0765625 0.0203125 0.03359375
0 0.8421875 0.0703125 0.0265625 0.0390625
0 0.028125 0.128125 0.02421875 0.0328125
0 0.3015625 0.43125 0.040625 0.05703125
0 0.7109375 0.0578125 0.0234375 0.03515625
0 0.6640625 0.1421875 0.0171875 0.03359375
0 0.2390625 0.2875 0.02734375 0.04296875
0 0.8265625 0.03046875 0.0171875 0.0296875
0 0.54609375 0.73203125 0.0578125 0.0859375
0 0.26796875 0.41875 0.02421875 0.04296875
0 0.5375 0.09296875 0.02265625 0.0375
0 0.08046875 0.15546875 0.02421875 0.0296875
0 0.25078125 0.3375 0.0359375 0.04453125
0 0.74296875 0.09921875 0.0265625 0.03125
0 0.87421875 0.05 0.0234375 0.0375
0 0.37578125 0.2484375 0.0265625 0.03671875
0 0.5484375 0.24140625 0.0375 0.0484375
0 0.1296875 0.12890625 0.0328125 0.03671875
0 0.65703125 0.08125 0.01484375 0.0296875
0 0.94453125 0.00703125 0.01953125 0.0140625
0 0.8734375 0.0203125 0.0203125 0.021875
0 0.853125 0.00703125 0.0203125 0.0140625
0 0.09453125 0.10703125 0.021875 0.0234375
0 0.1453125 0.08203125 0.0171875 0.02578125
0 0.35078125 0.62890625 0.0171875 0.02578125