1 0.44140625 0.7390625 0.11875 0.47265625
1 0.61796875 0.6125 0.0359375 0.05703125
1 0.38046875 0.52890625 0.03203125 0.05234375
1 0.425 0.540625 0.05390625 0.07265625
1 0.203125 0.6265625 0.0375 0.05078125
1 0.62578125 0.7328125 0.08671875 0.30078125
1 0.234375 0.52734375 0.03125 0.0484375
1 0.32734375 0.7296875 0.0421875 0.0609375
1 0.2078125 0.71328125 0.059375 0.22734375
1 0.31875 0.45546875 0.02421875 0.04140625
1 0.64375 0.5171875 0.03046875 0.04296875
1 0.56953125 0.58984375 0.03984375 0.22734375
1 0.534375 0.50546875 0.028125 0.03984375
1 0.50625 0.49765625 0.0296875 0.04140625
1 0.6 0.49140625 0.0296875 0.0484375
1 0.1578125 0.4796875 0.025 0.03828125
1 0.69375 0.63671875 0.06328125 0.3
1 0.7359375 0.478125 0.02734375 0.04375
1 0.8890625 0.48046875 0.0359375 0.06953125
1 0.5734375 0.49609375 0.025 0.03828125
1 0.20625 0.4578125 0.0234375 0.03515625
1 0.5015625 0.6078125 0.040625 0.26171875
1 0.68203125 0.51484375 0.034375 0.05234375
1 0.65234375 0.453125 0.0234375 0.03671875
1 0.82578125 0.6265625 0.07734375 0.3296875
1 0.31484375 0.55859375 0.03828125 0.246875
1 0.159375 0.57578125 0.04765625 0.23125
1 0.48359375 0.50390625 0.025 0.03984375
1 0.49375 0.4609375 0.0265625 0.03828125
1 0.040625 0.49296875 0.0265625 0.03984375
1 0.10703125 0.50625 0.034375 0.16640625
1 0.7 0.48828125 0.03046875 0.04296875
1 0.53359375 0.6 0.0421875 0.22890625
1 0.84296875 0.48515625 0.034375 0.05234375
1 0.62734375 0.48828125 0.02421875 0.04140625
1 0.28359375 0.4453125 0.0203125 0.03515625
1 0.44375 0.471875 0.0234375 0.034375
1 0.05078125 0.4546875 0.025 0.034375
1 0.18125 0.45703125 0.0234375 0.03984375
1 0.53828125 0.46484375 0.02265625 0.03515625
1 0.178125 0.42578125 0.01875 0.0296875
1 0.90703125 0.40078125 0.0390625 0.05703125
1 0.6265625 0.4484375 0.01953125 0.0328125
1 0.36484375 0.44375 0.02265625 0.03515625
1 0.67578125 0.4765625 0.025 0.03515625
1 0.47578125 0.60703125 0.0421875 0.24609375
1 0.6453125 0.634375 0.05 0.2796875
1 0.6078125 0.45625 0.0234375 0.03125
1 0.4625 0.4390625 0.021875 0.03125
1 0.7375 0.5875 0.04375 0.2625
1 0.60078125 0.59296875 0.03984375 0.2515625
1 0.34765625 0.4515625 0.01953125 0.03125
1 0.36015625 0.49609375 0.03515625 0.034375
1 0.71328125 0.478125 0.02265625 0.04140625
1 0.51875 0.4546875 0.0203125 0.028125
1 0.2046875 0.521875 0.03828125 0.16328125
1 0.6515625 0.49453125 0.0328125 0.11953125
1 0.159375 0.45546875 0.02421875 0.0328125
1 0.07734375 0.434375 0.021875 0.034375
1 0.46796875 0.4890625 0.0234375 0.03515625
1 0.496875 0.41484375 0.01875 0.028125
1 0.93515625 0.48359375 0.03046875 0.04375
1 0.403125 0.43671875 0.01953125 0.0328125
1 0.56875 0.43515625 0.0203125 0.0328125
1 0.2328125 0.4640625 0.02734375 0.0328125
1 0.41328125 0.49609375 0.0328125 0.04296875
1 0.8015625 0.4515625 0.02421875 0.034375
1 0.246875 0.44453125 0.02265625 0.034375
1 0.03125 0.45546875 0.01953125 0.0328125
1 0.89140625 0.63359375 0.06640625 0.36640625
1 0.7875 0.4890625 0.02421875 0.04140625
1 0.10234375 0.44140625 0.02265625 0.03515625
1 0.44375 0.484375 0.03046875 0.059375
1 0.4109375 0.46796875 0.0265625 0.02734375
1 0.54765625 0.40234375 0.015625 0.02109375
1 0.30234375 0.40234375 0.01640625 0.02265625
1 0.678125 0.50625 0.0234375 0.03515625
1 0.9125 0.4890625 0.0296875 0.0640625
1 0.2359375 0.421875 0.01953125 0.03125
1 0.265625 0.46015625 0.025 0.034375
1 0.5296875 0.41328125 0.0171875 0.02265625
1 0.440625 0.44765625 0.021875 0.028125
1 0.009375 0.4921875 0.01875 0.04375
1 0.58515625 0.43671875 0.021875 0.0328125
1 0.23515625 0.528125 0.05390625 0.08515625
1 0.12578125 0.5046875 0.028125 0.1546875
1 0.33046875 0.39921875 0.0203125 0.02578125
1 0.01171875 0.459375 0.021875 0.02734375
1 0.3375 0.490625 0.0234375 0.04140625
1 0.121875 0.440625 0.01640625 0.02578125
1 0.6171875 0.615625 0.0546875 0.08671875
1 0.07890625 0.49609375 0.03203125 0.1546875
1 0.56953125 0.46640625 0.021875 0.02734375
1 0.40390625 0.41171875 0.01875 0.02578125
1 0.4546875 0.5453125 0.021875 0.03984375
1 0.14453125 0.47109375 0.0171875 0.03828125
1 0.8796875 0.5328125 0.04296875 0.05078125
1 0.884375 0.46328125 0.0296875 0.03984375
1 0.52109375 0.47265625 0.0203125 0.034375
1 0.8171875 0.496875 0.028125 0.0484375
1 0.9328125 0.6375 0.0609375 0.35234375
1 0.84375 0.46953125 0.03125 0.04140625