0 0.2171875 0.22421875 0.02265625 0.03125
0 0.1484375 0.64921875 0.0453125 0.0640625
0 0.4953125 0.1375 0.01640625 0.025
0 0.6828125 0.1140625 0.0140625 0.021875
0 0.765625 0.09765625 0.0140625 0.02109375
0 0.3203125 0.175 0.021875 0.0328125
0 0.934375 0.31640625 0.02421875 0.0390625
0 0.79375 0.08203125 0.01484375 0.02109375
0 0.68203125 0.61015625 0.0421875 0.05859375
0 0.60546875 0.6390625 0.0375 0.05625
0 0.0359375 0.2796875 0.0234375 0.03515625
0 0.94921875 0.1875 0.0234375 0.03125
0 0.54375 0.8609375 0.0484375 0.07421875
0 0.215625 0.690625 0.05 0.07421875
0 0.9921875 0.30625 0.0140625 0.03515625
0 0.65859375 0.1015625 0.0125 0.0234375
0 0.603125 0.16796875 0.015625 0.0234375
0 0.7375 0.14453125 0.01484375 0.0234375
0 0.9625 0.21875 0.0203125 0.03125
0 0.3265625 0.2125 0.021875 0.03125
0 0.30234375 0.2125 0.0203125 0.03125
0 0.6125 0.109375 0.01484375 0.0234375
0 0.56640625 0.1640625 0.0140625 0.0234375
0 0.5828125 0.1609375 0.0140625 0.021875
0 0.653125 0.88515625 0.0515625 0.07578125
0 0.66796875 0.07578125 0.0140625 0.0234375
0 0.99453125 0.1125 0.00859375 0.02734375
0 0.8234375 0.08125 0.015625 0.01953125
0 0.665625 0.00703125 0.0125 0.0140625
0 0.5609375 0.1421875 0.0140625 0.02109375
0 0.86484375 0.02265625 0.0125 0.0171875
0 0.64375 0.04296875 0.01171875 0.01796875
0 0.5546875 0.07421875 0.01171875 0.01796875
0 0.44453125 0.06875 0.0140625 0.01953125
0 0.84296875 0.00625 0.0140625 0.0125
0 0.8078125 0.0609375 0.0140625 0.01953125
0 0.83359375 0.0203125 0.0109375 0.0171875
0 0.80859375 0.0203125 0.0140625 0.01953125
0 0.54375 0.0453125 0.0109375 0.0171875
0 0.82734375 0.04140625 0.0125 0.02109375
0 0.6515625 0.071875 0.0125 0.01953125
0 0.85625 0.00546875 0.0125 0.01015625
0 0.58359375 0.13515625 0.01484375 0.02109375
0 0.6546875 0.01640625 0.01171875 0.0171875
0 0.9046875 0.98125 0.06953125 0.03515625
0 0.80625 0.00625 0.0140625 0.01171875
0 0.2328125 0.00703125 0.0140625 0.0140625
0 0.99375 0.16875 0.009375 0.0296875