1 0.44453125 0.88828125 0.15625 0.2125
1 0.14296875 0.7171875 0.09453125 0.18515625
1 0.45625 0.52421875 0.0578125 0.11796875
1 0.9 0.61171875 0.065625 0.13359375
1 0.5 0.64375 0.9921875 0.68515625
1 0.7625 0.7734375 0.09453125 0.2078125
1 0.2546875 0.5859375 0.05546875 0.10234375
1 0.85078125 0.83984375 0.084375 0.1921875
1 0.28203125 0.76796875 0.084375 0.16640625
1 0.53046875 0.48515625 0.04609375 0.0953125
1 0.71171875 0.55703125 0.053125 0.10390625
1 0.54296875 0.83515625 0.1 0.24765625
1 0.390625 0.58671875 0.08203125 0.17265625
1 0.04375 0.5109375 0.05625 0.1265625
1 0.634375 0.58046875 0.05546875 0.115625
1 0.3328125 0.52265625 0.04765625 0.1109375
1 0.1359375 0.809375 0.234375 0.36640625
1 0.6140625 0.6828125 0.0546875 0.11953125
1 0.3859375 0.675 0.16328125 0.34921875
1 0.5734375 0.59375 0.0671875 0.1109375
1 0.209375 0.5171875 0.04375 0.07578125
1 0.53828125 0.684375 0.07109375 0.0984375
1 0.31953125 0.44375 0.03515625 0.07421875
1 0.23359375 0.4484375 0.03515625 0.07265625
1 0.94453125 0.92265625 0.10546875 0.14375
1 0.05859375 0.7765625 0.084375 0.15546875
1 0.34921875 0.42734375 0.03828125 0.07578125
1 0.74765625 0.83125 0.16875 0.3234375
1 0.48515625 0.3859375 0.03203125 0.05859375
1 0.61328125 0.40859375 0.0296875 0.05546875
1 0.79453125 0.71171875 0.0578125 0.13359375
1 0.1359375 0.42734375 0.0390625 0.0828125
1 0.775 0.48671875 0.0375 0.0671875
1 0.109375 0.56328125 0.07421875 0.13984375
1 0.67421875 0.51875 0.04765625 0.09375
1 0.1953125 0.39609375 0.03125 0.0625
1 0.58671875 0.4765625 0.0453125 0.07421875
1 0.8609375 0.5140625 0.05546875 0.096875
1 0.80703125 0.59765625 0.0671875 0.115625
1 0.29765625 0.83828125 0.14765625 0.30625
1 0.54296875 0.76875 0.1 0.11953125
1 0.14765625 0.51484375 0.05 0.0953125
1 0.28046875 0.49375 0.04609375 0.078125
1 0.5140625 0.41796875 0.03046875 0.05703125
1 0.98125 0.78359375 0.034375 0.18671875
1 0.73046875 0.45859375 0.03125 0.05859375
1 0.75625 0.5578125 0.046875 0.10234375
1 0.9640625 0.66953125 0.065625 0.1453125
1 0.49453125 0.509375 0.0359375 0.07109375
1 0.78359375 0.41484375 0.034375 0.0515625
1 0.85859375 0.61953125 0.04375 0.11796875
1 0.715625 0.64609375 0.1140625 0.28203125
1 0.1421875 0.615625 0.07734375 0.08671875
1 0.46640625 0.58828125 0.09296875 0.2421875
1 0.18828125 0.48671875 0.0421875 0.0640625
1 0.39765625 0.4140625 0.0296875 0.05703125
1 0.48125 0.4546875 0.034375 0.0515625
1 0.8921875 0.6640625 0.1046875 0.2390625
1 0.84453125 0.42578125 0.03046875 0.0484375
1 0.9015625 0.459375 0.03203125 0.05390625
1 0.1546875 0.75625 0.13359375 0.26328125
1 0.628125 0.63203125 0.0765625 0.21953125
1 0.0625 0.41953125 0.040625 0.0671875
1 0.03984375 0.54921875 0.0765625 0.20625
1 0.5546875 0.36796875 0.0296875 0.046875
1 0.2515625 0.61171875 0.0734375 0.1609375
1 0.675 0.434375 0.03125 0.05859375
1 0.42578125 0.44375 0.03515625 0.05390625
1 0.95390625 0.46484375 0.03046875 0.05703125
1 0.25 0.715625 0.06875 0.146875
1 0.28125 0.42578125 0.03125 0.0625
1 0.50078125 0.46796875 0.96484375 0.33046875
1 0.11015625 0.41796875 0.02734375 0.05703125
1 0.64765625 0.4484375 0.03984375 0.05859375
1 0.715625 0.5859375 0.0984375 0.17109375
1 0.2625 0.440625 0.034375 0.0640625
1 0.2359375 0.46796875 0.0515625 0.1265625
1 0.95625 0.55859375 0.0453125 0.09375
1 0.0296875 0.703125 0.05859375 0.13671875