1 0.2546875 0.71015625 0.075 0.10625
1 0.34609375 0.71328125 0.065625 0.11328125
1 0.58515625 0.58828125 0.0375 0.07265625
1 0.40703125 0.6265625 0.046875 0.07578125
1 0.51875 0.74453125 0.07890625 0.11328125
1 0.49375 0.565625 0.03828125 0.0671875
1 0.44609375 0.796875 0.06171875 0.109375
1 0.1703125 0.84765625 0.0796875 0.13046875
1 0.63984375 0.81875 0.0859375 0.11796875
1 0.8234375 0.5390625 0.03828125 0.05546875
1 0.884375 0.8140625 0.075 0.13671875
1 0.69609375 0.5734375 0.04296875 0.0625
1 0.51484375 0.8421875 0.20390625 0.30703125
1 0.9484375 0.55546875 0.03515625 0.04921875
1 0.2828125 0.82578125 0.153125 0.3375
1 0.19375 0.65546875 0.0625 0.1015625
1 0.4421875 0.61484375 0.0359375 0.07265625
1 0.6921875 0.728125 0.0578125 0.09609375
1 0.25078125 0.62578125 0.05546875 0.0796875
1 0.88671875 0.52421875 0.0296875 0.0453125
1 0.14375 0.68125 0.05 0.09765625
1 0.559375 0.47578125 0.025 0.0390625
1 0.3640625 0.46015625 0.0234375 0.0453125
1 0.490625 0.4671875 0.0265625 0.0421875
1 0.45078125 0.57265625 0.0359375 0.0640625
1 0.48046875 0.66953125 0.0484375 0.07109375
1 0.0296875 0.7921875 0.05859375 0.1484375
1 0.7859375 0.71953125 0.05859375 0.084375
1 0.3265625 0.56796875 0.0359375 0.06796875
1 0.2359375 0.55703125 0.040625 0.0625
1 0.315625 0.64296875 0.0484375 0.07109375
1 0.771875 0.48828125 0.03203125 0.04375
1 0.29453125 0.54140625 0.03828125 0.059375
1 0.190625 0.8890625 0.1359375 0.21328125
1 0.6625 0.48046875 0.025 0.03671875
1 0.865625 0.87109375 0.18046875 0.2484375
1 0.44296875 0.484375 0.0265625 0.0390625
1 0.09765625 0.71875 0.0625 0.10625
1 0.846875 0.5078125 0.0328125 0.05078125
1 0.33671875 0.5265625 0.034375 0.05703125
1 0.04453125 0.45546875 0.0265625 0.0453125
1 0.23125 0.4921875 0.0296875 0.0453125
1 0.56796875 0.8171875 0.05 0.06953125
1 0.871875 0.71640625 0.0625 0.08125
1 0.69921875 0.66015625 0.0875 0.2328125
1 0.41328125 0.4734375 0.0234375 0.0421875
1 0.41328125 0.67421875 0.090625 0.171875
1 0.04375 0.653125 0.03984375 0.05703125
1 0.7359375 0.50234375 0.02734375 0.0390625
1 0.28515625 0.59921875 0.0375 0.0578125
1 0.27109375 0.5125 0.03046875 0.059375
1 0.64765625 0.8765625 0.1046875 0.23515625
1 0.60625 0.51796875 0.03203125 0.0453125
1 0.34921875 0.51875 0.0265625 0.05234375
1 0.1921875 0.4734375 0.02421875 0.0421875
1 0.0640625 0.8578125 0.1265625 0.27578125
1 0.16484375 0.515625 0.02421875 0.0390625
1 0.46171875 0.45859375 0.02265625 0.03671875
1 0.7 0.49453125 0.0234375 0.0375
1 0.64609375 0.546875 0.03046875 0.0421875
1 0.4671875 0.7296875 0.0453125 0.06953125
1 0.50390625 0.609375 0.078125 0.15859375
1 0.34375 0.628125 0.0328125 0.0609375
1 0.33359375 0.4671875 0.0265625 0.0421875
1 0.1328125 0.6296875 0.040625 0.0671875
1 0.55546875 0.5453125 0.0671875 0.17421875
1 0.540625 0.46796875 0.01875 0.03515625
1 0.715625 0.54375 0.03125 0.04921875
1 0.51640625 0.45 0.01640625 0.03359375
1 0.5984375 0.45859375 0.01953125 0.025
1 0.04453125 0.73125 0.07890625 0.11015625
1 0.95 0.42578125 0.01953125 0.02890625
1 0.19375 0.59453125 0.04296875 0.046875
1 0.41640625 0.86875 0.121875 0.2515625
1 0.103125 0.54375 0.053125 0.05234375
1 0.77421875 0.60703125 0.03828125 0.065625
1 0.1171875 0.45859375 0.0234375 0.03671875
1 0.940625 0.72109375 0.06875 0.1078125
1 0.98359375 0.50703125 0.02734375 0.04375
1 0.946875 0.63046875 0.0953125 0.20078125
1 0.15546875 0.4875 0.021875 0.03359375
1 0.390625 0.4765625 0.025 0.0375
1 0.29609375 0.49140625 0.0234375 0.0375
1 0.3671875 0.7953125 0.1109375 0.27578125
1 0.78125 0.83125 0.084375 0.3078125
1 0.89765625 0.4390625 0.0171875 0.03203125
1 0.2015625 0.4390625 0.021875 0.03515625
1 0.04765625 0.6046875 0.04375 0.05234375
1 0.07578125 0.43359375 0.0203125 0.03359375
1 0.49921875 0.69453125 0.99296875 0.5875
1 0.9484375 0.69609375 0.0515625 0.0609375
1 0.3984375 0.54921875 0.040625 0.0578125
1 0.496875 0.50859375 0.059375 0.125
1 0.04609375 0.5078125 0.0640625 0.15
1 0.0875 0.51953125 0.034375 0.05703125
1 0.83125 0.45703125 0.01875 0.02734375
1 0.821875 0.63828125 0.12109375 0.253125
1 0.15546875 0.24609375 0.03125 0.05703125
1 0.1890625 0.55859375 0.0390625 0.04765625
1 0.3953125 0.57734375 0.040625 0.04375
1 0.190625 0.703125 0.08203125 0.19609375
1 0.634375 0.4828125 0.021875 0.03515625
1 0.3953125 0.60625 0.0515625 0.09921875
1 0.1140625 0.60078125 0.03984375 0.065625
1 0.40703125 0.53515625 0.03984375 0.05546875
1 0.9859375 0.425 0.01953125 0.03046875
1 0.07734375 0.63984375 0.03828125 0.0578125
1 0.0875 0.6578125 0.04609375 0.0390625
1 0.715625 0.8375 0.11328125 0.3140625
1 0.9515625 0.8015625 0.0921875 0.26875
1 0.5890625 0.6703125 0.1203125 0.23515625
1 0.025 0.44453125 0.021875 0.03203125
1 0.94609375 0.475 0.04296875 0.125
1 0.89609375 0.575 0.05546875 0.146875
1 0.6125 0.578125 0.06171875 0.1625
1 0.86015625 0.31015625 0.02421875 0.03359375
1 0.40859375 0.44296875 0.01640625 0.02890625
1 0.821875 0.59453125 0.0875 0.1625
1 0.890625 0.5359375 0.04296875 0.07109375
1 0.43359375 0.45390625 0.0171875 0.02734375