0 0.228125 0.1796875 0.02265625 0.03359375
0 0.346875 0.19375 0.0203125 0.0328125
0 0.6546875 0.53046875 0.034375 0.05625
0 0.6859375 0.61171875 0.0359375 0.0546875
0 0.8421875 0.24765625 0.0234375 0.03359375
0 0.58671875 0.4921875 0.03828125 0.04921875
0 0.15859375 0.0140625 0.01875 0.02734375
0 0.48359375 0.1015625 0.01640625 0.0234375
0 0.81640625 0.2640625 0.025 0.03125
0 0.628125 0.0453125 0.01484375 0.021875
0 0.2984375 0.1875 0.0234375 0.03671875
0 0.43828125 0.82421875 0.05625 0.08046875
0 0.09765625 0.1734375 0.0296875 0.0390625
0 0.5125 0.86015625 0.0546875 0.08203125
0 0.21953125 0.88125 0.0625 0.1
0 0.0609375 0.1453125 0.028125 0.0375
0 0.79375 0.03828125 0.01640625 0.021875
0 0.4328125 0.0609375 0.01484375 0.02109375
0 0.9 0.196875 0.02421875 0.025
0 0.7453125 0.61328125 0.0453125 0.0625
0 0.6453125 0.0484375 0.01484375 0.0234375
0 0.78203125 0.0984375 0.02265625 0.0296875
0 0.7453125 0.03828125 0.015625 0.01953125
0 0.51171875 0.0890625 0.0171875 0.025
0 0.28828125 0.79140625 0.05859375 0.08359375
0 0.65703125 0.01015625 0.0140625 0.0203125
0 0.69140625 0.10703125 0.01953125 0.02890625
0 0.865625 0.24921875 0.0203125 0.025
0 0.86015625 0.01953125 0.015625 0.02109375
0 0.50234375 0.0140625 0.01484375 0.021875
0 0.4671875 0.0421875 0.01484375 0.021875
0 0.51015625 0.05546875 0.01484375 0.01953125
0 0.68828125 0.03125 0.01484375 0.02109375
0 0.6734375 0.05 0.015625 0.025
0 0.315625 0.05625 0.01875 0.02578125
0 0.87578125 0.03828125 0.015625 0.021875
0 0.63984375 0.1234375 0.0171875 0.02109375
0 0.49140625 0.05390625 0.01484375 0.01953125
0 0.5453125 0.03515625 0.015625 0.02109375
0 0.7625 0.0296875 0.0140625 0.01953125
0 0.565625 0.0671875 0.01640625 0.021875
0 0.940625 0.18203125 0.0203125 0.02890625
0 0.853125 0.05390625 0.0171875 0.025
0 0.78359375 0.01875 0.0125 0.01953125
0 0.59765625 0.12265625 0.01953125 0.02890625
0 0.57265625 0.040625 0.01484375 0.021875
0 0.5609375 0.978125 0.0765625 0.040625
0 0.7046875 0.00625 0.0140625 0.01171875
0 0.34609375 0.31796875 0.0265625 0.04140625
0 0.528125 0.02890625 0.01484375 0.0234375
0 0.6171875 0.0953125 0.0171875 0.02578125
0 0.1203125 0.2 0.0234375 0.0296875
0 0.93125 0.00625 0.01484375 0.01171875
0 0.8890625 0.23203125 0.0265625 0.03125
0 0.35078125 0.06015625 0.0171875 0.02890625
0 0.284375 0.05625 0.01484375 0.0234375
0 0.92734375 0.03671875 0.01484375 0.01796875
0 0.67734375 0.00625 0.0125 0.01171875
0 0.74375 0.01640625 0.0125 0.01953125
0 0.64140625 0.0234375 0.015625 0.02109375
0 0.9046875 0.021875 0.01484375 0.01796875
0 0.16640625 0.04296875 0.01484375 0.02578125