0 0.0421875 0.58515625 0.0671875 0.084375
0 0.415625 0.07578125 0.02734375 0.0390625
0 0.50078125 0.0796875 0.0265625 0.0375
0 0.221875 0.21953125 0.0359375 0.0484375
0 0.46796875 0.1859375 0.0328125 0.0484375
0 0.23671875 0.6484375 0.05390625 0.0703125
0 0.91328125 0.0140625 0.0265625 0.028125
0 0.8640625 0.0203125 0.028125 0.0375
0 0.978125 0.49453125 0.0421875 0.078125
0 0.571875 0.0796875 0.02734375 0.0390625
0 0.03203125 0.69296875 0.0640625 0.09375
0 0.68671875 0.08046875 0.0234375 0.03671875
0 0.9546875 0.06015625 0.03125 0.04140625
0 0.81953125 0.534375 0.053125 0.071875
0 0.065625 0.10703125 0.034375 0.0390625
0 0.74765625 0.0453125 0.0265625 0.0375
0 0.32734375 0.64375 0.0625 0.0765625
0 0.95390625 0.8046875 0.06171875 0.09140625
0 0.9453125 0.0234375 0.0234375 0.02578125
0 0.775 0.0359375 0.02421875 0.03515625
0 0.3046875 0.51328125 0.0390625 0.0390625
0 0.92734375 0.05 0.02421875 0.0328125
0 0.15390625 0.53046875 0.0421875 0.0375
0 0.6453125 0.00625 0.025 0.01171875
0 0.10078125 0.19375 0.0328125 0.04296875
0 0.665625 0.04765625 0.02265625 0.02734375
0 0.97109375 0.009375 0.0296875 0.01875
0 0.92265625 0.09375 0.03046875 0.05234375
0 0.71953125 0.02890625 0.021875 0.03359375
0 0.50390625 0.18671875 0.0328125 0.04296875