0 0.540625 0.36875 0.034375 0.05859375
0 0.30546875 0.43515625 0.0359375 0.05859375
0 0.615625 0.35390625 0.03828125 0.06015625
0 0.29375 0.15859375 0.03515625 0.05703125
0 0.1171875 0.15546875 0.03515625 0.05546875
0 0.55234375 0.45390625 0.03984375 0.0703125
0 0.7046875 0.3609375 0.0390625 0.06328125
0 0.603125 0.4484375 0.03828125 0.065625
0 0.4796875 0.51328125 0.0390625 0.065625
0 0.80234375 0.2125 0.03984375 0.0671875
0 0.45703125 0.35 0.0390625 0.0640625
0 0.2046875 0.16171875 0.03515625 0.06015625
0 0.62890625 0.22890625 0.0375 0.06328125
0 0.0515625 0.62734375 0.040625 0.065625
0 0.378125 0.25078125 0.0359375 0.06328125
0 0.290625 0.71796875 0.040625 0.06875
0 0.0875 0.25 0.0390625 0.0640625
0 0.22421875 0.459375 0.0359375 0.05859375
0 0.63984375 0.48515625 0.0375 0.06328125
0 0.28828125 0.25859375 0.0375 0.06328125
0 0.46640625 0.0390625 0.0359375 0.06015625
0 0.50625 0.4390625 0.0359375 0.0640625
0 0.3890625 0.56640625 0.040625 0.0703125
0 0.415625 0.45 0.0390625 0.06875
0 0.33046875 0.21171875 0.0359375 0.06015625
0 0.884375 0.4359375 0.0390625 0.06328125
0 0.3921875 0.0390625 0.03515625 0.06328125
0 0.6515625 0.04609375 0.034375 0.05390625
0 0.3671875 0.16875 0.0328125 0.06015625
0 0.8765625 0.3046875 0.03515625 0.05859375
0 0.946875 0.0921875 0.0390625 0.06171875
0 0.24765625 0.22578125 0.0359375 0.05859375
0 0.0796875 0.0375 0.0375 0.06015625
0 0.90546875 0.346875 0.0390625 0.0640625
0 0.884375 0.81171875 0.0515625 0.08359375
0 0.1671875 0.459375 0.0390625 0.0671875
0 0.8734375 0.084375 0.0375 0.06015625
0 0.58046875 0.665625 0.04609375 0.065625
0 0.14453125 0.22578125 0.03515625 0.05859375
0 0.71953125 0.27578125 0.0359375 0.06015625
0 0.98125 0.2390625 0.0359375 0.065625
0 0.4328125 0.2640625 0.0390625 0.06328125
0 0.590625 0.11171875 0.0359375 0.05703125
0 0.93984375 0.41484375 0.04375 0.06875
0 0.09609375 0.53203125 0.04375 0.075
0 0.94453125 0.53515625 0.03984375 0.06875
0 0.85703125 0.2265625 0.0359375 0.06015625
0 0.421875 0.53828125 0.0328125 0.06015625
0 0.975 0.33671875 0.03828125 0.06171875
0 0.45 0.76796875 0.0484375 0.08359375
0 0.39140625 0.9421875 0.0546875 0.0890625
0 0.55859375 0.0484375 0.0390625 0.0640625
0 0.73359375 0.7734375 0.05625 0.08515625
0 0.19453125 0.77578125 0.05078125 0.090625
0 0.73203125 0.4640625 0.0421875 0.0671875
0 0.5515625 0.13125 0.034375 0.06015625
0 0.359375 0.3640625 0.0375 0.06328125
0 0.2765625 0.56640625 0.0375 0.0640625
0 0.59453125 0.5875 0.0390625 0.0671875
0 0.159375 0.54921875 0.0421875 0.0671875
0 0.371875 0.46015625 0.03828125 0.06328125
0 0.603125 0.77265625 0.0546875 0.08671875
0 0.75078125 0.91484375 0.05390625 0.08515625
0 0.19453125 0.615625 0.04296875 0.075
0 0.97890625 0.81953125 0.03984375 0.07734375
0 0.8671875 0.584375 0.046875 0.07890625
0 0.83828125 0.775 0.0515625 0.0921875
0 0.76328125 0.5984375 0.04765625 0.075
0 0.85625 0.68046875 0.05390625 0.07734375
0 0.0296875 0.871875 0.03984375 0.06328125
0 0.56875 0.3921875 0.03203125 0.05234375
0 0.6609375 0.8078125 0.04765625 0.08203125
0 0.7625 0.23984375 0.034375 0.046875
0 0.00625 0.275 0.0125 0.05859375
0 0.98359375 0.60625 0.03125 0.08203125
0 0.37421875 0.4109375 0.0328125 0.03984375
0 0.9890625 0.92421875 0.01953125 0.0953125
0 0.28203125 0.503125 0.03125 0.05703125
0 0.8265625 0.00625 0.03125 0.0125
0 0.26875 0.96796875 0.04765625 0.06171875
0 0.5265625 0.59140625 0.03828125 0.0734375
0 0.821875 0.5875 0.0421875 0.07578125
0 0.17421875 0.0484375 0.034375 0.046875
0 0.00625 0.05234375 0.0125 0.05703125
0 0.02109375 0.3265625 0.03203125 0.05859375
0 0.1203125 0.87578125 0.03515625 0.0640625
0 0.21171875 0.9109375 0.03828125 0.0734375
0 0.49296875 0.37890625 0.03046875 0.05
0 0.31796875 0.00625 0.0328125 0.0125
0 0.06953125 0.69140625 0.0453125 0.0671875
0 0.065625 0.86015625 0.03125 0.06015625