0 0.45546875 0.24921875 0.01875 0.0296875
0 0.01796875 0.32890625 0.0203125 0.021875
0 0.84765625 0.2671875 0.025 0.03671875
0 0.29765625 0.3015625 0.0203125 0.0296875
0 0.909375 0.4453125 0.04375 0.05703125
0 0.29375 0.3546875 0.025 0.03515625
0 0.353125 0.26796875 0.021875 0.02578125
0 0.57265625 0.2359375 0.0203125 0.0296875
0 0.22265625 0.3234375 0.021875 0.0328125
0 0.25234375 0.30078125 0.01875 0.02890625
0 0.209375 0.74375 0.0515625 0.07578125
0 0.4921875 0.2546875 0.0171875 0.021875
0 0.8796875 0.18046875 0.0171875 0.025
0 0.834375 0.18125 0.0203125 0.02578125
0 0.53984375 0.2671875 0.01953125 0.02890625
0 0.71015625 0.2015625 0.021875 0.02734375
0 0.8984375 0.2671875 0.025 0.0390625
0 0.1546875 0.3609375 0.021875 0.0296875
0 0.03984375 0.35078125 0.01953125 0.0296875
0 0.35078125 0.45 0.03125 0.0484375
0 0.73671875 0.24375 0.02265625 0.0296875
0 0.38203125 0.27265625 0.02265625 0.0296875
0 0.98984375 0.46328125 0.01875 0.04453125
0 0.78359375 0.36640625 0.03046875 0.04296875
0 0.859375 0.19296875 0.01953125 0.03125
0 0.59765625 0.2359375 0.01953125 0.03125
0 0.42421875 0.2625 0.01875 0.025
0 0.90703125 0.17265625 0.01640625 0.021875
0 0.69296875 0.43046875 0.03203125 0.05078125
0 0.5375 0.2359375 0.01875 0.02578125
0 0.121875 0.325 0.01875 0.025
0 0.20234375 0.2953125 0.01953125 0.02734375
0 0.7765625 0.2046875 0.01875 0.025
0 0.46171875 0.29296875 0.0203125 0.03125
0 0.8109375 0.2078125 0.0203125 0.0296875
0 0.31328125 0.45 0.03203125 0.05078125
0 0.1453125 0.3234375 0.01953125 0.0296875
0 0.9671875 0.134375 0.01875 0.025
0 0.6515625 0.24140625 0.01953125 0.0296875
0 0.7046875 0.32890625 0.028125 0.0375
0 0.49609375 0.31875 0.0234375 0.0375
0 0.6203125 0.29453125 0.0234375 0.03671875
0 0.746875 0.21640625 0.0171875 0.0234375
0 0.48984375 0.2796875 0.0203125 0.02578125
0 0.98515625 0.146875 0.021875 0.03125
0 0.9671875 0.18671875 0.02265625 0.0296875
0 0.16875 0.31171875 0.01640625 0.025
0 0.08046875 0.33515625 0.01640625 0.01953125
0 0.68125 0.2453125 0.01875 0.02734375
0 0.62578125 0.23125 0.01875 0.025
0 0.13125 0.88671875 0.08125 0.1171875
0 0.93515625 0.1734375 0.01640625 0.02109375
0 0.10078125 0.3328125 0.0171875 0.025
0 0.33046875 0.296875 0.01875 0.02890625
0 0.56484375 0.275 0.0203125 0.0328125
0 0.959375 0.50078125 0.02421875 0.0328125
0 0.9328125 0.20078125 0.01953125 0.02578125
0 0.09296875 0.35546875 0.0171875 0.02578125
0 0.68828125 0.36171875 0.0328125 0.03671875
0 0.0578125 0.3578125 0.0171875 0.0296875
0 0.7 0.25546875 0.0203125 0.02578125
0 0.61640625 0.2578125 0.02265625 0.02890625
0 0.8390625 0.20703125 0.01953125 0.02578125
0 0.06328125 0.33515625 0.01484375 0.01953125
0 0.096875 0.3859375 0.0171875 0.02734375
0 0.67109375 0.2203125 0.01640625 0.01796875
0 0.98984375 0.18125 0.01875 0.03125
0 0.95234375 0.1578125 0.01953125 0.0234375