0 0.2765625 0.33515625 0.04765625 0.071875
0 0.34296875 0.6921875 0.0796875 0.1109375
0 0.96875 0.46796875 0.0609375 0.0921875
0 0.92109375 0.26328125 0.04609375 0.06484375
0 0.88515625 0.07578125 0.028125 0.0390625
0 0.71953125 0.253125 0.040625 0.05625
0 0.35078125 0.05078125 0.025 0.0390625
0 0.64765625 0.00859375 0.02265625 0.0171875
0 0.621875 0.6765625 0.0765625 0.11328125
0 0.46171875 0.1484375 0.028125 0.046875
0 0.31953125 0.08046875 0.03125 0.04453125
0 0.225 0.2703125 0.03984375 0.07421875
0 0.0890625 0.88203125 0.0859375 0.1234375
0 0.5296875 0.03125 0.02421875 0.03671875
0 0.39609375 0.0375 0.0203125 0.0296875
0 0.9015625 0.4234375 0.05625 0.08203125
0 0.7140625 0.0078125 0.02265625 0.015625
0 0.715625 0.10703125 0.02421875 0.03671875
0 0.7953125 0.00625 0.025 0.0125
0 0.8875 0.5796875 0.0671875 0.1015625
0 0.3796875 0.0953125 0.0328125 0.046875
0 0.64921875 0.04140625 0.025 0.03671875
0 0.54609375 0.0078125 0.01875 0.015625
0 0.45390625 0.071875 0.021875 0.0328125
0 0.01484375 0.1625 0.0296875 0.05625