0 0.1328125 0.33671875 0.03515625 0.05625
0 0.053125 0.1 0.025 0.03671875
0 0.27421875 0.2296875 0.03203125 0.05078125
0 0.28203125 0.3234375 0.03515625 0.053125
0 0.25078125 0.15 0.025 0.040625
0 0.32734375 0.2375 0.028125 0.0484375
0 0.05859375 0.3359375 0.0390625 0.0546875
0 0.040625 0.44921875 0.0421875 0.0625
0 0.421875 0.1015625 0.021875 0.03671875
0 0.37734375 0.31328125 0.0359375 0.05859375
0 0.790625 0.0375 0.0203125 0.0328125
0 0.1828125 0.2875 0.0328125 0.05078125
0 0.21015625 0.14375 0.0234375 0.0375
0 0.4953125 0.04296875 0.01953125 0.03125
0 0.31640625 0.09375 0.0234375 0.03671875
0 0.4640625 0.07578125 0.0203125 0.03359375
0 0.38359375 0.16640625 0.0265625 0.04453125
0 0.5296875 0.34296875 0.0328125 0.05078125
0 0.76640625 0.284375 0.03203125 0.05078125
0 0.60078125 0.21796875 0.0296875 0.04296875
0 0.23125 0.0859375 0.02265625 0.03671875
0 0.65078125 0.225 0.028125 0.0375
0 0.01171875 0.3234375 0.0234375 0.05078125
0 0.60625 0.4890625 0.0421875 0.0609375
0 0.37890625 0.0484375 0.0234375 0.03515625
0 0.5546875 0.0609375 0.021875 0.03515625
0 0.47265625 0.01328125 0.01953125 0.02578125
0 0.4359375 0.0484375 0.021875 0.03359375
0 0.915625 0.84375 0.07890625 0.125
0 0.00859375 0.1 0.0171875 0.0375
0 0.275 0.08671875 0.02421875 0.0375
0 0.1453125 0.29140625 0.03125 0.03671875
0 0.9359375 0.4734375 0.0359375 0.0484375
0 0.2671875 0.4 0.0375 0.053125
0 0.84453125 0.89375 0.078125 0.1109375
0 0.2078125 0.01796875 0.021875 0.0359375
0 0.46171875 0.51015625 0.0453125 0.05234375
0 0.75546875 0.0140625 0.0203125 0.028125
0 0.00625 0.04375 0.01171875 0.0375
0 0.89375 0.32421875 0.03828125 0.05703125
0 0.55859375 0.2390625 0.0234375 0.03515625
0 0.309375 0.0453125 0.01875 0.0296875
0 0.5203125 0.41015625 0.03125 0.046875
0 0.290625 0.01015625 0.01875 0.0203125
0 0.80078125 0.0078125 0.021875 0.015625
0 0.603125 0.28515625 0.028125 0.04140625
0 0.6859375 0.125 0.02421875 0.0390625
0 0.071875 0.04375 0.0296875 0.04296875
0 0.37578125 0.00625 0.01953125 0.01171875
0 0.334375 0.025 0.01953125 0.0296875
0 0.58046875 0.00625 0.01875 0.01171875
0 0.709375 0.01015625 0.01875 0.0203125
0 0.52109375 0.09296875 0.01875 0.0328125