0 0.56875 0.35 0.03203125 0.0546875
0 0.61796875 0.50625 0.0421875 0.06484375
0 0.28203125 0.2015625 0.02734375 0.04140625
0 0.21953125 0.1625 0.02734375 0.0390625
0 0.55 0.5921875 0.03828125 0.06484375
0 0.17265625 0.159375 0.02734375 0.040625
0 0.475 0.1734375 0.0265625 0.03359375
0 0.42265625 0.2375 0.0265625 0.04296875
0 0.5265625 0.19375 0.025 0.0375
0 0.7078125 0.0609375 0.015625 0.02578125
0 0.86328125 0.540625 0.0546875 0.0765625
0 0.67890625 0.0171875 0.01640625 0.025
0 0.2703125 0.396875 0.03515625 0.05703125
0 0.09765625 0.3890625 0.0390625 0.05703125
0 0.2546875 0.2921875 0.034375 0.0484375
0 0.16015625 0.46953125 0.040625 0.05859375
0 0.61484375 0.1046875 0.0203125 0.0296875
0 0.51015625 0.0703125 0.0203125 0.03125
0 0.25625 0.04296875 0.01640625 0.0234375
0 0.67265625 0.04375 0.015625 0.025
0 0.4328125 0.1421875 0.02265625 0.03125
0 0.34296875 0.0703125 0.0171875 0.02890625
0 0.828125 0.05078125 0.0171875 0.02890625
0 0.384375 0.19921875 0.025 0.0390625
0 0.159375 0.1953125 0.03203125 0.04453125
0 0.32421875 0.5578125 0.0453125 0.06875
0 0.73984375 0.05 0.01875 0.0296875
0 0.571875 0.0125 0.01484375 0.025
0 0.78515625 0.04921875 0.0171875 0.02578125
0 0.6375 0.01171875 0.0171875 0.0234375
0 0.2765625 0.11875 0.0203125 0.03125
0 0.54375 0.0484375 0.01875 0.02890625
0 0.53203125 0.021875 0.015625 0.0234375
0 0.7578125 0.00625 0.015625 0.01171875
0 0.42265625 0.66171875 0.04765625 0.05703125
0 0.11015625 0.1265625 0.0203125 0.03125
0 0.73515625 0.00859375 0.01484375 0.0171875
0 0.51796875 0.00625 0.01484375 0.01171875
0 0.60078125 0.07578125 0.01953125 0.02578125
0 0.3703125 0.08671875 0.0171875 0.025