0 0.17734375 0.44375 0.02265625 0.0375
0 0.31875 0.2796875 0.01484375 0.02109375
0 0.68828125 0.3328125 0.01484375 0.01953125
0 0.3671875 0.31640625 0.015625 0.0234375
0 0.2328125 0.40703125 0.0203125 0.0328125
0 0.23203125 0.28125 0.01484375 0.02109375
0 0.73359375 0.33203125 0.01640625 0.0234375
0 0.6140625 0.4765625 0.02734375 0.0390625
0 0.11796875 0.31015625 0.01640625 0.02109375
0 0.40703125 0.29765625 0.0140625 0.01953125
0 0.93515625 0.36875 0.0203125 0.02578125
0 0.85 0.375 0.01875 0.03125
0 0.67109375 0.375 0.01875 0.02578125
0 0.51484375 0.31015625 0.01484375 0.02109375
0 0.4578125 0.475 0.02734375 0.04296875
0 0.38046875 0.28046875 0.0125 0.01953125
0 0.7828125 0.35703125 0.0171875 0.02578125
0 0.8140625 0.36953125 0.0171875 0.02890625
0 0.6375 0.57890625 0.03125 0.0484375
0 0.7125 0.34453125 0.01875 0.02734375
0 0.284375 0.28046875 0.01484375 0.01953125
0 0.0546875 0.359375 0.015625 0.0234375
0 0.98515625 0.38125 0.021875 0.0296875
0 0.596875 0.41015625 0.0203125 0.02890625
0 0.08203125 0.36953125 0.021875 0.03125
0 0.15703125 0.36640625 0.0203125 0.0328125
0 0.73984375 0.38125 0.01875 0.025
0 0.915625 0.4 0.0203125 0.0296875
0 0.134375 0.584375 0.034375 0.046875
0 0.365625 0.4296875 0.02421875 0.03671875
0 0.09453125 0.2484375 0.0140625 0.0171875
0 0.6125 0.31875 0.01484375 0.0234375
0 0.7671875 0.4078125 0.01953125 0.02890625
0 0.628125 0.3390625 0.01640625 0.021875
0 0.453125 0.30390625 0.0140625 0.021875
0 0.39609375 0.5875 0.028125 0.04453125
0 0.47265625 0.30625 0.015625 0.0234375
0 0.2671875 0.2796875 0.0140625 0.01953125
0 0.08515625 0.31640625 0.01640625 0.0234375
0 0.54296875 0.31171875 0.0140625 0.01953125
0 0.5609375 0.3109375 0.0140625 0.01796875
0 0.759375 0.4515625 0.0234375 0.03515625
0 0.04375 0.525 0.03828125 0.0484375
0 0.0671875 0.25625 0.01484375 0.01953125
0 0.5578125 0.334375 0.01640625 0.0234375
0 0.478125 0.35546875 0.01640625 0.02578125
0 0.8875 0.37421875 0.0171875 0.01953125
0 0.42734375 0.29921875 0.01484375 0.01796875
0 0.63125 0.36875 0.01875 0.0296875
0 0.165625 0.31015625 0.01875 0.02578125
0 0.15625 0.24453125 0.0140625 0.015625
0 0.978125 0.60625 0.034375 0.0484375
0 0.54375 0.4 0.021875 0.0328125
0 0.60546875 0.35546875 0.0171875 0.02578125
0 0.790625 0.44765625 0.01875 0.03125
0 0.246875 0.26796875 0.0125 0.01796875
0 0.70703125 0.47421875 0.02734375 0.03671875
0 0.59140625 0.44296875 0.0203125 0.03125
0 0.30234375 0.28046875 0.01484375 0.01953125
0 0.11796875 0.2484375 0.0125 0.01796875
0 0.6609375 0.33203125 0.01484375 0.02109375
0 0.571875 0.35703125 0.01953125 0.02578125
0 0.8328125 0.3609375 0.0171875 0.0234375
0 0.33671875 0.27265625 0.01484375 0.01953125
0 0.3328125 0.31015625 0.01484375 0.0234375
0 0.30390625 0.3421875 0.0171875 0.02578125
0 0.85546875 0.571875 0.025 0.0328125
0 0.1953125 0.25703125 0.0140625 0.0171875
0 0.046875 0.24375 0.0140625 0.01796875
0 0.3671875 0.29296875 0.0140625 0.01796875
0 0.01875 0.2765625 0.01484375 0.021875
0 0.228125 0.259375 0.0125 0.0171875
0 0.059375 0.19453125 0.0140625 0.0140625
0 0.253125 0.33671875 0.0171875 0.025
0 0.17265625 0.2796875 0.015625 0.02109375
0 0.12421875 0.3359375 0.01875 0.02578125
0 0.04375 0.19375 0.0125 0.01328125
0 0.03359375 0.1859375 0.0125 0.0140625
0 0.18828125 0.296875 0.01484375 0.02109375
0 0.33828125 0.3921875 0.0203125 0.03125
0 0.1328125 0.25625 0.0140625 0.01953125
0 0.878125 0.57421875 0.028125 0.04453125
0 0.5828125 0.51328125 0.0234375 0.03671875
0 0.034375 0.4078125 0.0171875 0.0234375
0 0.15703125 0.2640625 0.01484375 0.01953125
0 0.01953125 0.19140625 0.0140625 0.015625
0 0.53046875 0.3359375 0.01484375 0.02109375
0 0.3546875 0.27421875 0.0140625 0.0140625
0 0.51875 0.43046875 0.0171875 0.0296875
0 0.1796875 0.24140625 0.0140625 0.01953125
0 0.04765625 0.48828125 0.0234375 0.02890625
0 0.31484375 0.3 0.01484375 0.01953125
0 0.0046875 0.234375 0.009375 0.01796875
0 0.5984375 0.33203125 0.01484375 0.0234375
0 0.021875 0.2515625 0.0125 0.01796875
0 0.6484375 0.3484375 0.015625 0.02734375
0 0.53828125 0.4453125 0.021875 0.03671875
0 0.496875 0.35 0.0125 0.0234375
0 0.00390625 0.1859375 0.0078125 0.0140625
0 0.38671875 0.32109375 0.01171875 0.02890625
0 0.0375 0.4390625 0.03125 0.021875