1 0.56015625 0.79765625 0.0515625 0.0828125
1 0.68984375 0.909375 0.065625 0.11171875
1 0.37265625 0.82890625 0.06953125 0.11875
1 0.0984375 0.71171875 0.04765625 0.075
1 0.490625 0.4578125 0.0203125 0.0375
1 0.86171875 0.8953125 0.059375 0.11171875
1 0.6 0.72109375 0.034375 0.05625
1 0.1734375 0.8234375 0.05078125 0.075
1 0.790625 0.77421875 0.04296875 0.07265625
1 0.46875 0.68515625 0.0328125 0.05234375
1 0.53203125 0.453125 0.0203125 0.0390625
1 0.43203125 0.4234375 0.0203125 0.03515625
1 0.6125 0.46015625 0.0203125 0.03359375
1 0.30390625 0.6546875 0.03515625 0.05390625
1 0.684375 0.77109375 0.04375 0.06640625
1 0.25703125 0.75625 0.03984375 0.0640625
1 0.546875 0.69296875 0.0296875 0.04609375
1 0.5734375 0.45390625 0.01953125 0.03515625
1 0.653125 0.44921875 0.0203125 0.0375
1 0.3828125 0.659375 0.03125 0.04921875
1 0.89453125 0.628125 0.0296875 0.04765625
1 0.34296875 0.8828125 0.16484375 0.22578125
1 0.515625 0.93515625 0.08984375 0.115625
1 0.7515625 0.71640625 0.03515625 0.05390625
1 0.74453125 0.6625 0.03203125 0.05234375
1 0.84453125 0.8046875 0.03828125 0.06484375
1 0.928125 0.63828125 0.03046875 0.04765625
1 0.2234375 0.615625 0.03046875 0.04921875
1 0.96328125 0.675 0.03203125 0.04375
1 0.35078125 0.63125 0.028125 0.05078125
1 0.43125 0.48515625 0.059375 0.1625
1 0.47109375 0.7953125 0.0359375 0.0640625
1 0.8375 0.73203125 0.04375 0.0578125
1 0.96875 0.52734375 0.0296875 0.04375
1 0.20234375 0.725 0.03203125 0.04765625
1 0.628125 0.65546875 0.0265625 0.04765625
1 0.284375 0.5953125 0.0265625 0.04921875
1 0.2296875 0.56484375 0.02421875 0.0375
1 0.8640625 0.6140625 0.0265625 0.0453125
1 0.5296875 0.49296875 0.0453125 0.121875
1 0.73671875 0.55 0.0265625 0.0390625
1 0.30234375 0.84921875 0.0421875 0.06640625
1 0.2671875 0.69453125 0.03515625 0.05234375
1 0.07109375 0.584375 0.03125 0.04609375
1 0.93046875 0.896875 0.0515625 0.06640625
1 0.42578125 0.6453125 0.0296875 0.04609375
1 0.6390625 0.6046875 0.0265625 0.0390625
1 0.66171875 0.6734375 0.03046875 0.05625
1 0.61171875 0.51171875 0.0421875 0.1390625
1 0.6390625 0.80703125 0.04765625 0.07265625
1 0.3796875 0.6953125 0.0765625 0.1203125
1 0.66796875 0.5546875 0.025 0.04375
1 0.6515625 0.50625 0.0515625 0.15234375
1 0.43359375 0.55703125 0.0234375 0.0359375
1 0.43984375 0.75078125 0.0359375 0.0609375
1 0.709375 0.70546875 0.034375 0.04921875
1 0.3109375 0.684375 0.06171875 0.11328125
1 0.2671875 0.97578125 0.065625 0.0421875
1 0.5515625 0.64453125 0.03046875 0.0453125
1 0.86875 0.50546875 0.0265625 0.02890625
1 0.2390625 0.66328125 0.03828125 0.06484375
1 0.471875 0.6140625 0.03046875 0.04765625
1 0.12109375 0.56484375 0.02734375 0.0421875
1 0.95234375 0.58671875 0.03515625 0.04921875
1 0.7828125 0.80859375 0.08515625 0.1421875
1 0.58515625 0.8765625 0.1484375 0.2375
1 0.5 0.7421875 0.99375 0.4984375
1 0.25703125 0.60078125 0.025 0.0421875
1 0.275 0.83125 0.040625 0.07421875
1 0.396875 0.6078125 0.0265625 0.0421875
1 0.41328125 0.57890625 0.0296875 0.0421875
1 0.57109375 0.50546875 0.0453125 0.1390625
1 0.5578125 0.6046875 0.028125 0.040625
1 0.50390625 0.65 0.02734375 0.04765625
1 0.678125 0.728125 0.04609375 0.059375
1 0.821875 0.59609375 0.03046875 0.0421875
1 0.67734375 0.64140625 0.03828125 0.059375
1 0.4875 0.5046875 0.04375 0.13515625
1 0.47578125 0.71875 0.06171875 0.121875
1 0.834375 0.5140625 0.0234375 0.0390625
1 0.196875 0.58984375 0.02734375 0.04375
1 0.13125 0.715625 0.0328125 0.0640625
1 0.18046875 0.671875 0.0296875 0.0453125
1 0.39921875 0.409375 0.01953125 0.025
1 0.478125 0.55234375 0.028125 0.04375
1 0.17109375 0.89140625 0.13359375 0.20859375
1 0.2078125 0.69296875 0.0359375 0.04921875
1 0.1984375 0.5484375 0.0203125 0.03359375
1 0.10234375 0.621875 0.03203125 0.04921875
1 0.8640625 0.91796875 0.13125 0.1578125
1 0.7625 0.784375 0.02734375 0.0546875
1 0.7828125 0.54453125 0.0265625 0.0421875
1 0.39765625 0.475 0.0484375 0.1546875
1 0.0453125 0.60859375 0.0265625 0.040625
1 0.62578125 0.59296875 0.02265625 0.040625
1 0.71171875 0.54609375 0.025 0.04375
1 0.05703125 0.6921875 0.03828125 0.05625
1 0.5125 0.59296875 0.0234375 0.0375
1 0.9078125 0.540625 0.0265625 0.040625
1 0.58671875 0.6390625 0.0265625 0.04921875
1 0.1640625 0.6421875 0.02734375 0.04609375
1 0.38359375 0.57890625 0.02734375 0.0453125
1 0.08515625 0.83359375 0.125 0.315625
1 0.54140625 0.625 0.028125 0.04375
1 0.321875 0.58359375 0.025 0.0453125
1 0.35234375 0.75859375 0.0421875 0.0625
1 0.0125 0.6984375 0.025 0.0578125
1 0.271875 0.73046875 0.0734375 0.121875
1 0.46875 0.575 0.02734375 0.03359375
1 0.02265625 0.76875 0.03828125 0.0625
1 0.2125 0.8796875 0.046875 0.0609375
1 0.72421875 0.64453125 0.034375 0.05390625
1 0.671875 0.5765625 0.04296875 0.08671875
1 0.5984375 0.6015625 0.03203125 0.04921875
1 0.8546875 0.553125 0.025 0.0390625
1 0.4734375 0.9046875 0.07734375 0.140625
1 0.521875 0.57109375 0.03046875 0.04375
1 0.778125 0.5875 0.02734375 0.0421875
1 0.8234375 0.63671875 0.05390625 0.1203125
1 0.9578125 0.7453125 0.0796875 0.1828125
1 0.8125 0.5578125 0.025 0.040625
1 0.92890625 0.52578125 0.0234375 0.040625
1 0.8875 0.6734375 0.0671875 0.13515625
1 0.8734375 0.5328125 0.0390625 0.0796875
1 0.14765625 0.5921875 0.028125 0.0421875
1 0.49140625 0.58828125 0.02265625 0.0375
1 0.603125 0.76484375 0.07734375 0.14765625
1 0.0609375 0.63828125 0.0296875 0.0390625
1 0.540625 0.734375 0.075 0.12890625
1 0.10625 0.66484375 0.03125 0.0421875
1 0.2 0.76484375 0.07734375 0.12734375
1 0.83359375 0.73828125 0.028125 0.0390625
1 0.871875 0.584375 0.02734375 0.040625
1 0.32734375 0.54609375 0.021875 0.03203125
1 0.5453125 0.55546875 0.028125 0.0390625
1 0.97265625 0.6296875 0.03125 0.05078125
1 0.3390625 0.56640625 0.021875 0.03515625
1 0.02421875 0.60625 0.025 0.0390625
1 0.97578125 0.95625 0.0453125 0.08125
1 0.7953125 0.725 0.0390625 0.05390625
1 0.4703125 0.64765625 0.05 0.11875
1 0.30703125 0.58203125 0.02265625 0.0421875
1 0.1828125 0.57734375 0.025 0.0421875
1 0.64296875 0.8375 0.059375 0.13359375
1 0.121875 0.58125 0.03203125 0.078125
1 0.5234375 0.76953125 0.04296875 0.0578125
1 0.4328125 0.7890625 0.0609375 0.13515625
1 0.04296875 0.6609375 0.0296875 0.04375
1 0.73046875 0.5796875 0.05078125 0.0984375
1 0.93125 0.56171875 0.0265625 0.0359375
1 0.3625 0.58046875 0.0234375 0.0453125
1 0.55625 0.675 0.0671875 0.10859375
1 0.428125 0.66953125 0.05 0.09296875
1 0.69296875 0.80546875 0.07890625 0.1359375
1 0.96015625 0.8640625 0.04609375 0.06953125
1 0.34765625 0.471875 0.05078125 0.16640625
1 0.50546875 0.6765625 0.04765625 0.0984375
1 0.94765625 0.50234375 0.02421875 0.03359375