0 0.8453125 0.696875 0.0328125 0.05234375
0 0.503125 0.51640625 0.01875 0.03046875
0 0.6390625 0.68046875 0.02734375 0.0421875
0 0.521875 0.76875 0.03203125 0.05
0 0.946875 0.60859375 0.028125 0.0421875
0 0.44140625 0.70546875 0.0296875 0.05
0 0.39921875 0.771875 0.0375 0.06171875
0 0.671875 0.70234375 0.0296875 0.0421875
0 0.50625 0.715625 0.028125 0.05
0 0.66484375 0.53046875 0.0171875 0.028125
0 0.23671875 0.70859375 0.0265625 0.040625
0 0.734375 0.78515625 0.0390625 0.05703125
0 0.60390625 0.65546875 0.028125 0.03984375
0 0.75078125 0.903125 0.0375 0.0640625
0 0.31328125 0.71484375 0.03125 0.0421875
0 0.3734375 0.6375 0.02421875 0.0421875
0 0.64609375 0.5390625 0.01875 0.03203125
0 0.728125 0.53515625 0.01953125 0.03359375
0 0.57421875 0.7390625 0.03125 0.05234375
0 0.26484375 0.71171875 0.03125 0.05
0 0.5546875 0.68046875 0.0296875 0.0453125
0 0.33046875 0.6625 0.028125 0.0421875
0 0.253125 0.59921875 0.025 0.03828125
0 0.28515625 0.634375 0.025 0.03984375
0 0.61796875 0.5203125 0.01640625 0.03046875
0 0.6359375 0.63046875 0.0265625 0.0421875
0 0.7765625 0.70859375 0.03203125 0.05546875
0 0.83046875 0.6453125 0.03046875 0.0453125
0 0.503125 0.565625 0.0203125 0.03359375
0 0.728125 0.46796875 0.0140625 0.021875
0 0.37578125 0.5390625 0.01953125 0.03203125
0 0.08671875 0.60234375 0.02421875 0.03984375
0 0.57265625 0.478125 0.01484375 0.025
0 0.4265625 0.6625 0.0296875 0.0453125
0 0.5203125 0.4828125 0.0140625 0.021875
0 0.56640625 0.59140625 0.021875 0.03828125
0 0.76171875 0.5984375 0.025 0.0421875
0 0.8875 0.65078125 0.0296875 0.0515625
0 0.603125 0.740625 0.0296875 0.05234375
0 0.53203125 0.5234375 0.0171875 0.025
0 0.20859375 0.47734375 0.01875 0.02890625
0 0.48984375 0.6734375 0.0265625 0.040625
0 0.534375 0.634375 0.025 0.0421875
0 0.16484375 0.8 0.03203125 0.05390625
0 0.30546875 0.97109375 0.0421875 0.05390625
0 0.353125 0.7046875 0.03125 0.05390625
0 0.25625 0.6515625 0.0265625 0.05
0 0.38125 0.4953125 0.01640625 0.028125
0 0.31953125 0.765625 0.034375 0.05859375
0 0.59921875 0.51015625 0.01484375 0.028125
0 0.596875 0.56640625 0.0203125 0.03203125
0 0.678125 0.60234375 0.02421875 0.03359375
0 0.56328125 0.503125 0.01640625 0.028125
0 0.4046875 0.503125 0.01640625 0.025
0 0.98125 0.771875 0.0359375 0.0671875
0 0.54765625 0.5625 0.0171875 0.03203125
0 0.4328125 0.509375 0.0171875 0.03203125
0 0.2171875 0.54609375 0.0203125 0.03203125
0 0.915625 0.69375 0.03125 0.046875
0 0.8359375 0.53515625 0.0234375 0.03046875
0 0.47265625 0.57109375 0.021875 0.03515625
0 0.41171875 0.59453125 0.02421875 0.03203125
0 0.46484375 0.5203125 0.0171875 0.03046875
0 0.86171875 0.58828125 0.0265625 0.040625
0 0.80546875 0.5875 0.025 0.0421875
0 0.7171875 0.70078125 0.03203125 0.0484375
0 0.184375 0.72265625 0.0296875 0.05390625
0 0.5265625 0.91328125 0.04609375 0.0671875
0 0.66875 0.846875 0.04296875 0.071875
0 0.4984375 0.47734375 0.01640625 0.02890625
0 0.290625 0.59453125 0.021875 0.03203125
0 0.98359375 0.85 0.03125 0.06015625
0 0.2515625 0.8921875 0.03515625 0.05703125
0 0.68046875 0.640625 0.0265625 0.03984375
0 0.665625 0.47109375 0.0171875 0.025
0 0.77265625 0.975 0.05390625 0.046875
0 0.19140625 0.5765625 0.021875 0.03203125
0 0.83359375 0.8046875 0.04609375 0.065625
0 0.875 0.5453125 0.0234375 0.03984375
0 0.33046875 0.48515625 0.01875 0.03046875
0 0.11796875 0.71953125 0.03046875 0.0515625
0 0.115625 0.5390625 0.0203125 0.03515625
0 0.3140625 0.8828125 0.0421875 0.0671875
0 0.1453125 0.584375 0.025 0.03828125
0 0.22734375 0.7578125 0.03828125 0.05703125
0 0.16171875 0.61328125 0.02421875 0.03203125
0 0.75703125 0.55546875 0.02265625 0.028125
0 0.6359375 0.928125 0.0453125 0.06171875
0 0.6546875 0.59453125 0.0234375 0.040625
0 0.07109375 0.79296875 0.0375 0.06015625
0 0.759375 0.66640625 0.0265625 0.03828125
0 0.70234375 0.47421875 0.0140625 0.0234375
0 0.56875 0.53203125 0.01875 0.028125
0 0.3546875 0.47109375 0.01484375 0.0203125
0 0.42421875 0.9640625 0.0515625 0.06875
0 0.91015625 0.525 0.0234375 0.03984375
0 0.53515625 0.98515625 0.040625 0.0265625
0 0.25078125 0.45625 0.01640625 0.025
0 0.76796875 0.4890625 0.01875 0.0234375
0 0.7203125 0.5765625 0.0203125 0.03203125
0 0.34453125 0.60625 0.025 0.03515625
0 0.55 0.47109375 0.0171875 0.025
0 0.02109375 0.8 0.03828125 0.06328125
0 0.69609375 0.534375 0.0140625 0.0234375
0 0.459375 0.903125 0.0421875 0.0671875
0 0.04375 0.5390625 0.025 0.03515625
0 0.665625 0.75078125 0.03203125 0.05234375
0 0.47265625 0.48515625 0.0171875 0.028125
0 0.2171875 0.85703125 0.0421875 0.071875
0 0.3921875 0.45625 0.01484375 0.025
0 0.27109375 0.4640625 0.01640625 0.0265625
0 0.88046875 0.90703125 0.04375 0.05390625
0 0.0375 0.8671875 0.04375 0.075
0 0.41484375 0.56328125 0.01953125 0.028125
0 0.3921875 0.665625 0.025 0.0453125
0 0.09765625 0.921875 0.0453125 0.06875
0 0.97578125 0.55859375 0.028125 0.0421875
0 0.26484375 0.503125 0.0171875 0.025
0 0.96171875 0.684375 0.03828125 0.05703125
0 0.34609375 0.5171875 0.01875 0.02890625
0 0.18671875 0.484375 0.0171875 0.03203125
0 0.21953125 0.6453125 0.0265625 0.04375
0 0.1453125 0.6453125 0.0296875 0.0453125
0 0.634375 0.5765625 0.01953125 0.03515625
0 0.3234375 0.56328125 0.0171875 0.03046875
0 0.43671875 0.47109375 0.01875 0.02890625
0 0.196875 0.61171875 0.02421875 0.03828125
0 0.94453125 0.559375 0.01953125 0.03203125
0 0.79296875 0.53203125 0.0171875 0.025
0 0.4546875 0.478125 0.015625 0.028125
0 0.96953125 0.6375 0.03203125 0.03671875
0 0.16328125 0.484375 0.01953125 0.03203125
0 0.06953125 0.3359375 0.015625 0.025
0 0.73125 0.50546875 0.0171875 0.025
0 0.01875 0.9765625 0.0375 0.04375
0 0.0046875 0.35078125 0.00859375 0.028125
0 0.8390625 0.5734375 0.0234375 0.03984375
0 0.096875 0.50625 0.0203125 0.03203125
0 0.109375 0.85 0.03515625 0.05390625
0 0.690625 0.49296875 0.01640625 0.025
0 0.103125 0.42734375 0.01953125 0.03203125
0 0.6265625 0.4859375 0.01484375 0.0234375
0 0.296875 0.47109375 0.015625 0.0265625
0 0.1203125 0.6234375 0.021875 0.03515625
0 0.134375 0.378125 0.01640625 0.028125
0 0.6484375 0.45625 0.015625 0.025
0 0.08203125 0.38984375 0.015625 0.0265625
0 0.75625 0.47109375 0.01484375 0.0234375
0 0.0734375 0.71953125 0.03046875 0.0484375
0 0.1078125 0.3828125 0.01484375 0.025
0 0.38125 0.5765625 0.0203125 0.03203125
0 0.7921875 0.49140625 0.01484375 0.025
0 0.8671875 0.50703125 0.0171875 0.028125
0 0.771875 0.51328125 0.01875 0.021875
0 0.159375 0.38984375 0.01875 0.028125
0 0.64609375 0.4921875 0.01640625 0.02890625
0 0.834375 0.4921875 0.01953125 0.02890625
0 0.3265625 0.53515625 0.0171875 0.021875
0 0.034375 0.4140625 0.0203125 0.03203125
0 0.9046875 0.575 0.0203125 0.03671875
0 0.41015625 0.534375 0.0171875 0.02890625
0 0.21953125 0.60546875 0.0203125 0.03359375
0 0.97734375 0.97265625 0.04375 0.0515625
0 0.009375 0.9140625 0.01875 0.07734375
0 0.99140625 0.7078125 0.01484375 0.0515625
0 0.7140625 0.4953125 0.0140625 0.025
0 0.8265625 0.4640625 0.015625 0.0234375
0 0.25703125 0.56640625 0.01953125 0.02890625
0 0.934375 0.6546875 0.0265625 0.040625
0 0.03828125 0.48515625 0.021875 0.03359375
0 0.28359375 0.5203125 0.01875 0.025
0 0.2359375 0.559375 0.01953125 0.03203125
0 0.94453125 0.9078125 0.0390625 0.046875
0 0.0265625 0.3328125 0.01484375 0.028125
0 0.80625 0.51015625 0.01875 0.025
0 0.35703125 0.44921875 0.01484375 0.0203125
0 0.31875 0.45703125 0.0125 0.0234375
0 0.30703125 0.61953125 0.0203125 0.03515625
0 0.2140625 0.509375 0.01875 0.03203125
0 0.12890625 0.4734375 0.0171875 0.028125
0 0.2640625 0.53515625 0.0171875 0.03359375
0 0.665625 0.5625 0.0203125 0.02890625
0 0.0046875 0.39609375 0.00859375 0.025
0 0.59609375 0.45625 0.01484375 0.028125
0 0.0578125 0.403125 0.01875 0.028125
0 0.00625 0.54140625 0.01171875 0.040625
0 0.39609375 0.47890625 0.01640625 0.0234375
0 0.78515625 0.64453125 0.02734375 0.046875
0 0.08125 0.45625 0.0171875 0.028125
0 0.0859375 0.41875 0.015625 0.0265625
0 0.6890625 0.559375 0.0171875 0.03203125
0 0.74921875 0.52890625 0.01875 0.0234375
0 0.55234375 0.53046875 0.01640625 0.025
0 0.9328125 0.97734375 0.0328125 0.0421875
0 0.284375 0.56640625 0.0203125 0.02890625
0 0.8078125 0.553125 0.0203125 0.0234375
0 0.12890625 0.41796875 0.0171875 0.028125
0 0.528125 0.55234375 0.01875 0.03046875
0 0.20234375 0.453125 0.01484375 0.021875
0 0.8109375 0.4859375 0.01640625 0.0265625
0 0.03984375 0.29375 0.0171875 0.028125
0 0.190625 0.52421875 0.0171875 0.03203125
0 0.48125 0.53828125 0.01640625 0.025
0 0.10625 0.2546875 0.01640625 0.02890625
0 0.22578125 0.47109375 0.01484375 0.0265625
0 0.14765625 0.41796875 0.0171875 0.025
0 0.0046875 0.4953125 0.00859375 0.03671875
0 0.0046875 0.44609375 0.009375 0.03046875