0 0.5390625 0.096875 0.015625 0.025
0 0.3421875 0.2171875 0.02265625 0.03515625
0 0.48125 0.10390625 0.0171875 0.02578125
0 0.0171875 0.1421875 0.01953125 0.0296875
0 0.5078125 0.2328125 0.02734375 0.040625
0 0.7140625 0.1 0.0171875 0.025
0 0.41640625 0.0765625 0.01484375 0.025
0 0.8078125 0.221875 0.028125 0.04296875
0 0.15546875 0.08046875 0.01484375 0.02578125
0 0.759375 0.09453125 0.01953125 0.02734375
0 0.2671875 0.0734375 0.01484375 0.025
0 0.31171875 0.2234375 0.0203125 0.03515625
0 0.95234375 0.1734375 0.02421875 0.0375
0 0.478125 0.2203125 0.02421875 0.0390625
0 0.321875 0.0765625 0.01640625 0.025
0 0.42109375 0.21875 0.0234375 0.0390625
0 0.69453125 0.2421875 0.03125 0.046875
0 0.578125 0.24296875 0.03125 0.0484375
0 0.6265625 0.2671875 0.0296875 0.0484375
0 0.371875 0.21640625 0.0234375 0.04140625
0 0.56328125 0.09765625 0.015625 0.0234375
0 0.15078125 0.14921875 0.02265625 0.0328125
0 0.1140625 0.15703125 0.021875 0.03515625
0 0.23359375 0.17421875 0.02421875 0.03671875
0 0.95234375 0.1203125 0.0203125 0.0296875
0 0.1140625 0.0984375 0.0171875 0.02734375
0 0.8671875 0.21796875 0.025 0.0375
0 0.6671875 0.5765625 0.053125 0.07421875
0 0.2046875 0.12265625 0.01953125 0.03125
0 0.24296875 0.05546875 0.01640625 0.025
0 0.38125 0.09453125 0.01640625 0.0296875
0 0.38984375 0.5890625 0.04765625 0.06875
0 0.028125 0.1125 0.0171875 0.02734375
0 0.8171875 0.0875 0.0171875 0.02578125
0 0.18046875 0.04453125 0.01484375 0.02109375
0 0.759375 0.225 0.02734375 0.04296875
0 0.57109375 0.34921875 0.0359375 0.0390625
0 0.20234375 0.06796875 0.01640625 0.02578125
0 0.93046875 0.1 0.01640625 0.0234375
0 0.83671875 0.21953125 0.0265625 0.040625
0 0.440625 0.09375 0.01640625 0.02578125
0 0.0234375 0.0578125 0.015625 0.025
0 0.65 0.43125 0.03828125 0.05078125
0 0.0609375 0.159375 0.021875 0.0296875
0 0.4046875 0.0484375 0.0125 0.01796875
0 0.11796875 0.04765625 0.01484375 0.021875
0 0.6234375 0.09453125 0.01875 0.02734375
0 0.6515625 0.07890625 0.01640625 0.025
0 0.853125 0.0953125 0.01953125 0.02890625
0 0.22578125 0.07578125 0.0171875 0.0234375
0 0.09296875 0.1578125 0.01875 0.03125
0 0.0546875 0.19375 0.0234375 0.03671875
0 0.05 0.04140625 0.01484375 0.0234375
0 0.89375 0.0796875 0.01953125 0.02890625
0 0.978125 0.075 0.0171875 0.025
0 0.1640625 0.04296875 0.015625 0.0234375
0 0.975 0.1109375 0.0203125 0.03125
0 0.384375 0.046875 0.0140625 0.02109375
0 0.0765625 0.05546875 0.015625 0.025
0 0.1453125 0.04296875 0.0140625 0.01796875
0 0.9015625 0.20703125 0.0265625 0.04140625
0 0.0953125 0.0984375 0.01484375 0.025
0 0.096875 0.0453125 0.01484375 0.021875
0 0.9328125 0.06875 0.01953125 0.02578125
0 0.696875 0.08125 0.015625 0.025
0 0.915625 0.15625 0.028125 0.0390625
0 0.04375 0.075 0.015625 0.01953125
0 0.24453125 0.03125 0.01484375 0.0234375
0 0.6203125 0.06875 0.015625 0.01953125
0 0.840625 0.065625 0.01484375 0.025
0 0.18828125 0.1734375 0.0234375 0.0328125
0 0.1375 0.0609375 0.01484375 0.0234375
0 0.3453125 0.04375 0.0140625 0.01953125
0 0.5921875 0.0921875 0.0171875 0.025
0 0.41875 0.04140625 0.0125 0.01796875
0 0.353125 0.2875 0.02421875 0.04140625
0 0.753125 0.1625 0.02265625 0.03125
0 0.20546875 0.0390625 0.01484375 0.02109375
0 0.971875 0.61875 0.0203125 0.0296875
0 0.19140625 0.0296875 0.0140625 0.01953125
0 0.6046875 0.06875 0.01484375 0.01953125
0 0.99296875 0.0546875 0.0125 0.02109375
0 0.1265625 0.02578125 0.01484375 0.02109375
0 0.06796875 0.084375 0.01875 0.0234375
0 0.81875 0.05546875 0.01640625 0.025
0 0.10625 0.02890625 0.01484375 0.02109375
0 0.29140625 0.08125 0.01484375 0.02734375
0 0.99140625 0.0125 0.01484375 0.025
0 0.3703125 0.0484375 0.0140625 0.01953125
0 0.9265625 0.00625 0.0140625 0.01171875
0 0.44609375 0.04296875 0.01171875 0.01796875
0 0.00625 0.06640625 0.01171875 0.0234375
0 0.58046875 0.0515625 0.0125 0.01953125
0 0.0296875 0.0875 0.0171875 0.021875
0 0.359375 0.07890625 0.0171875 0.021875
0 0.39296875 0.6921875 0.03046875 0.05859375
0 0.6265625 0.62421875 0.028125 0.04296875
0 0.45546875 0.0609375 0.0125 0.021875
0 0.93984375 0.01875 0.01484375 0.01953125
0 0.228125 0.040625 0.01484375 0.021875
0 0.43046875 0.03046875 0.0109375 0.0140625
0 0.8734375 0.15625 0.01875 0.03125