0 0.31953125 0.23515625 0.01953125 0.0296875
0 0.8921875 0.30546875 0.028125 0.04296875
0 0.6203125 0.20078125 0.01875 0.02890625
0 0.33203125 0.165625 0.0171875 0.02734375
0 0.4734375 0.7953125 0.053125 0.0875
0 0.8015625 0.15546875 0.01953125 0.0296875
0 0.87890625 0.0921875 0.015625 0.02109375
0 0.75234375 0.16875 0.01875 0.0296875
0 0.325 0.36171875 0.028125 0.04453125
0 0.42265625 0.7328125 0.04765625 0.0796875
0 0.525 0.31796875 0.0265625 0.04453125
0 0.68046875 0.27578125 0.02265625 0.03671875
0 0.82109375 0.25390625 0.025 0.0390625
0 0.77578125 0.70703125 0.05390625 0.08046875
0 0.134375 0.59375 0.046875 0.07265625
0 0.3734375 0.3375 0.0265625 0.04453125
0 0.825 0.1078125 0.01484375 0.01953125
0 0.40703125 0.30078125 0.025 0.04140625
0 0.62578125 0.65625 0.05078125 0.08046875
0 0.596875 0.36328125 0.03125 0.046875
0 0.70625 0.1453125 0.01484375 0.025
0 0.053125 0.7375 0.0625 0.0953125
0 0.6828125 0.2390625 0.0203125 0.0296875
0 0.70625 0.2046875 0.01953125 0.0296875
0 0.940625 0.22890625 0.02421875 0.0390625
0 0.9015625 0.21796875 0.0203125 0.0328125
0 0.7671875 0.21015625 0.01953125 0.0296875
0 0.259375 0.3828125 0.034375 0.05234375
0 0.74765625 0.1140625 0.01484375 0.021875
0 0.5609375 0.21875 0.0203125 0.03125
0 0.853125 0.8546875 0.0671875 0.09765625
0 0.55546875 0.1734375 0.01640625 0.0234375
0 0.671875 0.1234375 0.015625 0.0234375
0 0.525 0.20546875 0.01875 0.03125
0 0.90703125 0.26875 0.021875 0.0296875
0 0.31328125 0.57578125 0.03828125 0.05703125
0 0.11015625 0.25390625 0.0203125 0.03359375
0 0.76796875 0.2484375 0.02265625 0.03359375
0 0.55546875 0.28671875 0.0265625 0.0390625
0 0.7921875 0.06875 0.0140625 0.01796875
0 0.975 0.16015625 0.01875 0.02890625
0 0.86796875 0.2390625 0.0265625 0.03515625
0 0.44609375 0.15078125 0.01484375 0.0234375
0 0.4515625 0.40078125 0.03515625 0.0546875
0 0.70703125 0.24453125 0.021875 0.03359375
0 0.1640625 0.38515625 0.02734375 0.046875
0 0.1875 0.2109375 0.0171875 0.02890625
0 0.5671875 0.13046875 0.0140625 0.0234375
0 0.68828125 0.3421875 0.028125 0.04453125
0 0.11796875 0.3921875 0.028125 0.04921875
0 0.50390625 0.06875 0.01171875 0.01796875
0 0.853125 0.1625 0.0171875 0.025
0 0.53203125 0.1203125 0.01484375 0.021875
0 0.471875 0.2484375 0.02265625 0.02734375
0 0.278125 0.18671875 0.01875 0.025
0 0.10625 0.3390625 0.02265625 0.0375
0 0.478125 0.2796875 0.02421875 0.03359375
0 0.2703125 0.2515625 0.021875 0.03359375
0 0.37734375 0.1640625 0.01484375 0.02109375
0 0.11015625 0.490625 0.0453125 0.06015625
0 0.4546875 0.20625 0.01953125 0.0296875
0 0.4046875 0.1484375 0.0140625 0.02109375
0 0.26484375 0.21875 0.01640625 0.0234375
0 0.62890625 0.271875 0.021875 0.03359375
0 0.48515625 0.1625 0.015625 0.02109375
0 0.04375 0.4015625 0.03203125 0.05078125
0 0.009375 0.39296875 0.01875 0.0546875
0 0.48125 0.1421875 0.0140625 0.02109375
0 0.60546875 0.1546875 0.0171875 0.025
0 0.23515625 0.1984375 0.0171875 0.02734375
0 0.565625 0.0640625 0.0109375 0.01796875
0 0.04375 0.26953125 0.02265625 0.03671875
0 0.928125 0.5125 0.0375 0.0640625
0 0.84453125 0.18828125 0.021875 0.0296875
0 0.48125 0.20703125 0.01875 0.02578125
0 0.58125 0.296875 0.0265625 0.0390625
0 0.18046875 0.18125 0.01875 0.02734375
0 0.5078125 0.18125 0.015625 0.02578125
0 0.46953125 0.0671875 0.01171875 0.01953125
0 0.16875 0.14140625 0.01640625 0.021875
0 0.98515625 0.1359375 0.0171875 0.025
0 0.61875 0.021875 0.0109375 0.015625
0 0.640625 0.209375 0.0171875 0.02890625
0 0.546875 0.08203125 0.01171875 0.01796875
0 0.53203125 0.165625 0.01640625 0.021875
0 0.53828125 0.05625 0.01171875 0.01796875
0 0.4359375 0.1296875 0.015625 0.021875
0 0.4984375 0.2484375 0.0203125 0.03671875
0 0.978125 0.8109375 0.040625 0.08984375
0 0.16875 0.0796875 0.0140625 0.02109375
0 0.82734375 0.1671875 0.01640625 0.02734375
0 0.0078125 0.19453125 0.015625 0.0296875
0 0.65390625 0.03125 0.0109375 0.01796875
0 0.3640625 0.20703125 0.01953125 0.03125
0 0.5828125 0.03125 0.00859375 0.01328125
0 0.284375 0.2171875 0.0203125 0.03125
0 0.6796875 0.20625 0.021875 0.0296875
0 0.846875 0.1140625 0.01484375 0.01953125
0 0.50625 0.2171875 0.01875 0.025
0 0.5671875 0.00546875 0.00859375 0.01015625
0 0.38125 0.1421875 0.0125 0.02109375
0 0.4640625 0.15 0.01484375 0.0234375
0 0.2171875 0.20703125 0.01875 0.02890625
0 0.5828125 0.1578125 0.0140625 0.0234375
0 0.56640625 0.0171875 0.009375 0.0140625
0 0.53984375 0.1421875 0.0140625 0.01953125
0 0.5921875 0.01875 0.00859375 0.0140625
0 0.75625 0.0765625 0.01171875 0.0171875
0 0.6515625 0.1859375 0.0171875 0.0234375
0 0.5171875 0.08046875 0.01171875 0.01796875
0 0.74375 0.0421875 0.0140625 0.0171875
0 0.5828125 0.05625 0.01171875 0.01796875
0 0.3015625 0.72421875 0.03984375 0.06796875
0 0.5875 0.1859375 0.0171875 0.02578125
0 0.23125 0.1734375 0.01640625 0.0234375
0 0.60625 0.0265625 0.009375 0.0140625
0 0.1609375 0.696875 0.07109375 0.103125
0 0.68046875 0.06328125 0.0140625 0.0171875
0 0.009375 0.54375 0.01875 0.06875
0 0.96796875 0.21171875 0.02421875 0.0296875
0 0.3953125 0.2171875 0.0171875 0.02578125
0 0.6046875 0.05546875 0.009375 0.0171875
0 0.228125 0.0921875 0.0125 0.02109375
0 0.753125 0.00625 0.0125 0.0125
0 0.728125 0.04140625 0.01171875 0.015625
0 0.77109375 0.05625 0.0125 0.01796875
0 0.61953125 0.0703125 0.01484375 0.02109375
0 0.1546875 0.0796875 0.0140625 0.01953125
0 0.18203125 0.10078125 0.01484375 0.021875
0 0.42734375 0.17890625 0.01640625 0.021875
0 0.7671875 0.0171875 0.0140625 0.0140625
0 0.48125 0.39140625 0.025 0.0484375
0 0.5015625 0.1546875 0.01484375 0.0234375