1 0.7171875 0.76953125 0.1578125 0.31640625
1 0.8734375 0.6625 0.06875 0.07890625
1 0.33203125 0.60859375 0.0453125 0.08046875
1 0.3859375 0.88203125 0.06640625 0.0921875
1 0.49296875 0.88203125 0.05859375 0.084375
1 0.5328125 0.6734375 0.065625 0.1078125
1 0.259375 0.86171875 0.06640625 0.0921875
1 0.60625 0.52734375 0.0515625 0.08046875
1 0.30546875 0.4765625 0.0421875 0.071875
1 0.03203125 0.77109375 0.05078125 0.0890625
1 0.36640625 0.690625 0.0546875 0.07578125
1 0.134375 0.45 0.0453125 0.06953125
1 0.7328125 0.35078125 0.0984375 0.29140625
1 0.53203125 0.54375 0.05 0.0828125
1 0.346875 0.5 0.04296875 0.06015625
1 0.7296875 0.2375 0.046875 0.06640625
1 0.71484375 0.6609375 0.0796875 0.09609375
1 0.275 0.75078125 0.06875 0.0890625
1 0.3875 0.3203125 0.03984375 0.0640625
1 0.1109375 0.37734375 0.0390625 0.06015625
1 0.4859375 0.60859375 0.059375 0.075
1 0.153125 0.8734375 0.06171875 0.10390625
1 0.48125 0.33359375 0.0421875 0.06640625
1 0.92265625 0.56953125 0.05625 0.08125
1 0.371875 0.77734375 0.0578125 0.090625
1 0.4171875 0.53515625 0.06640625 0.08515625
1 0.3546875 0.915625 0.14453125 0.16015625
1 0.590625 0.41953125 0.04609375 0.07109375
1 0.29609375 0.5984375 0.040625 0.0734375
1 0.81484375 0.35 0.0421875 0.071875
1 0.63125 0.4046875 0.040625 0.071875
1 0.525 0.36796875 0.03828125 0.0625
1 0.46953125 0.42890625 0.04765625 0.0625
1 0.41171875 0.2671875 0.0421875 0.05859375
1 0.0484375 0.928125 0.071875 0.08515625
1 0.88828125 0.2359375 0.0359375 0.0640625
1 0.43671875 0.078125 0.0375 0.06015625
1 0.478125 0.23203125 0.03828125 0.0625
1 0.25703125 0.534375 0.046875 0.06953125
1 0.4171875 0.396875 0.04765625 0.06796875
1 0.0359375 0.64453125 0.05078125 0.07734375
1 0.58515625 0.34140625 0.040625 0.0625
1 0.33671875 0.553125 0.0453125 0.06015625
1 0.30625 0.2765625 0.0421875 0.0640625
1 0.315625 0.34140625 0.07890625 0.2
1 0.15859375 0.54453125 0.03984375 0.06953125
1 0.24921875 0.409375 0.05078125 0.06015625
1 0.19453125 0.5640625 0.0453125 0.065625
1 0.1109375 0.646875 0.05625 0.084375
1 0.8 0.43359375 0.08515625 0.2390625
1 0.25703125 0.44921875 0.04296875 0.06015625
1 0.40546875 0.56875 0.09375 0.1546875
1 0.78203125 0.215625 0.03984375 0.0625
1 0.41484375 0.80625 0.0625 0.08515625
1 0.071875 0.47578125 0.0421875 0.0625
1 0.19375 0.2078125 0.0734375 0.15390625
1 0.634375 0.23203125 0.03515625 0.06015625
1 0.18046875 0.4859375 0.0484375 0.071875
1 0.3421875 0.13359375 0.0390625 0.06171875
1 0.478125 0.18515625 0.0359375 0.04921875
1 0.43671875 0.74140625 0.06171875 0.08671875
1 0.5125 0.475 0.05078125 0.06953125
1 0.17109375 0.72265625 0.0640625 0.07890625
1 0.6 0.28046875 0.0390625 0.06171875
1 0.66484375 0.30078125 0.03984375 0.0625
1 0.259375 0.67265625 0.05390625 0.07734375
1 0.8578125 0.43203125 0.04375 0.06796875
1 0.24921875 0.61875 0.05625 0.05234375
1 0.025 0.49296875 0.04765625 0.08125
1 0.33125 0.640625 0.09453125 0.14453125
1 0.45234375 0.13046875 0.0953125 0.1640625
1 0.1625 0.90859375 0.1265625 0.175
1 0.690625 0.23828125 0.034375 0.05703125
1 0.378125 0.428125 0.06171875 0.07109375
1 0.49921875 0.49765625 0.99140625 0.98359375
1 0.48046875 0.52421875 0.05078125 0.07578125
1 0.1171875 0.19765625 0.0375 0.06171875
1 0.96796875 0.51875 0.0578125 0.09453125
1 0.4375 0.22109375 0.03515625 0.06015625
1 0.440625 0.67421875 0.05625 0.075
1 0.0609375 0.4140625 0.05078125 0.06640625
1 0.42890625 0.34375 0.03828125 0.05234375
1 0.9796875 0.94375 0.0375 0.10390625
1 0.06484375 0.94140625 0.128125 0.1125
1 0.19140625 0.15625 0.03125 0.05078125
1 0.015625 0.234375 0.03125 0.05703125
1 0.9015625 0.1515625 0.0359375 0.05703125
1 0.78046875 0.08125 0.03515625 0.053125
1 0.0984375 0.58515625 0.0484375 0.06171875
1 0.26015625 0.90546875 0.0828125 0.17890625
1 0.10078125 0.8015625 0.0546875 0.08671875
1 0.19921875 0.44140625 0.04296875 0.06015625
1 0.96171875 0.89140625 0.0515625 0.09453125
1 0.16953125 0.11640625 0.03828125 0.06171875
1 0.46015625 0.48203125 0.046875 0.071875
1 0.65625 0.15390625 0.0390625 0.05625
1 0.4796875 0.9171875 0.1140625 0.1578125
1 0.596875 0.56015625 0.075 0.1453125
1 0.2 0.6890625 0.046875 0.07734375
1 0.3484375 0.17421875 0.10546875 0.1453125
1 0.9671875 0.8109375 0.059375 0.0890625
1 0.5265625 0.7484375 0.1125 0.26015625
1 0.15703125 0.63046875 0.04296875 0.06171875
1 0.4828125 0.25703125 0.07734375 0.11328125
1 0.7953125 0.1671875 0.03515625 0.0546875
1 0.8609375 0.71875 0.13671875 0.190625
1 0.96796875 0.1375 0.0390625 0.06171875
1 0.9296875 0.3578125 0.0375 0.06171875
1 0.5421875 0.19140625 0.03515625 0.046875
1 0.9625 0.36953125 0.040625 0.0640625
1 0.12578125 0.2375 0.075 0.14140625
1 0.24921875 0.09921875 0.03203125 0.04921875
1 0.75078125 0.15859375 0.0328125 0.0546875
1 0.228125 0.125 0.034375 0.05234375
1 0.3515625 0.73671875 0.1078125 0.16796875
1 0.55078125 0.3046875 0.03515625 0.05859375
1 0.48203125 0.353125 0.059375 0.10546875
1 0.58125 0.37734375 0.08125 0.13984375
1 0.584375 0.05078125 0.03515625 0.05625
1 0.475 0.55859375 0.06953125 0.1453125
1 0.95625 0.30859375 0.0375 0.05625
1 0.128125 0.13125 0.0328125 0.05234375
1 0.575 0.44921875 0.08203125 0.1296875
1 0.05859375 0.715625 0.05078125 0.0828125
1 0.88515625 0.303125 0.090625 0.2
1 0.4796875 0.2859375 0.03828125 0.0453125
1 0.83828125 0.25234375 0.03828125 0.05859375
1 0.853125 0.47421875 0.0875 0.14921875
1 0.11015625 0.75859375 0.05859375 0.06953125
1 0.040625 0.2203125 0.0390625 0.06171875
1 0.30390625 0.50546875 0.0609375 0.13203125
1 0.9375 0.25 0.0390625 0.06171875
1 0.2890625 0.09921875 0.03515625 0.0546875
1 0.57109375 0.1640625 0.0453125 0.05859375
1 0.52421875 0.07421875 0.0375 0.04921875
1 0.653125 0.03046875 0.034375 0.04296875
1 0.1453125 0.19765625 0.0296875 0.0484375
1 0.91875 0.5046875 0.05390625 0.06640625
1 0.1296875 0.08203125 0.0359375 0.05234375
1 0.98046875 0.21953125 0.0328125 0.0625
1 0.8984375 0.48828125 0.0453125 0.07109375
1 0.03984375 0.0984375 0.03515625 0.053125
1 0.78828125 0.25625 0.0765625 0.14453125
1 0.28984375 0.12734375 0.0640625 0.1109375
1 0.0421875 0.8171875 0.0828125 0.18125
1 0.23359375 0.1671875 0.0609375 0.13359375
1 0.8375 0.17265625 0.0375 0.06015625
1 0.17890625 0.03203125 0.0328125 0.05078125
1 0.1859375 0.79609375 0.059375 0.10546875
1 0.540625 0.25859375 0.040625 0.04921875
1 0.384375 0.34140625 0.0640625 0.1078125
1 0.6 0.30703125 0.0734375 0.1171875
1 0.8171875 0.08046875 0.0390625 0.05703125
1 0.709375 0.68125 0.05625 0.06015625
1 0.41953125 0.42890625 0.06171875 0.13359375
1 0.31953125 0.0484375 0.0328125 0.046875