1 0.565625 0.83046875 0.07734375 0.15390625
1 0.88984375 0.8875 0.11015625 0.1890625
1 0.38515625 0.69453125 0.05546875 0.09140625
1 0.17109375 0.69765625 0.04765625 0.08515625
1 0.74296875 0.62265625 0.04609375 0.0734375
1 0.565625 0.875 0.1484375 0.24375
1 0.44609375 0.62578125 0.04609375 0.08203125
1 0.6359375 0.60703125 0.040625 0.071875
1 0.63359375 0.7078125 0.059375 0.09140625
1 0.38828125 0.82265625 0.1046875 0.346875
1 0.30078125 0.69140625 0.04296875 0.08203125
1 0.3734375 0.61953125 0.0421875 0.0671875
1 0.9328125 0.65234375 0.05078125 0.08046875
1 0.1484375 0.65 0.0453125 0.08359375
1 0.56328125 0.5671875 0.0390625 0.05859375
1 0.82734375 0.62109375 0.0359375 0.06484375
1 0.178125 0.825 0.153125 0.340625
1 0.79765625 0.95703125 0.1171875 0.08046875
1 0.51484375 0.66640625 0.05390625 0.09140625
1 0.51015625 0.55390625 0.03203125 0.053125
1 0.1828125 0.6078125 0.0421875 0.0671875
1 0.434375 0.54296875 0.02734375 0.0515625
1 0.240625 0.61015625 0.03203125 0.06015625
1 0.41171875 0.571875 0.034375 0.05703125
1 0.7546875 0.5609375 0.03125 0.05546875
1 0.74921875 0.7875 0.0828125 0.40390625
1 0.275 0.67578125 0.0375 0.0765625
1 0.21640625 0.67265625 0.04765625 0.08203125
1 0.6640625 0.6515625 0.040625 0.06875
1 0.35 0.56484375 0.0328125 0.0515625
1 0.96640625 0.6765625 0.03203125 0.071875
1 0.3265625 0.54921875 0.021875 0.04140625
1 0.9125 0.55625 0.0359375 0.05859375
1 0.2203125 0.55390625 0.02734375 0.04375
1 0.83046875 0.57109375 0.034375 0.053125
1 0.509375 0.6046875 0.0453125 0.05546875
1 0.27890625 0.60625 0.04609375 0.0703125
1 0.5265625 0.7640625 0.06640625 0.128125
1 0.69609375 0.54453125 0.03046875 0.053125
1 0.49921875 0.51953125 0.025 0.03828125
1 0.775 0.628125 0.0296875 0.0734375
1 0.96640625 0.58125 0.0359375 0.05
1 0.125 0.68515625 0.09375 0.15390625
1 0.259375 0.52734375 0.0234375 0.04140625
1 0.8484375 0.5421875 0.03203125 0.05
1 0.29609375 0.53984375 0.034375 0.0484375
1 0.44453125 0.56484375 0.05 0.0953125
1 0.01484375 0.625 0.0296875 0.071875
1 0.6484375 0.82890625 0.09375 0.33046875
1 0.80625 0.53671875 0.03203125 0.0484375
1 0.6671875 0.53359375 0.0234375 0.04296875
1 0.834375 0.7578125 0.07109375 0.3375
1 0.31953125 0.50625 0.01875 0.0296875
1 0.571875 0.6484375 0.075 0.221875
1 0.5890625 0.52734375 0.0203125 0.03828125
1 0.73515625 0.51328125 0.021875 0.03671875
1 0.371875 0.4859375 0.0203125 0.03203125
1 0.62734375 0.50546875 0.01875 0.03515625
1 0.4 0.51875 0.02734375 0.04296875
1 0.29921875 0.8234375 0.08671875 0.34375
1 0.3359375 0.61328125 0.0609375 0.1484375
1 0.4890625 0.4859375 0.0171875 0.0296875
1 0.7203125 0.509375 0.01953125 0.03203125
1 0.5046875 0.7109375 0.98359375 0.5609375
1 0.37421875 0.6640625 0.0765625 0.15546875
1 0.34453125 0.50625 0.0265625 0.03828125
1 0.51953125 0.7890625 0.13125 0.3390625
1 0.2640625 0.4828125 0.01953125 0.03203125
1 0.778125 0.56953125 0.02734375 0.05
1 0.3546875 0.540625 0.0296875 0.03828125
1 0.659375 0.50625 0.0234375 0.03359375
1 0.54765625 0.53515625 0.025 0.03671875
1 0.44765625 0.7890625 0.090625 0.409375
1 0.24453125 0.6421875 0.04609375 0.125
1 0.67734375 0.66953125 0.0671875 0.103125
1 0.62734375 0.66484375 0.065625 0.18359375
1 0.48359375 0.584375 0.03125 0.06171875
1 0.4078125 0.534375 0.0265625 0.03515625
1 0.8546875 0.478125 0.01875 0.03046875
1 0.96328125 0.528125 0.03203125 0.0484375
1 0.53828125 0.4875 0.0203125 0.03203125
1 0.3796875 0.5171875 0.01953125 0.03515625
1 0.925 0.78515625 0.125 0.3453125
1 0.2875 0.46953125 0.0171875 0.0265625
1 0.91328125 0.5125 0.0265625 0.03515625
1 0.21875 0.5796875 0.03515625 0.096875
1 0.51640625 0.49375 0.01640625 0.03046875
1 0.22578125 0.81328125 0.07109375 0.3609375
1 0.79453125 0.50234375 0.0265625 0.03828125
1 0.60234375 0.56015625 0.028125 0.04296875
1 0.68046875 0.80546875 0.075 0.37421875
1 0.6515625 0.56015625 0.0296875 0.0484375
1 0.91328125 0.60703125 0.05546875 0.15703125
1 0.4359375 0.4921875 0.0171875 0.03203125
1 0.2578125 0.57265625 0.03125 0.03828125
1 0.87265625 0.54296875 0.02421875 0.046875
1 0.2296875 0.75703125 0.0515625 0.08046875
1 0.521875 0.52578125 0.0234375 0.03828125
1 0.84296875 0.62265625 0.06640625 0.15234375
1 0.4640625 0.471875 0.015625 0.028125
1 0.7 0.5984375 0.0421875 0.16015625
1 0.9015625 0.49140625 0.01953125 0.03359375