0 0.6203125 0.01875 0.0140625 0.01953125
0 0.47109375 0.1109375 0.01875 0.0296875
0 0.46953125 0.075 0.01953125 0.0296875
0 0.0921875 0.07578125 0.0171875 0.02890625
0 0.71953125 0.2609375 0.03046875 0.0484375
0 0.51796875 0.2578125 0.028125 0.046875
0 0.51484375 0.13046875 0.01875 0.03125
0 0.77421875 0.2921875 0.034375 0.0484375
0 0.0265625 0.303125 0.03515625 0.0546875
0 0.4203125 0.2796875 0.02734375 0.04453125
0 0.55390625 0.18125 0.02734375 0.0390625
0 0.32109375 0.29140625 0.03125 0.04140625
0 0.5265625 0.19296875 0.0234375 0.03671875
0 0.8078125 0.3328125 0.040625 0.05625
0 0.23671875 0.34453125 0.0359375 0.05625
0 0.67265625 0.2 0.0265625 0.04296875
0 0.87578125 0.0171875 0.01640625 0.025
0 0.35078125 0.2390625 0.02734375 0.04296875
0 0.57734375 0.1125 0.01953125 0.0328125
0 0.3421875 0.02421875 0.01484375 0.025
0 0.346875 0.4515625 0.0421875 0.06015625
0 0.26640625 0.065625 0.021875 0.02734375
0 0.971875 0.09375 0.0265625 0.03125
0 0.24140625 0.19296875 0.02734375 0.03671875
0 0.425 0.553125 0.05546875 0.08828125
0 0.3078125 0.07578125 0.01875 0.02578125
0 0.384375 0.17421875 0.0265625 0.03125
0 0.0765625 0.25703125 0.0359375 0.0484375
0 0.13671875 0.32890625 0.0390625 0.05625
0 0.1984375 0.503125 0.046875 0.071875
0 0.2296875 0.05625 0.0171875 0.02734375
0 0.3359375 0.34921875 0.0328125 0.04921875
0 0.4328125 0.075 0.0171875 0.025
0 0.475 0.4921875 0.04609375 0.06796875
0 0.1375 0.23046875 0.03125 0.04921875
0 0.346875 0.08046875 0.01875 0.02578125
0 0.8328125 0.0375 0.0171875 0.02578125
0 0.75625 0.03125 0.01875 0.0234375
0 0.41171875 0.1640625 0.0203125 0.03671875
0 0.7140625 0.484375 0.05078125 0.07578125
0 0.18828125 0.20703125 0.03046875 0.046875
0 0.3796875 0.10703125 0.021875 0.03125
0 0.23515625 0.11875 0.021875 0.0328125
0 0.35625 0.725 0.0625 0.0921875
0 0.67734375 0.0234375 0.01484375 0.02109375
0 0.78359375 0.6 0.06171875 0.08203125
0 0.7015625 0.06640625 0.0171875 0.0234375
0 0.37578125 0.396875 0.03828125 0.05703125
0 0.559375 0.02265625 0.0125 0.01953125
0 0.8 0.0703125 0.01953125 0.02890625
0 0.3640625 0.01015625 0.015625 0.0203125
0 0.4015625 0.1109375 0.02265625 0.03125
0 0.1953125 0.06328125 0.021875 0.0296875
0 0.4359375 0.1765625 0.025 0.0375
0 0.2984375 0.02890625 0.0171875 0.02578125
0 0.70234375 0.0078125 0.015625 0.015625
0 0.32734375 0.1171875 0.0203125 0.02890625
0 0.384375 0.21328125 0.02734375 0.04140625
0 0.42578125 0.109375 0.021875 0.02578125
0 0.02109375 0.1421875 0.0265625 0.0375
0 0.60546875 0.11015625 0.01953125 0.0296875
0 0.14296875 0.04921875 0.0203125 0.03125
0 0.3015625 0.1296875 0.02265625 0.0328125
0 0.85625 0.0078125 0.01484375 0.015625
0 0.10078125 0.10625 0.021875 0.0375
0 0.02578125 0.09921875 0.0203125 0.03125
0 0.13125 0.08515625 0.0203125 0.02734375
0 0.03046875 0.24921875 0.03046875 0.04296875
0 0.17578125 0.04921875 0.0171875 0.02578125
0 0.63984375 0.06171875 0.01640625 0.025
0 0.32734375 0.14921875 0.025 0.0375
0 0.971875 0.00625 0.01875 0.0125
0 0.675 0.1015625 0.01953125 0.03125
0 0.4890625 0.4203125 0.05625 0.071875
0 0.2171875 0.20703125 0.025 0.0390625
0 0.2828125 0.00625 0.01640625 0.01171875
0 0.31484375 0.01328125 0.01484375 0.0234375
0 0.28203125 0.0921875 0.01640625 0.0296875
0 0.1828125 0.3515625 0.034375 0.05703125
0 0.25546875 0.0078125 0.01875 0.015625
0 0.18359375 0.146875 0.0234375 0.03359375
0 0.15390625 0.284375 0.0359375 0.040625
0 0.6515625 0.01875 0.01484375 0.01953125
0 0.3578125 0.1046875 0.0171875 0.0296875
0 0.2484375 0.0484375 0.0203125 0.0296875
0 0.79609375 0.11796875 0.02265625 0.0328125
0 0.98828125 0.14921875 0.021875 0.0375
0 0.15703125 0.1375 0.021875 0.0328125
0 0.59765625 0.1609375 0.025 0.0375
0 0.8921875 0.00625 0.015625 0.01171875