0 0.2765625 0.55703125 0.040625 0.0546875
0 0.4234375 0.571875 0.040625 0.0609375
0 0.94453125 0.36015625 0.03125 0.04296875
0 0.9359375 0.92421875 0.0765625 0.09921875
0 0.54609375 0.82421875 0.0609375 0.0859375
0 0.10859375 0.275 0.01640625 0.0234375
0 0.4671875 0.63125 0.0484375 0.07421875
0 0.065625 0.3875 0.0203125 0.0296875
0 0.14140625 0.27421875 0.01484375 0.025
0 0.82421875 0.33046875 0.03125 0.04453125
0 0.06796875 0.42265625 0.02421875 0.0328125
0 0.046875 0.58828125 0.0390625 0.0546875
0 0.7703125 0.8515625 0.05859375 0.08046875
0 0.16875 0.35390625 0.01953125 0.02890625
0 0.2046875 0.21796875 0.0140625 0.01953125
0 0.70234375 0.1546875 0.01484375 0.021875
0 0.80390625 0.28046875 0.02265625 0.0375
0 0.1515625 0.4546875 0.03046875 0.04296875
0 0.11484375 0.21796875 0.01484375 0.01953125
0 0.31328125 0.90078125 0.0578125 0.08359375
0 0.76015625 0.14140625 0.01484375 0.021875
0 0.02109375 0.9546875 0.0421875 0.08203125
0 0.34296875 0.2125 0.0125 0.01953125
0 0.95703125 0.1015625 0.015625 0.02109375
0 0.14140625 0.20625 0.015625 0.01953125
0 0.12421875 0.8546875 0.05546875 0.0765625
0 0.93828125 0.221875 0.0234375 0.03515625
0 0.40546875 0.15546875 0.0140625 0.01953125
0 0.7765625 0.2765625 0.01875 0.0296875
0 0.38125 0.18203125 0.0125 0.01796875
0 0.903125 0.22421875 0.0203125 0.03125
0 0.2609375 0.22890625 0.015625 0.02109375
0 0.6328125 0.1328125 0.0140625 0.02109375
0 0.36796875 0.1828125 0.0125 0.01953125
0 0.84453125 0.1109375 0.015625 0.01953125
0 0.73359375 0.159375 0.0125 0.021875
0 0.11875 0.17890625 0.0125 0.01953125
0 0.01875 0.46171875 0.03046875 0.0375
0 0.28515625 0.21328125 0.0140625 0.02109375
0 0.178125 0.19375 0.0125 0.01953125
0 0.1828125 0.1671875 0.01171875 0.0171875
0 0.234375 0.2265625 0.015625 0.02109375
0 0.01640625 0.49453125 0.0296875 0.03671875
0 0.103125 0.16796875 0.0125 0.01796875
0 0.8703125 0.42890625 0.0265625 0.0375
0 0.01015625 0.5875 0.0203125 0.0625
0 0.48515625 0.37265625 0.015625 0.02109375
0 0.1703125 0.1671875 0.009375 0.0171875
0 0.58359375 0.134375 0.01484375 0.01953125
0 0.65625 0.159375 0.0140625 0.01953125
0 0.5640625 0.18125 0.01484375 0.01953125
0 0.51484375 0.1984375 0.015625 0.01953125
0 0.8609375 0.1546875 0.01953125 0.02578125
0 0.13984375 0.40546875 0.02421875 0.0296875
0 0.0078125 0.69375 0.015625 0.0609375
0 0.46953125 0.13125 0.01171875 0.0140625
0 0.1171875 0.24140625 0.015625 0.021875
0 0.034375 0.5421875 0.03046875 0.0328125
0 0.56640625 0.11640625 0.01171875 0.0140625
0 0.4921875 0.2015625 0.0140625 0.01953125
0 0.3640625 0.2546875 0.01484375 0.01953125
0 0.08515625 0.38671875 0.021875 0.02578125
0 0.471875 0.15625 0.01484375 0.02109375
0 0.12421875 0.78125 0.04375 0.0625
0 0.221875 0.2046875 0.0140625 0.02109375
0 0.13203125 0.19140625 0.0140625 0.01796875
0 0.18828125 0.3609375 0.01953125 0.03125
0 0.07578125 0.275 0.01484375 0.021875