0 0.56640625 0.2875 0.0171875 0.02578125
0 0.7046875 0.55546875 0.03515625 0.0640625
0 0.75390625 0.21875 0.0140625 0.0234375
0 0.884375 0.43125 0.02734375 0.04453125
0 0.60859375 0.18203125 0.0125 0.01796875
0 0.9359375 0.4359375 0.0328125 0.04921875
0 0.56328125 0.46796875 0.0328125 0.05625
0 0.8703125 0.5140625 0.0328125 0.05234375
0 0.3296875 0.2984375 0.0203125 0.03125
0 0.8078125 0.2109375 0.01484375 0.02109375
0 0.296875 0.3359375 0.025 0.03671875
0 0.659375 0.9390625 0.0796875 0.11484375
0 0.4578125 0.34296875 0.021875 0.0328125
0 0.14609375 0.16640625 0.01484375 0.02109375
0 0.35625 0.23828125 0.0171875 0.02578125
0 0.5828125 0.64375 0.040625 0.0609375
0 0.434375 0.18203125 0.0125 0.02109375
0 0.63125 0.321875 0.0203125 0.0328125
0 0.5859375 0.29765625 0.0171875 0.02734375
0 0.48671875 0.7875 0.065625 0.1
0 0.4171875 0.60078125 0.040625 0.07421875
0 0.0296875 0.23515625 0.02265625 0.0328125
0 0.3609375 0.19375 0.0140625 0.01953125
0 0.41015625 0.2421875 0.0140625 0.02109375
0 0.26484375 0.31953125 0.0265625 0.0375
0 0.46953125 0.4671875 0.03046875 0.0484375
0 0.5828125 0.1671875 0.0140625 0.01953125
0 0.978125 0.2265625 0.015625 0.0234375
0 0.23515625 0.26015625 0.021875 0.03125
0 0.846875 0.3609375 0.0265625 0.0390625
0 0.503125 0.3234375 0.0171875 0.0296875
0 0.2140625 0.253125 0.01953125 0.0296875
0 0.26484375 0.61953125 0.04765625 0.06484375
0 0.584375 0.20390625 0.0125 0.021875
0 0.3734375 0.3140625 0.02265625 0.03359375
0 0.19296875 0.18828125 0.01484375 0.021875
0 0.49296875 0.21875 0.01484375 0.02109375
0 0.66015625 0.3 0.01953125 0.0296875
0 0.7578125 0.19375 0.0140625 0.01953125
0 0.715625 0.2890625 0.0171875 0.03125
0 0.86875 0.1828125 0.0125 0.01953125
0 0.6109375 0.36796875 0.025 0.0375
0 0.071875 0.1796875 0.01484375 0.0234375
0 0.65703125 0.15625 0.01171875 0.01796875
0 0.57265625 0.5765625 0.034375 0.0546875
0 0.7140625 0.196875 0.01484375 0.01953125
0 0.178125 0.27265625 0.0203125 0.0296875
0 0.91171875 0.81015625 0.075 0.11953125
0 0.89140625 0.1875 0.015625 0.02109375
0 0.10078125 0.21953125 0.0171875 0.0296875
0 0.446875 0.2640625 0.01484375 0.0234375
0 0.334375 0.26796875 0.01484375 0.0234375
0 0.56328125 0.53203125 0.03046875 0.0375
0 0.603125 0.2171875 0.0140625 0.021875
0 0.71640625 0.146875 0.0109375 0.015625
0 0.3640625 0.28125 0.01953125 0.02578125
0 0.690625 0.1453125 0.0109375 0.0171875
0 0.08203125 0.28671875 0.0234375 0.03671875
0 0.7625 0.3796875 0.028125 0.0453125
0 0.1625 0.13671875 0.0125 0.01796875
0 0.23125 0.12578125 0.0125 0.01953125
0 0.72109375 0.225 0.01484375 0.025
0 0.546875 0.1859375 0.0140625 0.02109375
0 0.18828125 0.3625 0.02734375 0.04296875
0 0.446875 0.14296875 0.01171875 0.01796875
0 0.2875 0.1625 0.01484375 0.0234375
0 0.99375 0.17578125 0.009375 0.01796875
0 0.09453125 0.11796875 0.0140625 0.025
0 0.628125 0.2359375 0.0140625 0.01953125
0 0.77421875 0.2359375 0.01640625 0.0234375
0 0.80234375 0.18125 0.0125 0.01953125
0 0.6359375 0.1625 0.0140625 0.02109375
0 0.98359375 0.11953125 0.01171875 0.015625
0 0.66484375 0.23125 0.01484375 0.025
0 0.2328125 0.1671875 0.015625 0.01953125
0 0.91328125 0.17578125 0.0140625 0.02109375
0 0.01484375 0.175 0.01875 0.02734375
0 0.11796875 0.15625 0.01484375 0.0234375
0 0.95 0.20390625 0.01484375 0.01953125
0 0.08046875 0.128125 0.01484375 0.021875
0 0.15546875 0.2015625 0.01875 0.025
0 0.00703125 0.35859375 0.0140625 0.0390625
0 0.16796875 0.38671875 0.01953125 0.03671875
0 0.4265625 0.2359375 0.0140625 0.02109375
0 0.4953125 0.1578125 0.01171875 0.01796875
0 0.771875 0.190625 0.0125 0.01953125
0 0.73828125 0.2234375 0.015625 0.021875
0 0.8578125 0.14296875 0.009375 0.01796875
0 0.3671875 0.14765625 0.01171875 0.01953125
0 0.19296875 0.1421875 0.0125 0.02109375
0 0.7875 0.209375 0.01484375 0.02109375
0 0.2171875 0.1515625 0.01484375 0.021875
0 0.49375 0.19375 0.0140625 0.01796875
0 0.91640625 0.225 0.01484375 0.02109375
0 0.978125 0.16953125 0.0125 0.01796875
0 0.38984375 0.21796875 0.01640625 0.025
0 0.790625 0.1625 0.01171875 0.01796875
0 0.509375 0.2109375 0.0125 0.02109375
0 0.8078125 0.1453125 0.0109375 0.0140625
0 0.946875 0.14453125 0.0125 0.01796875
0 0.0078125 0.15078125 0.015625 0.02109375
0 0.99296875 0.28125 0.01171875 0.03125
0 0.33984375 0.1796875 0.0140625 0.02109375
0 0.890625 0.15625 0.01171875 0.01796875
0 0.75625 0.159375 0.0109375 0.0171875
0 0.02578125 0.4125 0.0421875 0.0546875
0 0.52734375 0.28515625 0.0171875 0.02890625
0 0.76953125 0.1453125 0.009375 0.0140625
0 0.571875 0.2328125 0.0125 0.01953125
0 0.3234375 0.23046875 0.015625 0.02578125
0 0.94375 0.1703125 0.01484375 0.01953125
0 0.31328125 0.18671875 0.0140625 0.01953125
0 0.9703125 0.1546875 0.0140625 0.0140625
0 0.4234375 0.8296875 0.053125 0.0796875
0 0.8390625 0.1359375 0.0109375 0.0140625
0 0.66875 0.1890625 0.01171875 0.01796875
0 0.7453125 0.14296875 0.0109375 0.01328125
0 0.03671875 0.190625 0.01875 0.02734375
0 0.6828125 0.1796875 0.0125 0.01796875
0 0.82109375 0.15078125 0.01171875 0.015625
0 0.9296875 0.14140625 0.01171875 0.01953125
0 0.184375 0.1578125 0.0125 0.02109375
0 0.7359375 0.1625 0.01171875 0.0140625
0 0.259375 0.36953125 0.02421875 0.0390625
0 0.97578125 0.19375 0.0140625 0.02109375
0 0.446875 0.16796875 0.01171875 0.01796875
0 0.08984375 0.09296875 0.0140625 0.01953125
0 0.0203125 0.10546875 0.01171875 0.01796875
0 0.18828125 0.21953125 0.01953125 0.02734375
0 0.384375 0.1953125 0.01171875 0.01796875
0 0.95859375 0.09375 0.0109375 0.01796875
0 0.06796875 0.2546875 0.0203125 0.0296875
0 0.421875 0.14765625 0.01171875 0.0171875
0 0.20234375 0.4734375 0.034375 0.0453125
0 0.6453125 0.20390625 0.0140625 0.021875
0 0.8421875 0.1546875 0.009375 0.0140625
0 0.1296875 0.20625 0.0171875 0.0296875
0 0.065625 0.11875 0.01484375 0.01953125
0 0.5375 0.5 0.028125 0.03125
0 0.815625 0.1671875 0.0109375 0.0140625
0 0.00390625 0.09375 0.0078125 0.01796875
0 0.88359375 0.13046875 0.0109375 0.01328125
0 0.3046875 0.14453125 0.01171875 0.01796875
0 0.0984375 0.975 0.07890625 0.046875
0 0.84375 0.1765625 0.0140625 0.01953125
0 0.09765625 0.1640625 0.015625 0.0234375
0 0.99375 0.13125 0.009375 0.0140625
0 0.96953125 0.13125 0.01171875 0.01796875
0 0.9171875 0.1546875 0.009375 0.01328125
0 0.0171875 0.1296875 0.0140625 0.0171875
0 0.734375 0.18125 0.0140625 0.01953125
0 0.484375 0.29765625 0.0171875 0.025
0 0.82734375 0.1734375 0.0125 0.01796875
0 0.509375 0.1421875 0.01171875 0.0171875
0 0.00859375 0.115625 0.0140625 0.01796875
0 0.7078125 0.16796875 0.01171875 0.01796875
0 0.9953125 0.15546875 0.0078125 0.01953125
0 0.05546875 0.1421875 0.01484375 0.02109375
0 0.98359375 0.14140625 0.01171875 0.0171875
0 0.68671875 0.2625 0.01484375 0.025
0 0.85859375 0.11875 0.0109375 0.0140625
0 0.15703125 0.32890625 0.0203125 0.0296875
0 0.7046875 0.14765625 0.0109375 0.0171875
0 0.4328125 0.1578125 0.01171875 0.01796875
0 0.03359375 0.10546875 0.0125 0.01796875
0 0.99375 0.4234375 0.009375 0.05234375