1 0.271875 0.76015625 0.04296875 0.05703125
1 0.62109375 0.81953125 0.0765625 0.08984375
1 0.18828125 0.7484375 0.05 0.06875
1 0.6109375 0.884375 0.10078125 0.22265625
1 0.0921875 0.88203125 0.0796875 0.15234375
1 0.35234375 0.84296875 0.0296875 0.0453125
1 0.334375 0.6828125 0.028125 0.0375
1 0.39375 0.7828125 0.06953125 0.1953125
1 0.725 0.8796875 0.1171875 0.2328125
1 0.27578125 0.8640625 0.09296875 0.2640625
1 0.921875 0.790625 0.06640625 0.09765625
1 0.2921875 0.67109375 0.02734375 0.03515625
1 0.8234375 0.7015625 0.0359375 0.05078125
1 0.6453125 0.7390625 0.04765625 0.05859375
1 0.746875 0.80546875 0.0703125 0.084375
1 0.1015625 0.9015625 0.1859375 0.19140625
1 0.378125 0.709375 0.034375 0.0453125
1 0.36953125 0.659375 0.028125 0.03515625
1 0.7375 0.746875 0.04765625 0.0484375
1 0.36171875 0.959375 0.03984375 0.05703125
1 0.84609375 0.82109375 0.0578125 0.08203125
1 0.26484375 0.678125 0.0265625 0.03515625
1 0.8375 0.88828125 0.13671875 0.21640625
1 0.14453125 0.6640625 0.02734375 0.03359375
1 0.45390625 0.96640625 0.0359375 0.05703125
1 0.65234375 0.665625 0.0234375 0.0296875
1 0.04765625 0.7953125 0.03046875 0.040625
1 0.49375 0.92421875 0.05859375 0.140625
1 0.4109375 0.8515625 0.03125 0.04140625
1 0.2625 0.728125 0.05625 0.1328125
1 0.51171875 0.76796875 0.0546875 0.14296875
1 0.54921875 0.66875 0.0203125 0.0296875
1 0.14765625 0.72109375 0.0625 0.15859375
1 0.34296875 0.76640625 0.05078125 0.20703125
1 0.728125 0.56875 0.01640625 0.01796875
1 0.684375 0.68046875 0.0234375 0.0328125
1 0.5140625 0.68359375 0.0265625 0.03359375
1 0.5515625 0.828125 0.0328125 0.04453125
1 0.35234375 0.89375 0.0609375 0.146875
1 0.184375 0.85390625 0.0890625 0.28125
1 0.4609375 0.69453125 0.0234375 0.0296875
1 0.190625 0.6734375 0.025 0.03359375
1 0.63359375 0.6765625 0.01953125 0.0296875
1 0.4921875 0.88046875 0.03515625 0.05234375
1 0.459375 0.57265625 0.0171875 0.02109375
1 0.93984375 0.73046875 0.0421875 0.04921875
1 0.671875 0.571875 0.0140625 0.015625
1 0.02734375 0.67421875 0.021875 0.02890625
1 0.9328125 0.86875 0.0875 0.25390625
1 0.6078125 0.6796875 0.025 0.03671875
1 0.453125 0.93828125 0.03515625 0.04296875
1 0.55078125 0.9390625 0.03125 0.0546875
1 0.85625 0.69375 0.025 0.03359375
1 0.2328125 0.6671875 0.0234375 0.025
1 0.45859375 0.884375 0.03046875 0.04453125
1 0.83046875 0.771875 0.096875 0.1875
1 0.565625 0.709375 0.025 0.03125
1 0.759375 0.67265625 0.0234375 0.0296875
1 0.79921875 0.675 0.02421875 0.0296875
1 0.54296875 0.575 0.0140625 0.0171875
1 0.9546875 0.68984375 0.03203125 0.03671875
1 0.0125 0.66484375 0.02265625 0.0328125
1 0.48359375 0.8265625 0.0265625 0.03671875
1 0.41875 0.703125 0.02421875 0.03671875
1 0.4984375 0.6671875 0.01953125 0.01953125
1 0.746875 0.696875 0.03125 0.0375
1 0.05078125 0.6609375 0.025 0.0296875
1 0.09296875 0.84296875 0.07109375 0.07421875
1 0.56328125 0.67578125 0.021875 0.03125
1 0.64921875 0.56875 0.01484375 0.02109375
1 0.36875 0.6703125 0.03828125 0.05859375
1 0.63515625 0.71953125 0.05546875 0.11328125
1 0.68671875 0.73984375 0.04375 0.15078125
1 0.73125 0.68359375 0.02265625 0.03125
1 0.21796875 0.6859375 0.025 0.02734375
1 0.50703125 0.8296875 0.03046875 0.0390625
1 0.46015625 0.67265625 0.0234375 0.02734375
1 0.49921875 0.81015625 0.9890625 0.3671875
1 0.67578125 0.65859375 0.01953125 0.02109375
1 0.29375 0.6484375 0.0171875 0.01796875
1 0.0328125 0.8375 0.0359375 0.053125
1 0.23671875 0.646875 0.01640625 0.01953125
1 0.29765625 0.7140625 0.0484375 0.12109375
1 0.11015625 0.675 0.02265625 0.02734375
1 0.50625 0.709375 0.0296875 0.025
1 0.9859375 0.80625 0.02421875 0.06640625
1 0.12578125 0.79140625 0.028125 0.03671875
1 0.73046875 0.61015625 0.03125 0.1
1 0.0859375 0.66796875 0.021875 0.02578125
1 0.20703125 0.646875 0.015625 0.01796875
1 0.44453125 0.8109375 0.05546875 0.1109375
1 0.43671875 0.88359375 0.02734375 0.0453125
1 0.084375 0.72578125 0.02734375 0.03515625
1 0.05625 0.71796875 0.04609375 0.1390625
1 0.11796875 0.65078125 0.0203125 0.02578125
1 0.89921875 0.68671875 0.03046875 0.040625
1 0.5765625 0.85 0.03046875 0.08984375
1 0.5484375 0.73203125 0.03828125 0.15390625
1 0.4390625 0.66796875 0.021875 0.02890625
1 0.56484375 0.753125 0.03984375 0.11875
1 0.7546875 0.8140625 0.034375 0.05859375
1 0.5125 0.696875 0.0421875 0.06015625
1 0.21171875 0.6609375 0.021875 0.0296875
1 0.74765625 0.71171875 0.03828125 0.06875
1 0.040625 0.815625 0.04765625 0.08203125
1 0.89765625 0.678125 0.025 0.0234375
1 0.4859375 0.66015625 0.01953125 0.02578125
1 0.10859375 0.71484375 0.03203125 0.10390625
1 0.72734375 0.5703125 0.0234375 0.03125
1 0.40390625 0.89140625 0.05390625 0.12109375
1 0.54765625 0.865625 0.04765625 0.11953125
1 0.5421875 0.575 0.01875 0.02734375
1 0.40546875 0.6671875 0.0203125 0.01953125
1 0.73046875 0.665625 0.0234375 0.0234375
1 0.4578125 0.72734375 0.0421875 0.0921875
1 0.78046875 0.67109375 0.01953125 0.02734375
1 0.4421875 0.5765625 0.015625 0.0171875
1 0.16484375 0.98671875 0.0359375 0.02109375
1 0.8796875 0.71171875 0.02734375 0.040625
1 0.42578125 0.678125 0.021875 0.021875
1 0.434375 0.78203125 0.025 0.0453125
1 0.70234375 0.68125 0.0234375 0.03125
1 0.3953125 0.659375 0.01953125 0.025
1 0.88046875 0.8296875 0.03828125 0.0765625
1 0.509375 0.7125 0.04375 0.04140625
1 0.3921875 0.69296875 0.02265625 0.03359375
1 0.85625 0.8421875 0.090625 0.13046875
1 0.6546875 0.746875 0.0265625 0.0375
1 0.446875 0.7859375 0.0484375 0.05625
1 0.54375 0.61015625 0.0296875 0.08984375
1 0.6453125 0.60546875 0.0328125 0.09375
1 0.021875 0.725 0.03515625 0.1328125
1 0.08515625 0.78359375 0.028125 0.03125
1 0.86328125 0.7171875 0.040625 0.08046875
1 0.671875 0.6078125 0.03125 0.08984375
1 0.6515625 0.79296875 0.06328125 0.16640625
1 0.49140625 0.69765625 0.02421875 0.02890625
1 0.0359375 0.9421875 0.03828125 0.05078125
1 0.46171875 0.609375 0.0359375 0.09609375
1 0.21171875 0.75 0.05390625 0.15078125