1 0.49765625 0.73203125 0.05234375 0.10859375
1 0.20546875 0.55234375 0.05 0.09765625
1 0.38515625 0.80234375 0.05234375 0.1046875
1 0.75859375 0.5671875 0.04375 0.090625
1 0.51015625 0.58359375 0.0546875 0.1015625
1 0.4640625 0.215625 0.03671875 0.07578125
1 0.696875 0.83515625 0.128125 0.31484375
1 0.5078125 0.83515625 0.11953125 0.31484375
1 0.1171875 0.365625 0.04375 0.0796875
1 0.46640625 0.44375 0.0453125 0.090625
1 0.39921875 0.87109375 0.1109375 0.24296875
1 0.60859375 0.50703125 0.04375 0.08671875
1 0.58359375 0.61796875 0.0453125 0.09765625
1 0.37265625 0.625 0.0546875 0.1046875
1 0.29375 0.25546875 0.04765625 0.08359375
1 0.6921875 0.26796875 0.04140625 0.0796875
1 0.52734375 0.43515625 0.0453125 0.08671875
1 0.2953125 0.46953125 0.04375 0.08359375
1 0.6078125 0.38046875 0.03671875 0.0796875
1 0.60078125 0.771875 0.0546875 0.10859375
1 0.29375 0.771875 0.05234375 0.10859375
1 0.13046875 0.6359375 0.0609375 0.09765625
1 0.3828125 0.671875 0.0953125 0.19921875
1 0.2828125 0.64140625 0.05625 0.09453125
1 0.49921875 0.49609375 0.9890625 0.98515625
1 0.53828125 0.2609375 0.0453125 0.0796875
1 0.07578125 0.47109375 0.04375 0.08671875
1 0.871875 0.4796875 0.0390625 0.08359375
1 0.65 0.18671875 0.0390625 0.07578125
1 0.38359375 0.31875 0.03671875 0.07265625
1 0.8359375 0.69375 0.05 0.1046875
1 0.71015625 0.3640625 0.03671875 0.07578125
1 0.70078125 0.740625 0.05 0.11953125
1 0.403125 0.40234375 0.04140625 0.0796875
1 0.77421875 0.23515625 0.03515625 0.0796875
1 0.38359375 0.2171875 0.03671875 0.07265625
1 0.23515625 0.3765625 0.0390625 0.07265625
1 0.975 0.6796875 0.0453125 0.1046875
1 0.7671875 0.30078125 0.09140625 0.203125
1 0.90234375 0.19375 0.0390625 0.06875
1 0.4203125 0.11796875 0.03671875 0.07578125
1 0.58359375 0.6703125 0.10625 0.203125
1 0.6671875 0.6484375 0.06953125 0.10859375
1 0.93359375 0.57421875 0.0453125 0.1046875
1 0.2046875 0.28984375 0.0390625 0.0796875
1 0.2453125 0.78828125 0.04765625 0.090625
1 0.36171875 0.490625 0.04140625 0.08359375
1 0.97265625 0.42734375 0.0453125 0.09453125
1 0.84140625 0.58671875 0.04765625 0.09453125
1 0.61640625 0.27890625 0.0328125 0.07265625
1 0.2921875 0.68125 0.09375 0.18828125
1 0.77265625 0.4296875 0.04140625 0.08359375
1 0.125 0.25703125 0.04140625 0.0796875
1 0.16328125 0.81015625 0.0609375 0.1265625
1 0.5421875 0.353125 0.0328125 0.06875
1 0.13828125 0.69375 0.10625 0.2140625
1 0.76953125 0.759375 0.04375 0.09765625
1 0.14140625 0.16875 0.0390625 0.07578125
1 0.3171875 0.37890625 0.04375 0.07578125
1 0.29921875 0.853125 0.11484375 0.27890625
1 0.5046875 0.6234375 0.0953125 0.18125
1 0.3046875 0.5203125 0.08671875 0.18515625
1 0.60078125 0.5453125 0.10234375 0.16328125
1 0.95078125 0.31328125 0.0453125 0.08359375
1 0.596875 0.853125 0.08515625 0.27890625
1 0.38828125 0.25703125 0.071875 0.15234375
1 0.73828125 0.11796875 0.03671875 0.06875
1 0.7578125 0.4890625 0.10625 0.203125
1 0.70234375 0.4109375 0.09140625 0.1703125
1 0.61015625 0.42421875 0.09375 0.16640625
1 0.04921875 0.8515625 0.05859375 0.1015625
1 0.971875 0.1609375 0.0390625 0.08359375
1 0.86484375 0.30625 0.0390625 0.08359375
1 0.47734375 0.3390625 0.05859375 0.090625
1 0.5671875 0.17421875 0.03515625 0.0796875
1 0.10859375 0.09453125 0.03515625 0.07265625
1 0.61640625 0.1234375 0.03671875 0.07265625
1 0.91015625 0.84453125 0.0453125 0.09453125
1 0.90625 0.4078125 0.0390625 0.07578125
1 0.29453125 0.2953125 0.06328125 0.16328125
1 0.24765625 0.44375 0.0828125 0.20625
1 0.67421875 0.1015625 0.03515625 0.07265625
1 0.803125 0.1234375 0.0328125 0.06484375
1 0.28671875 0.09765625 0.0390625 0.07265625
1 0.46640625 0.25546875 0.08046875 0.1484375
1 0.69140625 0.3078125 0.078125 0.159375
1 0.53125 0.47109375 0.08046875 0.159375
1 0.38984375 0.35859375 0.08046875 0.15234375
1 0.2171875 0.6046875 0.1046875 0.203125
1 0.61328125 0.3203125 0.078125 0.16328125
1 0.7546875 0.61796875 0.08671875 0.1921875
1 0.06953125 0.1953125 0.03515625 0.07265625
1 0.81015625 0.3734375 0.05 0.10859375
1 0.02265625 0.43125 0.04140625 0.08671875
1 0.53828125 0.28984375 0.0671875 0.1453125
1 0.1796875 0.86953125 0.1109375 0.24609375
1 0.47421875 0.1453125 0.03515625 0.06484375
1 0.44375 0.671875 0.03046875 0.07578125
1 0.1578125 0.4640625 0.04140625 0.07265625
1 0.72265625 0.19921875 0.03671875 0.07265625
1 0.30234375 0.18671875 0.03046875 0.0546875
1 0.67578125 0.5 0.04375 0.08671875
1 0.3203125 0.4 0.07578125 0.1265625
1 0.32265625 0.03984375 0.0328125 0.0578125
1 0.9078125 0.046875 0.03671875 0.06484375
1 0.8140625 0.20078125 0.0328125 0.07578125
1 0.46875 0.51484375 0.08046875 0.23203125
1 0.36953125 0.07578125 0.03515625 0.06484375
1 0.0359375 0.16328125 0.03671875 0.0796875
1 0.36875 0.53046875 0.08046875 0.16328125
1 0.03671875 0.66328125 0.05234375 0.1015625
1 0.878125 0.12109375 0.03515625 0.07578125
1 0.21640625 0.14140625 0.03671875 0.0578125
1 0.18515625 0.06875 0.03515625 0.06484375
1 0.67578125 0.52890625 0.0828125 0.1453125
1 0.83828125 0.625 0.0890625 0.17734375
1 0.25 0.07265625 0.03046875 0.0578125
1 0.1 0.54375 0.1046875 0.23203125
1 0.83359375 0.8171875 0.09765625 0.3515625
1 0.01953125 0.30234375 0.0390625 0.08359375
1 0.36875 0.159375 0.0328125 0.06484375
1 0.56875 0.21953125 0.07578125 0.1703125
1 0.43203125 0.025 0.0359375 0.05
1 0.22421875 0.1921875 0.03515625 0.07265625
1 0.771875 0.85 0.0828125 0.2859375
1 0.121875 0.40234375 0.07421875 0.15234375
1 0.8828125 0.2515625 0.0953125 0.18515625
1 0.64140625 0.034375 0.03515625 0.06171875
1 0.178125 0.13203125 0.03046875 0.06171875
1 0.603125 0.04140625 0.0328125 0.06875
1 0.43046875 0.4546875 0.03515625 0.06875
1 0.02578125 0.54921875 0.04765625 0.09765625
1 0.3328125 0.26640625 0.03046875 0.0546875
1 0.94453125 0.77734375 0.10625 0.30078125
1 0.54140625 0.38203125 0.0828125 0.134375
1 0.94765625 0.0921875 0.0390625 0.06875
1 0.071875 0.8953125 0.10859375 0.1953125