0 0.753125 0.3828125 0.04375 0.07578125
0 0.43046875 0.2671875 0.01640625 0.0234375
0 0.64765625 0.2828125 0.02734375 0.0390625
0 0.509375 0.35546875 0.02734375 0.04453125
0 0.85234375 0.38125 0.04765625 0.06484375
0 0.6828125 0.2484375 0.02265625 0.03671875
0 0.71953125 0.2375 0.0203125 0.03515625
0 0.1796875 0.53046875 0.03125 0.05078125
0 0.42890625 0.38125 0.02734375 0.0375
0 0.91875 0.20546875 0.0234375 0.0390625
0 0.63984375 0.13046875 0.01875 0.02578125
0 0.08046875 0.6546875 0.0421875 0.0640625
0 0.58671875 0.35 0.0375 0.05234375
0 0.98125 0.2703125 0.03203125 0.05625
0 0.83671875 0.24765625 0.0265625 0.04140625
0 0.7484375 0.63125 0.0703125 0.1
0 0.6140625 0.2875 0.02265625 0.0375
0 0.4328125 0.3421875 0.02265625 0.03125
0 0.18828125 0.44140625 0.02265625 0.03359375
0 0.62578125 0.1625 0.0171875 0.025
0 0.1234375 0.665625 0.04296875 0.06875
0 0.565625 0.4375 0.0421875 0.05703125
0 0.0890625 0.41796875 0.01875 0.02578125
0 0.9078125 0.04375 0.0171875 0.0296875
0 0.2375 0.51875 0.03828125 0.0609375
0 0.56484375 0.14453125 0.01875 0.02578125
0 0.378125 0.2171875 0.01484375 0.0234375
0 0.2171875 0.4609375 0.028125 0.04453125
0 0.64609375 0.5171875 0.0671875 0.10546875
0 0.8328125 0.20625 0.0234375 0.0296875
0 0.57734375 0.26875 0.0203125 0.0296875
0 0.48125 0.37421875 0.028125 0.04296875
0 0.31328125 0.33203125 0.01640625 0.02578125
0 0.8859375 0.221875 0.0234375 0.040625
0 0.7765625 0.12265625 0.0203125 0.02890625
0 0.7984375 0.22578125 0.0234375 0.0375
0 0.6546875 0.25078125 0.02265625 0.0296875
0 0.565625 0.303125 0.02265625 0.03671875
0 0.2234375 0.3890625 0.0171875 0.025
0 0.04375 0.43046875 0.0171875 0.025
0 0.371875 0.38515625 0.0234375 0.0390625
0 0.3625 0.74765625 0.06875 0.10390625
0 0.14140625 0.4015625 0.015625 0.025
0 0.8984375 0.1375 0.0171875 0.025
0 0.63671875 0.34921875 0.0375 0.05234375
0 0.15703125 0.471875 0.0265625 0.040625
0 0.7046875 0.13515625 0.0171875 0.02578125
0 0.8703125 0.109375 0.0203125 0.03125
0 0.7421875 0.15 0.01953125 0.03125
0 0.0546875 0.52578125 0.03125 0.04921875
0 0.29765625 0.39921875 0.0203125 0.0328125
0 0.7453125 0.79921875 0.1078125 0.16171875
0 0.71796875 0.1671875 0.01875 0.0296875
0 0.94375 0.14296875 0.02265625 0.03671875
0 0.4546875 0.76875 0.0734375 0.11328125
0 0.946875 0.41328125 0.05 0.0765625
0 0.246875 0.36015625 0.01484375 0.025
0 0.4046875 0.4234375 0.0375 0.05078125
0 0.70234375 0.4125 0.0453125 0.05703125
0 0.45234375 0.1859375 0.01484375 0.021875
0 0.49375 0.43671875 0.0390625 0.0484375
0 0.571875 0.5296875 0.0609375 0.09921875
0 0.478125 0.50703125 0.04609375 0.07421875
0 0.03203125 0.61875 0.05078125 0.06875
0 0.96015625 0.5921875 0.07734375 0.146875
0 0.91328125 0.16796875 0.021875 0.03125
0 0.06953125 0.4234375 0.0171875 0.0296875
0 0.259375 0.44921875 0.028125 0.04453125
0 0.853125 0.1859375 0.0203125 0.03125
0 0.74296875 0.5375 0.065625 0.0640625
0 0.62734375 0.41015625 0.04375 0.0625
0 0.6109375 0.2515625 0.01953125 0.0234375
0 0.15859375 0.36796875 0.0125 0.01953125
0 0.30234375 0.2453125 0.01484375 0.021875
0 0.509375 0.2796875 0.01640625 0.025
0 0.315625 0.45078125 0.03046875 0.04453125
0 0.321875 0.2390625 0.01640625 0.021875
0 0.9734375 0.04375 0.02265625 0.0296875
0 0.34765625 0.240625 0.015625 0.0234375
0 0.6234375 0.21875 0.01875 0.02578125
0 0.4015625 0.359375 0.02265625 0.03671875
0 0.2640625 0.3421875 0.015625 0.02578125
0 0.13203125 0.54140625 0.02734375 0.046875
0 0.971875 0.18046875 0.02265625 0.0375
0 0.68984375 0.11015625 0.01875 0.025
0 0.49375 0.3109375 0.01875 0.0296875
0 0.66015625 0.14765625 0.01953125 0.0296875
0 0.4046875 0.4984375 0.05078125 0.08046875
0 0.7453125 0.2359375 0.02265625 0.0328125
0 0.7453125 0.30625 0.034375 0.04921875
0 0.284375 0.53125 0.0421875 0.06796875
0 0.18828125 0.36640625 0.015625 0.021875
0 0.296875 0.35625 0.01953125 0.0296875
0 0.88984375 0.178125 0.0203125 0.03125
0 0.0921875 0.3890625 0.0140625 0.01796875
0 0.78515625 0.16171875 0.021875 0.03125
0 0.45234375 0.31796875 0.0203125 0.03671875
0 0.54609375 0.28125 0.0203125 0.03125
0 0.39609375 0.2078125 0.01484375 0.025
0 0.13984375 0.43671875 0.02421875 0.0296875
0 0.9359375 0.096875 0.021875 0.0328125
0 0.48359375 0.26796875 0.01484375 0.0234375
0 0.8296875 0.32578125 0.0390625 0.046875
0 0.671875 0.9453125 0.140625 0.10703125
0 0.9578125 0.0828125 0.021875 0.03515625
0 0.53984375 0.38125 0.03125 0.05078125
0 0.009375 0.4421875 0.01875 0.0328125
0 0.99296875 0.1515625 0.0125 0.02734375
0 0.7625 0.18203125 0.01875 0.02890625
0 0.83046875 0.1640625 0.0203125 0.02578125
0 0.23203125 0.3421875 0.01484375 0.0234375
0 0.7828125 0.2859375 0.0328125 0.0484375
0 0.17109375 0.65390625 0.0484375 0.08046875
0 0.346875 0.346875 0.01875 0.0296875
0 0.325 0.39296875 0.01875 0.03125
0 0.25703125 0.409375 0.01953125 0.025
0 0.4828125 0.1671875 0.015625 0.01953125
0 0.2546875 0.284375 0.01484375 0.021875
0 0.4640625 0.26640625 0.01484375 0.021875
0 0.928125 0.29921875 0.0421875 0.0625
0 0.12265625 0.40546875 0.01640625 0.025
0 0.48125 0.209375 0.0171875 0.0234375
0 0.61015625 0.1515625 0.015625 0.025
0 0.66875 0.3296875 0.034375 0.05859375
0 0.1796875 0.3953125 0.0171875 0.021875
0 0.05390625 0.4671875 0.02265625 0.03359375
0 0.4640625 0.29140625 0.0171875 0.02578125
0 0.728125 0.21015625 0.0203125 0.025
0 0.28203125 0.3296875 0.01484375 0.02109375
0 0.384375 0.303125 0.015625 0.0234375
0 0.10078125 0.44296875 0.01953125 0.02578125
0 0.2796875 0.38828125 0.015625 0.02578125
0 0.12890625 0.36875 0.0140625 0.01796875
0 0.7046875 0.36796875 0.0375 0.0296875
0 0.09453125 0.5109375 0.0375 0.05078125
0 0.21875 0.41953125 0.0171875 0.02578125
0 0.2875 0.45 0.0265625 0.0453125
0 0.3640625 0.30625 0.01953125 0.0296875
0 0.603125 0.13046875 0.01640625 0.0234375
0 0.42734375 0.1953125 0.01484375 0.0234375
0 0.33359375 0.3171875 0.01484375 0.025
0 0.35078125 0.28046875 0.01484375 0.025
0 0.5234375 0.25703125 0.0171875 0.02734375
0 0.6828125 0.1421875 0.0203125 0.02890625
0 0.55 0.17265625 0.0171875 0.02734375
0 0.09609375 0.30546875 0.0125 0.0140625
0 0.384375 0.33125 0.01953125 0.0296875
0 0.409375 0.31875 0.01640625 0.025
0 0.0765625 0.39296875 0.01484375 0.01796875
0 0.2109375 0.36875 0.015625 0.01953125
0 0.7 0.2234375 0.0171875 0.0296875
0 0.44609375 0.2890625 0.01484375 0.0234375
0 0.00859375 0.40546875 0.0140625 0.01953125
0 0.33046875 0.55625 0.05 0.06875
0 0.05234375 0.3421875 0.0125 0.01796875
0 0.409375 0.2796875 0.01640625 0.021875
0 0.24296875 0.66953125 0.05546875 0.09375
0 0.2734375 0.26953125 0.0140625 0.02109375
0 0.63984375 0.20546875 0.01875 0.02578125
0 0.803125 0.0796875 0.01953125 0.025
0 0.53203125 0.33828125 0.021875 0.02890625
0 0.63203125 0.25078125 0.021875 0.0296875
0 0.346875 0.2046875 0.0140625 0.01953125
0 0.06875 0.33828125 0.0125 0.01796875
0 0.84140625 0.0921875 0.0203125 0.0328125
0 0.11796875 0.475 0.02421875 0.0375
0 0.5125 0.1796875 0.01640625 0.02578125
0 0.36328125 0.6609375 0.071875 0.0640625
0 0.0203125 0.35390625 0.01171875 0.015625
0 0.10546875 0.375 0.01171875 0.01796875
0 0.21953125 0.2875 0.0125 0.01953125
0 0.2625 0.3875 0.01875 0.025
0 0.8546875 0.478125 0.0765625 0.10546875
0 0.04375 0.4046875 0.01484375 0.01796875
0 0.06875 0.30625 0.0109375 0.01328125
0 0.1421875 0.36796875 0.01171875 0.0171875
0 0.28046875 0.2515625 0.0140625 0.01796875
0 0.20546875 0.28046875 0.0125 0.01953125
0 0.93984375 0.18125 0.01875 0.0328125
0 0.1328125 0.31875 0.0140625 0.01953125
0 0.0234375 0.40703125 0.015625 0.01953125
0 0.14453125 0.30546875 0.009375 0.0140625
0 0.1671875 0.3015625 0.009375 0.0171875
0 0.11875 0.38203125 0.0140625 0.0171875
0 0.0296875 0.28046875 0.009375 0.01171875
0 0.87890625 0.03046875 0.0171875 0.025
0 0.36796875 0.3421875 0.01875 0.02578125
0 0.08046875 0.2921875 0.0109375 0.0140625
0 0.696875 0.29921875 0.025 0.03671875
0 0.19375 0.2796875 0.0109375 0.0140625
0 0.53203125 0.30703125 0.0203125 0.03125
0 0.1046875 0.28046875 0.0109375 0.01171875
0 0.10859375 0.31875 0.01171875 0.0140625
0 0.11875 0.290625 0.0109375 0.0140625
0 0.08125 0.3421875 0.01171875 0.0171875
0 0.14453125 0.725 0.053125 0.0625
0 0.059375 0.3828125 0.0140625 0.02109375
0 0.67734375 0.2203125 0.01640625 0.01796875
0 0.00390625 0.3421875 0.0078125 0.01796875
0 0.0859375 0.46796875 0.025 0.0296875
0 0.84453125 0.96640625 0.103125 0.06484375
0 0.08125 0.3140625 0.0109375 0.015625
0 0.1796875 0.29765625 0.01171875 0.0171875
0 0.1203125 0.31796875 0.01171875 0.01796875
0 0.234375 0.26875 0.01171875 0.0171875
0 0.04375 0.28046875 0.00859375 0.01171875
0 0.0546875 0.2828125 0.009375 0.01328125
0 0.5046875 0.21015625 0.01640625 0.025
0 0.45703125 0.41171875 0.0296875 0.04921875
0 0.29765625 0.3234375 0.01484375 0.021875
0 0.5265625 0.16015625 0.01640625 0.0234375
0 0.2515625 0.2546875 0.0140625 0.0171875
0 0.1421875 0.2796875 0.0109375 0.01171875
0 0.196875 0.30078125 0.0140625 0.01796875
0 0.8640625 0.04921875 0.01953125 0.03125
0 0.065625 0.28046875 0.00859375 0.01171875
0 0.32890625 0.209375 0.0140625 0.01796875
0 0.0796875 0.3734375 0.01171875 0.0140625
0 0.540625 0.7171875 0.0546875 0.08828125
0 0.01796875 0.28046875 0.00859375 0.01171875
0 0.01640625 0.31875 0.009375 0.01171875
0 0.13046875 0.29296875 0.0109375 0.01328125
0 0.5921875 0.24765625 0.0171875 0.02578125
0 0.1796875 0.2796875 0.009375 0.01328125
0 0.3921875 0.26875 0.01484375 0.01953125
0 0.4671875 0.175 0.015625 0.025
0 0.23203125 0.3671875 0.01484375 0.01796875
0 0.859375 0.23828125 0.021875 0.0390625
0 0.31015625 0.3078125 0.01484375 0.01953125
0 0.4234375 0.2921875 0.01484375 0.021875
0 0.00390625 0.31796875 0.0078125 0.01328125
0 0.0921875 0.28046875 0.00859375 0.01171875
0 0.1546875 0.2796875 0.0109375 0.01171875
0 0.8015625 0.19375 0.021875 0.025
0 0.034375 0.30625 0.0109375 0.01328125
0 0.2453125 0.38828125 0.01640625 0.0234375
0 0.2171875 0.3296875 0.0140625 0.01796875
0 0.09609375 0.3421875 0.0125 0.01796875
0 0.98125 0.8609375 0.0359375 0.1890625
0 0.478125 0.33046875 0.02265625 0.02578125
0 0.71953125 0.3296875 0.021875 0.0328125
0 0.04296875 0.38203125 0.0140625 0.0171875
0 0.00390625 0.28046875 0.0078125 0.01171875
0 0.1546875 0.315625 0.0109375 0.0171875
0 0.41171875 0.20625 0.0125 0.01953125
0 0.175 0.5765625 0.0375 0.04140625
0 0.6234375 0.83515625 0.103125 0.1265625
0 0.0828125 0.271875 0.009375 0.01328125
0 0.36328125 0.2125 0.0140625 0.01796875
0 0.7078125 0.19765625 0.01953125 0.0234375
0 0.040625 0.32890625 0.01171875 0.0140625
0 0.58671875 0.15078125 0.01640625 0.0234375
0 0.77109375 0.0921875 0.01640625 0.0234375
0 0.03046875 0.31875 0.0109375 0.01171875
0 0.50703125 0.15546875 0.015625 0.01953125
0 0.0140625 0.38671875 0.0140625 0.01796875
0 0.009375 0.4984375 0.01875 0.040625
0 0.1578125 0.4046875 0.01640625 0.025
0 0.96875 0.1390625 0.0171875 0.02890625
0 0.2796875 0.296875 0.015625 0.0234375
0 0.99296875 0.45390625 0.01171875 0.0796875