0 0.25859375 0.2015625 0.025 0.03671875
0 0.37578125 0.21640625 0.028125 0.04140625
0 0.42734375 0.0375 0.0125 0.0234375
0 0.45703125 0.26953125 0.02734375 0.04453125
0 0.35625 0.5296875 0.04765625 0.06484375
0 0.34609375 0.05546875 0.01484375 0.025
0 0.771875 0.35546875 0.03203125 0.04453125
0 0.4734375 0.52890625 0.040625 0.05703125
0 0.56328125 0.3921875 0.034375 0.05078125
0 0.24140625 0.053125 0.01640625 0.0234375
0 0.92734375 0.14921875 0.01875 0.0296875
0 0.52265625 0.11796875 0.01640625 0.025
0 0.41484375 0.0984375 0.01953125 0.0296875
0 0.61953125 0.1109375 0.01640625 0.025
0 0.86875 0.0921875 0.01484375 0.01953125
0 0.7 0.40703125 0.0375 0.05078125
0 0.01875 0.09296875 0.02421875 0.0328125
0 0.575 0.26328125 0.03125 0.046875
0 0.08359375 0.0375 0.01875 0.02578125
0 0.1 0.18203125 0.0265625 0.0390625
0 0.9625 0.134375 0.01875 0.025
0 0.00703125 0.0171875 0.0140625 0.025
0 0.8703125 0.19296875 0.0171875 0.03125
0 0.31328125 0.06796875 0.01484375 0.0234375
0 0.540625 0.034375 0.01171875 0.01953125
0 0.9015625 0.08828125 0.015625 0.02109375
0 0.50390625 0.0609375 0.015625 0.021875
0 0.89609375 0.0515625 0.01484375 0.021875
0 0.32734375 0.28515625 0.03046875 0.04140625
0 0.4765625 0.10625 0.015625 0.025
0 0.68515625 0.0796875 0.01484375 0.0234375
0 0.72578125 0.0875 0.01484375 0.025
0 0.04765625 0.03125 0.015625 0.02578125
0 0.6828125 0.04296875 0.0140625 0.01796875
0 0.84296875 0.175 0.01875 0.0296875
0 0.2875 0.05390625 0.01484375 0.021875
0 0.9546875 0.09453125 0.01484375 0.021875
0 0.4515625 0.103125 0.015625 0.025
0 0.821875 0.0625 0.01484375 0.01796875
0 0.5296875 0.0671875 0.015625 0.021875
0 0.62890625 0.05078125 0.0140625 0.01796875
0 0.3796875 0.05390625 0.01484375 0.021875
0 0.89375 0.11640625 0.01484375 0.025
0 0.965625 0.00625 0.0125 0.0125
0 0.7625 0.0484375 0.01484375 0.0234375
0 0.46171875 0.04140625 0.01484375 0.02109375
0 0.87109375 0.1625 0.0171875 0.0234375
0 0.509375 0.0109375 0.0140625 0.01953125
0 0.290625 0.0296875 0.01484375 0.02109375
0 0.81484375 0.04296875 0.0125 0.01796875
0 0.82890625 0.10625 0.0171875 0.025
0 0.5796875 0.00625 0.0125 0.0125
0 0.99375 0.14765625 0.009375 0.025
0 0.615625 0.00625 0.01171875 0.01171875
0 0.903125 0.00625 0.0125 0.01171875
0 0.8453125 0.065625 0.0140625 0.01953125
0 0.63984375 0.00546875 0.0125 0.01015625
0 0.85703125 0.11953125 0.01484375 0.0234375
0 0.18984375 0.00625 0.0125 0.01171875
0 0.79609375 0.0796875 0.01484375 0.02109375
0 0.30546875 0.0296875 0.0125 0.01953125
0 0.49921875 0.57890625 0.03828125 0.05625
0 0.99296875 0.0125 0.01171875 0.025
0 0.534375 0.0875 0.01484375 0.0234375
0 0.009375 0.15703125 0.01875 0.02734375
0 0.79296875 0.1 0.0140625 0.01796875