0 0.4234375 0.01796875 0.021875 0.0359375
0 0.7046875 0.071875 0.02734375 0.040625
0 0.83203125 0.1015625 0.02734375 0.03671875
0 0.45 0.09375 0.02421875 0.0390625
0 0.746875 0.0859375 0.0265625 0.0390625
0 0.37890625 0.33046875 0.0375 0.04921875
0 0.63203125 0.05390625 0.0234375 0.0375
0 0.7015625 0.19140625 0.03515625 0.04921875
0 0.325 0.0859375 0.02265625 0.03359375
0 0.53671875 0.025 0.02421875 0.03671875
0 0.43125 0.41171875 0.0421875 0.06796875
0 0.34453125 0.1359375 0.0296875 0.0328125
0 0.90546875 0.171875 0.0296875 0.04140625
0 0.46171875 0.05703125 0.0203125 0.03359375
0 0.35 0.0671875 0.0203125 0.0328125
0 0.9859375 0.13125 0.025 0.04296875
0 0.36328125 0.10390625 0.02734375 0.03671875
0 0.56875 0.02421875 0.0203125 0.0296875
0 0.35078125 0.19921875 0.02734375 0.0390625
0 0.50234375 0.04453125 0.0203125 0.03671875
0 0.58671875 0.0484375 0.0203125 0.0328125
0 0.5140625 0.01171875 0.021875 0.0234375
0 0.92421875 0.86640625 0.090625 0.11875
0 0.37578125 0.275 0.03515625 0.04921875
0 0.3328125 0.00703125 0.01953125 0.0140625
0 0.58125 0.08125 0.02421875 0.03515625
0 0.828125 0.6171875 0.05625 0.08359375
0 0.98515625 0.54765625 0.021875 0.0328125
0 0.478125 0.58828125 0.01640625 0.0234375
0 0.48984375 0.00625 0.02265625 0.01171875
0 0.9328125 0.5734375 0.021875 0.025