0 0.134375 0.4125 0.03203125 0.0484375
0 0.0765625 0.3109375 0.0234375 0.03671875
0 0.01796875 0.4921875 0.0359375 0.05703125
0 0.7421875 0.18125 0.015625 0.025
0 0.41875 0.15390625 0.01484375 0.0234375
0 0.94140625 0.53203125 0.0453125 0.0640625
0 0.6203125 0.20546875 0.0203125 0.03125
0 0.5953125 0.40078125 0.0328125 0.04921875
0 0.71640625 0.43828125 0.0359375 0.0484375
0 0.3265625 0.20546875 0.021875 0.03125
0 0.1015625 0.3125 0.02734375 0.03671875
0 0.45234375 0.24375 0.01953125 0.03125
0 0.08828125 0.5640625 0.0421875 0.0546875
0 0.79375 0.71875 0.05078125 0.08359375
0 0.1578125 0.1828125 0.01484375 0.021875
0 0.353125 0.23671875 0.021875 0.03125
0 0.8453125 0.21796875 0.0203125 0.0296875
0 0.65 0.42265625 0.0296875 0.0484375
0 0.9578125 0.09140625 0.0140625 0.02109375
0 0.7796875 0.171875 0.01640625 0.02890625
0 0.66328125 0.21640625 0.021875 0.03359375
0 0.8078125 0.0796875 0.0125 0.0171875
0 0.78671875 0.4125 0.0359375 0.04921875
0 0.73125 0.7828125 0.0546875 0.08828125
0 0.2921875 0.3140625 0.02734375 0.03359375
0 0.9125 0.20625 0.01953125 0.0296875
0 0.38203125 0.26171875 0.01953125 0.02578125
0 0.64921875 0.16875 0.01640625 0.025
0 0.7703125 0.0953125 0.01171875 0.01796875
0 0.9125 0.0890625 0.0125 0.01953125
0 0.01953125 0.2375 0.0234375 0.0296875
0 0.71171875 0.1625 0.01875 0.025
0 0.82890625 0.28671875 0.021875 0.03125
0 0.165625 0.15546875 0.01484375 0.01953125
0 0.88984375 0.1109375 0.0140625 0.0234375
0 0.5125 0.19296875 0.0171875 0.02578125
0 0.009375 0.2015625 0.0171875 0.025
0 0.5171875 0.11796875 0.01171875 0.0171875
0 0.4953125 0.11875 0.0109375 0.01796875
0 0.665625 0.11328125 0.01171875 0.01796875
0 0.48359375 0.19921875 0.01484375 0.0234375
0 0.84375 0.07265625 0.0140625 0.01796875
0 0.7078125 0.0921875 0.01171875 0.01796875
0 0.5609375 0.08515625 0.009375 0.0140625
0 0.15546875 0.11875 0.0140625 0.01796875
0 0.3078125 0.08125 0.0109375 0.0140625
0 0.05234375 0.0828125 0.0109375 0.0140625
0 0.98125 0.05625 0.0140625 0.01796875
0 0.20234375 0.06875 0.00859375 0.01171875
0 0.31640625 0.09296875 0.009375 0.01171875
0 0.8703125 0.109375 0.0125 0.01796875
0 0.04765625 0.1546875 0.0140625 0.01796875
0 0.90703125 0.12265625 0.0140625 0.0234375
0 0.6921875 0.0703125 0.009375 0.015625
0 0.228125 0.06875 0.009375 0.01171875
0 0.88359375 0.0734375 0.0140625 0.0171875
0 0.57734375 0.08515625 0.009375 0.0140625
0 0.475 0.228125 0.01640625 0.025
0 0.275 0.28671875 0.02421875 0.03125
0 0.5421875 0.11875 0.009375 0.0171875
0 0.66953125 0.06953125 0.0109375 0.0140625
0 0.384375 0.0703125 0.0109375 0.015625
0 0.77890625 0.05625 0.0109375 0.0171875
0 0.14140625 0.09296875 0.009375 0.01171875
0 0.16640625 0.0921875 0.0109375 0.01171875
0 0.740625 0.07265625 0.01171875 0.015625
0 0.03203125 0.05625 0.009375 0.01328125
0 0.9859375 0.0921875 0.015625 0.0234375
0 0.70703125 0.13046875 0.0140625 0.01796875
0 0.99375 0.01640625 0.009375 0.01953125
0 0.15546875 0.09296875 0.0109375 0.01171875
0 0.20234375 0.2 0.01484375 0.01953125
0 0.7546875 0.0796875 0.009375 0.0171875
0 0.2375 0.06171875 0.00703125 0.01171875
0 0.95546875 0.0296875 0.0109375 0.01796875
0 0.1453125 0.06875 0.00859375 0.01015625
0 0.03203125 0.0796875 0.00859375 0.0078125
0 0.29609375 0.06875 0.0109375 0.01171875
0 0.7671875 0.0796875 0.01171875 0.015625
0 0.0046875 0.08046875 0.00859375 0.01328125
0 0.26640625 0.05546875 0.009375 0.01171875
0 0.128125 0.10390625 0.0109375 0.01328125
0 0.03046875 0.10390625 0.0109375 0.01015625
0 0.72890625 0.05625 0.0109375 0.0171875
0 0.6796875 0.13046875 0.01171875 0.01796875
0 0.1546875 0.06875 0.0078125 0.01171875
0 0.2625 0.0875 0.00859375 0.01328125
0 0.23125 0.103125 0.00859375 0.01171875
0 0.68125 0.0828125 0.0109375 0.0171875
0 0.04375 0.05546875 0.00859375 0.01171875
0 0.05546875 0.0546875 0.00859375 0.0078125
0 0.12890625 0.06875 0.0078125 0.01015625
0 0.10546875 0.06875 0.0078125 0.0078125
0 0.7453125 0.05625 0.009375 0.0140625
0 0.5328125 0.10625 0.0109375 0.0140625
0 0.60859375 0.07265625 0.0109375 0.015625
0 0.25625 0.0421875 0.00703125 0.009375
0 0.94453125 0.025 0.01171875 0.0171875
0 0.4015625 0.1296875 0.015625 0.021875
0 0.04140625 0.09296875 0.0109375 0.01171875
0 0.16796875 0.06796875 0.0078125 0.0078125
0 0.01796875 0.0796875 0.00859375 0.01171875
0 0.4046875 0.22421875 0.0140625 0.01796875
0 0.1859375 0.109375 0.0109375 0.015625
0 0.79375 0.07890625 0.009375 0.0140625
0 0.1171875 0.06875 0.0078125 0.01015625
0 0.80234375 0.1015625 0.0125 0.01796875
0 0.8703125 0.0765625 0.0109375 0.0171875
0 0.2421875 0.0921875 0.009375 0.01328125
0 0.10625 0.0796875 0.00859375 0.01171875
0 0.0203125 0.1046875 0.009375 0.01171875
0 0.10546875 0.05625 0.0078125 0.0078125
0 0.640625 0.1390625 0.01171875 0.0171875
0 0.628125 0.1046875 0.0109375 0.01171875
0 0.16328125 0.03671875 0.0078125 0.0078125
0 0.825 0.07421875 0.0109375 0.01796875
0 0.21953125 0.1046875 0.00859375 0.01171875
0 0.0859375 0.06171875 0.0078125 0.01171875
0 0.09453125 0.08125 0.00859375 0.01171875