0 0.5578125 0.9515625 0.059375 0.0875
0 0.37265625 0.63125 0.01640625 0.025
0 0.4171875 0.9578125 0.0546875 0.08203125
0 0.5234375 0.7109375 0.03125 0.0390625
0 0.3328125 0.66328125 0.02265625 0.0328125
0 0.7796875 0.6171875 0.015625 0.02578125
0 0.440625 0.6109375 0.01640625 0.0234375
0 0.190625 0.75390625 0.034375 0.0546875
0 0.23671875 0.81796875 0.04765625 0.0703125
0 0.51171875 0.76796875 0.0390625 0.0625
0 0.42734375 0.70078125 0.028125 0.04140625
0 0.60390625 0.603125 0.01484375 0.025
0 0.30234375 0.775 0.04375 0.05859375
0 0.103125 0.66796875 0.02734375 0.03671875
0 0.3046875 0.62578125 0.0171875 0.02734375
0 0.8515625 0.63671875 0.021875 0.03125
0 0.81953125 0.73828125 0.02734375 0.04140625
0 0.359375 0.725 0.0375 0.05625
0 0.0203125 0.84140625 0.03984375 0.078125
0 0.39140625 0.6734375 0.0234375 0.03671875
0 0.071875 0.784375 0.0390625 0.05078125
0 0.8765625 0.603125 0.0171875 0.02734375
0 0.20234375 0.63203125 0.0171875 0.025
0 0.74375 0.7 0.0203125 0.0328125
0 0.41328125 0.65 0.021875 0.0296875
0 0.06328125 0.675 0.02734375 0.0375
0 0.1078125 0.7125 0.0359375 0.04453125
0 0.91328125 0.6671875 0.03515625 0.0484375
0 0.06328125 0.6390625 0.021875 0.03125
0 0.8140625 0.58828125 0.01484375 0.02109375
0 0.58046875 0.6234375 0.01640625 0.025
0 0.27421875 0.6921875 0.028125 0.040625
0 0.28671875 0.63515625 0.01875 0.02578125
0 0.3234375 0.63125 0.015625 0.025
0 0.34921875 0.62421875 0.01484375 0.025
0 0.47109375 0.60703125 0.0125 0.0234375
0 0.75078125 0.63203125 0.01953125 0.0296875
0 0.38125 0.59375 0.0125 0.01796875
0 0.76875 0.7359375 0.0265625 0.04453125
0 0.7796875 0.66171875 0.025 0.03671875
0 0.696875 0.63125 0.0203125 0.0296875
0 0.2640625 0.6140625 0.015625 0.021875
0 0.7984375 0.61171875 0.0171875 0.02578125
0 0.5375 0.62578125 0.01640625 0.025
0 0.8578125 0.7 0.0265625 0.04296875
0 0.4390625 0.65390625 0.0234375 0.03671875
0 0.3703125 0.609375 0.0140625 0.01796875
0 0.5984375 0.6375 0.021875 0.0328125
0 0.48515625 0.6125 0.015625 0.025
0 0.57734375 0.5953125 0.0140625 0.02109375
0 0.5140625 0.6015625 0.015625 0.0234375
0 0.6203125 0.59296875 0.0140625 0.01953125
0 0.84453125 0.60390625 0.01484375 0.02109375
0 0.42265625 0.60625 0.015625 0.025
0 0.29375 0.5921875 0.01171875 0.0140625
0 0.55 0.65078125 0.01953125 0.03359375
0 0.1546875 0.6671875 0.0234375 0.04296875
0 0.828125 0.59765625 0.01171875 0.02109375
0 0.77265625 0.98046875 0.0546875 0.03671875
0 0.70234375 0.59453125 0.0125 0.021875
0 0.75625 0.58203125 0.0125 0.02109375
0 0.40078125 0.6 0.01484375 0.025
0 0.78359375 0.58203125 0.0125 0.01796875
0 0.475 0.6546875 0.02265625 0.03515625
0 0.55546875 0.6015625 0.01484375 0.02109375
0 0.2140625 0.6125 0.015625 0.01953125
0 0.540625 0.59765625 0.0140625 0.02109375
0 0.32734375 0.60078125 0.0140625 0.01953125
0 0.0734375 0.9453125 0.1296875 0.10703125
0 0.6890625 0.603125 0.01484375 0.021875
0 0.00625 0.69453125 0.01171875 0.0484375
0 0.5328125 0.55625 0.0109375 0.01328125
0 0.26328125 0.95390625 0.13984375 0.08984375
0 0.4796875 0.57890625 0.009375 0.0140625
0 0.2140625 0.66171875 0.0234375 0.03125
0 0.609375 0.67890625 0.025 0.03515625
0 0.71953125 0.6296875 0.0171875 0.0296875
0 0.57890625 0.56875 0.0109375 0.01328125
0 0.728125 0.59296875 0.0125 0.01953125
0 0.8640625 0.66328125 0.01953125 0.02734375
0 0.50703125 0.56875 0.009375 0.01171875
0 0.35625 0.5796875 0.0109375 0.0140625
0 0.4546875 0.5765625 0.009375 0.015625
0 0.34453125 0.596875 0.0125 0.0171875
0 0.5921875 0.5796875 0.0109375 0.0140625
0 0.1203125 0.6328125 0.01875 0.0234375
0 0.44140625 0.58125 0.009375 0.0140625
0 0.1890625 0.7046875 0.0234375 0.02734375
0 0.690625 0.5765625 0.0109375 0.015625
0 0.80546875 0.56875 0.00859375 0.01328125
0 0.79375 0.56640625 0.0078125 0.01328125
0 0.6703125 0.56875 0.0109375 0.0140625
0 0.540625 0.575 0.01171875 0.0171875
0 0.67109375 0.5921875 0.0125 0.02109375
0 0.8703125 0.575 0.0109375 0.0171875
0 0.81328125 0.70546875 0.028125 0.03125
0 0.23359375 0.68203125 0.025 0.04140625
0 0.49296875 0.56796875 0.00859375 0.01328125
0 0.60625 0.8 0.0421875 0.07421875
0 0.36875 0.58828125 0.0109375 0.015625
0 0.32109375 0.58125 0.01171875 0.0140625
0 0.28671875 0.609375 0.0125 0.01796875
0 0.74375 0.55546875 0.00703125 0.01171875
0 0.7796875 0.5671875 0.00859375 0.01171875
0 0.73125 0.5671875 0.00859375 0.0140625
0 0.81953125 0.565625 0.0078125 0.01171875
0 0.83359375 0.57578125 0.0109375 0.015625
0 0.18828125 0.615625 0.01484375 0.02109375
0 0.40703125 0.5765625 0.009375 0.0140625
0 0.76796875 0.56796875 0.00859375 0.01328125
0 0.8546875 0.5765625 0.0109375 0.015625
0 0.93046875 0.58203125 0.01640625 0.0234375
0 0.740625 0.584375 0.01171875 0.01796875
0 0.7703125 0.59296875 0.0140625 0.01953125
0 0.75625 0.565625 0.00859375 0.01171875
0 0.52421875 0.57421875 0.00859375 0.01328125
0 0.56953125 0.67265625 0.01953125 0.0328125
0 0.35859375 0.59453125 0.01171875 0.0171875
0 0.42734375 0.56875 0.00859375 0.01171875
0 0.41875 0.58046875 0.00859375 0.01328125
0 0.46796875 0.56875 0.00703125 0.01171875
0 0.26484375 0.59296875 0.0109375 0.0140625
0 0.1640625 0.6171875 0.015625 0.0234375
0 0.59453125 0.5640625 0.009375 0.01328125
0 0.46796875 0.55546875 0.00703125 0.01171875
0 0.4296875 0.58125 0.009375 0.0140625
0 0.55546875 0.56640625 0.00859375 0.01328125
0 0.80546875 0.55546875 0.00703125 0.01171875
0 0.128125 0.65546875 0.02265625 0.025
0 0.7171875 0.56875 0.009375 0.01328125
0 0.38984375 0.5765625 0.0109375 0.0140625
0 0.55546875 0.58203125 0.0109375 0.015625
0 0.48125 0.55546875 0.00703125 0.01171875
0 0.44296875 0.56796875 0.00703125 0.01328125
0 0.83046875 0.55625 0.00703125 0.01328125
0 0.228125 0.63671875 0.01875 0.0234375
0 0.3875 0.56171875 0.0078125 0.01171875
0 0.8421875 0.5671875 0.00859375 0.01171875
0 0.5234375 0.66796875 0.021875 0.03125
0 0.85625 0.55546875 0.00703125 0.01171875
0 0.56640625 0.56875 0.009375 0.01328125
0 0.23046875 0.60625 0.01171875 0.0171875
0 0.46796875 0.58125 0.0109375 0.0140625
0 0.50625 0.54296875 0.00703125 0.0078125
0 0.3078125 0.5984375 0.01171875 0.0171875
0 0.71875 0.5421875 0.0078125 0.01171875
0 0.56796875 0.5546875 0.00703125 0.01015625
0 0.3671875 0.5671875 0.0078125 0.01171875
0 0.27109375 0.6578125 0.01875 0.02109375
0 0.07734375 0.725 0.03046875 0.04296875
0 0.6828125 0.55546875 0.0078125 0.01171875
0 0.45546875 0.55625 0.00703125 0.01171875
0 0.4046875 0.55546875 0.0078125 0.01171875
0 0.86796875 0.55546875 0.00703125 0.01171875
0 0.7953125 0.58203125 0.0109375 0.015625
0 0.6046875 0.5796875 0.009375 0.0140625
0 0.6203125 0.63125 0.01953125 0.0296875
0 0.7078125 0.571875 0.00859375 0.0140625
0 0.67734375 0.61875 0.01484375 0.0234375
0 0.71796875 0.55625 0.00703125 0.01171875
0 0.7046875 0.5421875 0.0078125 0.01171875
0 0.41796875 0.55625 0.0078125 0.01171875
0 0.178125 0.6359375 0.01875 0.025
0 0.3640625 0.6796875 0.01953125 0.02578125
0 0.49296875 0.54296875 0.00703125 0.0078125
0 0.76796875 0.54296875 0.00703125 0.0078125
0 0.73125 0.54375 0.00703125 0.00625
0 0.690625 0.55546875 0.00859375 0.01171875
0 0.65546875 0.56953125 0.00703125 0.0140625
0 0.74296875 0.54375 0.00625 0.00625
0 0.2484375 0.63125 0.0171875 0.025
0 0.79375 0.54375 0.00625 0.00625
0 0.48125 0.54375 0.00703125 0.00625
0 0.39453125 0.6359375 0.015625 0.021875
0 0.0921875 0.84453125 0.059375 0.0640625
0 0.15625 0.6 0.0140625 0.01953125
0 0.70546875 0.55625 0.00859375 0.01171875
0 0.45703125 0.54453125 0.0078125 0.0078125
0 0.8296875 0.54375 0.00625 0.00625
0 0.68125 0.56875 0.00703125 0.01328125
0 0.40625 0.54375 0.0078125 0.00625
0 0.75625 0.54296875 0.00625 0.0078125
0 0.84296875 0.54296875 0.00703125 0.0078125
0 0.86796875 0.5296875 0.00625 0.0078125
0 0.325 0.71953125 0.0265625 0.05078125
0 0.69375 0.54296875 0.00703125 0.0078125
0 0.2484375 0.60546875 0.0125 0.01796875
0 0.46796875 0.54375 0.00703125 0.00625
0 0.659375 0.59296875 0.0109375 0.01953125
0 0.54375 0.55625 0.0078125 0.01171875