0 0.05546875 0.48671875 0.0421875 0.0625
0 0.3109375 0.3859375 0.03125 0.053125
0 0.1203125 0.46015625 0.03828125 0.05859375
0 0.68671875 0.5875 0.0421875 0.06875
0 0.9640625 0.24375 0.0203125 0.02578125
0 0.57109375 0.38515625 0.03125 0.04921875
0 0.16875 0.0484375 0.015625 0.025
0 0.5921875 0.29453125 0.02734375 0.04140625
0 0.49375 0.4 0.0359375 0.05625
0 0.5921875 0.7875 0.0484375 0.07421875
0 0.35 0.3546875 0.03203125 0.0484375
0 0.8296875 0.2984375 0.021875 0.0328125
0 0.35234375 0.06953125 0.0140625 0.021875
0 0.54765625 0.30625 0.0296875 0.04453125
0 0.27734375 0.41015625 0.0390625 0.05703125
0 0.0296875 0.01796875 0.015625 0.02578125
0 0.28203125 0.128125 0.0171875 0.025
0 0.796875 0.38671875 0.0296875 0.04453125
0 0.81015625 0.28203125 0.02265625 0.0328125
0 0.653125 0.46796875 0.03828125 0.05625
0 0.40546875 0.021875 0.0140625 0.01796875
0 0.53359375 0.8765625 0.0734375 0.1171875
0 0.60625 0.0765625 0.01484375 0.02109375
0 0.01953125 0.209375 0.02734375 0.03671875
0 0.19609375 0.0296875 0.0140625 0.0234375
0 0.18828125 0.07578125 0.0171875 0.02578125
0 0.05546875 0.18046875 0.02421875 0.0375
0 0.759375 0.14453125 0.0140625 0.0234375
0 0.13125 0.11953125 0.0203125 0.03125
0 0.075 0.15078125 0.0234375 0.03671875
0 0.9328125 0.19375 0.015625 0.025
0 0.70234375 0.4125 0.0359375 0.05625
0 0.22265625 0.01640625 0.0140625 0.021875
0 0.87578125 0.225 0.0171875 0.02578125
0 0.42890625 0.0296875 0.009375 0.0171875
0 0.07890625 0.0140625 0.015625 0.0234375
0 0.80546875 0.7640625 0.06953125 0.09375
0 0.8515625 0.36875 0.0328125 0.0484375
0 0.0484375 0.0703125 0.0171875 0.02890625
0 0.90703125 0.1625 0.01640625 0.025
0 0.1484375 0.0453125 0.015625 0.025
0 0.26796875 0.06015625 0.01484375 0.02109375
0 0.5578125 0.08828125 0.0125 0.02109375
0 0.8328125 0.13125 0.0140625 0.01953125
0 0.2765625 0.08046875 0.0140625 0.0234375
0 0.7359375 0.1984375 0.0171875 0.025
0 0.76484375 0.17421875 0.01875 0.02578125
0 0.44609375 0.084375 0.0140625 0.02109375
0 0.459375 0.04296875 0.01171875 0.01796875
0 0.88359375 0.19375 0.01484375 0.025
0 0.19140625 0.1265625 0.0171875 0.02578125
0 0.903125 0.128125 0.0125 0.021875
0 0.225 0.1234375 0.01875 0.02578125
0 0.9328125 0.13125 0.0125 0.01953125
0 0.2359375 0.19375 0.01953125 0.03125
0 0.91015625 0.2 0.0171875 0.025
0 0.3234375 0.11875 0.015625 0.02578125
0 0.0859375 0.1953125 0.0234375 0.03671875
0 0.225 0.065625 0.01484375 0.025
0 0.45 0.14765625 0.01484375 0.025
0 0.325 0.0765625 0.01484375 0.0234375
0 0.30078125 0.0953125 0.015625 0.0234375
0 0.78203125 0.15078125 0.01484375 0.02109375
0 0.4578125 0.06875 0.0140625 0.01953125
0 0.28515625 0.1578125 0.0171875 0.02890625
0 0.42890625 0.14296875 0.01484375 0.02578125
0 0.3703125 0.0515625 0.01171875 0.01953125
0 0.30546875 0.025 0.0140625 0.01796875
0 0.81171875 0.17265625 0.01875 0.021875
0 0.65859375 0.1125 0.0125 0.01953125
0 0.8453125 0.21328125 0.0171875 0.02578125
0 0.71796875 0.1046875 0.0125 0.01953125
0 0.6578125 0.2046875 0.02265625 0.0296875
0 0.17109375 0.0125 0.0140625 0.01953125
0 0.2859375 0.06171875 0.0140625 0.01953125
0 0.634375 0.0421875 0.01171875 0.0171875
0 0.12265625 0.0203125 0.01484375 0.021875
0 0.83125 0.259375 0.01953125 0.0296875
0 0.88203125 0.10390625 0.01171875 0.015625
0 0.81328125 0.228125 0.01953125 0.02734375
0 0.5921875 0.025 0.0109375 0.0171875
0 0.99453125 0.128125 0.00859375 0.021875
0 0.1234375 0.05625 0.0171875 0.02578125
0 0.65546875 0.05546875 0.0125 0.0171875
0 0.67734375 0.06796875 0.0125 0.01796875
0 0.7640625 0.03671875 0.009375 0.01328125
0 0.73125 0.03125 0.01171875 0.01796875
0 0.77109375 0.21640625 0.0203125 0.02890625
0 0.95234375 0.09375 0.0109375 0.01796875
0 0.25390625 0.00625 0.0140625 0.0125
0 0.78828125 0.0375 0.01171875 0.01796875
0 0.5125 0.06875 0.0125 0.01953125
0 0.628125 0.07578125 0.0140625 0.01796875
0 0.009375 0.01015625 0.015625 0.0203125
0 0.96796875 0.11875 0.0140625 0.01796875
0 0.52890625 0.01875 0.0109375 0.0171875
0 0.32734375 0.0515625 0.0125 0.01953125
0 0.7171875 0.04453125 0.0109375 0.015625
0 0.55390625 0.02265625 0.009375 0.0171875
0 0.7734375 0.31875 0.025 0.03359375
0 0.42265625 0.05703125 0.0140625 0.02109375
0 0.3453125 0.0109375 0.0140625 0.0171875
0 0.24453125 0.096875 0.01484375 0.021875
0 0.403125 0.08828125 0.0140625 0.02109375
0 0.490625 0.0828125 0.01171875 0.021875
0 0.38203125 0.06796875 0.0140625 0.02109375
0 0.4953125 0.0578125 0.01171875 0.0171875
0 0.8421875 0.06875 0.01171875 0.01953125
0 0.28203125 0.01796875 0.01171875 0.01796875
0 0.85859375 0.15703125 0.0140625 0.021875
0 0.915625 0.24375 0.0171875 0.02734375
0 0.478125 0.03046875 0.0109375 0.0140625
0 0.7078125 0.00703125 0.01171875 0.0140625
0 0.56953125 0.021875 0.009375 0.015625
0 0.6890625 0.1296875 0.0140625 0.01953125
0 0.8890625 0.2671875 0.021875 0.03125
0 0.7453125 0.06875 0.01171875 0.01796875
0 0.61171875 0.04140625 0.0109375 0.01796875
0 0.90546875 0.1015625 0.0109375 0.015625
0 0.85859375 0.10625 0.0125 0.01953125
0 0.36796875 0.00625 0.0109375 0.01171875
0 0.38125 0.0265625 0.0109375 0.0171875
0 0.88125 0.1546875 0.01484375 0.01796875
0 0.42890625 0.00625 0.0140625 0.01171875
0 0.93828125 0.1125 0.01171875 0.01953125
0 0.346875 0.03125 0.0125 0.01796875
0 0.5578125 0.05703125 0.0109375 0.01796875
0 0.92890625 0.09453125 0.0140625 0.0171875
0 0.61796875 0.10078125 0.0125 0.0171875
0 0.40703125 0.0609375 0.0125 0.01796875
0 0.490625 0.0171875 0.01171875 0.01796875
0 0.671875 0.09375 0.01171875 0.01796875
0 0.978125 0.10390625 0.01171875 0.01796875
0 0.22265625 0.15703125 0.015625 0.025
0 0.9921875 0.65703125 0.0140625 0.0609375
0 0.115625 0.09375 0.01953125 0.03125
0 0.69140625 0.09921875 0.01171875 0.01796875
0 0.5921875 0.00703125 0.0109375 0.0140625
0 0.39453125 0.00625 0.0109375 0.0125
0 0.14296875 0.1640625 0.01875 0.02578125
0 0.95390625 0.18203125 0.015625 0.02109375
0 0.540625 0.04140625 0.01171875 0.01796875
0 0.32734375 0.00703125 0.0109375 0.0140625
0 0.61796875 0.00625 0.0109375 0.01171875
0 0.26328125 0.11875 0.01484375 0.0234375
0 0.70234375 0.0296875 0.0109375 0.0140625
0 0.97109375 0.1390625 0.0125 0.01796875
0 0.29609375 0.00703125 0.01171875 0.0140625
0 0.25390625 0.1546875 0.015625 0.025
0 0.734375 0.15546875 0.0140625 0.01953125
0 0.7671875 0.0796875 0.0109375 0.0171875
0 0.11796875 0.00546875 0.01484375 0.01015625
0 0.15546875 0.00625 0.0125 0.01171875
0 0.57890625 0.13671875 0.015625 0.01796875
0 0.99140625 0.15546875 0.01484375 0.01953125
0 0.67734375 0.0203125 0.0109375 0.0171875
0 0.4703125 0.04375 0.0109375 0.0171875
0 0.2078125 0.00625 0.0140625 0.01171875
0 0.603125 0.00625 0.01171875 0.01171875
0 0.68828125 0.0125 0.009375 0.0140625
0 0.6625 0.01171875 0.0109375 0.01796875
0 0.11015625 0.13203125 0.01484375 0.025
0 0.4671875 0.0046875 0.01171875 0.009375
0 0.7140625 0.35703125 0.0203125 0.02890625
0 0.99296875 0.253125 0.01171875 0.025