0 0.46953125 0.06953125 0.015625 0.025
0 0.5265625 0.1578125 0.0265625 0.04140625
0 0.6 0.2671875 0.028125 0.0484375
0 0.2328125 0.06875 0.015625 0.025
0 0.7984375 0.21640625 0.0296875 0.04921875
0 0.4328125 0.06640625 0.01640625 0.02578125
0 0.21796875 0.303125 0.03203125 0.04453125
0 0.4453125 0.26328125 0.0328125 0.046875
0 0.47734375 0.2125 0.025 0.04453125
0 0.3328125 0.3765625 0.0328125 0.04921875
0 0.296875 0.1921875 0.025 0.040625
0 0.975 0.08125 0.02265625 0.0375
0 0.15703125 0.24140625 0.0265625 0.040625
0 0.59453125 0.10546875 0.0234375 0.0390625
0 0.190625 0.06171875 0.01640625 0.0296875
0 0.32890625 0.05703125 0.015625 0.0234375
0 0.075 0.13671875 0.0203125 0.03125
0 0.3640625 0.1 0.01953125 0.0296875
0 0.484375 0.16796875 0.0234375 0.03671875
0 0.4328125 0.3671875 0.03828125 0.06015625
0 0.06953125 0.06171875 0.01953125 0.025
0 0.66875 0.28046875 0.03046875 0.0484375
0 0.4015625 0.146875 0.021875 0.03359375
0 0.92421875 0.07421875 0.02421875 0.03671875
0 0.0546875 0.36328125 0.04296875 0.05703125
0 0.934375 0.2484375 0.0359375 0.0546875
0 0.3140625 0.084375 0.0171875 0.02890625
0 0.66328125 0.0625 0.02265625 0.03125
0 0.284375 0.0984375 0.01640625 0.02734375
0 0.75546875 0.03671875 0.0203125 0.03671875
0 0.809375 0.05625 0.0203125 0.03515625
0 0.0578125 0.0859375 0.021875 0.02890625
0 0.34765625 0.046875 0.015625 0.0234375
0 0.6796875 0.01171875 0.01953125 0.0234375
0 0.3046875 0.06171875 0.015625 0.025
0 0.04375 0.00703125 0.0171875 0.0140625
0 0.94453125 0.02578125 0.021875 0.03671875
0 0.128125 0.0859375 0.01875 0.02578125
0 0.9703125 0.01484375 0.0203125 0.0296875
0 0.43125 0.01328125 0.01484375 0.0234375
0 0.0375 0.1390625 0.01875 0.03125
0 0.77734375 0.06171875 0.0234375 0.0375
0 0.47734375 0.0125 0.0171875 0.025
0 0.2109375 0.05546875 0.015625 0.025
0 0.71328125 0.00625 0.0203125 0.0125
0 0.0625 0.01015625 0.01875 0.0203125
0 0.01484375 0.25546875 0.0296875 0.04921875
0 0.1890625 0.01015625 0.015625 0.0203125
0 0.10078125 0.11640625 0.0171875 0.025
0 0.0046875 0.0125 0.00859375 0.025
0 0.81328125 0.0109375 0.01953125 0.021875
0 0.99453125 0.12265625 0.00859375 0.03359375
0 0.7796875 0.00625 0.0203125 0.01171875
0 0.45234375 0.01953125 0.01640625 0.02578125
0 0.134375 0.0359375 0.01640625 0.025
0 0.0453125 0.2046875 0.021875 0.0375
0 0.115625 0.00625 0.01875 0.01171875