0 0.5109375 0.0828125 0.0203125 0.0375
0 0.4671875 0.5640625 0.01875 0.03125
0 0.4953125 0.578125 0.0171875 0.03125
0 0.76484375 0.7125 0.0171875 0.03515625
0 0.353125 0.22734375 0.01640625 0.0328125
0 0.04765625 0.75625 0.0171875 0.03515625
0 0.94765625 0.87578125 0.0203125 0.0375
0 0.71875 0.4515625 0.0171875 0.03515625
0 0.3421875 0.296875 0.0171875 0.03125
0 0.83046875 0.71953125 0.01875 0.0328125
0 0.74921875 0.0171875 0.0171875 0.034375
0 0.88984375 0.92265625 0.01875 0.0328125
0 0.14296875 0.2078125 0.01875 0.0328125
0 0.37421875 0.5921875 0.0171875 0.03515625
0 0.3890625 0.2921875 0.0171875 0.0375
0 0.103125 0.90546875 0.0203125 0.0375
0 0.3203125 0.76484375 0.0171875 0.0375
0 0.45234375 0.86328125 0.01640625 0.03515625
0 0.03203125 0.5796875 0.0171875 0.03515625
0 0.38046875 0.16328125 0.01875 0.0375
0 0.4 0.553125 0.01875 0.03125
0 0.85 0.9 0.01953125 0.03515625
0 0.58515625 0.8421875 0.021875 0.03515625
0 0.79765625 0.72578125 0.0171875 0.0328125
0 0.42734375 0.253125 0.0203125 0.0375
0 0.2859375 0.9328125 0.0171875 0.0328125
0 0.36015625 0.01171875 0.0171875 0.0234375
0 0.771875 0.84453125 0.01953125 0.0375
0 0.7453125 0.28984375 0.02265625 0.0375
0 0.29921875 0.1140625 0.01875 0.0328125
0 0.6015625 0.5296875 0.015625 0.03515625
0 0.9078125 0.3671875 0.0203125 0.03515625
0 0.14296875 0.778125 0.0203125 0.0375
0 0.7328125 0.59765625 0.01484375 0.02734375
0 0.3546875 0.1625 0.015625 0.03125
0 0.85 0.83125 0.01875 0.0375
0 0.325 0.021875 0.01875 0.03125
0 0.478125 0.040625 0.01953125 0.03125
0 0.81484375 0.8953125 0.01875 0.0328125
0 0.41875 0.85546875 0.01953125 0.03125
0 0.071875 0.42890625 0.0171875 0.0328125
0 0.26484375 0.125 0.0171875 0.03125
0 0.3078125 0.2640625 0.01953125 0.03515625
0 0.225 0.165625 0.01640625 0.03515625
0 0.96953125 0.34765625 0.0203125 0.03515625
0 0.41875 0.70390625 0.01640625 0.0296875
0 0.946875 0.2078125 0.01953125 0.0375
0 0.1625 0.33984375 0.01875 0.0390625
0 0.69453125 0.5875 0.0171875 0.02734375
0 0.38125 0.38203125 0.01640625 0.0328125
0 0.353125 0.36328125 0.01875 0.0390625
0 0.66875 0.253125 0.0234375 0.0453125
0 0.28828125 0.6390625 0.01953125 0.0390625
0 0.92421875 0.6484375 0.01875 0.03125
0 0.4515625 0.7234375 0.021875 0.0375
0 0.00625 0.7421875 0.0125 0.03515625
0 0.065625 0.015625 0.0171875 0.03125
0 0.4171875 0.00703125 0.0171875 0.0140625
0 0.7796875 0.0125 0.01875 0.025
0 0.25703125 0.23828125 0.0171875 0.03125
0 0.51796875 0.40625 0.01875 0.03125
0 0.971875 0.7046875 0.0171875 0.03125
0 0.44375 0.53515625 0.01875 0.03515625
0 0.46953125 0.13203125 0.0203125 0.0328125
0 0.434375 0.584375 0.0171875 0.03125
0 0.3109375 0.4203125 0.01875 0.04296875
0 0.471875 0.6328125 0.01875 0.03125
0 0.253125 0.38984375 0.0203125 0.0375
0 0.42734375 0.64140625 0.01640625 0.0328125
0 0.140625 0.578125 0.0171875 0.03125
0 0.13125 0.40234375 0.01875 0.03125
0 0.2046875 0.3078125 0.0171875 0.0375
0 0.834375 0.3328125 0.01953125 0.0375
0 0.58671875 0.31328125 0.0203125 0.0375
0 0.1984375 0.1625 0.015625 0.03125
0 0.88125 0.8078125 0.01875 0.0328125
0 0.534375 0.159375 0.01640625 0.0328125
0 0.165625 0.584375 0.01875 0.03125
0 0.3984375 0.63125 0.01953125 0.03125
0 0.096875 0.60234375 0.0203125 0.0375
0 0.52421875 0.5109375 0.02265625 0.0375
0 0.2484375 0.65703125 0.01953125 0.0328125
0 0.85078125 0.759375 0.021875 0.03515625
0 0.1296875 0.2890625 0.0171875 0.03125
0 0.765625 0.98515625 0.0234375 0.025
0 0.56328125 0.82421875 0.02265625 0.0390625
0 0.26640625 0.9828125 0.0234375 0.03125
0 0.73125 0.796875 0.01875 0.02734375
0 0.4359375 0.046875 0.015625 0.02734375
0 0.62578125 0.60234375 0.0203125 0.0375
0 0.13046875 0.4515625 0.01484375 0.02734375
0 0.21953125 0.37109375 0.015625 0.03125
0 0.821875 0.09375 0.0203125 0.03515625
0 0.46328125 0.2578125 0.01640625 0.03125
0 0.8359375 0.61640625 0.01953125 0.0296875
0 0.70234375 0.325 0.01875 0.0328125
0 0.1140625 0.7265625 0.01953125 0.03125
0 0.00625 0.103125 0.0125 0.03515625
0 0.89921875 0.0828125 0.02265625 0.0375
0 0.17421875 0.53125 0.01640625 0.03125
0 0.9078125 0.8765625 0.0171875 0.03125
0 0.0265625 0.4578125 0.01875 0.0328125
0 0.6859375 0.6828125 0.0203125 0.0328125
0 0.4671875 0.48125 0.01953125 0.0375
0 0.2171875 0.5953125 0.01875 0.03125
0 0.8875 0.5984375 0.01875 0.0375
0 0.47109375 0.29609375 0.01484375 0.0296875
0 0.43828125 0.1421875 0.0171875 0.03125
0 0.259375 0.53125 0.0203125 0.03515625
0 0.5484375 0.3953125 0.01953125 0.0375
0 0.78203125 0.56953125 0.01953125 0.0328125
0 0.7171875 0.84375 0.02265625 0.0390625
0 0.046875 0.54375 0.0171875 0.0328125
0 0.32734375 0.98359375 0.025 0.0296875
0 0.56875 0.09453125 0.01875 0.0375
0 0.48515625 0.2046875 0.0171875 0.03125
0 0.05390625 0.04296875 0.0171875 0.03125
0 0.29609375 0.38671875 0.01640625 0.03125
0 0.071875 0.6375 0.01953125 0.0375
0 0.8125 0.8171875 0.0171875 0.0375
0 0.57109375 0.0296875 0.0171875 0.02734375
0 0.35859375 0.078125 0.0171875 0.03125
0 0.2765625 0.41875 0.01640625 0.0375
0 0.259375 0.790625 0.01953125 0.03515625
0 0.60625 0.03125 0.0171875 0.03125
0 0.0734375 0.94140625 0.0203125 0.04296875
0 0.321875 0.090625 0.0171875 0.0328125
0 0.50625 0.196875 0.01640625 0.03125
0 0.3421875 0.03828125 0.015625 0.0296875
0 0.79609375 0.33984375 0.0234375 0.04296875
0 0.415625 0.13125 0.0203125 0.04296875
0 0.4890625 0.71953125 0.01953125 0.0375
0 0.26484375 0.68125 0.01875 0.03125
0 0.678125 0.38359375 0.0203125 0.0375
0 0.55625 0.5953125 0.0171875 0.03125
0 0.4046875 0.0828125 0.0171875 0.0296875
0 0.228125 0.4234375 0.01875 0.03515625
0 0.25625 0.58125 0.01953125 0.025
0 0.36171875 0.79765625 0.0203125 0.0328125
0 0.73046875 0.68359375 0.01953125 0.03125
0 0.2953125 0.7078125 0.0203125 0.0375
0 0.17265625 0.41484375 0.015625 0.0328125
0 0.40703125 0.50625 0.0171875 0.03515625
0 0.16875 0.21015625 0.0171875 0.0328125
0 0.69140625 0.771875 0.0171875 0.03125
0 0.215625 0.5328125 0.01875 0.04296875
0 0.3734375 0.2703125 0.0171875 0.0328125
0 0.2625 0.48359375 0.0171875 0.0328125
0 0.81640625 0.00625 0.01953125 0.01171875
0 0.39609375 0.11015625 0.01875 0.0375
0 0.13984375 0.32109375 0.01640625 0.025