1 0.178125 0.71875 0.06640625 0.1296875
1 0.49921875 0.67578125 0.99453125 0.62734375
1 0.36640625 0.70703125 0.075 0.11640625
1 0.28828125 0.68515625 0.0546875 0.09453125
1 0.35234375 0.48671875 0.040625 0.0703125
1 0.5328125 0.90234375 0.09375 0.17265625
1 0.38828125 0.83671875 0.0859375 0.11640625
1 0.61640625 0.91328125 0.09140625 0.1515625
1 0.646875 0.5328125 0.04609375 0.07578125
1 0.4796875 0.49765625 0.0421875 0.06484375
1 0.296875 0.4484375 0.040625 0.059375
1 0.6546875 0.609375 0.04765625 0.078125
1 0.5140625 0.5515625 0.040625 0.06484375
1 0.715625 0.8609375 0.08046875 0.15390625
1 0.8359375 0.90234375 0.0828125 0.17265625
1 0.71796875 0.40546875 0.03125 0.05390625
1 0.45703125 0.58359375 0.05859375 0.09765625
1 0.2390625 0.9328125 0.159375 0.12421875
1 0.26796875 0.6109375 0.040625 0.08125
1 0.10703125 0.44609375 0.03828125 0.06484375
1 0.7984375 0.4125 0.0296875 0.05703125
1 0.1421875 0.86875 0.12265625 0.14296875
1 0.69375 0.58359375 0.0515625 0.08671875
1 0.7890625 0.75546875 0.0625 0.09453125
1 0.72265625 0.67265625 0.0515625 0.0921875
1 0.16796875 0.96640625 0.19296875 0.0625
1 0.884375 0.59453125 0.04765625 0.0703125
1 0.59296875 0.73359375 0.05859375 0.10546875
1 0.078125 0.7109375 0.071875 0.09765625
1 0.39921875 0.4703125 0.03515625 0.06484375
1 0.35703125 0.57265625 0.04921875 0.08125
1 0.959375 0.62734375 0.04765625 0.08125
1 0.04765625 0.9078125 0.08046875 0.1625
1 0.678125 0.7390625 0.0609375 0.0890625
1 0.95703125 0.5 0.03515625 0.0703125
1 0.5484375 0.49609375 0.03671875 0.0671875
1 0.06484375 0.6203125 0.05703125 0.078125
1 0.8828125 0.7015625 0.0515625 0.1
1 0.4640625 0.67265625 0.0625 0.08125
1 0.6890625 0.9625 0.18203125 0.0703125
1 0.571875 0.39296875 0.02734375 0.04609375
1 0.85390625 0.56640625 0.0421875 0.08359375
1 0.23046875 0.5984375 0.04921875 0.078125
1 0.8453125 0.78125 0.0640625 0.0921875
1 0.32734375 0.93515625 0.07890625 0.11875
1 0.728125 0.4921875 0.0328125 0.0703125
1 0.83046875 0.44453125 0.03515625 0.05703125
1 0.60078125 0.65390625 0.04921875 0.07578125
1 0.75234375 0.4421875 0.0328125 0.0625
1 0.4671875 0.95390625 0.1484375 0.08125
1 0.3953125 0.5921875 0.0421875 0.0703125
1 0.97734375 0.77734375 0.03828125 0.09453125
1 0.81796875 0.66875 0.04765625 0.0890625
1 0.1859375 0.4890625 0.0609375 0.06484375
1 0.5328125 0.65234375 0.04921875 0.08359375
1 0.51953125 0.49609375 0.040625 0.0625
1 0.0625 0.4671875 0.040625 0.059375
1 0.1734375 0.63671875 0.04609375 0.0625
1 0.440625 0.48515625 0.03671875 0.0625
1 0.32734375 0.43359375 0.03828125 0.0625
1 0.459375 0.859375 0.075 0.12421875
1 0.0265625 0.54609375 0.04609375 0.06484375
1 0.603125 0.5296875 0.04921875 0.08125
1 0.28203125 0.3875 0.03828125 0.040625
1 0.82578125 0.5078125 0.040625 0.059375
1 0.49609375 0.75 0.0640625 0.08359375
1 0.8015625 0.5484375 0.040625 0.06484375
1 0.05703125 0.790625 0.08046875 0.0890625
1 0.43125 0.43671875 0.040625 0.0515625
1 0.22734375 0.44296875 0.03671875 0.06484375
1 0.51171875 0.78125 0.06640625 0.10234375
1 0.79140625 0.5875 0.04609375 0.0515625
1 0.9140625 0.4390625 0.040625 0.0671875
1 0.309375 0.571875 0.053125 0.07265625
1 0.18203125 0.54609375 0.0546875 0.06484375
1 0.653125 0.43515625 0.03671875 0.0484375
1 0.159375 0.42265625 0.03671875 0.0515625
1 0.6359375 0.73515625 0.04609375 0.08125
1 0.49609375 0.69765625 0.071875 0.07578125
1 0.3171875 0.72265625 0.04765625 0.07265625
1 0.73828125 0.64296875 0.04609375 0.08125
1 0.67578125 0.48671875 0.03515625 0.0484375
1 0.90390625 0.4515625 0.03515625 0.05390625
1 0.59921875 0.4484375 0.0421875 0.06484375
1 0.01796875 0.46171875 0.0359375 0.0765625
1 0.47578125 0.4125 0.03125 0.04609375
1 0.57265625 0.69609375 0.0546875 0.09453125
1 0.94375 0.709375 0.04921875 0.1
1 0.7734375 0.3828125 0.053125 0.07265625
1 0.85390625 0.4421875 0.03515625 0.0625
1 0.02265625 0.71640625 0.0453125 0.0828125
1 0.79375 0.9390625 0.0859375 0.10546875
1 0.3671875 0.7109375 0.11015625 0.1625
1 0.7703125 0.39453125 0.0328125 0.05390625
1 0.4109375 0.55703125 0.04765625 0.07578125
1 0.77578125 0.6328125 0.04375 0.06484375
1 0.36640625 0.421875 0.0421875 0.059375
1 0.321875 0.6328125 0.053125 0.0921875
1 0.4453125 0.76484375 0.05703125 0.08671875
1 0.9171875 0.8984375 0.05859375 0.1109375
1 0.284375 0.7125 0.06953125 0.15390625
1 0.49921875 0.52734375 0.97578125 0.31875
1 0.1109375 0.51875 0.0609375 0.08671875
1 0.571875 0.39453125 0.0421875 0.0703125