0 0.5234375 0.275 0.0296875 0.04453125
0 0.8046875 0.3 0.0234375 0.03515625
0 0.45234375 0.2625 0.0265625 0.0375
0 0.14296875 0.1 0.01875 0.025
0 0.36328125 0.15703125 0.0171875 0.02734375
0 0.2703125 0.17421875 0.021875 0.02578125
0 0.7 0.41640625 0.03046875 0.04140625
0 0.23125 0.43828125 0.0359375 0.05078125
0 0.62578125 0.08203125 0.015625 0.0234375
0 0.8421875 0.046875 0.0140625 0.02109375
0 0.7109375 0.11875 0.0171875 0.02578125
0 0.80625 0.08046875 0.0171875 0.02578125
0 0.665625 0.4703125 0.03125 0.04453125
0 0.2390625 0.18125 0.021875 0.0296875
0 0.21796875 0.77421875 0.0609375 0.0875
0 0.4046875 0.2625 0.0265625 0.0375
0 0.53046875 0.65390625 0.04375 0.06484375
0 0.58515625 0.5484375 0.0390625 0.06015625
0 0.17890625 0.5109375 0.03984375 0.05625
0 0.6921875 0.09921875 0.01640625 0.0234375
0 0.7765625 0.325 0.025 0.0375
0 0.3625 0.9484375 0.0875 0.1
0 0.40078125 0.7421875 0.0515625 0.07578125
0 0.2515625 0.1265625 0.0203125 0.02578125
0 0.6640625 0.01796875 0.015625 0.01796875
0 0.03203125 0.11640625 0.015625 0.021875
0 0.8546875 0.1296875 0.0171875 0.02734375
0 0.33359375 0.11953125 0.01640625 0.0234375
0 0.7765625 0.1234375 0.01953125 0.02578125
0 0.81328125 0.04921875 0.01640625 0.02578125
0 0.8671875 0.0328125 0.0140625 0.02109375
0 0.6046875 0.1078125 0.015625 0.021875
0 0.0171875 0.3859375 0.0296875 0.04296875
0 0.59609375 0.04296875 0.0125 0.01796875
0 0.653125 0.1265625 0.01875 0.02890625
0 0.3390625 0.07890625 0.01484375 0.021875
0 0.353125 0.06640625 0.01484375 0.02109375
0 0.00625 0.1234375 0.01171875 0.02578125
0 0.85625 0.0828125 0.01875 0.025
0 0.0546875 0.11796875 0.01953125 0.025
0 0.63125 0.46953125 0.0203125 0.0328125
0 0.653125 0.08515625 0.01484375 0.021875
0 0.88046875 0.05078125 0.01484375 0.02109375
0 0.11484375 0.15703125 0.01875 0.025
0 0.4828125 0.0703125 0.015625 0.02109375
0 0.9828125 0.1078125 0.021875 0.02734375
0 0.95234375 0.05625 0.0171875 0.025
0 0.675 0.0625 0.01484375 0.0234375
0 0.978125 0.046875 0.01640625 0.0234375
0 0.3640625 0.0875 0.0171875 0.02734375
0 0.0953125 0.0171875 0.01484375 0.01953125
0 0.56796875 0.04453125 0.0125 0.02109375
0 0.8390625 0.2671875 0.01953125 0.0296875
0 0.91484375 0.08125 0.0171875 0.025
0 0.3171875 0.18125 0.02265625 0.0296875
0 0.0609375 0.3328125 0.03046875 0.040625
0 0.046875 0.38671875 0.0234375 0.03125
0 0.59453125 0.00625 0.01484375 0.01171875
0 0.571875 0.1 0.0203125 0.025
0 0.2453125 0.096875 0.01875 0.025
0 0.67578125 0.09765625 0.015625 0.0234375
0 0.9671875 0.00703125 0.01484375 0.0140625
0 0.759375 0.0125 0.0140625 0.01953125
0 0.45390625 0.00625 0.0140625 0.0125
0 0.17890625 0.2296875 0.02734375 0.03515625
0 0.91953125 0.11328125 0.0203125 0.02890625
0 0.45234375 0.0765625 0.015625 0.01953125
0 0.99140625 0.00625 0.0140625 0.0125
0 0.50546875 0.00625 0.0140625 0.0125
0 0.56484375 0.00625 0.0140625 0.0125
0 0.93515625 0.0546875 0.01640625 0.02109375
0 0.10859375 0.04375 0.0140625 0.01953125
0 0.6203125 0.00625 0.015625 0.01171875
0 0.69140625 0.021875 0.0140625 0.01796875
0 0.11328125 0.13046875 0.015625 0.0234375
0 0.69296875 0.0734375 0.01484375 0.01953125
0 0.73046875 0.0046875 0.0140625 0.009375
0 0.4234375 0.0734375 0.015625 0.01953125
0 0.3328125 0.05625 0.0140625 0.01953125
0 0.33046875 0.15 0.0203125 0.03125
0 0.4859375 0.0140625 0.015625 0.021875
0 0.31484375 0.11328125 0.01484375 0.0234375
0 0.49296875 0.0546875 0.01484375 0.01796875
0 0.99140625 0.025 0.01484375 0.021875
0 0.20234375 0.4125 0.028125 0.0390625
0 0.7109375 0.01796875 0.0140625 0.01796875
0 0.8328125 0.06796875 0.015625 0.0234375
0 0.43203125 0.05625 0.01484375 0.01796875
0 0.99453125 0.08671875 0.00859375 0.025
0 0.09765625 0.38046875 0.021875 0.03125
0 0.753125 0.3609375 0.0203125 0.03515625
0 0.63984375 0.0125 0.01484375 0.01953125
0 0.29453125 0.1078125 0.01484375 0.021875
0 0.17890625 0.00625 0.01484375 0.01171875
0 0.8703125 0.009375 0.015625 0.01875
0 0.90703125 0.01640625 0.015625 0.021875
0 0.4421875 0.04140625 0.01484375 0.01796875
0 0.46953125 0.0140625 0.0140625 0.015625
0 0.57734375 0.0171875 0.01484375 0.0140625
0 0.22109375 0.17265625 0.01875 0.025
0 0.6109375 0.03828125 0.0140625 0.01953125
0 0.4328125 0.00625 0.01484375 0.01171875
0 0.9015625 0.046875 0.015625 0.0234375