1 0.709375 0.56796875 0.078125 0.13203125
1 0.38515625 0.85234375 0.1015625 0.16953125
1 0.4890625 0.7109375 0.15 0.16328125
1 0.9234375 0.425 0.084375 0.12265625
1 0.74296875 0.82890625 0.1078125 0.15390625
1 0.49765625 0.4796875 0.9921875 0.95078125
1 0.4015625 0.421875 0.08125 0.125
1 0.5640625 0.58515625 0.090625 0.13359375
1 0.45078125 0.53046875 0.0828125 0.12734375
1 0.259375 0.4484375 0.08125 0.1203125
1 0.096875 0.88359375 0.103125 0.13828125
1 0.24296875 0.8546875 0.1171875 0.1828125
1 0.47734375 0.21875 0.0640625 0.08515625
1 0.33359375 0.49765625 0.0859375 0.1296875
1 0.4921875 0.82265625 0.090625 0.1359375
1 0.23203125 0.175 0.0734375 0.10078125
1 0.2125 0.60390625 0.09375 0.12734375
1 0.6375 0.403125 0.08125 0.12265625
1 0.159375 0.18515625 0.06875 0.10234375
1 0.74296875 0.18203125 0.0546875 0.09609375
1 0.87734375 0.54609375 0.0828125 0.1140625
1 0.2515625 0.6953125 0.1 0.1140625
1 0.41015625 0.315625 0.0609375 0.0828125
1 0.8515625 0.1171875 0.071875 0.10078125
1 0.640625 0.82578125 0.096875 0.13359375
1 0.06328125 0.23515625 0.0703125 0.09140625
1 0.30078125 0.62421875 0.0953125 0.13203125
1 0.61875 0.16328125 0.0625 0.11171875
1 0.5296875 0.90703125 0.1 0.09609375
1 0.95546875 0.57890625 0.0828125 0.12265625
1 0.6953125 0.20546875 0.06875 0.08515625
1 0.725 0.40703125 0.075 0.10078125
1 0.6109375 0.58515625 0.0625 0.13828125
1 0.84375 0.496875 0.084375 0.1359375
1 0.903125 0.85078125 0.090625 0.1203125
1 0.50625 0.31796875 0.065625 0.1046875
1 0.9171875 0.67109375 0.0875 0.140625
1 0.85390625 0.72109375 0.0890625 0.15625
1 0.16953125 0.784375 0.0921875 0.1453125
1 0.68828125 0.32890625 0.0734375 0.109375
1 0.69140625 0.10703125 0.0609375 0.08515625
1 0.84453125 0.4140625 0.0828125 0.08671875
1 0.62734375 0.434375 0.1109375 0.18515625
1 0.53984375 0.484375 0.0796875 0.11171875
1 0.56875 0.04921875 0.05 0.07578125
1 0.215625 0.39609375 0.08125 0.078125
1 0.79296875 0.3953125 0.0703125 0.0984375
1 0.77421875 0.77421875 0.1046875 0.13828125
1 0.12265625 0.721875 0.0859375 0.1359375
1 0.39140625 0.159375 0.0578125 0.078125
1 0.17421875 0.30390625 0.0734375 0.0890625
1 0.37109375 0.63359375 0.0671875 0.125
1 0.0953125 0.5359375 0.078125 0.13828125
1 0.7828125 0.3015625 0.075 0.08515625
1 0.89375 0.2578125 0.065625 0.08671875
1 0.04453125 0.59453125 0.0859375 0.15390625
1 0.73125 0.71015625 0.090625 0.125
1 0.15703125 0.37421875 0.0828125 0.1140625
1 0.284375 0.378125 0.071875 0.109375
1 0.94140625 0.22890625 0.0609375 0.09609375
1 0.834375 0.23671875 0.0625 0.07578125
1 0.56484375 0.8796875 0.1046875 0.14765625
1 0.12109375 0.096875 0.0546875 0.078125
1 0.6515625 0.70859375 0.078125 0.12734375
1 0.08125 0.096875 0.04375 0.0734375
1 0.5828125 0.26015625 0.078125 0.09140625
1 0.634375 0.88828125 0.071875 0.1296875
1 0.78046875 0.484375 0.0609375 0.0890625
1 0.3109375 0.25859375 0.071875 0.08515625
1 0.3484375 0.28984375 0.05625 0.10703125
1 0.08515625 0.42890625 0.0828125 0.0984375
1 0.08828125 0.31796875 0.0828125 0.11796875
1 0.03359375 0.13984375 0.0609375 0.078125
1 0.1875 0.48203125 0.08125 0.11640625
1 0.34140625 0.40078125 0.0765625 0.09140625
1 0.20078125 0.234375 0.0640625 0.08515625
1 0.525 0.11015625 0.059375 0.078125
1 0.046875 0.73984375 0.071875 0.1359375
1 0.67421875 0.53203125 0.0796875 0.11796875
1 0.37578125 0.07265625 0.0640625 0.078125
1 0.42734375 0.6171875 0.0890625 0.10078125
1 0.6140625 0.3359375 0.08125 0.10078125
1 0.48359375 0.425 0.0734375 0.10078125