0 0.75703125 0.65703125 0.0328125 0.053125
0 0.92734375 0.4359375 0.028125 0.03671875
0 0.73125 0.39296875 0.021875 0.03125
0 0.834375 0.24296875 0.0125 0.01953125
0 0.9640625 0.46953125 0.03125 0.0375
0 0.565625 0.3421875 0.0203125 0.0328125
0 0.7953125 0.40546875 0.0203125 0.0296875
0 0.63125 0.65703125 0.03984375 0.05859375
0 0.23125 0.63828125 0.034375 0.0546875
0 0.54375 0.35 0.0171875 0.02578125
0 0.95234375 0.62265625 0.04296875 0.0625
0 0.6390625 0.5375 0.03515625 0.0484375
0 0.70859375 0.4359375 0.0265625 0.0390625
0 0.6515625 0.428125 0.0234375 0.03359375
0 0.6140625 0.37890625 0.02265625 0.03671875
0 0.3390625 0.5609375 0.03203125 0.04921875
0 0.5234375 0.425 0.01953125 0.0296875
0 0.2765625 0.74453125 0.0390625 0.05703125
0 0.79765625 0.6953125 0.0453125 0.05703125
0 0.8640625 0.30625 0.0140625 0.0234375
0 0.1203125 0.4375 0.02265625 0.03125
0 0.50390625 0.3984375 0.0171875 0.02890625
0 0.3046875 0.51953125 0.0234375 0.0390625
0 0.99296875 0.28046875 0.01171875 0.01953125
0 0.78671875 0.43671875 0.0203125 0.0328125