0 0.91015625 0.49453125 0.0234375 0.03359375
0 0.98984375 0.35 0.01640625 0.02578125
0 0.09453125 0.48125 0.028125 0.04296875
0 0.55546875 0.31875 0.01640625 0.025
0 0.27890625 0.43125 0.02265625 0.03125
0 0.53515625 0.68125 0.03515625 0.053125
0 0.04375 0.50625 0.025 0.0375
0 0.46484375 0.4296875 0.0234375 0.03125
0 0.78203125 0.3453125 0.0234375 0.03125
0 0.45234375 0.39296875 0.021875 0.03125
0 0.9328125 0.4296875 0.0234375 0.03359375
0 0.4640625 0.76953125 0.03984375 0.06484375
0 0.6515625 0.43828125 0.025 0.0375
0 0.64296875 0.31328125 0.01484375 0.021875
0 0.334375 0.428125 0.0203125 0.03125
0 0.60625 0.43671875 0.0265625 0.0375
0 0.53203125 0.24921875 0.0125 0.01953125
0 0.83671875 0.30546875 0.01640625 0.025
0 0.7984375 0.3234375 0.0171875 0.025
0 0.73125 0.346875 0.0171875 0.025
0 0.8734375 0.4421875 0.01953125 0.0296875
0 0.4203125 0.43125 0.0171875 0.02734375
0 0.91171875 0.28046875 0.0125 0.01953125
0 0.73515625 0.29921875 0.015625 0.0234375
0 0.3703125 0.3875 0.0171875 0.0296875
0 0.3078125 0.44765625 0.0203125 0.02890625
0 0.7390625 0.4125 0.02734375 0.0375
0 0.8296875 0.484375 0.0234375 0.03359375
0 0.87578125 0.33515625 0.01875 0.0296875
0 0.36640625 0.42578125 0.01640625 0.0234375
0 0.37890625 0.4984375 0.02734375 0.03671875
0 0.5171875 0.3375 0.0140625 0.01953125
0 0.48125 0.3984375 0.01640625 0.0234375
0 0.96953125 0.30625 0.015625 0.0234375
0 0.9703125 0.3546875 0.01640625 0.01953125
0 0.41640625 0.39453125 0.01484375 0.0234375
0 0.7140625 0.865625 0.0578125 0.08359375
0 0.69140625 0.24375 0.009375 0.01328125
0 0.94140625 0.19453125 0.0078125 0.01171875
0 0.7453125 0.33203125 0.0140625 0.0234375
0 0.71953125 0.23046875 0.00859375 0.01328125
0 0.85859375 0.28046875 0.01484375 0.025
0 0.6265625 0.290625 0.0140625 0.0171875
0 0.99375 0.2046875 0.0109375 0.0140625
0 0.73046875 0.32421875 0.0140625 0.01796875
0 0.4671875 0.4640625 0.025 0.03515625
0 0.98203125 0.20625 0.0109375 0.0140625
0 0.825 0.44375 0.01875 0.02890625
0 0.53125 0.1546875 0.0078125 0.0078125
0 0.49296875 0.48203125 0.01484375 0.02578125
0 0.52578125 0.31328125 0.01484375 0.021875
0 0.4921875 0.19375 0.0078125 0.01171875
0 0.68046875 0.24453125 0.00703125 0.01015625
0 0.55546875 0.1546875 0.00703125 0.0078125
0 0.73125 0.18046875 0.00703125 0.01171875
0 0.5703125 0.23515625 0.009375 0.0171875
0 0.91875 0.19140625 0.00703125 0.01015625
0 0.42734375 0.5296875 0.03984375 0.05625