0 0.5765625 0.67890625 0.02109375 0.03359375
0 0.6609375 0.9546875 0.0234375 0.0375
0 0.8296875 0.43046875 0.0171875 0.03046875
0 0.8203125 0.640625 0.02109375 0.03984375
0 0.39296875 0.73515625 0.0265625 0.03984375
0 0.3046875 0.56875 0.02109375 0.0359375
0 0.4796875 0.41328125 0.02109375 0.03046875
0 0.60703125 0.44375 0.02109375 0.03046875
0 0.54921875 0.9515625 0.0265625 0.046875
0 0.5140625 0.61015625 0.0234375 0.0359375
0 0.3390625 0.51328125 0.01875 0.03359375
0 0.30234375 0.6515625 0.0203125 0.0359375
0 0.93203125 0.12890625 0.01875 0.028125
0 0.421875 0.46015625 0.02109375 0.03359375
0 0.44609375 0.8546875 0.02265625 0.0375
0 0.78046875 0.41875 0.02109375 0.03046875
0 0.490625 0.7578125 0.02109375 0.03984375
0 0.5171875 0.77890625 0.02265625 0.0375
0 0.70703125 0.6890625 0.0265625 0.04140625
0 0.59296875 0.9078125 0.0234375 0.0375
0 0.21171875 0.9578125 0.0234375 0.046875
0 0.6671875 0.42421875 0.02109375 0.03046875
0 0.784375 0.54609375 0.02109375 0.03984375
0 0.7109375 0.3078125 0.01875 0.0265625
0 0.8765625 0.58203125 0.0234375 0.03984375
0 0.80546875 0.77890625 0.0265625 0.04140625
0 0.8171875 0.57421875 0.0234375 0.0359375
0 0.575 0.57421875 0.02265625 0.0359375
0 0.89921875 0.37734375 0.02109375 0.03359375
0 0.6515625 0.6765625 0.0234375 0.03984375
0 0.8546875 0.43515625 0.0203125 0.03203125
0 0.6140625 0.86328125 0.0234375 0.03984375
0 0.2703125 0.54140625 0.02109375 0.04140625
0 0.27578125 0.621875 0.02109375 0.0359375
0 0.3765625 0.93515625 0.02109375 0.03984375
0 0.8640625 0.7375 0.02890625 0.04140625
0 0.70625 0.42109375 0.0203125 0.03359375
0 0.7296875 0.5234375 0.02109375 0.0359375
0 0.7390625 0.7375 0.0234375 0.0375
0 0.915625 0.39609375 0.02109375 0.03359375
0 0.3515625 0.57421875 0.0234375 0.03984375
0 0.77578125 0.89609375 0.0265625 0.04140625
0 0.2640625 0.9515625 0.0234375 0.04375
0 0.5265625 0.86640625 0.02109375 0.0453125
0 0.790625 0.61796875 0.02890625 0.0359375
0 0.4890625 0.91328125 0.02109375 0.0453125
0 0.62421875 0.64375 0.0234375 0.0375
0 0.34296875 0.39921875 0.01875 0.028125
0 0.7859375 0.66640625 0.0265625 0.0375
0 0.371875 0.39921875 0.02109375 0.03203125
0 0.2546875 0.78046875 0.02109375 0.03984375
0 0.58203125 0.49921875 0.02109375 0.03203125
0 0.7421875 0.89375 0.0234375 0.03984375
0 0.89453125 0.140625 0.01875 0.03203125
0 0.8015625 0.14921875 0.01875 0.03359375
0 0.43828125 0.5265625 0.0234375 0.03359375
0 0.41953125 0.36875 0.02109375 0.028125
0 0.8890625 0.19375 0.01875 0.028125
0 0.3359375 0.6546875 0.02265625 0.0453125
0 0.7453125 0.31640625 0.02109375 0.028125
0 0.9421875 0.47421875 0.01875 0.0359375
0 0.2671875 0.81875 0.0234375 0.0375
0 0.3171875 0.71015625 0.0234375 0.0359375
0 0.3796875 0.5578125 0.01875 0.0359375
0 0.809375 0.42109375 0.01875 0.03359375
0 0.46328125 0.59609375 0.02109375 0.0375
0 0.415625 0.5015625 0.01875 0.03359375
0 0.1453125 0.84609375 0.0265625 0.04375
0 0.35703125 0.771875 0.0234375 0.0375
0 0.3234375 0.9625 0.0234375 0.04140625
0 0.66953125 0.0265625 0.01875 0.0265625
0 0.13203125 0.6515625 0.02109375 0.03203125
0 0.73828125 0.8328125 0.03125 0.046875
0 0.03671875 0.6515625 0.0234375 0.0359375
0 0.559375 0.44921875 0.01875 0.0375
0 0.38828125 0.89375 0.0234375 0.03984375
0 0.309375 0.49921875 0.02109375 0.0359375
0 0.90703125 0.06015625 0.02109375 0.03046875
0 0.4359375 0.94375 0.0234375 0.0453125
0 0.42421875 0.66640625 0.0234375 0.0375
0 0.7015625 0.34921875 0.02109375 0.0265625
0 0.346875 0.96015625 0.02109375 0.0453125
0 0.8984375 0.62734375 0.0234375 0.03984375
0 0.5515625 0.390625 0.01875 0.03359375
0 0.821875 0.190625 0.02109375 0.03046875
0 0.71953125 0.03515625 0.01640625 0.02421875
0 0.5234375 0.5046875 0.0234375 0.0359375
0 0.184375 0.6546875 0.0234375 0.0375
0 0.7421875 0.41015625 0.01875 0.028125
0 0.7703125 0.19609375 0.01875 0.0265625
0 0.97890625 0.11875 0.0171875 0.03046875
0 0.47421875 0.48046875 0.0234375 0.03984375
0 0.6078125 0.78203125 0.0265625 0.04375
0 0.03203125 0.84375 0.0234375 0.04140625
0 0.8890625 0.2828125 0.0203125 0.03046875
0 0.23828125 0.6515625 0.0234375 0.03984375
0 0.903125 0.5015625 0.01875 0.03046875
0 0.1046875 0.6515625 0.0234375 0.0359375
0 0.3328125 0.79609375 0.02265625 0.0375
0 0.871875 0.1515625 0.01875 0.028125
0 0.6921875 0.00859375 0.01640625 0.0171875
0 0.64921875 0.76328125 0.0234375 0.04375
0 0.77421875 0.26640625 0.01875 0.03046875
0 0.6421875 0.221875 0.0171875 0.028125
0 0.4609375 0.71796875 0.02109375 0.03984375
0 0.5859375 0.1578125 0.01875 0.028125
0 0.9578125 0.1828125 0.0171875 0.03046875
0 0.51953125 0.41015625 0.02109375 0.03203125
0 0.7296875 0.36640625 0.02109375 0.03359375
0 0.178125 0.990625 0.01875 0.01484375
0 0.78203125 0.0078125 0.01640625 0.01484375
0 0.5546875 0.82734375 0.0234375 0.0359375
0 0.15546875 0.98359375 0.02109375 0.028125
0 0.6515625 0.16875 0.01640625 0.02421875
0 0.85859375 0.040625 0.0171875 0.028125
0 0.6484375 0.31015625 0.0234375 0.03203125
0 0.70390625 0.04609375 0.01484375 0.02421875
0 0.67578125 0.21875 0.01875 0.03046875
0 0.8703125 0.471875 0.02109375 0.03359375
0 0.621875 0.41796875 0.01875 0.028125
0 0.9734375 0.309375 0.02109375 0.03046875
0 0.93046875 0.64609375 0.0265625 0.03203125
0 0.52578125 0.36015625 0.01875 0.03046875
0 0.209375 0.8046875 0.02109375 0.0359375
0 0.56796875 0.240625 0.01640625 0.02421875
0 0.6703125 0.17109375 0.01484375 0.02421875
0 0.00703125 0.69609375 0.0140625 0.0375
0 0.7078125 0.8765625 0.0234375 0.03984375
0 0.91171875 0.03046875 0.01640625 0.02265625
0 0.3796875 0.7046875 0.02109375 0.03203125
0 0.296875 0.83515625 0.02109375 0.03984375
0 0.5703125 0.64375 0.02109375 0.03359375
0 0.4453125 0.98515625 0.0234375 0.0265625
0 0.83828125 0.58515625 0.01875 0.03046875
0 0.93046875 0.18515625 0.01640625 0.03359375
0 0.41484375 0.71484375 0.02265625 0.03359375
0 0.93828125 0.76328125 0.0265625 0.0359375
0 0.9921875 0.16015625 0.0140625 0.03046875
0 0.44921875 0.9078125 0.02109375 0.0375
0 0.12578125 0.7578125 0.02890625 0.03984375
0 0.80546875 0.5015625 0.0234375 0.03359375
0 0.3953125 0.36484375 0.01640625 0.028125
0 0.07265625 0.66328125 0.0203125 0.03203125
0 0.75078125 0.0078125 0.01640625 0.01484375
0 0.72578125 0.0046875 0.01640625 0.009375
0 0.72578125 0.06484375 0.01875 0.028125
0 0.490625 0.87421875 0.01875 0.028125
0 0.3015625 0.9578125 0.02109375 0.03984375
0 0.41796875 0.34375 0.01875 0.02265625
0 0.27578125 0.76328125 0.02109375 0.03984375
0 0.38359375 0.27109375 0.0171875 0.028125
0 0.55703125 0.21484375 0.01640625 0.01875
0 0.5859375 0.29921875 0.01640625 0.02421875
0 0.43046875 0.621875 0.0234375 0.0359375
0 0.8078125 0.92109375 0.02109375 0.04140625
0 0.5046875 0.2015625 0.02109375 0.03046875
0 0.871875 0.34375 0.0234375 0.03359375
0 0.746875 0.0328125 0.0140625 0.028125
0 0.8078125 0.0875 0.01640625 0.02421875
0 0.4 0.98984375 0.02265625 0.0171875
0 0.35078125 0.471875 0.02109375 0.03046875
0 0.2265625 0.1890625 0.01875 0.03046875
0 0.984375 0.98515625 0.02890625 0.0265625
0 0.946875 0.690625 0.0234375 0.04140625
0 0.9921875 0.0375 0.0140625 0.02265625
0 0.2921875 0.1859375 0.01640625 0.028125
0 0.81953125 0.74375 0.0265625 0.03359375
0 0.15546875 0.621875 0.02109375 0.03203125
0 0.25546875 0.73203125 0.01875 0.03046875
0 0.0625 0.99375 0.025 0.009375
0 0.16328125 0.66640625 0.0234375 0.0375
0 0.9421875 0.071875 0.01640625 0.02265625
0 0.08203125 0.84140625 0.0265625 0.04140625
0 0.95390625 0.00546875 0.01484375 0.0109375
0 0.6234375 0.2328125 0.01640625 0.02421875
0 0.365625 0.3078125 0.01875 0.0265625
0 0.490625 0.24375 0.01875 0.0265625
0 0.63046875 0.17421875 0.01640625 0.02421875
0 0.0546875 0.67890625 0.0234375 0.0375
0 0.1921875 0.5765625 0.02109375 0.0359375
0 0.99453125 0.06484375 0.00859375 0.028125
0 0.37421875 0.521875 0.01875 0.028125
0 0.01171875 0.64375 0.02109375 0.03046875
0 0.78828125 0.21328125 0.01875 0.0265625
0 0.46328125 0.36015625 0.01875 0.0265625
0 0.58359375 0.221875 0.01484375 0.02109375
0 0.6453125 0.71328125 0.0234375 0.0375
0 0.8703125 0.06015625 0.01875 0.0265625
0 0.934375 0.0078125 0.0140625 0.01484375
0 0.5546875 0.3046875 0.01875 0.028125
0 0.678125 0.9265625 0.02109375 0.03046875
0 0.99375 0.19921875 0.01015625 0.03203125
0 0.8078125 0.5375 0.02109375 0.03359375
0 0.671875 0.29921875 0.01640625 0.028125
0 0.321875 0.2078125 0.0140625 0.02265625
0 0.390625 0.31640625 0.01640625 0.02421875
0 0.9328125 0.3078125 0.01640625 0.0265625
0 0.609375 0.221875 0.0140625 0.02421875
0 0.7703125 0.31015625 0.01875 0.03203125
0 0.49296875 0.61015625 0.02109375 0.03984375
0 0.61953125 0.290625 0.0140625 0.0265625
0 0.53046875 0.4546875 0.01875 0.03359375
0 0.809375 0.0515625 0.01875 0.02421875
0 0.9921875 0.24609375 0.0125 0.0359375
0 0.96953125 0.090625 0.01640625 0.0265625
0 0.49921875 0.99375 0.0234375 0.009375
0 0.55546875 0.2546875 0.01640625 0.02265625
0 0.4828125 0.8015625 0.01875 0.0265625
0 0.409375 0.94609375 0.01875 0.0359375
0 0.75703125 0.390625 0.01640625 0.02265625
0 0.73515625 0.9265625 0.0203125 0.03359375
0 0.2171875 0.54921875 0.02109375 0.0265625
0 0.2390625 0.57734375 0.0203125 0.03046875
0 0.209375 0.73515625 0.02109375 0.03984375
0 0.59453125 0.271875 0.01640625 0.01875
0 0.4828125 0.84140625 0.02109375 0.04140625
0 0.0046875 0.784375 0.009375 0.0375
0 0.68203125 0.190625 0.0140625 0.0265625
0 0.8703125 0.69921875 0.0265625 0.0359375