0 0.978125 0.45625 0.0390625 0.06640625
0 0.7703125 0.04375 0.02734375 0.04296875
0 0.878125 0.09453125 0.03046875 0.0484375
0 0.5078125 0.0796875 0.0234375 0.0390625
0 0.8953125 0.025 0.025 0.04296875
0 0.440625 0.32890625 0.0671875 0.08984375
0 0.0453125 0.6421875 0.0578125 0.0796875
0 0.025 0.2953125 0.03828125 0.05625
0 0.16875 0.209375 0.03203125 0.04453125
0 0.83671875 0.05078125 0.025 0.0390625
0 0.07734375 0.15546875 0.0296875 0.04296875
0 0.15703125 0.06015625 0.02265625 0.03125
0 0.59765625 0.02890625 0.025 0.0390625
0 0.27578125 0.1921875 0.028125 0.0484375
0 0.3609375 0.0171875 0.021875 0.0296875
0 0.2125 0.43125 0.0578125 0.08046875
0 0.4015625 0.08828125 0.0265625 0.0390625
0 0.58671875 0.2640625 0.028125 0.04140625
0 0.68046875 0.22578125 0.03203125 0.05625
0 0.0125 0.23515625 0.025 0.04296875
0 0.4484375 0.0140625 0.021875 0.02734375
0 0.1015625 0.0109375 0.0234375 0.021875
0 0.62890625 0.2078125 0.0328125 0.05078125
0 0.0484375 0.771875 0.071875 0.10390625
0 0.240625 0.0140625 0.0203125 0.02734375
0 0.2703125 0.009375 0.01875 0.01875
0 0.1859375 0.01171875 0.021875 0.0234375
0 0.22734375 0.146875 0.025 0.03359375