1 0.32421875 0.60703125 0.03984375 0.0703125
1 0.49921875 0.4984375 0.9890625 0.98359375
1 0.18125 0.84609375 0.05078125 0.08671875
1 0.4203125 0.58515625 0.03984375 0.0734375
1 0.54140625 0.8109375 0.046875 0.0703125
1 0.78984375 0.68046875 0.0421875 0.0765625
1 0.75234375 0.59375 0.0375 0.0703125
1 0.6953125 0.78125 0.04453125 0.08359375
1 0.721875 0.89453125 0.04921875 0.090625
1 0.4234375 0.475 0.03359375 0.0671875
1 0.5078125 0.5734375 0.0375 0.0703125
1 0.346875 0.8625 0.03984375 0.0734375
1 0.315625 0.30234375 0.0359375 0.0703125
1 0.178125 0.32265625 0.03984375 0.0703125
1 0.42890625 0.734375 0.053125 0.0765625
1 0.87109375 0.53671875 0.03984375 0.0765625
1 0.834375 0.77734375 0.0421875 0.0765625
1 0.73125 0.53515625 0.0359375 0.0671875
1 0.32421875 0.6671875 0.0796875 0.190625
1 0.621875 0.70390625 0.04453125 0.06328125
1 0.69921875 0.4515625 0.0375 0.0671875
1 0.6859375 0.29453125 0.03359375 0.0671875
1 0.75546875 0.4296875 0.0359375 0.0703125
1 0.2796875 0.81640625 0.04453125 0.08046875
1 0.9734375 0.74453125 0.04453125 0.08359375
1 0.32890625 0.425 0.0359375 0.0671875
1 0.35546875 0.903125 0.10703125 0.18046875
1 0.54453125 0.3546875 0.03125 0.06015625
1 0.078125 0.715625 0.03984375 0.08046875
1 0.665625 0.621875 0.0375 0.0671875
1 0.7421875 0.7109375 0.04453125 0.08359375
1 0.19921875 0.6140625 0.05078125 0.0703125
1 0.8890625 0.7859375 0.04453125 0.0734375
1 0.421875 0.62734375 0.09296875 0.15703125
1 0.8125 0.8578125 0.046875 0.0765625
1 0.2390625 0.290625 0.0375 0.06015625
1 0.5625 0.5453125 0.0359375 0.06015625
1 0.79296875 0.37421875 0.0359375 0.0671875
1 0.36328125 0.58046875 0.046875 0.0703125
1 0.5390625 0.884375 0.10859375 0.2171875
1 0.2203125 0.425 0.0359375 0.0671875
1 0.75234375 0.2859375 0.03359375 0.05703125
1 0.84921875 0.903125 0.04453125 0.0734375
1 0.37890625 0.2578125 0.0375 0.053125
1 0.43359375 0.665625 0.03984375 0.0671875
1 0.55234375 0.2359375 0.03359375 0.05703125
1 0.54296875 0.72890625 0.046875 0.08671875
1 0.16640625 0.409375 0.0359375 0.0703125
1 0.23203125 0.11171875 0.03359375 0.05703125
1 0.07421875 0.9015625 0.05546875 0.090625
1 0.50703125 0.621875 0.0796875 0.1671875
1 0.1921875 0.89765625 0.1046875 0.190625
1 0.73359375 0.2109375 0.0359375 0.06015625
1 0.9109375 0.6 0.053125 0.08359375
1 0.1765625 0.7171875 0.046875 0.0703125
1 0.9703125 0.51640625 0.0375 0.0765625
1 0.23125 0.828125 0.04453125 0.0765625
1 0.59140625 0.20234375 0.03125 0.05703125
1 0.69296875 0.86484375 0.10234375 0.25078125
1 0.6390625 0.209375 0.03359375 0.05703125
1 0.596875 0.61875 0.0375 0.0671875
1 0.0546875 0.65078125 0.0375 0.0703125
1 0.35703125 0.49140625 0.03359375 0.053125
1 0.36328125 0.85078125 0.0421875 0.08359375
1 0.37890625 0.41953125 0.03359375 0.05703125
1 0.378125 0.74453125 0.03984375 0.0765625
1 0.4859375 0.1671875 0.02890625 0.06015625
1 0.26796875 0.70390625 0.0421875 0.0765625
1 0.51875 0.48984375 0.03359375 0.05703125
1 0.79296875 0.56328125 0.03984375 0.0703125
1 0.0609375 0.53828125 0.0375 0.0671875
1 0.12578125 0.53515625 0.0375 0.0734375
1 0.20234375 0.20234375 0.03125 0.05703125
1 0.48984375 0.090625 0.0375 0.06015625
1 0.27421875 0.49140625 0.046875 0.0671875
1 0.884375 0.46796875 0.0359375 0.0671875
1 0.615625 0.2625 0.03125 0.05
1 0.796875 0.23046875 0.03359375 0.06015625
1 0.6609375 0.3765625 0.03359375 0.06328125
1 0.84921875 0.428125 0.0359375 0.0671875
1 0.0890625 0.190625 0.0359375 0.06015625
1 0.53984375 0.41796875 0.0359375 0.0671875
1 0.115625 0.971875 0.053125 0.05
1 0.62890625 0.75234375 0.0796875 0.16015625
1 0.71640625 0.92109375 0.08671875 0.14375
1 0.64453125 0.48828125 0.03984375 0.0734375
1 0.53671875 0.6921875 0.05078125 0.08046875
1 0.23671875 0.96953125 0.046875 0.053125
1 0.19453125 0.51875 0.03359375 0.06015625
1 0.97109375 0.91328125 0.04921875 0.08046875
1 0.63671875 0.428125 0.03359375 0.053125
1 0.628125 0.84453125 0.046875 0.0703125
1 0.23984375 0.22265625 0.0359375 0.06328125
1 0.7421875 0.12734375 0.03125 0.053125
1 0.3703125 0.36953125 0.03359375 0.05703125
1 0.2265625 0.9546875 0.06640625 0.08359375
1 0.31328125 0.353125 0.0796875 0.17734375
1 0.12109375 0.15390625 0.03359375 0.053125
1 0.4875 0.0953125 0.05546875 0.08359375
1 0.26015625 0.55859375 0.04921875 0.0734375
1 0.50703125 0.44140625 0.0359375 0.06015625
1 0.5421875 0.765625 0.0890625 0.1671875
1 0.53359375 0.19375 0.03125 0.053125
1 0.796875 0.74453125 0.078125 0.2109375
1 0.25234375 0.5953125 0.0375 0.0671875
1 0.43125 0.2578125 0.03984375 0.0671875
1 0.51796875 0.31796875 0.03125 0.0671875
1 0.03984375 0.22578125 0.0359375 0.06328125
1 0.41328125 0.33984375 0.03984375 0.06328125
1 0.71015625 0.37421875 0.03359375 0.06015625
1 0.1109375 0.6921875 0.03984375 0.0734375
1 0.796875 0.90625 0.08203125 0.17421875
1 0.85859375 0.7125 0.05078125 0.0734375
1 0.12578125 0.43984375 0.03359375 0.05703125
1 0.1234375 0.6390625 0.0421875 0.0671875
1 0.94296875 0.25546875 0.0375 0.05703125
1 0.0890625 0.48515625 0.03984375 0.0671875
1 0.32890625 0.15078125 0.03125 0.053125
1 0.56796875 0.1671875 0.03359375 0.06015625
1 0.72890625 0.575 0.084375 0.15390625
1 0.75078125 0.62734375 0.06640625 0.1375
1 0.08359375 0.77578125 0.08671875 0.20078125
1 0.5875 0.425 0.0375 0.0671875
1 0.1796875 0.65390625 0.04453125 0.0703125
1 0.15234375 0.215625 0.03359375 0.05703125
1 0.39140625 0.18046875 0.03125 0.053125
1 0.8359375 0.96640625 0.04453125 0.06015625
1 0.4359375 0.41484375 0.0359375 0.06015625
1 0.37421875 0.290625 0.06015625 0.1203125
1 0.8453125 0.51484375 0.03359375 0.0671875
1 0.43203125 0.84296875 0.08203125 0.29453125
1 0.7609375 0.46171875 0.08203125 0.140625
1 0.91015625 0.64921875 0.078125 0.1875
1 0.9609375 0.44453125 0.03359375 0.06015625
1 0.0125 0.75078125 0.02421875 0.0703125
1 0.66796875 0.6671875 0.08203125 0.15703125
1 0.6265625 0.9015625 0.06640625 0.18359375
1 0.85859375 0.58359375 0.0734375 0.1703125
1 0.6234375 0.56171875 0.0375 0.0671875
1 0.1046875 0.37265625 0.0359375 0.0703125