0 0.303125 0.02265625 0.0125 0.021875
0 0.784375 0.2 0.03046875 0.0453125
0 0.559375 0.321875 0.03828125 0.05859375
0 0.39765625 0.3453125 0.0390625 0.0546875
0 0.0703125 0.34375 0.0453125 0.0625
0 0.25703125 0.28515625 0.0390625 0.0625
0 0.9125 0.32265625 0.05078125 0.06796875
0 0.12578125 0.38046875 0.0390625 0.05234375
0 0.67109375 0.02578125 0.01875 0.02578125
0 0.628125 0.29140625 0.03984375 0.05234375
0 0.3265625 0.0375 0.015625 0.025
0 0.2796875 0.05390625 0.01640625 0.025
0 0.17734375 0.08671875 0.01875 0.025
0 0.2625 0.1109375 0.01875 0.02734375
0 0.584375 0.05390625 0.0203125 0.0328125
0 0.53671875 0.07578125 0.01875 0.02578125
0 0.4125 0.04140625 0.01640625 0.02890625
0 0.4515625 0.04296875 0.015625 0.02578125
0 0.03984375 0.04375 0.0171875 0.025
0 0.9078125 0.0546875 0.01484375 0.02109375
0 0.52578125 0.0140625 0.01640625 0.025
0 0.6359375 0.08203125 0.021875 0.03125
0 0.55703125 0.00703125 0.01484375 0.0140625
0 0.4171875 0.00625 0.015625 0.01171875
0 0.03671875 0.01015625 0.0171875 0.0203125
0 0.4796875 0.0265625 0.015625 0.021875
0 0.33671875 0.0890625 0.01875 0.02734375
0 0.0125 0.0359375 0.015625 0.021875
0 0.8109375 0.35 0.0171875 0.02578125
0 0.45390625 0.0171875 0.015625 0.01953125
0 0.384375 0.00625 0.0140625 0.01171875
0 0.93828125 0.06171875 0.01640625 0.025
0 0.540625 0.05 0.01484375 0.01953125
0 0.88203125 0.44921875 0.1 0.14296875
0 0.8578125 0.00703125 0.021875 0.0140625
0 0.259375 0.0453125 0.01484375 0.021875
0 0.040625 0.1171875 0.01875 0.02578125
0 0.103125 0.0875 0.01953125 0.02734375
0 0.36640625 0.01953125 0.0140625 0.0234375
0 0.246875 0.00625 0.0125 0.01171875
0 0.290625 0.075 0.01640625 0.025
0 0.38984375 0.11328125 0.01953125 0.02890625
0 0.621875 0.0296875 0.0171875 0.0234375
0 0.28046875 0.0078125 0.0125 0.015625
0 0.5921875 0.00625 0.01484375 0.01171875
0 0.00625 0.14375 0.01171875 0.02734375
0 0.47265625 0.0515625 0.015625 0.021875