0 0.47734375 0.5875 0.03125 0.05078125
0 0.5453125 0.56171875 0.0296875 0.05078125
0 0.10859375 0.6234375 0.04375 0.06484375
0 0.946875 0.33203125 0.02734375 0.0390625
0 0.6671875 0.7203125 0.053125 0.08046875
0 0.4078125 0.6234375 0.03984375 0.06484375
0 0.8640625 0.41328125 0.02734375 0.040625
0 0.6640625 0.4859375 0.0296875 0.0453125
0 0.23671875 0.7390625 0.03984375 0.0609375
0 0.715625 0.49921875 0.0328125 0.05078125
0 0.9890625 0.31953125 0.01953125 0.040625
0 0.5546875 0.6921875 0.046875 0.06875
0 0.17265625 0.6 0.040625 0.0546875
0 0.88984375 0.2875 0.025 0.0375
0 0.37578125 0.965625 0.0640625 0.06640625
0 0.77109375 0.396875 0.0265625 0.04140625
0 0.6390625 0.4171875 0.0296875 0.04296875
0 0.77109375 0.5625 0.03984375 0.0546875
0 0.14140625 0.9484375 0.0671875 0.0953125
0 0.6203125 0.26953125 0.0234375 0.03359375
0 0.39609375 0.475 0.03203125 0.05234375
0 0.13828125 0.509375 0.0421875 0.05859375
0 0.484375 0.43828125 0.0296875 0.0453125
0 0.465625 0.36796875 0.02421875 0.0375
0 0.9859375 0.40703125 0.0265625 0.05078125
0 0.39140625 0.365625 0.021875 0.03125
0 0.896875 0.575 0.03828125 0.05625
0 0.821875 0.24140625 0.0234375 0.03515625
0 0.975 0.6765625 0.04765625 0.13125
0 0.2671875 0.55625 0.01953125 0.0296875
0 0.88984375 0.33125 0.021875 0.04296875
0 0.23359375 0.52265625 0.0390625 0.0609375
0 0.79765625 0.40625 0.0234375 0.03125
0 0.6140625 0.41015625 0.021875 0.0390625
0 0.42890625 0.45078125 0.021875 0.02578125
0 0.99140625 0.5875 0.01484375 0.03671875
0 0.1109375 0.57265625 0.0328125 0.0390625
0 0.8734375 0.63671875 0.04609375 0.07578125
0 0.6421875 0.2859375 0.0203125 0.0328125
0 0.2703125 0.9015625 0.025 0.0640625
0 0.434375 0.34140625 0.01875 0.0234375
0 0.509375 0.30078125 0.0203125 0.03359375