0 0.5859375 0.6546875 0.03515625 0.05859375
0 0.196875 0.2671875 0.03203125 0.046875
0 0.34375 0.1234375 0.0140625 0.021875
0 0.6375 0.30546875 0.0234375 0.0375
0 0.81796875 0.33828125 0.0265625 0.04453125
0 0.26171875 0.29453125 0.03125 0.04140625
0 0.56875 0.31171875 0.0265625 0.04296875
0 0.53203125 0.6546875 0.03203125 0.05234375
0 0.0921875 0.3921875 0.0390625 0.05625
0 0.60078125 0.325 0.021875 0.0375
0 0.7453125 0.4953125 0.0359375 0.05625
0 0.4328125 0.2671875 0.025 0.0390625
0 0.0515625 0.16796875 0.0234375 0.03671875
0 0.39609375 0.1046875 0.0125 0.01953125
0 0.24140625 0.12421875 0.01484375 0.01953125
0 0.128125 0.46796875 0.03828125 0.05078125
0 0.121875 0.89375 0.06328125 0.0875
0 0.46640625 0.0578125 0.0109375 0.01953125
0 0.4265625 0.546875 0.0375 0.046875
0 0.7359375 0.565625 0.028125 0.0375
0 0.08046875 0.2171875 0.028125 0.03671875
0 0.484375 0.57578125 0.0296875 0.04140625
0 0.51484375 0.06796875 0.01171875 0.01796875
0 0.58046875 0.07265625 0.0109375 0.015625
0 0.36796875 0.24375 0.02265625 0.0375
0 0.040625 0.97265625 0.0640625 0.05234375
0 0.25546875 0.13046875 0.0125 0.0234375
0 0.284375 0.92265625 0.059375 0.0875
0 0.3234375 0.12421875 0.01484375 0.01953125
0 0.1234375 0.16796875 0.02265625 0.03125
0 0.696875 0.2578125 0.01875 0.02890625
0 0.290625 0.11015625 0.0140625 0.01953125
0 0.7296875 0.0765625 0.0109375 0.0171875
0 0.7546875 0.0875 0.009375 0.0140625
0 0.3671875 0.109375 0.01171875 0.015625
0 0.6421875 0.06953125 0.009375 0.0140625
0 0.60390625 0.0796875 0.0109375 0.015625
0 0.6328125 0.08125 0.009375 0.0140625
0 0.7234375 0.275 0.0171875 0.0296875
0 0.45234375 0.0609375 0.01171875 0.01796875
0 0.5296875 0.065625 0.0109375 0.0171875
0 0.68125 0.06953125 0.0109375 0.0140625
0 0.596875 0.04453125 0.0109375 0.015625
0 0.5609375 0.0609375 0.0109375 0.0171875
0 0.721875 0.24375 0.01640625 0.02734375
0 0.48984375 0.12578125 0.01484375 0.01953125
0 0.378125 0.959375 0.059375 0.078125
0 0.65390625 0.0421875 0.00859375 0.0140625
0 0.4234375 0.11796875 0.0140625 0.025
0 0.65703125 0.06796875 0.009375 0.01328125
0 0.67265625 0.18515625 0.01484375 0.02578125
0 0.67421875 0.2921875 0.0203125 0.0296875
0 0.70234375 0.08125 0.0109375 0.0171875
0 0.70546875 0.05546875 0.00859375 0.0140625
0 0.615625 0.07265625 0.0109375 0.015625
0 0.6625 0.0375 0.00859375 0.01171875
0 0.6859375 0.0375 0.00859375 0.01171875
0 0.509375 0.1 0.0125 0.01953125
0 0.540625 0.08046875 0.0109375 0.01796875
0 0.6703125 0.0546875 0.0109375 0.015625
0 0.80546875 0.0828125 0.00859375 0.0140625
0 0.51875 0.11953125 0.01171875 0.01796875
0 0.54609375 0.06015625 0.0109375 0.015625
0 0.3703125 0.2 0.01953125 0.025
0 0.7453125 0.04453125 0.009375 0.01328125
0 0.7671875 0.06875 0.0109375 0.01328125
0 0.7125 0.0375 0.00703125 0.01328125
0 0.50390625 0.06953125 0.009375 0.0140625
0 0.66875 0.06953125 0.0078125 0.0140625
0 0.69375 0.28671875 0.01953125 0.03125
0 0.4921875 0.07890625 0.01171875 0.01953125
0 0.71796875 0.065625 0.00703125 0.0140625
0 0.3078125 0.1765625 0.01640625 0.021875
0 0.46875 0.08046875 0.0140625 0.01796875
0 0.76953125 0.11875 0.009375 0.01328125
0 0.81953125 0.1296875 0.009375 0.0140625
0 0.78203125 0.10625 0.0109375 0.0140625
0 0.12578125 0.2046875 0.01875 0.02578125
0 0.84453125 0.0921875 0.009375 0.01328125
0 0.8703125 0.08125 0.009375 0.0171875
0 0.453125 0.11796875 0.01171875 0.01953125