0 0.37890625 0.7203125 0.09296875 0.11640625
0 0.60078125 0.10078125 0.03828125 0.0578125
0 0.12578125 0.2953125 0.0609375 0.08515625
0 0.871875 0.4421875 0.0703125 0.09921875
0 0.15703125 0.59375 0.08359375 0.1296875
0 0.57109375 0.15546875 0.04296875 0.078125
0 0.15078125 0.059375 0.04296875 0.071875
0 0.4890625 0.203125 0.0546875 0.078125
0 0.4703125 0.32421875 0.0546875 0.08203125
0 0.20625 0.109375 0.05 0.08203125
0 0.76953125 0.0203125 0.03203125 0.040625
0 0.16640625 0.22890625 0.05625 0.0890625
0 0.05234375 0.05625 0.040625 0.0578125
0 0.69453125 0.2375 0.05 0.078125
0 0.8515625 0.275 0.05234375 0.078125
0 0.7125 0.128125 0.040625 0.071875
0 0.93515625 0.26484375 0.05234375 0.078125
0 0.728125 0.0328125 0.040625 0.0578125
0 0.36953125 0.10546875 0.04765625 0.06796875
0 0.34296875 0.30234375 0.0609375 0.0921875
0 0.05625 0.12421875 0.05 0.071875
0 0.9765625 0.15703125 0.04296875 0.06171875
0 0.84921875 0.078125 0.03828125 0.0546875
0 0.91328125 0.15859375 0.04765625 0.078125
0 0.48984375 0.13984375 0.03828125 0.040625
0 0.1015625 0.09765625 0.0453125 0.0578125
0 0.971875 0.09765625 0.04765625 0.04453125
0 0.4515625 0.11796875 0.05234375 0.078125
0 0.33125 0.21640625 0.04765625 0.0578125
0 0.40078125 0.534375 0.06796875 0.1125
0 0.325 0.15859375 0.03828125 0.0578125
0 0.4046875 0.02578125 0.040625 0.0515625
0 0.81328125 0.04453125 0.04765625 0.06796875
0 0.9265625 0.09765625 0.04296875 0.04453125
0 0.34296875 0.4109375 0.05625 0.0921875
0 0.2421875 0.0171875 0.0453125 0.034375
0 0.77578125 0.409375 0.0546875 0.075
0 0.54375 0.10078125 0.04765625 0.0578125
0 0.91640625 0.0171875 0.0359375 0.034375
0 0.80234375 0.1125 0.03828125 0.0546875
0 0.634375 0.25625 0.04296875 0.06796875
0 0.7953125 0.496875 0.04765625 0.078125
0 0.25 0.10390625 0.03828125 0.06484375
0 0.47421875 0.015625 0.03828125 0.03046875
0 0.78828125 0.1703125 0.04765625 0.0546875
0 0.34140625 0.040625 0.0359375 0.0546875
0 0.69140625 0.040625 0.03359375 0.04765625
0 0.5296875 0.16875 0.0359375 0.078125
0 0.075 0.7765625 0.08125 0.1125
0 0.021875 0.20625 0.04296875 0.0578125
0 0.43125 0.43359375 0.0609375 0.0890625
0 0.74921875 0.15 0.0359375 0.0546875
0 0.59296875 0.0515625 0.0359375 0.034375
0 0.22421875 0.440625 0.05859375 0.08203125
0 0.77734375 0.24609375 0.05625 0.08203125
0 0.9640625 0.040625 0.03203125 0.034375
0 0.60859375 0.01171875 0.0359375 0.0234375
0 0.54609375 0.04296875 0.0296875 0.04453125
0 0.6765625 0.12265625 0.0359375 0.075
0 0.9890625 0.0203125 0.01796875 0.040625
0 0.97421875 0.32734375 0.04296875 0.06171875
0 0.0078125 0.0203125 0.015625 0.040625
0 0.0796875 0.01171875 0.0375 0.0234375
0 0.859375 0.0203125 0.0359375 0.040625
0 0.17421875 0.01171875 0.0296875 0.0234375
0 0.659375 0.1890625 0.03828125 0.04453125
0 0.64375 0.01015625 0.03359375 0.0203125
0 0.92734375 0.39453125 0.05 0.078125
0 0.0890625 0.0515625 0.03359375 0.04765625