0 0.2625 0.128125 0.025 0.0375
0 0.25625 0.44140625 0.05 0.0625
0 0.40625 0.0140625 0.021875 0.028125
0 0.48359375 0.2734375 0.0328125 0.0546875
0 0.684375 0.409375 0.04375 0.0640625
0 0.3390625 0.41328125 0.046875 0.0640625
0 0.6609375 0.109375 0.034375 0.046875
0 0.61171875 0.1390625 0.03046875 0.04453125
0 0.62890625 0.19140625 0.03515625 0.0546875
0 0.521875 0.1296875 0.03046875 0.04296875
0 0.340625 0.2640625 0.0328125 0.04453125
0 0.09296875 0.53671875 0.04375 0.0625
0 0.2328125 0.10703125 0.0234375 0.03671875
0 0.59453125 0.05546875 0.0296875 0.0453125
0 0.73359375 0.38046875 0.0453125 0.06796875
0 0.1125 0.03125 0.02421875 0.03125
0 0.0203125 0.0546875 0.0234375 0.03671875
0 0.38125 0.0546875 0.0265625 0.03671875
0 0.3375 0.0875 0.0234375 0.03515625
0 0.8078125 0.2140625 0.0375 0.0484375
0 0.24453125 0.0375 0.0203125 0.03125
0 0.321875 0.1921875 0.03203125 0.0484375
0 0.6171875 0.296875 0.040625 0.05703125
0 0.8640625 0.20546875 0.0390625 0.06796875
0 0.13984375 0.26015625 0.0390625 0.0546875
0 0.01484375 0.440625 0.0296875 0.0609375
0 0.53828125 0.225 0.03125 0.04921875
0 0.06328125 0.03671875 0.021875 0.03125
0 0.1921875 0.01484375 0.021875 0.0296875
0 0.4921875 0.1453125 0.03125 0.0453125
0 0.01875 0.728125 0.0375 0.084375
0 0.2890625 0.1359375 0.02734375 0.040625
0 0.23828125 0.0109375 0.021875 0.021875
0 0.275 0.00625 0.0171875 0.01171875
0 0.27421875 0.0359375 0.0203125 0.0328125
0 0.00703125 0.00859375 0.0140625 0.0171875
0 0.3703125 0.0125 0.0234375 0.025
0 0.00625 0.18828125 0.01171875 0.040625
0 0.12578125 0.00625 0.0203125 0.0125
0 0.35546875 0.04375 0.0234375 0.0375