0 0.43828125 0.53125 0.0453125 0.0625
0 0.253125 0.54453125 0.04765625 0.06796875
0 0.634375 0.50078125 0.040625 0.0609375
0 0.53203125 0.33203125 0.021875 0.03671875
0 0.38125 0.01953125 0.0125 0.01796875
0 0.54375 0.4328125 0.03046875 0.0484375
0 0.19453125 0.5140625 0.046875 0.0703125
0 0.603125 0.7640625 0.0484375 0.078125
0 0.96796875 0.3546875 0.0390625 0.053125
0 0.7421875 0.43671875 0.040625 0.05625
0 0.06953125 0.10078125 0.01953125 0.0296875
0 0.26484375 0.071875 0.01640625 0.021875
0 0.38203125 0.1109375 0.015625 0.025
0 0.55546875 0.3453125 0.02265625 0.0390625
0 0.665625 0.5796875 0.0453125 0.0640625
0 0.853125 0.13046875 0.01171875 0.01796875
0 0.32734375 0.0703125 0.0140625 0.02109375
0 0.75703125 0.10078125 0.01171875 0.01953125
0 0.23125 0.08515625 0.01484375 0.021875
0 0.79609375 0.0421875 0.01171875 0.0171875
0 0.8953125 0.13046875 0.01171875 0.02109375
0 0.353125 0.1140625 0.01484375 0.021875
0 0.84453125 0.09765625 0.0109375 0.01796875
0 0.915625 0.06796875 0.0109375 0.01796875
0 0.13125 0.1859375 0.01953125 0.03125
0 0.59453125 0.096875 0.01171875 0.01953125
0 0.621875 0.08125 0.0125 0.01953125
0 0.38203125 0.2046875 0.01953125 0.0296875
0 0.34453125 0.07890625 0.01484375 0.021875
0 0.3078125 0.10390625 0.015625 0.0234375
0 0.66328125 0.03828125 0.009375 0.0171875
0 0.9578125 0.11328125 0.01171875 0.02109375
0 0.87890625 0.11875 0.01171875 0.01796875
0 0.6203125 0.14140625 0.0140625 0.021875
0 0.79609375 0.10546875 0.01171875 0.01796875
0 0.33046875 0.10546875 0.01484375 0.0234375
0 0.94375 0.03828125 0.0109375 0.0171875
0 0.596875 0.12421875 0.0125 0.01953125
0 0.575 0.075 0.0109375 0.0171875
0 0.9921875 0.0921875 0.01171875 0.01796875
0 0.165625 0.0875 0.015625 0.021875
0 0.82890625 0.04140625 0.009375 0.015625
0 0.72734375 0.03203125 0.0109375 0.0171875
0 0.78203125 0.096875 0.0109375 0.01953125
0 0.98125 0.165625 0.01171875 0.01953125
0 0.82734375 0.10390625 0.0109375 0.015625
0 0.9421875 0.0828125 0.009375 0.0171875
0 0.92109375 0.11015625 0.0109375 0.01953125
0 0.6453125 0.08125 0.009375 0.0140625
0 0.76875 0.10546875 0.01171875 0.01796875
0 0.89609375 0.0796875 0.0109375 0.0171875
0 0.15859375 0.17265625 0.01875 0.0328125
0 0.9671875 0.0796875 0.009375 0.015625
0 0.57734375 0.11015625 0.0125 0.021875
0 0.85859375 0.04296875 0.0109375 0.01796875
0 0.5578125 0.08046875 0.009375 0.01796875
0 0.99453125 0.128125 0.00859375 0.01953125
0 0.8328125 0.1328125 0.01171875 0.01796875
0 0.50703125 0.0828125 0.01171875 0.0171875
0 0.3421875 0.13515625 0.0140625 0.02109375
0 0.8640625 0.1671875 0.01171875 0.0171875
0 0.1703125 0.04296875 0.01484375 0.0234375
0 0.34375 0.0484375 0.0140625 0.01953125
0 0.9546875 0.08125 0.009375 0.0171875
0 0.61875 0.1015625 0.0125 0.01796875
0 0.98125 0.0796875 0.00859375 0.0171875
0 0.4953125 0.05625 0.01171875 0.01796875
0 0.75390625 0.0671875 0.009375 0.0171875
0 0.9296875 0.05546875 0.009375 0.0140625
0 0.9203125 0.1546875 0.0109375 0.0171875
0 0.96640625 0.15390625 0.0109375 0.01796875
0 0.5375 0.565625 0.0421875 0.05859375
0 0.88359375 0.0828125 0.01171875 0.0171875
0 0.1171875 0.05625 0.0140625 0.021875