0 0.53046875 0.30625 0.0296875 0.0484375
0 0.97265625 0.31171875 0.03125 0.04296875
0 0.3296875 0.26796875 0.028125 0.04453125
0 0.4046875 0.01640625 0.015625 0.021875
0 0.73125 0.37421875 0.0359375 0.05625
0 0.59296875 0.54921875 0.0390625 0.0625
0 0.6546875 0.17578125 0.02421875 0.0390625
0 0.85 0.12421875 0.0265625 0.0375
0 0.81875 0.33671875 0.0359375 0.05625
0 0.55625 0.15078125 0.0171875 0.02890625
0 0.4578125 0.06875 0.01484375 0.025
0 0.7328125 0.25 0.02734375 0.04921875
0 0.91171875 0.2 0.03046875 0.0375
0 0.534375 0.09296875 0.0171875 0.0296875
0 0.6859375 0.259375 0.028125 0.0453125
0 0.5828125 0.1109375 0.01953125 0.0296875
0 0.1828125 0.03828125 0.01640625 0.025
0 0.4328125 0.11875 0.0203125 0.03125
0 0.71953125 0.03671875 0.021875 0.03125
0 0.71953125 0.7984375 0.0546875 0.09375
0 0.784375 0.72421875 0.0484375 0.07578125
0 0.4984375 0.06171875 0.0171875 0.025
0 0.7609375 0.103125 0.021875 0.0328125
0 0.9265625 0.165625 0.0296875 0.0375
0 0.403125 0.4484375 0.0453125 0.0640625
0 0.728125 0.1015625 0.021875 0.03125
0 0.903125 0.5765625 0.0515625 0.0859375
0 0.5125 0.11796875 0.01875 0.0296875
0 0.63125 0.06875 0.01875 0.02890625
0 0.71171875 0.17421875 0.0265625 0.04453125
0 0.5265625 0.1671875 0.021875 0.03515625
0 0.95859375 0.1109375 0.02421875 0.0328125
0 0.3890625 0.1109375 0.0171875 0.02890625
0 0.28203125 0.04140625 0.0171875 0.02578125
0 0.33515625 0.0421875 0.01640625 0.02734375
0 0.7921875 0.14375 0.02734375 0.03515625
0 0.46015625 0.0375 0.01640625 0.025
0 0.15859375 0.04453125 0.01484375 0.0234375
0 0.7765625 0.046875 0.0234375 0.03359375
0 0.42734375 0.05625 0.01640625 0.02578125
0 0.44296875 0.03046875 0.0125 0.025
0 0.38203125 0.02890625 0.0140625 0.0234375
0 0.85546875 0.05 0.0234375 0.0328125
0 0.60078125 0.0296875 0.0171875 0.02578125
0 0.6796875 0.07421875 0.021875 0.03125
0 0.9265625 0.12421875 0.0234375 0.0328125
0 0.83671875 0.02265625 0.01875 0.025
0 0.80546875 0.0671875 0.02265625 0.0328125
0 0.75625 0.0140625 0.01875 0.025
0 0.35625 0.00703125 0.01484375 0.0140625
0 0.471875 0.4328125 0.03984375 0.0609375
0 0.66015625 0.00625 0.0171875 0.01171875
0 0.571875 0.00703125 0.01484375 0.0140625
0 0.784375 0.19765625 0.028125 0.0390625
0 0.4953125 0.0296875 0.01484375 0.02109375
0 0.6234375 0.009375 0.01875 0.01875
0 0.39140625 0.29140625 0.021875 0.04140625
0 0.98828125 0.08828125 0.021875 0.03359375
0 0.3171875 0.04453125 0.01640625 0.02890625
0 0.628125 0.04140625 0.01875 0.0234375
0 0.840625 0.08828125 0.0203125 0.02890625
0 0.35234375 0.03828125 0.01484375 0.021875
0 0.9359375 0.06171875 0.021875 0.0296875
0 0.42734375 0.03203125 0.01484375 0.021875
0 0.52265625 0.21015625 0.02265625 0.03515625
0 0.37265625 0.05625 0.01640625 0.0234375
0 0.45703125 0.01015625 0.0140625 0.0203125
0 0.54296875 0.00625 0.0140625 0.0125
0 0.37734375 0.15390625 0.01875 0.03359375
0 0.571875 0.0375 0.01875 0.0296875
0 0.8921875 0.04921875 0.01953125 0.03125
0 0.97890625 0.5171875 0.03984375 0.06875
0 0.02578125 0.6859375 0.04765625 0.06640625
0 0.3375 0.00859375 0.01484375 0.0171875
0 0.55390625 0.0484375 0.01640625 0.025
0 0.98984375 0.40546875 0.01875 0.0609375
0 0.884375 0.159375 0.02734375 0.040625
0 0.24296875 0.00546875 0.01484375 0.01015625
0 0.25 0.02578125 0.0171875 0.02890625
0 0.61484375 0.33515625 0.03046875 0.0453125
0 0.01484375 0.07421875 0.02265625 0.03125
0 0.8765625 0.1171875 0.0234375 0.03671875
0 0.04609375 0.84921875 0.034375 0.03125