0 0.16484375 0.20078125 0.03125 0.04921875
0 0.3140625 0.7875 0.08984375 0.13671875
0 0.14609375 0.1640625 0.02265625 0.03359375
0 0.5609375 0.075 0.0265625 0.04296875
0 0.6421875 0.06875 0.025 0.0375
0 0.8734375 0.5390625 0.075 0.0859375
0 0.85 0.64140625 0.09375 0.12890625
0 0.4296875 0.03203125 0.01953125 0.0296875
0 0.7171875 0.04140625 0.0203125 0.03125
0 0.69296875 0.09453125 0.02421875 0.040625
0 0.65703125 0.1 0.02421875 0.03671875
0 0.6171875 0.09140625 0.02734375 0.0390625
0 0.18828125 0.915625 0.11875 0.16015625
0 0.134375 0.0125 0.01875 0.025
0 0.92890625 0.0109375 0.0171875 0.021875
0 0.65546875 0.00859375 0.01875 0.0171875
0 0.946875 0.03203125 0.0234375 0.0328125
0 0.63125 0.025 0.01953125 0.03125
0 0.38359375 0.00625 0.0171875 0.01171875
0 0.896875 0.053125 0.01875 0.0234375
0 0.3734375 0.12265625 0.0171875 0.0234375
0 0.3703125 0.1703125 0.0203125 0.025
0 0.9890625 0.01171875 0.0171875 0.0234375
0 0.9703125 0.01328125 0.0171875 0.02578125
0 0.871875 0.05078125 0.01875 0.0234375
0 0.18828125 0.0125 0.01953125 0.025
0 0.48984375 0.0546875 0.01640625 0.0234375
0 0.05234375 0.01953125 0.02265625 0.03125
0 0.715625 0.00625 0.01875 0.01171875
0 0.83828125 0.01015625 0.0171875 0.0203125
0 0.97734375 0.05390625 0.01953125 0.0296875
0 0.02265625 0.00625 0.0203125 0.0125
0 0.13203125 0.21875 0.021875 0.03125
0 0.34140625 0.4046875 0.01640625 0.0234375
0 0.403125 0.0546875 0.0125 0.0234375
0 0.4203125 0.06328125 0.0171875 0.02734375