0 0.29921875 0.1546875 0.0265625 0.040625
0 0.74140625 0.54921875 0.03515625 0.05703125
0 0.32890625 0.16640625 0.0296875 0.04921875
0 0.55546875 0.02265625 0.0203125 0.0296875
0 0.63984375 0.4234375 0.0390625 0.04921875
0 0.0828125 0.2828125 0.05078125 0.06796875
0 0.603125 0.040625 0.02265625 0.0328125
0 0.80546875 0.56328125 0.0453125 0.0609375
0 0.91328125 0.18125 0.028125 0.04453125
0 0.4015625 0.1046875 0.025 0.040625
0 0.2203125 0.02265625 0.02265625 0.0296875
0 0.696875 0.4609375 0.0328125 0.04453125
0 0.46953125 0.76171875 0.05625 0.08828125
0 0.8546875 0.02578125 0.0203125 0.03359375
0 0.8078125 0.09453125 0.02265625 0.03515625
0 0.44140625 0.22890625 0.0296875 0.046875
0 0.3328125 0.7 0.0546875 0.0796875
0 0.2625 0.77890625 0.0609375 0.09921875
0 0.56640625 0.8 0.0609375 0.0875
0 0.53203125 0.0265625 0.01953125 0.0296875
0 0.6203125 0.95 0.07421875 0.09765625
0 0.34453125 0.2578125 0.0359375 0.0546875
0 0.39921875 0.01796875 0.0203125 0.0359375
0 0.96953125 0.16875 0.0359375 0.0375
0 0.9921875 0.13125 0.0140625 0.0328125
0 0.87578125 0.04140625 0.01953125 0.03125
0 0.93984375 0.18515625 0.02421875 0.02890625
0 0.78515625 0.11875 0.021875 0.0296875
0 0.88671875 0.1984375 0.025 0.0328125
0 0.5125 0.03125 0.01640625 0.02578125
0 0.11484375 0.365625 0.05390625 0.0859375
0 0.428125 0.1109375 0.025 0.0375