0 0.175 0.67265625 0.0265625 0.0421875
0 0.7375 0.82890625 0.04296875 0.0671875
0 0.315625 0.665625 0.025 0.0421875
0 0.19453125 0.6375 0.0234375 0.03671875
0 0.98125 0.68046875 0.028125 0.0484375
0 0.6390625 0.634375 0.021875 0.03984375
0 0.7859375 0.8390625 0.03515625 0.06171875
0 0.02109375 0.69140625 0.0265625 0.046875
0 0.7921875 0.771875 0.03203125 0.05
0 0.5828125 0.55234375 0.0171875 0.025
0 0.5140625 0.59140625 0.021875 0.03203125
0 0.36875 0.6203125 0.0234375 0.0421875
0 0.86796875 0.87265625 0.0453125 0.07890625
0 0.4828125 0.53046875 0.015625 0.021875
0 0.0484375 0.68359375 0.02734375 0.05
0 0.53203125 0.71484375 0.03203125 0.05390625
0 0.39609375 0.55859375 0.01640625 0.025
0 0.16171875 0.94921875 0.0515625 0.08671875
0 0.62578125 0.82578125 0.03984375 0.0640625
0 0.446875 0.90078125 0.03828125 0.0671875
0 0.8078125 0.64453125 0.0265625 0.040625
0 0.7109375 0.63046875 0.025 0.03984375
0 0.06640625 0.5765625 0.0171875 0.03203125
0 0.9359375 0.59921875 0.02265625 0.03203125
0 0.70625 0.69453125 0.03203125 0.05390625
0 0.34296875 0.53828125 0.01484375 0.025
0 0.5859375 0.875 0.05078125 0.08046875
0 0.88203125 0.61640625 0.02265625 0.03828125
0 0.78203125 0.6015625 0.0203125 0.03515625
0 0.29765625 0.59140625 0.021875 0.03515625
0 0.4046875 0.928125 0.053125 0.08203125
0 0.56640625 0.5171875 0.0140625 0.021875
0 0.4640625 0.56015625 0.01640625 0.025
0 0.11796875 0.65859375 0.02421875 0.03828125
0 0.3609375 0.68359375 0.02734375 0.03515625
0 0.5453125 0.5234375 0.015625 0.021875
0 0.5296875 0.8015625 0.03984375 0.075
0 0.584375 0.58828125 0.01953125 0.03203125
0 0.740625 0.61328125 0.0203125 0.03515625
0 0.81875 0.59140625 0.0203125 0.02890625
0 0.46953125 0.6765625 0.03046875 0.05234375
0 0.071875 0.74765625 0.03125 0.05390625
0 0.3703125 0.54453125 0.0140625 0.0234375
0 0.25625 0.665625 0.02265625 0.0421875
0 0.25703125 0.61640625 0.021875 0.03515625
0 0.39296875 0.71484375 0.0265625 0.0421875
0 0.03203125 0.559375 0.01953125 0.02890625
0 0.21171875 0.84375 0.05 0.07734375
0 0.3875 0.6625 0.0265625 0.0453125
0 0.7796875 0.540625 0.015625 0.025
0 0.70234375 0.77265625 0.0375 0.06015625
0 0.43515625 0.76484375 0.0359375 0.05390625
0 0.28515625 0.66171875 0.0296875 0.05
0 0.25078125 0.5765625 0.0171875 0.03203125
0 0.20234375 0.6765625 0.0296875 0.03515625
0 0.13046875 0.57109375 0.01875 0.0265625
0 0.84765625 0.6171875 0.01953125 0.028125
0 0.1109375 0.55625 0.0171875 0.0265625
0 0.11171875 0.81484375 0.04765625 0.07734375
0 0.49609375 0.8546875 0.0453125 0.075
0 0.91328125 0.6203125 0.025 0.0421875
0 0.6359375 0.53046875 0.015625 0.025
0 0.0296875 0.6125 0.02265625 0.03984375
0 0.3421875 0.50625 0.0125 0.0171875
0 0.63984375 0.76484375 0.04375 0.05703125
0 0.5328125 0.50546875 0.0140625 0.01875
0 0.01640625 0.81484375 0.0328125 0.0515625
0 0.509375 0.96328125 0.05859375 0.0703125
0 0.215625 0.5203125 0.0140625 0.01875
0 0.75546875 0.5484375 0.01484375 0.025
0 0.2796875 0.5421875 0.0125 0.021875
0 0.13125 0.70859375 0.028125 0.046875
0 0.6625 0.64140625 0.0265625 0.046875
0 0.58359375 0.51640625 0.01484375 0.01875
0 0.946875 0.75546875 0.03515625 0.06171875
0 0.8453125 0.553125 0.01640625 0.02890625
0 0.93671875 0.68828125 0.03203125 0.046875
0 0.3109375 0.72578125 0.0375 0.05703125
0 0.53828125 0.61171875 0.02265625 0.03515625
0 0.9875 0.74375 0.0234375 0.046875
0 0.1828125 0.52109375 0.01484375 0.0203125
0 0.43125 0.51953125 0.0125 0.0203125
0 0.565625 0.7890625 0.0359375 0.0640625
0 0.58359375 0.7265625 0.03984375 0.046875
0 0.16875 0.62578125 0.0234375 0.03359375
0 0.83125 0.69140625 0.025 0.03515625
0 0.66328125 0.5703125 0.0171875 0.028125
0 0.18046875 0.57734375 0.01640625 0.025
0 0.28203125 0.81875 0.04609375 0.0703125
0 0.39140625 0.609375 0.021875 0.03828125
0 0.15703125 0.86796875 0.053125 0.05546875
0 0.35625 0.7390625 0.03046875 0.05859375
0 0.278125 0.50546875 0.0140625 0.01875
0 0.1734375 0.5453125 0.01484375 0.021875
0 0.728125 0.925 0.05390625 0.08515625
0 0.009375 0.5984375 0.01875 0.03125
0 0.55703125 0.56953125 0.01640625 0.02890625
0 0.6375 0.57109375 0.01875 0.02890625
0 0.065625 0.61953125 0.02265625 0.03828125
0 0.34609375 0.59609375 0.0203125 0.03515625
0 0.40703125 0.528125 0.01484375 0.021875
0 0.6421875 0.50234375 0.01171875 0.0171875
0 0.509375 0.5140625 0.0140625 0.0203125
0 0.528125 0.66953125 0.0265625 0.03046875
0 0.49765625 0.565625 0.01640625 0.025
0 0.64375 0.69375 0.03125 0.05
0 0.87890625 0.5703125 0.021875 0.03046875
0 0.48125 0.5671875 0.015625 0.028125
0 0.07734375 0.68359375 0.028125 0.03203125
0 0.25703125 0.52890625 0.0140625 0.0171875
0 0.4953125 0.4921875 0.01171875 0.0171875
0 0.12421875 0.6203125 0.02421875 0.03046875
0 0.8703125 0.80078125 0.040625 0.05234375
0 0.24296875 0.5453125 0.01484375 0.021875
0 0.43671875 0.5765625 0.01875 0.03203125
0 0.2953125 0.51953125 0.0140625 0.0171875
0 0.90703125 0.7015625 0.0265625 0.03515625
0 0.5296875 0.53125 0.0140625 0.0203125
0 0.20390625 0.55234375 0.01484375 0.0203125
0 0.6203125 0.50234375 0.01171875 0.0171875
0 0.66015625 0.51640625 0.0140625 0.01875
0 0.46953125 0.4921875 0.01171875 0.0171875
0 0.715625 0.57109375 0.01484375 0.0234375
0 0.7171875 0.50625 0.0125 0.0171875
0 0.61484375 0.5453125 0.01640625 0.025
0 0.10234375 0.60234375 0.0203125 0.03046875
0 0.70859375 0.528125 0.0125 0.021875
0 0.2046875 0.4921875 0.01171875 0.0171875
0 0.315625 0.59921875 0.01640625 0.02890625
0 0.3171875 0.5 0.0140625 0.01875
0 0.96171875 0.6421875 0.0265625 0.03046875
0 0.4046875 0.49296875 0.0109375 0.01640625
0 0.52578125 0.55546875 0.01640625 0.028125
0 0.234375 0.51640625 0.01171875 0.01875
0 0.44453125 0.503125 0.01171875 0.01640625
0 0.68046875 0.5734375 0.01640625 0.025
0 0.309375 0.5171875 0.0140625 0.0171875
0 0.49375 0.5140625 0.0125 0.0171875
0 0.2265625 0.5390625 0.015625 0.0171875
0 0.85078125 0.659375 0.0296875 0.0484375
0 0.65703125 0.4890625 0.0109375 0.01484375
0 0.91640625 0.584375 0.0203125 0.02890625
0 0.16171875 0.5703125 0.01875 0.028125
0 0.25078125 0.50625 0.0125 0.0171875
0 0.70390625 0.55 0.01484375 0.021875
0 0.0921875 0.55546875 0.01640625 0.025
0 0.76171875 0.6125 0.01953125 0.028125
0 0.315625 0.553125 0.01640625 0.0265625
0 0.41875 0.4921875 0.0109375 0.01484375
0 0.09765625 0.315625 0.0140625 0.01875
0 0.73671875 0.540625 0.01484375 0.021875
0 0.3828125 0.50234375 0.0140625 0.0171875
0 0.69375 0.49296875 0.0109375 0.01640625
0 0.38984375 0.5203125 0.0125 0.01875
0 0.66875 0.48125 0.00859375 0.01328125
0 0.1984375 0.528125 0.0140625 0.021875
0 0.2796875 0.48203125 0.009375 0.01484375
0 0.15703125 0.71796875 0.02734375 0.0453125
0 0.39375 0.47890625 0.00703125 0.01171875
0 0.7703125 0.5140625 0.0140625 0.0171875
0 0.48125 0.50703125 0.01171875 0.01640625
0 0.4296875 0.4921875 0.009375 0.01484375
0 0.5546875 0.48203125 0.009375 0.01484375
0 0.2703125 0.5703125 0.0140625 0.021875
0 0.3296875 0.4953125 0.0109375 0.01328125
0 0.790625 0.7265625 0.0421875 0.04375
0 0.215625 0.7078125 0.03203125 0.03046875
0 0.753125 0.5203125 0.0125 0.01875
0 0.3703125 0.4921875 0.009375 0.01484375
0 0.56796875 0.4921875 0.0109375 0.01484375
0 0.5203125 0.4703125 0.00859375 0.01171875
0 0.1453125 0.5453125 0.0140625 0.021875
0 0.6890625 0.5171875 0.0140625 0.0203125
0 0.665625 0.5453125 0.0140625 0.01875
0 0.63359375 0.60234375 0.01953125 0.025
0 0.659375 0.609375 0.0203125 0.0203125
0 0.46796875 0.5171875 0.0125 0.0203125
0 0.321875 0.53203125 0.0140625 0.01875
0 0.1546875 0.49453125 0.0125 0.0171875
0 0.20390625 0.5875 0.015625 0.02890625
0 0.6046875 0.478125 0.009375 0.01328125
0 0.5890625 0.4890625 0.0109375 0.0171875
0 0.4921875 0.46796875 0.0078125 0.01328125
0 0.475 0.7375 0.028125 0.0453125
0 0.34453125 0.48203125 0.00859375 0.01171875
0 0.371875 0.5171875 0.0140625 0.0171875
0 0.734375 0.5171875 0.0140625 0.01875
0 0.53203125 0.4671875 0.0078125 0.01171875
0 0.70703125 0.5953125 0.0171875 0.025
0 0.5796875 0.4671875 0.0078125 0.01171875
0 0.803125 0.54609375 0.01484375 0.0203125
0 0.40546875 0.48125 0.00703125 0.01015625
0 0.6109375 0.51953125 0.0140625 0.0171875
0 0.77421875 0.6796875 0.028125 0.046875
0 0.50703125 0.4703125 0.0078125 0.01171875
0 0.45390625 0.478125 0.0109375 0.01328125
0 0.11796875 0.53125 0.01484375 0.0203125
0 0.98125 0.85 0.0359375 0.0890625
0 0.51484375 0.0984375 0.0125 0.0171875
0 0.5296875 0.9 0.04296875 0.06875
0 0.54375 0.46796875 0.0078125 0.01015625
0 0.61953125 0.47109375 0.00859375 0.01328125
0 0.38125 0.47890625 0.00859375 0.01171875
0 0.68125 0.4890625 0.0109375 0.01484375
0 0.70546875 0.49609375 0.0109375 0.01484375
0 0.48125 0.46796875 0.0078125 0.01328125
0 0.51796875 0.4921875 0.0109375 0.01484375
0 0.1828125 0.49921875 0.0140625 0.0171875
0 0.30390625 0.478125 0.00859375 0.01328125
0 0.13203125 0.5171875 0.01171875 0.0171875
0 0.45859375 0.4953125 0.0109375 0.01328125
0 0.56796875 0.4703125 0.00703125 0.01171875
0 0.4234375 0.47421875 0.0078125 0.01484375
0 0.10078125 0.528125 0.01484375 0.025
0 0.31875 0.48125 0.00859375 0.01328125
0 0.36796875 0.46796875 0.00703125 0.00703125
0 0.328125 0.46640625 0.0078125 0.01328125
0 0.73125 0.49609375 0.01171875 0.01484375
0 0.7859375 0.5125 0.0140625 0.0171875
0 0.3328125 0.48203125 0.00859375 0.01171875
0 0.61328125 0.5875 0.015625 0.0265625
0 0.54375 0.48203125 0.00859375 0.01171875
0 0.67578125 0.53046875 0.015625 0.01875
0 0.70625 0.48203125 0.0109375 0.01171875
0 0.97421875 0.61171875 0.02421875 0.03203125
0 0.44296875 0.46796875 0.00703125 0.01015625
0 0.38203125 0.45625 0.0078125 0.01015625
0 0.76484375 0.64140625 0.0234375 0.03203125
0 0.59296875 0.46796875 0.00703125 0.01015625
0 0.2296875 0.49453125 0.009375 0.01484375
0 0.49765625 0.53828125 0.01484375 0.021875
0 0.29375 0.5484375 0.01484375 0.025
0 0.30234375 0.4953125 0.0109375 0.01328125
0 0.14609375 0.65546875 0.0265625 0.0421875
0 0.35625 0.48203125 0.00859375 0.01171875
0 0.46796875 0.47109375 0.00703125 0.01328125
0 0.68828125 0.5453125 0.0140625 0.021875
0 0.53046875 0.48203125 0.0109375 0.01484375
0 0.79609375 0.49453125 0.0125 0.0171875
0 0.61875 0.45390625 0.00703125 0.00859375
0 0.62890625 0.453125 0.0078125 0.01015625
0 0.45390625 0.5234375 0.0140625 0.021875
0 0.64296875 0.48125 0.00859375 0.01328125
0 0.74453125 0.503125 0.0109375 0.01328125
0 0.22109375 0.56328125 0.01484375 0.021875
0 0.4484375 0.54921875 0.01484375 0.0234375
0 0.40546875 0.453125 0.0078125 0.01015625
0 0.2921875 0.46796875 0.009375 0.01328125
0 0.35625 0.4953125 0.009375 0.01328125
0 0.56875 0.45625 0.00703125 0.01015625
0 0.35546875 0.46796875 0.0078125 0.01015625
0 0.271875 0.52109375 0.01171875 0.0171875
0 0.1765625 0.7578125 0.0375 0.06015625
0 0.55546875 0.46796875 0.00703125 0.01015625
0 0.34453125 0.46796875 0.0078125 0.01015625
0 0.7703125 0.49296875 0.009375 0.01328125
0 0.41875 0.45625 0.0078125 0.01015625
0 0.45625 0.45703125 0.00703125 0.01171875
0 0.39296875 0.46796875 0.00703125 0.01015625
0 0.2640625 0.54921875 0.01484375 0.0203125
0 0.2453125 0.46796875 0.009375 0.01640625
0 0.503125 0.73984375 0.03046875 0.05390625
0 0.64296875 0.45625 0.00703125 0.01015625
0 0.50625 0.45625 0.00703125 0.01015625
0 0.603125 0.49609375 0.0109375 0.0171875
0 0.3671875 0.45625 0.00625 0.00703125
0 0.72578125 0.98828125 0.053125 0.0203125
0 0.60625 0.45625 0.00703125 0.00703125
0 0.23359375 0.584375 0.01640625 0.02890625
0 0.35625 0.45625 0.00703125 0.00703125
0 0.34375 0.45625 0.0078125 0.00703125
0 0.39296875 0.45625 0.00703125 0.01015625
0 0.51796875 0.45625 0.00703125 0.00703125
0 0.2171875 0.50390625 0.0109375 0.01484375
0 0.353125 0.51953125 0.01171875 0.0171875
0 0.54375 0.44296875 0.00703125 0.01015625
0 0.57890625 0.47890625 0.009375 0.01171875
0 0.46875 0.45625 0.0078125 0.01015625
0 0.58046875 0.44296875 0.00703125 0.00703125
0 0.44296875 0.45703125 0.00703125 0.01171875
0 0.31875 0.45703125 0.00859375 0.01171875
0 0.46796875 0.44296875 0.0078125 0.01015625
0 0.75390625 0.49140625 0.009375 0.01328125
0 0.5546875 0.44296875 0.00625 0.00703125
0 0.59296875 0.44296875 0.0078125 0.00703125
0 0.53046875 0.45625 0.00703125 0.00703125
0 0.25390625 0.48125 0.009375 0.01328125
0 0.41875 0.44296875 0.00703125 0.00703125
0 0.334375 0.56015625 0.01484375 0.025
0 0.59375 0.45625 0.0078125 0.00703125
0 0.26640625 0.4703125 0.009375 0.01171875
0 0.66875 0.45625 0.00703125 0.00703125
0 0.5546875 0.45625 0.00625 0.00703125
0 0.54375 0.45625 0.00703125 0.00703125
0 0.08046875 0.6546875 0.02265625 0.02890625
0 0.059375 0.30390625 0.0125 0.021875
0 0.4703125 0.09453125 0.01484375 0.01875
0 0.02109375 0.6515625 0.02265625 0.02890625
0 0.3671875 0.44296875 0.00625 0.00703125
0 0.6796875 0.46796875 0.0078125 0.01015625