0 0.0765625 0.40390625 0.0390625 0.0609375
0 0.02109375 0.63359375 0.0421875 0.0671875
0 0.5375 0.7046875 0.04765625 0.078125
0 0.4171875 0.6890625 0.05 0.08046875
0 0.51484375 0.0890625 0.0140625 0.021875
0 0.2359375 0.30859375 0.028125 0.0515625
0 0.1171875 0.37109375 0.03203125 0.05859375
0 0.59609375 0.86328125 0.0515625 0.0828125
0 0.4921875 0.59140625 0.04609375 0.07578125
0 0.25078125 0.540625 0.04296875 0.07109375
0 0.41015625 0.45703125 0.0390625 0.0609375
0 0.93125 0.371875 0.040625 0.0609375
0 0.7125 0.35234375 0.028125 0.0515625
0 0.37734375 0.58203125 0.04453125 0.07578125
0 0.5625 0.778125 0.04765625 0.078125
0 0.03359375 0.1125 0.01796875 0.02890625
0 0.88046875 0.3234375 0.0265625 0.04609375
0 0.43046875 0.40234375 0.0375 0.0484375
0 0.13671875 0.55390625 0.05 0.0734375
0 0.6 0.26796875 0.028125 0.04375
0 0.128125 0.4671875 0.04296875 0.065625
0 0.29375 0.421875 0.040625 0.06328125
0 0.2421875 0.65625 0.0546875 0.09296875
0 0.3953125 0.38203125 0.0375 0.0609375
0 0.2484375 0.9125 0.07109375 0.1171875
0 0.6 0.36953125 0.0390625 0.0609375
0 0.21640625 0.2453125 0.025 0.03671875
0 0.803125 0.4890625 0.03515625 0.065625
0 0.11640625 0.66953125 0.0546875 0.08515625
0 0.309375 0.70703125 0.0640625 0.09765625
0 0.57578125 0.478125 0.04609375 0.078125
0 0.7515625 0.8671875 0.0640625 0.1
0 0.27890625 0.28515625 0.03203125 0.0484375
0 0.27734375 0.21328125 0.02109375 0.03203125
0 0.0625 0.11796875 0.01796875 0.0265625
0 0.28203125 0.090625 0.0140625 0.01953125
0 0.5578125 0.271875 0.028125 0.04140625
0 0.8890625 0.93515625 0.0765625 0.11953125
0 0.45703125 0.23046875 0.03046875 0.04609375
0 0.50078125 0.93203125 0.05703125 0.09765625
0 0.69375 0.43671875 0.040625 0.06328125
0 0.82734375 0.1125 0.0140625 0.02421875
0 0.2140625 0.2015625 0.01953125 0.0265625
0 0.55703125 0.20859375 0.0234375 0.03671875
0 0.5078125 0.40234375 0.0390625 0.06328125
0 0.10625 0.8609375 0.0671875 0.10234375
0 0.21484375 0.1375 0.01796875 0.021875
0 0.8546875 0.18671875 0.01796875 0.021875
0 0.77734375 0.4125 0.040625 0.05390625
0 0.9859375 0.3390625 0.025 0.04375
0 0.39765625 0.24296875 0.028125 0.04609375
0 0.89453125 0.14140625 0.015625 0.02421875
0 0.73984375 0.6453125 0.065625 0.1046875
0 0.440625 0.328125 0.04296875 0.05625
0 0.90859375 0.17890625 0.015625 0.021875
0 0.80546875 0.2046875 0.015625 0.02421875
0 0.91796875 0.0171875 0.0140625 0.01953125
0 0.62734375 0.18515625 0.01796875 0.02421875
0 0.38515625 0.190625 0.01796875 0.02890625
0 0.91640625 0.68515625 0.05703125 0.0828125
0 0.875 0.1828125 0.015625 0.02421875
0 0.346875 0.30625 0.03046875 0.0515625
0 0.20234375 0.1609375 0.01796875 0.02421875
0 0.4828125 0.165625 0.01796875 0.02421875
0 0.12734375 0.0984375 0.015625 0.021875
0 0.978125 0.18515625 0.01953125 0.02890625
0 0.07578125 0.2671875 0.03359375 0.04609375
0 0.43125 0.15390625 0.01796875 0.02421875
0 0.35625 0.12421875 0.015625 0.02890625
0 0.9359375 0.21484375 0.01796875 0.02421875
0 0.20859375 0.3234375 0.0265625 0.03671875
0 0.3203125 0.2375 0.01953125 0.03203125
0 0.31875 0.0953125 0.015625 0.02421875
0 0.259375 0.1734375 0.01796875 0.02890625
0 0.4828125 0.14296875 0.0140625 0.021875
0 0.3234375 0.19140625 0.01796875 0.0265625
0 0.86171875 0.2609375 0.02109375 0.034375
0 0.8515625 0.2171875 0.015625 0.02421875
0 0.67421875 0.2328125 0.01953125 0.03203125
0 0.93515625 0.3015625 0.0375 0.04140625
0 0.1640625 0.171875 0.01953125 0.03203125
0 0.403125 0.1484375 0.01796875 0.02890625
0 0.92265625 0.25 0.01953125 0.03203125
0 0.65546875 0.0125 0.0140625 0.01953125
0 0.7921875 0.08046875 0.0140625 0.01953125
0 0.75390625 0.35390625 0.03046875 0.0484375
0 0.76640625 0.509375 0.0515625 0.0828125
0 0.81015625 0.25390625 0.02109375 0.02890625
0 0.0296875 0.28203125 0.0265625 0.03671875
0 0.30546875 0.3046875 0.028125 0.0484375
0 0.77734375 0.26796875 0.03046875 0.04375
0 0.04921875 0.240625 0.0234375 0.03671875
0 0.55234375 0.1453125 0.01796875 0.0265625
0 0.34453125 0.1953125 0.02109375 0.02890625
0 0.5765625 0.1265625 0.015625 0.02421875
0 0.60859375 0.084375 0.015625 0.021875
0 0.68046875 0.090625 0.0140625 0.01953125
0 0.7453125 0.22421875 0.01953125 0.02890625
0 0.59921875 0.109375 0.015625 0.01953125
0 0.9921875 0.11484375 0.0125 0.02421875
0 0.10390625 0.109375 0.015625 0.02421875
0 0.453125 0.1046875 0.01796875 0.02421875
0 0.62890625 0.5234375 0.04296875 0.065625
0 0.8890625 0.0390625 0.0125 0.01953125
0 0.72109375 0.08046875 0.0140625 0.01953125
0 0.553125 0.00703125 0.0125 0.0140625
0 0.903125 0.11796875 0.0125 0.021875
0 0.25390625 0.11328125 0.0140625 0.021875
0 0.6703125 0.0609375 0.0125 0.01953125
0 0.459375 0.1609375 0.01953125 0.02890625
0 0.17578125 0.11484375 0.01796875 0.02421875
0 0.54296875 0.084375 0.015625 0.021875
0 0.92734375 0.140625 0.0140625 0.021875
0 0.38046875 0.09140625 0.0140625 0.021875
0 0.80703125 0.03515625 0.0125 0.0171875
0 0.91015625 0.04296875 0.015625 0.021875
0 0.69296875 0.2109375 0.01796875 0.0265625
0 0.4921875 0.01953125 0.0140625 0.01953125
0 0.20390625 0.06796875 0.0109375 0.01953125
0 0.015625 0.065625 0.0140625 0.01953125
0 0.678125 0.1875 0.01796875 0.02421875
0 0.46484375 0.07890625 0.015625 0.021875
0 0.40390625 0.03671875 0.0125 0.01953125
0 0.18984375 0.08046875 0.0109375 0.01953125
0 0.5828125 0.1046875 0.01796875 0.01953125
0 0.3640625 0.0390625 0.0109375 0.01953125
0 0.6125 0.14375 0.01796875 0.02421875
0 0.48203125 0.46328125 0.0375 0.05859375
0 0.69375 0.04296875 0.0125 0.0171875
0 0.60234375 0.05390625 0.0109375 0.01953125
0 0.2453125 0.071875 0.0140625 0.0171875
0 0.4671875 0.00625 0.0109375 0.0125
0 0.290625 0.065625 0.0125 0.01953125
0 0.11875 0.05390625 0.0140625 0.01953125
0 0.79609375 0.11796875 0.0140625 0.021875
0 0.81953125 0.021875 0.0125 0.01484375
0 0.36953125 0.07890625 0.0140625 0.021875
0 0.0265625 0.0375 0.0109375 0.0171875
0 0.75703125 0.065625 0.0109375 0.01953125
0 0.146875 0.0765625 0.015625 0.021875
0 0.92890625 0.53203125 0.053125 0.0828125
0 0.29609375 0.02890625 0.0125 0.01953125
0 0.24453125 0.021875 0.0125 0.01484375
0 0.29609375 0.10859375 0.015625 0.021875
0 0.65625 0.0875 0.0125 0.01953125
0 0.51484375 0.05234375 0.0140625 0.021875
0 0.54609375 0.11796875 0.015625 0.021875
0 0.70234375 0.0890625 0.0125 0.021875
0 0.5390625 0.01328125 0.0125 0.021875
0 0.86640625 0.2109375 0.0140625 0.021875
0 0.74609375 0.03046875 0.0109375 0.0171875
0 0.46875 0.0390625 0.0140625 0.01953125
0 0.25859375 0.05703125 0.0125 0.0171875
0 0.6640625 0.34140625 0.028125 0.04375
0 0.94609375 0.0265625 0.0125 0.01484375
0 0.734375 0.05390625 0.0125 0.01953125
0 0.87578125 0.115625 0.0140625 0.021875
0 0.1890625 0.0390625 0.0125 0.01953125
0 0.58203125 0.00625 0.0125 0.0125
0 0.57890625 0.040625 0.0109375 0.0171875
0 0.08984375 0.05 0.0125 0.0171875
0 0.15078125 0.35703125 0.028125 0.0515625
0 0.96640625 0.03046875 0.0109375 0.0171875
0 0.2203125 0.11328125 0.0140625 0.021875
0 0.00625 0.0890625 0.0125 0.021875
0 0.7203125 0.0375 0.0125 0.0171875
0 0.065625 0.0546875 0.0140625 0.0171875
0 0.38046875 0.01953125 0.0140625 0.01953125
0 0.34453125 0.0328125 0.0109375 0.0171875
0 0.75703125 0.04375 0.0109375 0.01953125
0 0.1453125 0.02890625 0.0109375 0.01953125
0 0.19296875 0.13046875 0.015625 0.021875
0 0.3765625 0.00625 0.0140625 0.0125
0 0.096875 0.2109375 0.0265625 0.04140625
0 0.99453125 0.021875 0.00703125 0.01484375
0 0.70703125 0.06328125 0.0140625 0.01953125
0 0.79296875 0.040625 0.0125 0.0171875
0 0.38046875 0.04765625 0.0140625 0.0171875
0 0.734375 0.09296875 0.0125 0.01953125
0 0.415625 0.040625 0.0109375 0.0171875
0 0.940625 0.184375 0.015625 0.021875
0 0.71640625 0.240625 0.015625 0.021875
0 0.8578125 0.0875 0.0140625 0.01953125
0 0.64140625 0.08515625 0.0140625 0.01953125
0 0.5203125 0.01484375 0.0140625 0.01953125
0 0.4828125 0.10625 0.0140625 0.021875
0 0.14375 0.0546875 0.0109375 0.0171875
0 0.8421875 0.0265625 0.0109375 0.01484375
0 0.87109375 0.0328125 0.0125 0.0171875
0 0.91640625 0.21953125 0.01796875 0.02421875
0 0.43125 0.01796875 0.0140625 0.021875
0 0.85625 0.1234375 0.0140625 0.0171875
0 0.978125 0.015625 0.0125 0.0171875
0 0.21640625 0.07109375 0.0140625 0.01484375
0 0.1578125 0.040625 0.0109375 0.0171875
0 0.025 0.73515625 0.04609375 0.07109375
0 0.315625 0.02890625 0.0125 0.01953125
0 0.978125 0.04296875 0.0125 0.021875
0 0.62109375 0.01953125 0.0125 0.01953125
0 0.4546875 0.05625 0.0140625 0.01953125
0 0.678125 0.02109375 0.0109375 0.0125
0 0.6640625 0.30390625 0.028125 0.03671875
0 0.4796875 0.33515625 0.03203125 0.04609375
0 0.459375 0.13671875 0.015625 0.01953125
0 0.215625 0.0328125 0.0125 0.0171875
0 0.15546875 0.20390625 0.01953125 0.0265625
0 0.50625 0.2625 0.025 0.03671875
0 0.903125 0.0171875 0.0125 0.01953125
0 0.4046875 0.1234375 0.01796875 0.0171875
0 0.82421875 0.078125 0.0140625 0.01953125
0 0.59375 0.01796875 0.0125 0.0171875
0 0.65546875 0.184375 0.01796875 0.0265625
0 0.11875 0.15390625 0.01796875 0.02890625
0 0.16796875 0.06796875 0.0125 0.01953125
0 0.628125 0.04375 0.0125 0.01953125
0 0.7265625 0.18671875 0.01796875 0.021875
0 0.12734375 0.03515625 0.0125 0.0171875
0 0.93359375 0.028125 0.0125 0.0125
0 0.940625 0.26484375 0.01953125 0.021875
0 0.03359375 0.34609375 0.03203125 0.0390625
0 0.59375 0.1375 0.015625 0.021875
0 0.1578125 0.14296875 0.01796875 0.021875
0 0.75703125 0.20390625 0.01796875 0.021875
0 0.22890625 0.09375 0.0140625 0.021875
0 0.68125 0.1375 0.015625 0.021875
0 0.81015625 0.140625 0.0140625 0.021875
0 0.00390625 0.0265625 0.00703125 0.01484375
0 0.7796875 0.23515625 0.02109375 0.021875
0 0.97890625 0.09296875 0.0140625 0.02421875
0 0.12421875 0.31484375 0.03203125 0.034375
0 0.68359375 0.1125 0.0140625 0.01953125
0 0.20234375 0.10859375 0.0140625 0.021875
0 0.22734375 0.0390625 0.0109375 0.01953125
0 0.6453125 0.215625 0.01953125 0.021875
0 0.9453125 0.08515625 0.0140625 0.01953125
0 0.19296875 0.5265625 0.0375 0.06328125
0 0.553125 0.02578125 0.0125 0.0171875
0 0.90390625 0.240625 0.01796875 0.03203125
0 0.1765625 0.14375 0.015625 0.02421875
0 0.6421875 0.128125 0.015625 0.021875
0 0.11796875 0.00625 0.0125 0.0125
0 0.82578125 0.20234375 0.01796875 0.02421875
0 0.08203125 0.00625 0.0109375 0.0125
0 0.2671875 0.00625 0.0125 0.0125
0 0.84296875 0.0890625 0.0125 0.021875
0 0.590625 0.9890625 0.065625 0.0171875
0 0.81171875 0.10703125 0.0109375 0.01953125
0 0.15625 0.01796875 0.0109375 0.0171875
0 0.1046875 0.04296875 0.0140625 0.0171875
0 0.21640625 0.05390625 0.0140625 0.01953125
0 0.78203125 0.0546875 0.0125 0.0171875
0 0.871875 0.23671875 0.01796875 0.02421875
0 0.93046875 0.05859375 0.0140625 0.01953125
0 0.759375 0.1671875 0.015625 0.021875
0 0.525 0.46328125 0.0375 0.05390625
0 0.49609375 0.0390625 0.0125 0.01953125
0 0.33359375 0.065625 0.0140625 0.01953125
0 0.55703125 0.05625 0.0125 0.01953125
0 0.23125 0.0609375 0.0140625 0.01953125
0 0.83359375 0.05390625 0.0125 0.01953125
0 0.08046875 0.1109375 0.015625 0.021875
0 0.3046875 0.059375 0.0125 0.0171875
0 0.2625 0.07421875 0.0140625 0.0171875
0 0.69296875 0.021875 0.0109375 0.01484375
0 0.26796875 0.04296875 0.0109375 0.0171875
0 0.06640625 0.0046875 0.0125 0.009375
0 0.2296875 0.1625 0.015625 0.021875
0 0.87109375 0.00625 0.0125 0.0125
0 0.6578125 0.14375 0.015625 0.02421875
0 0.5671875 0.03046875 0.0125 0.0171875
0 0.375 0.315625 0.028125 0.04140625
0 0.1796875 0.028125 0.0109375 0.0125
0 0.05234375 0.03671875 0.0125 0.01953125
0 0.28125 0.0390625 0.0125 0.01953125
0 0.99140625 0.071875 0.0140625 0.0171875
0 0.87265625 0.09609375 0.015625 0.0171875
0 0.41015625 0.2046875 0.02109375 0.02890625
0 0.33984375 0.00625 0.015625 0.0125
0 0.6015625 0.2328125 0.01953125 0.021875
0 0.96328125 0.08046875 0.015625 0.01953125