0 0.8109375 0.8265625 0.0578125 0.08984375
0 0.7984375 0.4359375 0.03125 0.04921875
0 0.49375 0.3421875 0.02734375 0.0390625
0 0.378125 0.1609375 0.01484375 0.021875
0 0.65546875 0.08046875 0.0140625 0.01796875
0 0.346875 0.16875 0.01484375 0.025
0 0.51640625 0.12421875 0.0140625 0.025
0 0.20234375 0.37890625 0.03125 0.05234375
0 0.79609375 0.09375 0.01484375 0.0234375
0 0.940625 0.284375 0.0265625 0.04296875
0 0.56875 0.09296875 0.0125 0.01953125
0 0.79296875 0.1390625 0.0171875 0.02578125
0 0.64140625 0.12890625 0.01484375 0.02578125
0 0.571875 0.11640625 0.01484375 0.021875
0 0.64140625 0.2140625 0.021875 0.0328125
0 0.42109375 0.73203125 0.0578125 0.09609375
0 0.246875 0.23046875 0.01875 0.03125
0 0.8390625 0.11171875 0.01640625 0.02578125
0 0.0890625 0.478125 0.0390625 0.05859375
0 0.78125 0.5015625 0.0390625 0.06015625
0 0.07265625 0.2828125 0.0203125 0.03125
0 0.98125 0.5875 0.03515625 0.07578125
0 0.4890625 0.24921875 0.02265625 0.0328125
0 0.6765625 0.9140625 0.071875 0.12265625
0 0.5015625 0.221875 0.02265625 0.0296875
0 0.60703125 0.63125 0.0515625 0.08828125
0 0.40859375 0.1625 0.01484375 0.02578125
0 0.53046875 0.08046875 0.0125 0.01796875
0 0.2875 0.2171875 0.0203125 0.03125
0 0.878125 0.0765625 0.01484375 0.021875
0 0.73984375 0.11015625 0.01484375 0.021875
0 0.5453125 0.1390625 0.01484375 0.0234375
0 0.6765625 0.06875 0.01171875 0.01796875
0 0.73125 0.31875 0.0265625 0.04140625
0 0.915625 0.12421875 0.01875 0.025
0 0.821875 0.33046875 0.028125 0.04453125
0 0.5796875 0.1515625 0.0171875 0.0296875
0 0.9046875 0.0765625 0.0140625 0.01953125
0 0.159375 0.225 0.0171875 0.025
0 0.4265625 0.24375 0.021875 0.03515625
0 0.77734375 0.06953125 0.0140625 0.0171875
0 0.78359375 0.3078125 0.0265625 0.040625
0 0.85625 0.3296875 0.0296875 0.04140625
0 0.3234375 0.15 0.01484375 0.021875
0 0.94375 0.359375 0.03125 0.04921875
0 0.8078125 0.12890625 0.015625 0.0234375
0 0.2875 0.1546875 0.01484375 0.02109375
0 0.9015625 0.0296875 0.01171875 0.0171875
0 0.140625 0.09140625 0.01171875 0.01796875
0 0.69140625 0.07578125 0.01171875 0.015625
0 0.94140625 0.0765625 0.0140625 0.01953125
0 0.7453125 0.06875 0.01171875 0.01796875
0 0.68515625 0.1328125 0.01640625 0.02578125
0 0.303125 0.1265625 0.01171875 0.02109375
0 0.46640625 0.0765625 0.0109375 0.01953125
0 0.78203125 0.03125 0.0109375 0.01328125
0 0.83203125 0.0828125 0.015625 0.01953125
0 0.9828125 0.02890625 0.0140625 0.01796875
0 0.415625 0.06875 0.0109375 0.0171875
0 0.63984375 0.10078125 0.0140625 0.0171875
0 0.021875 0.1890625 0.01875 0.02578125
0 0.96953125 0.05625 0.0140625 0.021875
0 0.95859375 0.1484375 0.0203125 0.02578125
0 0.165625 0.09375 0.0109375 0.01796875
0 0.5421875 0.04296875 0.009375 0.01328125
0 0.3203125 0.08125 0.009375 0.0140625
0 0.82890625 0.0296875 0.0109375 0.01328125
0 0.53828125 0.11640625 0.0140625 0.01953125
0 0.1796875 0.1140625 0.01171875 0.01953125
0 0.55390625 0.0765625 0.009375 0.0171875
0 0.9875 0.09296875 0.0171875 0.025
0 0.92109375 0.06015625 0.0140625 0.01796875
0 0.07734375 0.103125 0.01171875 0.0171875
0 0.20546875 0.10078125 0.0109375 0.0171875
0 0.89453125 0.00703125 0.009375 0.0140625
0 0.8203125 0.06796875 0.0140625 0.01796875
0 0.75859375 0.0703125 0.01171875 0.01796875
0 0.34453125 0.0796875 0.009375 0.0140625
0 0.5890625 0.10078125 0.01171875 0.01953125
0 0.653125 0.0421875 0.0109375 0.0140625
0 0.48359375 0.06796875 0.0109375 0.01796875
0 0.3328125 0.0796875 0.009375 0.015625
0 0.99375 0.053125 0.009375 0.02109375
0 0.11015625 0.09453125 0.0140625 0.0171875
0 0.8046875 0.02890625 0.009375 0.01328125
0 0.75703125 0.02578125 0.009375 0.01328125
0 0.61796875 0.0421875 0.00859375 0.0140625
0 0.240625 0.08046875 0.0109375 0.01328125
0 0.9203125 0.01328125 0.009375 0.015625
0 0.13203125 0.05625 0.009375 0.0140625
0 0.20546875 0.0796875 0.00859375 0.01328125
0 0.63125 0.04140625 0.00859375 0.01328125
0 0.94296875 0.00625 0.0109375 0.0125
0 0.8578125 0.01875 0.009375 0.0140625
0 0.26640625 0.10546875 0.009375 0.01328125
0 0.1546875 0.1140625 0.01171875 0.01953125
0 0.51875 0.04140625 0.00703125 0.01328125
0 0.60546875 0.01796875 0.0078125 0.01328125
0 0.503125 0.04375 0.00859375 0.0140625
0 0.88203125 0.00625 0.01171875 0.01171875
0 0.41875 0.0296875 0.0078125 0.01015625
0 0.30625 0.0296875 0.00703125 0.01015625
0 0.23203125 0.103125 0.0109375 0.0140625
0 0.56640625 0.18125 0.0171875 0.02578125
0 0.81875 0.0171875 0.00859375 0.01328125
0 0.6171875 0.01796875 0.0078125 0.01328125
0 0.63203125 0.0171875 0.0078125 0.01171875
0 0.1640625 0.06953125 0.009375 0.0140625
0 0.3421875 0.04453125 0.00859375 0.01328125
0 0.19140625 0.0796875 0.0078125 0.01328125
0 0.2703125 0.05625 0.00859375 0.01328125
0 0.0921875 0.05625 0.00859375 0.01328125
0 0.80390625 0.06875 0.0140625 0.01796875
0 0.40703125 0.04375 0.0078125 0.01171875
0 0.7484375 0.0890625 0.0140625 0.01953125
0 0.9328125 0.040625 0.0125 0.0171875
0 0.04375 0.06875 0.0109375 0.01328125
0 0.96640625 0.00625 0.0109375 0.01171875
0 0.19375 0.1046875 0.0109375 0.0140625
0 0.56953125 0.01796875 0.0078125 0.01328125
0 0.43125 0.03046875 0.00703125 0.01171875
0 0.29453125 0.0890625 0.0109375 0.0140625
0 0.028125 0.0671875 0.0125 0.0140625
0 0.8546875 0.065625 0.0140625 0.01953125
0 0.66875 0.0171875 0.0078125 0.01171875
0 0.76796875 0.0296875 0.00859375 0.01328125
0 0.36875 0.04296875 0.00703125 0.01328125
0 0.80546875 0.00546875 0.00859375 0.01015625
0 0.0375 0.28203125 0.02265625 0.0296875
0 0.0921875 0.06875 0.0109375 0.01328125
0 0.6828125 0.0296875 0.00859375 0.01328125
0 0.25703125 0.05546875 0.0078125 0.01171875
0 0.06953125 0.05625 0.009375 0.01328125
0 0.33046875 0.04375 0.00859375 0.01171875
0 0.24296875 0.103125 0.00859375 0.0140625
0 0.63984375 0.0765625 0.0125 0.0171875
0 0.95546875 0.01640625 0.0109375 0.0140625
0 0.8578125 0.00625 0.009375 0.01171875
0 0.60859375 0.1109375 0.0125 0.01953125
0 0.7609375 0.08828125 0.0140625 0.02109375
0 0.5921875 0.01796875 0.00859375 0.01328125
0 0.29375 0.0296875 0.00703125 0.01015625
0 0.7921875 0.00546875 0.0109375 0.01015625
0 0.1046875 0.0703125 0.0109375 0.01328125
0 0.62265625 0.0953125 0.0109375 0.01796875
0 0.93046875 0.01875 0.0109375 0.0140625
0 0.74296875 0.03125 0.00859375 0.01328125
0 0.83125 0.00546875 0.0109375 0.01015625
0 0.5171875 0.01875 0.0078125 0.01171875
0 0.50625 0.03046875 0.00703125 0.01171875
0 0.5015625 0.0703125 0.0109375 0.015625
0 0.8421875 0.0296875 0.009375 0.0140625
0 0.871875 0.0296875 0.0125 0.0140625
0 0.64375 0.01796875 0.00703125 0.01328125
0 0.39140625 0.0796875 0.0109375 0.015625
0 0.73828125 0.21796875 0.021875 0.0328125
0 0.3171875 0.0296875 0.0078125 0.009375
0 0.36796875 0.03046875 0.00703125 0.00625
0 0.946875 0.04296875 0.0125 0.01796875
0 0.35859375 0.06875 0.0109375 0.0171875
0 0.41875 0.0171875 0.00703125 0.00625
0 0.24296875 0.03046875 0.00703125 0.01171875
0 0.33046875 0.0296875 0.00703125 0.0078125
0 0.415625 0.04296875 0.0078125 0.01328125
0 0.56796875 0.04453125 0.0109375 0.015625
0 0.39296875 0.03046875 0.00703125 0.01171875
0 0.78203125 0.0171875 0.009375 0.0140625
0 0.4671875 0.04296875 0.00859375 0.01328125
0 0.665625 0.10078125 0.0140625 0.01953125
0 0.31953125 0.04296875 0.0078125 0.01328125
0 0.55546875 0.0171875 0.00703125 0.01171875
0 0.69453125 0.03125 0.0078125 0.01328125
0 0.39296875 0.01796875 0.00703125 0.0078125
0 0.38125 0.0296875 0.00703125 0.009375
0 0.0546875 0.09140625 0.01171875 0.015625
0 0.2828125 0.0921875 0.0109375 0.01328125
0 0.29296875 0.0421875 0.0078125 0.01171875
0 0.57890625 0.24375 0.021875 0.0375
0 0.20390625 0.04296875 0.009375 0.01328125
0 0.54375 0.0171875 0.00703125 0.0078125
0 0.89609375 0.053125 0.0125 0.01796875
0 0.90546875 0.00625 0.0109375 0.01171875
0 0.55546875 0.03046875 0.00703125 0.01171875
0 0.7953125 0.0296875 0.009375 0.01328125
0 0.07890625 0.05625 0.009375 0.01328125
0 0.50703125 0.0171875 0.0078125 0.01171875
0 0.25703125 0.0296875 0.0078125 0.01015625
0 0.59296875 0.17890625 0.01875 0.025
0 0.21796875 0.01875 0.0078125 0.01171875
0 0.6453125 0.00546875 0.00859375 0.0078125
0 0.35625 0.04296875 0.0078125 0.01328125
0 0.61796875 0.00546875 0.00703125 0.0078125
0 0.6859375 0.01171875 0.0078125 0.01328125
0 0.75390625 0.00546875 0.009375 0.01015625
0 0.2234375 0.07421875 0.00859375 0.01328125
0 0.66875 0.1234375 0.01484375 0.0234375
0 0.53046875 0.0171875 0.0078125 0.01171875
0 0.05703125 0.05625 0.00859375 0.01171875
0 0.97109375 0.20078125 0.02421875 0.03671875
0 0.65546875 0.00546875 0.0078125 0.01015625
0 0.40546875 0.0171875 0.00703125 0.00625
0 0.19296875 0.06796875 0.00703125 0.01015625
0 0.1390625 0.19375 0.015625 0.025
0 0.7703125 0.0171875 0.00859375 0.01328125
0 0.66875 0.0296875 0.00859375 0.01328125
0 0.30625 0.0421875 0.00703125 0.01171875
0 0.8421875 0.00625 0.009375 0.01171875
0 0.66875 0.00546875 0.00703125 0.0078125
0 0.2125 0.0375 0.00703125 0.01171875
0 0.40546875 0.0296875 0.00703125 0.0078125
0 0.26796875 0.0796875 0.00859375 0.01171875
0 0.26796875 0.0296875 0.00703125 0.009375
0 0.44375 0.0296875 0.00703125 0.01015625
0 0.51796875 0.0671875 0.00859375 0.0140625
0 0.25625 0.06875 0.00859375 0.01171875
0 0.55390625 0.046875 0.00859375 0.015625
0 0.38125 0.01796875 0.00703125 0.0078125
0 0.4921875 0.0046875 0.0078125 0.009375
0 0.6546875 0.0171875 0.0078125 0.01171875
0 0.21328125 0.06171875 0.00859375 0.01171875
0 0.28046875 0.0296875 0.0078125 0.009375
0 0.02109375 0.09296875 0.0125 0.0140625
0 0.44375 0.01796875 0.00703125 0.0078125
0 0.965625 0.0296875 0.0125 0.01796875
0 0.071875 0.1296875 0.01171875 0.0171875
0 0.803125 0.04375 0.01171875 0.0171875
0 0.59296875 0.00546875 0.00703125 0.0078125
0 0.0375 0.0875 0.0109375 0.0140625
0 0.23125 0.03125 0.00703125 0.0078125
0 0.47421875 0.025 0.00703125 0.01328125
0 0.34296875 0.03046875 0.0078125 0.00625
0 0.24453125 0.05546875 0.00859375 0.01171875
0 0.50625 0.00546875 0.00703125 0.0078125
0 0.3078125 0.06796875 0.009375 0.01328125
0 0.2296875 0.0171875 0.0078125 0.01171875
0 0.1796875 0.06875 0.0078125 0.01171875