0 0.68828125 0.3296875 0.0328125 0.05078125
0 0.1515625 0.5375 0.0390625 0.06015625
0 0.27421875 0.49296875 0.03984375 0.0609375
0 0.31328125 0.35 0.028125 0.0484375
0 0.56953125 0.4125 0.040625 0.05703125
0 0.2765625 0.30625 0.03046875 0.04921875
0 0.69140625 0.04140625 0.015625 0.02109375
0 0.81640625 0.42421875 0.0390625 0.0625
0 0.70390625 0.553125 0.0515625 0.07265625
0 0.065625 0.05625 0.01484375 0.021875
0 0.56953125 0.15 0.021875 0.03125
0 0.8328125 0.32578125 0.03515625 0.0546875
0 0.30859375 0.09453125 0.0140625 0.021875
0 0.73984375 0.040625 0.01640625 0.025
0 0.4859375 0.1859375 0.0234375 0.03515625
0 0.43828125 0.1875 0.0234375 0.03125
0 0.7703125 0.04453125 0.015625 0.0234375
0 0.85625 0.2015625 0.0328125 0.040625
0 0.48984375 0.03046875 0.0125 0.01953125
0 0.9109375 0.37578125 0.03515625 0.05859375
0 0.93046875 0.0875 0.0203125 0.03125
0 0.5171875 0.15390625 0.01953125 0.03125
0 0.4359375 0.01796875 0.01171875 0.01796875
0 0.6421875 0.09140625 0.01953125 0.03125
0 0.7921875 0.06171875 0.0171875 0.0328125
0 0.7875 0.28828125 0.02421875 0.0296875
0 0.70234375 0.0796875 0.01640625 0.0296875
0 0.546875 0.09921875 0.0171875 0.02578125
0 0.53828125 0.0328125 0.0140625 0.02109375
0 0.915625 0.02265625 0.01875 0.02734375
0 0.165625 0.17578125 0.021875 0.03125
0 0.6234375 0.01328125 0.0140625 0.0234375
0 0.659375 0.0265625 0.01640625 0.025
0 0.16015625 0.13671875 0.015625 0.0234375
0 0.73515625 0.0859375 0.015625 0.02578125
0 0.2421875 0.06796875 0.01171875 0.01796875
0 0.171875 0.09921875 0.015625 0.0234375
0 0.25625 0.0171875 0.01171875 0.015625
0 0.1890625 0.14296875 0.01640625 0.02578125
0 0.35078125 0.0984375 0.0140625 0.021875
0 0.3984375 0.15 0.0171875 0.025
0 0.596875 0.06875 0.01484375 0.0234375
0 0.94609375 0.04296875 0.0171875 0.02578125
0 0.20390625 0.1 0.01484375 0.02109375
0 0.8265625 0.02578125 0.01484375 0.0234375
0 0.465625 0.02890625 0.0140625 0.01796875
0 0.02109375 0.2453125 0.02421875 0.03515625
0 0.70234375 0.01953125 0.0140625 0.02109375
0 0.34453125 0.021875 0.01171875 0.01796875
0 0.7171875 0.05078125 0.015625 0.0234375
0 0.090625 0.01328125 0.0125 0.01796875
0 0.19375 0.0140625 0.0109375 0.0171875
0 0.27109375 0.0609375 0.0125 0.01796875
0 0.89296875 0.19921875 0.0203125 0.03125
0 0.55625 0.01796875 0.0125 0.01796875
0 0.6359375 0.04296875 0.015625 0.0234375
0 0.00859375 0.19765625 0.0171875 0.03671875
0 0.07109375 0.0328125 0.0140625 0.01796875
0 0.86796875 0.01171875 0.01640625 0.0234375
0 0.38671875 0.0375 0.01171875 0.01953125
0 0.6859375 0.09140625 0.01875 0.03125
0 0.40703125 0.02890625 0.01171875 0.01796875
0 0.13125 0.38671875 0.06328125 0.07578125
0 0.13125 0.0296875 0.0109375 0.0140625
0 0.14375 0.01796875 0.01171875 0.01796875
0 0.30234375 0.0515625 0.0125 0.01953125
0 0.58359375 0.025 0.0125 0.01953125
0 0.15546875 0.01796875 0.0125 0.01796875
0 0.78125 0.00625 0.01875 0.0125
0 0.16875 0.0140625 0.0109375 0.015625
0 0.23125 0.00625 0.01171875 0.01171875
0 0.58359375 0.0484375 0.01484375 0.02109375
0 0.3703125 0.03515625 0.01171875 0.01796875
0 0.6546875 0.00625 0.01484375 0.01171875
0 0.48359375 0.00703125 0.0125 0.0140625
0 0.03203125 0.0078125 0.0140625 0.015625
0 0.9390625 0.2 0.02734375 0.0375
0 0.06875 0.00625 0.0125 0.01171875
0 0.30625 0.00625 0.0125 0.0125
0 0.03359375 0.0953125 0.0125 0.02109375
0 0.20859375 0.134375 0.01640625 0.025
0 0.61796875 0.04296875 0.01484375 0.0234375
0 0.115625 0.04296875 0.0125 0.01796875
0 0.884375 0.01875 0.0171875 0.0296875
0 0.18046875 0.00546875 0.0109375 0.01015625
0 0.36484375 0.00625 0.0109375 0.0125
0 0.1171875 0.021875 0.01171875 0.01796875
0 0.00625 0.0796875 0.0125 0.02109375
0 0.15703125 0.0734375 0.0140625 0.01953125
0 0.30703125 0.02890625 0.0109375 0.015625
0 0.2796875 0.00625 0.0109375 0.01171875
0 0.3921875 0.01640625 0.01171875 0.0171875
0 0.20390625 0.00546875 0.009375 0.01015625
0 0.415625 0.00546875 0.01171875 0.01015625
0 0.28046875 0.02890625 0.0109375 0.01328125
0 0.46953125 0.0078125 0.0125 0.015625
0 0.415625 0.05625 0.0125 0.01953125
0 0.43203125 0.046875 0.0109375 0.01796875
0 0.8328125 0.00625 0.0171875 0.01171875
0 0.18671875 0.0828125 0.0140625 0.01953125
0 0.6203125 0.609375 0.0171875 0.02578125
0 0.18203125 0.01796875 0.0109375 0.01796875
0 0.05625 0.0171875 0.0125 0.01796875
0 0.384375 0.11875 0.0171875 0.0234375
0 0.14765625 0.04296875 0.0140625 0.01796875
0 0.815625 0.00625 0.015625 0.0125