0 0.415625 0.7703125 0.02734375 0.090625
0 0.15703125 0.2921875 0.01875 0.05234375
0 0.18984375 0.82890625 0.034375 0.1140625
0 0.33828125 0.9734375 0.03359375 0.046875
0 0.225 0.5703125 0.02578125 0.0875
0 0.2703125 0.28671875 0.01953125 0.05234375
0 0.03359375 0.25703125 0.01796875 0.05859375
0 0.275 0.69765625 0.0296875 0.07890625
0 0.115625 0.321875 0.01875 0.05859375
0 0.43203125 0.97109375 0.034375 0.05234375
0 0.11875 0.25 0.01640625 0.05
0 0.51328125 0.7328125 0.02265625 0.08515625
0 0.1875 0.44765625 0.0203125 0.0703125
0 0.85234375 0.95625 0.03515625 0.07578125
0 0.13125 0.43984375 0.02421875 0.0734375
0 0.4828125 0.390625 0.0203125 0.06171875
0 0.53203125 0.3421875 0.01875 0.046875
0 0.58828125 0.859375 0.0296875 0.0875
0 0.0171875 0.28515625 0.01875 0.05
0 0.2203125 0.39453125 0.01796875 0.05859375
0 0.21484375 0.4765625 0.021875 0.05859375
0 0.278125 0.1765625 0.01796875 0.05
0 0.7 0.37421875 0.01640625 0.05859375
0 0.4453125 0.38046875 0.01796875 0.05859375
0 0.21484375 0.21953125 0.01796875 0.05859375
0 0.834375 0.84921875 0.0296875 0.07890625
0 0.73359375 0.3453125 0.01875 0.05859375
0 0.321875 0.8234375 0.0375 0.10234375
0 0.53203125 0.478125 0.021875 0.0734375
0 0.56640625 0.33515625 0.0203125 0.05
0 0.6515625 0.359375 0.01796875 0.05234375
0 0.20390625 0.1390625 0.01484375 0.05
0 0.76640625 0.23359375 0.0125 0.046875
0 0.909375 0.28515625 0.015625 0.05
0 0.671875 0.2484375 0.01796875 0.05234375
0 0.7359375 0.43828125 0.01875 0.08203125
0 0.95625 0.34921875 0.01875 0.0671875
0 0.49921875 0.5640625 0.02578125 0.08203125
0 0.190625 0.26328125 0.01796875 0.05859375
0 0.6765625 0.30859375 0.01953125 0.05546875
0 0.925 0.390625 0.01875 0.05
0 0.028125 0.3875 0.021875 0.0671875
0 0.584375 0.52890625 0.02265625 0.07578125
0 0.3421875 0.1390625 0.0140625 0.04375
0 0.87265625 0.1171875 0.01796875 0.05234375
0 0.7828125 0.571875 0.021875 0.090625
0 0.68046875 0.51484375 0.0203125 0.05859375
0 0.790625 0.09921875 0.015625 0.046875
0 0.2609375 0.41796875 0.01640625 0.05859375
0 0.25703125 0.0421875 0.0140625 0.04375
0 0.9203125 0.615625 0.0265625 0.12578125
0 0.6125 0.78515625 0.02265625 0.0671875
0 0.334375 0.34921875 0.01796875 0.06171875
0 0.87734375 0.20625 0.01796875 0.04375
0 0.33359375 0.69140625 0.0265625 0.07890625
0 0.684375 0.44140625 0.01796875 0.0640625
0 0.2703125 0.21953125 0.01796875 0.05234375
0 0.46953125 0.2484375 0.0140625 0.05234375
0 0.6828125 0.59375 0.02421875 0.0875
0 0.37109375 0.2328125 0.01484375 0.04375
0 0.46015625 0.315625 0.01640625 0.05859375
0 0.121875 0.18125 0.015625 0.05859375
0 0.85859375 0.34921875 0.01796875 0.05546875
0 0.2921875 0.24140625 0.01640625 0.05
0 0.61015625 0.27890625 0.01640625 0.05546875
0 0.571875 0.39453125 0.021875 0.0640625
0 0.40625 0.32890625 0.01640625 0.05546875
0 0.33984375 0.44609375 0.0234375 0.0734375
0 0.62265625 0.69609375 0.02578125 0.0875
0 0.0890625 0.271875 0.01953125 0.05859375
0 0.54609375 0.0953125 0.01796875 0.0671875
0 0.1046875 0.55546875 0.0265625 0.09921875
0 0.62734375 0.48359375 0.0234375 0.0671875
0 0.29609375 0.115625 0.01640625 0.04375
0 0.0203125 0.21953125 0.0203125 0.05234375
0 0.6703125 0.39609375 0.01953125 0.06171875
0 0.57890625 0.02890625 0.01484375 0.05234375
0 0.68203125 0.040625 0.0140625 0.05234375
0 0.3046875 0.18984375 0.0140625 0.040625
0 0.165625 0.1765625 0.01484375 0.05
0 0.9328125 0.44765625 0.021875 0.0875
0 0.07109375 0.16640625 0.0140625 0.05859375
0 0.34765625 0.2328125 0.015625 0.04375
0 0.08046875 0.37265625 0.021875 0.06171875
0 0.26171875 0.7984375 0.03046875 0.10546875
0 0.80625 0.4546875 0.0203125 0.0734375
0 0.253125 0.3375 0.01875 0.0734375
0 0.35546875 0.1171875 0.0140625 0.046875
0 0.47890625 0.478125 0.0203125 0.0734375
0 0.75703125 0.08046875 0.01484375 0.04375
0 0.16484375 0.69765625 0.0265625 0.10234375
0 0.6140625 0.2046875 0.01796875 0.05859375
0 0.75703125 0.44609375 0.01640625 0.06171875
0 0.184375 0.390625 0.01953125 0.05
0 0.1015625 0.18984375 0.01796875 0.05859375
0 0.16796875 0.4765625 0.021875 0.05859375
0 0.63515625 0.79375 0.02421875 0.10234375
0 0.878125 0.05859375 0.015625 0.046875
0 0.0421875 0.3375 0.01953125 0.0734375
0 0.3078125 0.55546875 0.0203125 0.07578125
0 0.24140625 0.12109375 0.0125 0.05
0 0.48671875 0.32890625 0.01640625 0.05
0 0.334375 0.57890625 0.02421875 0.05859375
0 0.19375 0.34375 0.015625 0.05546875
0 0.884375 0.54375 0.0203125 0.0875
0 0.63125 0.32734375 0.01640625 0.0640625
0 0.46875 0.57890625 0.02265625 0.07578125
0 0.15546875 0.12265625 0.015625 0.05859375
0 0.584375 0.115625 0.0125 0.04375
0 0.57578125 0.26484375 0.01640625 0.05546875
0 0.5625 0.0265625 0.01484375 0.05234375
0 0.83046875 0.6328125 0.02421875 0.096875
0 0.33515625 0.5203125 0.0203125 0.05234375
0 0.46015625 0.14453125 0.01484375 0.06171875
0 0.88046875 0.39609375 0.01796875 0.0671875
0 0.16171875 0.953125 0.0421875 0.0875
0 0.7625 0.315625 0.01796875 0.05859375
0 0.9609375 0.2546875 0.01796875 0.05859375
0 0.50234375 0.14765625 0.01484375 0.05546875
0 0.115625 0.8125 0.03203125 0.10546875
0 0.834375 0.55 0.0203125 0.0703125
0 0.9328125 0.26171875 0.01640625 0.05546875
0 0.79296875 0.05078125 0.0140625 0.04375
0 0.82890625 0.18984375 0.01953125 0.0640625
0 0.29921875 0.30703125 0.01875 0.05859375
0 0.6734375 0.19921875 0.01640625 0.040625
0 0.75234375 0.16953125 0.01796875 0.046875
0 0.4484375 0.25546875 0.01640625 0.05
0 0.72421875 0.22109375 0.0140625 0.05546875
0 0.65546875 0.51328125 0.01953125 0.0734375
0 0.38046875 0.38046875 0.0203125 0.05859375
0 0.92265625 0.03515625 0.01640625 0.05234375
0 0.7828125 0.16796875 0.0140625 0.05
0 0.9703125 0.00859375 0.01640625 0.0171875
0 0.70703125 0.0640625 0.0125 0.046875
0 0.23515625 0.17421875 0.01484375 0.05546875
0 0.821875 0.071875 0.0125 0.05
0 0.48359375 0.08046875 0.0125 0.05
0 0.48515625 0.18984375 0.015625 0.0640625
0 0.54609375 0.725 0.0296875 0.0875
0 0.1484375 0.55 0.028125 0.0875
0 0.634375 0.21171875 0.01640625 0.05
0 0.8671875 0.4546875 0.01796875 0.0671875
0 0.6609375 0.14453125 0.015625 0.05546875
0 0.16953125 0.08046875 0.0125 0.06171875
0 0.75859375 0.5265625 0.01875 0.0640625
0 0.80859375 0.30078125 0.015625 0.07578125
0 0.12734375 0.01484375 0.01484375 0.02890625
0 0.334375 0.203125 0.0140625 0.03828125
0 0.86015625 0.24296875 0.015625 0.046875
0 0.76328125 0.37421875 0.01953125 0.05859375
0 0.809375 0.028125 0.0140625 0.05
0 0.77421875 0.021875 0.0125 0.03828125
0 0.625 0.028125 0.0125 0.04375
0 0.4609375 0.475 0.01640625 0.0734375
0 0.2875 0.93984375 0.03203125 0.10234375
0 0.72890625 0.73984375 0.02578125 0.08203125
0 0.35546875 0.30078125 0.01640625 0.05859375
0 0.396875 0.12109375 0.0140625 0.04375
0 0.8984375 0.0859375 0.01640625 0.06171875
0 0.45703125 0.00703125 0.0140625 0.0140625
0 0.3171875 0.0421875 0.0140625 0.04375
0 0.89375 0.19765625 0.015625 0.05
0 0.88515625 0.271875 0.01796875 0.05859375
0 0.5109375 0.07734375 0.0140625 0.0671875
0 0.61015625 0.41953125 0.01875 0.05546875
0 0.83515625 0.390625 0.01875 0.07890625
0 0.32890625 0.00703125 0.0140625 0.0140625
0 0.921875 0.1828125 0.01484375 0.05546875
0 0.8296875 0.315625 0.01796875 0.05234375
0 0.609375 0.028125 0.0125 0.05
0 0.50078125 0.8875 0.02578125 0.05
0 0.48671875 0.26328125 0.01640625 0.05859375
0 0.7328125 0.00859375 0.0140625 0.0171875
0 0.32890625 0.24296875 0.01640625 0.05859375
0 0.9015625 0.23515625 0.01796875 0.04375
0 0.3734375 0.315625 0.0140625 0.05859375
0 0.8125 0.2265625 0.0140625 0.04375
0 0.41015625 0.03671875 0.0125 0.05
0 0.921875 0.32890625 0.01484375 0.05546875
0 0.65625 0.0859375 0.01171875 0.04375
0 0.95234375 0.01875 0.0171875 0.0375
0 0.14296875 0.246875 0.01484375 0.05
0 0.3859375 0.246875 0.0125 0.05
0 0.178125 0.58046875 0.02265625 0.0734375
0 0.1546875 0.39609375 0.0203125 0.07890625
0 0.74765625 0.0421875 0.01484375 0.05546875
0 0.1015625 0.12265625 0.01640625 0.05234375
0 0.45703125 0.0484375 0.0140625 0.0671875
0 0.3734375 0.12421875 0.01171875 0.05
0 0.65703125 0.62578125 0.02421875 0.0703125
0 0.0625 0.21796875 0.015625 0.05546875
0 0.63046875 0.58515625 0.02265625 0.07578125
0 0.8375 0.08046875 0.0125 0.04375
0 0.33125 0.0484375 0.0125 0.03828125
0 0.2890625 0.01484375 0.015625 0.02890625
0 0.50234375 0.01328125 0.01640625 0.0265625
0 0.821875 0.12578125 0.0125 0.05859375
0 0.21953125 0.32890625 0.01640625 0.06171875
0 0.421875 0.57890625 0.01875 0.08203125
0 0.87109375 0.16796875 0.01484375 0.04375
0 0.18515625 0.10234375 0.01484375 0.05859375
0 0.19140625 0.18984375 0.015625 0.05234375
0 0.43671875 0.0859375 0.0125 0.05
0 0.61015625 0.07890625 0.01484375 0.05859375
0 0.47890625 0.12578125 0.01640625 0.046875
0 0.584375 0.21796875 0.01640625 0.05
0 0.6265625 0.071875 0.01640625 0.04375
0 0.70234375 0.01484375 0.0140625 0.02890625
0 0.26328125 0.153125 0.015625 0.04375
0 0.97421875 0.41640625 0.0203125 0.0734375
0 0.74921875 0.9546875 0.02578125 0.0734375
0 0.309375 0.228125 0.0140625 0.040625
0 0.3859375 0.1609375 0.0125 0.05234375
0 0.6953125 0.278125 0.01796875 0.05859375
0 0.1125 0.05078125 0.0125 0.04375
0 0.40703125 0.24296875 0.015625 0.05234375
0 0.3703125 0.00703125 0.0125 0.0140625
0 0.70859375 0.18984375 0.01484375 0.05859375
0 0.3546875 0.00703125 0.0125 0.0140625
0 0.49921875 0.8203125 0.0234375 0.06171875
0 0.47578125 0.028125 0.01171875 0.03828125
0 0.85546875 0.03671875 0.0140625 0.0734375
0 0.71640625 0.28515625 0.01875 0.0671875
0 0.9953125 0.2984375 0.0078125 0.05234375
0 0.39375 0.05859375 0.01171875 0.0640625
0 0.22421875 0.03359375 0.0125 0.04375
0 0.66796875 0.01875 0.0140625 0.0375
0 0.9625 0.5859375 0.02734375 0.1609375
0 0.9953125 0.19765625 0.0078125 0.0671875
0 0.63671875 0.14609375 0.0140625 0.046875
0 0.0453125 0.19765625 0.015625 0.05
0 0.1421875 0.6546875 0.021875 0.07578125
0 0.07890625 0.5265625 0.0296875 0.1171875
0 0.359375 0.04375 0.0140625 0.05859375
0 0.728125 0.0421875 0.0125 0.04375
0 0.30703125 0.00703125 0.0140625 0.0140625
0 0.71953125 0.1171875 0.0125 0.05859375
0 0.34375 0.021875 0.0140625 0.04375
0 0.76640625 0.1328125 0.01640625 0.05546875
0 0.90234375 0.34921875 0.0203125 0.0734375
0 0.57421875 0.45625 0.0203125 0.05234375
0 0.53046875 0.00859375 0.0140625 0.0171875
0 0.9265625 0.13125 0.0140625 0.05234375
0 0.20703125 0.09375 0.01171875 0.040625
0 0.5796875 0.16796875 0.01640625 0.05
0 0.3765625 0.05859375 0.0125 0.05859375
0 0.95625 0.1828125 0.01484375 0.04375
0 0.9703125 0.05859375 0.0140625 0.05859375
0 0.528125 0.03671875 0.01171875 0.04375
0 0.2046875 0.00703125 0.0125 0.0140625
0 0.275 0.0265625 0.01171875 0.040625
0 0.99375 0.359375 0.01015625 0.05234375
0 0.8078125 0.3890625 0.0203125 0.05859375
0 0.746875 0.12265625 0.0140625 0.05234375
0 0.753125 0.23984375 0.0140625 0.046875
0 0.51953125 0.14453125 0.015625 0.0671875
0 0.64453125 0.01484375 0.0125 0.02890625
0 0.4375 0.028125 0.01171875 0.03828125
0 0.84296875 0.12421875 0.01484375 0.05546875
0 0.3421875 0.0859375 0.0125 0.05
0 0.3859375 0.00859375 0.0125 0.0171875
0 0.49921875 0.94765625 0.034375 0.0875
0 0.321875 0.12109375 0.0140625 0.05
0 0.2375 0.0625 0.0125 0.04375
0 0.11875 0.10078125 0.015625 0.05
0 0.80859375 0.63046875 0.01796875 0.0671875
0 0.42734375 0.15234375 0.0140625 0.05859375
0 0.6890625 0.115625 0.0125 0.04375
0 0.2328125 0.75 0.02578125 0.08515625
0 0.13515625 0.115625 0.0125 0.04375
0 0.7171875 0.01484375 0.0140625 0.02890625
0 0.1703125 0.00703125 0.0125 0.0140625
0 0.00390625 0.23515625 0.0078125 0.0671875
0 0.80859375 0.09921875 0.0125 0.05859375
0 0.084375 0.040625 0.0140625 0.040625
0 0.171875 0.1328125 0.0140625 0.05
0 0.00390625 0.17421875 0.0078125 0.04375
0 0.93984375 0.18984375 0.01640625 0.05859375
0 0.7921875 0.01484375 0.0125 0.02890625
0 0.521875 0.228125 0.0140625 0.05859375
0 0.14609375 0.0625 0.0140625 0.04375
0 0.8375 0.03515625 0.0125 0.05234375
0 0.1984375 0.03671875 0.0140625 0.04375
0 0.7296875 0.5203125 0.01875 0.05859375
0 0.70234375 0.43984375 0.015625 0.0671875