0 0.45078125 0.7296875 0.03046875 0.0453125
0 0.125 0.01953125 0.02265625 0.03359375
0 0.0546875 0.24296875 0.02578125 0.03828125
0 0.46953125 0.4359375 0.02265625 0.0359375
0 0.39921875 0.603125 0.02578125 0.04296875
0 0.0828125 0.196875 0.02734375 0.03828125
0 0.50546875 0.84140625 0.03046875 0.04296875
0 0.50625 0.2875 0.02265625 0.0359375
0 0.48125 0.0921875 0.02421875 0.0359375
0 0.45546875 0.4859375 0.02578125 0.04296875
0 0.26953125 0.6609375 0.02890625 0.04296875
0 0.6125 0.4984375 0.02578125 0.0453125
0 0.40625 0.54296875 0.03046875 0.04296875
0 0.5546875 0.14765625 0.01953125 0.03125
0 0.759375 0.759375 0.02890625 0.04296875
0 0.5734375 0.77421875 0.02578125 0.04296875
0 0.29765625 0.79921875 0.02734375 0.0359375
0 0.0296875 0.80625 0.03046875 0.0453125
0 0.6109375 0.6296875 0.02578125 0.04296875
0 0.41796875 0.2875 0.02578125 0.0359375
0 0.15078125 0.93515625 0.03203125 0.0484375
0 0.69375 0.86796875 0.02890625 0.04296875
0 0.5203125 0.7546875 0.02734375 0.04296875
0 0.1234375 0.2359375 0.02578125 0.04296875
0 0.76015625 0.5296875 0.02421875 0.0359375
0 0.60078125 0.3734375 0.02265625 0.0359375
0 0.6984375 0.11171875 0.02265625 0.0359375
0 0.159375 0.33046875 0.02734375 0.040625
0 0.61171875 0.446875 0.02421875 0.03359375
0 0.36796875 0.48828125 0.02421875 0.04296875
0 0.1203125 0.45078125 0.02578125 0.040625
0 0.49375 0.1546875 0.02265625 0.0359375
0 0.5875 0.8484375 0.03046875 0.03828125
0 0.26328125 0.8921875 0.02734375 0.04296875
0 0.5375 0.4859375 0.02734375 0.04296875
0 0.18046875 0.15390625 0.02421875 0.03359375
0 0.67578125 0.73671875 0.02734375 0.040625
0 0.54296875 0.6671875 0.02578125 0.040625
0 0.65625 0.23671875 0.02421875 0.0359375
0 0.13671875 0.4109375 0.02421875 0.03828125
0 0.0796875 0.96015625 0.03671875 0.05078125
0 0.478125 0.6 0.02734375 0.0453125
0 0.025 0.19375 0.02734375 0.040625
0 0.08125 0.3921875 0.03046875 0.04296875
0 0.04375 0.103125 0.02421875 0.03359375
0 0.21015625 0.2125 0.02265625 0.0359375
0 0.2375 0.2546875 0.02578125 0.03828125
0 0.08671875 0.853125 0.03203125 0.0484375
0 0.3125 0.7171875 0.02578125 0.0359375
0 0.75546875 0.0875 0.01796875 0.03125
0 0.2703125 0.1875 0.02421875 0.03359375
0 0.915625 0.2921875 0.02109375 0.03125
0 0.9109375 0.39765625 0.02109375 0.03125
0 0.34921875 0.43515625 0.02578125 0.04296875
0 0.85390625 0.46640625 0.02265625 0.03359375
0 0.36328125 0.3375 0.02421875 0.040625
0 0.70078125 0.26171875 0.02421875 0.03359375
0 0.175 0.196875 0.02578125 0.03828125
0 0.60078125 0.21171875 0.02265625 0.03828125
0 0.24375 0.36171875 0.02578125 0.040625
0 0.66015625 0.96171875 0.03203125 0.04296875
0 0.61171875 0.13125 0.02109375 0.0359375
0 0.25078125 0.2171875 0.02421875 0.0359375
0 0.83125 0.81015625 0.03046875 0.04296875
0 0.696875 0.37890625 0.02265625 0.0359375
0 0.01171875 0.2734375 0.0234375 0.0375
0 0.9578125 0.6875 0.03046875 0.04296875
0 0.6734375 0.14296875 0.01953125 0.0359375
0 0.79296875 0.02265625 0.01953125 0.03125
0 0.21875 0.16015625 0.02421875 0.0359375
0 0.30546875 0.56640625 0.02421875 0.0359375
0 0.7625 0.31875 0.01953125 0.03125
0 0.73046875 0.33046875 0.01953125 0.03125
0 0.89296875 0.1546875 0.01953125 0.0359375
0 0.74296875 0.5921875 0.02421875 0.0359375
0 0.915625 0.5984375 0.02734375 0.03828125
0 0.9234375 0.2296875 0.01953125 0.03125
0 0.8171875 0.225 0.02265625 0.03125
0 0.17890625 0.10546875 0.02421875 0.03828125
0 0.7546875 0.00625 0.01953125 0.01171875
0 0.665625 0.196875 0.02109375 0.03359375
0 0.44765625 0.40625 0.02421875 0.03828125
0 0.4734375 0.17578125 0.02421875 0.03828125
0 0.98828125 0.51796875 0.02109375 0.0359375
0 0.9375 0.6296875 0.02890625 0.04296875
0 0.28671875 0.30546875 0.02578125 0.04296875
0 0.85546875 0.7859375 0.02578125 0.04296875
0 0.87421875 0.51171875 0.02421875 0.03828125
0 0.76953125 0.26171875 0.01953125 0.03359375
0 0.2453125 0.40625 0.02578125 0.04296875
0 0.3234375 0.34765625 0.02578125 0.040625
0 0.83125 0.5671875 0.02421875 0.03828125
0 0.91875 0.7796875 0.03046875 0.05078125
0 0.2859375 0.10546875 0.02421875 0.03828125
0 0.7796875 0.69140625 0.03046875 0.0453125
0 0.3625 0.02890625 0.01953125 0.03359375
0 0.30625 0.40390625 0.02890625 0.04296875
0 0.09453125 0.91796875 0.03203125 0.04296875
0 0.5625 0.571875 0.02890625 0.04296875
0 0.31796875 0.25 0.02421875 0.03828125
0 0.33046875 0.21875 0.02578125 0.03359375
0 0.39296875 0.35546875 0.02578125 0.04296875
0 0.440625 0.08671875 0.02265625 0.03828125
0 0.4109375 0.09765625 0.02421875 0.0359375
0 0.1671875 0.5796875 0.03046875 0.04296875
0 0.19453125 0.46875 0.03046875 0.04296875
0 0.89375 0.69140625 0.02421875 0.0359375
0 0.86171875 0.228125 0.02421875 0.03359375
0 0.4015625 0.1625 0.02421875 0.0359375
0 0.6609375 0.33046875 0.02421875 0.0359375
0 0.15546875 0.15625 0.02578125 0.03359375
0 0.38828125 0.02265625 0.01796875 0.03125
0 0.2234375 0.52265625 0.03046875 0.040625
0 0.03515625 0.9359375 0.03515625 0.05078125
0 0.19296875 0.36875 0.02421875 0.0359375
0 0.2484375 0.11875 0.02265625 0.0359375
0 0.04921875 0.64921875 0.03046875 0.04296875
0 0.8046875 0.85546875 0.03203125 0.04296875
0 0.0921875 0.1296875 0.02421875 0.03828125
0 0.58515625 0.040625 0.02265625 0.03359375
0 0.3546875 0.6296875 0.03046875 0.04296875
0 0.79140625 0.49296875 0.02578125 0.03359375
0 0.1359375 0.66796875 0.02578125 0.03828125
0 0.853125 0.4234375 0.02109375 0.03359375
0 0.3984375 0.76328125 0.02734375 0.040625
0 0.33046875 0.09765625 0.01953125 0.03125
0 0.85078125 0.18046875 0.01953125 0.03359375
0 0.6671875 0.009375 0.01875 0.01875
0 0.8640625 0.6921875 0.02890625 0.04296875
0 0.39921875 0.21875 0.01953125 0.03359375
0 0.31328125 0.13828125 0.02109375 0.0359375
0 0.3953125 0.1234375 0.02109375 0.03125
0 0.41015625 0.82421875 0.02890625 0.04296875
0 0.78203125 0.1671875 0.01953125 0.03125
0 0.50546875 0.23671875 0.02421875 0.03125
0 0.91796875 0.86171875 0.03203125 0.05078125
0 0.86171875 0.3546875 0.02109375 0.03125
0 0.6765625 0.79921875 0.02890625 0.040625
0 0.74765625 0.21015625 0.02109375 0.03125
0 0.65625 0.54921875 0.02109375 0.03125
0 0.6046875 0.2484375 0.02421875 0.03125
0 0.46328125 0.00625 0.01953125 0.01171875
0 0.84296875 0.625 0.02578125 0.04296875
0 0.5375 0.18125 0.02109375 0.03125
0 0.31171875 0.525 0.02421875 0.0359375
0 0.20546875 0.43046875 0.02578125 0.04296875
0 0.4625 0.3421875 0.03046875 0.0453125
0 0.42578125 0.2234375 0.02421875 0.03828125
0 0.8328125 0.9421875 0.03046875 0.04296875
0 0.49375 0.71171875 0.02578125 0.03828125
0 0.821875 0.0875 0.01953125 0.03125
0 0.8625 0.5796875 0.02578125 0.03828125
0 0.75703125 0.4125 0.02109375 0.03125
0 0.2734375 0.01796875 0.02109375 0.03125
0 0.2375 0.5796875 0.02578125 0.03828125
0 0.0609375 0.89453125 0.02578125 0.0484375
0 0.65703125 0.64921875 0.02578125 0.04296875
0 0.21171875 0.26328125 0.02578125 0.0359375
0 0.3796875 0.234375 0.02265625 0.0359375
0 0.63125 0.96640625 0.02265625 0.03828125
0 0.2921875 0.16796875 0.02109375 0.02890625
0 0.3546875 0.14453125 0.02109375 0.03359375
0 0.5359375 0.1046875 0.02421875 0.03125
0 0.84296875 0.4984375 0.02578125 0.0359375
0 0.8796875 0.08671875 0.01953125 0.03359375
0 0.95390625 0.1921875 0.01953125 0.02890625
0 0.53203125 0.36796875 0.02265625 0.04296875
0 0.66875 0.41015625 0.02109375 0.03125
0 0.00546875 0.46171875 0.0109375 0.04296875
0 0.49375 0.00703125 0.01953125 0.0140625
0 0.93515625 0.08515625 0.02421875 0.03125
0 0.50703125 0.3484375 0.02421875 0.04296875
0 0.77578125 0.00625 0.01953125 0.01171875
0 0.9734375 0.296875 0.02421875 0.03125
0 0.9234375 0.3484375 0.01953125 0.03359375
0 0.65546875 0.36171875 0.02578125 0.0359375
0 0.84453125 0.27265625 0.01953125 0.03125
0 0.46328125 0.1359375 0.02265625 0.0359375
0 0.35078125 0.86171875 0.02578125 0.0359375
0 0.7984375 0.45546875 0.02578125 0.0359375
0 0.77578125 0.625 0.03203125 0.04296875
0 0.30390625 0.0796875 0.02109375 0.02890625
0 0.79296875 0.2296875 0.01953125 0.03125
0 0.3234375 0.05390625 0.01953125 0.03125
0 0.5734375 0.2875 0.01953125 0.03125
0 0.5296875 0.4421875 0.02734375 0.03828125
0 0.01875 0.00625 0.02109375 0.01171875
0 0.36796875 0.29921875 0.02421875 0.03125
0 0.21953125 0.66796875 0.02890625 0.04296875
0 0.03125 0.38671875 0.02421875 0.03828125
0 0.8390625 0.00625 0.02109375 0.01171875
0 0.93125 0.12265625 0.01953125 0.03359375
0 0.5734375 0.4859375 0.02265625 0.04296875
0 0.8046875 0.990625 0.03203125 0.0140625
0 0.2921875 0.02265625 0.02109375 0.03125
0 0.56796875 0.06875 0.01796875 0.03125
0 0.6421875 0.14296875 0.02421875 0.0359375
0 0.00546875 0.08515625 0.0109375 0.03125
0 0.59921875 0.28515625 0.02578125 0.0359375
0 0.1109375 0.99140625 0.03203125 0.01171875
0 0.09296875 0.33203125 0.02578125 0.03828125
0 0.83203125 0.196875 0.01953125 0.02890625
0 0.85078125 0.134375 0.02265625 0.03359375
0 0.99296875 0.11875 0.0109375 0.0265625
0 0.0734375 0.4375 0.02890625 0.04296875
0 0.0578125 0.13125 0.02265625 0.03125
0 0.09921875 0.52421875 0.02578125 0.04296875
0 0.85625 0.31015625 0.02109375 0.03359375
0 0.63125 0.42890625 0.01953125 0.03125
0 0.81171875 0.51953125 0.02421875 0.03828125
0 0.75546875 0.99140625 0.02421875 0.01171875
0 0.98125 0.2546875 0.01796875 0.02421875
0 0.39765625 0.39453125 0.02890625 0.03828125
0 0.82421875 0.6734375 0.02421875 0.03359375
0 0.11640625 0.0609375 0.02109375 0.0359375
0 0.11796875 0.125 0.02421875 0.02890625
0 0.55546875 0.31875 0.02421875 0.0359375
0 0.175 0.76328125 0.02578125 0.0359375
0 0.66640625 0.99140625 0.02890625 0.01171875
0 0.2484375 0.06875 0.01953125 0.03125
0 0.4171875 0.00625 0.01796875 0.01171875
0 0.67578125 0.46015625 0.02109375 0.0359375
0 0.00546875 0.62265625 0.0109375 0.03828125
0 0.446875 0.1625 0.02265625 0.0359375
0 0.66796875 0.1 0.01953125 0.03125
0 0.190625 0.29296875 0.02578125 0.03828125
0 0.0109375 0.37421875 0.021875 0.0421875
0 0.71796875 0.00625 0.01953125 0.01171875
0 0.9046875 0.6421875 0.03046875 0.03828125
0 0.11015625 0.725 0.03046875 0.040625
0 0.975 0.76171875 0.02734375 0.04296875
0 0.9796875 0.11875 0.01796875 0.03125
0 0.9921875 0.86640625 0.0125 0.0359375
0 0.78125 0.375 0.02421875 0.03359375