0 0.4015625 0.525 0.021875 0.03671875
0 0.44375 0.44140625 0.01953125 0.03125
0 0.7671875 0.34765625 0.0140625 0.0234375
0 0.5078125 0.4421875 0.021875 0.0328125
0 0.13359375 0.5375 0.03046875 0.04453125
0 0.1203125 0.2796875 0.0140625 0.0234375
0 0.95546875 0.31953125 0.01484375 0.021875
0 0.0078125 0.3453125 0.015625 0.02578125
0 0.0890625 0.35703125 0.01953125 0.02890625
0 0.52109375 0.296875 0.01484375 0.0234375
0 0.0234375 0.44375 0.0234375 0.03671875
0 0.525 0.35546875 0.01875 0.02578125
0 0.6203125 0.20703125 0.01171875 0.015625
0 0.45 0.53203125 0.0203125 0.03515625
0 0.30625 0.1921875 0.0125 0.0171875
0 0.43046875 0.6734375 0.0265625 0.04296875
0 0.31875 0.5234375 0.02265625 0.03671875
0 0.5859375 0.221875 0.01171875 0.01953125
0 0.41875 0.21953125 0.0125 0.0171875
0 0.5125 0.38671875 0.01640625 0.03125
0 0.12421875 0.3546875 0.0171875 0.02734375
0 0.17265625 0.52578125 0.0265625 0.04453125
0 0.190625 0.2203125 0.0140625 0.01796875
0 0.43046875 0.60390625 0.025 0.046875
0 0.17109375 0.23125 0.0125 0.01953125
0 0.0578125 0.490625 0.021875 0.03125
0 0.1546875 0.39765625 0.0171875 0.025
0 0.73671875 0.36328125 0.01484375 0.0234375
0 0.484375 0.63125 0.0234375 0.03671875
0 0.328125 0.21640625 0.01171875 0.01796875
0 0.33515625 0.1859375 0.009375 0.01796875
0 0.81953125 0.20625 0.01171875 0.0171875
0 0.721875 0.428125 0.01484375 0.0234375
0 0.5046875 0.57890625 0.02734375 0.0375
0 0.94140625 0.16953125 0.01171875 0.01796875
0 0.36875 0.228125 0.0140625 0.01953125
0 0.88359375 0.19375 0.01171875 0.01953125
0 0.396875 0.25546875 0.01171875 0.01796875
0 0.565625 0.19921875 0.0109375 0.01796875
0 0.93984375 0.20625 0.0125 0.0171875
0 0.446875 0.30390625 0.0140625 0.021875
0 0.953125 0.23515625 0.01171875 0.0171875
0 0.25078125 0.3109375 0.0140625 0.0234375
0 0.9453125 0.39140625 0.015625 0.021875
0 0.7546875 0.19765625 0.009375 0.015625
0 0.91875 0.22578125 0.0109375 0.0171875
0 0.47578125 0.1828125 0.01171875 0.0171875
0 0.3015625 0.34921875 0.0171875 0.02578125
0 0.240625 0.2171875 0.01171875 0.01796875
0 0.27890625 0.2890625 0.01484375 0.02109375
0 0.01484375 0.81640625 0.0296875 0.0546875
0 0.29609375 0.25078125 0.0125 0.01953125
0 0.34609375 0.25703125 0.0125 0.01953125
0 0.15703125 0.2453125 0.01171875 0.01953125
0 0.853125 0.1671875 0.0109375 0.0140625
0 0.415625 0.24375 0.0125 0.01953125
0 0.9328125 0.2671875 0.0125 0.01953125
0 0.8875 0.1609375 0.009375 0.0140625
0 0.53125 0.4 0.0171875 0.03125
0 0.86953125 0.14140625 0.00859375 0.01171875
0 0.13984375 0.25703125 0.0125 0.01953125
0 0.81875 0.14296875 0.00859375 0.01328125
0 0.8921875 0.13125 0.0078125 0.01171875
0 0.22265625 0.2328125 0.01171875 0.01953125
0 0.94453125 0.13203125 0.009375 0.0140625
0 0.4203125 0.28046875 0.009375 0.01953125
0 0.9296875 0.171875 0.009375 0.015625
0 0.91875 0.15625 0.00859375 0.01328125
0 0.8421875 0.24296875 0.0140625 0.0171875
0 0.253125 0.21015625 0.0109375 0.01953125
0 0.99453125 0.34921875 0.00859375 0.02109375
0 0.7453125 0.3875 0.01484375 0.01953125
0 0.34453125 0.4140625 0.02265625 0.03359375
0 0.66875 0.19296875 0.00859375 0.01328125
0 0.90390625 0.15703125 0.00859375 0.0140625
0 0.76484375 0.40625 0.01484375 0.02109375
0 0.98828125 0.16328125 0.0140625 0.01953125
0 0.503125 0.54140625 0.01640625 0.03125
0 0.3015625 0.30078125 0.0140625 0.01796875
0 0.71953125 0.18125 0.009375 0.0140625
0 0.74296875 0.19921875 0.0109375 0.01796875
0 0.84453125 0.15546875 0.00859375 0.01171875
0 0.86875 0.2140625 0.0125 0.0171875
0 0.91640625 0.18203125 0.0109375 0.015625
0 0.3328125 0.25625 0.01171875 0.01953125
0 0.78828125 0.16171875 0.009375 0.01328125
0 0.89609375 0.2171875 0.0109375 0.01796875
0 0.69296875 0.19453125 0.0109375 0.0140625
0 0.91875 0.1421875 0.00859375 0.01171875
0 0.6828125 0.18046875 0.009375 0.0140625
0 0.7078125 0.18125 0.00859375 0.01328125
0 0.096875 0.28828125 0.0125 0.021875
0 0.90234375 0.2546875 0.0140625 0.01953125
0 0.86484375 0.18125 0.0109375 0.0171875
0 0.72890625 0.16796875 0.0109375 0.01328125
0 0.9171875 0.13125 0.009375 0.01171875
0 0.51484375 0.3265625 0.01484375 0.02109375
0 0.73125 0.4859375 0.01484375 0.01953125
0 0.7671875 0.17890625 0.0109375 0.0140625
0 0.9046875 0.1421875 0.0078125 0.01171875
0 0.88125 0.1421875 0.00859375 0.01171875
0 0.36640625 0.6234375 0.0234375 0.03671875
0 0.9921875 0.11875 0.009375 0.01328125
0 0.8421875 0.17890625 0.009375 0.0140625
0 0.93125 0.1421875 0.00703125 0.01328125
0 0.975 0.125 0.00859375 0.01328125
0 0.8046875 0.1890625 0.01171875 0.01796875
0 0.9671875 0.10546875 0.00859375 0.01328125
0 0.76484375 0.375 0.0140625 0.0234375
0 0.8296875 0.14296875 0.0078125 0.01328125
0 0.46484375 0.19375 0.0140625 0.01875
0 0.4953125 0.1984375 0.01015625 0.02421875
0 0.53203125 0.14921875 0.01171875 0.01484375
0 0.5515625 0.203125 0.0140625 0.01640625
0 0.56171875 0.21875 0.0140625 0.0109375