0 0.825 0.57890625 0.0375 0.05078125
0 0.8875 0.6703125 0.0484375 0.05859375
0 0.90546875 0.06796875 0.01484375 0.0234375
0 0.66171875 0.20546875 0.0203125 0.03125
0 0.4453125 0.03515625 0.015625 0.0234375
0 0.97265625 0.18515625 0.02734375 0.0390625
0 0.69921875 0.13046875 0.01953125 0.03125
0 0.48515625 0.19375 0.021875 0.0296875
0 0.5515625 0.27265625 0.0234375 0.0328125
0 0.98359375 0.384375 0.03125 0.05859375
0 0.50234375 0.08203125 0.0125 0.0234375
0 0.4984375 0.221875 0.0234375 0.0296875
0 0.79609375 0.0734375 0.01640625 0.025
0 0.440625 0.209375 0.01875 0.02109375
0 0.825 0.06171875 0.01640625 0.025
0 0.4328125 0.09375 0.0140625 0.0234375
0 0.6546875 0.38515625 0.0234375 0.0390625
0 0.35625 0.1515625 0.0171875 0.02734375
0 0.45625 0.06171875 0.0140625 0.01953125
0 0.61484375 0.3515625 0.02265625 0.03359375
0 0.7625 0.49453125 0.03828125 0.0546875
0 0.51484375 0.2453125 0.0203125 0.0328125
0 0.66875 0.4296875 0.028125 0.0390625
0 0.88125 0.00625 0.0125 0.01171875
0 0.34765625 0.12578125 0.0140625 0.025
0 0.37421875 0.16875 0.01875 0.025
0 0.865625 0.00625 0.0125 0.01171875
0 0.63203125 0.3828125 0.021875 0.03671875
0 0.9171875 0.00546875 0.0140625 0.01015625
0 0.8453125 0.00625 0.0140625 0.01171875
0 0.85859375 0.0421875 0.0140625 0.01953125
0 0.8703125 0.021875 0.0140625 0.01796875