0 0.3046875 0.6765625 0.046875 0.04140625
0 0.54921875 0.72421875 0.04296875 0.04921875
0 0.403125 0.75390625 0.046875 0.0453125
0 0.425 0.54375 0.04140625 0.0359375
0 0.259375 0.784375 0.046875 0.059375
0 0.2734375 0.96953125 0.0578125 0.05703125
0 0.60234375 0.3515625 0.03046875 0.02734375
0 0.2125 0.96875 0.05546875 0.059375
0 0.35859375 0.496875 0.04296875 0.04140625
0 0.39609375 0.9703125 0.065625 0.05546875
0 0.4515625 0.50234375 0.03671875 0.0359375
0 0.56953125 0.3609375 0.03046875 0.0296875
0 0.55 0.29609375 0.02890625 0.0234375
0 0.3265625 0.5546875 0.04140625 0.04140625
0 0.478125 0.415625 0.03671875 0.0296875
0 0.9015625 0.3875 0.03671875 0.02734375
0 0.61796875 0.52734375 0.0453125 0.0359375
0 0.51640625 0.50078125 0.04296875 0.03359375
0 0.6875 0.54453125 0.03671875 0.0375
0 0.8453125 0.29765625 0.03046875 0.02578125
0 0.565625 0.4671875 0.03515625 0.0296875
0 0.4765625 0.59453125 0.04140625 0.03984375
0 0.50703125 0.3953125 0.02890625 0.02734375
0 0.49921875 0.55625 0.03671875 0.0375
0 0.46328125 0.765625 0.059375 0.04921875
0 0.38359375 0.5859375 0.04140625 0.03359375
0 0.6578125 0.35 0.03515625 0.0234375
0 0.96953125 0.51171875 0.04140625 0.03984375
0 0.92109375 0.28359375 0.03046875 0.021875
0 0.5265625 0.371875 0.03046875 0.0234375
0 0.51875 0.3390625 0.03046875 0.02578125
0 0.3984375 0.665625 0.0578125 0.04765625
0 0.78046875 0.25234375 0.025 0.021875
0 0.60234375 0.32109375 0.0265625 0.021875
0 0.665625 0.26953125 0.02890625 0.02578125
0 0.59921875 0.26796875 0.02890625 0.021875
0 0.653125 0.215625 0.025 0.015625
0 0.4578125 0.33671875 0.02890625 0.02578125
0 0.74453125 0.24765625 0.03046875 0.02578125
0 0.621875 0.66015625 0.0578125 0.04375
0 0.63046875 0.26484375 0.025 0.0234375
0 0.81484375 0.2328125 0.025 0.0234375
0 0.77421875 0.36953125 0.03671875 0.03125
0 0.70859375 0.29765625 0.0328125 0.02578125
0 0.640625 0.31640625 0.0328125 0.02734375
0 0.24921875 0.665625 0.04296875 0.03984375
0 0.61484375 0.73125 0.059375 0.04765625
0 0.96640625 0.25078125 0.03046875 0.0234375
0 0.6546875 0.48046875 0.04140625 0.03125
0 0.7484375 0.43671875 0.0390625 0.02734375
0 0.9171875 0.54921875 0.04296875 0.03984375
0 0.984375 0.31015625 0.0265625 0.02734375
0 0.69609375 0.23984375 0.025 0.021875
0 0.80703125 0.4546875 0.0453125 0.03125
0 0.69296875 0.15546875 0.02265625 0.0140625
0 0.92734375 0.1671875 0.01875 0.01796875
0 0.85390625 0.06484375 0.0203125 0.015625
0 0.18359375 0.715625 0.06796875 0.05546875
0 0.63359375 0.178125 0.0265625 0.01953125
0 0.88125 0.90703125 0.065625 0.059375
0 0.70859375 0.215625 0.025 0.015625
0 0.696875 0.334375 0.03046875 0.0234375
0 0.559375 0.6125 0.04296875 0.0359375
0 0.49453125 0.36875 0.02890625 0.021875
0 0.7609375 0.28671875 0.03515625 0.0234375
0 0.57265625 0.27734375 0.025 0.021875
0 0.93515625 0.1078125 0.01875 0.01796875
0 0.8078125 0.04140625 0.01875 0.01171875
0 0.1765625 0.66171875 0.0453125 0.03984375
0 0.49609375 0.71640625 0.05546875 0.04140625
0 0.64921875 0.24375 0.025 0.01796875
0 0.08515625 0.9734375 0.05546875 0.04921875
0 0.7515625 0.11953125 0.0203125 0.0140625
0 0.83125 0.06484375 0.025 0.015625
0 0.7734375 0.2125 0.02265625 0.01796875
0 0.6765625 0.19296875 0.03046875 0.01796875
0 0.77734375 0.1453125 0.02265625 0.0140625
0 0.79296875 0.23125 0.0203125 0.015625
0 0.53515625 0.11953125 0.02265625 0.021875
0 0.8453125 0.04375 0.01875 0.01171875
0 0.34296875 0.83671875 0.06171875 0.06953125
0 0.87265625 0.3015625 0.02890625 0.02578125
0 0.61015625 0.24296875 0.025 0.01953125
0 0.8015625 0.14453125 0.02265625 0.015625
0 0.86328125 0.04375 0.01875 0.01171875
0 0.8015625 0.09296875 0.01875 0.01171875
0 0.77734375 0.05703125 0.01875 0.01171875
0 0.8171875 0.015625 0.01640625 0.01171875
0 0.72890625 0.12265625 0.025 0.015625
0 0.78984375 0.08203125 0.01875 0.0140625
0 0.70859375 0.19765625 0.025 0.015625
0 0.73515625 0.1828125 0.025 0.01796875
0 0.87578125 0.2203125 0.0265625 0.01796875
0 0.975 0.39453125 0.03671875 0.02578125
0 0.709375 0.1796875 0.02265625 0.01171875
0 0.88515625 0.059375 0.0203125 0.015625
0 0.66015625 0.16015625 0.01875 0.015625
0 0.75390625 0.16015625 0.025 0.015625
0 0.734375 0.52890625 0.04296875 0.03359375
0 0.8375 0.12421875 0.025 0.015625
0 0.27109375 0.63515625 0.0453125 0.04140625
0 0.84296875 0.00625 0.01875 0.01171875
0 0.903125 0.04453125 0.01640625 0.0140625
0 0.9828125 0.05546875 0.01875 0.015625
0 0.6859375 0.378125 0.03671875 0.021875
0 0.4640625 0.29375 0.02890625 0.02578125
0 0.86640625 0.00625 0.01640625 0.01171875
0 0.6875 0.403125 0.03671875 0.0234375
0 0.7578125 0.178125 0.025 0.015625
0 0.80390625 0.29375 0.03046875 0.02578125
0 0.74609375 0.103125 0.02265625 0.015625
0 0.4640625 0.53828125 0.03671875 0.0375
0 0.634375 0.15546875 0.0203125 0.01796875
0 0.96328125 0.475 0.03671875 0.0296875
0 0.5125 0.25390625 0.03046875 0.02578125
0 0.7765625 0.11953125 0.0203125 0.0140625
0 0.81484375 0.11640625 0.025 0.01171875
0 0.1203125 0.8359375 0.046875 0.059375
0 0.85390625 0.01953125 0.0203125 0.01171875
0 0.7296875 0.1421875 0.02265625 0.01171875
0 0.78984375 0.19375 0.02265625 0.01953125
0 0.8421875 0.0328125 0.0203125 0.01015625
0 0.75234375 0.08203125 0.01875 0.0140625
0 0.98359375 0.1828125 0.025 0.021875
0 0.86328125 0.08671875 0.02265625 0.015625
0 0.45390625 0.3734375 0.0328125 0.02734375
0 0.60234375 0.3890625 0.04296875 0.03125
0 0.7296875 0.1640625 0.0265625 0.01953125
0 0.81640625 0.08125 0.01875 0.015625
0 0.31640625 0.51796875 0.03671875 0.0359375
0 0.74140625 0.2203125 0.025 0.01796875
0 0.97109375 0.11875 0.025 0.015625
0 0.7703125 0.10078125 0.0203125 0.01171875
0 0.71953125 0.23828125 0.01875 0.01796875
0 0.75703125 0.40625 0.04296875 0.02578125
0 0.96796875 0.07109375 0.01875 0.015625
0 0.07890625 0.640625 0.03515625 0.03984375
0 0.978125 0.20859375 0.01875 0.01796875
0 0.79453125 0.06484375 0.0203125 0.01171875
0 0.6703125 0.31796875 0.03046875 0.0234375
0 0.94375 0.1296875 0.01875 0.0140625
0 0.690625 0.103125 0.01875 0.01953125
0 0.99375 0.06640625 0.00859375 0.01796875
0 0.52890625 0.53359375 0.03046875 0.03125
0 0.6765625 0.22109375 0.0265625 0.015625
0 0.59375 0.29375 0.0328125 0.021875
0 0.79140625 0.1078125 0.02265625 0.0140625
0 0.48125 0.271875 0.0265625 0.021875