0 0.3328125 0.4015625 0.03515625 0.053125
0 0.07890625 0.525 0.040625 0.0625
0 0.01640625 0.4140625 0.0328125 0.04453125
0 0.75078125 0.36171875 0.03125 0.04921875
0 0.8015625 0.43671875 0.03125 0.05078125
0 0.73046875 0.74375 0.0546875 0.0859375
0 0.2453125 0.2890625 0.02265625 0.03671875
0 0.32890625 0.21640625 0.021875 0.03125
0 0.3421875 0.16171875 0.0171875 0.02578125
0 0.37734375 0.15546875 0.01875 0.025
0 0.62578125 0.40546875 0.0296875 0.04296875
0 0.4953125 0.1046875 0.015625 0.025
0 0.28828125 0.2203125 0.01953125 0.03125
0 0.76640625 0.0796875 0.015625 0.02109375
0 0.37890625 0.2671875 0.0234375 0.0390625
0 0.4359375 0.1640625 0.0171875 0.02890625
0 0.23125 0.20625 0.0171875 0.02734375
0 0.5203125 0.46171875 0.03984375 0.0640625
0 0.303125 0.28671875 0.02421875 0.0390625
0 0.4609375 0.14453125 0.0171875 0.02578125
0 0.38984375 0.1828125 0.0171875 0.02734375
0 0.41328125 0.1890625 0.0171875 0.02890625
0 0.1828125 0.440625 0.03046875 0.04296875
0 0.53359375 0.81328125 0.06171875 0.0953125
0 0.2078125 0.2921875 0.021875 0.0328125
0 0.32890625 0.05625 0.015625 0.0234375
0 0.31171875 0.16796875 0.01875 0.02578125
0 0.2796875 0.6421875 0.05 0.07421875
0 0.35625 0.2609375 0.01875 0.0296875
0 0.47265625 0.09921875 0.0171875 0.02578125
0 0.26953125 0.1421875 0.015625 0.025
0 0.34765625 0.11875 0.015625 0.0234375
0 0.19375 0.39375 0.0265625 0.03515625
0 0.62109375 0.04375 0.0140625 0.01953125
0 0.6140625 0.33828125 0.028125 0.04453125
0 0.06875 0.43046875 0.0359375 0.0484375
0 0.28828125 0.3484375 0.02734375 0.040625
0 0.1515625 0.23203125 0.0203125 0.03125
0 0.9625 0.45 0.0359375 0.0484375
0 0.12734375 0.321875 0.02421875 0.03515625
0 0.8140625 0.275 0.028125 0.040625
0 0.8609375 0.33828125 0.03515625 0.04921875
0 0.14140625 0.13203125 0.015625 0.025
0 0.48984375 0.0171875 0.0125 0.02109375
0 0.5171875 0.16875 0.0203125 0.0328125
0 0.28828125 0.43203125 0.0375 0.05234375
0 0.86328125 0.075 0.015625 0.025
0 0.52890625 0.01015625 0.0140625 0.0203125
0 0.43828125 0.12578125 0.01484375 0.025
0 0.31953125 0.103125 0.015625 0.021875
0 0.64765625 0.24375 0.021875 0.0296875
0 0.52421875 0.04453125 0.01484375 0.0234375
0 0.27109375 0.2078125 0.01484375 0.02734375
0 0.20859375 0.225 0.0203125 0.0296875
0 0.7359375 0.1859375 0.01953125 0.03125
0 0.1140625 0.26171875 0.0234375 0.03125
0 0.30546875 0.12421875 0.01640625 0.025
0 0.4171875 0.14296875 0.01484375 0.02578125
0 0.6515625 0.04140625 0.0140625 0.01796875
0 0.44140625 0.221875 0.021875 0.0328125
0 0.57109375 0.0203125 0.0140625 0.01953125
0 0.5734375 0.7125 0.0484375 0.08203125
0 0.5078125 0.01328125 0.0140625 0.0234375
0 0.03828125 0.25625 0.0234375 0.03671875
0 0.415625 0.43046875 0.034375 0.05078125
0 0.5890625 0.0953125 0.015625 0.02578125
0 0.63984375 0.296875 0.028125 0.03671875
0 0.67578125 0.04140625 0.015625 0.02109375
0 0.803125 0.18046875 0.0203125 0.0296875
0 0.20234375 0.06875 0.01484375 0.01953125
0 0.2515625 0.08203125 0.01484375 0.0234375
0 0.5703125 0.05546875 0.015625 0.025
0 0.50078125 0.053125 0.01484375 0.0234375
0 0.39375 0.0953125 0.01484375 0.02109375
0 0.4640625 0.284375 0.02421875 0.0375
0 0.32734375 0.0203125 0.0125 0.0171875
0 0.45234375 0.04765625 0.0125 0.025
0 0.25234375 0.03828125 0.0125 0.01953125
0 0.39609375 0.05390625 0.01484375 0.01953125
0 0.1171875 0.0421875 0.0140625 0.01953125
0 0.74296875 0.084375 0.0140625 0.02109375
0 0.2671875 0.06875 0.0140625 0.02109375
0 0.46953125 0.04921875 0.0140625 0.01796875
0 0.1453125 0.0140625 0.0140625 0.021875
0 0.22734375 0.0765625 0.0140625 0.02109375
0 0.58125 0.00625 0.0140625 0.01171875
0 0.52578125 0.08046875 0.01484375 0.02578125
0 0.54921875 0.0953125 0.01484375 0.0234375
0 0.60390625 0.00625 0.0140625 0.0125
0 0.19453125 0.0421875 0.01171875 0.0171875
0 0.70859375 0.04296875 0.01484375 0.01796875
0 0.21953125 0.56875 0.0453125 0.06015625
0 0.37578125 0.1203125 0.01484375 0.021875
0 0.68828125 0.0875 0.01484375 0.021875
0 0.6328125 0.06640625 0.015625 0.0234375
0 0.5890625 0.06640625 0.01640625 0.0234375
0 0.0890625 0.08125 0.01484375 0.01953125
0 0.9390625 0.03515625 0.01640625 0.0234375
0 0.553125 0.00625 0.01171875 0.01171875
0 0.38125 0.0171875 0.0125 0.01953125
0 0.10078125 0.16875 0.0171875 0.025
0 0.28203125 0.0765625 0.0140625 0.01953125
0 0.7109375 0.0953125 0.015625 0.0234375
0 0.2078125 0.04296875 0.01171875 0.01796875
0 0.42890625 0.025 0.0140625 0.0171875
0 0.978125 0.01328125 0.0140625 0.0234375
0 0.5828125 0.2578125 0.01953125 0.02890625
0 0.1515625 0.09140625 0.015625 0.02109375
0 0.1546875 0.28125 0.0234375 0.03671875
0 0.7140625 0.1421875 0.015625 0.025
0 0.15703125 0.03203125 0.0140625 0.01953125
0 0.81640625 0.32421875 0.03125 0.04453125
0 0.70625 0.17265625 0.0171875 0.025
0 0.296875 0.1046875 0.0140625 0.01953125
0 0.60859375 0.03125 0.0125 0.01796875
0 0.46171875 0.009375 0.0140625 0.01875
0 0.5375 0.378125 0.0375 0.053125
0 0.18828125 0.06171875 0.0140625 0.01953125
0 0.221875 0.15 0.01640625 0.01953125
0 0.36796875 0.00703125 0.0125 0.0140625
0 0.69453125 0.0390625 0.0140625 0.02109375
0 0.28046875 0.0171875 0.0125 0.01953125
0 0.14140625 0.06875 0.015625 0.01953125
0 0.45234375 0.103125 0.015625 0.021875
0 0.584375 0.04296875 0.0125 0.0234375
0 0.634375 0.00625 0.0125 0.01171875
0 0.6 0.24375 0.0203125 0.03125
0 0.40703125 0.11640625 0.01484375 0.025
0 0.728125 0.08203125 0.0140625 0.02109375
0 0.22265625 0.0296875 0.0140625 0.02109375
0 0.78984375 0.07890625 0.0140625 0.01953125
0 0.58203125 0.42578125 0.02734375 0.04453125
0 0.38984375 0.13203125 0.015625 0.021875
0 0.35625 0.01796875 0.01171875 0.01796875
0 0.43828125 0.3640625 0.0296875 0.040625
0 0.1546875 0.0515625 0.01484375 0.01953125
0 0.56875 0.0046875 0.01171875 0.009375
0 0.12734375 0.025 0.0125 0.01953125
0 0.2484375 0.19296875 0.01953125 0.02578125
0 0.5171875 0.21640625 0.01953125 0.03125
0 0.70703125 0.00625 0.0140625 0.0125
0 0.8046875 0.00546875 0.0140625 0.01015625
0 0.696875 0.01953125 0.0140625 0.02109375
0 0.5921875 0.0171875 0.0125 0.0171875
0 0.40703125 0.0390625 0.01171875 0.01796875
0 0.23359375 0.0578125 0.0125 0.01953125
0 0.1046875 0.0984375 0.01484375 0.021875
0 0.453125 0.025 0.01171875 0.01796875