0 0.5515625 0.51796875 0.0375 0.05703125
0 0.1109375 0.5015625 0.0328125 0.04140625
0 0.83671875 0.1625 0.0359375 0.0546875
0 0.8703125 0.1453125 0.0296875 0.0484375
0 0.48984375 0.11953125 0.0203125 0.03125
0 0.2625 0.3765625 0.025 0.03359375
0 0.47890625 0.3609375 0.034375 0.0484375
0 0.8015625 0.11875 0.025 0.04296875
0 0.16015625 0.45625 0.0328125 0.0484375
0 0.540625 0.21171875 0.02265625 0.0375
0 0.290625 0.33671875 0.0234375 0.0328125
0 0.2359375 0.81640625 0.0453125 0.0625
0 0.65 0.27890625 0.04375 0.0625
0 0.621875 0.63671875 0.05 0.06796875
0 0.6671875 0.07421875 0.0234375 0.03671875
0 0.31875 0.3 0.02265625 0.0328125
0 0.37421875 0.8296875 0.05 0.0703125
0 0.73984375 0.18125 0.03828125 0.04921875
0 0.503125 0.5625 0.0421875 0.05703125
0 0.31640625 0.66640625 0.046875 0.0625
0 0.67734375 0.60625 0.065625 0.08203125
0 0.76875 0.06953125 0.02421875 0.0328125
0 0.4921875 0.71875 0.07421875 0.0859375
0 0.9203125 0.28125 0.04765625 0.06796875
0 0.36328125 0.59765625 0.0390625 0.04453125
0 0.571875 0.1546875 0.02265625 0.0328125
0 0.2765625 0.4671875 0.03046875 0.04453125
0 0.9640625 0.04375 0.034375 0.05078125
0 0.7625 0.2296875 0.03828125 0.05859375
0 0.634375 0.1453125 0.02421875 0.03515625
0 0.48359375 0.234375 0.02265625 0.03125
0 0.3078125 0.475 0.03046875 0.0375
0 0.540625 0.0953125 0.0203125 0.03125
0 0.046875 0.5015625 0.0484375 0.05703125
0 0.415625 0.3125 0.02265625 0.03125
0 0.12890625 0.9875 0.06640625 0.021875
0 0.3953125 0.2671875 0.0171875 0.0234375
0 0.21953125 0.40078125 0.0296875 0.03671875
0 0.0109375 0.2390625 0.021875 0.0484375
0 0.41015625 0.2171875 0.0234375 0.03671875
0 0.4640625 0.16796875 0.0234375 0.03125
0 0.75390625 0.03203125 0.025 0.0375
0 0.58359375 0.02578125 0.0203125 0.02578125
0 0.9640625 0.00625 0.025 0.01171875
0 0.54296875 0.2796875 0.03125 0.04140625
0 0.20625 0.44296875 0.03046875 0.04140625
0 0.359375 0.275 0.021875 0.02734375
0 0.509375 0.109375 0.01953125 0.03125
0 0.90703125 0.1421875 0.025 0.04296875
0 0.5796875 0.0546875 0.01953125 0.02890625
0 0.0546875 0.00625 0.0140625 0.01171875
0 0.25390625 0.98359375 0.071875 0.0296875
0 0.48515625 0.18828125 0.021875 0.0328125
0 0.79765625 0.08125 0.02734375 0.03515625
0 0.0171875 0.00546875 0.0140625 0.01015625
0 0.63984375 0.075 0.01953125 0.0296875
0 0.14765625 0.01796875 0.0140625 0.01796875
0 0.04609375 0.03046875 0.0109375 0.01953125
0 0.01484375 0.16328125 0.0171875 0.021875
0 0.01796875 0.0390625 0.0109375 0.01796875
0 0.65625 0.13125 0.0234375 0.0375
0 0.246875 0.44453125 0.0328125 0.0453125